624 0.571635 0.095407 0.332958
18305 0.071533 0.453016 0.475450
624 0.571752 0.330409 0.097839
15813 0.023350 0.528891 0.447759
620 0.036889 0.942046 0.021065
601 0.589542 0.162992 0.247466
15034 0.567600 0.333964 0.098436
15027 0.655307 0.181870 0.162823
13987 0.809452 0.174043 0.016505
18339 0.731714 0.179400 0.088886
778 0.248818 0.375883 0.375300
9675 0.935974 0.030721 0.033305
14151 0.352367 0.138963 0.508669
13258 0.378631 0.091247 0.530121
2002 0.436414 0.493656 0.069930
17294 0.386667 0.142325 0.471008
16109 0.188528 0.075892 0.735580
13134 0.259303 0.476059 0.264638
2023 0.219228 0.141775 0.638997
11053 0.000251 0.168744 0.831005
16276 0.688313 0.215256 0.096432
14073 0.189451 0.780032 0.030518
11058 0.086102 0.114625 0.799272
13941 0.131837 0.090672 0.777492
18248 0.294727 0.382234 0.323039
5425 0.822645 0.009603 0.167752
15844 0.171804 0.429797 0.398399
6243 0.565420 0.201710 0.232870
3767 0.344786 0.312303 0.342911
9921 0.009783 0.596701 0.393515
241 0.411742 0.254468 0.333790
6243 0.284834 0.023534 0.691632
171 0.664165 0.006149 0.329686
6022 0.033347 0.015777 0.950876
6002 0.027690 0.556230 0.416080
3792 0.570270 0.116190 0.313540
16600 0.002329 0.294485 0.703185
16005 0.348149 0.620563 0.031288
5777 0.841407 0.117011 0.041583
18940 0.352561 0.413022 0.234417
16497 0.794835 0.115572 0.089592
4842 0.145736 0.300448 0.553816
17374 0.034292 0.636182 0.329527
18882 0.171881 0.539126 0.288993
18907 0.920970 0.018343 0.060687
19129 0.945707 0.040984 0.013309
6244 0.110280 0.356445 0.533275
16807 0.297824 0.019063 0.683112
1378 0.709243 0.258015 0.032742
5534 0.011262 0.030748 0.957990
16807 0.220676 0.237331 0.541994
6244 0.123261 0.664783 0.211956
16337 1.000000 0.000000 0.000000
16541 0.264420 0.277410 0.458170
14100 0.012659 0.072817 0.914524
5574 0.687558 0.147779 0.164663
9773 0.687076 0.146842 0.166082
5573 0.153987 0.063116 0.782897
6241 0.178705 0.424827 0.396468
17536 0.573844 0.414813 0.011344
16500 0.012913 0.023057 0.964030
19113 0.101429 0.203177 0.695395
16566 0.112822 0.118106 0.769073
15984 0.281480 0.483018 0.235503
16231 0.233428 0.275761 0.490812
2420 0.228315 0.629045 0.142641
16231 0.414722 0.263206 0.322072
17432 0.832927 0.042780 0.124293
18736 0.752600 0.098704 0.148697
17390 0.135914 0.057589 0.806497
16822 0.752829 0.140894 0.106277
17663 0.293186 0.354861 0.351953
6133 0.268975 0.186496 0.544529
18827 0.333577 0.188457 0.477966
15069 0.181592 0.495592 0.322817
5191 0.265418 0.696983 0.037599
19004 0.042255 0.069465 0.888280
16591 0.084113 0.754764 0.161123
4893 0.319071 0.370240 0.310690
5612 0.750226 0.243700 0.006074
16552 0.694033 0.155105 0.150862
16757 0.401284 0.299196 0.299520
5253 0.028153 0.765480 0.206367
18731 0.142307 0.600152 0.257541
12916 0.074037 0.657921 0.268042
14650 0.073061 0.835243 0.091696
5660 0.813495 0.173921 0.012584
15176 0.080791 0.031174 0.888035
5329 0.990703 0.009297 0.000000
16978 0.701081 0.274999 0.023921
5610 0.596503 0.332951 0.070547
17001 0.055819 0.164661 0.779520
17542 0.779511 0.035321 0.185168
16759 0.250705 0.619614 0.129681
13961 0.172245 0.758718 0.069036
1432 0.343689 0.364157 0.292154
6796 0.022322 0.828029 0.149648
12885 0.609631 0.006421 0.383948
17450 0.575554 0.014171 0.410275
6012 0.028985 0.822890 0.148125
5530 0.105311 0.044787 0.849902
1425 0.309884 0.231203 0.458912
5639 0.506319 0.063299 0.430382
19101 0.095615 0.063089 0.841296
6249 0.372918 0.373666 0.253416
5530 0.564324 0.205175 0.230502
16211 0.774625 0.185494 0.039881
5579 0.223519 0.375717 0.400763
17362 0.073834 0.804562 0.121603
6252 0.364957 0.085743 0.549300
17667 0.001207 0.672869 0.325924
6041 0.310434 0.007043 0.682523
6120 0.241954 0.706622 0.051424
16181 0.608665 0.013494 0.377841
6119 0.255423 0.332773 0.411803
5570 0.035513 0.416347 0.548140
17400 0.607494 0.330486 0.062020
5622 0.257721 0.654931 0.087347
17023 0.428786 0.258164 0.313050
15518 0.640619 0.085487 0.273893
17482 0.511657 0.367742 0.120601
4752 0.637223 0.036570 0.326206
4750 0.120877 0.732318 0.146805
15987 0.067042 0.633396 0.299561
13265 0.752927 0.169998 0.077075
16851 0.637824 0.018940 0.343236
15437 0.206475 0.171146 0.622379
5916 0.402912 0.081337 0.515751
15440 0.336243 0.060737 0.603020
15476 0.223855 0.617882 0.158263
624 0.278145 0.469260 0.252595
18308 0.206837 0.226020 0.567144
624 0.000000 0.338605 0.661395
18305 0.825562 0.021840 0.152598
605 0.769004 0.132919 0.098077
605 0.558493 0.000000 0.441507
18305 0.362978 0.379101 0.257922
624 0.000000 0.242676 0.757324
604 0.881255 0.022739 0.096006
18305 0.012492 0.769118 0.218390
605 0.325491 0.082491 0.592019
18290 0.631349 0.296442 0.072209
15031 0.121815 0.031605 0.846580
10370 0.204483 0.660070 0.135447
19388 0.822180 0.036236 0.141583
624 0.143519 0.481062 0.375419
18305 0.727966 0.232188 0.039846
10369 0.586160 0.294803 0.119037
605 0.000000 0.665153 0.334847
10505 1.000000 0.000000 0.000000
13989 0.267647 0.098180 0.634172
15030 0.887648 0.061656 0.050696
13989 0.288781 0.408585 0.302633
620 0.052324 0.279881 0.667795
10214 0.139680 0.642509 0.217811
15032 0.748655 0.139965 0.111380
10204 0.033833 0.397693 0.568473
18287 0.424772 0.137073 0.438155
18287 0.569174 0.281885 0.148941
601 0.515349 0.135981 0.348670
601 0.289805 0.600962 0.109233
620 0.472443 0.266926 0.260631
18287 0.461247 0.229633 0.309120
18287 0.527207 0.253353 0.219440
620 0.215896 0.507174 0.276930
10204 0.482860 0.089003 0.428137
10202 0.413885 0.395182 0.190932
10204 0.777696 0.000000 0.222304
15034 0.448774 0.038711 0.512515
15034 0.261167 0.237356 0.501477
15034 0.075225 0.485229 0.439546
15027 0.309423 0.382192 0.308385
15034 0.060817 0.389340 0.549843
15034 0.154636 0.127815 0.717549
15027 0.102530 0.066266 0.831204
10198 0.102485 0.698756 0.198758
682 0.073865 0.152459 0.773676
771 0.231521 0.091584 0.676895
771 0.278201 0.564985 0.156814
776 0.183360 0.660935 0.155705
13988 0.219794 0.664369 0.115837
13988 0.021168 0.421551 0.557282
13987 0.099601 0.097892 0.802507
777 0.222617 0.111093 0.666290
776 0.897224 0.018894 0.083882
13993 0.574447 0.287285 0.138268
18208 0.030588 0.096221 0.873191
10214 0.263415 0.674163 0.062422
135 0.208995 0.257900 0.533104
13990 0.534359 0.133172 0.332469
622 0.235572 0.023666 0.740762
18203 0.372976 0.054349 0.572675
10220 0.576293 0.423707 0.000000
657 0.235997 0.065929 0.698074
651 0.603204 0.187228 0.209568
10218 0.793822 0.068685 0.137492
3908 0.286023 0.376829 0.337148
103 0.137743 0.286943 0.575314
134 0.799072 0.044372 0.156556
18268 0.311169 0.482756 0.206076
18337 0.130851 0.171200 0.697949
107 0.218236 0.397534 0.384230
770 0.847993 0.061153 0.090854
13997 0.614338 0.321786 0.063877
770 0.571852 0.262266 0.165882
778 0.592704 0.405658 0.001638
13994 0.500567 0.404910 0.094523
10233 0.424490 0.109060 0.466451
10233 0.053900 0.598089 0.348011
15060 0.460110 0.317487 0.222404
15969 0.117142 0.125882 0.756975
15969 0.104388 0.483735 0.411877
9778 0.010449 0.149508 0.840043
14180 0.155580 0.344687 0.499733
2467 0.112449 0.237534 0.650017
2467 0.844556 0.079947 0.075497
2458 0.395403 0.405848 0.198749
2452 0.000000 0.944932 0.055068
2626 0.011132 0.855405 0.133463
3532 0.231730 0.720927 0.047343
3531 0.427833 0.065424 0.506743
3614 0.214242 0.085949 0.699809
16963 0.569987 0.147124 0.282889
3111 0.069559 0.000434 0.930007
17044 0.692635 0.227530 0.079835
17044 0.058536 0.326222 0.615243
17046 0.351975 0.160133 0.487892
5960 0.753785 0.075056 0.171159
5960 0.523400 0.294130 0.182470
5960 0.285936 0.564684 0.149380
16196 0.633627 0.044835 0.321538
1994 0.406321 0.252604 0.341075
16196 0.072883 0.774186 0.152931
2001 0.102414 0.330381 0.567205
15715 0.390196 0.008567 0.601236
16206 0.482227 0.194762 0.323012
16950 0.486642 0.287714 0.225644
3567 0.144613 0.144154 0.711233
17293 0.637727 0.131078 0.231195
16951 0.895192 0.078682 0.026126
3547 0.588029 0.238365 0.173605
3854 0.177945 0.195978 0.626077
3854 0.288149 0.687097 0.024754
3855 0.377277 0.308840 0.313884
17292 0.154134 0.368319 0.477547
3855 0.130979 0.174956 0.694065
16109 0.829010 0.156488 0.014503
13047 0.306147 0.385111 0.308741
10413 0.310988 0.331336 0.357676
16101 0.055687 0.141523 0.802790
16099 0.853080 0.104571 0.042350
3040 0.108800 0.077052 0.814148
13135 0.163609 0.079848 0.756543
10483 0.658443 0.180431 0.161127
3040 0.621151 0.026948 0.351901
13135 0.227171 0.390466 0.382363
3040 0.108361 0.603472 0.288167
15564 0.079267 0.045394 0.875340
2038 0.767747 0.084727 0.147526
16094 0.472487 0.412291 0.115222
1841 0.666032 0.274352 0.059616
9905 0.074230 0.602117 0.323653
13037 0.129247 0.173759 0.696994
1841 0.344042 0.412297 0.243661
2023 0.036464 0.948126 0.015410
3817 0.431044 0.301362 0.267594
15530 0.496112 0.376400 0.127487
13942 0.394462 0.119567 0.485970
726 0.886985 0.038384 0.074631
3816 0.592181 0.010616 0.397204
11053 0.489549 0.001251 0.509199
15833 0.456351 0.294261 0.249388
14094 0.045431 0.340220 0.614349
14095 0.498612 0.191609 0.309779
15839 0.081092 0.581525 0.337383
14094 0.507121 0.191165 0.301714
16281 0.023412 0.839182 0.137406
2759 0.838121 0.006873 0.155006
2759 0.010187 0.479105 0.510708
13276 0.234266 0.425756 0.339978
2758 0.113825 0.877618 0.008557
4952 0.057663 0.237536 0.704800
16282 0.112107 0.879925 0.007968
15142 0.490244 0.497629 0.012127
15143 0.046760 0.067590 0.885649
16275 0.327603 0.053877 0.618521
15834 0.707266 0.140513 0.152220
463 0.049815 0.383865 0.566320
11069 0.134479 0.767473 0.098049
11058 0.086188 0.853783 0.060029
14096 0.024970 0.362425 0.612605
11058 0.640883 0.359117 0.000000
15842 0.892853 0.041698 0.065449
13747 0.361621 0.202272 0.436107
2603 0.585583 0.065139 0.349278
17133 0.314239 0.467417 0.218344
3716 0.125891 0.557324 0.316785
15837 0.608961 0.357184 0.033855
2595 0.425779 0.311074 0.263147
3716 0.821075 0.146666 0.032259
17132 0.287202 0.276815 0.435982
15876 0.591417 0.348243 0.060340
14075 0.251376 0.221577 0.527047
3632 0.452586 0.061439 0.485975
18256 0.409576 0.060520 0.529903
5427 1.000000 0.000000 0.000000
381 0.216779 0.341973 0.441248
176 0.328548 0.042198 0.629254
19036 0.150762 0.365638 0.483600
110 0.222268 0.157959 0.619774
173 0.657670 0.122624 0.219706
935 0.644248 0.136374 0.219378
17911 0.619633 0.040802 0.339564
238 0.305749 0.308246 0.386005
18932 0.305863 0.431800 0.262337
172 0.430558 0.051079 0.518363
14055 0.001411 0.290310 0.708279
443 0.810548 0.023074 0.166379
580 0.057104 0.147289 0.795607
6010 0.544279 0.403071 0.052650
5532 0.397065 0.475013 0.127922
16496 0.293115 0.231754 0.475131
16496 0.475404 0.449207 0.075389
16148 0.317274 0.139356 0.543370
16148 0.262895 0.251014 0.486091
6243 0.310578 0.179501 0.509921
5845 0.149918 0.374301 0.475780
17607 0.161387 0.135861 0.702752
17659 0.456932 0.379940 0.163128
17236 0.132412 0.069240 0.798348
17235 0.164648 0.562279 0.273073
3738 0.276472 0.136832 0.586696
3738 0.815675 0.041805 0.142519
5833 0.154838 0.390832 0.454330
3736 0.737660 0.157342 0.104998
17168 0.721856 0.086342 0.191803
16288 0.739136 0.092714 0.168150
6009 0.372445 0.412761 0.214794
5554 0.045848 0.728313 0.225839
4981 0.778492 0.066857 0.154651
15162 0.455089 0.156031 0.388880
15119 0.408576 0.272339 0.319084
16265 0.260502 0.280467 0.459030
18259 0.196149 0.326063 0.477788
18430 0.378505 0.199623 0.421872
186 0.258817 0.020220 0.720963
18185 0.134705 0.416189 0.449107
18217 0.120316 0.327976 0.551708
17943 0.048212 0.791484 0.160304
16496 0.213583 0.524781 0.261635
9899 0.568901 0.144449 0.286650
9899 0.027731 0.005489 0.966781
9900 0.207533 0.034981 0.757486
9903 0.509058 0.064678 0.426264
18245 0.021694 0.167513 0.810793
211 0.000000 0.728208 0.271792
941 0.149574 0.042553 0.807873
18954 0.255462 0.175174 0.569364
18953 0.026311 0.680075 0.293613
146 0.129578 0.522200 0.348223
10715 0.168261 0.629840 0.201899
6026 0.154619 0.565444 0.279937
16172 0.268472 0.456975 0.274553
16172 0.233071 0.224606 0.542323
16026 0.927144 0.054108 0.018748
16025 0.337773 0.090598 0.571629
9887 0.135721 0.754051 0.110228
16255 0.292914 0.504443 0.202643
16255 0.016133 0.934140 0.049727
5492 0.368877 0.255133 0.375989
17435 0.432276 0.170137 0.397587
17435 0.279017 0.344424 0.376560
6002 0.481329 0.310018 0.208653
16255 0.426091 0.238873 0.335036
17435 0.078775 0.860611 0.060614
16496 0.081439 0.777232 0.141330
17435 0.078373 0.295183 0.626443
17589 0.072923 0.410622 0.516455
17227 0.567363 0.022664 0.409974
3778 0.046553 0.100918 0.852530
5842 0.467660 0.125913 0.406427
5841 0.175893 0.486060 0.338047
15783 0.289785 0.148304 0.561911
17591 0.324914 0.265666 0.409420
17211 0.718914 0.213351 0.067736
3784 0.005820 0.961614 0.032566
10540 0.001337 0.552520 0.446144
16559 0.427988 0.524930 0.047083
16609 0.459815 0.512475 0.027710
13044 0.340276 0.221940 0.437784
16875 0.337616 0.501020 0.161365
4711 0.762403 0.109781 0.127816
9971 0.279836 0.075513 0.644651
10723 0.064906 0.467532 0.467561
16005 0.443990 0.394598 0.161412
16005 0.335256 0.302077 0.362668
16005 0.239404 0.244314 0.516282
16005 0.259687 0.692814 0.047499
6021 0.462112 0.425875 0.112012
16174 0.120189 0.446879 0.432932
16173 0.278761 0.639793 0.081446
5543 0.533370 0.270167 0.196463
16171 0.655844 0.045114 0.299042
5777 0.282089 0.631188 0.086723
17691 0.866255 0.036293 0.097451
5181 0.679924 0.107758 0.212318
18905 0.261676 0.604504 0.133819
18945 0.637185 0.271422 0.091393
19031 0.078371 0.231741 0.689887
18552 0.538804 0.284169 0.177028
89 0.579060 0.420189 0.000751
18939 0.827740 0.004602 0.167658
285 0.372338 0.289796 0.337867
5150 0.059183 0.424740 0.516078
16497 0.610812 0.192808 0.196380
6244 0.572560 0.211986 0.215455
6244 0.777610 0.172964 0.049426
6243 0.056773 0.820149 0.123078
6243 0.080371 0.555179 0.364451
16149 0.003466 0.059899 0.936635
4766 0.612799 0.140780 0.246422
16862 0.274487 0.577158 0.148355
4842 0.164238 0.670819 0.164944
5542 0.373881 0.626119 0.000000
4842 0.797472 0.068235 0.134293
10733 0.689004 0.081682 0.229314
10733 0.081130 0.495981 0.422889
16863 0.697016 0.015140 0.287845
16863 0.265905 0.460251 0.273844
17505 0.255307 0.171259 0.573434
17374 0.231405 0.564632 0.203963
17374 0.294283 0.010734 0.694982
17373 0.007296 0.694660 0.298043
17373 0.196952 0.412252 0.390796
17373 0.063943 0.137783 0.798274
5503 0.019255 0.104784 0.875960
18561 0.259980 0.105282 0.634738
18891 0.063288 0.101959 0.834752
5139 0.350545 0.080360 0.569095
19032 0.534088 0.180343 0.285569
18463 0.080367 0.173848 0.745785
18881 0.026722 0.693480 0.279797
223 0.698114 0.120455 0.181431
18431 0.689372 0.117953 0.192675
5175 0.012325 0.621008 0.366667
18885 1.000000 0.000000 0.000000
5396 0.168490 0.169937 0.661574
5240 0.403122 0.395415 0.201464
18944 0.346489 0.222408 0.431103
18592 0.117612 0.481765 0.400623
18744 0.036320 0.398228 0.565452
5192 0.879302 0.083896 0.036803
830 0.144643 0.639081 0.216276
19106 0.013728 0.843325 0.142947
1387 0.227647 0.246287 0.526066
18516 0.203523 0.729554 0.066924
19112 0.388654 0.237467 0.373879
797 0.658747 0.206494 0.134759
16497 0.109383 0.814854 0.075763
17372 0.087734 0.419528 0.492739
5505 0.310149 0.038897 0.650954
16497 0.381881 0.279495 0.338624
16497 0.135917 0.249236 0.614847
6244 0.364372 0.590416 0.045212
16807 0.479826 0.096019 0.424155
16804 0.020223 0.617723 0.362055
16804 0.128704 0.428721 0.442575
9927 0.248473 0.522895 0.228632
9927 0.256840 0.356606 0.386554
16804 0.296177 0.331834 0.371988
16806 0.583446 0.282072 0.134482
16806 0.056903 0.229665 0.713433
16807 0.204875 0.513611 0.281514
9927 0.376253 0.453274 0.170473
16588 0.246611 0.520115 0.233274
19124 0.322813 0.323967 0.353221
19131 0.052058 0.762594 0.185348
18475 0.142586 0.488419 0.368996
19107 0.151187 0.590266 0.258546
19335 0.530989 0.213490 0.255521
16863 0.019262 0.025174 0.955565
16864 0.717464 0.195008 0.087528
4891 0.882668 0.021383 0.095948
10720 0.004333 0.802089 0.193579
5534 0.052600 0.236398 0.711001
5534 0.130069 0.194640 0.675291
16008 0.031645 0.306605 0.661750
5505 0.441288 0.364352 0.194360
10724 0.109461 0.881684 0.008855
16806 0.350887 0.090896 0.558217
16807 0.147866 0.151764 0.700370
16807 0.083330 0.804002 0.112668
16807 0.184386 0.772200 0.043414
16494 0.231858 0.749709 0.018433
16269 0.389643 0.088687 0.521670
4987 0.522314 0.058323 0.419363
16271 0.146645 0.591383 0.261972
16337 0.193962 0.281838 0.524200
16269 0.186600 0.604479 0.208920
16337 0.502676 0.309273 0.188051
16541 0.223163 0.586754 0.190083
4976 0.383232 0.381461 0.235307
4976 0.666353 0.287910 0.045738
14989 0.784724 0.188910 0.026366
14100 0.212214 0.241172 0.546614
6247 0.019986 0.304665 0.675350
16501 0.051545 0.097274 0.851181
17387 0.153102 0.606505 0.240393
6247 0.294371 0.006350 0.699279
17418 0.629661 0.237571 0.132769
5574 0.490003 0.028596 0.481400
5574 0.480672 0.336889 0.182439
2571 0.187201 0.457044 0.355755
2572 0.274544 0.167701 0.557755
14973 0.145137 0.607352 0.247511
14975 0.081145 0.283367 0.635488
9766 0.094357 0.614649 0.290993
13836 0.028210 0.759374 0.212416
2570 0.530754 0.000000 0.469246
5573 0.173014 0.287830 0.539156
17417 0.257337 0.482700 0.259964
6162 0.502464 0.310939 0.186597
6162 0.093272 0.599284 0.307444
5776 0.171733 0.492320 0.335947
5776 0.134924 0.168420 0.696656
10724 0.444129 0.319948 0.235923
15984 0.578278 0.406101 0.015621
10724 0.231245 0.143248 0.625508
6183 0.811488 0.166435 0.022077
6183 0.493555 0.418258 0.088187
6183 0.236042 0.610260 0.153698
6241 0.586940 0.178999 0.234061
16494 0.466263 0.366631 0.167107
5586 0.475960 0.457873 0.066167
5586 0.884159 0.029091 0.086750
17536 0.452934 0.147526 0.399540
17536 0.092314 0.306823 0.600863
5586 0.380645 0.047074 0.572281
5586 0.265775 0.588140 0.146085
16500 0.121574 0.142129 0.736296
5634 0.099248 0.361310 0.539442
17381 0.232316 0.754156 0.013529
5635 0.233598 0.737984 0.028418
6248 0.011628 0.235410 0.752963
16501 0.256080 0.618742 0.125178
4845 0.748681 0.035099 0.216219
1371 0.015145 0.656478 0.328377
995 0.027749 0.957413 0.014837
17992 0.111428 0.185451 0.703120
1373 0.488506 0.496225 0.015269
43 0.126303 0.475293 0.398404
1419 0.604934 0.008258 0.386808
801 0.611421 0.317829 0.070750
19121 0.096815 0.898950 0.004235
16566 0.980499 0.012524 0.006977
19089 0.189328 0.048340 0.762332
1391 0.039889 0.018298 0.941812
15984 0.384129 0.183993 0.431878
15984 0.000115 0.039710 0.960175
15984 0.000000 0.651998 0.348002
16231 0.020839 0.146443 0.832719
16231 0.015924 0.259388 0.724688
16231 0.410016 0.138879 0.451105
16231 0.000000 0.307353 0.692647
5587 0.118376 0.183072 0.698552
5586 0.120384 0.594402 0.285214
14473 0.246732 0.524937 0.228332
2420 0.003017 0.070547 0.926435
2419 0.038487 0.460539 0.500974
14474 0.111655 0.748364 0.139981
17391 0.750551 0.029552 0.219897
14473 0.854731 0.104381 0.040888
14473 0.286773 0.152322 0.560905
16230 0.012373 0.567359 0.420268
16231 0.445217 0.381146 0.173637
16232 0.000000 0.396550 0.603450
5885 0.689030 0.284547 0.026424
5885 0.847490 0.049115 0.103395
5550 0.357136 0.478320 0.164544
17693 0.041447 0.605938 0.352615
17432 0.547982 0.263892 0.188126
5488 0.167021 0.223682 0.609297
5488 0.564854 0.203445 0.231701
5550 0.611076 0.134081 0.254842
5209 0.692295 0.093380 0.214325
896 0.380147 0.211796 0.408057
19022 0.163901 0.595757 0.240342
18012 0.701613 0.151195 0.147191
5643 0.375522 0.460019 0.164459
5643 0.049109 0.650317 0.300574
16499 0.010248 0.628270 0.361482
6258 0.456713 0.221725 0.321563
17390 0.367342 0.421024 0.211634
17390 0.756728 0.041893 0.201380
16822 0.314357 0.256262 0.429380
16822 0.217752 0.621560 0.160689
4928 0.703973 0.116253 0.179774
5659 0.095944 0.148626 0.755430
17509 0.011380 0.839817 0.148803
5658 0.167363 0.416563 0.416073
5806 0.226702 0.444472 0.328826
5806 0.212156 0.036152 0.751692
5811 0.221400 0.061724 0.716876
17663 0.230379 0.090799 0.678822
17446 0.337590 0.538256 0.124153
5527 0.592750 0.224820 0.182430
5613 0.269579 0.608309 0.122112
14339 0.315209 0.433499 0.251292
5399 0.772951 0.150420 0.076629
5399 0.127906 0.452013 0.420081
18827 0.347479 0.627213 0.025308
18903 0.193229 0.148640 0.658131
18903 0.606844 0.391097 0.002059
18652 0.024135 0.386338 0.589527
10264 0.150175 0.098012 0.751813
15114 0.334728 0.023676 0.641596
10285 0.259476 0.386590 0.353935
13965 0.072952 0.412220 0.514828
10291 0.219944 0.384791 0.395265
10264 0.078512 0.823891 0.097597
5133 0.290684 0.306626 0.402689
5134 0.110387 0.679377 0.210236
18676 0.700043 0.213847 0.086110
18614 0.294615 0.316034 0.389352
18968 0.072857 0.597936 0.329208
5199 0.463380 0.145153 0.391467
19007 0.494635 0.190914 0.314451
18774 0.707274 0.242896 0.049830
18750 0.100524 0.882133 0.017343
18484 0.271892 0.116085 0.612023
5139 0.092288 0.851091 0.056621
18805 0.077677 0.349545 0.572779
5127 0.071531 0.043185 0.885283
1640 0.368004 0.009042 0.622953
13652 0.550499 0.156912 0.292589
15272 0.929641 0.037361 0.032999
1642 0.408540 0.567297 0.024163
16882 0.044477 0.108027 0.847496
16591 0.714705 0.116780 0.168515
14644 0.243548 0.131934 0.624518
4782 0.045546 0.651288 0.303166
15175 0.410599 0.067502 0.521899
14647 0.236922 0.726189 0.036889
15174 0.246385 0.243635 0.509979
1296 0.165518 0.834482 0.000000
5271 0.282037 0.094459 0.623504
18542 0.125690 0.865298 0.009012
1466 0.000000 0.273489 0.726511
16723 1.000000 0.000000 0.000000
324 0.570212 0.000000 0.429788
4893 0.178908 0.435366 0.385727
4893 0.231129 0.484534 0.284337
4893 0.390359 0.373253 0.236387
4893 0.599175 0.233808 0.167017
4893 0.228380 0.337893 0.433726
14338 0.088696 0.145944 0.765361
2413 0.796242 0.180576 0.023182
17460 0.010083 0.289850 0.700068
5590 0.049804 0.606555 0.343641
2414 0.276692 0.021163 0.702146
5591 0.620712 0.148356 0.230933
17541 0.037796 0.464922 0.497282
17540 0.578279 0.386724 0.034998
12987 0.170349 0.357892 0.471758
4861 0.063059 0.148454 0.788487
1809 0.796193 0.202372 0.001435
13059 0.103684 0.150250 0.746067
16606 0.651950 0.008435 0.339615
1809 0.258339 0.084208 0.657453
17554 0.225836 0.477885 0.296279
17554 0.128321 0.807999 0.063680
5653 0.200540 0.283850 0.515611
16757 0.076942 0.817501 0.105557
4991 0.544006 0.329834 0.126160
5038 0.052230 0.494242 0.453528
17554 0.381077 0.195782 0.423141
4893 0.454923 0.268047 0.277030
4893 0.253761 0.151779 0.594461
4892 0.205234 0.529508 0.265257
4892 0.120581 0.383983 0.495436
16866 0.745589 0.189421 0.064990
16866 0.694766 0.220127 0.085107
16866 0.491217 0.276723 0.232060
5119 0.725098 0.051287 0.223615
5255 0.112720 0.133488 0.753792
5187 0.550043 0.199994 0.249963
5161 0.124891 0.709361 0.165748
16381 0.482288 0.153490 0.364222
16378 0.173842 0.175231 0.650927
18920 0.213105 0.167589 0.619305
16421 0.345315 0.501781 0.152904
6074 0.571350 0.077630 0.351020
16422 0.673966 0.313574 0.012460
19025 0.980042 0.014298 0.005660
328 0.277084 0.502680 0.220236
898 0.134495 0.448685 0.416820
5221 0.322682 0.053590 0.623727
19344 0.849735 0.064285 0.085980
18734 0.144494 0.607232 0.248274
12889 0.787238 0.164865 0.047897
12966 0.565305 0.250276 0.184419
1824 0.656235 0.160155 0.183610
6170 0.218090 0.666081 0.115830
12923 0.422753 0.393630 0.183617
14649 0.517432 0.199064 0.283504
9957 0.011585 0.182531 0.805884
5660 0.683806 0.050476 0.265718
5660 0.198654 0.502959 0.298387
17511 0.084719 0.425332 0.489949
17402 0.091331 0.809605 0.099063
5509 0.177326 0.684298 0.138375
5508 0.105194 0.278084 0.616723
14647 0.391706 0.048989 0.559306
9953 0.918513 0.064499 0.016988
9954 0.793848 0.029177 0.176974
15176 0.738554 0.133519 0.127927
9956 0.230584 0.521940 0.247476
837 0.943228 0.056772 0.000000
19338 0.154973 0.042842 0.802185
18852 0.323249 0.285448 0.391303
1460 0.538105 0.189347 0.272548
1189 0.693757 0.297843 0.008400
19097 0.017618 0.764201 0.218181
5994 0.339246 0.522868 0.137886
16323 0.298600 0.326559 0.374841
12907 0.512428 0.183023 0.304549
16523 0.014946 0.830910 0.154144
2412 0.525982 0.163023 0.310996
14336 0.054707 0.919045 0.026248
14335 0.019892 0.183551 0.796557
5609 0.129901 0.338597 0.531502
17459 0.876575 0.103015 0.020410
6176 0.042584 0.452210 0.505206
16991 0.069134 0.023474 0.907392
16991 0.458351 0.465211 0.076439
6198 0.063088 0.433144 0.503768
6199 0.169206 0.778288 0.052506
17022 0.195023 0.142290 0.662687
3594 0.543022 0.256045 0.200933
6178 0.337312 0.546643 0.116045
3559 0.049218 0.749903 0.200879
4926 0.680890 0.025580 0.293530
16832 0.120637 0.671353 0.208010
17544 0.609013 0.070212 0.320774
5662 0.059280 0.444291 0.496429
5661 0.047248 0.756637 0.196116
5661 0.287123 0.065472 0.647406
5670 0.582110 0.265506 0.152384
14914 0.137083 0.114992 0.747925
9983 0.077588 0.664040 0.258372
16758 0.545536 0.111638 0.342826
5670 0.043631 0.798208 0.158161
9940 0.870335 0.058143 0.071523
6138 0.218898 0.213574 0.567528
13961 0.171936 0.216534 0.611531
15792 0.653196 0.346159 0.000646
10582 0.244254 0.699713 0.056033
14947 0.597389 0.361138 0.041473
13961 0.797641 0.074974 0.127385
14947 0.274322 0.007539 0.718138
1437 0.494545 0.288016 0.217438
5328 0.395136 0.105797 0.499067
5319 0.280729 0.537391 0.181880
19174 0.053993 0.418993 0.527014
19179 0.054296 0.510176 0.435528
18219 0.277134 0.354521 0.368345
2699 0.443350 0.035444 0.521206
2699 0.495252 0.362073 0.142675
14371 0.054149 0.811844 0.134007
2558 0.011579 0.105063 0.883358
2620 0.315161 0.559223 0.125616
6796 0.255446 0.696597 0.047957
13845 0.265130 0.244717 0.490154
13845 0.008234 0.100829 0.890937
2695 0.355402 0.545554 0.099043
2674 0.390205 0.204279 0.405516
14373 0.355482 0.368855 0.275663
2591 0.267837 0.173948 0.558216
12885 0.312980 0.521064 0.165956
2863 0.807169 0.097094 0.095736
2863 0.003456 0.866939 0.129606
3534 0.761813 0.063396 0.174791
12886 0.449943 0.320642 0.229415
12901 0.232460 0.032698 0.734841
2637 0.656252 0.027338 0.316411
5977 0.328867 0.018521 0.652612
2559 0.117986 0.816880 0.065134
13853 0.063170 0.115114 0.821716
17405 0.618300 0.105307 0.276393
5486 0.188069 0.698404 0.113527
5556 0.163242 0.258233 0.578525
5804 0.158088 0.832298 0.009615
5804 0.240739 0.088551 0.670710
17404 0.137906 0.624440 0.237654
5485 0.447525 0.414789 0.137686
17706 0.148486 0.485252 0.366263
17450 0.011823 0.506191 0.481986
5555 0.124752 0.402225 0.473023
5937 0.063556 0.622924 0.313519
16486 0.672631 0.183713 0.143657
16486 0.007432 0.152972 0.839596
16316 0.445827 0.108163 0.446011
16316 0.093537 0.189521 0.716942
5936 0.020490 0.588824 0.390686
16485 0.628885 0.297683 0.073432
16315 0.285666 0.128811 0.585523
6011 0.533516 0.380968 0.085516
13848 0.331482 0.064534 0.603984
5530 0.115517 0.841091 0.043393
5530 0.283125 0.165161 0.551714
5484 0.570645 0.313263 0.116092
17403 0.544521 0.382659 0.072820
155 0.000000 0.535977 0.464023
157 0.155429 0.328763 0.515808
19170 0.771873 0.108291 0.119836
1429 0.694327 0.242061 0.063612
5326 0.252504 0.572461 0.175035
5318 0.561807 0.251903 0.186290
14335 0.352076 0.507422 0.140502
14335 0.071850 0.835108 0.093043
17710 0.220688 0.625160 0.154153
2410 0.325725 0.479444 0.194831
14381 0.173981 0.595959 0.230060
14371 0.279803 0.308354 0.411843
2650 0.177293 0.304306 0.518402
14392 0.090621 0.134620 0.774759
2711 0.444822 0.330810 0.224368
16502 0.314313 0.288533 0.397153
14379 0.700246 0.046354 0.253400
14379 0.019461 0.202127 0.778412
14971 0.190096 0.806327 0.003577
14381 0.022460 0.915539 0.062000
1456 0.300222 0.011436 0.688342
1454 0.345734 0.298153 0.356113
18867 0.715625 0.000000 0.284375
18406 0.079534 0.895108 0.025359
19368 0.115342 0.824339 0.060319
1430 0.114875 0.831770 0.053355
2725 0.000000 0.800354 0.199646
5858 0.174130 0.127561 0.698309
17439 0.044414 0.358800 0.596786
5495 0.498453 0.112922 0.388625
6250 0.286501 0.028558 0.684942
5564 0.350029 0.121970 0.528001
5564 0.231356 0.044738 0.723906
17449 0.653442 0.148367 0.198191
5564 0.248786 0.511165 0.240048
5564 0.589981 0.155140 0.254879
5905 0.959929 0.025596 0.014475
16153 0.434867 0.410927 0.154205
16153 0.685241 0.264862 0.049898
16233 0.563109 0.299578 0.137312
16233 0.640429 0.128657 0.230914
5888 0.433967 0.414412 0.151621
16233 0.580820 0.394816 0.024364
2667 0.005574 0.902550 0.091876
5648 0.118331 0.329135 0.552534
17397 0.714238 0.267022 0.018741
17397 0.499525 0.167726 0.332749
17397 0.300541 0.505776 0.193683
17751 0.128793 0.119854 0.751353
14347 0.580078 0.206783 0.213139
14347 0.235103 0.646215 0.118683
17518 0.233597 0.594085 0.172317
17518 0.087009 0.326262 0.586730
5619 0.002422 0.553580 0.443998
5516 0.628827 0.268139 0.103033
5668 0.132240 0.298994 0.568766
5620 0.545934 0.273343 0.180723
5620 0.293505 0.386652 0.319843
17469 0.613148 0.100918 0.285934
17469 0.221996 0.062152 0.715852
6119 0.064045 0.882400 0.053555
6253 0.672288 0.182544 0.145167
6253 0.410648 0.546264 0.043089
6251 0.463634 0.108803 0.427563
5859 0.537755 0.035093 0.427152
5498 0.375577 0.259174 0.365249
6252 0.009470 0.606527 0.384003
16504 0.157728 0.588388 0.253884
17757 0.003266 0.220519 0.776216
6253 0.081133 0.579142 0.339725
5814 0.004199 0.756047 0.239754
17707 0.103512 0.058024 0.838463
17667 0.316153 0.602743 0.081104
17667 0.427415 0.247058 0.325527
5814 0.488710 0.410312 0.100978
5814 0.132102 0.420135 0.447763
16181 0.463126 0.497205 0.039669
16181 0.007002 0.135184 0.857815
2974 0.501431 0.118557 0.380012
14204 0.082172 0.091792 0.826036
13229 0.199925 0.526638 0.273438
13229 0.238660 0.129878 0.631461
5809 0.039248 0.713698 0.247054
5809 0.009939 0.654513 0.335548
6120 0.534391 0.189112 0.276497
16949 0.064552 0.608079 0.327369
5809 0.052212 0.797412 0.150376
17471 0.545596 0.026548 0.427856
17471 0.706224 0.190532 0.103245
15513 0.076274 0.821615 0.102111
15517 0.569714 0.035119 0.395167
10608 0.197115 0.668065 0.134820
6031 0.798804 0.092004 0.109192
10629 0.090359 0.873041 0.036600
16180 0.335953 0.220720 0.443327
6119 0.000000 0.574857 0.425143
16949 0.696263 0.244039 0.059698
16949 0.405521 0.345280 0.249199
16949 0.179121 0.497888 0.322992
5570 0.051390 0.505637 0.442973
5570 0.310900 0.338444 0.350656
5570 0.180135 0.266669 0.553197
6046 0.129851 0.692076 0.178073
6046 0.296757 0.487732 0.215511
6046 0.383568 0.330289 0.286144
17400 0.330478 0.083788 0.585734
5578 0.119087 0.860687 0.020226
5528 0.177244 0.264667 0.558088
17361 0.051980 0.668127 0.279893
17361 0.003835 0.037948 0.958216
5621 0.564333 0.325445 0.110222
5621 0.013605 0.141084 0.845310
5578 0.265894 0.197688 0.536418
5578 0.215813 0.504180 0.280007
6120 0.316285 0.018444 0.665271
17472 0.837545 0.126274 0.036181
17472 0.318941 0.258100 0.422959
5622 0.035286 0.248390 0.716324
17399 0.029016 0.742802 0.228182
6014 0.099811 0.889413 0.010776
6177 0.625373 0.043768 0.330859
17023 0.256589 0.599051 0.144360
3616 0.413529 0.482958 0.103514
3616 0.843473 0.061677 0.094850
16318 0.665547 0.263525 0.070927
10650 0.685421 0.089790 0.224789
16214 0.314638 0.120461 0.564901
15514 0.705789 0.071013 0.223197
10649 0.598343 0.138717 0.262941
5897 0.192508 0.294563 0.512930
10638 0.342282 0.239053 0.418665
16182 0.062252 0.347598 0.590151
17482 0.445802 0.038247 0.515951
17482 0.176467 0.200765 0.622769
16869 0.758745 0.088074 0.153181
16163 0.469045 0.152873 0.378082
16163 0.329829 0.031543 0.638627
4751 0.424259 0.094999 0.480742
4751 0.316654 0.327271 0.356075
16869 0.233937 0.343499 0.422564
4752 0.258023 0.499964 0.242013
4751 0.647310 0.059936 0.292754
6064 0.663351 0.043766 0.292883
10729 0.093769 0.669604 0.236627
16934 0.174505 0.018530 0.806965
4750 0.515934 0.060463 0.423603
4750 0.194905 0.188475 0.616620
6005 0.012539 0.136439 0.851021
10729 0.598827 0.124686 0.276487
15988 0.506122 0.009054 0.484824
17558 0.027988 0.958621 0.013391
15987 0.429651 0.351674 0.218675
15987 0.335140 0.103443 0.561417
15987 0.112893 0.155591 0.731516
5538 0.151650 0.017794 0.830556
5537 0.303711 0.079212 0.617077
2747 0.627815 0.290671 0.081514
16266 0.086131 0.277968 0.635902
16266 0.374414 0.116573 0.509014
16851 0.204288 0.311280 0.484432
13265 0.187052 0.716737 0.096211
16303 0.422993 0.156880 0.420127
16303 0.180547 0.232260 0.587193
4895 0.913357 0.065600 0.021043
16831 0.652398 0.332838 0.014764
16616 0.276398 0.335255 0.388347
9624 0.627678 0.085370 0.286951
15430 0.236488 0.382675 0.380837
10708 0.708704 0.275387 0.015909
4895 0.241535 0.530066 0.228398
5916 0.667976 0.148433 0.183591
16213 0.537648 0.141119 0.321233
16213 0.237599 0.459005 0.303396
5916 0.020486 0.518482 0.461031
5916 0.137853 0.806995 0.055152
5916 0.089348 0.049738 0.860914
16820 0.062876 0.536329 0.400795
4897 0.325735 0.503211 0.171054
10634 0.014538 0.861425 0.124038
16812 0.252622 0.247701 0.499677
16842 0.179320 0.397733 0.422947
10635 0.699763 0.129122 0.171115
4969 0.023418 0.212951 0.763631
5013 0.624785 0.063236 0.311979
13020 0.595939 0.367229 0.036832
10618 0.611765 0.087552 0.300684
16801 0.448328 0.361992 0.189679
10754 0.866482 0.018816 0.114702
16015 0.623801 0.070415 0.305785
15486 0.140873 0.363262 0.495866
10628 0.562271 0.188171 0.249558
13004 0.045046 0.416221 0.538732
1806 0.366198 0.374836 0.258966
13003 0.538916 0.149361 0.311723
15487 0.470512 0.516941 0.012547
15477 0.421230 0.228942 0.349827
15488 0.273686 0.613833 0.112482
6187 0.168479 0.559972 0.271550
2777 0.227032 0.203058 0.569910
2776 0.091417 0.291742 0.616841
16493 0.271241 0.257884 0.470874
13197 0.449475 0.329720 0.220805
16800 0.090539 0.732459 0.177001
16014 0.385210 0.450075 0.164715
15999 0.305726 0.171654 0.522620
10761 0.333633 0.053315 0.613051
9627 0.357817 0.633111 0.009072
15475 0.591774 0.128383 0.279844
16013 0.095034 0.619098 0.285867
10790 0.321161 0.366462 0.312377
10792 0.254679 0.076179 0.669142
13196 0.715699 0.193880 0.090421
6028 0.267124 0.150076 0.582800
1927 0.879090 0.096247 0.024663
16819 0.140242 0.083743 0.776015
13030 0.399619 0.544320 0.056060
16818 0.760422 0.230023 0.009555
4905 0.180574 0.781131 0.038295
4900 0.356613 0.351340 0.292046
13031 0.455932 0.171755 0.372313
4905 0.659356 0.155871 0.184773
16797 0.135811 0.813223 0.050967
4901 0.120153 0.403875 0.475971
16821 0.384078 0.190793 0.425129
13009 0.258776 0.092165 0.649059
16797 0.053746 0.332965 0.613289
17412 0.399220 0.573751 0.027028
4968 0.274885 0.498312 0.226804
4903 0.718428 0.143548 0.138024
13008 0.017634 0.130881 0.851485
17412 0.323584 0.079888 0.596528
16811 0.738840 0.159030 0.102130
16811 0.136136 0.254982 0.608882
16811 0.169558 0.795711 0.034731
13008 0.698788 0.122279 0.178932
16811 0.742633 0.016754 0.240612
16811 0.126187 0.140951 0.732861
4967 0.193391 0.157160 0.649449
4967 0.321160 0.033208 0.645631
2751 0.077152 0.652813 0.270035
16811 0.111790 0.043339 0.844872
4967 0.089245 0.280041 0.630714
2751 0.065309 0.030514 0.904177
4973 0.089009 0.521630 0.389360
16816 0.034510 0.904251 0.061239
4967 0.063077 0.884371 0.052552
4967 0.182433 0.751076 0.066491
4967 0.326718 0.590423 0.082860
16802 0.510903 0.042920 0.446177
16802 0.514768 0.174135 0.311096
16802 0.536091 0.325465 0.138444
4910 0.311915 0.148086 0.539999
4967 0.726229 0.227451 0.046320
4911 0.853550 0.032178 0.114272
4911 0.704231 0.164049 0.131719
4911 0.393276 0.445012 0.161712
4911 0.066443 0.716596 0.216962
4937 0.134573 0.483411 0.382016
16803 0.204920 0.365798 0.429282
16803 0.200947 0.620174 0.178879
4911 0.098499 0.048443 0.853058
16828 0.064453 0.255283 0.680264
4934 0.681637 0.042836 0.275527
4988 0.303619 0.244174 0.452207
4988 0.031483 0.447195 0.521323
16830 0.411500 0.344368 0.244132
16829 0.890414 0.094123 0.015464
4935 0.551972 0.254884 0.193145
4935 0.118052 0.564971 0.316976
16829 0.109789 0.542763 0.347448
9961 0.046394 0.938249 0.015357
15180 0.208928 0.003015 0.788057
15180 0.050701 0.562864 0.386435
16833 0.565804 0.046391 0.387805
4704 0.576884 0.037414 0.385701
16844 0.341997 0.000000 0.658003
16615 0.312129 0.317966 0.369905
16615 0.368195 0.070280 0.561525
16594 0.676306 0.123663 0.200031
16599 0.160818 0.175437 0.663745
4774 0.080604 0.072342 0.847054
16744 0.138055 0.661030 0.200914
4775 0.189315 0.175912 0.634773
4774 0.090840 0.871056 0.038104
4774 0.342293 0.654650 0.003057
4774 0.591293 0.390978 0.017729
4774 0.739326 0.238807 0.021868
16744 0.099675 0.499621 0.400704
15160 0.008579 0.601022 0.390400
16873 0.080004 0.129520 0.790476
1810 0.020585 0.062283 0.917132
13060 0.118657 0.492774 0.388569
15191 0.184118 0.334654 0.481227
15191 0.309849 0.550979 0.139172
15192 0.465390 0.145888 0.388722
1842 0.312685 0.254638 0.432677
13040 0.525345 0.146211 0.328445
9902 0.706217 0.033096 0.260687
9959 0.019558 0.684090 0.296352
13042 0.285281 0.625281 0.089438
9904 0.201169 0.123056 0.675775
1848 0.224597 0.203109 0.572294
4707 0.792224 0.188241 0.019535
16874 0.838200 0.088944 0.072856
4706 0.169114 0.280495 0.550391
9895 0.375863 0.126863 0.497275
9920 0.271293 0.041497 0.687210
9909 0.094121 0.063979 0.841899
9906 0.847224 0.139433 0.013343
15198 0.255846 0.314165 0.429988
1838 0.139653 0.495059 0.365288
9896 0.491140 0.340414 0.168447
1850 0.305541 0.145353 0.549106
1849 0.510887 0.333431 0.155683
10418 0.307015 0.400490 0.292494
2552 0.140140 0.519367 0.340493
2552 0.148342 0.087701 0.763957
10414 0.419691 0.453990 0.126320
10496 0.154215 0.504180 0.341605
15961 0.243599 0.711465 0.044936
10415 0.398543 0.169174 0.432284
16108 0.327230 0.370964 0.301806
13817 0.164099 0.731423 0.104478
10471 0.127405 0.475246 0.397349
15937 0.650062 0.058215 0.291723
2565 0.821691 0.032175 0.146134
16019 0.204668 0.085916 0.709415
15950 0.512664 0.129644 0.357692
16083 0.139480 0.488962 0.371558
10501 0.262490 0.359776 0.377734
10501 0.123566 0.859580 0.016855
10477 0.352722 0.049751 0.597527
15969 0.310435 0.214359 0.475206
15156 0.202274 0.530955 0.266771
9675 0.588347 0.344474 0.067179
15960 0.190178 0.768096 0.041726
13255 0.089933 0.118363 0.791705
9639 0.352884 0.609311 0.037806
16250 0.012447 0.347216 0.640337
13255 0.026445 0.386991 0.586564
16250 0.026329 0.096781 0.876890
13255 0.025384 0.597111 0.377505
9778 0.001491 0.342703 0.655805
13255 0.124114 0.704508 0.171379
9778 0.097066 0.451089 0.451845
10568 0.353113 0.448784 0.198103
16057 0.671972 0.210782 0.117247
10568 0.643997 0.311684 0.044319
16057 0.288014 0.326102 0.385884
10568 0.938649 0.025875 0.035475
16057 0.019868 0.365655 0.614477
10440 0.507992 0.057670 0.434338
10405 0.443589 0.198629 0.357782
5877 0.607382 0.130268 0.262350
13098 0.629420 0.328649 0.041931
3032 0.245759 0.034328 0.719912
16132 0.039888 0.209034 0.751078
13149 0.194610 0.105777 0.699614
16069 0.925646 0.052324 0.022030
2311 0.730135 0.186751 0.083114
16143 0.489441 0.089951 0.420608
2085 0.473979 0.341088 0.184934
16193 0.174599 0.251965 0.573435
16193 0.681043 0.250406 0.068551
5947 0.776288 0.223455 0.000257
3094 0.434620 0.455951 0.109429
3094 0.187535 0.667974 0.144491
3089 0.109062 0.714172 0.176766
3089 0.006940 0.300809 0.692250
15643 0.018798 0.580152 0.401050
2305 0.037344 0.417627 0.545029
2061 0.053350 0.545914 0.400736
2106 0.300075 0.260616 0.439309
15379 0.127608 0.723830 0.148562
2626 0.353246 0.620349 0.026405
16951 0.082167 0.895148 0.022685
16951 0.125611 0.565399 0.308990
16951 0.173001 0.253864 0.573135
17292 0.813267 0.075658 0.111075
3853 0.467805 0.393172 0.139024
15366 0.011901 0.875906 0.112193
10683 0.803036 0.000513 0.196451
22833 0.285205 0.499659 0.215136
19466 0.017146 0.328788 0.654066
8122 0.367323 0.007529 0.625148
6803 0.386223 0.361101 0.252676
9161 0.818449 0.030728 0.150823
2622 0.097598 0.154575 0.747827
13894 0.324041 0.674911 0.001048
12917 0.365175 0.219484 0.415341
14801 0.156645 0.624818 0.218537
13896 0.283696 0.647521 0.068782
2554 0.352212 0.471125 0.176663
2554 0.352037 0.000000 0.647963
2558 0.322956 0.669428 0.007616
2558 0.298605 0.469209 0.232186
2558 0.253123 0.352393 0.394484
2558 0.261136 0.239460 0.499404
2558 0.234661 0.125054 0.640284
13848 0.221591 0.180972 0.597438
13848 0.071424 0.307557 0.621019
13886 0.586112 0.002417 0.411472
13886 0.402554 0.391893 0.205553
6011 0.264235 0.539174 0.196591
16315 0.206826 0.478642 0.314532
16315 0.082256 0.765957 0.151787
6031 0.529072 0.285281 0.185647
13876 0.788801 0.070372 0.140827
2191 0.082093 0.634974 0.282933
2561 0.233308 0.505393 0.261300
13440 0.179560 0.555809 0.264632
2620 0.100806 0.221387 0.677807
2561 0.296537 0.063765 0.639698
13876 0.079717 0.705316 0.214967
10630 0.146309 0.151469 0.702221
15515 0.217985 0.193694 0.588321
15515 0.202535 0.005759 0.791706
2590 0.237571 0.375281 0.387149
