22003 0.775104 0.008612 0.216283
4814 0.347009 0.635492 0.017499
22253 0.091946 0.219621 0.688432
6448 0.026795 0.700648 0.272557
18054 0.107692 0.446312 0.445996
4984 0.235446 0.373855 0.390699
18069 0.100057 0.528884 0.371059
4997 0.043332 0.074880 0.881789
4142 0.288618 0.446585 0.264797
21987 0.079759 0.191804 0.728436
22322 0.409016 0.569864 0.021120
6065 0.470036 0.097643 0.432321
21500 0.258080 0.221135 0.520785
21560 0.385184 0.075468 0.539348
4604 0.074826 0.548534 0.376640
5170 0.000000 0.381635 0.618365
16703 0.152551 0.492189 0.355260
21758 0.058321 0.245596 0.696083
3461 0.087563 0.820195 0.092242
3307 0.356409 0.283518 0.360073
16782 0.171490 0.709127 0.119383
22930 0.139787 0.721193 0.139020
4995 0.363818 0.390665 0.245516
16723 0.328374 0.651520 0.020106
17169 0.629556 0.307897 0.062546
13347 0.376302 0.216538 0.407160
1575 0.805571 0.058551 0.135877
2326 0.735671 0.098046 0.166284
2454 0.667259 0.237734 0.095007
6477 0.760672 0.143079 0.096249
17505 0.044118 0.942011 0.013871
18963 0.080438 0.576873 0.342689
14251 0.086256 0.739868 0.173876
456 0.442966 0.117651 0.439382
17840 0.187972 0.781276 0.030751
17563 0.475831 0.271931 0.252239
21604 0.061123 0.543045 0.395832
4745 0.246584 0.000880 0.752536
14242 0.507511 0.001953 0.490536
14189 0.599565 0.398935 0.001500
14728 0.180201 0.608521 0.211277
18753 0.267473 0.155545 0.576982
796 0.436902 0.497216 0.065882
2595 0.157347 0.717195 0.125458
18843 0.368946 0.194151 0.436903
18886 0.186260 0.152073 0.661666
1955 0.413583 0.103049 0.483368
1870 0.263671 0.337771 0.398558
13636 0.016289 0.507614 0.476097
14480 0.445021 0.447852 0.107127
18056 0.143435 0.461876 0.394689
16014 0.039470 0.689583 0.270947
6603 0.323299 0.333842 0.342859
2381 0.210555 0.421430 0.368015
17467 0.117698 0.157930 0.724372
17481 0.632160 0.196910 0.170931
1584 0.152778 0.702179 0.145042
2642 0.089372 0.191958 0.718671
14574 0.354316 0.050167 0.595516
14590 0.275041 0.277697 0.447263
2920 0.288125 0.592127 0.119748
18118 0.384640 0.349314 0.266046
5822 0.655451 0.292827 0.051722
5863 0.035281 0.411396 0.553323
5817 0.386975 0.580240 0.032786
17643 0.019200 0.340719 0.640081
6164 0.385058 0.341237 0.273705
17458 0.716627 0.205584 0.077789
19070 0.168577 0.730819 0.100604
17822 0.247541 0.245676 0.506782
21997 0.191544 0.568708 0.239748
21927 0.867799 0.004978 0.127224
21949 0.067242 0.911690 0.021068
21947 0.181713 0.389357 0.428930
3679 0.066805 0.100657 0.832538
21899 0.974189 0.008379 0.017431
19342 0.178190 0.087522 0.734288
3532 0.221052 0.053075 0.725872
21837 0.006191 0.157378 0.836431
4705 0.228268 0.216535 0.555197
19399 0.214316 0.548045 0.237639
19043 0.257808 0.243785 0.498407
978 0.158958 0.595173 0.245869
951 0.245363 0.409870 0.344767
21703 0.072729 0.162668 0.764603
4923 0.262481 0.184529 0.552990
16685 0.060590 0.378557 0.560853
4278 0.062177 0.567326 0.370497
21905 0.124899 0.639973 0.235129
19288 0.044585 0.639897 0.315518
19284 0.263114 0.163389 0.573497
22654 0.049416 0.627590 0.322994
22401 0.096986 0.365792 0.537221
5626 0.053034 0.540813 0.406153
17336 0.590437 0.379464 0.030098
19835 0.531537 0.258345 0.210118
17630 0.359670 0.058722 0.581609
6094 0.884287 0.011951 0.103762
17656 0.342950 0.524681 0.132368
17565 0.734524 0.034427 0.231048
6150 0.035409 0.734877 0.229713
6526 0.534897 0.463334 0.001768
18004 0.006303 0.551223 0.442475
6594 0.065766 0.425987 0.508246
18024 0.426771 0.421245 0.151984
18020 0.006609 0.569309 0.424082
2376 0.042106 0.592040 0.365853
13371 0.755849 0.020169 0.223982
18120 0.278198 0.193930 0.527872
18111 0.080113 0.718204 0.201682
17930 0.577974 0.040202 0.381824
11022 0.020489 0.961024 0.018487
6500 0.054973 0.183520 0.761507
6503 0.514976 0.366955 0.118069
6389 0.638432 0.319181 0.042387
5931 0.232856 0.608739 0.158405
17770 0.124037 0.632035 0.243928
16660 0.092976 0.854392 0.052631
16677 0.113928 0.855253 0.030819
19730 0.566975 0.090479 0.342547
22423 0.596661 0.088891 0.314448
22798 0.026751 0.927287 0.045962
16964 0.187535 0.130932 0.681533
5071 0.342117 0.594576 0.063307
22888 0.140146 0.231304 0.628550
17112 0.323157 0.676686 0.000157
4125 0.446936 0.409932 0.143132
22965 0.006623 0.308509 0.684868
19146 0.396939 0.083696 0.519365
22949 0.295744 0.216206 0.488050
1601 0.712947 0.027426 0.259627
23012 0.980329 0.015510 0.004161
17394 0.427594 0.241158 0.331247
23003 0.420892 0.397949 0.181160
5429 0.800067 0.057106 0.142827
5443 0.428983 0.569941 0.001076
6139 0.197011 0.120769 0.682219
6219 0.097466 0.767832 0.134702
17744 0.482822 0.461764 0.055414
6138 0.363456 0.523769 0.112775
17639 0.067088 0.848011 0.084902
6034 0.499002 0.356958 0.144040
17725 0.211780 0.181843 0.606377
17239 0.022305 0.759619 0.218076
6026 0.228742 0.657403 0.113855
17573 0.324186 0.490888 0.184926
17570 0.043271 0.491004 0.465724
18079 0.284481 0.461411 0.254108
6559 0.409353 0.113957 0.476690
6593 0.521432 0.428744 0.049824
18022 0.358206 0.397657 0.244137
18011 0.727963 0.126672 0.145366
6597 0.505007 0.189009 0.305984
5247 0.377084 0.396971 0.225946
17654 0.030659 0.280159 0.689181
17632 0.078720 0.708980 0.212300
6003 0.006712 0.712214 0.281074
5713 0.653407 0.148944 0.197648
5623 0.408740 0.028106 0.563154
22397 0.182105 0.648722 0.169173
17940 0.635815 0.082164 0.282021
17937 0.020986 0.248597 0.730417
17773 0.578897 0.122610 0.298493
5310 0.487366 0.050672 0.461963
17863 0.034186 0.040263 0.925552
6246 0.084564 0.023376 0.892060
16880 0.464878 0.098667 0.436455
6186 0.075387 0.266967 0.657646
18126 0.009257 0.752495 0.238247
6296 0.216793 0.661590 0.121616
6293 0.958930 0.026887 0.014183
17829 0.431875 0.128495 0.439630
17616 0.504474 0.253072 0.242454
17601 0.073486 0.007515 0.918999
17646 0.489893 0.209133 0.300973
5997 0.741384 0.175634 0.082981
6066 0.410697 0.309333 0.279971
17627 0.176369 0.350949 0.472682
6092 0.658162 0.034923 0.306916
17415 0.454772 0.104999 0.440229
17440 0.752102 0.154107 0.093791
17827 0.393639 0.136630 0.469732
16620 0.045411 0.816911 0.137678
5877 0.166665 0.726517 0.106818
22021 0.054481 0.089504 0.856014
4160 0.047428 0.543757 0.408816
22034 0.226709 0.591522 0.181769
5639 0.219629 0.649985 0.130386
4251 0.351697 0.510338 0.137964
21930 0.399098 0.373107 0.227795
22085 0.119015 0.831722 0.049263
4263 0.438552 0.176357 0.385091
4831 0.691025 0.049049 0.259926
4835 0.025742 0.097107 0.877151
22251 0.050633 0.931200 0.018167
4848 0.346944 0.355110 0.297946
4815 0.050984 0.519393 0.429623
5318 0.752846 0.014773 0.232381
16655 0.220057 0.003783 0.776159
4270 0.095201 0.575930 0.328869
21971 0.579953 0.159329 0.260718
21968 0.218906 0.587323 0.193771
4823 0.767094 0.134706 0.098200
22096 0.059079 0.504186 0.436735
22094 0.613930 0.346030 0.040040
4330 0.158498 0.211458 0.630044
22030 0.658002 0.158407 0.183591
17719 0.285686 0.113383 0.600931
6134 0.148016 0.625772 0.226212
17760 0.127549 0.662310 0.210141
5435 0.856316 0.051961 0.091723
17305 0.019556 0.044332 0.936111
4261 0.481121 0.032230 0.486649
17763 0.003763 0.124768 0.871468
4544 0.062785 0.443056 0.494159
21999 0.445149 0.498895 0.055956
22028 0.152004 0.648308 0.199688
22091 0.357076 0.107011 0.535913
22000 0.182530 0.296105 0.521365
4176 0.059489 0.823425 0.117085
4825 0.019281 0.939713 0.041006
21921 0.521740 0.117532 0.360728
19021 0.142486 0.044236 0.813278
19047 0.258165 0.241159 0.500676
4786 0.794904 0.008182 0.196914
19409 0.248968 0.243703 0.507330
4954 0.133050 0.639906 0.227044
19414 0.772913 0.059897 0.167190
1074 0.040785 0.263302 0.695913
4752 0.060559 0.823865 0.115576
4698 0.594675 0.233310 0.172015
19028 0.622822 0.006605 0.370573
1013 0.398730 0.484799 0.116471
4918 0.038104 0.209212 0.752684
961 0.926342 0.027569 0.046088
19211 0.261159 0.332381 0.406460
4919 0.275304 0.273429 0.451267
4754 0.524507 0.052917 0.422576
22273 0.896752 0.102836 0.000411
19055 0.001843 0.058291 0.939866
19202 0.705231 0.147142 0.147627
22291 0.577397 0.356051 0.066552
4770 0.623408 0.236790 0.139802
22246 0.417183 0.243165 0.339652
4794 0.355873 0.313813 0.330314
4766 0.073428 0.442073 0.484499
22067 0.143567 0.843423 0.013010
16648 0.079316 0.099699 0.820985
3671 0.049991 0.803419 0.146590
21739 0.711902 0.190293 0.097805
19333 0.033322 0.941788 0.024890
21858 0.476013 0.127201 0.396787
21771 0.753674 0.123965 0.122361
19366 0.246011 0.089958 0.664031
3529 0.191259 0.636856 0.171885
3551 0.766569 0.186010 0.047421
21807 0.558483 0.110495 0.331022
3681 0.377895 0.600499 0.021606
3629 0.137795 0.009810 0.852394
3697 0.231929 0.285162 0.482909
1523 0.446378 0.548687 0.004935
21717 0.663696 0.206248 0.130056
19130 0.185384 0.789767 0.024849
21708 0.747357 0.231143 0.021500
19186 0.841194 0.035834 0.122972
19188 0.379851 0.101853 0.518296
3626 0.459700 0.325561 0.214739
19133 0.134397 0.689417 0.176186
4249 0.364967 0.194246 0.440788
21945 0.494288 0.123154 0.382559
3642 0.662048 0.261230 0.076721
21732 0.170123 0.814979 0.014898
4285 0.276850 0.062233 0.660918
4290 0.125182 0.593392 0.281427
4329 0.220440 0.135280 0.644280
17677 0.300402 0.307972 0.391626
17671 0.029467 0.125513 0.845020
5884 0.607052 0.318222 0.074726
1044 0.160164 0.220434 0.619402
6009 0.571839 0.313256 0.114905
17640 0.545453 0.125094 0.329453
6039 0.023086 0.355494 0.621420
6074 0.258284 0.009126 0.732590
19101 0.508966 0.317503 0.173531
6146 0.173510 0.450619 0.375872
6287 0.143503 0.274231 0.582266
6284 0.224483 0.100802 0.674714
6544 0.291600 0.563922 0.144478
4993 0.919360 0.065218 0.015422
17597 0.012149 0.853364 0.134487
6173 0.280908 0.116610 0.602482
19090 0.175767 0.519356 0.304878
17739 0.103967 0.501155 0.394878
17591 0.777429 0.127418 0.095153
6098 0.474371 0.285396 0.240233
5612 0.824921 0.017097 0.157981
18101 0.056206 0.567435 0.376359
5046 0.036968 0.637075 0.325957
6224 0.078674 0.337108 0.584218
17865 0.455550 0.168627 0.375823
841 0.651787 0.081871 0.266342
6114 0.096955 0.255185 0.647860
6251 0.335493 0.514510 0.149998
19635 0.184650 0.181906 0.633444
3911 0.131940 0.541080 0.326979
3861 0.659066 0.087664 0.253270
3825 0.509512 0.180059 0.310429
22487 0.664629 0.022526 0.312845
22375 0.526925 0.343086 0.129989
6169 0.315733 0.226448 0.457819
6268 0.071660 0.921628 0.006712
5040 0.498112 0.137014 0.364874
21557 0.107575 0.090848 0.801577
17314 0.538240 0.308412 0.153348
22128 0.353962 0.182718 0.463320
4614 0.437735 0.328557 0.233709
3563 0.127599 0.021436 0.850966
22196 0.796135 0.052220 0.151645
1057 0.102790 0.835972 0.061238
19280 0.189176 0.214244 0.596580
4553 0.310052 0.419971 0.269976
21542 0.477936 0.212083 0.309981
4621 0.224353 0.367536 0.408111
4561 0.060231 0.514114 0.425655
21595 0.565332 0.202745 0.231923
21804 0.959062 0.002980 0.037958
21545 0.239982 0.457107 0.302911
21814 0.218026 0.254064 0.527910
21548 0.062007 0.252594 0.685398
3548 0.210514 0.254363 0.535123
21826 0.529391 0.064110 0.406499
3608 0.033836 0.457771 0.508393
16812 0.017406 0.782305 0.200289
5320 0.290133 0.095215 0.614653
16560 0.553576 0.228281 0.218143
16535 0.050826 0.704052 0.245121
3426 0.144796 0.257039 0.598165
3426 0.048673 0.256057 0.695270
3426 0.310290 0.000000 0.689710
22761 0.084610 0.633885 0.281505
3426 0.263539 0.338193 0.398268
3426 0.228771 0.466091 0.305138
22761 0.490858 0.414058 0.095084
3427 0.000000 0.403422 0.596578
3426 0.625553 0.030247 0.344200
22761 0.872314 0.058243 0.069443
3382 0.000000 0.000000 1.000000
5111 0.101026 0.169958 0.729016
5152 0.065971 0.699360 0.234669
3394 0.201447 0.798553 0.000000
21748 0.117707 0.806935 0.075358
21748 0.216345 0.381777 0.401878
4971 0.018861 0.439928 0.541211
16583 0.702624 0.241736 0.055639
5250 0.514110 0.220606 0.265284
4982 0.213545 0.587330 0.199126
3382 0.000000 0.296847 0.703153
3394 0.113582 0.075442 0.810976
3382 0.495502 0.237859 0.266639
3404 0.099494 0.055090 0.845416
3382 0.275611 0.667563 0.056826
3404 0.273909 0.421857 0.304234
3496 0.060966 0.422187 0.516847
3425 0.338524 0.625018 0.036459
22760 0.328743 0.090854 0.580403
3427 0.814096 0.061216 0.124689
3374 0.121336 0.039220 0.839444
3454 0.113704 0.554232 0.332064
3415 0.168215 0.829466 0.002320
22911 0.033428 0.851698 0.114873
3351 0.815762 0.051412 0.132826
17262 0.065891 0.321747 0.612362
3339 0.665325 0.255058 0.079617
5575 0.036270 0.234025 0.729705
4024 0.885174 0.043305 0.071521
16968 0.151605 0.524140 0.324256
22828 0.336256 0.306123 0.357622
16975 0.696197 0.120421 0.183383
3987 0.307476 0.214122 0.478402
22826 0.290605 0.404283 0.305112
16985 0.683650 0.154872 0.161477
4013 0.296520 0.265805 0.437675
23074 0.113462 0.592933 0.293605
23064 0.128954 0.228765 0.642281
23065 0.253175 0.155178 0.591647
4053 0.187635 0.500255 0.312110
22967 0.061415 0.309951 0.628634
4029 0.256847 0.648102 0.095051
5033 0.019333 0.424935 0.555732
23028 0.007548 0.399732 0.592720
1471 0.495205 0.391512 0.113283
16919 0.293159 0.069547 0.637293
1495 0.215152 0.560422 0.224427
16855 0.249678 0.534543 0.215779
22449 0.388386 0.270554 0.341060
3729 0.018736 0.644337 0.336927
22456 0.505790 0.354379 0.139832
3755 0.232594 0.655998 0.111408
23000 0.053733 0.377677 0.568589
5748 0.810740 0.064660 0.124600
17370 0.340434 0.033066 0.626500
17393 0.071639 0.199782 0.728579
17363 0.804397 0.190233 0.005370
22987 0.040336 0.188496 0.771168
22495 0.058909 0.040542 0.900549
22471 0.614073 0.272372 0.113555
5627 0.397748 0.035014 0.567238
5311 0.784139 0.005509 0.210352
6197 0.837862 0.119334 0.042804
5026 0.285464 0.351996 0.362541
17931 0.242140 0.756961 0.000899
18139 0.138291 0.853456 0.008254
6313 0.923487 0.034916 0.041597
17798 0.414833 0.060317 0.524850
18179 0.426076 0.091025 0.482900
5305 0.475363 0.379274 0.145363
6510 0.457354 0.297553 0.245093
17804 0.511279 0.293783 0.194938
6595 0.007582 0.533240 0.459177
18019 0.452052 0.333677 0.214271
18171 0.547799 0.019130 0.433071
6516 0.379082 0.586347 0.034571
18155 0.633567 0.093438 0.272996
6552 0.098113 0.014638 0.887249
17399 0.292941 0.114905 0.592155
16624 0.053335 0.031358 0.915307
17397 0.382490 0.577679 0.039831
1560 0.127085 0.422981 0.449934
16955 0.235929 0.750219 0.013852
3436 0.458268 0.203851 0.337881
17285 0.057431 0.135691 0.806878
4086 0.869884 0.061782 0.068334
4026 0.138820 0.797035 0.064145
5483 0.422809 0.069737 0.507455
4111 0.392573 0.488578 0.118849
1526 0.306735 0.174720 0.518545
17045 0.302169 0.041267 0.656564
23130 0.414691 0.083249 0.502061
17009 0.699106 0.014475 0.286419
22813 0.098690 0.681181 0.220130
3959 0.134862 0.744834 0.120304
3450 0.256141 0.377995 0.365864
5532 0.330124 0.657127 0.012748
5479 0.446180 0.531962 0.021857
5544 0.558493 0.149923 0.291584
5447 0.692109 0.155225 0.152666
17119 0.220739 0.517585 0.261677
5400 0.433729 0.256063 0.310208
3975 0.077208 0.209885 0.712908
23102 0.769949 0.166091 0.063960
3761 0.211865 0.554519 0.233615
3762 0.835215 0.026021 0.138764
4113 0.571934 0.237148 0.190918
22519 0.244724 0.291400 0.463876
5058 0.486451 0.254512 0.259036
5499 0.394544 0.281496 0.323960
5163 0.161786 0.043354 0.794860
16656 0.262452 0.506571 0.230977
17813 0.181221 0.651859 0.166921
6390 0.537183 0.102945 0.359871
6301 0.403305 0.542622 0.054073
17396 0.191785 0.021750 0.786465
2431 0.474857 0.119823 0.405320
1565 0.621186 0.369109 0.009704
13335 0.504064 0.339458 0.156478
13858 0.225055 0.082776 0.692169
2426 0.239631 0.668240 0.092129
4967 0.646382 0.338300 0.015318
6451 0.319797 0.156533 0.523670
2364 0.412573 0.311292 0.276135
18034 0.180124 0.000216 0.819659
2328 0.913639 0.012532 0.073830
4969 0.130630 0.676395 0.192975
13853 0.083235 0.271497 0.645268
2445 0.148797 0.383480 0.467723
17390 0.483198 0.114427 0.402375
19072 0.411071 0.013227 0.575703
17531 0.144541 0.695800 0.159659
6201 0.621346 0.294958 0.083696
17530 0.016581 0.427925 0.555494
17557 0.108406 0.183071 0.708523
2392 0.094348 0.015030 0.890622
18119 0.158020 0.011042 0.830937
6210 0.692617 0.104842 0.202540
1824 0.027101 0.338289 0.634610
475 0.466919 0.294395 0.238687
19006 0.556358 0.399266 0.044377
19483 0.439221 0.091654 0.469125
19629 0.095017 0.494951 0.410032
19429 0.737699 0.244999 0.017303
19426 0.291111 0.397915 0.310975
1387 0.258503 0.660050 0.081447
13245 0.372941 0.015005 0.612054
1424 0.050347 0.461234 0.488419
1286 0.696681 0.020095 0.283224
19811 0.155833 0.502665 0.341502
1250 0.169543 0.605263 0.225193
19736 0.036201 0.683620 0.280179
1283 0.628568 0.290922 0.080510
19441 0.535706 0.191127 0.273167
19522 0.485936 0.147131 0.366933
19764 0.467052 0.156378 0.376570
19492 0.827164 0.114166 0.058670
1257 0.004827 0.246789 0.748383
1580 0.759527 0.088037 0.152436
1309 0.521471 0.472290 0.006239
19488 0.115560 0.755231 0.129210
11004 0.542555 0.156116 0.301329
361 0.109903 0.037247 0.852850
289 0.655392 0.299030 0.045578
1739 0.374080 0.583586 0.042334
18452 0.585008 0.388343 0.026648
19536 0.121535 0.778623 0.099842
2138 0.016365 0.452843 0.530792
258 0.142924 0.034159 0.822917
13540 0.405363 0.150029 0.444607
13574 0.597161 0.320352 0.082487
19627 0.007167 0.030134 0.962699
1676 0.340924 0.650312 0.008764
1703 0.324675 0.525842 0.149483
1670 0.597803 0.378908 0.023288
13552 0.000000 0.397836 0.602164
2073 0.591600 0.408400 0.000000
2073 0.291216 0.644187 0.064597
13704 0.047390 0.806253 0.146357
2072 0.675311 0.324689 0.000000
2072 0.685805 0.314195 0.000000
13553 0.000000 0.695978 0.304022
1671 0.193512 0.602757 0.203730
13564 0.951162 0.006439 0.042399
1749 0.154619 0.635166 0.210215
13957 0.324580 0.443188 0.232232
2122 0.320356 0.495741 0.183904
1691 0.846243 0.124628 0.029129
13976 0.069914 0.828512 0.101574
2115 0.143592 0.368255 0.488153
2146 0.409589 0.188048 0.402363
2148 0.088386 0.351078 0.560536
13952 0.530342 0.170353 0.299305
2124 0.945500 0.003653 0.050847
1808 0.398359 0.336268 0.265373
13619 0.654452 0.027571 0.317977
1762 0.355123 0.341294 0.303583
2022 0.620992 0.291863 0.087145
16071 0.086424 0.801713 0.111862
16053 0.788966 0.152604 0.058430
18167 0.298813 0.002280 0.698907
4159 0.334345 0.477656 0.187999
4169 0.185011 0.067354 0.747635
5038 0.640107 0.075034 0.284859
2072 0.680867 0.267963 0.051170
1390 0.221463 0.596793 0.181744
1721 0.347607 0.320572 0.331820
13553 0.000000 0.675033 0.324967
5451 0.346223 0.227724 0.426053
5423 0.501780 0.128232 0.369988
17140 0.653157 0.139980 0.206864
1104 0.045326 0.201850 0.752824
17060 0.065534 0.119309 0.815157
1086 0.242710 0.501667 0.255623
1651 0.007895 0.434892 0.557212
5411 0.758212 0.208791 0.032996
1117 0.189203 0.038589 0.772208
3355 0.650186 0.017915 0.331898
17085 0.362555 0.435436 0.202009
3327 0.335538 0.025041 0.639421
3405 0.000000 0.000000 1.000000
3422 0.053641 0.184043 0.762316
3422 0.335187 0.487801 0.177012
3405 0.297682 0.567215 0.135103
3381 0.138135 0.339631 0.522234
23057 0.011497 0.854464 0.134039
22815 0.211152 0.706233 0.082615
3439 0.274256 0.476993 0.248751
4028 0.114734 0.788241 0.097025
3990 0.630733 0.098204 0.271063
4025 0.795674 0.067660 0.136666
16946 0.222294 0.093769 0.683936
16966 0.176490 0.485814 0.337696
17580 0.095495 0.585985 0.318520
17579 0.326104 0.213146 0.460750
6181 0.047904 0.586377 0.365719
6184 0.036520 0.909754 0.053726
18096 0.292872 0.534371 0.172757
6204 0.058175 0.435260 0.506565
17581 0.087038 0.665524 0.247438
6256 0.208633 0.136913 0.654455
18170 0.727501 0.010260 0.262239
6162 0.549893 0.116984 0.333123
16887 0.175960 0.208935 0.615105
17599 0.251950 0.700273 0.047777
16879 0.015881 0.401865 0.582254
17584 0.038584 0.563507 0.397909
17418 0.731889 0.157510 0.110601
6245 0.727328 0.006499 0.266173
6537 0.060872 0.350659 0.588468
773 0.574981 0.240512 0.184507
381 0.065143 0.045830 0.889027
373 0.693380 0.283774 0.022846
384 0.205299 0.032605 0.762096
246 0.389493 0.315435 0.295072
13912 0.501250 0.064132 0.434618
2132 0.655072 0.050313 0.294614
14027 0.218870 0.298826 0.482304
2137 0.392585 0.242145 0.365271
401 0.266584 0.398840 0.334576
18478 0.236951 0.426279 0.336770
18455 0.559767 0.184750 0.255483
13430 0.922576 0.034268 0.043157
1705 0.204182 0.441405 0.354413
11049 0.309940 0.473687 0.216373
2371 0.375303 0.226116 0.398582
2362 0.077449 0.834664 0.087887
4965 0.028190 0.284780 0.687030
18076 0.648152 0.252445 0.099403
18029 0.591454 0.313782 0.094764
2395 0.069437 0.255456 0.675107
4617 0.002142 0.011511 0.986347
22190 0.478155 0.299841 0.222004
21624 0.910725 0.004869 0.084406
17327 0.090021 0.011041 0.898938
5778 0.062209 0.253809 0.683982
4559 0.282294 0.290094 0.427612
21620 0.668810 0.081817 0.249373
17326 0.097066 0.356905 0.546029
4564 0.348019 0.586190 0.065790
4584 0.395561 0.498038 0.106401
4747 0.243688 0.575954 0.180358
17967 0.061804 0.906748 0.031448
21512 0.320089 0.425660 0.254252
21498 0.199616 0.524319 0.276065
17311 0.285776 0.449787 0.264438
1229 0.439325 0.457844 0.102831
19294 0.684678 0.040702 0.274621
22123 0.169888 0.435965 0.394147
1064 0.492694 0.153318 0.353987
19265 0.466106 0.488835 0.045059
1226 0.719283 0.004868 0.275849
19246 0.484729 0.164283 0.350988
19228 0.221384 0.028521 0.750095
22234 0.144791 0.063625 0.791584
22156 0.378749 0.595065 0.026186
4800 0.128135 0.744502 0.127363
22149 0.277575 0.458332 0.264093
1182 0.244076 0.513218 0.242706
894 0.121055 0.584443 0.294502
19363 0.356032 0.205263 0.438705
3542 0.163791 0.361674 0.474535
21619 0.423628 0.505542 0.070829
4628 0.340811 0.584406 0.074783
4592 0.127455 0.553959 0.318586
21566 0.122670 0.145679 0.731650
4640 0.122060 0.678322 0.199618
5257 0.300143 0.547927 0.151930
5776 0.649943 0.146548 0.203509
17313 0.125176 0.180353 0.694471
17307 0.215250 0.343473 0.441277
17225 0.101045 0.574334 0.324622
5766 0.107006 0.733262 0.159731
5771 0.806901 0.139830 0.053269
5762 0.227104 0.483163 0.289733
17350 0.943098 0.038378 0.018524
21574 0.134997 0.859126 0.005877
4680 0.283051 0.387898 0.329051
21494 0.021840 0.786215 0.191944
22174 0.542833 0.420558 0.036609
5235 0.038988 0.027321 0.933691
17974 0.877676 0.039481 0.082843
17159 0.431964 0.354217 0.213819
5233 0.033455 0.733165 0.233380
17878 0.003244 0.706211 0.290544
17889 0.833853 0.070031 0.096116
5763 0.243483 0.756517 0.000000
6350 0.553865 0.412080 0.034055
6350 0.086149 0.457535 0.456316
17910 0.839028 0.101735 0.059237
17880 0.734702 0.256461 0.008837
5237 0.334865 0.485799 0.179337
3576 0.323493 0.503019 0.173488
21511 0.250422 0.682314 0.067264
17882 0.009119 0.941204 0.049677
17881 0.227156 0.438494 0.334350
5238 0.542064 0.114669 0.343267
5783 0.611821 0.166650 0.221529
17353 0.104593 0.739248 0.156159
5220 0.843507 0.043228 0.113266
17162 0.832704 0.155196 0.012099
17960 0.534540 0.051848 0.413612
4172 0.000000 0.851256 0.148744
22012 0.233662 0.209797 0.556540
17366 0.403130 0.210698 0.386173
1412 0.309784 0.341529 0.348687
1364 0.025646 0.470019 0.504335
19613 0.012194 0.845196 0.142610
19610 0.088532 0.864638 0.046829
1742 0.015982 0.961937 0.022081
1675 0.225943 0.120420 0.653637
1750 0.238496 0.598403 0.163101
13565 0.003383 0.844759 0.151858
1748 0.040335 0.919042 0.040623
19546 0.005065 0.062251 0.932684
19529 0.219464 0.311992 0.468544
1381 0.069244 0.599364 0.331392
302 0.456551 0.490632 0.052817
1374 0.356234 0.356166 0.287599
19591 0.558135 0.259623 0.182242
19445 0.388447 0.574010 0.037543
2285 0.213872 0.661592 0.124536
18996 0.098273 0.409408 0.492319
751 0.047845 0.903241 0.048913
18939 0.113651 0.614298 0.272051
737 0.335766 0.160636 0.503598
801 0.478374 0.483294 0.038333
18985 0.384925 0.361244 0.253832
753 0.081234 0.253209 0.665557
492 0.285987 0.409260 0.304753
513 0.156745 0.122029 0.721226
495 0.013218 0.046035 0.940747
511 0.923207 0.018158 0.058635
11085 0.121020 0.021472 0.857508
11099 0.120366 0.127454 0.752180
15912 0.462719 0.513950 0.023331
228 0.392974 0.580459 0.026567
18428 0.207374 0.603341 0.189285
326 0.526745 0.177042 0.296213
18530 0.154751 0.346732 0.498516
18502 0.253399 0.101644 0.644957
62 0.050143 0.901692 0.048165
331 0.003336 0.565712 0.430952
18421 0.024072 0.726483 0.249445
403 0.030619 0.425231 0.544150
406 0.409852 0.218131 0.372018
18487 0.160207 0.014977 0.824815
15942 0.043270 0.149445 0.807285
432 0.274797 0.341839 0.383365
18925 0.200604 0.716320 0.083075
478 0.304760 0.473380 0.221859
18878 0.269052 0.661253 0.069695
739 0.357220 0.487651 0.155129
380 0.046086 0.863850 0.090064
383 0.075702 0.660749 0.263549
18426 0.469536 0.214708 0.315756
446 0.265693 0.422081 0.312226
13257 0.321174 0.239205 0.439621
2666 0.257386 0.616185 0.126429
2749 0.409836 0.295932 0.294232
15951 0.054161 0.198672 0.747167
18652 0.809566 0.118257 0.072177
425 0.189406 0.139275 0.671319
479 0.128460 0.357426 0.514113
18916 0.028951 0.855518 0.115531
735 0.245410 0.335246 0.419344
18975 0.097779 0.771707 0.130513
18869 0.234409 0.163028 0.602562
18871 0.055092 0.899589 0.045319
642 0.303588 0.435332 0.261081
18748 0.202222 0.738885 0.058893
14274 0.351535 0.217128 0.431337
14277 0.583500 0.163915 0.252585
14272 0.508887 0.030883 0.460231
14122 0.816756 0.149711 0.033534
2500 0.463639 0.261056 0.275305
2498 0.186540 0.686559 0.126900
14358 0.132056 0.159047 0.708898
14358 0.233099 0.512682 0.254218
2699 0.135704 0.673058 0.191238
2688 0.040010 0.855949 0.104041
2783 0.053263 0.646668 0.300069
18724 0.576872 0.071047 0.352081
18740 0.049254 0.913577 0.037169
2774 0.122555 0.164819 0.712626
2741 0.056999 0.817138 0.125863
18709 0.349965 0.015071 0.634964
1785 0.204796 0.321474 0.473730
2796 0.363034 0.178201 0.458764
2519 0.326000 0.257347 0.416653
14113 0.125656 0.467516 0.406828
14115 0.020561 0.779953 0.199486
14109 0.319061 0.433591 0.247348
18633 0.433599 0.049059 0.517341
18611 0.644778 0.173347 0.181875
18622 0.342624 0.098044 0.559332
18790 0.453620 0.187980 0.358400
18799 0.084503 0.894309 0.021188
14289 0.183923 0.788201 0.027876
18855 0.747454 0.058647 0.193899
2761 0.190237 0.483158 0.326605
2762 0.334652 0.508848 0.156500
533 0.081139 0.299442 0.619419
18765 0.012137 0.728117 0.259746
14455 0.071814 0.708588 0.219598
14381 0.557202 0.320494 0.122304
14377 0.604813 0.381337 0.013850
2832 0.398329 0.591754 0.009918
2870 0.068490 0.710838 0.220672
14359 0.286573 0.431482 0.281945
14340 0.397804 0.337052 0.265145
2711 0.071088 0.425074 0.503837
2732 0.289032 0.281463 0.429505
14319 0.145272 0.680793 0.173935
16 0.007673 0.429979 0.562348
160 0.558836 0.408024 0.033140
18218 0.056686 0.049745 0.893570
18323 0.097626 0.672052 0.230322
18303 0.036186 0.005635 0.958179
672 0.744159 0.234687 0.021154
18289 0.130297 0.035180 0.834523
709 0.093356 0.037286 0.869358
794 0.303811 0.467697 0.228492
13921 0.543647 0.103109 0.353245
2670 0.156312 0.245006 0.598682
14079 0.609753 0.122239 0.268008
18780 0.357210 0.352112 0.290678
18778 0.106044 0.658183 0.235773
14069 0.225273 0.022766 0.751961
108 0.487123 0.000000 0.512877
114 0.700739 0.107495 0.191766
18347 0.752172 0.154112 0.093716
18348 0.324928 0.095790 0.579282
18269 0.205340 0.651350 0.143310
175 0.117267 0.708271 0.174462
40 0.000652 0.264726 0.734622
18277 0.644460 0.247490 0.108050
83 0.882222 0.111926 0.005852
18540 0.044830 0.737512 0.217657
51 0.008974 0.201089 0.789937
342 0.212817 0.502292 0.284891
18583 0.324627 0.505854 0.169519
236 0.391578 0.557896 0.050526
237 0.749494 0.186251 0.064255
18483 0.223443 0.692987 0.083569
143 0.657419 0.131949 0.210632
18378 0.091602 0.839208 0.069190
164 0.393944 0.349402 0.256654
158 0.776655 0.212849 0.010495
18214 0.951791 0.037665 0.010544
22 0.789734 0.053104 0.157162
85 0.551247 0.380120 0.068632
18265 0.473086 0.349955 0.176959
18345 0.540410 0.370369 0.089222
147 0.387764 0.493648 0.118588
178 0.645795 0.236489 0.117717
13897 0.576964 0.267987 0.155049
13900 0.058306 0.532162 0.409533
171 0.047624 0.602862 0.349514
69 0.726464 0.091832 0.181704
18506 0.348485 0.300829 0.350686
18557 0.752256 0.013621 0.234123
321 0.194346 0.255814 0.549841
18920 0.097705 0.781868 0.120427
18919 0.135028 0.039803 0.825169
725 0.137730 0.510731 0.351539
18804 0.846704 0.059314 0.093982
649 0.026497 0.304122 0.669381
710 0.251978 0.727293 0.020729
18543 0.459740 0.182040 0.358220
18230 0.413291 0.416178 0.170532
18228 0.404631 0.304721 0.290648
186 0.092032 0.597716 0.310252
18221 0.066051 0.039705 0.894244
18335 0.404214 0.415597 0.180189
657 0.112974 0.516331 0.370696
659 0.287667 0.224409 0.487924
646 0.075337 0.238945 0.685718
18551 0.454688 0.470602 0.074710
316 0.295897 0.402997 0.301106
656 0.378764 0.560619 0.060617
18857 0.130360 0.041134 0.828506
18879 0.220110 0.076681 0.703210
653 0.508827 0.025204 0.465969
623 0.164229 0.158375 0.677397
733 0.013420 0.264203 0.722377
18867 0.417809 0.495750 0.086442
18873 0.104286 0.157481 0.738233
723 0.042464 0.195290 0.762246
620 0.010895 0.531015 0.458090
18561 0.311030 0.182047 0.506923
322 0.456444 0.399129 0.144428
18281 0.517922 0.227833 0.254245
75 0.174014 0.733352 0.092634
18288 0.109187 0.445872 0.444940
18313 0.222273 0.489030 0.288697
698 0.260915 0.627489 0.111597
18279 0.334225 0.385320 0.280454
669 0.313386 0.225513 0.461100
43 0.051312 0.264778 0.683910
18346 0.412978 0.368071 0.218951
18361 0.162677 0.610930 0.226394
18278 0.126013 0.791091 0.082895
18277 0.037065 0.798741 0.164194
18280 0.314548 0.390107 0.295345
48 0.525570 0.000000 0.474430
48 0.236151 0.000000 0.763849
48 0.000000 0.809103 0.190897
37 0.334674 0.405375 0.259952
32 0.795535 0.000000 0.204465
32 0.297846 0.000000 0.702154
2704 0.132034 0.784768 0.083198
594 0.664809 0.154501 0.180690
603 0.565037 0.209528 0.225435
548 0.036703 0.701314 0.261983
18796 0.276453 0.374007 0.349541
14359 0.755014 0.176869 0.068117
13423 0.071952 0.725111 0.202937
2747 0.565430 0.328725 0.105845
18718 0.264629 0.212752 0.522619
535 0.105331 0.578459 0.316209
532 0.303142 0.208703 0.488155
10818 0.307467 0.509687 0.182847
2061 0.663120 0.149475 0.187405
2056 0.011824 0.688749 0.299427
2019 0.424760 0.501455 0.073785
3026 0.090293 0.782819 0.126888
1798 0.036343 0.252553 0.711104
16102 0.132466 0.712699 0.154835
16112 0.060858 0.494142 0.445000
10816 0.278265 0.486106 0.235629
14567 0.589107 0.313877 0.097016
14625 0.594261 0.100505 0.305235
2936 0.632422 0.290235 0.077344
14555 0.022729 0.339793 0.637478
3204 0.294344 0.497873 0.207783
14709 0.101161 0.336108 0.562731
3265 0.506707 0.025026 0.468267
14685 0.337419 0.487727 0.174854
14673 0.030439 0.313530 0.656031
2966 0.255518 0.372421 0.372060
14857 0.564520 0.404196 0.031284
3088 0.129463 0.870537 0.000000
15997 0.575528 0.064450 0.360022
2478 0.163313 0.637413 0.199274
13491 0.243926 0.066477 0.689597
3052 0.272130 0.009519 0.718351
14871 0.705218 0.228433 0.066349
3125 0.202254 0.134893 0.662853
13779 0.266833 0.279788 0.453378
14683 0.492856 0.260302 0.246842
14714 0.659543 0.137524 0.202933
2957 0.285626 0.418568 0.295806
2959 0.197014 0.304327 0.498659
3093 0.024523 0.270257 0.705219
11123 0.359574 0.254171 0.386255
16082 0.805455 0.147110 0.047435
3013 0.438458 0.107056 0.454486
14632 0.057948 0.362605 0.579447
2916 0.395501 0.037313 0.567186
2899 0.670476 0.204849 0.124675
2894 0.045482 0.694787 0.259731
2948 0.017651 0.464378 0.517971
14839 0.046863 0.051668 0.901468
14841 0.881743 0.080756 0.037501
2972 0.151013 0.236722 0.612265
14537 0.621415 0.056877 0.321708
14670 0.263207 0.540519 0.196275
14497 0.396241 0.003681 0.600078
3075 0.158634 0.563686 0.277680
15927 0.625346 0.166404 0.208250
3078 0.842627 0.157373 0.000000
14508 0.026829 0.431961 0.541210
3046 0.000000 0.150292 0.849708
14808 0.254988 0.326443 0.418569
2976 0.402429 0.318843 0.278728
14819 0.001350 0.963664 0.034985
3215 0.036048 0.221437 0.742514
3082 0.081109 0.597707 0.321184
3039 0.150035 0.100628 0.749337
14541 0.752716 0.036944 0.210340
2940 0.550005 0.310841 0.139154
2947 0.117149 0.376386 0.506465
10998 0.250343 0.608633 0.141025
10991 0.478805 0.032638 0.488558
10959 0.809136 0.122592 0.068272
15975 0.390618 0.033541 0.575841
13775 0.683629 0.006160 0.310211
13787 0.444472 0.188297 0.367231
11035 0.021286 0.918640 0.060074
15963 0.232861 0.522948 0.244191
2053 0.621413 0.314228 0.064358
1978 0.301981 0.434064 0.263955
13498 0.159094 0.308064 0.532841
15968 0.233885 0.370536 0.395579
15966 0.539563 0.145690 0.314747
14669 0.174274 0.411712 0.414014
16322 0.364041 0.532565 0.103394
11050 0.526589 0.451665 0.021746
13366 0.108958 0.332975 0.558068
13596 0.000579 0.167630 0.831791
1963 0.054296 0.136837 0.808867
2050 0.266397 0.199368 0.534235
13470 0.394715 0.581919 0.023366
13357 0.159944 0.184317 0.655739
13519 0.168770 0.389665 0.441565
14691 0.067666 0.796109 0.136225
14869 0.812128 0.134382 0.053490
13484 0.396528 0.534515 0.068956
13600 0.717279 0.154566 0.128155
1892 0.146468 0.143311 0.710221
13529 0.305559 0.544230 0.150212
3059 0.715482 0.172852 0.111666
1940 0.122113 0.086461 0.791426
13500 0.034738 0.759952 0.205310
16701 0.276302 0.157024 0.566673
17901 0.073692 0.822617 0.103691
5078 0.000000 0.248835 0.751165
16804 0.025117 0.583045 0.391837
5190 0.068294 0.196165 0.735541
5187 0.678198 0.170407 0.151396
1096 0.120439 0.229360 0.650201
17145 0.366252 0.313485 0.320262
5463 0.387675 0.012686 0.599639
5453 0.101218 0.261588 0.637193
5503 0.224759 0.406652 0.368588
17130 0.028791 0.825152 0.146057
1120 0.068874 0.590048 0.341078
17055 0.314140 0.022319 0.663541
22872 0.916043 0.038343 0.045615
22872 0.342176 0.228911 0.428913
3400 0.015875 0.113318 0.870808
5068 0.344624 0.295773 0.359603
16767 0.290754 0.691583 0.017663
3485 0.031276 0.678726 0.289998
21748 0.016955 0.027248 0.955797
5157 0.146704 0.768984 0.084312
21750 0.078800 0.220399 0.700801
3400 0.571486 0.337274 0.091240
22832 0.165174 0.659069 0.175758
16689 0.618976 0.057482 0.323542
3430 0.272014 0.161968 0.566017
5185 0.486376 0.000000 0.513624
3498 0.160628 0.160955 0.678417
22899 0.337124 0.162387 0.500490
22886 0.190039 0.639776 0.170185
5125 0.359788 0.190156 0.450056
5145 0.227365 0.115142 0.657493
16550 0.110696 0.222278 0.667026
16615 0.478192 0.068492 0.453317
16546 0.190399 0.000000 0.809601
16811 0.160007 0.123977 0.716016
3380 0.401098 0.598902 0.000000
5183 0.000000 0.446291 0.553709
5273 0.293204 0.639170 0.067626
16634 0.234451 0.346255 0.419294
5079 0.123145 0.701753 0.175103
16909 0.151635 0.188070 0.660295
5065 0.270521 0.341784 0.387695
16809 0.045528 0.804016 0.150456
5115 0.217146 0.000000 0.782854
16539 0.061761 0.859992 0.078246
16701 0.355362 0.562668 0.081970
16633 0.086209 0.428940 0.484851
5180 0.617765 0.000000 0.382235
16810 0.031963 0.149450 0.818587
5079 0.001253 0.194946 0.803801
5118 0.312285 0.650610 0.037104
21787 0.139752 0.072387 0.787861
5183 0.364007 0.635993 0.000000
5185 0.919631 0.080369 0.000000
5074 0.098772 0.635712 0.265516
5075 0.016912 0.983088 0.000000
5123 0.000000 0.919860 0.080140
5174 0.000000 0.999069 0.000931
16609 0.077133 0.092769 0.830098
16606 0.364696 0.115609 0.519695
3405 0.291671 0.121276 0.587053
21757 0.461497 0.403113 0.135390
22751 0.232116 0.016675 0.751209
22768 0.098394 0.733489 0.168117
1121 0.109627 0.850759 0.039614
17089 0.471134 0.305377 0.223489
22917 0.243478 0.050015 0.706507
3476 0.038270 0.812553 0.149177
22777 0.192366 0.099687 0.707947
22732 0.067871 0.630124 0.302005
17048 0.664699 0.026840 0.308461
17093 0.050941 0.618905 0.330153
3332 0.148454 0.338469 0.513078
21754 0.663346 0.071596 0.265058
22859 0.046955 0.019980 0.933065
21791 0.224331 0.235498 0.540171
5363 0.012819 0.823482 0.163698
16743 0.554928 0.235283 0.209790
16818 0.469135 0.310825 0.220040
3312 0.653343 0.326972 0.019685
16821 0.285202 0.566950 0.147847
22875 0.045283 0.830851 0.123866
22916 0.125999 0.847724 0.026277
17079 0.649128 0.215488 0.135384
2852 0.511777 0.279524 0.208699
14315 0.107045 0.148211 0.744744
14336 0.224497 0.065275 0.710228
2542 0.963122 0.036878 0.000000
2528 0.715717 0.182717 0.101566
2497 0.018489 0.444996 0.536515
2579 0.508120 0.041386 0.450494
14332 0.535810 0.063328 0.400862
2707 0.245524 0.699907 0.054569
2714 0.704955 0.275838 0.019207
2722 0.057475 0.724039 0.218486
2101 0.760595 0.034659 0.204746
2105 0.512421 0.074727 0.412851
2067 0.002191 0.054794 0.943015
13738 0.088794 0.319306 0.591900
13965 0.297961 0.034719 0.667320
2270 0.341098 0.347506 0.311395
13683 0.212267 0.347603 0.440130
18443 0.039326 0.073088 0.887585
18392 0.658541 0.000862 0.340597
18405 0.097260 0.008038 0.894702
343 0.284915 0.711490 0.003595
18582 0.008962 0.339520 0.651518
21812 0.459547 0.332215 0.208237
21803 0.096475 0.731529 0.171996
21614 0.661804 0.082443 0.255752
4708 0.396535 0.022689 0.580776
21688 0.667251 0.317188 0.015561
21528 0.299366 0.314165 0.386469
21638 0.641495 0.022248 0.336257
21669 0.369771 0.616847 0.013383
4732 0.295575 0.372720 0.331705
21515 0.620790 0.112909 0.266301
4883 0.687855 0.191781 0.120364
21681 0.511966 0.423207 0.064827
4710 0.236163 0.706402 0.057435
4882 0.446144 0.078991 0.474864
22158 0.046836 0.084638 0.868526
21691 0.463174 0.071316 0.465510
21683 0.269793 0.486739 0.243469
21523 0.694865 0.002978 0.302157
21525 0.483941 0.312723 0.203337
21527 0.174822 0.114475 0.710703
4661 0.480126 0.384080 0.135794
4658 0.353644 0.115249 0.531107
21529 0.016547 0.005298 0.978155
4701 0.299025 0.224431 0.476544
21670 0.053037 0.321043 0.625919
21685 0.173879 0.505418 0.320703
21670 0.039513 0.000000 0.960487
4711 0.201738 0.798262 0.000000
4711 0.514005 0.364743 0.121252
4710 0.052383 0.312625 0.634992
21681 0.852530 0.038500 0.108970
4711 0.680472 0.013526 0.306001
4711 0.652060 0.041363 0.306577
21523 0.009772 0.919703 0.070525
4664 0.351889 0.000000 0.648111
4660 0.000000 0.871002 0.128998
4664 0.377170 0.291602 0.331228
21523 0.001146 0.395973 0.602881
21523 0.448794 0.364289 0.186916
4660 0.000000 0.390814 0.609186
4664 0.641998 0.110550 0.247452
21523 0.719724 0.181432 0.098845
21523 0.713331 0.245451 0.041219
22929 0.666505 0.243668 0.089827
10836 0.169347 0.738415 0.092237
18042 0.630448 0.213822 0.155730
13798 0.045718 0.527368 0.426914
6433 0.161859 0.066359 0.771782
2191 0.485785 0.183381 0.330834
18062 0.118991 0.306117 0.574892
13830 0.494732 0.065273 0.439996
14365 0.940938 0.000000 0.059062
2574 0.055007 0.380309 0.564684
2576 0.083705 0.880503 0.035792
14434 0.343214 0.484464 0.172322
2792 0.602454 0.071587 0.325959
14262 0.202673 0.592784 0.204543
13417 0.245203 0.000000 0.754797
1789 0.635040 0.206257 0.158703
14439 0.396689 0.516384 0.086927
13413 0.182575 0.041840 0.775585
13414 0.553916 0.074216 0.371868
14131 0.771770 0.180595 0.047636
2580 0.664143 0.180715 0.155143
2571 0.065555 0.236921 0.697524
14448 0.298648 0.382571 0.318780
14138 0.381294 0.140966 0.477740
11076 0.239475 0.306144 0.454381
15959 0.081966 0.393435 0.524599
13972 0.079721 0.602899 0.317380
18399 0.029201 0.311627 0.659172
18419 0.405199 0.345045 0.249757
2612 0.090984 0.726389 0.182626
3166 0.202076 0.592952 0.204971
14185 0.686218 0.119431 0.194351
4170 0.184114 0.313853 0.502033
22039 0.373075 0.410098 0.216828
14759 0.861533 0.039155 0.099312
4320 0.274726 0.267905 0.457369
22101 0.360404 0.020253 0.619343
4170 0.000000 0.803589 0.196411
4170 0.000000 0.571828 0.428172
22016 0.263847 0.261968 0.474185
4170 0.000000 0.826602 0.173398
4170 0.000000 0.459536 0.540464
22016 0.060798 0.136889 0.802313
22016 0.076781 0.511545 0.411674
15808 0.101078 0.390922 0.508000
11454 0.066971 0.818424 0.114605
10848 0.803538 0.168622 0.027840
24596 0.741202 0.013898 0.244901
13220 0.490044 0.308758 0.201198
11813 0.286319 0.349668 0.364014
22672 0.188968 0.400427 0.410605
12424 0.800522 0.115152 0.084326
10754 0.043732 0.755023 0.201245
11418 0.475395 0.469348 0.055257
15454 0.098582 0.540403 0.361015
12669 0.631514 0.092453 0.276034
16319 0.351116 0.191640 0.457244
16316 0.161406 0.596994 0.241600
12385 0.536570 0.339317 0.124112
23416 0.351656 0.488785 0.159559
11787 0.840530 0.057970 0.101500
23304 0.223403 0.759964 0.016633
10081 0.517306 0.009544 0.473150
9940 0.759293 0.131820 0.108887
23393 0.320225 0.257057 0.422718
14897 0.125878 0.468719 0.405403
23203 0.275003 0.205266 0.519732
11704 0.014446 0.296892 0.688663
24069 0.419249 0.127759 0.452991
19951 0.286830 0.298960 0.414210
8175 0.370752 0.132626 0.496622
8938 0.079678 0.140111 0.780211
20500 0.356041 0.052313 0.591646
24093 0.212327 0.467394 0.320279
24117 0.379504 0.108458 0.512037
7371 0.274305 0.450708 0.274988
20859 0.024286 0.812148 0.163565
7064 0.061359 0.816426 0.122215
24057 0.118191 0.099511 0.782298
12418 0.532199 0.084211 0.383590
