15300 0.589120 0.295431 0.115449
2166 0.325866 0.374372 0.299762
2370 0.104181 0.057516 0.838304
14804 0.508473 0.363105 0.128422
2083 0.044160 0.728662 0.227178
11481 0.817210 0.173116 0.009674
2382 0.451672 0.143122 0.405207
2127 0.167151 0.090571 0.742278
14136 0.095488 0.704993 0.199520
13968 0.146968 0.388469 0.464564
14544 0.270905 0.560254 0.168841
14410 0.007902 0.024494 0.967604
1846 0.047032 0.947689 0.005279
14600 0.449933 0.039390 0.510676
16706 0.660152 0.104867 0.234981
2408 0.116026 0.384945 0.499030
14243 0.804675 0.029839 0.165487
16632 0.270576 0.719038 0.010386
2513 0.195833 0.757810 0.046358
1759 0.396313 0.180049 0.423638
2237 0.380825 0.285095 0.334079
15431 0.295551 0.032256 0.672193
2097 0.298021 0.462682 0.239296
17312 0.039082 0.801558 0.159360
6776 0.007960 0.355658 0.636382
6613 0.324115 0.455245 0.220640
6719 0.328319 0.357419 0.314262
6793 0.160402 0.154346 0.685252
18534 0.171884 0.546521 0.281595
6695 0.622408 0.264298 0.113293
4916 0.038741 0.910052 0.051207
18683 0.157664 0.411196 0.431140
6884 0.010812 0.806016 0.183172
18655 0.144075 0.262116 0.593809
6734 0.394052 0.408008 0.197940
5585 0.221190 0.298109 0.480702
18758 0.479595 0.071249 0.449156
5252 0.244977 0.341859 0.413164
5227 0.218847 0.354231 0.426922
18812 0.342572 0.180843 0.476585
5361 0.536248 0.228078 0.235673
5364 0.079617 0.124661 0.795722
5731 0.477066 0.013125 0.509809
18398 0.214261 0.372669 0.413070
6685 0.197292 0.444497 0.358210
6028 0.046169 0.900616 0.053216
1153 0.157335 0.181515 0.661151
18880 0.548229 0.184354 0.267417
5263 0.445626 0.270193 0.284181
6638 0.613690 0.340958 0.045351
18843 0.042516 0.805420 0.152064
5921 0.235548 0.752673 0.011780
5745 0.146051 0.306390 0.547559
5820 0.534226 0.056491 0.409283
5765 0.189047 0.731664 0.079290
18451 0.338743 0.187319 0.473937
18400 0.820146 0.039715 0.140139
2173 0.470671 0.028758 0.500571
11539 0.378073 0.099774 0.522153
11713 0.519867 0.038579 0.441554
2577 0.652952 0.036991 0.310057
18448 0.286716 0.337597 0.375687
6610 0.062116 0.627750 0.310134
18777 0.136115 0.126923 0.736963
2387 0.058019 0.293017 0.648964
17518 0.134251 0.405912 0.459837
5828 0.371783 0.507138 0.121079
13414 0.012515 0.923505 0.063980
14401 0.625363 0.074093 0.300544
14123 0.039743 0.273142 0.687115
18393 0.625901 0.083314 0.290786
19093 0.216699 0.368540 0.414760
5510 0.027161 0.900952 0.071887
6090 0.048187 0.441890 0.509923
5613 0.214833 0.335356 0.449811
19727 0.226689 0.405628 0.367682
18729 0.646477 0.290956 0.062566
6714 0.773382 0.135784 0.090834
2573 0.093090 0.049998 0.856912
14242 0.094862 0.558507 0.346630
12024 0.098867 0.714864 0.186269
12039 0.127445 0.556333 0.316222
10734 0.275774 0.284518 0.439708
16719 0.200293 0.029866 0.769841
10711 0.526013 0.132923 0.341064
12037 0.117384 0.373021 0.509595
11996 0.466863 0.461604 0.071533
17253 0.142952 0.658588 0.198460
11456 0.787696 0.033025 0.179279
10747 0.345031 0.494510 0.160459
5671 0.080585 0.689224 0.230192
15413 0.520879 0.086164 0.392958
14180 0.278579 0.370374 0.351047
1990 0.039233 0.141383 0.819384
18741 0.211326 0.614494 0.174180
5423 0.455293 0.321033 0.223675
14540 0.091288 0.822387 0.086325
14482 0.675215 0.149194 0.175591
11707 0.489341 0.476917 0.033742
11315 0.462304 0.393337 0.144359
13965 0.352863 0.550011 0.097126
11700 0.826003 0.004627 0.169371
18910 0.735800 0.227228 0.036972
18880 0.060815 0.705706 0.233479
5983 0.039842 0.683421 0.276737
5245 0.821389 0.178611 0.000000
17826 0.423664 0.174872 0.401464
5959 0.466008 0.046694 0.487298
18309 0.188706 0.131110 0.680184
19083 0.013101 0.840408 0.146490
18346 0.389987 0.282172 0.327841
18336 0.106209 0.316495 0.577296
5925 0.478256 0.009565 0.512179
19005 0.344532 0.229441 0.426027
5374 0.362331 0.449665 0.188003
18354 0.070357 0.391098 0.538545
5385 0.164874 0.273452 0.561673
6649 0.129353 0.077567 0.793080
19113 0.070316 0.740579 0.189105
18232 0.238868 0.420898 0.340234
1111 0.695278 0.010939 0.293783
1963 0.112645 0.241745 0.645610
19914 0.225516 0.603789 0.170695
20070 0.288597 0.596237 0.115166
3201 0.245178 0.043225 0.711596
2020 0.403433 0.000000 0.596567
19882 0.059363 0.151539 0.789098
3018 0.607436 0.018439 0.374125
3378 0.507582 0.303885 0.188533
3004 0.335980 0.538586 0.125434
3036 0.215305 0.403149 0.381546
20077 0.000368 0.214413 0.785220
1089 0.547331 0.304033 0.148636
17893 0.690424 0.191435 0.118142
18959 0.245630 0.236822 0.517547
18211 0.092711 0.166118 0.741171
5919 0.000000 0.137643 0.862357
5228 0.615112 0.218381 0.166508
1538 0.097335 0.332367 0.570298
15402 0.314560 0.413965 0.271474
15442 0.360917 0.106667 0.532416
3002 0.138503 0.501794 0.359703
19449 0.799206 0.173029 0.027766
1959 0.000000 0.890854 0.109146
3033 0.247001 0.076272 0.676727
19378 0.082592 0.490670 0.426739
17967 0.187617 0.464289 0.348094
19283 0.791395 0.155112 0.053493
461 0.744810 0.173602 0.081588
438 0.288345 0.635930 0.075725
19357 0.257555 0.108394 0.634051
19868 0.482724 0.130742 0.386534
13428 0.181775 0.079609 0.738615
15464 0.057711 0.221738 0.720552
20397 0.603128 0.073019 0.323852
1535 0.267775 0.643115 0.089109
14499 0.470419 0.039331 0.490250
11535 0.894688 0.078391 0.026922
18490 0.429310 0.313230 0.257461
5653 0.764171 0.138068 0.097761
6029 0.130573 0.585975 0.283452
5693 0.214521 0.677386 0.108093
25080 0.381697 0.061062 0.557241
17487 0.928535 0.053296 0.018169
11487 0.731205 0.125829 0.142967
2510 0.122208 0.785191 0.092601
2520 0.108617 0.711206 0.180177
14232 0.012048 0.000488 0.987464
13943 0.449267 0.328213 0.222521
6859 0.002051 0.064172 0.933777
18585 0.495778 0.302313 0.201909
18675 0.133970 0.764504 0.101526
18853 0.079157 0.141803 0.779041
5254 0.061351 0.179061 0.759587
6950 0.122772 0.030535 0.846694
6936 0.595277 0.146193 0.258531
18791 0.492460 0.090737 0.416802
13148 0.476181 0.510514 0.013305
6597 0.171724 0.398740 0.429537
14233 0.626090 0.017821 0.356088
14330 0.098451 0.829912 0.071637
2427 0.823220 0.089607 0.087173
18419 0.095739 0.297428 0.606833
6541 0.217073 0.609187 0.173740
11640 0.449250 0.045715 0.505035
18431 0.238095 0.175885 0.586020
6544 0.690889 0.102778 0.206333
18422 0.124701 0.451586 0.423713
5241 0.220852 0.554733 0.224415
18545 0.303387 0.273191 0.423422
18344 0.391078 0.232978 0.375944
18584 0.678119 0.100550 0.221331
5386 0.019085 0.514708 0.466207
5396 0.683733 0.068094 0.248174
18414 0.403382 0.182164 0.414454
18312 0.195634 0.794611 0.009754
18315 0.419151 0.045328 0.535521
18316 0.137635 0.282199 0.580166
1287 0.677808 0.234929 0.087262
1290 0.463753 0.027291 0.508956
1251 0.619055 0.236753 0.144192
2238 0.273218 0.626269 0.100513
2051 0.404785 0.455811 0.139404
14594 0.092957 0.199687 0.707356
1840 0.115565 0.120753 0.763682
2259 0.332909 0.057449 0.609642
2084 0.049947 0.947157 0.002896
14619 0.024589 0.964377 0.011034
11626 0.032108 0.102492 0.865400
5874 0.358130 0.331362 0.310508
3196 0.201784 0.517705 0.280511
14790 0.089090 0.655258 0.255652
6536 0.366614 0.365092 0.268294
18730 0.151334 0.720121 0.128545
17897 0.491157 0.344687 0.164155
1191 0.623947 0.298860 0.077192
1176 0.054225 0.718287 0.227488
1123 0.203926 0.614407 0.181667
5716 0.422952 0.010615 0.566433
18194 0.471057 0.340928 0.188015
17858 0.205551 0.767450 0.026999
1106 0.136479 0.322255 0.541266
5749 0.451308 0.540669 0.008023
5373 0.046137 0.160036 0.793827
5401 0.317515 0.147806 0.534678
5924 0.711463 0.072647 0.215890
5224 0.278358 0.226691 0.494950
19943 0.002633 0.640009 0.357359
17586 0.228938 0.699049 0.072014
1919 0.645016 0.202755 0.152228
2038 0.705602 0.084371 0.210027
14624 0.044493 0.833836 0.121672
14210 0.132884 0.102860 0.764256
2071 0.379509 0.572571 0.047919
1762 0.388633 0.373688 0.237679
5260 0.168807 0.509122 0.322071
17881 0.000000 0.336432 0.663568
19792 0.018337 0.724148 0.257515
14904 0.205009 0.559998 0.234993
20094 0.147560 0.414410 0.438031
11631 0.256402 0.180102 0.563496
14599 0.856826 0.039197 0.103977
14300 0.300877 0.232606 0.466517
11550 0.177650 0.636608 0.185742
2367 0.557459 0.338568 0.103973
2101 0.623223 0.301800 0.074976
14241 0.458344 0.027404 0.514252
2439 0.447653 0.234297 0.318049
13931 0.299204 0.583221 0.117576
19740 0.006952 0.000000 0.993048
14121 0.153578 0.380349 0.466073
2389 0.172900 0.102456 0.724645
11547 0.087623 0.568428 0.343949
14491 0.347912 0.361868 0.290220
5291 0.317465 0.538756 0.143780
13979 0.320362 0.633798 0.045840
2001 0.020818 0.907785 0.071397
14179 0.049008 0.720439 0.230553
11952 0.593919 0.130133 0.275948
16038 0.744732 0.116825 0.138444
17354 0.042746 0.613705 0.343549
17114 0.077556 0.596338 0.326106
11110 0.634795 0.067795 0.297410
11886 0.662126 0.000000 0.337874
14234 0.197945 0.042830 0.759225
2318 0.628571 0.058954 0.312474
14440 0.347568 0.279785 0.372646
6722 0.124185 0.807406 0.068410
6554 0.688240 0.148769 0.162991
2485 0.057556 0.313491 0.628953
6044 0.725010 0.243382 0.031609
14247 0.237170 0.582966 0.179864
6539 0.217159 0.037695 0.745146
5870 0.283760 0.325502 0.390738
17663 0.184627 0.261393 0.553980
18343 0.011297 0.273658 0.715045
5541 0.383687 0.324152 0.292162
5456 0.615402 0.175599 0.208999
6954 0.043327 0.580923 0.375750
17521 0.674449 0.226756 0.098795
17685 0.014831 0.736531 0.248638
5862 0.467739 0.517061 0.015200
2550 0.092046 0.311258 0.596696
5670 0.000000 0.507740 0.492260
10693 0.321111 0.098523 0.580366
12346 0.202370 0.093422 0.704208
5704 0.132073 0.429723 0.438204
19124 0.082079 0.425368 0.492553
19107 0.071075 0.811162 0.117763
5485 0.432348 0.046570 0.521083
18514 0.379749 0.462533 0.157717
1217 0.109231 0.423769 0.467000
1212 0.178669 0.439319 0.382012
14384 0.368011 0.408202 0.223787
14772 0.591272 0.138929 0.269800
1891 0.684472 0.267805 0.047723
2553 0.360132 0.578118 0.061751
2289 0.375566 0.270332 0.354102
2123 0.656521 0.315694 0.027785
2568 0.130598 0.491676 0.377726
14659 0.259049 0.685135 0.055816
2266 0.377198 0.280713 0.342089
14379 0.301690 0.678560 0.019750
2483 0.000000 0.692616 0.307384
14799 0.172776 0.827224 0.000000
14697 0.557514 0.076059 0.366427
2583 0.389885 0.173674 0.436441
14212 0.182700 0.501456 0.315844
2562 0.000000 0.585682 0.414318
2327 0.406700 0.176663 0.416637
2481 0.209763 0.715858 0.074379
13962 0.187311 0.731494 0.081195
14070 0.066209 0.102047 0.831744
14419 0.794705 0.205295 0.000000
15371 0.527657 0.252643 0.219700
15393 0.373378 0.563013 0.063609
2154 0.823306 0.168451 0.008243
15385 0.116898 0.076512 0.806590
1958 0.365079 0.545938 0.088984
14353 0.367937 0.007138 0.624925
1895 0.171911 0.361142 0.466948
2336 0.517139 0.372549 0.110312
11716 0.318355 0.256450 0.425195
14003 0.106113 0.275281 0.618606
25570 0.108028 0.445959 0.446013
17391 0.652816 0.199479 0.147705
11945 0.267482 0.052983 0.679534
17263 0.291890 0.108043 0.600067
17303 0.147497 0.551065 0.301438
15365 0.604530 0.325842 0.069628
13996 0.034767 0.110461 0.854772
2012 0.200246 0.191249 0.608504
15528 0.601984 0.280804 0.117212
15575 0.905695 0.086759 0.007545
2685 0.110321 0.127557 0.762122
19838 0.364194 0.126256 0.509550
2738 0.747457 0.049936 0.202607
6027 0.113720 0.544759 0.341521
1180 0.141805 0.664422 0.193773
1237 0.558552 0.104622 0.336826
18115 0.556577 0.314934 0.128489
662 0.013080 0.960394 0.026526
20580 0.275327 0.438851 0.285822
18075 0.643510 0.099110 0.257379
730 0.566957 0.030596 0.402447
20688 0.399570 0.304356 0.296075
18065 0.531137 0.131594 0.337269
18105 0.203594 0.548803 0.247603
18101 0.414752 0.415279 0.169968
20188 0.395255 0.543389 0.061356
20171 0.127447 0.703755 0.168798
20452 0.008455 0.276160 0.715386
1292 0.163632 0.433233 0.403135
18478 0.445842 0.432991 0.121167
1611 0.619492 0.317687 0.062821
13430 0.212602 0.707445 0.079953
20385 0.016485 0.107489 0.876026
20706 0.813285 0.115705 0.071010
20718 0.078573 0.777913 0.143514
19474 0.034349 0.950740 0.014911
977 0.132046 0.304838 0.563115
20821 0.529133 0.224300 0.246567
20977 0.069895 0.726815 0.203290
1383 0.515603 0.168466 0.315931
16987 0.172323 0.040214 0.787463
25479 0.586278 0.135857 0.277865
18329 0.265075 0.096080 0.638845
18314 0.171605 0.140713 0.687683
20400 0.483565 0.327348 0.189088
1824 0.419152 0.411229 0.169619
19132 0.505830 0.098272 0.395898
6582 0.507639 0.084219 0.408142
5317 0.162595 0.189874 0.647532
5316 0.370773 0.004631 0.624596
17865 0.935397 0.036822 0.027781
1884 0.053268 0.875067 0.071665
25410 0.173490 0.126544 0.699966
14496 0.419058 0.315667 0.265275
11659 0.465210 0.483195 0.051595
14757 0.482355 0.099095 0.418550
25414 0.510908 0.355254 0.133838
2200 0.000000 0.285178 0.714822
14574 0.733850 0.168339 0.097811
16659 0.139919 0.855516 0.004565
15615 0.249987 0.353971 0.396042
15466 0.139012 0.200269 0.660719
1300 0.543394 0.064669 0.391936
1295 0.627903 0.244592 0.127505
1263 0.137614 0.270307 0.592079
18159 0.317143 0.616946 0.065911
18214 0.376842 0.279095 0.344063
5367 0.115269 0.006970 0.877760
17798 0.451004 0.197844 0.351151
14181 0.606098 0.202651 0.191251
18738 0.266917 0.678154 0.054929
15390 0.532329 0.349634 0.118037
14249 0.234829 0.095021 0.670150
1803 0.873843 0.001121 0.125035
14603 0.404885 0.512749 0.082367
24248 0.472519 0.171051 0.356429
5917 0.455558 0.360481 0.183961
18974 0.531437 0.375146 0.093418
6708 0.580807 0.147722 0.271472
5809 0.017007 0.946998 0.035995
24521 0.163841 0.820363 0.015795
24912 0.497412 0.022521 0.480067
17688 0.514477 0.024800 0.460722
2130 0.625907 0.154098 0.219996
15410 0.386356 0.144376 0.469268
14461 0.571373 0.231813 0.196814
16100 0.787626 0.019667 0.192707
17100 0.087714 0.515290 0.396996
15930 0.115573 0.190101 0.694326
6344 0.665770 0.283567 0.050663
12576 0.102512 0.885812 0.011676
14749 0.475748 0.342593 0.181660
1940 0.830100 0.139138 0.030762
2350 0.076534 0.373526 0.549940
1740 0.448147 0.099039 0.452814
4980 0.312193 0.225190 0.462618
6073 0.159323 0.146476 0.694201
2531 0.744271 0.062946 0.192783
10071 0.487277 0.084589 0.428134
8792 0.044200 0.231198 0.724602
23843 0.410504 0.106220 0.483276
21048 0.174830 0.599432 0.225737
21711 0.109396 0.695666 0.194938
14703 0.488611 0.415574 0.095816
10015 0.548600 0.034407 0.416993
7641 0.546892 0.013933 0.439174
8875 0.107818 0.709364 0.182818
8789 0.154650 0.731154 0.114196
8723 0.126315 0.098069 0.775615
10356 0.311961 0.357335 0.330704
21837 0.034290 0.329995 0.635714
8857 0.484919 0.508813 0.006268
10394 0.150760 0.038902 0.810338
9053 0.092698 0.283346 0.623956
14171 0.441334 0.190694 0.367971
14672 0.431964 0.013703 0.554333
21029 0.156797 0.692213 0.150991
21561 0.253602 0.481018 0.265380
8748 0.018078 0.049211 0.932711
22804 0.199153 0.000000 0.800847
4176 0.478382 0.060433 0.461185
21674 0.544803 0.346195 0.109002
8967 0.451334 0.499888 0.048778
23831 0.837244 0.100997 0.061759
23802 0.075570 0.400715 0.523715
21810 0.018496 0.524639 0.456864
10307 0.393237 0.140832 0.465931
1767 0.036588 0.023083 0.940329
3318 0.072418 0.227836 0.699746
8906 0.504201 0.457754 0.038046
23818 0.148164 0.575534 0.276302
21546 0.868684 0.065429 0.065887
21168 0.103786 0.500729 0.395486
21814 0.102804 0.361857 0.535339
23751 0.588483 0.140980 0.270538
23587 0.254433 0.702633 0.042934
8742 0.087447 0.497979 0.414573
8871 0.711265 0.214137 0.074598
13678 0.110192 0.437523 0.452285
8843 0.622625 0.276708 0.100667
8942 0.240171 0.118612 0.641216
13257 0.142806 0.786649 0.070545
13183 0.376386 0.290200 0.333414
12549 0.516541 0.288831 0.194628
24264 0.133077 0.385527 0.481396
8762 0.567096 0.253259 0.179646
26119 0.113253 0.056214 0.830533
26052 0.400118 0.599012 0.000870
13115 0.212542 0.480193 0.307266
25873 0.142805 0.846321 0.010874
13888 0.434329 0.231663 0.334008
13266 0.167909 0.796535 0.035556
13763 0.008806 0.623314 0.367879
26131 0.921407 0.051048 0.027546
26065 0.018531 0.322932 0.658537
24813 0.837860 0.032480 0.129659
13073 0.743855 0.059113 0.197032
25992 0.625145 0.250670 0.124185
13883 0.522213 0.154673 0.323114
13120 0.254107 0.302319 0.443573
24835 0.605015 0.245716 0.149269
13174 0.442927 0.404265 0.152809
26035 0.305524 0.550219 0.144257
25999 0.105001 0.135106 0.759893
25423 0.125951 0.616978 0.257072
13236 0.247818 0.286237 0.465946
25983 0.683684 0.115866 0.200450
26000 0.294102 0.702212 0.003687
24576 0.082029 0.097845 0.820126
24836 0.030894 0.113728 0.855379
13683 0.450054 0.375792 0.174153
5350 0.284179 0.069450 0.646371
13609 0.684603 0.229828 0.085569
24798 0.008616 0.942226 0.049157
12478 0.278687 0.547374 0.173939
24524 0.338061 0.247978 0.413961
5354 0.040145 0.617088 0.342767
25996 0.567998 0.360116 0.071886
13660 0.381490 0.521126 0.097384
24675 0.006077 0.255711 0.738212
25139 0.015199 0.482636 0.502165
24833 0.609784 0.154694 0.235522
13604 0.111910 0.419612 0.468478
6063 0.650975 0.026891 0.322134
13602 0.069245 0.137561 0.793195
13638 0.079573 0.908098 0.012329
13700 0.235476 0.509436 0.255088
12536 0.390679 0.409324 0.199997
13599 0.108018 0.311435 0.580547
24572 0.148096 0.573804 0.278100
24486 0.798953 0.082608 0.118439
12584 0.321073 0.464604 0.214323
24611 0.219433 0.498441 0.282126
12575 0.453136 0.366324 0.180540
12920 0.033786 0.289563 0.676651
18967 0.115110 0.507661 0.377230
25103 0.059322 0.199567 0.741110
12190 0.164799 0.684174 0.151027
13736 0.844298 0.155702 0.000000
13487 0.100213 0.808717 0.091071
13802 0.231890 0.052767 0.715343
13798 0.563465 0.313335 0.123200
25760 0.171873 0.631166 0.196961
13720 0.676726 0.218585 0.104689
12526 0.087952 0.669647 0.242402
12255 0.149686 0.276933 0.573381
12243 0.270095 0.134025 0.595880
24552 0.538886 0.128626 0.332488
12413 0.038596 0.322739 0.638665
24729 0.172130 0.197816 0.630054
25851 0.532742 0.437683 0.029575
13872 0.827903 0.117428 0.054669
13818 0.094385 0.899387 0.006228
13490 0.567801 0.219606 0.212593
12251 0.170577 0.778073 0.051350
25076 0.556313 0.078103 0.365584
13177 0.042257 0.640931 0.316812
26126 0.322966 0.273258 0.403776
13167 0.091593 0.180824 0.727583
19179 0.285549 0.433826 0.280625
24250 0.671416 0.157633 0.170951
13164 0.395951 0.294995 0.309054
24526 0.313954 0.233092 0.452954
6742 0.573075 0.365455 0.061470
25211 0.171570 0.218563 0.609868
12231 0.004618 0.971884 0.023498
12903 0.157286 0.192989 0.649724
17551 0.802093 0.194341 0.003566
12305 0.261977 0.565029 0.172994
17575 0.609818 0.021652 0.368531
13245 0.364426 0.064792 0.570783
5614 0.307445 0.016228 0.676327
24749 0.520063 0.460059 0.019878
1794 0.587109 0.123367 0.289523
14174 0.577461 0.204456 0.218083
9069 0.590653 0.315994 0.093353
6569 0.171816 0.104240 0.723944
5617 0.361954 0.067419 0.570626
18704 0.477490 0.080016 0.442495
5622 0.704836 0.207560 0.087604
18688 0.200165 0.591769 0.208067
14162 0.345644 0.546625 0.107730
20101 0.152485 0.497242 0.350274
10143 0.473171 0.434511 0.092318
21456 0.867018 0.080608 0.052374
9374 0.660171 0.139520 0.200309
23713 0.607845 0.333997 0.058158
10351 0.229635 0.008516 0.761850
24376 0.777366 0.189171 0.033463
9356 0.209328 0.593526 0.197147
4944 0.048685 0.083597 0.867718
24062 0.715609 0.069877 0.214515
10348 0.353739 0.367886 0.278375
21678 0.267831 0.001136 0.731033
13673 0.622024 0.141499 0.236477
6150 0.227287 0.151814 0.620899
23629 0.342436 0.061053 0.596510
23666 0.196460 0.579521 0.224020
10428 0.370474 0.246817 0.382709
9477 0.417132 0.175060 0.407808
17570 0.025694 0.616998 0.357308
25079 0.228967 0.422374 0.348659
5829 0.935803 0.053625 0.010572
12290 0.263970 0.500221 0.235810
12364 0.040344 0.438295 0.521361
23956 0.305855 0.139530 0.554615
9147 0.178283 0.787637 0.034080
24019 0.138779 0.078235 0.782986
24354 0.191242 0.057323 0.751435
24282 0.942276 0.045973 0.011751
9450 0.843535 0.026331 0.130135
23612 0.860338 0.048836 0.090826
9370 0.676267 0.095256 0.228477
24247 0.068117 0.589744 0.342139
9453 0.000000 0.764744 0.235256
9368 0.572528 0.202572 0.224899
21739 0.089526 0.365896 0.544579
13710 0.589003 0.188545 0.222452
24735 0.415097 0.011950 0.572953
25837 0.446359 0.545271 0.008370
19145 0.154243 0.418823 0.426935
19199 0.049028 0.013000 0.937972
25081 0.171705 0.780515 0.047780
9020 0.248338 0.306863 0.444799
10052 0.196999 0.278852 0.524149
21847 0.740855 0.032362 0.226784
8956 0.141957 0.231060 0.626984
8994 0.046164 0.718719 0.235117
6763 0.055164 0.541415 0.403421
5140 0.114039 0.293887 0.592074
22838 0.440778 0.411721 0.147502
24114 0.323371 0.405882 0.270747
4805 0.156029 0.593378 0.250593
6818 0.638348 0.046626 0.315026
22886 0.409045 0.307014 0.283941
6810 0.578697 0.038481 0.382821
9320 0.000000 0.885198 0.114802
3716 0.054333 0.498009 0.447658
9321 0.276189 0.437412 0.286398
6387 0.037161 0.636676 0.326163
24046 0.296983 0.293252 0.409765
24119 0.302479 0.453336 0.244185
23364 0.301572 0.241708 0.456720
16697 0.653878 0.025724 0.320397
6812 0.384873 0.036528 0.578599
22783 0.021323 0.880108 0.098569
6232 0.690053 0.248176 0.061771
6136 0.410669 0.589331 0.000000
24197 0.292775 0.259898 0.447326
12348 0.377156 0.361558 0.261287
23789 0.099167 0.642731 0.258103
23781 0.079443 0.604256 0.316300
4957 0.151125 0.803906 0.044968
21156 0.380412 0.477007 0.142581
10196 0.195919 0.653580 0.150502
10361 0.602016 0.253122 0.144862
25146 0.579732 0.273127 0.147142
26063 0.022979 0.812349 0.164672
23727 0.441235 0.531457 0.027308
23627 0.110410 0.109282 0.780309
23992 0.613472 0.037676 0.348852
23820 0.119701 0.812185 0.068114
23625 0.652985 0.287557 0.059458
21621 0.005700 0.124634 0.869666
8821 0.349033 0.295948 0.355020
8708 0.446945 0.065006 0.488049
9094 0.043947 0.677441 0.278612
23937 0.286140 0.391712 0.322148
23987 0.743395 0.025902 0.230703
9001 0.215265 0.173794 0.610942
10386 0.187820 0.691985 0.120195
9449 0.057608 0.346976 0.595416
23739 0.132370 0.112830 0.754800
24539 0.722418 0.181165 0.096418
24604 0.238846 0.364899 0.396255
12881 0.327313 0.226469 0.446217
12565 0.567379 0.059426 0.373195
12411 0.070007 0.320397 0.609595
12571 0.057329 0.012110 0.930562
25826 0.000000 0.797138 0.202862
25872 0.006191 0.503239 0.490570
13752 0.363176 0.486322 0.150503
25878 0.153171 0.425293 0.421536
13906 0.286440 0.049498 0.664062
13594 0.569145 0.405091 0.025764
13784 0.032677 0.802076 0.165247
25181 0.432476 0.393442 0.174083
24985 0.034445 0.537385 0.428170
12277 0.464029 0.318816 0.217155
13008 0.154829 0.841448 0.003723
24942 0.489445 0.380258 0.130297
12246 0.514834 0.485166 0.000000
12587 0.061666 0.740668 0.197666
12432 0.089105 0.850645 0.060250
24864 0.325473 0.187886 0.486641
24476 0.353831 0.326862 0.319307
13748 0.236384 0.329475 0.434140
13499 0.197988 0.645968 0.156044
25921 0.153131 0.712893 0.133976
24870 0.244265 0.629321 0.126414
12866 0.842313 0.081378 0.076309
21895 0.083995 0.408646 0.507359
7744 0.109519 0.565494 0.324986
26737 0.530380 0.228110 0.241509
26686 0.368855 0.544737 0.086408
7130 0.016913 0.156326 0.826761
21096 0.025216 0.116828 0.857957
21349 0.347960 0.010293 0.641747
22157 0.160614 0.832875 0.006511
9588 0.264800 0.155729 0.579471
9746 0.674212 0.273416 0.052372
7788 0.252758 0.462194 0.285048
26714 0.272475 0.288640 0.438885
22200 0.605860 0.112200 0.281940
7599 0.281462 0.718538 0.000000
21107 0.129442 0.712358 0.158201
7139 0.554473 0.154243 0.291285
7662 0.855878 0.057459 0.086664
7097 0.738271 0.124472 0.137256
22286 0.157213 0.053316 0.789471
21219 0.144293 0.522046 0.333660
22034 0.308673 0.402966 0.288361
7133 0.299732 0.631101 0.069168
21313 0.436064 0.117815 0.446122
9793 0.015307 0.489601 0.495091
10292 0.153672 0.747924 0.098404
21979 0.338216 0.579255 0.082529
9948 0.095222 0.556629 0.348149
22374 0.394938 0.267928 0.337134
22588 0.605972 0.255579 0.138449
12854 0.067504 0.932496 0.000000
13743 0.395687 0.339907 0.264406
25839 0.364892 0.300660 0.334448
6992 0.340705 0.610792 0.048502
7726 0.491808 0.212717 0.295475
21894 0.140343 0.283758 0.575899
7164 0.086626 0.819344 0.094031
22041 0.257471 0.043735 0.698794
12392 0.379752 0.034376 0.585872
5669 0.738813 0.159131 0.102056
17119 0.054128 0.176509 0.769363
14675 0.200450 0.559098 0.240452
8960 0.149164 0.413103 0.437734
21642 0.211429 0.589929 0.198642
21515 0.046175 0.502254 0.451571
23649 0.138401 0.542817 0.318782
8731 0.356518 0.504045 0.139436
10365 0.164096 0.804140 0.031764
21125 0.534913 0.412895 0.052192
21781 0.271056 0.617181 0.111762
26046 0.234017 0.184254 0.581729
26101 0.637468 0.032297 0.330235
10063 0.293033 0.662537 0.044430
14715 0.612116 0.262393 0.125491
10276 0.110720 0.870383 0.018898
13832 0.583636 0.311692 0.104673
27392 0.404241 0.202366 0.393392
13796 0.804135 0.095330 0.100535
12998 0.560042 0.256236 0.183722
27347 0.204762 0.229281 0.565956
12994 0.483798 0.367420 0.148782
27362 0.067056 0.594295 0.338649
27227 0.274811 0.188614 0.536576
21134 0.242026 0.240975 0.516999
27361 0.476358 0.396257 0.127386
27353 0.326687 0.411297 0.262016
12965 0.594038 0.405962 0.000000
27369 0.073547 0.806331 0.120122
10440 0.352691 0.153515 0.493794
12953 0.600550 0.212088 0.187362
5812 0.521488 0.384013 0.094499
26081 0.301809 0.531802 0.166389
12857 0.336456 0.582748 0.080796
25059 0.235928 0.585853 0.178219
24975 0.224464 0.578576 0.196960
12879 0.402931 0.027559 0.569510
21879 0.303011 0.592895 0.104094
7770 0.325901 0.264577 0.409522
23622 0.164591 0.183363 0.652046
21160 0.416888 0.452761 0.130351
21495 0.506194 0.075221 0.418585
12471 0.276011 0.625453 0.098535
21533 0.579072 0.173393 0.247534
13208 0.573746 0.294239 0.132015
9191 0.159568 0.473252 0.367180
9540 0.038268 0.824812 0.136920
9437 0.151062 0.848938 0.000000
9441 0.404914 0.213467 0.381619
23977 0.360848 0.149224 0.489928
21726 0.648302 0.169792 0.181906
2332 0.387529 0.095611 0.516859
10408 0.098736 0.131936 0.769328
21026 0.349225 0.552235 0.098541
19182 0.237995 0.201088 0.560917
8981 0.448667 0.375621 0.175712
4163 0.321907 0.263717 0.414375
11788 0.339949 0.237345 0.422706
21623 0.915329 0.036091 0.048580
21039 0.086517 0.369785 0.543698
10346 0.256044 0.655478 0.088477
25282 0.604792 0.080352 0.314856
12208 0.224784 0.371841 0.403375
17600 0.485612 0.128378 0.386011
9089 0.140990 0.509497 0.349513
21529 0.000000 0.566114 0.433886
10157 0.136481 0.065259 0.798260
23871 0.299636 0.206418 0.493946
10146 0.335912 0.451995 0.212093
23850 0.500641 0.238675 0.260684
23986 0.549810 0.149633 0.300557
21126 0.633082 0.366918 0.000000
21654 0.651758 0.348242 0.000000
21750 0.627959 0.226919 0.145122
23611 0.732217 0.267783 0.000000
10335 0.116438 0.385937 0.497625
21743 0.036111 0.835393 0.128496
13033 0.101686 0.639575 0.258738
10322 0.683529 0.213760 0.102711
10152 0.360287 0.271495 0.368219
27138 0.462544 0.362835 0.174621
27219 0.312054 0.046519 0.641427
27240 0.810927 0.103026 0.086047
27222 0.150699 0.076990 0.772311
27477 0.788233 0.176916 0.034851
12753 0.025210 0.725471 0.249319
8626 0.013250 0.405360 0.581390
27317 0.483625 0.162584 0.353790
7255 0.222560 0.528904 0.248536
8358 0.468869 0.365592 0.165539
27104 0.447672 0.052832 0.499495
27485 0.952256 0.017203 0.030541
8175 0.091173 0.490590 0.418237
27770 0.317733 0.309850 0.372417
26414 0.501792 0.005483 0.492725
27015 0.937261 0.027310 0.035428
27424 0.024520 0.552179 0.423301
13915 0.790457 0.045416 0.164127
8099 0.245105 0.534816 0.220079
27261 0.205528 0.337928 0.456544
8084 0.431826 0.207584 0.360590
27413 0.280997 0.337194 0.381809
26287 0.855603 0.106606 0.037792
8408 0.000000 0.968366 0.031634
8387 0.564792 0.040418 0.394790
27846 0.066195 0.549297 0.384508
26209 0.491398 0.345892 0.162710
8340 0.517180 0.280146 0.202674
27837 0.274429 0.671997 0.053575
22923 0.404766 0.262682 0.332552
27237 0.356837 0.108638 0.534525
12733 0.510980 0.240035 0.248985
4937 0.304360 0.232594 0.463045
8233 0.219982 0.180846 0.599173
12965 0.855514 0.144486 0.000000
12964 0.608594 0.000000 0.391406
27214 0.479664 0.121691 0.398645
18691 0.547418 0.017788 0.434794
19161 0.601476 0.191575 0.206948
19159 0.254777 0.707032 0.038191
11628 0.232008 0.191035 0.576957
14356 0.139501 0.614619 0.245880
2344 0.018316 0.324238 0.657446
14242 0.709149 0.059463 0.231388
14015 0.484967 0.339618 0.175415
2343 0.296283 0.416871 0.286846
14338 0.437377 0.192341 0.370282
1789 0.431866 0.385215 0.182918
2251 0.041561 0.796879 0.161560
1776 0.820510 0.033990 0.145500
14364 0.234381 0.753876 0.011743
2531 0.278093 0.044082 0.677825
1773 0.053988 0.574900 0.371111
14349 0.230179 0.512742 0.257079
13942 0.048578 0.266763 0.684660
15353 0.130090 0.748358 0.121551
1777 0.524053 0.352349 0.123598
14353 0.624287 0.223740 0.151972
2080 0.716739 0.160243 0.123018
14621 0.283849 0.253329 0.462823
2272 0.491678 0.321879 0.186443
11540 0.253570 0.564218 0.182213
1783 0.308643 0.442923 0.248434
2388 0.057203 0.612524 0.330273
2441 0.417506 0.523430 0.059064
14160 0.215119 0.039675 0.745206
2236 0.526640 0.036534 0.436826
2438 0.324419 0.670138 0.005443
2265 0.122897 0.043417 0.833686
2432 0.285116 0.699639 0.015245
1826 0.483836 0.467460 0.048704
14092 0.447603 0.384851 0.167547
14308 0.730110 0.248455 0.021435
1939 0.199679 0.180437 0.619884
14554 0.639839 0.110937 0.249223
11611 0.367519 0.194020 0.438461
14587 0.285070 0.418529 0.296401
14587 0.007191 0.453225 0.539584
14177 0.405500 0.310548 0.283952
1823 0.041041 0.611048 0.347911
14794 0.586919 0.264334 0.148748
13966 0.121413 0.046762 0.831825
14440 0.180699 0.059100 0.760201
14377 0.056117 0.121895 0.821989
14377 0.355572 0.240071 0.404357
14377 0.025298 0.867563 0.107140
2086 0.298797 0.481616 0.219587
1267 0.417821 0.009041 0.573138
1202 0.270924 0.672840 0.056237
1202 0.170441 0.411906 0.417653
1202 0.129478 0.101980 0.768542
14156 0.202102 0.163531 0.634367
14805 0.354388 0.221629 0.423983
14453 0.221227 0.524276 0.254496
2338 0.485128 0.037611 0.477261
14751 0.069240 0.354428 0.576332
14751 0.579725 0.220848 0.199427
2042 0.023709 0.381540 0.594751
15279 0.502811 0.124287 0.372902
1743 0.616638 0.019546 0.363816
15269 0.808238 0.150091 0.041671
14546 0.032617 0.446469 0.520914
14546 0.227878 0.716299 0.055823
14319 0.424427 0.341006 0.234567
1835 0.289168 0.064376 0.646456
14129 0.368995 0.151845 0.479160
2416 0.112907 0.356699 0.530394
14101 0.290093 0.414712 0.295195
15140 0.104505 0.879620 0.015875
15140 0.843085 0.094752 0.062163
2855 0.239127 0.572028 0.188845
14321 0.207125 0.663021 0.129855
14652 0.084823 0.721347 0.193830
1774 0.038636 0.241851 0.719513
17117 0.768630 0.000000 0.231370
2517 0.272557 0.631937 0.095506
2404 0.475545 0.321670 0.202785
16706 0.545280 0.196400 0.258320
11502 0.215122 0.194599 0.590279
16606 0.574566 0.272454 0.152980
15833 0.405626 0.295112 0.299262
11110 0.287847 0.712153 0.000000
2302 0.286443 0.402719 0.310838
14327 0.481647 0.126310 0.392043
15457 0.258881 0.358783 0.382336
2171 0.345842 0.234010 0.420149
2482 0.127454 0.862410 0.010136
15640 0.059323 0.323062 0.617614
1892 0.375886 0.300959 0.323155
2410 0.126975 0.867133 0.005892
2390 0.752603 0.073152 0.174244
2369 0.268506 0.240792 0.490702
15259 0.306458 0.249924 0.443617
1971 0.306038 0.564047 0.129915
14144 0.104818 0.220465 0.674718
2273 0.410063 0.185600 0.404336
14106 0.424567 0.282541 0.292892
11600 0.178323 0.126743 0.694934
14410 0.152965 0.444537 0.402498
2902 0.432665 0.391369 0.175967
1941 0.639207 0.095946 0.264847
1767 0.796942 0.026323 0.176735
14871 0.000000 0.255334 0.744666
14871 0.017788 0.496886 0.485326
14871 0.081488 0.701363 0.217150
1114 0.198372 0.725035 0.076593
2429 0.743525 0.081237 0.175238
14099 0.751720 0.143569 0.104711
14435 0.072592 0.309565 0.617843
15376 0.027959 0.852617 0.119424
15376 0.089627 0.310298 0.600075
14624 0.344805 0.591970 0.063225
2274 0.660541 0.040245 0.299214
14228 0.066754 0.042028 0.891219
2115 0.440385 0.032654 0.526961
1297 0.445167 0.506719 0.048114
14435 0.588165 0.242562 0.169274
14651 0.827737 0.115975 0.056288
14653 0.338414 0.458088 0.203498
2485 0.451504 0.450524 0.097972
14089 0.135479 0.596706 0.267815
14711 0.020656 0.723320 0.256024
2203 0.000000 0.243887 0.756113
15371 0.274148 0.587521 0.138331
11625 0.894451 0.094064 0.011485
14542 0.425930 0.110343 0.463727
15438 0.439730 0.556350 0.003920
14591 0.363002 0.281328 0.355670
14614 0.190470 0.772501 0.037029
1748 0.015012 0.459498 0.525490
14324 0.135031 0.271367 0.593602
1983 0.375965 0.358750 0.265284
2209 0.282305 0.566139 0.151556
14256 0.714630 0.095960 0.189410
2504 0.150574 0.092395 0.757031
14201 0.263248 0.044323 0.692429
14201 0.568096 0.132806 0.299098
2092 0.663982 0.208020 0.127998
11635 0.820220 0.049246 0.130534
11635 0.403762 0.081820 0.514418
11635 0.067087 0.090121 0.842793
1825 0.358313 0.234172 0.407515
1980 0.585264 0.182657 0.232079
2190 0.036551 0.197590 0.765858
14476 0.573669 0.196702 0.229630
2187 0.389699 0.052390 0.557911
2387 0.443611 0.413602 0.142787
14731 0.415888 0.549204 0.034908
14731 0.311159 0.276943 0.411898
14731 0.153401 0.037878 0.808720
6710 0.149351 0.133281 0.717368
6575 0.456853 0.220986 0.322162
14549 0.373233 0.077761 0.549007
14432 0.937992 0.054255 0.007753
14571 0.242288 0.241209 0.516503
14571 0.405541 0.562548 0.031911
16834 0.093717 0.169316 0.736967
6533 0.173263 0.199071 0.627665
18751 0.336335 0.439744 0.223921
6856 0.822380 0.057572 0.120049
18766 0.473685 0.332397 0.193918
18766 0.082074 0.476913 0.441013
18735 0.044334 0.093463 0.862203
18419 0.738241 0.181136 0.080624
18419 0.410461 0.247012 0.342527
6568 0.076359 0.869400 0.054241
6568 0.483724 0.353467 0.162809
18416 0.728081 0.122621 0.149298
6610 0.603385 0.052917 0.343699
18643 0.312923 0.079522 0.607555
18643 0.372087 0.534274 0.093639
16805 0.338838 0.149965 0.511197
11651 0.349418 0.486471 0.164111
16816 0.294721 0.176718 0.528561
16816 0.728563 0.102716 0.168721
11691 0.487786 0.236168 0.276046
11691 0.083390 0.669671 0.246940
18730 0.496043 0.420398 0.083559
18730 0.847854 0.098771 0.053375
13204 0.753871 0.023284 0.222845
26052 0.231598 0.336985 0.431417
26052 0.075995 0.080690 0.843315
24264 0.038301 0.168129 0.793570
6955 0.039010 0.536459 0.424531
18653 0.536265 0.293138 0.170597
17214 0.121147 0.005943 0.872910
11919 0.717221 0.132500 0.150279
19097 0.003700 0.991707 0.004593
6911 0.294141 0.082294 0.623565
6793 0.638886 0.014023 0.347091
4986 0.714930 0.091700 0.193369
18678 0.055364 0.019396 0.925240
6930 0.221259 0.008051 0.770690
18659 0.545916 0.420785 0.033298
18746 0.124337 0.041299 0.834364
19053 0.043164 0.384235 0.572601
19134 0.152173 0.380970 0.466857
18394 0.414971 0.263835 0.321194
6884 0.425821 0.292808 0.281371
18782 0.598899 0.191175 0.209927
6659 0.166521 0.274780 0.558699
18410 0.203075 0.268023 0.528902
6690 0.146306 0.313149 0.540545
18363 0.647061 0.296677 0.056262
6701 0.327445 0.341190 0.331365
18439 0.520253 0.145631 0.334117
6661 0.281952 0.116946 0.601102
6772 0.286088 0.646831 0.067081
6852 0.062479 0.714750 0.222771
6926 0.096127 0.230512 0.673361
18674 0.244849 0.117656 0.637495
6909 0.399469 0.548626 0.051905
6923 0.188022 0.274386 0.537593
6907 0.871505 0.115820 0.012675
18679 0.081225 0.484275 0.434501
4905 0.053409 0.031381 0.915210
18615 0.102796 0.851616 0.045588
22741 0.039904 0.728781 0.231315
18591 0.539671 0.269293 0.191036
4988 0.162465 0.758906 0.078630
18761 0.498035 0.048203 0.453762
5000 0.744115 0.225886 0.029998
18598 0.477098 0.025441 0.497461
17797 0.048513 0.253125 0.698362
17797 0.748869 0.197280 0.053852
6894 0.120881 0.112341 0.766778
6903 0.083586 0.770645 0.145768
6880 0.036405 0.589086 0.374509
24835 0.417276 0.045558 0.537166
18872 0.710497 0.173478 0.116025
5241 0.533806 0.214338 0.251856
18871 0.275124 0.326821 0.398054
11689 0.026101 0.646810 0.327089
6692 0.231952 0.768048 0.000000
6714 0.320183 0.584204 0.095613
13775 0.050044 0.934825 0.015131
19052 0.359995 0.042723 0.597282
26062 0.005692 0.839221 0.155087
24834 0.947807 0.036369 0.015823
24834 0.156283 0.709310 0.134407
5249 0.268289 0.652166 0.079545
6915 0.568397 0.040517 0.391086
18667 0.723459 0.142504 0.134036
6950 0.892564 0.091048 0.016388
5348 0.576022 0.157903 0.266075
6857 0.283564 0.267035 0.449401
6851 0.353761 0.324911 0.321328
17717 0.732391 0.195823 0.071787
1215 0.699662 0.261679 0.038660
18884 0.845311 0.097713 0.056976
5329 0.411392 0.368734 0.219873
19175 0.356184 0.254352 0.389463
6917 0.074417 0.894028 0.031555
18583 0.677631 0.268908 0.053460
18616 0.393082 0.596579 0.010339
5289 0.427335 0.023217 0.549448
19144 0.848658 0.082659 0.068684
5254 0.587363 0.134828 0.277809
18931 0.035797 0.810619 0.153584
18660 0.774097 0.188944 0.036959
18627 0.103513 0.152132 0.744355
6867 0.486577 0.136233 0.377190
18608 0.196100 0.389214 0.414687
17864 0.094345 0.384468 0.521187
6081 0.718932 0.229025 0.052043
19177 0.306265 0.228833 0.464902
18740 0.155292 0.304080 0.540628
6876 0.161411 0.488225 0.350365
18621 0.538152 0.170014 0.291834
1215 0.415022 0.171867 0.413112
6942 0.361994 0.488585 0.149421
18577 0.084622 0.270023 0.645355
17741 0.573501 0.199400 0.227099
5427 0.087719 0.269054 0.643228
5428 0.065134 0.249898 0.684968
18984 0.649210 0.263881 0.086909
5345 0.069932 0.650668 0.279400
18619 0.509436 0.366123 0.124441
18590 0.109324 0.663491 0.227185
5986 0.469750 0.199203 0.331047
17904 0.939362 0.047956 0.012682
5386 0.522579 0.270130 0.207291
5429 0.253171 0.729151 0.017678
5429 0.350374 0.072215 0.577412
5257 0.765368 0.031147 0.203485
18816 0.036367 0.889765 0.073868
5259 0.355926 0.102855 0.541219
5399 0.956875 0.011396 0.031729
18991 0.254452 0.420263 0.325286
18661 0.025871 0.134790 0.839339
5396 0.286355 0.089448 0.624197
18800 0.643605 0.356095 0.000300
5342 0.758772 0.238391 0.002837
18901 0.831940 0.012338 0.155722
18833 0.402890 0.268920 0.328190
6906 0.000523 0.633005 0.366472
17695 0.044919 0.414557 0.540525
6049 0.730282 0.208649 0.061069
5424 0.572960 0.112786 0.314253
18836 0.165089 0.081868 0.753043
17699 0.021688 0.336509 0.641803
18850 0.661357 0.024969 0.313675
5414 0.388129 0.055291 0.556580
18745 0.106054 0.879807 0.014140
6783 0.318048 0.322973 0.358979
18638 0.152736 0.530561 0.316702
18747 0.484461 0.495308 0.020232
6789 0.306332 0.097088 0.596580
18763 0.235067 0.037922 0.727011
5628 0.028398 0.829426 0.142176
19224 0.279030 0.694264 0.026706
5584 0.307570 0.184360 0.508071
6935 0.726761 0.128491 0.144748
6877 0.023024 0.974678 0.002298
6877 0.000000 0.218576 0.781424
18820 0.096499 0.506313 0.397188
5406 0.401477 0.385631 0.212891
6854 0.271831 0.259357 0.468811
6042 0.602736 0.315798 0.081466
6584 0.092167 0.523479 0.384354
6861 0.005434 0.293918 0.700648
6625 0.815479 0.102815 0.081706
18701 0.061106 0.938276 0.000618
18604 0.031383 0.058244 0.910373
5311 0.002281 0.809904 0.187815
19165 0.093318 0.634583 0.272099
5300 0.158609 0.483513 0.357878
5316 0.002868 0.773375 0.223757
19168 0.609647 0.319725 0.070627
17728 0.228510 0.036518 0.734973
25403 0.164618 0.690362 0.145019
18894 0.388498 0.364462 0.247040
6050 0.546269 0.254917 0.198815
5388 0.595918 0.264543 0.139539
5388 0.219271 0.013078 0.767651
5924 0.188562 0.123120 0.688318
5264 0.194869 0.384173 0.420959
5264 0.762886 0.157987 0.079128
5224 0.723645 0.064877 0.211477
18692 0.558020 0.245297 0.196683
18813 0.326856 0.009784 0.663359
18813 0.031221 0.732690 0.236088
5225 0.104676 0.840763 0.054561
5304 0.386614 0.029823 0.583563
5874 0.795151 0.199914 0.004935
17794 0.040924 0.529792 0.429285
18865 0.161012 0.623632 0.215356
5364 0.703187 0.007306 0.289507
18957 0.305090 0.187586 0.507324
5936 0.437920 0.304167 0.257914
18939 0.111380 0.079335 0.809285
18954 0.054856 0.578673 0.366471
5978 0.139892 0.370691 0.489418
5401 0.052887 0.894191 0.052922
18940 0.294512 0.466289 0.239199
18937 0.093067 0.556063 0.350870
5739 0.499527 0.110754 0.389719
18961 0.204019 0.782396 0.013585
17884 0.373165 0.229808 0.397026
5941 0.346000 0.177350 0.476650
5404 0.485661 0.422907 0.091432
18818 0.343642 0.482074 0.174285
17787 0.118341 0.712099 0.169560
5266 0.068603 0.544838 0.386558
5266 0.460624 0.443774 0.095602
5402 0.140241 0.644313 0.215447
17790 0.134559 0.795792 0.069649
18902 0.111039 0.169591 0.719370
5376 0.563319 0.209437 0.227243
17824 0.187284 0.443844 0.368872
5992 0.102983 0.380551 0.516466
17896 0.278363 0.422823 0.298814
17901 0.062522 0.132359 0.805120
17901 0.235159 0.352053 0.412788
5983 0.360035 0.167857 0.472107
5245 0.803523 0.196477 0.000000
5245 0.482735 0.517265 0.000000
5937 0.075887 0.712982 0.211131
17779 0.653427 0.239300 0.107273
5914 0.325032 0.566705 0.108263
1156 0.006919 0.784758 0.208322
17586 0.378671 0.285443 0.335886
17892 0.169558 0.514038 0.316404
