4656 0.847760 0.069834 0.082406
6886 0.005478 0.201042 0.793480
1231 0.486603 0.513397 0.000000
5654 0.111865 0.541885 0.346249
6944 0.146226 0.207465 0.646310
6963 0.411999 0.197866 0.390135
1285 0.540450 0.066726 0.392823
1233 0.558076 0.264711 0.177213
5653 0.429762 0.488546 0.081693
5795 0.429759 0.240003 0.330238
6894 0.729395 0.180618 0.089987
6931 0.511256 0.248680 0.240064
4668 0.081919 0.560520 0.357561
6898 0.611525 0.085359 0.303117
5596 0.328814 0.016353 0.654832
1284 0.070206 0.302451 0.627344
4587 0.704924 0.120732 0.174344
4552 0.526076 0.306532 0.167392
6961 0.184551 0.395834 0.419615
5594 0.120007 0.423069 0.456925
4670 0.723493 0.260464 0.016043
4528 0.584345 0.217543 0.198112
5590 0.128073 0.431849 0.440078
5817 0.045387 0.480617 0.473996
6932 0.796649 0.140037 0.063315
8368 0.256153 0.537484 0.206363
4694 0.383028 0.113647 0.503325
4673 0.033225 0.645991 0.320784
1235 0.052883 0.741077 0.206040
8887 0.318400 0.525259 0.156341
2813 0.179056 0.349903 0.471040
2817 0.718262 0.103126 0.178612
8887 0.733584 0.001804 0.264612
8941 0.609409 0.166102 0.224490
8886 0.066927 0.572664 0.360409
3729 0.270393 0.696104 0.033503
9171 0.209369 0.701871 0.088760
3738 0.633815 0.239133 0.127052
8888 0.191973 0.379675 0.428351
3738 0.003520 0.916597 0.079883
8901 0.239214 0.742040 0.018746
2794 0.546199 0.356650 0.097151
2798 0.040878 0.251134 0.707989
2798 0.643762 0.174563 0.181675
8919 0.064715 0.400180 0.535105
3723 0.068557 0.425168 0.506275
1477 0.526767 0.473233 0.000000
8918 0.753268 0.240734 0.005999
2812 0.277260 0.513556 0.209184
2871 0.277007 0.599505 0.123488
2925 0.735296 0.003497 0.261207
2934 0.075691 0.851593 0.072716
8922 0.013088 0.065863 0.921049
8930 0.403098 0.023216 0.573685
2811 0.118379 0.314147 0.567473
5833 0.460057 0.518408 0.021535
5836 0.332071 0.501648 0.166281
5838 0.368651 0.474404 0.156945
5851 0.298437 0.595213 0.106351
9058 0.118900 0.723364 0.157736
2796 0.319468 0.019065 0.661468
2807 0.736195 0.121817 0.141987
2824 0.583272 0.079584 0.337144
8908 0.730494 0.016707 0.252799
2870 0.235824 0.624455 0.139721
5846 0.025604 0.437343 0.537053
847 0.427829 0.548437 0.023734
5845 0.049571 0.607284 0.343145
2945 0.090359 0.252141 0.657500
9205 0.073989 0.302879 0.623131
3721 0.085674 0.038857 0.875469
3448 1.000000 0.000000 0.000000
2853 0.910581 0.059615 0.029804
2930 0.224918 0.009824 0.765258
2800 0.021763 0.190265 0.787973
8920 0.184196 0.314061 0.501744
8915 0.047067 0.223400 0.729533
1677 0.230540 0.713330 0.056129
1678 0.107205 0.283257 0.609538
3721 0.900168 0.003149 0.096683
3749 1.000000 0.000000 0.000000
8972 0.562816 0.165948 0.271236
1523 0.000000 0.555376 0.444624
2933 0.570799 0.131503 0.297698
8864 0.202504 0.656101 0.141395
8896 0.216313 0.770962 0.012725
2790 0.216401 0.610748 0.172851
8893 0.406864 0.544965 0.048170
2789 0.597187 0.147690 0.255122
8913 0.013316 0.153102 0.833582
8900 0.187645 0.255881 0.556474
8890 0.118146 0.410167 0.471687
2803 0.235334 0.556393 0.208273
8914 0.001703 0.219035 0.779263
8940 0.158054 0.129383 0.712563
2818 0.209697 0.224682 0.565621
2953 0.114503 0.267250 0.618246
8843 0.156938 0.332714 0.510349
8842 0.203767 0.123806 0.672427
8882 0.213745 0.415918 0.370336
2921 0.216698 0.049360 0.733942
2876 0.289661 0.274907 0.435431
8866 0.152488 0.391177 0.456335
8884 0.185110 0.788532 0.026358
2877 0.265486 0.430696 0.303818
8867 0.124650 0.849616 0.025733
2899 0.171120 0.181105 0.647775
5843 0.860750 0.086377 0.052873
832 0.408891 0.301626 0.289483
5894 0.333842 0.332193 0.333965
6940 0.143224 0.334803 0.521973
6939 0.544806 0.289732 0.165462
6815 0.656884 0.300041 0.043075
6880 0.081170 0.290430 0.628400
4538 0.754991 0.045841 0.199169
6816 0.641875 0.098116 0.260009
8870 0.601518 0.006999 0.391483
8869 0.013697 0.907324 0.078979
8836 0.000000 0.284962 0.715038
8837 0.084930 0.853976 0.061094
2947 0.787305 0.117530 0.095165
8837 0.210731 0.049933 0.739336
8833 0.200464 0.096147 0.703389
8835 0.527962 0.264577 0.207461
2940 0.911532 0.002685 0.085783
8834 0.564733 0.328537 0.106731
8829 0.500737 0.165423 0.333840
8855 0.479174 0.224045 0.296780
8840 0.353520 0.360640 0.285840
2913 0.049515 0.845649 0.104836
2883 0.517286 0.077197 0.405518
2886 0.348043 0.429364 0.222593
2888 0.460010 0.215920 0.324071
2887 0.211930 0.501492 0.286578
8984 0.826785 0.148547 0.024668
3450 0.000000 0.797035 0.202965
8975 0.300790 0.378992 0.320217
3453 0.358431 0.610594 0.030975
8862 0.731918 0.131629 0.136453
2910 0.323775 0.600887 0.075338
8869 0.836694 0.077862 0.085443
8857 0.900705 0.035260 0.064036
6818 0.703777 0.256276 0.039946
6937 0.268576 0.264568 0.466856
6933 0.153388 0.435618 0.410994
5711 0.149589 0.457070 0.393341
4563 0.127982 0.327120 0.544898
5826 0.143823 0.447812 0.408365
6827 0.237855 0.208161 0.553984
4566 0.219226 0.591199 0.189576
4590 0.115515 0.738111 0.146373
4610 0.006100 0.470785 0.523116
6819 0.905054 0.073692 0.021254
6949 0.500997 0.178776 0.320227
4676 0.419500 0.578070 0.002430
6881 0.434679 0.455301 0.110021
5824 0.022245 0.633516 0.344240
997 0.285266 0.305044 0.409690
993 0.089186 0.511217 0.399597
5807 0.031912 0.883267 0.084821
4657 0.392584 0.559041 0.048375
6887 0.399547 0.543272 0.057181
978 0.438096 0.498678 0.063226
5789 0.389344 0.404991 0.205665
5823 0.035675 0.324351 0.639974
988 0.419523 0.225640 0.354837
6948 0.021461 0.357345 0.621194
4674 0.413981 0.247626 0.338393
6879 0.473059 0.029014 0.497927
6926 0.379668 0.609556 0.010776
6878 0.559890 0.112596 0.327514
6892 0.294243 0.565242 0.140515
6895 0.218251 0.502561 0.279189
6941 0.636133 0.195052 0.168816
2882 0.953757 0.031119 0.015123
8858 0.029684 0.587643 0.382673
3329 0.692793 0.165729 0.141478
2888 0.311107 0.321822 0.367071
5695 0.219929 0.008121 0.771949
1349 0.616852 0.262786 0.120362
761 0.568768 0.044780 0.386452
5727 0.381342 0.325245 0.293413
1304 0.658435 0.174653 0.166912
946 0.040293 0.196116 0.763591
6619 0.647281 0.077694 0.275025
1247 0.471488 0.217379 0.311133
5720 0.335267 0.638358 0.026375
5736 0.263178 0.660220 0.076601
6866 0.182037 0.693777 0.124186
6846 0.278609 0.256414 0.464977
928 0.646390 0.200773 0.152837
6652 0.501059 0.225121 0.273819
5581 0.367769 0.390843 0.241388
5582 0.483060 0.113179 0.403761
5730 0.690196 0.135739 0.174065
749 0.564096 0.037276 0.398628
1269 0.204164 0.332312 0.463524
1252 0.177544 0.558951 0.263504
4805 0.351940 0.315208 0.332853
4580 1.000000 0.000000 0.000000
4580 1.000000 0.000000 0.000000
4805 0.133947 0.408035 0.458018
1262 1.000000 0.000000 0.000000
6869 0.035602 0.443752 0.520646
6804 0.827010 0.147817 0.025173
6838 0.410792 0.158724 0.430485
4786 0.081393 0.370512 0.548095
929 0.559294 0.165020 0.275685
752 0.724507 0.258906 0.016587
950 0.756885 0.141815 0.101300
805 0.260257 0.078512 0.661231
6693 0.057179 0.417913 0.524908
6639 0.026885 0.187600 0.785515
6649 0.254511 0.109615 0.635874
4636 0.472964 0.326822 0.200213
1278 0.354112 0.167827 0.478061
5644 0.511297 0.044371 0.444332
6630 0.773390 0.024941 0.201669
807 0.224700 0.013423 0.761877
745 0.982479 0.017521 0.000000
807 0.186670 0.811158 0.002173
4556 0.169136 0.458345 0.372520
5593 0.148012 0.388236 0.463752
6172 0.406578 0.576658 0.016764
1337 0.291046 0.589708 0.119245
6622 0.134752 0.102466 0.762782
6629 0.212643 0.533119 0.254238
2948 0.191379 0.017057 0.791564
2887 0.097592 0.631017 0.271391
8837 0.401960 0.048960 0.549080
8856 0.881752 0.116971 0.001277
8856 0.158109 0.241214 0.600677
8834 0.403174 0.484279 0.112547
2955 0.575349 0.051981 0.372670
2951 0.777611 0.222389 0.000000
8841 0.146536 0.157056 0.696408
2923 0.530393 0.433194 0.036412
8847 0.027486 0.767761 0.204753
2940 0.116086 0.454187 0.429727
8831 0.474151 0.103866 0.421982
8874 0.723671 0.189640 0.086689
2885 0.706111 0.213552 0.080337
8875 0.094203 0.449751 0.456046
3451 0.172604 0.405424 0.421972
8862 0.321366 0.061469 0.617165
8865 0.166568 0.141142 0.692290
2880 0.798006 0.094365 0.107629
8853 0.308291 0.094348 0.597361
8841 0.092000 0.756540 0.151459
8845 0.059005 0.131446 0.809548
8846 0.163490 0.567821 0.268689
8830 0.072433 0.926063 0.001505
2942 0.018980 0.576610 0.404410
8925 0.021541 0.179114 0.799345
2934 0.035479 0.006806 0.957715
8924 0.116698 0.690150 0.193152
8863 0.373286 0.371807 0.254908
2874 0.087985 0.649761 0.262254
2875 0.581579 0.058093 0.360328
8868 0.300549 0.604559 0.094892
1273 0.226295 0.550076 0.223629
5754 0.230609 0.066236 0.703154
6158 0.197377 0.773953 0.028670
1334 0.214700 0.285000 0.500301
6623 0.501899 0.059188 0.438913
6622 0.801032 0.052461 0.146507
1549 0.362268 0.174400 0.463331
1467 0.168866 0.350503 0.480631
850 0.022762 0.491927 0.485311
1322 0.104900 0.555830 0.339270
5860 0.187545 0.665847 0.146608
1478 0.508575 0.048479 0.442946
3796 0.406161 0.354322 0.239517
1433 0.735810 0.131322 0.132868
962 0.147412 0.551371 0.301217
3677 0.587939 0.263332 0.148728
1322 0.000000 0.012308 0.987692
5680 0.776209 0.222207 0.001584
1549 0.537064 0.432919 0.030017
5916 0.038774 0.389231 0.571995
9296 0.443743 0.181483 0.374775
9937 0.359341 0.620247 0.020412
4891 0.258620 0.229209 0.512171
9938 0.382714 0.475430 0.141855
9295 0.537617 0.341675 0.120708
9295 0.283883 0.471153 0.244964
9939 0.478768 0.276551 0.244681
5506 0.112473 0.319160 0.568367
5506 0.316413 0.607396 0.076191
973 0.197235 0.505771 0.296993
973 0.774057 0.141265 0.084678
1003 0.536906 0.185200 0.277894
6713 0.150542 0.389903 0.459555
963 0.114014 0.329334 0.556652
6783 0.495607 0.130698 0.373696
999 0.663877 0.155747 0.180376
5865 0.156235 0.822333 0.021432
5798 0.093929 0.382064 0.524007
1028 0.343354 0.234727 0.421919
1028 0.455663 0.531458 0.012879
853 0.280730 0.418772 0.300499
5600 0.006732 0.000000 0.993268
5600 0.058143 0.613031 0.328826
1399 0.328764 0.501058 0.170178
1433 0.307135 0.279917 0.412948
3677 0.068586 0.185204 0.746210
5485 0.841777 0.113293 0.044930
5485 0.186128 0.666870 0.147001
4891 0.244672 0.533153 0.222175
5491 0.254787 0.522327 0.222886
1399 0.025161 0.388876 0.585963
1293 0.000000 0.464514 0.535486
975 0.623302 0.000000 0.376698
5680 1.000000 0.000000 0.000000
958 0.243105 0.281129 0.475766
851 0.570027 0.104739 0.325234
851 0.000000 0.035018 0.964982
987 0.334509 0.485497 0.179994
6729 0.328798 0.399764 0.271438
973 0.152609 0.120082 0.727309
5805 0.449337 0.349123 0.201541
961 0.673558 0.307107 0.019335
5865 0.758567 0.215674 0.025759
1319 0.412861 0.239206 0.347933
5741 0.448061 0.175507 0.376432
6734 0.242731 0.049074 0.708195
6714 0.210813 0.057621 0.731565
1039 0.871377 0.078735 0.049888
6746 0.093634 0.628200 0.278166
1024 0.000000 0.144583 0.855417
6734 0.091573 0.661081 0.247346
1025 0.383467 0.163124 0.453409
998 0.311948 0.429834 0.258218
9926 0.005250 0.409335 0.585415
971 0.168078 0.500506 0.331416
898 0.045296 0.246123 0.708581
5743 0.209697 0.787141 0.003162
870 0.222948 0.322544 0.454508
899 0.126664 0.434101 0.439235
972 0.191708 0.504777 0.303515
798 0.224594 0.733289 0.042117
6616 0.012970 0.015745 0.971284
6616 0.684044 0.084483 0.231473
5628 0.195723 0.391031 0.413246
793 0.661871 0.216617 0.121512
5816 0.202309 0.076271 0.721420
793 0.014080 0.814095 0.171824
980 0.191882 0.072765 0.735353
1035 0.115797 0.519503 0.364701
6720 0.453208 0.086065 0.460726
1325 0.328641 0.189973 0.481386
1029 0.412333 0.102967 0.484700
5707 0.413658 0.006078 0.580263
6773 0.386707 0.027969 0.585323
6147 0.328759 0.518493 0.152748
1306 0.537181 0.121094 0.341724
819 0.348064 0.612764 0.039172
1041 0.240778 0.716541 0.042681
1041 0.265322 0.176032 0.558646
819 0.372737 0.086918 0.540345
910 0.317382 0.649773 0.032845
754 0.415974 0.582485 0.001541
910 0.253702 0.194821 0.551477
754 0.377758 0.076676 0.545566
1320 0.267781 0.572084 0.160135
6779 0.710495 0.155173 0.134333
5678 0.034761 0.839010 0.126229
1009 0.135979 0.817250 0.046771
5679 0.057656 0.905988 0.036355
1009 0.011529 0.005908 0.982563
791 0.843271 0.042814 0.113915
1032 0.103564 0.646567 0.249868
9295 0.896433 0.079196 0.024371
9334 0.067270 0.724046 0.208683
4890 0.616308 0.116474 0.267218
5493 0.274177 0.042386 0.683437
5506 0.707691 0.195912 0.096397
9294 0.438771 0.444325 0.116903
5495 0.043952 0.461855 0.494194
5495 0.138305 0.804664 0.057031
5868 0.183609 0.526191 0.290200
867 0.555224 0.265727 0.179049
6800 0.009203 0.623112 0.367685
1471 0.102197 0.474554 0.423249
9294 0.059680 0.634495 0.305825
9294 0.088399 0.131717 0.779883
5870 0.623618 0.273587 0.102794
867 0.000000 0.824923 0.175077
860 0.086654 0.266663 0.646683
5852 0.090450 0.334525 0.575025
1455 0.239072 0.198542 0.562386
3813 0.424953 0.213618 0.361429
1563 0.287666 0.677895 0.034439
9916 0.118032 0.146402 0.735566
9916 0.443765 0.376175 0.180060
3776 0.261614 0.042919 0.695467
9340 0.373083 0.610905 0.016012
5484 0.099007 0.410232 0.490761
5513 0.082277 0.003683 0.914040
9340 0.424282 0.043543 0.532175
5491 0.654788 0.246077 0.099136
9341 0.001747 0.875536 0.122717
9337 0.023218 0.215908 0.760874
9337 0.506190 0.286944 0.206866
9334 0.167559 0.345074 0.487366
5490 0.124230 0.134452 0.741318
9332 0.437148 0.363165 0.199687
5492 0.047084 0.466318 0.486598
9332 0.044377 0.453866 0.501758
5495 0.513398 0.107921 0.378681
9330 0.713552 0.096226 0.190223
9332 0.125561 0.036249 0.838190
9330 0.158615 0.623201 0.218185
5497 0.212427 0.550527 0.237046
5497 0.728346 0.097227 0.174427
9330 0.236633 0.198996 0.564370
9940 0.794904 0.010639 0.194458
5505 0.594270 0.081760 0.323970
5487 0.294277 0.438188 0.267536
9328 0.025604 0.558237 0.416159
9298 0.342740 0.547272 0.109988
5487 0.184135 0.256101 0.559764
9336 0.485803 0.351536 0.162662
4875 0.412034 0.067469 0.520497
4875 0.164746 0.283076 0.552179
9297 0.395472 0.196266 0.408262
9298 0.030779 0.597147 0.372073
9353 0.166453 0.833547 0.000000
9370 0.168323 0.568238 0.263439
9369 0.008123 0.125120 0.866757
5258 0.467387 0.326047 0.206566
9369 0.374355 0.241746 0.383899
5259 0.805059 0.030822 0.164119
5259 0.510458 0.356720 0.132822
9359 0.625702 0.143675 0.230623
5226 0.578788 0.047159 0.374053
9360 0.422909 0.030680 0.546410
9360 0.416154 0.351492 0.232354
9358 0.156609 0.042778 0.800613
5225 0.700308 0.129086 0.170605
9362 0.248251 0.260407 0.491342
9371 0.730410 0.097180 0.172409
9362 0.654993 0.224022 0.120985
9371 0.312712 0.171630 0.515658
9361 0.830839 0.036992 0.132170
9388 0.246431 0.083747 0.669821
5224 0.067852 0.599132 0.333015
9361 0.332994 0.602452 0.064554
5230 0.204004 0.236182 0.559814
5222 0.163582 0.210071 0.626347
5238 0.345878 0.502946 0.151177
5222 0.401553 0.134515 0.463932
9363 0.556356 0.290661 0.152984
5239 0.012050 0.185556 0.802394
5221 0.669720 0.299066 0.031214
5221 0.661729 0.014530 0.323741
9366 0.190942 0.665384 0.143674
5513 0.458012 0.370005 0.171983
9321 0.236213 0.395888 0.367899
5484 0.545404 0.058310 0.396286
9341 0.105315 0.461186 0.433499
9335 0.328563 0.495598 0.175839
5492 0.470264 0.090997 0.438738
9333 0.164961 0.603233 0.231806
5494 0.315774 0.435315 0.248911
5494 0.235308 0.078960 0.685732
5496 0.152941 0.744924 0.102135
5496 0.049296 0.070516 0.880188
9339 0.004807 0.506205 0.488987
9339 0.209020 0.325660 0.465320
5488 0.490015 0.331689 0.178295
5488 0.766081 0.135248 0.098671
9338 0.627327 0.223682 0.148991
5488 0.450673 0.145087 0.404240
9293 0.540424 0.377548 0.082028
6756 0.303364 0.129671 0.566965
753 0.398814 0.124034 0.477151
6655 0.255645 0.577642 0.166714
6707 0.606147 0.111863 0.281991
947 0.422932 0.522895 0.054174
876 0.895640 0.090139 0.014222
880 0.401534 0.177544 0.420921
6760 0.444210 0.090253 0.465538
6705 0.181163 0.565750 0.253087
888 0.912076 0.014297 0.073626
884 0.484078 0.374706 0.141216
6754 0.326579 0.150249 0.523172
892 0.505016 0.156209 0.338774
6712 0.621035 0.210274 0.168691
1006 0.496090 0.112624 0.391285
869 0.745056 0.015122 0.239822
871 0.468431 0.185923 0.345645
5811 0.694518 0.245104 0.060378
944 0.269298 0.105332 0.625370
6787 0.592655 0.158856 0.248489
6647 0.273722 0.712300 0.013978
6724 0.048454 0.448576 0.502970
942 0.547606 0.267586 0.184808
5818 0.063520 0.609226 0.327255
6704 0.943012 0.033607 0.023381
5815 0.243125 0.095860 0.661015
5760 0.069022 0.617817 0.313160
784 0.389766 0.326745 0.283489
6721 0.105320 0.271195 0.623486
1307 0.678392 0.108064 0.213544
1011 0.071846 0.077968 0.850186
984 0.009768 0.077940 0.912292
1021 0.436542 0.519075 0.044383
5820 0.010110 0.284916 0.704975
882 0.604798 0.172688 0.222514
887 0.300096 0.403422 0.296482
6752 0.009103 0.645219 0.345678
6711 0.106534 0.155512 0.737954
890 0.387054 0.385328 0.227618
1001 0.088667 0.035964 0.875369
6776 0.505118 0.314767 0.180115
1035 0.678957 0.321043 0.000000
6696 0.142405 0.667256 0.190339
743 0.365585 0.058707 0.575707
4646 0.326412 0.402043 0.271545
925 0.316746 0.666705 0.016548
6634 0.138772 0.630522 0.230706
6631 0.287512 0.617660 0.094828
6624 0.143769 0.708000 0.148231
881 0.082693 0.246323 0.670984
4633 0.137399 0.132038 0.730563
4638 0.620268 0.128266 0.251466
6661 0.770058 0.069704 0.160238
6685 0.263516 0.545461 0.191023
6635 0.301181 0.182521 0.516298
926 0.156952 0.180331 0.662717
931 0.499774 0.100278 0.399948
4644 0.186803 0.308758 0.504439
6700 0.454348 0.119822 0.425830
6688 0.375293 0.512539 0.112168
4650 0.459011 0.176100 0.364888
4640 0.363611 0.532561 0.103828
710 0.275531 0.184739 0.539730
1267 0.310158 0.038990 0.650851
5583 0.130152 0.639781 0.230067
1271 0.385594 0.435636 0.178770
1266 0.435352 0.046124 0.518524
5578 0.133674 0.454932 0.411394
1265 0.579721 0.228150 0.192129
5577 0.484687 0.383292 0.132021
5606 0.161714 0.313318 0.524968
1294 0.615781 0.308969 0.075249
5571 0.435911 0.341826 0.222263
1336 0.384386 0.246939 0.368675
6175 0.192872 0.056354 0.750775
4614 0.312504 0.315844 0.371651
6666 0.420445 0.403917 0.175638
4684 0.542957 0.154443 0.302600
4680 0.407172 0.115138 0.477690
4688 0.664175 0.088908 0.246917
6918 0.094075 0.276202 0.629723
6665 0.443053 0.320357 0.236589
4679 0.607011 0.192307 0.200682
6909 0.149497 0.458290 0.392213
5664 0.500426 0.486485 0.013089
6673 0.555861 0.124598 0.319541
4618 0.181528 0.314911 0.503561
1282 0.501858 0.132650 0.365492
4625 0.228035 0.737107 0.034859
6747 0.560480 0.179245 0.260275
6671 0.213355 0.670647 0.115998
5655 0.254901 0.142458 0.602641
4660 0.914548 0.077735 0.007717
5782 0.189595 0.304529 0.505875
5896 0.062444 0.117449 0.820107
4561 0.754198 0.168262 0.077540
4664 0.678301 0.245105 0.076594
5662 0.036352 0.049321 0.914327
6893 0.006224 0.386950 0.606826
1348 0.945363 0.019971 0.034665
6885 0.178313 0.424665 0.397021
5684 0.116343 0.136759 0.746897
4675 0.549913 0.136094 0.313993
702 0.339900 0.407727 0.252373
740 0.036651 0.693310 0.270039
4544 0.005768 0.538564 0.455667
5660 0.209655 0.421291 0.369054
6897 0.358121 0.408877 0.233002
6891 0.338077 0.098777 0.563147
5905 0.187147 0.099313 0.713539
1386 0.377267 0.512736 0.109997
4542 0.521687 0.256193 0.222120
5656 0.937669 0.056671 0.005660
6947 0.205775 0.107440 0.686785
5777 0.007105 0.037486 0.955409
4611 0.115600 0.082972 0.801428
5777 0.028898 0.717244 0.253858
6965 0.172862 0.648356 0.178782
5774 0.538991 0.129869 0.331139
6959 0.449584 0.021032 0.529384
5655 0.250562 0.627259 0.122180
4660 0.168963 0.823641 0.007396
4561 0.035677 0.942272 0.022051
6886 0.038070 0.953409 0.008522
4656 0.101929 0.836005 0.062066
4527 0.126252 0.660711 0.213038
4557 0.101160 0.261744 0.637096
6944 0.083951 0.898539 0.017510
4526 0.024465 0.417811 0.557725
4661 0.885056 0.110715 0.004229
6929 0.136688 0.500518 0.362794
4611 0.882598 0.020422 0.096981
4611 0.072472 0.836810 0.090718
4550 0.265631 0.596339 0.138029
4553 0.259796 0.169828 0.570376
4599 0.653494 0.254330 0.092176
4532 0.588415 0.380877 0.030708
4595 0.481478 0.101133 0.417389
847 0.444573 0.054035 0.501391
6817 0.165200 0.650640 0.184160
5846 0.602253 0.394477 0.003269
836 0.430265 0.234927 0.334808
6819 0.230788 0.762344 0.006868
833 0.103698 0.040293 0.856009
6936 0.657971 0.084368 0.257661
5842 0.090085 0.683194 0.226721
4541 0.384000 0.154994 0.461005
841 0.064066 0.401560 0.534373
4594 0.404446 0.085541 0.510013
4593 0.217969 0.279097 0.502934
4535 0.050134 0.266905 0.682961
4554 0.035561 0.778308 0.186131
976 0.225463 0.252374 0.522162
4534 0.044679 0.579606 0.375716
4537 0.332714 0.142036 0.525250
4596 0.122836 0.762251 0.114913
4538 0.174163 0.534731 0.291107
6820 0.282400 0.614383 0.103217
4565 0.298887 0.217507 0.483606
4539 0.277430 0.073164 0.649406
6938 0.425681 0.524434 0.049886
4540 0.162542 0.260391 0.577067
4536 0.054199 0.435070 0.510731
5837 0.378456 0.430480 0.191064
6826 0.445433 0.374899 0.179668
4567 0.000000 0.511293 0.488707
4663 0.222472 0.728078 0.049451
4530 0.254625 0.632088 0.113287
5822 0.720616 0.190363 0.089020
4555 0.253872 0.020117 0.726011
5825 0.228220 0.710558 0.061222
4525 0.649170 0.148079 0.202751
4529 0.453465 0.342078 0.204456
996 0.063656 0.147006 0.789338
6955 0.192803 0.775120 0.032077
4685 0.603000 0.234056 0.162944
1286 0.142091 0.274687 0.583222
5710 0.076014 0.881089 0.042897
1222 0.110317 0.853415 0.036268
4658 0.115816 0.831559 0.052625
977 0.131516 0.834671 0.033813
6884 0.018836 0.822527 0.158637
4805 0.636607 0.164720 0.198673
6869 0.052098 0.370522 0.577380
986 0.014631 0.054173 0.931196
6935 0.089241 0.084287 0.826472
5822 0.045821 0.074297 0.879882
4555 0.160901 0.785431 0.053668
6930 0.133134 0.305924 0.560941
996 0.086878 0.790760 0.122362
5710 0.042694 0.207654 0.749652
6888 0.000543 0.194473 0.804985
5790 0.032042 0.174270 0.793688
5592 0.046785 0.151678 0.801537
6884 0.112425 0.111873 0.775701
779 0.108725 0.031091 0.860184
761 0.123937 0.510188 0.365875
1304 0.123754 0.060943 0.815303
772 0.055015 0.138187 0.806798
776 0.277639 0.672919 0.049442
1382 0.000000 0.255540 0.744460
5677 0.302007 0.379514 0.318479
1373 0.028379 0.626545 0.345077
733 0.342751 0.337599 0.319650
5893 0.102722 0.074932 0.822346
5875 0.468562 0.211181 0.320257
1228 0.398431 0.240487 0.361082
2890 0.366985 0.588597 0.044418
5478 0.222164 0.127641 0.650195
9675 0.376047 0.561237 0.062717
10184 0.042848 0.126378 0.830774
5448 0.018376 0.635074 0.346550
10193 0.260344 0.450770 0.288885
5456 0.283409 0.113734 0.602857
4969 0.106668 0.668555 0.224777
4969 0.649407 0.204324 0.146269
10195 0.378123 0.426078 0.195798
4994 0.529789 0.407994 0.062216
5023 0.031731 0.405757 0.562512
10167 0.340956 0.277949 0.381095
9465 0.195383 0.247178 0.557439
5023 0.078857 0.816499 0.104645
5037 0.017481 0.927137 0.055383
9432 0.353229 0.223073 0.423697
10133 0.684016 0.209125 0.106858
4992 0.038183 0.321318 0.640498
5449 0.142818 0.733969 0.123213
5449 0.896365 0.076756 0.026879
10192 0.389860 0.454087 0.156053
4977 0.228258 0.141510 0.630232
4985 0.475033 0.340581 0.184386
5472 0.277976 0.599688 0.122336
10180 0.849757 0.006202 0.144041
4978 0.361040 0.146593 0.492367
5477 0.030810 0.768534 0.200657
4444 0.377937 0.132879 0.489184
9478 0.705506 0.074868 0.219626
4998 0.909293 0.037306 0.053400
4984 0.009236 0.162406 0.828358
4992 0.640973 0.186578 0.172449
9625 0.857873 0.114158 0.027969
9624 1.000000 0.000000 0.000000
4378 0.224785 0.193765 0.581450
4390 0.068342 0.487656 0.444002
4381 0.303419 0.590229 0.106351
9601 0.288793 0.623110 0.088097
4356 0.044362 0.711284 0.244353
4381 0.018944 0.272774 0.708282
9622 0.693102 0.186818 0.120079
4379 0.035009 0.260262 0.704728
9628 0.741687 0.000000 0.258313
9611 0.716178 0.000000 0.283822
9619 0.226430 0.287873 0.485696
4387 0.216303 0.783697 0.000000
9624 0.089234 0.000000 0.910766
9627 0.673955 0.317919 0.008126
4358 0.709476 0.075686 0.214838
9669 0.015781 0.315910 0.668309
9583 0.060999 0.925841 0.013160
4489 0.116510 0.580060 0.303430
9668 0.217082 0.326162 0.456757
4501 0.211174 0.090201 0.698625
4501 0.516024 0.283332 0.200643
4437 0.257878 0.296205 0.445917
9667 0.019797 0.654230 0.325973
9581 0.297391 0.110758 0.591851
9583 0.515060 0.187972 0.296968
9584 0.125746 0.069963 0.804291
4511 0.067780 0.651352 0.280868
4500 0.156230 0.305863 0.537907
9580 0.678531 0.253737 0.067732
4482 0.266531 0.149760 0.583709
4482 0.529109 0.407428 0.063464
4507 0.461018 0.410280 0.128701
4494 0.580861 0.169200 0.249940
9616 0.338264 0.512560 0.149176
4436 0.244215 0.378060 0.377725
9570 0.201516 0.488851 0.309633
9596 0.435676 0.287518 0.276806
9566 0.316386 0.580623 0.102991
9571 0.142291 0.156122 0.701586
4492 0.836668 0.019643 0.143688
4352 0.201171 0.493117 0.305712
9594 0.090740 0.513102 0.396158
9574 0.464786 0.144860 0.390354
4485 0.152813 0.769870 0.077317
9579 0.856146 0.096338 0.047516
5475 0.111996 0.570048 0.317956
5009 0.205097 0.568034 0.226868
10160 0.229679 0.011107 0.759214
4962 0.185461 0.381655 0.432884
5451 0.066233 0.522686 0.411081
10153 0.801679 0.194061 0.004260
10140 0.138403 0.467558 0.394039
10137 0.492915 0.379483 0.127601
10152 0.379060 0.508604 0.112336
10151 0.486178 0.334895 0.178926
9472 0.228873 0.369986 0.401142
5012 0.417568 0.264289 0.318143
10149 0.201082 0.558627 0.240291
5453 0.660946 0.206242 0.132812
5004 0.723363 0.148347 0.128291
5007 0.459491 0.168078 0.372431
10170 0.397514 0.382536 0.219950
4974 0.503951 0.107458 0.388590
5006 0.062828 0.418858 0.518313
5018 0.188250 0.307533 0.504218
4993 0.155358 0.264800 0.579842
5003 0.285458 0.617242 0.097300
10147 0.373925 0.249797 0.376278
10156 0.146657 0.220462 0.632881
4991 0.742119 0.178032 0.079849
5017 0.805323 0.098612 0.096065
10144 0.054636 0.266679 0.678685
5021 0.455787 0.030733 0.513480
5024 0.635079 0.262186 0.102735
10148 0.009903 0.527255 0.462842
4353 0.009489 0.118831 0.871679
9606 0.466487 0.052077 0.481437
9605 0.047080 0.097703 0.855218
9607 0.317979 0.272967 0.409054
4355 0.482506 0.308132 0.209362
9604 0.087871 0.152133 0.759996
9445 0.404006 0.253619 0.342375
5436 0.247038 0.154946 0.598016
9442 0.093988 0.150192 0.755820
5536 0.552891 0.024008 0.423101
9554 0.410979 0.403572 0.185449
5417 0.243336 0.655577 0.101087
5408 0.099866 0.149848 0.750286
5395 0.186973 0.571431 0.241595
9483 0.119720 0.272264 0.608015
9559 0.348676 0.242270 0.409053
5433 0.126277 0.333408 0.540315
9493 0.073292 0.067945 0.858763
5399 0.719223 0.007012 0.273765
9455 0.262569 0.265282 0.472149
5481 0.129812 0.610112 0.260075
9498 0.470325 0.358262 0.171413
9499 0.236076 0.144435 0.619489
5464 0.140505 0.308571 0.550924
9436 0.226347 0.442239 0.331413
9499 0.109272 0.762532 0.128196
5401 0.000974 0.229485 0.769541
5466 0.234458 0.238727 0.526815
5466 0.148636 0.771732 0.079632
5540 0.019096 0.159793 0.821111
5412 0.449594 0.000000 0.550406
5412 0.000000 0.531064 0.468936
5430 0.070933 0.730200 0.198867
5431 0.132256 0.442132 0.425612
9545 0.068464 0.485852 0.445684
5423 0.314797 0.312338 0.372865
9435 0.405302 0.585330 0.009368
5425 0.000000 0.797683 0.202317
5420 0.579958 0.312149 0.107893
9557 0.041111 0.349859 0.609030
9537 0.065519 0.353801 0.580679
5431 0.730472 0.097898 0.171631
9454 0.052780 0.733783 0.213437
5402 0.102257 0.655969 0.241775
5435 0.225902 0.412691 0.361407
4422 0.433694 0.438500 0.127806
4394 0.001860 0.471376 0.526764
4402 0.072660 0.180850 0.746490
5403 0.596346 0.369511 0.034143
9550 0.740365 0.259635 0.000000
9771 0.618247 0.359769 0.021984
9772 0.412223 0.269376 0.318402
9787 0.074314 0.186463 0.739223
9838 0.299069 0.470200 0.230731
9528 0.283632 0.440783 0.275585
9547 0.032523 0.776649 0.190828
9538 0.162275 0.511446 0.326279
5543 0.234922 0.225314 0.539764
9496 0.685863 0.049626 0.264511
5407 0.421025 0.283540 0.295434
5398 0.180028 0.266716 0.553257
5231 0.055162 0.911493 0.033345
9544 0.173360 0.292587 0.534053
5414 0.557624 0.057153 0.385223
4415 0.268893 0.420016 0.311090
4433 0.004640 0.085335 0.910025
9497 0.609840 0.343193 0.046967
5410 0.161410 0.503141 0.335450
9495 0.602725 0.161780 0.235495
5535 0.103323 0.418925 0.477752
5434 0.611816 0.180937 0.207247
5410 0.758261 0.089752 0.151987
5416 0.636386 0.302889 0.060725
9560 0.036435 0.340981 0.622584
5405 0.254683 0.699122 0.046195
5418 0.368667 0.397531 0.233802
5405 0.930307 0.042412 0.027281
5416 0.032980 0.791559 0.175461
5433 0.242832 0.744178 0.012990
5537 0.515325 0.343027 0.141648
9438 0.822656 0.041276 0.136068
5462 0.351389 0.187859 0.460751
9434 0.401352 0.291116 0.307533
9434 0.426968 0.469201 0.103831
5466 0.354052 0.399738 0.246210
5466 0.504588 0.148773 0.346639
5466 0.926052 0.050978 0.022970
5466 0.303398 0.318457 0.378145
9752 0.537072 0.401017 0.061912
9390 0.877306 0.027809 0.094884
9751 0.213515 0.383262 0.403223
5377 0.760434 0.000000 0.239566
5353 0.554673 0.191463 0.253864
5397 0.201457 0.275733 0.522811
9743 0.143369 0.298815 0.557815
5362 0.540568 0.149126 0.310307
9745 0.003712 0.884097 0.112191
5361 0.321250 0.150959 0.527791
9743 0.114797 0.784249 0.100955
5295 0.333704 0.096855 0.569440
5295 0.477654 0.318968 0.203377
9744 0.208938 0.366116 0.424946
9744 0.396394 0.423790 0.179816
9404 0.075232 0.427356 0.497412
9744 0.566749 0.260923 0.172328
9403 0.391524 0.307683 0.300793
5304 0.687343 0.132430 0.180227
9744 0.256699 0.472793 0.270508
9749 0.220948 0.486595 0.292457
5297 0.391236 0.216980 0.391784
5297 0.567346 0.413346 0.019308
5360 0.429255 0.413767 0.156978
9748 0.364099 0.267970 0.367931
9747 0.092787 0.872798 0.034415
5297 0.059436 0.154415 0.786149
5355 0.749980 0.146122 0.103898
5357 1.000000 0.000000 0.000000
9748 0.852837 0.048625 0.098538
5387 0.235516 0.200793 0.563690
5387 0.569299 0.216963 0.213739
5387 0.039512 0.866271 0.094218
9760 0.515153 0.221762 0.263084
5347 0.386052 0.118122 0.495826
9805 0.386012 0.163923 0.450065
9813 0.703001 0.097582 0.199417
5343 0.128470 0.517602 0.353928
9742 0.059530 0.085883 0.854587
9759 0.091969 0.737246 0.170785
9813 0.287531 0.654632 0.057837
5388 0.636357 0.295979 0.067663
5388 0.406102 0.132841 0.461057
9754 0.137942 0.155236 0.706822
5383 0.307268 0.027225 0.665507
5541 0.234184 0.631512 0.134303
5411 0.222230 0.062059 0.715711
9551 0.495281 0.170345 0.334374
9558 0.095573 0.631031 0.273396
5421 0.094643 0.512835 0.392522
9769 0.145320 0.138711 0.715969
5346 1.000000 0.000000 0.000000
4402 0.142338 0.774835 0.082827
9774 0.099621 0.149623 0.750755
9453 0.376702 0.433856 0.189442
9540 0.340477 0.232900 0.426622
9540 0.119930 0.856411 0.023658
5424 0.029519 0.416989 0.553491
9552 0.516524 0.076031 0.407444
5231 0.136897 0.129876 0.733227
9389 0.529981 0.208087 0.261932
9553 0.199610 0.485497 0.314894
9775 0.083794 0.696586 0.219621
9776 0.033309 0.273660 0.693031
5298 0.187682 0.470609 0.341709
5298 0.529278 0.312874 0.157848
9401 0.051506 0.154546 0.793948
4405 0.725582 0.228062 0.046355
9829 0.010614 0.432921 0.556465
4400 0.000000 0.283539 0.716461
4412 0.049347 0.338160 0.612494
9785 0.865006 0.093577 0.041417
9784 0.139394 0.530059 0.330547
9786 0.410838 0.048483 0.540679
4425 0.297185 0.035716 0.667099
9781 0.807482 0.171773 0.020746
4428 0.210723 0.592787 0.196490
4431 0.614396 0.103865 0.281740
4431 0.027185 0.708856 0.263959
9779 0.101248 0.060954 0.837798
9778 0.050959 0.443740 0.505301
9796 0.394541 0.025772 0.579688
9797 0.300172 0.363178 0.336649
9802 0.793483 0.011009 0.195508
9827 0.044879 0.573452 0.381668
4406 0.051265 0.645185 0.303550
9803 0.841243 0.038441 0.120316
4407 0.063431 0.693133 0.243437
4872 0.042840 0.108909 0.848251
9817 0.278522 0.062767 0.658712
4522 0.030540 0.153213 0.816247
9818 0.394947 0.160945 0.444108
9835 0.268775 0.087825 0.643400
5332 0.402515 0.060937 0.536548
4408 1.000000 0.000000 0.000000
9814 0.362734 0.299632 0.337634
9832 0.308848 0.421428 0.269723
5333 0.043320 0.264552 0.692128
4418 0.005166 0.480516 0.514318
4420 0.531313 0.215440 0.253247
9791 0.562741 0.297339 0.139920
4419 0.079912 0.788323 0.131765
4393 0.279862 0.371644 0.348494
9798 0.083461 0.688470 0.228069
4367 0.473391 0.312549 0.214059
9794 0.785249 0.037592 0.177159
9794 0.033086 0.217370 0.749544
4506 0.590764 0.250205 0.159031
9587 0.372164 0.209523 0.418313
9588 0.416140 0.253784 0.330076
4498 0.653639 0.020974 0.325387
9567 0.802682 0.120614 0.076705
4384 0.156827 0.210388 0.632785
9592 0.472608 0.019339 0.508054
9621 0.204548 0.054812 0.740640
4517 0.135783 0.389732 0.474485
4973 0.386399 0.596587 0.017014
5470 0.788012 0.000000 0.211988
9480 0.608862 0.209422 0.181715
9468 0.059399 0.594172 0.346429
4516 0.221270 0.074220 0.704510
4516 0.331514 0.650181 0.018304
4976 0.308831 0.689436 0.001733
4279 0.333945 0.309553 0.356503
9837 0.074474 0.709977 0.215549
4987 0.548647 0.259312 0.192041
4967 0.057265 0.388408 0.554328
9631 0.538244 0.100927 0.360829
9699 0.046301 0.499297 0.454403
5032 0.504484 0.022155 0.473361
10179 0.079317 0.608217 0.312466
4518 0.222273 0.307297 0.470430
9625 0.000000 0.791430 0.208570
5471 0.304825 0.614712 0.080463
5471 0.246042 0.010088 0.743871
9460 0.082130 0.233958 0.683913
4986 0.713319 0.003956 0.282725
5034 0.336308 0.436017 0.227675
10125 0.881932 0.057022 0.061047
5454 0.319263 0.584338 0.096400
10125 0.043606 0.026331 0.930063
9471 0.029391 0.670513 0.300096
5468 0.006931 0.222665 0.770404
5440 0.416666 0.160282 0.423052
10134 0.100914 0.064851 0.834235
5446 0.415223 0.013636 0.571141
9486 0.125870 0.512180 0.361950
9671 0.557744 0.054453 0.387803
10139 0.212838 0.546109 0.241053
4400 0.133569 0.836697 0.029735
9825 0.022667 0.865989 0.111345
4426 0.784147 0.048048 0.167805
9782 0.404934 0.327402 0.267663
4429 0.568435 0.279953 0.151612
4430 0.366065 0.419645 0.214290
9779 0.158821 0.719821 0.121358
4391 0.271913 0.185718 0.542369
4392 0.332346 0.404540 0.263115
9795 0.031740 0.598658 0.369602
4416 0.391128 0.095673 0.513200
4417 0.654261 0.047890 0.297848
9792 0.065137 0.234231 0.700632
9833 0.392319 0.150652 0.457029
9834 0.684140 0.078187 0.237673
9821 0.920926 0.006446 0.072628
4522 0.021376 0.947487 0.031137
4872 0.058539 0.898030 0.043431
9803 0.064435 0.107530 0.828035
9802 0.059000 0.133837 0.807164
9783 0.071343 0.384112 0.544545
4403 0.381840 0.462902 0.155258
9613 0.700198 0.252182 0.047620
4376 0.274231 0.028473 0.697296
4375 0.206848 0.113880 0.679272
4427 0.000212 0.569230 0.430558
9615 0.070350 0.921963 0.007687
9617 0.323754 0.080410 0.595837
9597 0.159730 0.748927 0.091343
9597 0.083284 0.170547 0.746169
4372 0.343388 0.435386 0.221226
9597 0.699421 0.057827 0.242753
4491 0.343989 0.145070 0.510942
9572 0.421029 0.036867 0.542105
9573 0.190549 0.657734 0.151716
9573 0.123417 0.033722 0.842861
9573 0.794563 0.048684 0.156753
4499 0.297325 0.584406 0.118269
4488 0.525503 0.370201 0.104296
9575 0.223850 0.543680 0.232470
9576 0.819388 0.129319 0.051293
9576 0.135561 0.212623 0.651817
4487 0.150275 0.663863 0.185862
9576 0.057527 0.885440 0.057033
9800 0.657123 0.205532 0.137346
4365 0.005898 0.575171 0.418932
9701 0.425466 0.217735 0.356799
4411 0.041287 0.618207 0.340506
9700 0.255145 0.224156 0.520699
4871 0.071356 0.757976 0.170668
9630 0.109662 0.213514 0.676824
5218 0.090082 0.823830 0.086088
4361 0.820048 0.137544 0.042408
9820 0.007475 0.919985 0.072539
4398 0.101079 0.065404 0.833517
9609 0.738281 0.190086 0.071633
9822 0.121955 0.297100 0.580944
9610 0.474883 0.277702 0.247415
4401 0.363774 0.473288 0.162938
9612 1.000000 0.000000 0.000000
5395 0.865455 0.084624 0.049921
9530 0.000000 0.320987 0.679013
5429 0.033588 0.474218 0.492193
5415 0.075360 0.503011 0.421629
9816 0.436663 0.187579 0.375758
9433 0.554166 0.292902 0.152932
9441 0.316707 0.493783 0.189511
9451 0.229396 0.240352 0.530252
5405 0.084945 0.106362 0.808692
5531 0.398676 0.472557 0.128768
9789 0.019319 0.051328 0.929353
9790 0.224103 0.343936 0.431961
9788 0.541251 0.447361 0.011387
9801 0.315490 0.174362 0.510148
4423 0.000000 0.192293 0.807707
4433 0.666185 0.087898 0.245917
9777 0.156932 0.465594 0.377474
4414 0.396005 0.110627 0.493369
4395 0.254190 0.500771 0.245038
4405 0.031031 0.835697 0.133272
5392 0.215083 0.719150 0.065767
9839 0.170148 0.408619 0.421233
5039 0.064846 0.181786 0.753368
10136 0.002316 0.979314 0.018370
5000 0.006776 0.863084 0.130140
4480 0.022255 0.674354 0.303391
5042 0.017357 0.461312 0.521332
4505 0.042375 0.923856 0.033769
4505 0.043365 0.156623 0.800011
9477 0.549356 0.058416 0.392229
10177 0.331865 0.079978 0.588157
10129 0.108038 0.109331 0.782630
10129 0.857101 0.120900 0.021999
4971 0.362870 0.520466 0.116664
5441 0.571895 0.344351 0.083754
5392 0.884265 0.039804 0.075932
9466 0.193499 0.490223 0.316278
10132 0.061165 0.551664 0.387170
10200 0.460107 0.460043 0.079850
10131 0.538399 0.141835 0.319765
5219 0.089889 0.410224 0.499887
10130 0.608069 0.163633 0.228297
4983 0.012242 0.432542 0.555216
5041 0.489029 0.072212 0.438760
10191 0.082372 0.505636 0.411992
4964 0.438918 0.175625 0.385457
10133 0.157705 0.599807 0.242488
5025 0.372394 0.293815 0.333791
9465 0.211366 0.688326 0.100308
4981 0.137066 0.689764 0.173170
5469 0.336540 0.173156 0.490305
10184 0.228409 0.619994 0.151597
4445 0.564788 0.104351 0.330862
9694 0.020167 0.899996 0.079838
4458 0.133977 0.136677 0.729346
9664 0.625234 0.262715 0.112051
9665 0.228292 0.668102 0.103606
9677 0.492421 0.497467 0.010112
10202 0.155948 0.022086 0.821965
9678 0.424712 0.308517 0.266771
9681 0.525279 0.248238 0.226483
4451 0.296383 0.184496 0.519121
9680 0.141844 0.748659 0.109497
4452 0.315490 0.199374 0.485136
4452 0.387941 0.507983 0.104076
4446 0.122855 0.330780 0.546364
5009 0.025957 0.201174 0.772869
10158 0.230723 0.246157 0.523120
9459 0.819425 0.038479 0.142096
9459 0.288963 0.035329 0.675708
10117 0.628578 0.055823 0.315599
4504 0.967848 0.013065 0.019087
9672 0.296070 0.012602 0.691327
5006 0.585732 0.411368 0.002900
10155 0.016776 0.923500 0.059725
10155 0.013853 0.215556 0.770591
5001 1.000000 0.000000 0.000000
5015 0.160894 0.676062 0.163044
10156 0.023296 0.808313 0.168392
5017 0.222181 0.676387 0.101432
5014 0.231646 0.645668 0.122686
9506 0.263453 0.488786 0.247761
10120 0.063176 0.475573 0.461251
9683 0.088606 0.566932 0.344461
9503 0.116950 0.791406 0.091644
1493 0.511174 0.042154 0.446672
2344 0.118925 0.500335 0.380740
8023 0.638695 0.161396 0.199909
3768 0.566732 0.074525 0.358744
1520 0.258383 0.374291 0.367326
1489 0.051954 0.036571 0.911475
1489 0.000000 0.557884 0.442116
4899 0.000000 0.021350 0.978650
4895 1.000000 0.000000 0.000000
4895 0.359352 0.153669 0.486979
9828 0.366417 0.131670 0.501914
5296 0.158482 0.213215 0.628303
5299 0.507901 0.319467 0.172632
5299 0.166781 0.556537 0.276682
9421 0.017629 0.885690 0.096681
5290 0.145189 0.339139 0.515672
9420 0.381424 0.242017 0.376558
5295 0.586473 0.413527 0.000000
5296 0.211965 0.673888 0.114147
5309 0.171867 0.516584 0.311549
5295 1.000000 0.000000 0.000000
5309 0.438377 0.431771 0.129852
9828 0.382898 0.460698 0.156404
5293 0.099672 0.355470 0.544859
5293 0.092869 0.703850 0.203281
5289 1.000000 0.000000 0.000000
5289 0.790713 0.207488 0.001798
5309 0.018430 0.192097 0.789474
5309 0.058999 0.306087 0.634913
9419 0.310379 0.667530 0.022091
9419 0.365412 0.324595 0.309992
5290 0.322190 0.508246 0.169565
5309 0.337261 0.090006 0.572733
9405 0.124393 0.867482 0.008125
5292 0.193747 0.602308 0.203945
5292 0.201921 0.150738 0.647341
860 0.263685 0.631514 0.104801
861 0.220204 0.241599 0.538196
855 0.262369 0.649562 0.088069
854 0.646235 0.316303 0.037462
5507 0.069299 0.436680 0.494021
3773 0.232741 0.109463 0.657795
9940 0.239438 0.735623 0.024938
5497 0.025000 0.334711 0.640289
9328 0.433249 0.429596 0.137154
5496 0.080943 0.416124 0.502932
9329 0.541062 0.060799 0.398139
9388 0.324425 0.475251 0.200324
5224 0.614553 0.237224 0.148223
1547 0.646845 0.176776 0.176378
967 0.090378 0.037818 0.871804
3781 0.419628 0.434573 0.145799
5852 0.690434 0.234615 0.074951
4571 1.000000 0.000000 0.000000
5547 0.230131 0.741761 0.028108
5249 0.276030 0.237324 0.486646
5550 0.068862 0.412788 0.518350
9381 0.422397 0.169765 0.407838
4206 0.078429 0.785879 0.135693
6527 0.361943 0.048616 0.589442
5248 0.298576 0.150357 0.551067
9522 0.280618 0.669390 0.049993
5547 0.613365 0.355122 0.031513
9414 0.951467 0.020178 0.028354
9379 0.462470 0.017426 0.520104
9379 0.484827 0.385407 0.129765
5247 0.923772 0.063837 0.012391
9381 0.678425 0.125889 0.195686
5553 0.060793 0.223500 0.715707
9414 0.263195 0.379221 0.357584
9414 0.256815 0.677182 0.066003
5546 0.112264 0.709260 0.178475
5546 0.432724 0.414659 0.152617
5546 0.765885 0.126809 0.107306
5223 0.003548 0.560759 0.435692
5223 0.006282 0.131266 0.862452
5225 0.004982 0.740001 0.255017
