10259 0.524673 0.229721 0.245606
36294 0.204034 0.440481 0.355485
32358 0.095685 0.727905 0.176410
40871 0.234003 0.340062 0.425935
27892 0.097510 0.101440 0.801050
4598 0.042219 0.368583 0.589197
28772 0.089318 0.379771 0.530911
8789 0.255342 0.146036 0.598623
31727 0.023105 0.797641 0.179254
36239 0.154434 0.469036 0.376531
35242 0.492235 0.199564 0.308201
35360 0.321093 0.130168 0.548739
6116 0.155795 0.784426 0.059779
6206 0.109348 0.765710 0.124942
6224 0.664562 0.040819 0.294619
33577 0.056661 0.153502 0.789837
33634 0.784173 0.029784 0.186043
33643 0.532500 0.437902 0.029598
33531 0.086738 0.671329 0.241933
33513 0.304620 0.058112 0.637268
2431 0.019466 0.082283 0.898251
40700 0.045904 0.206376 0.747720
4567 0.133894 0.779164 0.086942
33535 0.131022 0.425456 0.443521
28168 0.261569 0.607888 0.130544
28872 0.049397 0.859549 0.091054
4038 0.156595 0.821982 0.021423
27937 0.084094 0.818646 0.097261
4584 0.346606 0.006475 0.646918
27826 0.257273 0.109720 0.633007
4374 0.141523 0.093507 0.764970
17768 0.519596 0.140569 0.339835
4496 0.032490 0.605175 0.362336
28765 0.086305 0.010769 0.902926
31841 0.092028 0.133067 0.774906
8236 0.089397 0.791427 0.119176
36449 0.691589 0.052504 0.255907
36385 0.496877 0.087170 0.415953
35400 0.000000 0.330948 0.669052
35355 1.000000 0.000000 0.000000
30459 0.375082 0.621986 0.002932
30572 0.469929 0.389477 0.140593
31512 0.273521 0.665949 0.060529
30689 0.485334 0.039490 0.475176
5258 0.012139 0.275719 0.712142
17722 0.107435 0.179123 0.713441
2938 0.140823 0.551460 0.307718
27265 0.486207 0.269332 0.244461
27215 0.335599 0.204513 0.459888
2686 0.600947 0.110471 0.288581
40669 0.163627 0.767656 0.068716
4088 0.036992 0.849169 0.113840
40650 0.307738 0.570651 0.121611
341 0.153666 0.156541 0.689793
27803 0.041387 0.527216 0.431397
28014 0.177178 0.289142 0.533680
26575 0.314699 0.578351 0.106950
30665 0.070389 0.657575 0.272036
27160 0.643244 0.044106 0.312650
27188 0.093981 0.200387 0.705632
3752 0.164886 0.154430 0.680685
8112 0.224485 0.117925 0.657591
1812 0.105101 0.361078 0.533821
31712 0.317750 0.220588 0.461662
1292 0.135717 0.206705 0.657578
8740 0.492060 0.185567 0.322373
33856 0.460186 0.135075 0.404739
8239 0.063116 0.086634 0.850250
27812 0.146352 0.347165 0.506483
33905 0.150094 0.570951 0.278955
33896 0.747577 0.138707 0.113717
10190 0.429489 0.010934 0.559577
35672 0.341946 0.057940 0.600114
9934 0.104572 0.614552 0.280876
35764 0.401098 0.273464 0.325438
35728 0.433733 0.034764 0.531504
36064 0.783826 0.000714 0.215459
36785 0.119493 0.449728 0.430779
36895 0.527674 0.350602 0.121724
36749 0.641486 0.088188 0.270326
10430 0.694105 0.132371 0.173523
9285 0.278804 0.611190 0.110005
35752 0.641749 0.031106 0.327144
32393 0.393925 0.051644 0.554431
10027 0.373666 0.158536 0.467799
9919 0.512463 0.203958 0.283579
34074 0.046647 0.413288 0.540065
36274 0.209842 0.755410 0.034748
32438 0.602858 0.343056 0.054086
8355 0.177224 0.568699 0.254077
8096 0.601829 0.232738 0.165433
32075 0.858707 0.131732 0.009561
5491 0.142022 0.074068 0.783910
5495 0.053352 0.590606 0.356043
34872 0.048390 0.924975 0.026636
9024 0.603454 0.066533 0.330013
5516 0.047379 0.044086 0.908535
5510 0.739866 0.040119 0.220015
32057 0.032216 0.248566 0.719218
1775 0.873111 0.052153 0.074736
1778 0.242632 0.305247 0.452121
33745 0.044528 0.100322 0.855150
487 0.783236 0.083740 0.133025
1232 0.222710 0.670368 0.106922
460 0.797886 0.028567 0.173547
352 0.138781 0.353180 0.508039
333 0.174670 0.628603 0.196727
27903 0.115621 0.787847 0.096533
9137 0.353315 0.453294 0.193391
32172 0.227415 0.264170 0.508415
705 0.141015 0.235361 0.623624
28239 0.081370 0.123996 0.794634
27742 0.675308 0.031121 0.293571
27731 0.009531 0.287374 0.703095
28241 0.781594 0.140387 0.078019
27756 0.384584 0.568309 0.047107
40209 0.014756 0.925494 0.059750
1315 0.522999 0.367869 0.109132
1113 0.196941 0.606705 0.196354
286 0.645333 0.108998 0.245669
39754 0.425815 0.316047 0.258139
39846 0.819128 0.075714 0.105158
40174 0.315519 0.212059 0.472422
33579 0.149757 0.836246 0.013997
33153 0.073020 0.298493 0.628487
40277 0.098673 0.669841 0.231486
40120 0.317848 0.371970 0.310182
69 0.610277 0.163654 0.226069
39642 0.245918 0.308739 0.445343
1311 0.103521 0.443768 0.452711
3282 0.585816 0.071155 0.343030
28153 0.536856 0.309669 0.153475
28175 0.693365 0.211256 0.095379
1209 0.586864 0.016742 0.396394
8374 0.021793 0.425032 0.553175
32019 0.894348 0.064850 0.040802
8353 0.072221 0.140779 0.787001
32115 0.686759 0.178077 0.135163
32981 0.391148 0.153677 0.455175
32871 0.711187 0.208239 0.080574
8938 0.170773 0.790592 0.038636
9184 0.220163 0.509234 0.270603
32299 0.069889 0.505728 0.424383
32269 0.499034 0.157742 0.343224
7834 0.332543 0.613144 0.054313
8781 0.166990 0.677731 0.155279
33760 0.134223 0.057362 0.808414
33751 0.252630 0.351524 0.395846
40895 0.818634 0.155870 0.025496
28189 0.082707 0.758121 0.159172
592 0.715895 0.097590 0.186516
40867 0.278948 0.173468 0.547584
40909 0.787603 0.159631 0.052766
27980 0.260268 0.673061 0.066671
7815 0.784814 0.072973 0.142214
7801 0.366023 0.487322 0.146655
32187 0.723495 0.152415 0.124089
7808 0.144501 0.367042 0.488457
7809 0.207133 0.052132 0.740735
35292 0.146621 0.386979 0.466400
931 0.420545 0.442616 0.136838
700 0.177243 0.216897 0.605860
812 0.028373 0.418726 0.552901
8859 0.179855 0.736256 0.083889
1744 0.078722 0.395617 0.525662
8771 0.376182 0.618481 0.005336
33793 0.496576 0.093102 0.410322
33886 0.826867 0.168214 0.004920
33789 0.000427 0.732797 0.266775
8754 0.043892 0.059796 0.896312
8759 0.445195 0.202327 0.352478
34244 0.036469 0.083856 0.879675
32210 0.101224 0.402342 0.496434
9142 0.378634 0.268628 0.352737
32260 0.617058 0.235107 0.147835
9013 0.069897 0.085853 0.844250
32158 0.148922 0.384179 0.466899
34895 0.029632 0.256862 0.713506
32055 0.556016 0.280056 0.163928
1802 0.183635 0.173020 0.643345
34297 0.115949 0.737359 0.146693
8808 0.423854 0.421064 0.155082
33704 0.217537 0.231370 0.551094
32936 0.139365 0.297562 0.563073
32929 0.296386 0.232466 0.471147
31768 0.221781 0.104573 0.673646
7962 0.000000 0.456999 0.543001
1704 0.060910 0.932876 0.006213
36166 0.562112 0.050948 0.386940
10192 0.321681 0.554023 0.124296
36270 0.322666 0.071679 0.605655
36260 0.532702 0.326572 0.140726
36149 0.672609 0.191769 0.135622
10200 0.053762 0.367533 0.578704
32498 0.662307 0.072241 0.265451
36178 0.705455 0.253679 0.040866
10250 0.597433 0.018146 0.384421
32484 0.327514 0.334672 0.337814
10319 0.385747 0.033610 0.580643
10081 0.659292 0.276898 0.063810
10089 0.255174 0.441478 0.303348
10353 0.570677 0.352282 0.077041
10256 0.043185 0.130433 0.826383
10274 0.079890 0.624125 0.295985
7992 0.279676 0.348886 0.371438
10370 0.353015 0.555852 0.091133
10299 0.764875 0.218141 0.016984
32857 0.137994 0.746150 0.115856
8403 0.000000 0.081354 0.918646
10122 0.104354 0.466643 0.429003
8360 0.762353 0.234108 0.003539
32922 0.486997 0.361360 0.151643
32904 0.643785 0.232772 0.123444
10108 0.668525 0.076525 0.254949
32893 0.847581 0.082898 0.069521
8216 0.897147 0.066060 0.036793
10308 0.810272 0.130071 0.059657
10364 0.306827 0.131333 0.561839
36055 0.241164 0.704632 0.054204
7974 0.162085 0.044802 0.793113
32466 0.751263 0.227437 0.021300
10071 0.052599 0.838929 0.108472
9518 0.411041 0.293507 0.295452
9310 0.333873 0.593674 0.072453
10496 0.004781 0.356505 0.638714
34328 0.734371 0.153880 0.111749
35654 0.250232 0.643994 0.105774
10548 0.470329 0.417809 0.111862
36739 0.334226 0.336837 0.328937
36757 0.185066 0.709756 0.105178
9874 0.414235 0.567230 0.018535
9469 0.504908 0.427705 0.067387
9562 0.743624 0.172243 0.084133
9467 0.276486 0.539148 0.184366
9952 0.202135 0.395981 0.401884
32388 0.093659 0.701271 0.205070
9533 0.088832 0.726273 0.184895
35782 0.033054 0.060090 0.906857
10033 0.871753 0.059076 0.069171
10059 0.513695 0.108966 0.377338
32656 0.515275 0.121729 0.362995
9427 0.022511 0.789012 0.188477
35778 0.262995 0.482626 0.254379
9920 0.840047 0.020501 0.139452
35800 0.249396 0.315313 0.435291
10049 1.000000 0.000000 0.000000
34033 0.047234 0.530268 0.422498
1692 0.742837 0.120941 0.136222
35702 0.366525 0.624934 0.008542
9510 0.098574 0.196948 0.704478
36088 0.939026 0.008605 0.052369
10556 0.437327 0.315762 0.246912
35687 0.267222 0.139403 0.593375
10508 0.762076 0.077518 0.160405
36698 0.401753 0.457725 0.140522
36724 0.267751 0.051718 0.680532
36745 0.167905 0.118062 0.714033
36224 0.174262 0.145932 0.679806
9472 0.564548 0.330408 0.105044
36222 0.351520 0.030388 0.618092
32670 0.775523 0.015103 0.209374
10024 0.094487 0.260040 0.645473
9545 0.500802 0.031194 0.468004
9527 0.504830 0.412021 0.083149
32411 0.081157 0.138712 0.780131
32357 0.415737 0.552945 0.031318
32667 0.301188 0.231891 0.466921
9556 0.045267 0.559647 0.395086
35750 0.019322 0.180963 0.799714
9927 0.186573 0.421065 0.392362
35747 0.555384 0.321089 0.123527
9941 0.267463 0.214549 0.517989
10214 0.020878 0.522449 0.456673
36154 0.852228 0.095466 0.052306
32463 0.203119 0.527591 0.269289
8092 0.667506 0.177300 0.155194
32986 0.495022 0.023023 0.481954
8276 0.411511 0.086397 0.502092
32976 0.527165 0.105129 0.367705
5493 0.081924 0.847179 0.070898
9036 0.227451 0.759030 0.013518
9053 0.252942 0.743653 0.003404
32316 0.177522 0.395269 0.427209
32345 0.661531 0.017344 0.321125
32148 0.257535 0.497534 0.244931
34316 0.542160 0.013794 0.444046
34313 0.075656 0.430163 0.494181
1689 0.019076 0.679764 0.301160
1757 0.252506 0.220750 0.526743
9000 0.319515 0.311395 0.369090
32153 0.230983 0.505158 0.263859
32065 0.031749 0.929812 0.038439
32331 0.770332 0.040989 0.188679
32083 0.200702 0.120616 0.678682
8925 0.054465 0.114954 0.830581
8941 0.411170 0.034632 0.554198
9098 0.043491 0.839180 0.117329
34236 0.214616 0.240160 0.545223
8802 0.427271 0.067309 0.505420
34227 0.769024 0.001128 0.229847
27752 0.255848 0.575847 0.168305
32227 0.514251 0.041753 0.443996
9215 0.032452 0.236988 0.730560
8568 0.352338 0.122565 0.525096
5880 0.536192 0.135010 0.328798
7407 0.773541 0.170019 0.056440
7307 0.050133 0.841065 0.108802
35308 0.756864 0.061445 0.181691
5776 0.990662 0.009338 0.000000
8674 0.091423 0.812106 0.096471
32132 0.670958 0.251466 0.077576
33010 0.241652 0.079381 0.678967
9687 0.205937 0.552380 0.241683
5979 0.058534 0.745621 0.195845
36759 0.446431 0.127391 0.426178
9701 0.422836 0.207353 0.369811
36651 0.710037 0.251564 0.038399
36453 0.064853 0.486107 0.449040
36952 0.321547 0.617697 0.060757
36708 0.543934 0.116171 0.339895
6134 0.205865 0.042420 0.751714
36372 0.219849 0.300063 0.480088
6338 0.714634 0.130439 0.154927
6194 0.156687 0.532236 0.311078
6216 0.632214 0.153411 0.214375
9839 0.297233 0.153374 0.549393
6196 0.170763 0.228854 0.600383
9577 0.041054 0.629984 0.328962
6180 0.010835 0.980678 0.008487
36719 0.294588 0.361965 0.343446
36901 0.168060 0.352754 0.479186
36408 0.706285 0.061641 0.232073
33584 0.606931 0.151916 0.241153
33561 0.101880 0.147703 0.750417
1486 0.027930 0.120592 0.851478
33013 0.539217 0.372757 0.088027
40599 0.708413 0.094932 0.196655
2104 0.587767 0.343588 0.068646
40559 0.259791 0.631834 0.108376
2060 0.031508 0.241590 0.726902
40599 0.282871 0.376977 0.340152
2107 0.360173 0.594032 0.045795
2110 0.106259 0.538863 0.354877
40535 0.207256 0.193654 0.599091
40568 0.149177 0.742198 0.108625
40564 0.333573 0.240700 0.425727
2081 0.051251 0.784696 0.164054
2427 0.204999 0.709740 0.085261
33200 0.274206 0.629953 0.095841
40455 0.034313 0.624596 0.341091
40474 0.238817 0.403612 0.357571
40457 0.590900 0.073426 0.335674
28022 0.371959 0.522004 0.106037
27964 0.402821 0.572325 0.024854
40663 0.719763 0.256626 0.023611
4599 0.578585 0.061421 0.359993
40438 0.541512 0.227832 0.230656
40440 0.241279 0.434246 0.324475
40465 0.057646 0.449608 0.492746
40468 0.153832 0.789045 0.057123
2074 0.736691 0.185932 0.077377
2085 0.175532 0.552163 0.272304
2404 0.885163 0.042923 0.071914
2493 0.260722 0.258793 0.480484
2115 0.605380 0.235340 0.159280
2503 0.629505 0.009193 0.361302
33587 0.780144 0.206580 0.013276
2528 0.304727 0.421639 0.273634
40485 0.063270 0.677061 0.259669
2582 0.691026 0.216814 0.092160
2158 0.080271 0.412393 0.507336
40789 0.000000 0.766361 0.233639
40357 0.050882 0.089298 0.859820
40376 0.119370 0.098460 0.782170
40906 0.208935 0.378889 0.412176
2212 0.164581 0.081322 0.754097
39898 0.379896 0.121112 0.498992
40334 0.282078 0.031661 0.686261
40295 0.358753 0.058482 0.582765
40169 0.079763 0.678773 0.241464
39896 0.429789 0.159133 0.411079
21 0.017621 0.737800 0.244579
111 0.013833 0.925673 0.060494
39791 0.382042 0.323925 0.294033
88 0.864224 0.106397 0.029380
47 0.782359 0.005979 0.211662
273 0.526117 0.278014 0.195869
39678 0.769530 0.061796 0.168674
306 0.300490 0.002910 0.696600
39760 0.180242 0.109480 0.710278
39739 0.348596 0.644668 0.006736
1142 0.101488 0.293040 0.605471
1304 0.167714 0.508879 0.323407
40193 0.368352 0.228669 0.402979
796 0.008235 0.597754 0.394010
28127 0.192339 0.077946 0.729715
993 0.314019 0.090863 0.595117
999 0.206718 0.789794 0.003489
1280 0.172562 0.518456 0.308981
39991 0.361503 0.126724 0.511774
39983 0.632561 0.210101 0.157338
40014 0.797179 0.028435 0.174387
27878 0.134832 0.813610 0.051558
1186 0.277310 0.453865 0.268825
40022 0.309424 0.313490 0.377086
1270 0.243923 0.607806 0.148271
40113 0.102819 0.271266 0.625915
1162 0.695881 0.082101 0.222018
1017 0.145193 0.248158 0.606649
1117 0.086171 0.282693 0.631135
28262 0.293521 0.042687 0.663792
760 0.088456 0.728159 0.183385
28250 0.281496 0.632401 0.086103
773 0.025622 0.377592 0.596786
28216 0.266233 0.112045 0.621722
33698 0.146587 0.524269 0.329144
28348 0.566814 0.015183 0.418003
701 0.672640 0.018893 0.308467
1214 0.054786 0.752298 0.192916
40917 0.808662 0.166110 0.025228
749 0.238668 0.172443 0.588890
680 0.431566 0.552989 0.015445
28361 0.622597 0.200286 0.177117
28182 0.254323 0.473898 0.271779
8845 0.629136 0.089533 0.281331
34182 0.083018 0.268287 0.648696
8848 0.183653 0.697179 0.119168
4002 0.628508 0.229539 0.141952
143 0.513570 0.415470 0.070960
40275 0.228483 0.011544 0.759973
658 0.044533 0.383211 0.572256
40778 0.188954 0.067918 0.743128
40773 0.129794 0.636819 0.233387
206 1.000000 0.000000 0.000000
39880 0.667294 0.271893 0.060813
39711 0.373177 0.015703 0.611120
423 0.009108 0.374865 0.616027
40818 0.713572 0.113350 0.173078
40370 0.780316 0.079141 0.140543
428 0.072177 0.704746 0.223077
2220 0.130467 0.336611 0.532922
40367 0.033660 0.834877 0.131463
14 0.648094 0.095632 0.256275
40299 0.230489 0.554695 0.214816
2306 0.126714 0.519492 0.353794
210 0.031395 0.050104 0.918501
39925 0.070867 0.910420 0.018712
242 0.424144 0.415276 0.160579
39859 0.721955 0.144832 0.133213
84 0.708566 0.267559 0.023874
543 0.080414 0.718802 0.200784
266 0.562751 0.010735 0.426514
39654 0.505826 0.329252 0.164922
72 0.303881 0.088918 0.607200
204 0.266222 0.564715 0.169063
39692 0.266937 0.101451 0.631612
260 0.185671 0.254725 0.559604
1090 0.052703 0.605364 0.341934
798 0.045996 0.547399 0.406605
28131 0.175465 0.776737 0.047798
28212 0.002790 0.827879 0.169331
33806 0.305379 0.403878 0.290743
28049 0.087351 0.064416 0.848233
26640 0.215282 0.098574 0.686144
27899 0.711988 0.006849 0.281163
4339 0.414809 0.463112 0.122079
4444 0.344539 0.134845 0.520616
4595 0.013931 0.566782 0.419287
4446 0.319623 0.524936 0.155441
27961 0.162425 0.149135 0.688440
28831 0.934306 0.009160 0.056534
4351 0.299119 0.382462 0.318419
4345 0.794251 0.082418 0.123331
826 0.628045 0.063930 0.308025
834 0.094426 0.545476 0.360098
852 0.487170 0.158888 0.353943
27730 0.002828 0.269958 0.727213
27767 0.744525 0.157055 0.098419
33992 0.063700 0.849778 0.086521
845 0.296639 0.514644 0.188717
869 0.128606 0.001777 0.869616
4376 0.220916 0.757023 0.022061
33885 0.312311 0.671150 0.016539
9128 0.231952 0.031918 0.736130
29001 0.566387 0.380213 0.053400
28966 0.316930 0.636016 0.047054
3233 0.033471 0.432622 0.533907
30560 0.266118 0.210144 0.523738
31403 0.438391 0.303050 0.258559
3270 0.116815 0.564279 0.318907
27507 0.716858 0.111815 0.171326
2791 0.048140 0.691164 0.260697
28987 0.934120 0.025668 0.040212
27667 0.280199 0.211448 0.508353
3163 0.018026 0.201208 0.780765
3235 0.145682 0.818614 0.035704
31409 0.050410 0.297887 0.651703
26652 0.307252 0.202487 0.490261
3260 0.052498 0.166347 0.781155
3213 0.613360 0.320840 0.065800
27508 0.183966 0.670960 0.145073
2781 0.043506 0.416389 0.540105
26736 0.077935 0.573297 0.348768
27483 0.301845 0.462064 0.236091
17289 0.399125 0.199810 0.401065
3220 0.393972 0.361441 0.244587
27499 0.022689 0.940451 0.036861
28788 0.518697 0.178175 0.303127
3094 0.649732 0.313070 0.037198
3191 0.182342 0.001653 0.816005
17401 0.376796 0.080941 0.542263
17329 0.059766 0.511930 0.428304
27542 0.065980 0.851148 0.082872
31131 0.388669 0.510739 0.100593
27559 0.066165 0.916801 0.017034
31359 0.001842 0.530095 0.468063
17407 0.530326 0.249765 0.219910
27470 0.459920 0.035505 0.504574
17398 0.432891 0.218066 0.349044
17403 0.521974 0.280498 0.197528
17365 0.338929 0.661071 0.000000
17339 0.290747 0.392296 0.316957
18180 0.683586 0.116212 0.200202
31309 0.650986 0.165568 0.183446
17339 0.820280 0.112276 0.067444
18294 0.651727 0.293638 0.054634
18294 1.000000 0.000000 0.000000
17489 0.622547 0.104325 0.273127
31569 0.323735 0.250784 0.425481
31188 0.683133 0.031697 0.285170
31184 0.538940 0.274401 0.186659
17375 0.089067 0.097171 0.813762
31163 0.379397 0.269157 0.351446
31160 0.291485 0.142349 0.566166
31655 0.914465 0.034580 0.050955
31650 0.337778 0.223483 0.438739
17599 0.223265 0.712477 0.064258
17633 0.240402 0.478308 0.281290
31661 0.060862 0.922266 0.016872
17216 0.010729 0.531103 0.458169
3490 0.618702 0.083741 0.297557
31174 0.360026 0.075651 0.564323
28748 0.164138 0.549497 0.286366
4521 0.363345 0.335962 0.300693
26697 0.414898 0.023351 0.561751
4453 0.416482 0.388481 0.195037
8696 0.150166 0.654217 0.195617
31732 0.012693 0.215765 0.771542
31955 0.027701 0.554274 0.418025
9091 0.168727 0.751966 0.079307
31308 0.047825 0.949071 0.003104
27474 0.116546 0.239663 0.643790
17486 0.366329 0.051858 0.581813
31570 0.368858 0.277423 0.353720
40329 0.105273 0.040078 0.854649
1991 0.188190 0.330803 0.481007
451 0.052866 0.947134 0.000000
2031 0.050797 0.571559 0.377644
40393 0.119913 0.066676 0.813411
40787 0.199840 0.082248 0.717913
2012 0.154440 0.445076 0.400485
40779 0.569150 0.040831 0.390019
2532 0.037962 0.535712 0.426326
2516 0.122917 0.386457 0.490626
2520 0.674940 0.130698 0.194362
2365 0.010822 0.000000 0.989178
2499 0.343724 0.641836 0.014440
2497 0.616380 0.143460 0.240161
2495 0.074322 0.138851 0.786827
2603 0.475405 0.074457 0.450138
33450 0.509118 0.132537 0.358345
2219 0.638035 0.127827 0.234138
40792 0.552273 0.307543 0.140184
2170 0.681281 0.144778 0.173941
40776 0.057343 0.358969 0.583688
40783 0.373692 0.323423 0.302885
476 0.364919 0.335211 0.299870
2183 0.629150 0.097069 0.273782
40372 0.732142 0.079879 0.187979
32049 0.079707 0.190642 0.729652
7827 0.005796 0.303086 0.691118
32108 0.058065 0.622954 0.318982
32145 0.720506 0.016037 0.263457
9085 0.136131 0.189781 0.674088
31842 0.415904 0.202496 0.381599
32157 0.177313 0.661376 0.161311
32136 0.011393 0.000820 0.987788
33942 0.649798 0.048501 0.301701
33934 0.565954 0.430838 0.003208
33971 0.288360 0.032592 0.679048
33720 0.080742 0.354217 0.565041
33975 0.373721 0.575104 0.051175
8641 0.232704 0.219772 0.547524
8585 0.829723 0.019735 0.150542
31837 0.414463 0.030713 0.554824
33933 0.783594 0.025336 0.191070
31471 0.832519 0.149900 0.017581
31630 0.577554 0.076415 0.346031
27668 0.139918 0.040351 0.819731
27675 0.095608 0.239783 0.664609
27416 0.098342 0.837697 0.063961
26688 0.268110 0.203673 0.528218
17377 0.418458 0.408297 0.173245
18263 0.127055 0.279015 0.593930
17354 0.101967 0.619420 0.278613
2727 0.665157 0.201701 0.133143
2993 0.040406 0.193237 0.766357
30412 0.572406 0.275081 0.152513
17351 0.133698 0.855287 0.011015
31140 0.515939 0.470700 0.013361
29034 0.270251 0.565548 0.164200
27896 0.336913 0.325446 0.337642
27928 0.198733 0.594049 0.207218
27934 0.549027 0.136803 0.314171
4480 0.662541 0.130856 0.206603
4384 0.936250 0.047626 0.016124
28234 0.234120 0.727178 0.038702
36716 0.196834 0.767704 0.035462
36962 0.771807 0.068786 0.159407
6203 0.645237 0.112384 0.242380
6053 0.122947 0.683945 0.193108
6221 0.861050 0.045130 0.093821
36326 0.879039 0.020975 0.099986
36631 0.065554 0.787944 0.146502
36610 0.111548 0.613091 0.275361
36339 0.749860 0.144511 0.105629
6078 0.283518 0.379073 0.337409
36386 0.801685 0.182108 0.016206
34676 0.627945 0.104347 0.267708
36352 0.918586 0.002198 0.079216
6225 0.482409 0.386285 0.131306
36622 0.122752 0.185907 0.691341
35944 0.672039 0.319467 0.008494
9370 0.646356 0.071675 0.281969
9377 0.752034 0.162649 0.085317
35933 0.114870 0.274352 0.610777
35915 0.592106 0.361259 0.046635
35920 0.591147 0.250934 0.157920
9260 0.439393 0.063929 0.496678
9265 0.636244 0.000000 0.363756
36075 0.588831 0.079112 0.332057
10434 0.404840 0.548804 0.046356
10544 0.709795 0.225510 0.064695
10467 0.234874 0.342005 0.423121
36015 0.786287 0.135453 0.078260
36084 0.462121 0.223782 0.314098
10542 0.263065 0.126885 0.610050
35990 0.418412 0.435012 0.146577
34670 0.656734 0.046740 0.296526
6533 0.503474 0.146466 0.350060
6265 0.261609 0.158842 0.579549
36436 0.217761 0.491018 0.291221
6583 0.238995 0.728422 0.032583
36526 0.174247 0.210560 0.615193
6015 0.334535 0.295010 0.370455
36598 0.416161 0.324646 0.259194
36515 0.680974 0.306786 0.012240
36543 0.512048 0.173589 0.314364
6527 0.031350 0.935585 0.033065
6297 0.882891 0.006709 0.110400
34923 0.006730 0.408747 0.584523
34800 0.057689 0.858437 0.083873
6068 0.610931 0.143895 0.245175
36602 0.586880 0.060768 0.352352
6035 0.675740 0.259237 0.065023
34930 0.224013 0.089243 0.686744
6424 0.452727 0.415047 0.132226
6406 0.245440 0.140599 0.613961
34949 0.272436 0.403534 0.324030
6428 0.192540 0.334357 0.473103
34765 0.042761 0.747729 0.209510
6588 0.266064 0.545362 0.188575
6447 0.058446 0.510680 0.430874
6578 0.795817 0.121365 0.082818
6539 0.429259 0.226387 0.344353
36511 0.662763 0.094119 0.243118
35649 0.049879 0.294977 0.655144
6365 0.510153 0.267980 0.221867
36549 0.524172 0.365829 0.109999
36534 0.645595 0.254958 0.099447
6470 0.137784 0.747691 0.114525
6580 0.020937 0.108307 0.870756
6327 0.086911 0.056113 0.856976
34731 0.195273 0.526310 0.278417
6443 0.242048 0.488162 0.269790
6456 0.266577 0.605117 0.128306
6371 0.729695 0.173647 0.096659
6360 0.132255 0.523932 0.343813
31734 0.697470 0.226070 0.076460
31957 0.501395 0.222657 0.275948
1244 0.391323 0.576371 0.032306
27523 0.012746 0.160300 0.826954
3147 0.265151 0.600734 0.134115
27547 0.280416 0.511039 0.208545
3175 0.457904 0.105449 0.436647
31652 0.085187 0.230137 0.684676
17393 1.000000 0.000000 0.000000
31186 0.094788 0.416488 0.488724
17453 0.187286 0.140075 0.672639
17399 0.172283 0.255865 0.571852
3181 0.151240 0.412593 0.436167
26478 0.019261 0.456170 0.524570
2734 0.392510 0.559243 0.048247
27437 0.130245 0.266649 0.603106
2761 0.445288 0.506144 0.048568
27466 0.289330 0.049333 0.661336
2802 0.164472 0.134937 0.700590
27427 0.258751 0.140056 0.601194
17546 0.083107 0.782313 0.134580
30552 0.504101 0.037565 0.458334
30540 0.110835 0.548003 0.341162
17299 0.551754 0.219357 0.228889
17699 0.415016 0.310305 0.274679
31467 0.133139 0.061728 0.805134
30593 0.309513 0.184924 0.505563
30582 0.665398 0.133791 0.200811
3035 0.207570 0.770310 0.022120
3014 0.088305 0.859782 0.051913
28856 0.049446 0.715601 0.234953
4113 0.419319 0.081828 0.498853
4117 0.125934 0.776712 0.097354
4070 0.242363 0.668688 0.088950
26683 0.127291 0.802092 0.070616
26678 0.462209 0.430041 0.107750
26465 0.551867 0.396711 0.051422
26454 0.163306 0.079901 0.756793
26450 0.239860 0.560341 0.199799
4828 0.080016 0.885990 0.033994
26548 0.005096 0.702442 0.292462
4842 0.771612 0.211642 0.016746
26441 0.082589 0.347144 0.570267
3078 0.804164 0.032224 0.163612
27438 0.300720 0.237123 0.462157
3029 0.111127 0.654576 0.234297
30586 0.186533 0.617598 0.195869
30697 0.264002 0.470042 0.265957
31465 0.387726 0.211264 0.401009
17192 0.062506 0.297992 0.639502
17194 0.191313 0.496044 0.312643
17302 0.115165 0.685843 0.198993
17305 0.069374 0.210787 0.719838
17184 0.642740 0.083377 0.273883
5156 0.618930 0.295289 0.085782
40620 0.019982 0.609162 0.370857
17561 0.395793 0.235246 0.368961
17545 0.438603 0.078183 0.483213
5181 0.413361 0.159856 0.426783
3021 0.677743 0.040571 0.281686
30592 0.913290 0.040446 0.046264
17792 0.003055 0.076756 0.920188
30588 0.217462 0.455292 0.327245
30590 0.281536 0.309859 0.408606
17313 0.188378 0.271226 0.540396
17312 0.026452 0.848622 0.124926
31642 0.718052 0.111356 0.170592
17317 0.472085 0.292219 0.235696
28576 0.433395 0.299624 0.266981
5104 0.309921 0.637994 0.052085
4260 0.125309 0.273044 0.601647
5102 0.284303 0.557970 0.157727
28515 0.103690 0.176292 0.720018
4194 0.626218 0.183575 0.190207
28542 0.516832 0.359998 0.123170
5059 0.899490 0.004461 0.096048
5057 0.901673 0.016448 0.081879
28416 0.247870 0.005958 0.746172
28457 0.733404 0.000356 0.266240
28461 0.643319 0.005813 0.350868
28465 0.741174 0.084278 0.174548
28595 0.150572 0.113365 0.736064
5265 0.901662 0.082443 0.015895
5237 0.022047 0.967421 0.010532
4984 0.175612 0.632728 0.191660
28587 0.697248 0.160975 0.141778
28962 0.361355 0.582928 0.055718
28658 0.345638 0.583487 0.070875
5079 0.136626 0.286655 0.576719
5074 0.507096 0.394338 0.098566
28432 0.178935 0.738959 0.082106
30675 0.439079 0.220036 0.340885
30596 0.044256 0.595527 0.360217
17744 0.233307 0.311607 0.455085
5116 0.224682 0.079076 0.696243
5131 0.682945 0.118964 0.198091
4014 0.710901 0.063223 0.225876
5218 0.229750 0.684600 0.085650
28562 0.549491 0.314422 0.136088
5120 0.143453 0.363038 0.493509
26885 0.643176 0.031047 0.325777
5260 0.067156 0.921401 0.011444
4206 0.812532 0.062854 0.124614
4146 0.834139 0.149157 0.016704
4155 0.685028 0.278183 0.036789
4190 0.345536 0.246406 0.408059
5051 0.069434 0.392440 0.538125
28908 0.435881 0.062002 0.502116
31423 0.577915 0.183904 0.238181
4232 0.045649 0.364797 0.589555
4252 0.015412 0.841829 0.142759
4256 0.323559 0.483013 0.193428
26570 0.086775 0.585887 0.327338
4864 0.389252 0.131009 0.479739
4794 0.648449 0.034411 0.317140
4821 0.394420 0.005950 0.599630
26766 0.475836 0.200113 0.324051
2678 0.084844 0.523795 0.391361
17278 0.147606 0.676442 0.175953
31506 0.711441 0.004797 0.283761
31510 0.519024 0.182006 0.298970
30618 0.194839 0.046019 0.759142
30682 0.271993 0.026796 0.701211
30684 0.526550 0.190634 0.282816
30600 0.013415 0.738347 0.248238
17556 0.361520 0.493533 0.144946
17572 0.550253 0.252708 0.197038
4934 0.464569 0.053319 0.482113
5195 0.105516 0.160402 0.734082
27005 0.571160 0.053529 0.375311
26999 0.555995 0.279328 0.164677
4768 0.000000 0.832527 0.167473
4706 0.054129 0.165769 0.780102
26779 0.192038 0.638446 0.169516
26979 0.074994 0.651269 0.273736
4857 0.579163 0.132723 0.288114
26536 0.307614 0.317591 0.374794
2752 0.365200 0.357652 0.277148
2758 0.022618 0.139683 0.837700
17253 0.590626 0.171656 0.237718
17171 0.074023 0.275422 0.650555
31623 0.789315 0.048965 0.161721
17166 0.180231 0.076034 0.743735
4807 0.012015 0.413231 0.574754
4633 1.000000 0.000000 0.000000
4704 0.421991 0.341552 0.236457
4935 0.542262 0.210742 0.246997
4930 0.244388 0.205003 0.550609
26561 0.371202 0.138370 0.490428
26952 0.205531 0.683745 0.110724
26947 0.442520 0.274738 0.282742
5158 0.068322 0.275770 0.655908
4621 0.730185 0.054449 0.215366
26799 0.301697 0.203002 0.495301
4752 0.654482 0.062294 0.283224
4912 0.889839 0.020185 0.089976
4909 0.012806 0.266796 0.720399
31386 0.489058 0.073175 0.437767
17252 0.361758 0.421040 0.217202
31685 0.892644 0.024706 0.082650
17232 0.406929 0.170473 0.422598
31430 0.397897 0.460932 0.141171
17285 0.170212 0.583538 0.246250
31682 0.768452 0.050534 0.181015
17635 0.217608 0.599826 0.182567
31521 0.313644 0.207926 0.478430
31484 0.618522 0.209698 0.171780
31487 0.106132 0.008622 0.885245
17737 0.262489 0.055362 0.682150
26514 0.327269 0.417873 0.254857
2645 0.711925 0.003995 0.284080
17709 0.783776 0.000484 0.215739
31441 0.072737 0.059665 0.867598
17710 0.090700 0.536765 0.372535
17727 0.197727 0.211127 0.591146
31515 0.311648 0.272491 0.415861
17233 0.313684 0.586482 0.099834
31673 0.457410 0.064938 0.477652
28569 0.089130 0.031718 0.879152
5201 0.174076 0.648881 0.177044
28421 0.566768 0.117905 0.315328
5151 0.293961 0.520711 0.185328
26825 0.304237 0.406904 0.288859
31681 0.119830 0.674303 0.205867
5135 0.123935 0.155395 0.720671
5152 0.176857 0.462261 0.360882
17244 0.508493 0.053383 0.438124
5142 0.342033 0.657647 0.000320
31677 0.263881 0.425458 0.310661
17180 0.069792 0.614814 0.315394
27035 0.580447 0.419553 0.000000
27030 0.028498 0.152873 0.818630
17664 0.183277 0.255769 0.560954
17274 0.191422 0.746617 0.061962
31393 0.166060 0.459094 0.374846
26816 0.549936 0.064760 0.385305
17179 0.838998 0.018171 0.142830
26817 0.557973 0.063039 0.378988
26988 0.501829 0.200481 0.297690
26872 0.280138 0.686810 0.033052
26803 0.202883 0.243816 0.553301
4716 0.286659 0.496607 0.216734
26937 0.324459 0.078932 0.596609
4681 0.422440 0.087226 0.490334
27032 0.379066 0.151080 0.469854
27035 0.088660 0.577932 0.333408
4654 0.237546 0.177727 0.584727
4717 0.126262 0.112265 0.761474
4741 0.215809 0.145994 0.638196
5241 0.782949 0.179292 0.037760
5249 0.491334 0.205356 0.303309
28564 0.030846 0.698416 0.270738
5212 0.311883 0.275706 0.412410
28613 0.324653 0.323830 0.351517
4016 0.760427 0.223977 0.015596
28454 0.007535 0.274660 0.717805
28558 0.556460 0.207781 0.235759
5117 0.090289 0.611093 0.298618
26884 0.741796 0.112657 0.145547
28599 0.017583 0.096401 0.886015
4071 0.020336 0.035857 0.943807
27183 0.218461 0.287034 0.494505
2886 0.008983 0.959246 0.031772
27174 0.089550 0.283358 0.627092
4046 0.252589 0.052734 0.694677
27724 0.289835 0.499256 0.210909
28850 0.050436 0.203630 0.745934
28855 0.127864 0.795056 0.077080
4075 0.754180 0.015857 0.229963
3715 0.176797 0.723864 0.099339
27108 0.105932 0.791346 0.102723
3723 0.182957 0.413014 0.404029
27127 0.143165 0.336515 0.520320
27114 0.344890 0.364759 0.290351
27631 0.202127 0.087809 0.710064
27232 0.279613 0.078910 0.641477
3650 0.712235 0.097035 0.190730
27319 0.771930 0.166618 0.061452
27318 0.049509 0.115692 0.834799
27350 0.257510 0.473751 0.268740
27346 0.790031 0.075189 0.134780
2910 0.475119 0.454283 0.070598
27694 0.023079 0.352136 0.624785
27270 0.872094 0.034620 0.093286
27589 0.708727 0.167463 0.123811
2950 0.505079 0.382599 0.112322
2880 0.727129 0.171736 0.101136
2897 0.418935 0.404749 0.176316
2889 0.274046 0.300290 0.425664
2907 0.304399 0.384020 0.311581
2842 0.081590 0.271363 0.647047
27331 0.167709 0.808867 0.023424
27097 0.551122 0.278554 0.170324
2957 0.674219 0.025211 0.300570
3714 0.026161 0.324815 0.649025
3586 0.183373 0.736176 0.080451
3548 0.010392 0.154931 0.834677
3877 0.195513 0.723460 0.081027
30839 0.292825 0.029957 0.677218
3398 0.293317 0.199202 0.507481
3319 0.007001 0.146322 0.846677
30951 0.532373 0.290610 0.177017
30827 0.029561 0.169250 0.801189
30861 0.200862 0.630027 0.169111
3922 0.090705 0.298524 0.610771
3572 0.366266 0.443676 0.190058
3549 0.010477 0.417141 0.572382
3770 0.079783 0.129262 0.790956
26700 0.033498 0.541687 0.424815
3594 0.644341 0.203131 0.152527
3626 0.827261 0.020910 0.151829
30943 0.215736 0.281483 0.502781
30884 0.695307 0.216076 0.088617
27290 0.299693 0.059363 0.640944
3873 0.077312 0.611076 0.311612
30832 0.219425 0.427299 0.353275
3559 0.178019 0.284530 0.537450
3582 0.314355 0.492987 0.192658
30808 0.635382 0.070044 0.294574
3629 0.181584 0.585284 0.233133
3438 0.271472 0.428723 0.299804
2963 0.123883 0.541383 0.334734
27102 0.130377 0.113211 0.756411
3640 0.283905 0.455837 0.260258
27382 0.306234 0.497033 0.196733
2861 0.047571 0.438013 0.514416
27090 0.855018 0.113195 0.031787
2849 0.160898 0.183066 0.656037
2949 0.024275 0.029989 0.945737
3737 0.179527 0.182910 0.637563
3832 0.313535 0.231521 0.454944
3879 0.047894 0.347824 0.604282
27359 0.336796 0.245000 0.418204
27365 0.162406 0.244964 0.592630
3689 0.334762 0.058930 0.606308
27371 0.911536 0.033125 0.055338
27256 0.342676 0.062096 0.595227
30750 0.260156 0.678241 0.061603
3798 0.521428 0.198141 0.280431
30845 0.631319 0.208338 0.160343
30856 0.619948 0.180649 0.199404
3415 0.439085 0.460985 0.099930
31008 0.056719 0.362657 0.580624
30887 0.297243 0.125329 0.577428
31017 0.377571 0.122901 0.499528
30891 0.089646 0.095192 0.815162
3391 0.207229 0.237633 0.555138
3820 0.027813 0.658972 0.313215
30786 0.756583 0.164609 0.078808
30708 0.197367 0.126874 0.675759
27223 0.423496 0.005582 0.570923
27236 0.168276 0.646694 0.185030
3883 0.151068 0.361224 0.487708
33119 0.206045 0.386684 0.407270
1557 0.083720 0.131864 0.784416
33178 0.505394 0.040430 0.454176
1534 0.440732 0.336873 0.222395
2409 0.757258 0.152218 0.090524
2421 0.229287 0.107309 0.663404
2011 0.284819 0.320685 0.394496
40523 0.812965 0.056253 0.130782
40328 0.296608 0.183458 0.519934
40579 0.151706 0.459879 0.388415
2027 0.660998 0.319449 0.019553
40344 0.147044 0.837199 0.015757
40322 0.604476 0.008918 0.386606
40338 0.133506 0.081946 0.784549
2608 0.464934 0.228714 0.306352
40444 0.731399 0.218717 0.049883
2557 0.062060 0.491848 0.446092
1404 0.640326 0.019103 0.340571
33312 0.148599 0.716582 0.134819
40754 0.068699 0.577183 0.354118
33498 0.275597 0.349047 0.375356
33305 0.321064 0.076930 0.602006
33502 0.043175 0.757556 0.199269
2637 0.014506 0.288390 0.697104
33409 0.137976 0.132407 0.729617
2438 0.266719 0.113803 0.619478
2510 0.309950 0.644947 0.045103
1362 0.301293 0.461018 0.237688
33573 0.263824 0.100292 0.635883
2463 0.156921 0.450290 0.392790
33019 0.365327 0.560595 0.074078
33018 0.706625 0.173163 0.120212
1440 0.170362 0.162494 0.667143
1650 0.925738 0.013494 0.060768
34085 0.576790 0.159341 0.263869
1382 0.280654 0.428369 0.290978
1566 0.136714 0.586924 0.276363
33166 0.198546 0.173724 0.627730
33080 0.081737 0.338442 0.579821
33207 0.220743 0.117889 0.661369
1977 0.769391 0.167149 0.063460
1854 0.000000 0.118749 0.881251
1948 0.421208 0.563004 0.015789
34161 0.444195 0.266691 0.289114
33335 0.305169 0.480306 0.214525
1463 0.087949 0.455106 0.456945
1813 0.400111 0.156724 0.443165
1509 0.212926 0.559857 0.227216
33182 0.375979 0.433936 0.190086
1582 0.581726 0.030752 0.387521
1454 0.187512 0.408067 0.404422
34135 0.119911 0.735182 0.144907
1628 0.518561 0.038565 0.442874
33078 0.752646 0.185878 0.061476
1325 0.253238 0.711363 0.035399
1324 0.603871 0.060570 0.335559
33187 0.110898 0.585472 0.303630
33191 0.327099 0.333222 0.339680
33026 0.495327 0.281388 0.223286
1337 0.250952 0.454226 0.294823
34022 0.291853 0.469126 0.239021
34080 0.130213 0.695936 0.173852
2331 0.318775 0.061703 0.619522
33601 0.487837 0.448995 0.063168
2360 0.357918 0.273053 0.369029
2355 0.145406 0.491740 0.362854
2315 0.516461 0.005696 0.477843
33343 0.333598 0.344212 0.322191
2389 0.373050 0.558450 0.068500
33366 0.351692 0.294919 0.353389
33383 0.382267 0.207500 0.410234
33474 0.166764 0.806385 0.026851
2563 0.670231 0.154953 0.174815
33614 0.321916 0.436417 0.241667
33421 0.040684 0.476130 0.483186
33592 0.493793 0.335848 0.170359
2584 0.416664 0.363987 0.219350
40709 0.377556 0.494911 0.127533
39940 0.603233 0.097896 0.298871
501 0.083578 0.288747 0.627676
40720 0.677604 0.017146 0.305250
555 0.362532 0.163120 0.474348
40686 0.565245 0.338218 0.096536
567 0.501600 0.132066 0.366333
33392 0.004817 0.638622 0.356561
528 0.163002 0.509200 0.327798
28523 0.734642 0.059511 0.205848
28527 0.039352 0.714098 0.246550
4242 0.434470 0.355547 0.209982
4209 0.028360 0.361350 0.610291
28946 0.016601 0.943712 0.039687
4245 0.252307 0.049834 0.697858
28539 0.430511 0.257182 0.312307
5061 0.281102 0.073317 0.645581
28934 0.702273 0.010813 0.286914
28413 0.040467 0.011676 0.947857
28410 0.888037 0.094354 0.017609
26693 0.631876 0.330139 0.037984
27556 0.612862 0.181073 0.206065
31607 0.634325 0.026931 0.338743
26669 0.298125 0.189203 0.512672
17329 0.184081 0.762767 0.053152
3061 0.057786 0.473285 0.468929
3175 0.558445 0.302589 0.138967
17219 0.740620 0.028648 0.230732
30427 0.084645 0.802882 0.112473
17625 0.257841 0.507169 0.234990
26458 0.095549 0.420438 0.484012
26453 0.522665 0.449463 0.027872
9584 0.145746 0.472515 0.381739
9738 0.358935 0.566073 0.074992
6138 0.313788 0.622774 0.063437
36937 0.228015 0.621840 0.150145
36942 0.670357 0.036891 0.292752
9586 0.601585 0.089722 0.308693
6127 0.291210 0.628454 0.080336
36835 0.256583 0.007484 0.735933
36445 0.067436 0.009642 0.922922
9634 0.144134 0.429193 0.426673
36686 0.203225 0.300655 0.496120
36677 0.172415 0.631866 0.195719
36668 0.358748 0.136572 0.504681
36737 0.202650 0.022759 0.774591
9764 0.228844 0.393607 0.377548
36729 0.776106 0.131607 0.092287
36887 0.663314 0.072126 0.264560
36912 0.925052 0.029383 0.045566
36776 0.729816 0.067154 0.203031
9898 0.677375 0.283339 0.039286
36768 0.298409 0.067945 0.633646
9640 0.189473 0.684938 0.125588
36913 0.291060 0.659225 0.049715
9882 0.653322 0.022147 0.324531
9780 0.051440 0.868329 0.080231
35861 0.191864 0.523688 0.284447
9353 0.219136 0.668337 0.112527
35869 0.529935 0.214500 0.255565
9793 0.677506 0.056406 0.266088
35873 0.157376 0.448555 0.394068
35829 0.239718 0.350402 0.409880
35892 0.492539 0.203946 0.303515
35877 0.059351 0.697178 0.243471
9356 0.866621 0.009874 0.123504
35949 0.181504 0.498781 0.319715
36799 0.382928 0.524422 0.092649
9392 0.485829 0.128144 0.386028
35847 0.281760 0.415121 0.303119
35951 0.630320 0.284167 0.085513
9869 0.028233 0.025280 0.946487
35953 0.493996 0.462025 0.043979
9865 0.817950 0.040189 0.141861
35954 0.909788 0.087434 0.002778
521 0.148694 0.813099 0.038207
600 0.211914 0.251665 0.536421
28048 0.803880 0.050689 0.145430
29039 0.515469 0.192452 0.292079
28840 0.317304 0.148188 0.534508
29027 0.658100 0.274395 0.067505
28809 0.300000 0.608683 0.091316
4032 0.614837 0.368557 0.016606
28958 0.038764 0.612990 0.348246
4126 0.173002 0.263869 0.563129
28511 0.630157 0.008731 0.361112
4135 0.541059 0.172088 0.286853
28911 0.156655 0.353121 0.490224
4017 0.167228 0.007422 0.825351
5038 0.293921 0.356273 0.349805
28454 0.572113 0.384416 0.043470
5035 0.152129 0.715864 0.132007
5047 0.345487 0.455844 0.198669
5044 0.149302 0.826659 0.024039
28603 0.119018 0.303151 0.577830
26848 0.722971 0.193282 0.083746
28663 0.556518 0.426941 0.016541
28670 0.193512 0.651166 0.155322
5002 0.785382 0.009980 0.204637
30917 0.314586 0.553619 0.131795
2805 0.010101 0.839009 0.150890
31658 0.114899 0.873612 0.011489
17626 0.355865 0.203351 0.440784
4836 0.085660 0.853344 0.060996
30449 0.585308 0.264451 0.150241
35450 0.156750 0.489117 0.354133
3525 0.675081 0.242220 0.082699
31939 0.375211 0.089022 0.535768
31751 0.923178 0.055550 0.021272
30454 0.461462 0.003853 0.534686
10265 0.329109 0.133222 0.537669
10271 0.478342 0.242087 0.279571
36151 0.571644 0.029739 0.398618
31939 0.302616 0.435842 0.261543
7941 0.238036 0.489959 0.272005
10351 0.122453 0.632001 0.245546
31939 0.138259 0.113407 0.748334
7941 0.447840 0.202721 0.349438
7941 0.214153 0.089474 0.696373
20879 0.700357 0.291002 0.008642
12478 0.718158 0.070534 0.211308
20122 0.280834 0.482601 0.236565
10907 0.175610 0.689918 0.134472
24073 0.382526 0.187459 0.430015
14891 0.621773 0.217516 0.160710
14650 0.236900 0.040564 0.722537
25104 0.372455 0.154072 0.473473
22303 0.425269 0.198104 0.376627
20823 0.860914 0.118594 0.020492
29649 0.020944 0.817832 0.161224
5882 0.020004 0.018774 0.961222
16564 0.233217 0.677672 0.089111
16772 0.437765 0.229429 0.332806
16786 0.195869 0.507668 0.296463
25768 0.231554 0.418616 0.349830
25792 0.143615 0.171427 0.684957
25795 0.269948 0.008223 0.721828
25884 0.546322 0.354294 0.099385
12992 0.229846 0.011434 0.758719
25780 0.339684 0.510289 0.150026
25748 0.242011 0.033006 0.724983
38487 0.208144 0.477465 0.314392
25809 0.087260 0.374015 0.538725
38725 0.660133 0.055946 0.283920
39431 0.066987 0.037450 0.895563
37214 0.016676 0.634677 0.348647
15138 0.525458 0.435004 0.039538
38951 0.452842 0.131215 0.415943
11466 0.385088 0.585233 0.029679
14937 0.410350 0.407828 0.181822
