4441 0.416851 0.171315 0.411834
17308 0.101243 0.762147 0.136610
17254 0.031337 0.103323 0.865340
17294 0.605811 0.058060 0.336129
5389 0.016664 0.277691 0.705645
16248 0.154915 0.068587 0.776498
5550 0.843207 0.148438 0.008355
5497 0.000000 0.489380 0.510620
19063 0.124181 0.419484 0.456336
19361 0.332006 0.443606 0.224388
19385 0.393757 0.044395 0.561848
3358 0.027583 0.608556 0.363861
5579 0.272145 0.458396 0.269459
5523 0.379237 0.230607 0.390155
16396 0.579036 0.344489 0.076474
3435 0.448808 0.368159 0.183033
5530 0.077329 0.265678 0.656993
9420 0.202448 0.370343 0.427209
19134 0.189675 0.577437 0.232888
19261 0.683067 0.200390 0.116544
4533 0.217693 0.461728 0.320580
19298 0.116503 0.051173 0.832324
19290 0.063898 0.610788 0.325314
16454 0.573170 0.239992 0.186838
4662 0.651700 0.236763 0.111538
17137 0.222835 0.163293 0.613873
17990 0.362133 0.294091 0.343775
18291 0.007693 0.215601 0.776707
18023 0.829532 0.087519 0.082949
18283 0.684011 0.004465 0.311524
14317 0.148355 0.843016 0.008629
1686 0.091335 0.647756 0.260910
883 0.951173 0.009973 0.038854
4804 0.031398 0.648615 0.319987
18235 0.263186 0.238949 0.497865
18163 0.355703 0.060434 0.583863
728 0.829943 0.011064 0.158993
1961 0.156855 0.704387 0.138758
14151 0.782462 0.045767 0.171771
14612 0.435120 0.319184 0.245695
1516 0.200359 0.281299 0.518342
15044 0.196164 0.791615 0.012220
2287 0.079057 0.221970 0.698973
17706 0.256671 0.135801 0.607528
17765 0.091402 0.568422 0.340176
14088 0.729672 0.164241 0.106087
1542 0.382002 0.102930 0.515068
2380 0.163768 0.229876 0.606357
14988 0.758388 0.199465 0.042147
18003 0.585384 0.140247 0.274370
17102 0.401859 0.287518 0.310622
2049 0.615664 0.146373 0.237962
15122 0.088551 0.777358 0.134091
-1 0.000000 0.000000 0.000000
-1 0.000000 0.000000 0.000000
18056 0.381877 0.391412 0.226711
1005 0.055217 0.805733 0.139051
4467 0.048408 0.908073 0.043518
5238 0.093274 0.458531 0.448195
5029 0.202032 0.015225 0.782743
2847 0.216610 0.753455 0.029935
17066 0.041887 0.783070 0.175042
4783 0.958485 0.034106 0.007409
17575 0.232233 0.370544 0.397223
18475 0.573581 0.411553 0.014866
-1 0.000000 0.000000 0.000000
-1 0.000000 0.000000 0.000000
5198 0.393946 0.466835 0.139219
4984 0.357850 0.027153 0.614998
19366 0.485515 0.159810 0.354675
872 0.287291 0.702941 0.009768
18250 0.396390 0.387456 0.216154
18215 0.250708 0.444865 0.304427
17709 0.000000 0.093760 0.906240
822 0.124646 0.065773 0.809582
17440 0.010061 0.129816 0.860123
4343 0.096989 0.494845 0.408166
4395 0.000967 0.129384 0.869648
2818 0.084344 0.819526 0.096130
5432 0.196908 0.654011 0.149081
9605 0.637154 0.223647 0.139198
9662 0.597581 0.201239 0.201179
16620 0.638117 0.297142 0.064741
9634 0.482522 0.251346 0.266132
9575 0.514932 0.404214 0.080855
16867 0.313692 0.105169 0.581138
16765 0.900813 0.098207 0.000980
9507 0.404289 0.324458 0.271253
9508 0.646071 0.308783 0.045146
9649 0.152271 0.164916 0.682813
-1 0.000000 0.000000 0.000000
5397 0.240647 0.386832 0.372521
3410 0.461879 0.207292 0.330829
2953 0.112076 0.472781 0.415143
14355 0.170240 0.201846 0.627915
4597 0.972813 0.023746 0.003441
19555 0.099787 0.343229 0.556984
5012 0.140724 0.718140 0.141135
5502 0.124624 0.808264 0.067112
5020 0.027881 0.300928 0.671191
5510 0.129599 0.777332 0.093069
5096 0.214010 0.549477 0.236513
13105 0.590153 0.389289 0.020558
1997 0.110170 0.277185 0.612645
2330 0.715617 0.054318 0.230065
2353 0.309580 0.031973 0.658447
14207 0.527249 0.276470 0.196281
393 0.400859 0.234441 0.364701
1246 0.797801 0.104315 0.097883
17887 0.590401 0.140081 0.269518
1141 0.385013 0.221718 0.393269
1377 0.206644 0.494924 0.298431
21873 0.079175 0.348049 0.572776
515 0.081229 0.742845 0.175925
1530 0.046191 0.841154 0.112655
509 0.000000 0.805176 0.194824
14093 0.805624 0.006856 0.187520
17698 0.175286 0.786026 0.038688
1379 0.143102 0.599210 0.257687
14525 0.056113 0.726446 0.217441
15104 0.148870 0.676585 0.174545
14555 0.597739 0.083102 0.319158
5628 0.398754 0.167891 0.433355
9474 0.111177 0.221362 0.667461
14433 0.152809 0.194485 0.652706
15370 0.652285 0.328978 0.018737
1883 0.520560 0.160497 0.318943
2187 0.004270 0.231434 0.764296
15323 0.317230 0.566003 0.116767
1760 0.701507 0.048372 0.250121
9358 0.532754 0.327042 0.140204
2583 0.249770 0.312782 0.437448
2574 0.085912 0.018129 0.895959
14965 0.138159 0.299903 0.561938
21983 0.283531 0.258188 0.458281
15019 0.175868 0.063625 0.760507
15023 0.197246 0.039680 0.763075
22264 0.960484 0.019870 0.019645
17626 0.152351 0.845650 0.001999
17755 0.013740 0.745398 0.240862
9483 0.344809 0.133632 0.521558
9339 0.033254 0.200412 0.766335
14487 0.204677 0.130690 0.664633
14752 0.116493 0.722501 0.161006
9468 0.224052 0.750014 0.025935
14490 0.395029 0.129868 0.475103
1871 0.344205 0.125017 0.530778
14505 0.260940 0.099419 0.639641
9396 0.768036 0.046885 0.185079
14480 0.654628 0.320665 0.024707
1826 0.131312 0.140489 0.728199
9427 0.122125 0.002550 0.875326
17670 0.670163 0.030150 0.299687
1123 0.814183 0.114609 0.071209
1166 0.343308 0.287163 0.369529
17607 0.553578 0.241486 0.204936
4988 0.029353 0.047812 0.922835
4975 0.000188 0.952230 0.047582
1079 0.058483 0.100929 0.840588
1074 0.623526 0.000000 0.376474
2441 0.921567 0.046671 0.031762
-1 0.000000 0.000000 0.000000
-1 0.000000 0.000000 0.000000
-1 0.000000 0.000000 0.000000
5590 0.206761 0.305987 0.487252
5583 0.423043 0.448386 0.128572
18480 0.315362 0.511720 0.172918
3252 0.125014 0.728823 0.146163
18501 0.350410 0.525322 0.124268
1681 0.983157 0.013634 0.003209
1458 0.125954 0.122646 0.751400
17203 0.168219 0.703731 0.128050
2059 0.100811 0.324825 0.574364
15259 0.520517 0.072321 0.407162
1941 0.588682 0.141345 0.269973
4610 0.263427 0.544381 0.192193
14372 0.225406 0.228278 0.546316
9618 0.161998 0.265548 0.572454
14394 0.073285 0.447967 0.478748
5375 0.544053 0.200968 0.254980
5386 0.574366 0.058110 0.367524
18994 0.261182 0.433904 0.304913
938 0.261970 0.564163 0.173867
17171 0.244574 0.260496 0.494930
17475 0.579180 0.321369 0.099451
903 0.318583 0.269071 0.412346
17951 0.545642 0.040616 0.413743
17221 0.406049 0.461395 0.132556
17002 0.104332 0.895267 0.000401
17232 0.485965 0.437247 0.076788
1326 0.093803 0.641610 0.264587
18012 0.508182 0.289875 0.201943
14746 0.705890 0.158004 0.136106
22269 0.041123 0.673872 0.285005
4270 0.343813 0.509825 0.146362
17593 0.263554 0.676903 0.059544
17633 0.821285 0.131494 0.047221
17697 0.148604 0.117118 0.734278
1357 0.136508 0.042123 0.821369
17927 0.044476 0.493068 0.462456
17773 0.403170 0.265999 0.330830
18605 0.051571 0.390053 0.558377
18445 0.808284 0.115549 0.076167
3365 0.029752 0.932969 0.037279
18332 0.248633 0.266858 0.484509
3335 0.461334 0.222798 0.315868
19217 0.094054 0.074951 0.830995
19393 0.456324 0.475812 0.067864
5385 0.115882 0.790635 0.093483
2031 0.021684 0.335448 0.642868
18858 0.764397 0.167053 0.068549
18847 0.296610 0.207913 0.495477
17165 0.552499 0.131165 0.316336
4759 0.075455 0.407520 0.517025
21981 0.635959 0.251661 0.112380
2320 0.108168 0.193683 0.698149
14962 0.198331 0.036941 0.764728
2316 0.005435 0.445818 0.548747
21878 0.180580 0.137265 0.682155
507 0.183119 0.415162 0.401719
501 0.043743 0.106435 0.849822
14977 0.386785 0.097544 0.515672
22254 0.185285 0.775089 0.039626
21331 0.716749 0.277974 0.005278
1815 0.780106 0.211344 0.008550
14079 0.197668 0.144854 0.657478
2064 0.517942 0.087344 0.394713
15480 0.329169 0.145673 0.525158
14116 0.937037 0.040183 0.022779
17410 0.152326 0.257902 0.589772
17392 0.588616 0.147714 0.263669
19267 0.077442 0.915049 0.007509
17322 0.006433 0.478655 0.514912
17315 0.440374 0.387769 0.171857
17385 0.556149 0.327896 0.115955
14653 0.456073 0.457821 0.086106
1447 0.000000 0.535919 0.464081
1850 0.230420 0.038438 0.731142
2674 0.037305 0.110462 0.852233
2562 0.190970 0.569975 0.239055
4223 0.091962 0.148366 0.759672
19423 0.170208 0.665771 0.164021
19492 0.024244 0.774990 0.200766
4508 0.050176 0.777313 0.172511
2918 0.205924 0.748459 0.045617
18556 0.095134 0.500588 0.404279
2937 0.069571 0.892534 0.037895
18876 0.042666 0.863824 0.093510
18887 0.038648 0.718965 0.242388
1894 0.566668 0.433332 0.000000
17501 0.904523 0.063408 0.032070
5060 0.434203 0.530386 0.035411
4964 0.820994 0.158618 0.020388
19624 0.469623 0.013884 0.516492
17807 0.542506 0.315439 0.142055
3414 0.619129 0.280186 0.100685
3386 0.197773 0.719075 0.083151
9206 0.470875 0.421198 0.107927
9186 0.039489 0.505090 0.455421
16197 0.079446 0.229492 0.691062
16462 0.340583 0.194064 0.465353
16195 0.082457 0.183120 0.734423
9432 0.000000 0.322242 0.677758
5492 0.577889 0.394156 0.027955
5585 0.400303 0.363504 0.236193
19182 0.830285 0.157260 0.012455
19042 0.191316 0.251785 0.556899
17960 0.675963 0.179381 0.144656
18043 0.632287 0.068167 0.299547
9430 0.295329 0.335324 0.369348
4244 0.231832 0.678504 0.089664
19331 0.014334 0.256952 0.728713
17553 0.161667 0.724379 0.113954
-1 0.000000 0.000000 0.000000
-1 0.000000 0.000000 0.000000
1399 0.000400 0.770096 0.229504
1231 0.464507 0.353013 0.182480
1185 0.268355 0.699907 0.031738
9624 0.019046 0.458246 0.522708
-1 0.000000 0.000000 0.000000
-1 0.000000 0.000000 0.000000
-1 0.000000 0.000000 0.000000
5291 0.449126 0.435869 0.115005
-1 0.000000 0.000000 0.000000
9593 0.153061 0.210085 0.636855
-1 0.000000 0.000000 0.000000
-1 0.000000 0.000000 0.000000
1382 0.263665 0.672248 0.064087
18124 0.102376 0.250470 0.647154
17714 0.548235 0.300728 0.151038
1324 0.164302 0.049296 0.786401
17873 0.682133 0.279413 0.038453
17788 0.072146 0.024887 0.902967
4883 0.107394 0.768367 0.124238
18932 0.475102 0.412860 0.112038
2894 0.650276 0.040002 0.309721
3080 0.639633 0.138109 0.222258
18687 0.194396 0.608764 0.196840
2844 0.703716 0.066048 0.230235
18706 0.523931 0.066048 0.410021
4870 0.003146 0.983632 0.013222
2888 0.077588 0.694327 0.228085
18661 0.212812 0.504960 0.282228
4922 0.000000 0.356455 0.643545
4857 0.613103 0.182480 0.204417
4858 0.823788 0.012453 0.163759
4853 0.517293 0.094513 0.388194
4921 0.740068 0.034826 0.225106
4851 0.324126 0.036759 0.639115
4904 0.049877 0.471738 0.478385
17183 0.000000 0.396542 0.603458
4846 0.091499 0.381709 0.526792
16938 0.173195 0.820377 0.006428
4844 0.000000 0.656139 0.343861
5570 0.282319 0.043972 0.673708
4447 0.126024 0.480362 0.393614
18865 0.899355 0.097286 0.003359
17349 0.549904 0.051974 0.398122
19190 0.031431 0.282784 0.685784
2924 0.266772 0.061076 0.672152
5262 0.424577 0.392302 0.183120
4259 0.109234 0.680414 0.210352
19395 0.465101 0.413743 0.121156
2835 0.709704 0.238393 0.051903
16318 0.512243 0.287289 0.200468
9802 0.460706 0.201257 0.338037
9791 0.176396 0.267685 0.555919
16309 0.572842 0.166816 0.260342
16347 0.085906 0.549066 0.365029
18399 0.873496 0.058707 0.067797
19048 0.900890 0.035347 0.063763
14915 0.425043 0.122111 0.452847
14852 0.246587 0.194016 0.559397
14819 0.658020 0.318926 0.023054
15191 0.413881 0.570324 0.015795
2486 0.060582 0.607152 0.332266
2495 0.042534 0.897993 0.059473
14142 0.755576 0.216174 0.028250
21618 0.057129 0.750985 0.191886
218 0.054858 0.774759 0.170383
278 0.004935 0.775492 0.219573
330 0.285779 0.147391 0.566830
33 0.113681 0.111302 0.775017
269 0.408929 0.214593 0.376478
43 0.069258 0.183730 0.747011
291 0.362817 0.237962 0.399221
217 0.090695 0.495293 0.414013
194 0.476506 0.327891 0.195603
21448 0.862770 0.032546 0.104684
653 0.172643 0.275956 0.551401
21236 0.853526 0.046814 0.099660
21390 0.622147 0.225571 0.152282
1179 0.465697 0.165685 0.368618
348 0.673884 0.118427 0.207689
293 0.186457 0.498683 0.314860
21417 0.372401 0.006564 0.621035
21566 0.412063 0.348779 0.239158
21788 0.807876 0.017058 0.175066
27 0.006009 0.224123 0.769867
68 0.859400 0.002641 0.137959
21174 0.317854 0.127397 0.554749
126 0.488291 0.502148 0.009561
21721 0.303786 0.554790 0.141424
617 0.457511 0.090727 0.451763
1338 0.953469 0.000605 0.045926
21519 0.418495 0.228149 0.353355
17934 0.039652 0.029956 0.930392
21568 0.151812 0.173226 0.674962
21562 0.682733 0.144913 0.172354
3304 0.730221 0.269779 0.000000
17800 0.135342 0.351948 0.512710
725 0.287800 0.314123 0.398077
4357 0.265342 0.677777 0.056880
15249 0.138243 0.271884 0.589873
14235 0.212998 0.027179 0.759823
19475 0.621634 0.289931 0.088436
19659 0.414854 0.399437 0.185709
4943 0.074088 0.452141 0.473771
5221 0.168480 0.122016 0.709504
5241 0.672348 0.224903 0.102750
4950 0.169185 0.754275 0.076540
19400 0.575669 0.192736 0.231595
19527 0.281365 0.031483 0.687152
4471 0.112738 0.130501 0.756761
5111 0.102662 0.775384 0.121954
1255 0.396397 0.012683 0.590920
1372 0.086951 0.658483 0.254566
17853 0.010636 0.708807 0.280557
1122 0.405491 0.140612 0.453896
1212 0.486628 0.029511 0.483861
1303 0.188249 0.405206 0.406545
21306 0.400298 0.583634 0.016069
22294 0.742469 0.197209 0.060322
18392 0.166527 0.633425 0.200048
4738 0.530593 0.272893 0.196514
4401 0.539776 0.416928 0.043295
17361 0.554413 0.241892 0.203695
5572 0.097653 0.645071 0.257276
18996 0.475060 0.108667 0.416272
8966 0.051962 0.211221 0.736817
18782 0.423814 0.063840 0.512346
18734 0.305347 0.440168 0.254485
15846 0.012409 0.412599 0.574993
3063 0.822646 0.000000 0.177354
3072 0.161709 0.564564 0.273727
15088 0.889705 0.058201 0.052095
-1 0.000000 0.000000 0.000000
3509 0.545700 0.380690 0.073610
5345 0.291331 0.591991 0.116678
19461 0.108223 0.674224 0.217552
16875 0.578363 0.014785 0.406852
16299 0.765472 0.221815 0.012713
16832 0.066621 0.323258 0.610121
3735 0.104159 0.892575 0.003266
18816 0.155266 0.366908 0.477826
19479 0.076238 0.818650 0.105112
19474 0.050171 0.466225 0.483604
15916 0.818968 0.042623 0.138409
3075 0.123850 0.197210 0.678940
4386 0.215735 0.017252 0.767014
4309 0.343614 0.334072 0.322314
19462 0.487509 0.232478 0.280013
12393 0.277235 0.453310 0.269454
11080 0.344280 0.042748 0.612972
8567 0.664816 0.085763 0.249422
8541 0.502278 0.218524 0.279198
8562 0.368598 0.300820 0.330582
18416 0.436438 0.104785 0.458777
15504 0.149298 0.813875 0.036827
11244 0.156812 0.033823 0.809365
15650 0.154818 0.459097 0.386086
9031 0.088676 0.700987 0.210337
11184 0.129297 0.856478 0.014225
11182 0.056528 0.118810 0.824662
12565 0.568367 0.086257 0.345376
10994 0.319188 0.097615 0.583197
12501 0.508827 0.336082 0.155091
15883 0.014269 0.173767 0.811964
5549 0.099058 0.027861 0.873081
18403 0.009411 0.326242 0.664347
9023 0.235457 0.640298 0.124245
12545 0.718086 0.097654 0.184259
11108 0.080627 0.222287 0.697085
22026 0.665627 0.022948 0.311425
21991 0.629937 0.045129 0.324934
8831 0.001478 0.253881 0.744641
16123 0.646215 0.146336 0.207450
15596 0.611477 0.028010 0.360513
8983 0.210570 0.238207 0.551223
9129 0.638861 0.166672 0.194467
9050 0.263836 0.517453 0.218711
15630 0.114356 0.243022 0.642622
16073 0.328641 0.167257 0.504102
10945 0.501731 0.052957 0.445311
11083 0.442089 0.168252 0.389659
12579 0.177061 0.350363 0.472577
12595 0.057240 0.122753 0.820007
10925 0.714495 0.070884 0.214622
12471 0.426316 0.260880 0.312804
4165 0.396967 0.000000 0.603033
15890 0.233717 0.459354 0.306928
15891 0.667062 0.215302 0.117636
11355 0.498708 0.258070 0.243222
9868 0.250343 0.130471 0.619186
10125 0.163716 0.706092 0.130193
11606 0.441382 0.506224 0.052394
11657 0.587482 0.056905 0.355613
10335 0.260166 0.735787 0.004047
15837 0.271970 0.299515 0.428515
9856 0.731710 0.067725 0.200565
10449 0.002664 0.297718 0.699618
10446 0.146246 0.071110 0.782644
7344 0.325278 0.552125 0.122597
6417 0.786913 0.117968 0.095118
7254 0.534200 0.020510 0.445289
7378 0.371485 0.237246 0.391269
10283 0.282543 0.451435 0.266022
6528 0.054573 0.937099 0.008328
13559 0.058812 0.491662 0.449526
7099 0.160033 0.313675 0.526292
20923 0.097381 0.120195 0.782424
10257 0.651473 0.150455 0.198072
7359 0.945348 0.027515 0.027137
6462 0.904153 0.058869 0.036978
8953 0.403167 0.516106 0.080727
6520 0.112646 0.540483 0.346871
11809 0.595173 0.268013 0.136814
7603 0.182581 0.770455 0.046964
19970 0.178595 0.567620 0.253785
7045 0.114699 0.842642 0.042659
7598 0.263309 0.093408 0.643283
10214 0.032288 0.465828 0.501884
20863 0.471946 0.046890 0.481164
19984 0.557610 0.178966 0.263424
7638 0.261015 0.063893 0.675093
3039 0.077228 0.159022 0.763750
7671 0.044964 0.373163 0.581872
7435 0.648031 0.314184 0.037785
10212 0.192229 0.670853 0.136918
8969 0.424334 0.389133 0.186533
3042 0.463371 0.398891 0.137739
13385 0.664140 0.001552 0.334308
20007 0.074745 0.380261 0.544994
9893 0.081451 0.541185 0.377364
19887 0.008605 0.814084 0.177311
11547 0.048380 0.868372 0.083248
20246 0.216711 0.172264 0.611024
20311 0.775313 0.158026 0.066661
7732 0.134896 0.114418 0.750685
11904 0.362531 0.382125 0.255344
7445 0.139316 0.177561 0.683122
13149 0.450763 0.516323 0.032915
13035 0.007717 0.921130 0.071153
14748 0.736695 0.042125 0.221180
8671 0.328100 0.046363 0.625537
20664 0.150942 0.702225 0.146833
13101 0.880215 0.060577 0.059209
7179 0.373802 0.472374 0.153824
7166 0.920041 0.063384 0.016575
18790 0.500748 0.416560 0.082692
20615 0.211076 0.472158 0.316766
7185 0.147358 0.102313 0.750329
13424 0.193893 0.242093 0.564014
6499 0.550237 0.333231 0.116532
13637 0.058268 0.544643 0.397089
6622 0.263338 0.601030 0.135632
13500 0.217636 0.732188 0.050177
6636 0.370814 0.590108 0.039079
19746 0.324311 0.552178 0.123511
7073 0.000000 0.765945 0.234055
7072 0.283511 0.558625 0.157863
19836 0.449853 0.406935 0.143212
19866 0.114336 0.080904 0.804761
13957 0.279895 0.634210 0.085895
6599 0.246044 0.573106 0.180849
13441 0.406745 0.127522 0.465733
6489 0.000000 0.677767 0.322233
6707 0.000000 0.815349 0.184651
20877 0.024582 0.085443 0.889974
7063 0.610007 0.299119 0.090874
6646 0.614782 0.116997 0.268221
11738 0.602574 0.311791 0.085635
11654 0.516668 0.254166 0.229166
15850 0.179346 0.549843 0.270811
10260 0.136994 0.421613 0.441392
6586 0.145250 0.034931 0.819819
11420 0.359809 0.516035 0.124155
-1 0.000000 0.000000 0.000000
-1 0.000000 0.000000 0.000000
-1 0.000000 0.000000 0.000000
-1 0.000000 0.000000 0.000000
-1 0.000000 0.000000 0.000000
-1 0.000000 0.000000 0.000000
-1 0.000000 0.000000 0.000000
11270 0.496514 0.084047 0.419440
11302 0.546987 0.011838 0.441175
10322 0.173951 0.706320 0.119729
19330 0.042747 0.161178 0.796075
5358 0.477043 0.105486 0.417471
10056 0.184499 0.639078 0.176423
10117 0.471480 0.103369 0.425151
17497 0.012386 0.025264 0.962350
2813 0.111259 0.472855 0.415886
17162 0.331119 0.358969 0.309912
17144 0.323903 0.609494 0.066603
3513 0.212654 0.536112 0.251233
18300 0.224728 0.226706 0.548566
8802 0.018905 0.654303 0.326792
12189 0.074394 0.072614 0.852992
10861 0.401040 0.093863 0.505098
12158 0.056846 0.749374 0.193779
12188 0.680863 0.052180 0.266957
10680 0.382174 0.266812 0.351014
10594 0.332839 0.483103 0.184058
12261 0.274496 0.111640 0.613865
12664 0.127328 0.330724 0.541948
11116 0.150365 0.703207 0.146428
12415 0.217514 0.353340 0.429146
6576 0.600321 0.069197 0.330483
11095 0.040579 0.329884 0.629537
15791 0.267602 0.043795 0.688603
8489 0.335028 0.164289 0.500684
8507 0.008302 0.669670 0.322028
15771 0.501674 0.038908 0.459418
-1 0.000000 0.000000 0.000000
-1 0.000000 0.000000 0.000000
-1 0.000000 0.000000 0.000000
-1 0.000000 0.000000 0.000000
-1 0.000000 0.000000 0.000000
10676 0.660281 0.159804 0.179915
11964 0.250782 0.419979 0.329239
12005 0.322452 0.659172 0.018376
10703 0.769946 0.197622 0.032432
10700 0.287373 0.453997 0.258630
10728 0.487730 0.237503 0.274767
10564 0.389207 0.309421 0.301372
12163 0.068951 0.805302 0.125747
12166 0.544387 0.444177 0.011436
10626 0.364556 0.066268 0.569176
10635 0.447943 0.533786 0.018271
12390 0.071751 0.799687 0.128562
6349 0.019628 0.943095 0.037277
6439 0.040947 0.609599 0.349454
13774 0.500182 0.451954 0.047864
10014 0.345818 0.513940 0.140242
17217 0.079026 0.505447 0.415527
7156 0.024633 0.804056 0.171311
15524 0.558776 0.236224 0.205000
11012 0.488189 0.128630 0.383181
11052 0.268477 0.480258 0.251264
11009 0.701516 0.221952 0.076532
12184 0.765653 0.181696 0.052652
3700 0.026992 0.419820 0.553188
22195 0.243106 0.594634 0.162260
3725 0.700789 0.142655 0.156555
3778 0.359078 0.383240 0.257682
3538 0.194653 0.178334 0.627013
3847 0.112421 0.660594 0.226985
4206 0.198479 0.622261 0.179260
4214 0.710894 0.209881 0.079225
4182 0.309586 0.060171 0.630243
22194 0.389353 0.110528 0.500119
4185 0.530737 0.034792 0.434470
22222 0.580457 0.201586 0.217957
21847 0.709777 0.248542 0.041682
3799 0.240889 0.689247 0.069864
21837 0.414132 0.227085 0.358783
9241 0.499836 0.002818 0.497346
3672 0.490685 0.130879 0.378436
22443 0.041946 0.069725 0.888329
3690 0.210689 0.734158 0.055153
22472 0.783435 0.012697 0.203868
22237 0.255932 0.708655 0.035413
-1 0.000000 0.000000 0.000000
10845 0.083674 0.750459 0.165867
12147 0.119338 0.843061 0.037601
10641 0.238241 0.145636 0.616123
11014 0.560727 0.274169 0.165103
9039 0.062836 0.493175 0.443989
8941 0.295740 0.234330 0.469930
7212 0.578481 0.339985 0.081534
11721 0.362390 0.413850 0.223760
15766 0.012756 0.876002 0.111242
8610 0.415373 0.513133 0.071493
8734 0.193865 0.595040 0.211095
8786 0.474173 0.489425 0.036402
15657 0.156772 0.758786 0.084443
8519 0.513854 0.359326 0.126820
8522 0.390273 0.151331 0.458395
15681 0.182231 0.295435 0.522334
8454 0.434447 0.305949 0.259604
15760 0.133344 0.118573 0.748084
15691 0.530531 0.259591 0.209877
15540 0.214479 0.099403 0.686118
8533 0.223036 0.167907 0.609057
15953 0.078026 0.385724 0.536250
10759 0.597668 0.000000 0.402332
7621 0.718289 0.276366 0.005345
13143 0.659564 0.311293 0.029143
6007 0.086294 0.062486 0.851220
13052 0.802478 0.094101 0.103420
13096 0.179815 0.714858 0.105326
13093 0.531185 0.324587 0.144228
13538 0.051056 0.596552 0.352391
7029 0.153190 0.837853 0.008957
13905 0.560776 0.294635 0.144590
6767 0.415302 0.187997 0.396701
13897 0.583859 0.208170 0.207971
14004 0.627308 0.224111 0.148581
14063 0.958271 0.016111 0.025618
7932 0.062159 0.780231 0.157611
8061 0.076441 0.506489 0.417070
8065 0.310480 0.540461 0.149059
7959 0.536590 0.018458 0.444952
8072 0.014570 0.031569 0.953860
20595 0.753603 0.152592 0.093805
6022 0.225753 0.329168 0.445079
13185 0.587566 0.366884 0.045550
8082 0.061802 0.504357 0.433841
19865 0.427306 0.351290 0.221404
6749 0.522793 0.067216 0.409991
14023 0.773032 0.000000 0.226968
13779 0.008261 0.423780 0.567959
6004 0.725414 0.062926 0.211660
6146 0.601288 0.257736 0.140976
7812 0.358262 0.611194 0.030543
4029 0.091044 0.739994 0.168963
7518 0.222499 0.696657 0.080844
7511 0.237126 0.731000 0.031874
3958 0.664247 0.193532 0.142221
20193 0.153041 0.033426 0.813534
8325 0.132710 0.266620 0.600671
20214 0.787249 0.020977 0.191774
20092 0.095682 0.279831 0.624487
20485 0.024594 0.614247 0.361159
3900 0.164338 0.358511 0.477150
20333 0.469853 0.499151 0.030996
20786 0.324550 0.654305 0.021146
20817 0.767460 0.160077 0.072463
21006 0.785286 0.196726 0.017989
20070 0.192100 0.040511 0.767389
20576 0.165917 0.204593 0.629489
11257 0.682459 0.198578 0.118963
20129 0.264686 0.477906 0.257408
20741 0.852153 0.129376 0.018471
7828 0.623126 0.203261 0.173613
22052 0.131404 0.499316 0.369281
20555 0.094110 0.067179 0.838710
8315 0.339200 0.528997 0.131803
7837 0.165607 0.557470 0.276923
8126 0.083265 0.772639 0.144096
8418 0.292449 0.220603 0.486949
20519 0.137422 0.657324 0.205254
8121 0.850406 0.049081 0.100513
20650 0.138018 0.266625 0.595357
6976 0.415901 0.255612 0.328487
6955 0.104699 0.776038 0.119264
3940 0.322555 0.455532 0.221913
20185 0.789482 0.058371 0.152147
20139 0.103165 0.803861 0.092974
7458 0.099954 0.307891 0.592155
4004 0.170764 0.403774 0.425462
-1 0.000000 0.000000 0.000000
-1 0.000000 0.000000 0.000000
22155 0.013527 0.255917 0.730556
19102 0.641235 0.208170 0.150595
4136 0.636100 0.020461 0.343439
11132 0.817589 0.052228 0.130182
8820 0.614259 0.200754 0.184987
15964 0.107273 0.363654 0.529073
10109 0.294611 0.558617 0.146772
10186 0.418036 0.214278 0.367686
10180 0.436156 0.405254 0.158590
11510 0.701289 0.282803 0.015908
10138 0.018696 0.099782 0.881522
11369 0.120107 0.043986 0.835907
11066 0.442214 0.432996 0.124790
5156 0.544433 0.367067 0.088500
15859 0.439011 0.528067 0.032922
6383 0.254472 0.448602 0.296927
13778 0.537963 0.141255 0.320782
13622 0.704796 0.153147 0.142057
6854 0.582014 0.085487 0.332499
7006 0.203771 0.353282 0.442947
13537 0.130161 0.491255 0.378585
13542 0.570918 0.191674 0.237408
13543 0.099992 0.440938 0.459071
6898 0.578979 0.223678 0.197344
13740 0.529001 0.339966 0.131033
7020 0.568203 0.016745 0.415051
6742 0.530067 0.268387 0.201546
6762 0.085237 0.777655 0.137108
6848 0.559105 0.000000 0.440895
6921 0.678821 0.111257 0.209922
-1 0.000000 0.000000 0.000000
10232 0.222491 0.132505 0.645004
13111 0.595051 0.071637 0.333312
8058 0.274834 0.473548 0.251618
8036 0.702161 0.128996 0.168843
8021 0.696900 0.268250 0.034850
20361 0.478516 0.474743 0.046741
20146 0.730210 0.093249 0.176541
11255 0.501099 0.296640 0.202260
11483 0.735688 0.068910 0.195401
10034 0.018315 0.414298 0.567387
7594 0.500809 0.354450 0.144740
10866 0.414492 0.440500 0.145008
12218 0.645714 0.094382 0.259904
11532 0.943059 0.003809 0.053132
12154 0.551544 0.369360 0.079096
15958 0.178793 0.288411 0.532795
10583 0.066429 0.532337 0.401234
8612 0.726775 0.212112 0.061114
12449 0.071788 0.374250 0.553962
18413 0.252339 0.293352 0.454309
20176 0.201433 0.782634 0.015933
12477 0.161211 0.571478 0.267312
893 0.153729 0.326030 0.520241
9018 0.120594 0.260770 0.618635
4176 0.141221 0.478352 0.380427
21889 0.072050 0.103496 0.824454
22140 0.895606 0.054070 0.050324
15545 0.599356 0.007827 0.392817
11057 0.161384 0.623543 0.215072
-1 0.000000 0.000000 0.000000
-1 0.000000 0.000000 0.000000
-1 0.000000 0.000000 0.000000
8526 0.838877 0.126303 0.034821
8524 0.922492 0.052881 0.024627
8523 0.244713 0.589018 0.166269
8648 0.210201 0.264884 0.524915
10478 0.000000 0.216575 0.783425
11829 0.268051 0.160182 0.571767
10474 0.484302 0.139388 0.376310
11871 0.387468 0.487688 0.124844
10517 0.971402 0.028598 0.000000
15672 0.071307 0.828787 0.099906
10525 0.690506 0.309494 0.000000
12483 0.296779 0.330782 0.372439
12355 0.579808 0.303907 0.116285
12466 0.133561 0.060210 0.806230
12447 0.266611 0.694307 0.039082
15683 0.042224 0.863440 0.094336
6938 0.822766 0.052719 0.124515
5884 0.494667 0.244789 0.260544
13873 0.087496 0.310719 0.601785
6884 0.018384 0.600171 0.381446
5962 0.216133 0.783867 0.000000
12912 0.124849 0.367640 0.507510
13286 0.079873 0.423804 0.496322
12848 0.688225 0.283264 0.028512
12993 0.477493 0.313830 0.208677
12866 0.085982 0.729525 0.184493
13832 0.254686 0.258777 0.486537
13814 0.354725 0.264817 0.380458
6048 0.820603 0.096292 0.083105
13224 0.253111 0.221964 0.524925
6233 0.046604 0.220887 0.732509
6046 0.193848 0.741914 0.064239
13356 0.101932 0.827390 0.070678
12919 0.391322 0.123100 0.485578
12873 0.039831 0.667278 0.292891
6033 0.211558 0.410399 0.378043
13950 0.444030 0.518029 0.037941
13891 0.222704 0.089331 0.687965
5633 0.612832 0.154487 0.232681
12738 0.768032 0.020218 0.211750
12948 0.433239 0.147845 0.418916
13258 0.541089 0.142678 0.316233
12668 0.584066 0.128057 0.287877
12674 0.104971 0.036136 0.858893
6300 0.223922 0.767720 0.008358
6966 0.702300 0.152888 0.144812
6792 0.411556 0.506024 0.082420
5944 0.053147 0.045512 0.901341
14030 0.371845 0.217668 0.410487
6798 0.056184 0.063380 0.880436
6987 0.159760 0.317356 0.522884
6850 0.000000 0.974167 0.025833
13745 0.249296 0.201684 0.549020
17430 0.285258 0.065548 0.649193
17421 0.027158 0.886684 0.086158
17446 0.844891 0.085353 0.069756
19468 0.187603 0.533125 0.279272
19259 0.015617 0.185983 0.798400
5433 0.044667 0.848929 0.106403
19246 0.048229 0.366759 0.585012
5434 0.060626 0.130908 0.808467
19191 0.156800 0.515223 0.327977
19257 0.136215 0.196042 0.667743
19258 0.236354 0.413098 0.350547
3280 0.275963 0.107587 0.616450
3279 0.330508 0.186680 0.482812
19465 0.573894 0.250254 0.175852
3282 0.179430 0.407634 0.412936
18644 0.414947 0.182724 0.402329
18884 0.072118 0.321649 0.606234
18883 0.045724 0.026217 0.928059
2936 0.579046 0.265225 0.155729
2936 0.089609 0.572243 0.338147
2924 0.327782 0.359628 0.312591
18411 0.179553 0.139492 0.680956
18410 0.002778 0.467635 0.529588
3403 0.188542 0.609425 0.202033
3163 0.034567 0.145358 0.820075
18423 0.293183 0.420388 0.286430
3164 0.201094 0.168796 0.630110
3423 0.465798 0.020755 0.513447
3407 0.187894 0.551854 0.260252
3407 0.899988 0.041727 0.058285
5560 0.388012 0.189885 0.422103
5560 0.166534 0.780448 0.053018
18453 0.279046 0.117544 0.603410
18456 0.201558 0.202684 0.595758
18395 0.075381 0.876117 0.048502
3416 0.580449 0.177287 0.242264
3386 0.053813 0.071603 0.874584
18392 0.681959 0.100390 0.217652
18392 0.387985 0.322459 0.289555
5575 0.096188 0.413372 0.490440
19058 0.081282 0.847043 0.071675
19057 0.348311 0.205877 0.445811
19173 0.106314 0.043536 0.850150
5615 0.207453 0.497431 0.295115
5617 0.233399 0.267306 0.499295
19042 0.536593 0.007639 0.455768
5611 0.248027 0.702832 0.049141
19182 0.371162 0.466954 0.161884
5410 0.257588 0.740400 0.002013
19060 0.180515 0.374695 0.444789
19084 0.523906 0.022681 0.453413
5550 0.337782 0.322044 0.340174
19061 0.313153 0.045070 0.641776
19061 0.027982 0.451317 0.520702
19053 0.207080 0.390534 0.402386
3409 0.068243 0.635331 0.296426
18454 0.236515 0.654139 0.109347
19081 0.018135 0.723244 0.258621
19081 0.374474 0.128343 0.497182
5556 0.302067 0.120957 0.576976
19048 0.410619 0.465407 0.123974
19047 0.066590 0.870236 0.063174
19050 0.584175 0.349195 0.066629
19043 0.090216 0.227324 0.682459
18384 0.066558 0.572407 0.361035
18403 0.047372 0.939195 0.013432
18391 0.052624 0.421745 0.525631
18397 0.069510 0.593344 0.337146
18398 0.034253 0.812087 0.153659
3420 0.407158 0.276564 0.316278
19073 0.492363 0.162275 0.345362
5552 0.226609 0.090268 0.683122
19051 0.531844 0.246753 0.221403
19045 0.801823 0.095558 0.102619
5549 0.022052 0.954255 0.023693
5458 0.975244 0.014183 0.010573
19006 0.165747 0.243551 0.590703
18999 0.237308 0.399777 0.362915
19135 0.684397 0.236667 0.078936
19136 0.630738 0.040556 0.328706
5456 0.000000 0.612002 0.387998
9450 0.030161 0.641249 0.328590
9413 0.000000 0.792360 0.207640
9413 0.000000 0.000000 1.000000
9432 0.000000 0.231432 0.768568
16397 0.185705 0.750969 0.063325
5459 0.088569 0.114481 0.796950
18511 0.175931 0.746275 0.077794
18508 0.561096 0.334804 0.104100
18507 0.350358 0.464091 0.185551
3329 0.400057 0.033612 0.566331
18513 0.045958 0.897039 0.057003
18513 0.667159 0.144817 0.188024
3488 0.241516 0.241820 0.516664
18320 0.594860 0.127064 0.278076
18429 0.592069 0.344828 0.063102
18381 0.133225 0.159271 0.707504
3480 0.804147 0.137919 0.057934
18314 0.009235 0.968269 0.022496
18339 0.018798 0.826550 0.154652
18339 0.121202 0.165411 0.713387
3358 0.608415 0.179575 0.212010
3426 0.442839 0.112839 0.444322
18402 0.332233 0.330735 0.337032
18386 0.045152 0.179251 0.775598
16074 0.603242 0.374213 0.022545
16074 0.103782 0.493385 0.402833
9106 0.326949 0.150599 0.522452
18337 0.398219 0.228366 0.373415
3440 0.040145 0.847598 0.112257
3448 0.011131 0.373679 0.615191
5407 0.294674 0.428984 0.276343
19273 0.181314 0.178571 0.640115
5352 0.343303 0.277161 0.379536
5325 0.010783 0.783208 0.206009
5323 0.310577 0.484323 0.205100
5326 0.285203 0.092362 0.622434
19199 0.545830 0.310245 0.143924
5301 0.249247 0.142601 0.608152
19208 0.209940 0.333527 0.456533
19161 0.317782 0.361038 0.321180
16382 0.311076 0.552226 0.136698
9418 0.447528 0.226570 0.325901
19168 0.454014 0.108581 0.437405
19169 0.314006 0.655453 0.030541
5625 0.273207 0.116392 0.610402
19285 0.380072 0.252391 0.367537
5571 0.143149 0.539809 0.317043
5567 0.562116 0.245561 0.192323
19290 0.965553 0.021801 0.012646
5588 0.870310 0.079172 0.050518
5589 0.248509 0.585036 0.166455
19313 0.028657 0.721498 0.249845
5298 0.007497 0.828738 0.163765
5298 0.977467 0.000000 0.022533
19295 0.102957 0.027944 0.869099
5452 0.976832 0.020205 0.002963
5591 0.091077 0.148700 0.760223
4567 0.444207 0.045361 0.510433
17411 0.654609 0.024029 0.321362
4410 0.469933 0.194671 0.335396
5330 0.160973 0.154307 0.684720
5330 0.161384 0.785719 0.052897
19281 0.115708 0.503694 0.380598
5479 0.062529 0.717762 0.219709
19023 0.401798 0.488555 0.109647
18478 0.627959 0.361237 0.010804
3318 0.469407 0.469015 0.061578
3318 0.488530 0.186943 0.324527
18489 0.267067 0.478393 0.254540
3302 0.209661 0.501100 0.289239
18474 0.659369 0.010828 0.329803
19166 0.503765 0.095449 0.400786
4713 0.383850 0.558901 0.057249
17036 0.099134 0.540578 0.360288
4785 0.064774 0.623934 0.311293
4222 0.264642 0.047060 0.688297
4300 0.221036 0.472892 0.306071
4302 0.790376 0.137821 0.071803
4299 0.619053 0.376665 0.004282
4299 0.027885 0.107978 0.864136
17567 0.092497 0.540478 0.367025
4782 0.228998 0.365090 0.405912
4709 0.531492 0.303998 0.164510
4712 0.353054 0.010992 0.635954
4667 0.207960 0.759824 0.032216
934 0.058033 0.878778 0.063188
935 0.225768 0.641173 0.133059
17108 0.163024 0.414848 0.422128
17116 0.391977 0.080030 0.527993
4710 0.049471 0.148460 0.802069
4714 0.658462 0.245763 0.095775
4727 0.368699 0.445345 0.185956
4665 0.732439 0.091310 0.176251
3287 0.789202 0.019020 0.191779
18532 0.892193 0.022316 0.085491
17439 0.119846 0.082666 0.797488
17441 0.650517 0.309490 0.039993
17471 0.031015 0.530557 0.438428
4340 0.268536 0.022355 0.709110
4753 0.039108 0.728559 0.232333
4752 0.095287 0.849025 0.055688
17026 0.079995 0.829394 0.090611
11363 0.305340 0.142124 0.552536
10447 0.426483 0.019291 0.554226
8902 0.573519 0.245580 0.180901
15243 0.385800 0.158094 0.456106
15244 0.537136 0.227294 0.235571
18279 0.677149 0.222739 0.100112
746 0.590840 0.387728 0.021433
18288 0.084651 0.018761 0.896588
18273 0.086642 0.662987 0.250371
18291 0.617351 0.191190 0.191460
14308 0.354719 0.084224 0.561057
1730 0.051746 0.160023 0.788231
14312 0.206108 0.430485 0.363407
1740 0.010056 0.231348 0.758596
14264 0.264358 0.562313 0.173330
17236 0.693630 0.296483 0.009887
4617 0.796950 0.020818 0.182233
884 0.873336 0.009702 0.116962
18080 0.092285 0.052561 0.855155
3740 0.098678 0.724322 0.177001
3739 0.108223 0.741369 0.150408
1011 0.138970 0.847699 0.013331
759 0.268912 0.623578 0.107510
762 0.515114 0.237674 0.247212
772 0.345312 0.453441 0.201247
779 0.011251 0.195015 0.793734
17233 0.670594 0.281033 0.048373
1685 0.044095 0.785275 0.170631
1698 0.008054 0.867549 0.124397
1711 0.047662 0.095165 0.857173
1456 0.319098 0.402387 0.278516
1666 0.288269 0.436242 0.275489
17205 0.003498 0.717412 0.279090
4581 0.136737 0.215442 0.647821
17216 0.014171 0.438397 0.547432
17204 0.197615 0.235848 0.566537
4652 0.656072 0.331021 0.012908
15291 0.867055 0.008512 0.124433
1687 0.545832 0.218757 0.235411
711 0.305281 0.524878 0.169841
18262 0.650885 0.190191 0.158924
708 0.343844 0.444211 0.211945
18142 0.391110 0.197113 0.411777
18249 0.328175 0.256546 0.415278
729 0.430788 0.272120 0.297092
732 0.175409 0.389919 0.434671
1727 0.470109 0.086824 0.443067
14320 0.021015 0.167347 0.811638
917 0.634937 0.333543 0.031520
18093 0.384110 0.205309 0.410581
17002 0.696199 0.024755 0.279046
910 0.165864 0.809716 0.024420
4572 0.182952 0.771417 0.045632
4395 0.126024 0.868712 0.005264
17007 0.286677 0.152593 0.560730
18552 0.359430 0.267143 0.373427
18553 0.228529 0.312431 0.459040
8962 0.058085 0.623841 0.318074
8957 0.081868 0.169435 0.748698
6514 0.161046 0.544029 0.294926
14632 0.079066 0.046072 0.874862
14201 0.853137 0.045419 0.101444
14162 0.166929 0.689681 0.143390
1940 0.096609 0.884392 0.018999
14367 0.489928 0.294039 0.216033
1426 0.309878 0.565067 0.125055
14174 0.703220 0.199575 0.097205
14171 0.404657 0.358898 0.236445
1960 0.293636 0.559269 0.147094
1964 0.407393 0.458428 0.134180
14626 0.661223 0.026377 0.312400
14627 0.508051 0.456799 0.035150
1660 0.168771 0.418475 0.412754
15286 0.013708 0.695305 0.290987
14200 0.375896 0.034435 0.589669
14629 0.338700 0.296202 0.365098
2060 0.660107 0.220543 0.119350
15233 0.235560 0.158850 0.605590
15236 0.798770 0.060667 0.140564
17105 0.122240 0.144403 0.733357
17150 0.522010 0.403426 0.074564
1539 0.043927 0.372122 0.583950
14349 0.435459 0.151661 0.412880
1449 0.152336 0.640615 0.207049
1423 0.652839 0.079274 0.267887
1578 0.240272 0.000000 0.759728
1578 0.617954 0.000000 0.382046
2001 0.169271 0.000000 0.830729
14175 0.063030 0.665251 0.271719
1959 0.303827 0.626828 0.069345
3049 0.114916 0.731042 0.154042
4831 0.206197 0.170528 0.623275
16993 0.060206 0.727985 0.211808
17089 0.816236 0.035925 0.147839
17046 0.133906 0.049719 0.816374
17043 0.503290 0.068713 0.427996
18773 0.613955 0.277388 0.108657
3989 0.506784 0.464378 0.028838
9589 0.239729 0.026105 0.734166
2042 0.403851 0.384167 0.211982
14603 0.081557 0.548053 0.370391
14602 0.382174 0.386187 0.231639
14746 0.018669 0.793857 0.187474
14744 0.555971 0.343883 0.100146
2058 0.350391 0.584023 0.065585
2034 0.843874 0.145230 0.010896
2039 0.018565 0.183577 0.797857
2036 0.293040 0.422503 0.284457
14743 0.070098 0.922554 0.007348
14740 0.304154 0.531744 0.164102
1405 0.261336 0.277501 0.461163
3754 0.600790 0.390380 0.008831
15229 0.868478 0.109481 0.022042
15231 0.236685 0.101537 0.661779
17054 0.740830 0.065339 0.193831
17060 0.447679 0.152264 0.400057
18744 0.151190 0.323966 0.524844
3034 0.691955 0.134726 0.173319
18739 0.864494 0.067270 0.068236
3037 0.158566 0.827358 0.014076
4819 0.137976 0.576581 0.285444
4792 0.089345 0.785887 0.124768
4769 0.045092 0.289073 0.665835
18203 0.172199 0.743303 0.084498
806 0.396340 0.276785 0.326874
807 0.475946 0.037008 0.487046
807 0.019804 0.806743 0.173453
18197 0.871447 0.107763 0.020791
18160 0.881192 0.038108 0.080700
18192 0.419843 0.098731 0.481425
835 0.218382 0.537027 0.244590
17920 0.272176 0.153248 0.574576
1723 0.780721 0.200005 0.019274
1735 0.546521 0.381716 0.071762
850 0.258684 0.217212 0.524104
14397 0.733443 0.127997 0.138560
1589 0.063981 0.271136 0.664883
15220 0.101799 0.834255 0.063946
1585 0.357439 0.180852 0.461708
15247 0.223243 0.512630 0.264127
14256 0.719251 0.016699 0.264050
14313 0.143888 0.825160 0.030952
1720 0.135856 0.092116 0.772028
1683 0.077975 0.078430 0.843595
4358 0.357931 0.521630 0.120439
4361 0.478652 0.387116 0.134232
4363 0.070539 0.539005 0.390456
1621 0.732222 0.063244 0.204534
15250 0.501310 0.255931 0.242759
14346 0.287186 0.233663 0.479151
14651 0.410151 0.510110 0.079739
14685 0.037503 0.915264 0.047233
1501 0.216265 0.496582 0.287154
1502 0.039203 0.450085 0.510712
1504 0.031634 0.291261 0.677105
14076 0.245557 0.028569 0.725874
14081 0.369571 0.029243 0.601186
2100 0.839409 0.016486 0.144105
14674 0.266285 0.363907 0.369808
2083 0.023523 0.789534 0.186943
14656 0.076842 0.427059 0.496098
2081 0.124248 0.202393 0.673359
1810 0.229505 0.181294 0.589201
14636 0.389811 0.371915 0.238274
14638 0.034559 0.198598 0.766843
14667 0.421314 0.498970 0.079715
2177 0.007468 0.606583 0.385949
2154 0.474836 0.248246 0.276918
15043 0.919439 0.032829 0.047732
15042 0.530977 0.377241 0.091782
2357 0.838499 0.062655 0.098846
2357 0.018393 0.472231 0.509376
2355 0.367356 0.279717 0.352927
1813 0.329458 0.597347 0.073196
2048 0.036911 0.587135 0.375954
2048 0.486563 0.158971 0.354467
2290 0.030969 0.612211 0.356819
14623 0.856745 0.126794 0.016460
6095 0.474571 0.036389 0.489040
6094 0.024750 0.077225 0.898025
6092 0.429459 0.376537 0.194004
13167 0.054111 0.595912 0.349977
14642 0.367893 0.500776 0.131331
2094 0.215612 0.436825 0.347563
2093 0.371213 0.544160 0.084627
2022 0.529077 0.326577 0.144346
14670 0.485459 0.059105 0.455436
2099 0.259103 0.144883 0.596013
521 0.523266 0.291894 0.184840
2309 0.486013 0.258042 0.255945
15031 0.363709 0.559522 0.076770
15032 0.568567 0.412389 0.019044
14080 0.683051 0.021395 0.295554
22266 0.115560 0.411858 0.472583
2330 0.087150 0.679798 0.233053
2353 0.190015 0.678064 0.131920
2353 0.944950 0.055050 0.000000
21366 0.239597 0.715436 0.044966
2994 0.019642 0.450589 0.529769
1552 0.200691 0.473354 0.325955
1551 0.520865 0.370239 0.108896
1561 0.318810 0.322970 0.358219
14090 0.347091 0.247379 0.405530
1562 0.037469 0.670381 0.292150
14992 0.369097 0.270840 0.360063
1554 0.085261 0.806865 0.107873
1553 0.162141 0.112521 0.725338
2998 0.567864 0.152700 0.279436
2990 0.652108 0.017424 0.330468
18783 0.594958 0.241218 0.163824
2353 0.209545 0.726646 0.063810
