8181 0.467730 0.256399 0.275871
8195 0.643905 0.197827 0.158268
8198 0.317880 0.128103 0.554017
36717 0.019660 0.017517 0.962823
30828 0.176172 0.558266 0.265562
11204 0.165693 0.176608 0.657699
2182 0.023942 0.868831 0.107227
37349 0.150971 0.721164 0.127865
37351 0.674715 0.093875 0.231409
8133 0.437353 0.554277 0.008370
8362 0.081722 0.326588 0.591690
8363 0.109214 0.845005 0.045781
4684 0.301253 0.318174 0.380573
7968 0.180861 0.280165 0.538974
11179 0.250046 0.095648 0.654306
11176 0.075813 0.854284 0.069903
6974 0.218187 0.013450 0.768363
6866 0.544106 0.431378 0.024516
6878 0.654549 0.174792 0.170659
38969 0.057131 0.748912 0.193956
6916 0.147337 0.069382 0.783281
8381 0.575243 0.096401 0.328356
37858 0.574714 0.000157 0.425129
37848 0.293118 0.084246 0.622636
8790 0.602315 0.392260 0.005425
37179 0.765078 0.093379 0.141543
9120 0.155527 0.635728 0.208745
11154 0.331150 0.484451 0.184399
28531 0.375613 0.453224 0.171163
8262 0.182435 0.590800 0.226765
8914 0.224568 0.722013 0.053419
8279 0.296424 0.649779 0.053796
29485 0.411190 0.040806 0.548005
8003 0.421652 0.199321 0.379027
8390 0.000000 0.685362 0.314638
33151 0.158770 0.684309 0.156920
6278 0.314974 0.582636 0.102389
18809 1.000000 0.000000 0.000000
6208 0.043312 0.181839 0.774848
6225 0.134717 0.528200 0.337083
28450 0.042483 0.356781 0.600736
11191 0.119388 0.148622 0.731990
28493 0.314787 0.135131 0.550083
36917 0.316394 0.426371 0.257234
8804 0.354526 0.021027 0.624447
37160 0.662567 0.101773 0.235660
9068 0.203767 0.045668 0.750565
37162 0.610258 0.055363 0.334378
8832 0.046550 0.498615 0.454835
6234 0.454593 0.151050 0.394358
37606 0.824850 0.167880 0.007270
27223 0.818313 0.001529 0.180158
11144 0.758612 0.203513 0.037875
30598 0.740641 0.246292 0.013067
7765 0.416870 0.090801 0.492329
7731 0.624278 0.353170 0.022552
36715 0.172598 0.220509 0.606893
36687 0.025563 0.241749 0.732688
7727 0.334517 0.046744 0.618739
36684 0.849149 0.057249 0.093602
7256 0.474638 0.213044 0.312318
8071 0.746960 0.110591 0.142449
8147 0.488416 0.356211 0.155373
37876 0.327793 0.565586 0.106620
36645 0.082822 0.223504 0.693673
7954 0.373366 0.414692 0.211942
32047 0.435513 0.084293 0.480194
7931 0.108852 0.017227 0.873921
7031 0.491144 0.008624 0.500233
37404 0.012222 0.815421 0.172357
1324 0.087313 0.407175 0.505512
1336 0.505365 0.333118 0.161517
36935 0.690995 0.198683 0.110322
37303 0.004720 0.053162 0.942118
23309 0.411753 0.230575 0.357672
23302 0.182952 0.648578 0.168471
23306 0.771155 0.046026 0.182819
3703 0.611831 0.280988 0.107181
3827 0.175221 0.490157 0.334621
36663 0.223072 0.043950 0.732978
22935 0.044025 0.934143 0.021832
25169 0.049793 0.125355 0.824851
22904 0.338785 0.331969 0.329247
3318 0.336537 0.142579 0.520884
24826 0.681188 0.040246 0.278566
24855 0.123299 0.140454 0.736246
18852 0.052095 0.804963 0.142942
27370 0.480142 0.247358 0.272500
36865 0.073800 0.184655 0.741545
36864 0.351688 0.015298 0.633014
23244 0.072064 0.682252 0.245684
5367 0.351565 0.507800 0.140636
5396 0.183484 0.207240 0.609277
5018 0.018406 0.361677 0.619917
11071 0.035880 0.920026 0.044094
5702 0.174725 0.354921 0.470354
38866 0.033565 0.339105 0.627330
7894 0.067514 0.358309 0.574177
37669 0.108649 0.687522 0.203829
11121 0.629333 0.257969 0.112698
37717 0.341726 0.504630 0.153644
7837 0.164321 0.633910 0.201769
5772 0.014654 0.254605 0.730741
36980 0.446103 0.208062 0.345835
5010 0.002449 0.668990 0.328561
24824 0.240870 0.040629 0.718501
5128 0.395402 0.044743 0.559855
5120 0.012247 0.869501 0.118251
25108 0.701513 0.042643 0.255845
24047 0.404748 0.030140 0.565112
18861 0.236560 0.147436 0.616004
24111 0.088963 0.078690 0.832347
36581 0.029804 0.600533 0.369663
6773 0.217372 0.081755 0.700873
38699 0.377343 0.103561 0.519097
37408 0.260609 0.477938 0.261454
37340 0.530098 0.047648 0.422253
7063 0.178173 0.271442 0.550385
2143 0.636759 0.353331 0.009910
7104 0.159171 0.805457 0.035372
7101 0.846983 0.017495 0.135521
37357 0.059335 0.846353 0.094312
7037 0.967691 0.002531 0.029778
33086 0.531803 0.412454 0.055743
7097 0.202166 0.521461 0.276373
7100 0.041129 0.793469 0.165402
36787 0.057157 0.004577 0.938266
1327 0.203692 0.304995 0.491313
33092 0.223768 0.455582 0.320649
31989 0.426468 0.218085 0.355447
32006 0.145251 0.123979 0.730771
8015 0.061104 0.217084 0.721812
1255 0.408267 0.086222 0.505511
31943 0.085742 0.087957 0.826302
1326 0.401056 0.318838 0.280106
33099 0.140440 0.457488 0.402072
31991 0.418429 0.267399 0.314172
32007 0.276192 0.196534 0.527274
8023 0.085669 0.180133 0.734198
23241 0.058396 0.380118 0.561486
5715 0.164545 0.742762 0.092694
5747 0.253184 0.623460 0.123357
8306 0.177448 0.176606 0.645946
11135 0.242623 0.610232 0.147145
11141 0.309439 0.058703 0.631858
32013 0.185164 0.035390 0.779446
32017 0.697974 0.202499 0.099527
1378 0.751884 0.117448 0.130668
37657 0.641111 0.324594 0.034296
37664 0.583066 0.252975 0.163959
24051 0.038917 0.058376 0.902707
37714 0.375673 0.563259 0.061069
37658 0.434722 0.441659 0.123618
7839 0.000000 0.168191 0.831809
37659 0.121743 0.876184 0.002073
31995 0.474865 0.210891 0.314243
32008 0.209795 0.037305 0.752900
1385 0.327622 0.401700 0.270679
36688 0.680821 0.088888 0.230291
7741 0.637970 0.360738 0.001292
7247 0.121012 0.321697 0.557291
7363 0.071971 0.604647 0.323382
6760 0.367790 0.539321 0.092889
7925 0.481490 0.422324 0.096186
23446 0.539137 0.171716 0.289147
18807 0.089560 0.909020 0.001420
38720 0.165531 0.166992 0.667476
3691 0.231769 0.660888 0.107342
23439 0.107686 0.667663 0.224652
6080 0.065538 0.329690 0.604773
38836 0.265012 0.440272 0.294716
38859 0.059882 0.721353 0.218765
22940 0.843361 0.078018 0.078621
37674 0.365395 0.164789 0.469816
5070 0.188269 0.384847 0.426884
37653 0.302751 0.164090 0.533159
5758 0.449056 0.450236 0.100708
5752 0.189184 0.464254 0.346562
36670 0.491150 0.198764 0.310085
18375 0.532827 0.177699 0.289474
5072 0.101708 0.241512 0.656780
37676 0.756467 0.170433 0.073100
38839 0.475909 0.334588 0.189503
36560 0.630212 0.263382 0.106406
23226 0.161555 0.773223 0.065223
36533 0.378162 0.448132 0.173706
7908 0.511660 0.236513 0.251828
3579 0.329542 0.304222 0.366237
8068 0.274590 0.063474 0.661936
3763 0.197456 0.096742 0.705802
3857 0.301762 0.509496 0.188742
3853 0.313999 0.563416 0.122585
23321 0.588628 0.291367 0.120005
36539 0.056515 0.263808 0.679677
36545 0.650337 0.335342 0.014321
5783 0.027285 0.774235 0.198480
6180 0.508872 0.265323 0.225805
36873 0.084417 0.803972 0.111611
36858 0.535148 0.207775 0.257078
36860 0.298111 0.348028 0.353861
36966 0.536447 0.142613 0.320939
6182 0.834609 0.158338 0.007053
6175 0.001386 0.513189 0.485425
6152 0.382829 0.561211 0.055960
36877 0.402125 0.277781 0.320093
38842 0.444322 0.273251 0.282427
6164 0.106397 0.887264 0.006340
36867 0.019417 0.958779 0.021803
36932 0.430010 0.370961 0.199029
32242 0.288481 0.353159 0.358361
36878 0.477521 0.362678 0.159801
36883 0.266139 0.332375 0.401486
1349 0.089022 0.151651 0.759328
7740 0.032673 0.294209 0.673118
7249 0.113448 0.000000 0.886552
7760 0.452465 0.312570 0.234966
36692 0.141424 0.301775 0.556802
36750 0.024498 0.347471 0.628031
36700 0.160038 0.753660 0.086302
37863 0.376815 0.486831 0.136354
8153 0.027696 0.882678 0.089626
37866 0.492608 0.194313 0.313079
7949 0.482548 0.318664 0.198788
18808 0.260236 0.014967 0.724797
33148 0.435898 0.528020 0.036082
37756 0.756540 0.028677 0.214783
37757 0.247283 0.664585 0.088132
8156 0.544217 0.398759 0.057024
9001 0.257327 0.396185 0.346488
9003 0.012498 0.349259 0.638242
37244 0.449011 0.523931 0.027059
37242 0.341548 0.365445 0.293007
2165 0.110619 0.237963 0.651418
2164 0.210187 0.055517 0.734296
33029 0.263658 0.167093 0.569250
2399 0.890496 0.073722 0.035782
7317 0.014523 0.730685 0.254792
38793 0.408144 0.342760 0.249096
23879 0.330016 0.014037 0.655947
36586 0.224185 0.734729 0.041086
7264 0.331620 0.468098 0.200281
7262 0.649624 0.158745 0.191631
5648 0.640602 0.265258 0.094140
5634 0.103049 0.450031 0.446920
37363 0.546481 0.382960 0.070559
8185 0.352007 0.384196 0.263798
7807 0.058805 0.122120 0.819075
2153 0.061153 0.146234 0.792613
2157 0.225228 0.674573 0.100199
38800 0.382564 0.088856 0.528579
37472 0.280179 0.562364 0.157456
36584 0.241045 0.326903 0.432052
5686 0.550475 0.005825 0.443700
8102 0.268501 0.688200 0.043298
8323 1.000000 0.000000 0.000000
812 1.000000 0.000000 0.000000
7786 0.160224 0.131308 0.708469
37489 0.428160 0.546335 0.025505
7288 0.087807 0.522007 0.390186
32274 0.353392 0.604559 0.042050
9797 0.021901 0.269609 0.708489
28299 0.108415 0.044208 0.847377
9604 0.031684 0.766790 0.201527
9605 0.428657 0.023820 0.547523
29293 0.637470 0.030551 0.331978
9542 0.102545 0.197096 0.700359
9772 0.587976 0.394201 0.017822
9799 0.115531 0.288348 0.596121
9809 0.242640 0.260869 0.496491
9811 0.287676 0.634471 0.077852
32216 0.362323 0.438311 0.199366
32222 0.020613 0.032465 0.946922
38761 0.671220 0.021586 0.307195
32253 0.306523 0.107450 0.586027
1283 0.483815 0.132872 0.383314
32140 0.124844 0.228386 0.646770
36818 0.005796 0.454812 0.539392
37582 0.133108 0.108016 0.758877
1299 0.117093 0.443421 0.439487
1305 0.148438 0.099293 0.752268
7282 0.105220 0.256170 0.638610
37735 0.728932 0.063434 0.207634
38744 0.373818 0.364177 0.262005
5980 0.012774 0.827227 0.160000
8080 0.534734 0.401434 0.063832
7897 0.093267 0.482443 0.424290
804 0.423354 0.164139 0.412507
8320 0.094730 0.181194 0.724076
820 0.170974 0.164961 0.664065
36771 0.158055 0.742530 0.099415
37111 0.086489 0.295454 0.618056
6002 0.492506 0.120288 0.387206
38763 0.376313 0.164370 0.459318
38781 0.004911 0.412660 0.582429
37035 0.108088 0.507024 0.384888
38620 0.133422 0.728203 0.138374
38920 0.118460 0.560042 0.321497
7342 0.145046 0.465166 0.389788
7219 0.402628 0.586053 0.011318
5673 0.726695 0.225647 0.047659
5998 0.123645 0.724798 0.151557
36626 0.250906 0.516055 0.233039
6779 0.150403 0.183945 0.665652
38775 0.386471 0.407006 0.206523
37067 0.176744 0.674560 0.148695
5793 0.396228 0.446631 0.157141
38621 0.175940 0.424521 0.399539
37101 0.389448 0.054384 0.556168
37072 0.186667 0.737684 0.075649
37118 0.242449 0.061953 0.695598
36611 0.057563 0.535108 0.407329
6069 0.024110 0.325888 0.650003
38770 0.217363 0.149756 0.632880
38742 0.142640 0.191454 0.665906
36766 0.203613 0.365619 0.430768
38644 0.418521 0.472002 0.109477
5808 0.265213 0.526775 0.208012
6056 0.066542 0.560737 0.372722
6114 0.576413 0.273240 0.150347
6104 1.000000 0.000000 0.000000
6064 0.137756 0.811989 0.050254
36621 0.490827 0.014807 0.494366
6782 0.311961 0.505361 0.182678
6785 0.099796 0.755007 0.145197
6130 0.281735 0.581022 0.137243
5855 0.209904 0.375990 0.414106
5805 0.847906 0.057054 0.095040
36598 0.335224 0.649682 0.015093
37080 0.605294 0.359884 0.034821
6106 0.831772 0.009388 0.158840
9786 0.085884 0.128583 0.785533
29243 0.579088 0.155957 0.264956
29232 0.117913 0.335070 0.547018
9569 0.430670 0.091353 0.477977
29235 0.484331 0.001982 0.513687
9520 0.127609 0.046066 0.826324
9778 0.031020 0.864185 0.104795
9823 0.070264 0.000943 0.928793
29140 0.120617 0.015354 0.864029
9750 0.017724 0.401906 0.580370
37501 0.314289 0.000000 0.685711
37541 0.760419 0.076493 0.163088
37488 0.748563 0.195817 0.055621
33034 0.576757 0.192117 0.231126
7167 0.061705 0.639520 0.298774
37476 0.034163 0.421575 0.544262
37484 0.754597 0.172572 0.072831
37425 0.000729 0.589505 0.409767
32274 0.197125 0.379611 0.423264
7051 0.119407 0.827541 0.053053
8000 1.000000 0.000000 0.000000
6789 0.202383 0.329235 0.468382
37802 0.410980 0.254758 0.334262
8113 0.252626 0.572538 0.174836
7079 0.163108 0.067765 0.769127
38804 0.553904 0.302189 0.143908
5627 0.755543 0.084441 0.160016
7317 0.910443 0.082922 0.006635
37513 0.153516 0.612513 0.233970
36513 0.022198 0.109444 0.868359
36521 0.128291 0.549601 0.322108
5633 0.810969 0.008616 0.180415
38795 0.273198 0.206732 0.520071
5618 0.400648 0.163936 0.435416
3401 0.974012 0.021945 0.004043
23086 0.083318 0.738358 0.178325
23118 0.600888 0.344706 0.054406
4039 0.131051 0.594901 0.274048
5267 0.394709 0.010947 0.594343
23598 0.188514 0.498969 0.312517
4948 0.183594 0.749867 0.066540
5446 0.150555 0.152411 0.697034
5237 0.113868 0.839619 0.046513
5224 0.170870 0.065234 0.763896
3544 0.473090 0.490782 0.036128
24883 0.005725 0.421596 0.572679
3249 0.200303 0.373177 0.426520
3314 0.627001 0.187902 0.185097
22943 0.321745 0.044996 0.633259
25182 0.152335 0.601740 0.245925
3178 0.345049 0.005882 0.649069
3322 0.978726 0.019586 0.001688
25171 0.200560 0.049719 0.749721
5435 0.115052 0.317980 0.566968
3301 0.232389 0.550794 0.216816
5046 0.371767 0.337329 0.290904
24792 0.093261 0.295202 0.611537
5605 0.039912 0.491733 0.468355
25162 0.165077 0.759321 0.075603
24099 0.343609 0.213501 0.442891
24569 0.092439 0.825848 0.081713
25148 0.034167 0.825030 0.140803
3182 0.558457 0.013947 0.427595
24128 0.129866 0.103208 0.766926
5403 0.047954 0.497442 0.454604
3599 0.012808 0.626418 0.360775
24890 0.080432 0.844695 0.074873
23740 0.129927 0.735767 0.134306
5149 0.145525 0.407617 0.446858
5385 0.600411 0.290541 0.109047
3652 0.069010 0.611343 0.319648
5350 0.231561 0.043628 0.724811
25130 0.000606 0.410948 0.588445
25119 0.153618 0.123209 0.723173
25139 0.236152 0.347006 0.416842
24991 0.506902 0.396403 0.096695
25235 0.223654 0.704360 0.071987
23757 0.245552 0.750566 0.003882
3678 0.537075 0.141951 0.320974
5594 0.197494 0.088263 0.714243
3669 0.791731 0.016890 0.191379
5573 0.046660 0.339458 0.613882
23279 0.557911 0.092796 0.349293
5107 0.723581 0.226977 0.049442
3282 0.370921 0.438432 0.190646
5096 0.133403 0.605815 0.260783
24839 0.255623 0.286612 0.457765
23693 0.158022 0.175611 0.666366
24074 0.276933 0.196205 0.526862
23137 0.068832 0.428327 0.502841
3375 0.401072 0.441361 0.157567
23787 0.229864 0.416524 0.353611
24943 0.532530 0.421643 0.045827
5547 0.714744 0.251814 0.033442
23827 0.055905 0.910373 0.033723
4184 0.006569 0.924228 0.069203
4019 0.353810 0.230383 0.415807
24654 0.204060 0.725381 0.070559
3410 0.182939 0.711517 0.105544
23127 0.497455 0.284269 0.218276
3159 0.458973 0.123366 0.417661
2930 0.021538 0.471809 0.506653
25027 0.854871 0.039408 0.105722
4934 0.726164 0.067179 0.206657
4081 0.555713 0.009170 0.435117
23647 0.603368 0.099307 0.297325
22708 0.217930 0.218637 0.563432
24622 0.157402 0.340596 0.502002
2868 0.089205 0.173255 0.737539
2811 0.041120 0.678979 0.279900
2840 0.179308 0.433169 0.387524
2901 0.179786 0.413990 0.406224
25089 0.342322 0.454495 0.203184
25071 0.284055 0.293269 0.422676
4096 0.401181 0.453108 0.145711
18731 0.918520 0.005754 0.075726
24189 0.408488 0.425569 0.165943
24648 0.138605 0.549940 0.311455
22491 0.034470 0.794321 0.171210
22592 0.641090 0.285541 0.073369
22581 0.458756 0.516784 0.024460
2914 0.233438 0.198706 0.567855
25086 0.018747 0.830833 0.150420
4992 0.395510 0.065495 0.538995
3983 0.475088 0.110905 0.414007
2891 0.668404 0.138773 0.192823
25221 0.600896 0.005780 0.393325
5257 0.408646 0.504011 0.087343
3749 0.391182 0.076417 0.532402
23319 0.492510 0.358708 0.148781
3557 0.735768 0.175588 0.088644
23196 0.503661 0.460224 0.036115
37334 0.607901 0.134497 0.257603
37002 0.192164 0.652599 0.155237
6191 0.286039 0.250208 0.463753
28452 0.326656 0.065921 0.607423
11197 0.038947 0.640277 0.320776
28605 0.653205 0.205489 0.141306
6308 0.457805 0.128050 0.414145
8814 0.109364 0.604961 0.285675
6245 0.611224 0.311202 0.077574
28519 0.110172 0.488399 0.401429
37191 0.538077 0.342021 0.119902
28566 0.608797 0.129451 0.261752
6241 0.271615 0.671799 0.056586
37604 0.431361 0.302025 0.266614
5741 0.351247 0.317927 0.330826
36960 0.475222 0.396514 0.128264
28603 0.079152 0.085927 0.834922
37195 0.034176 0.957225 0.008599
28483 0.123808 0.731570 0.144621
30618 0.155072 0.440319 0.404609
9049 0.017092 0.884623 0.098285
37144 0.039934 0.516877 0.443189
9063 0.778417 0.209466 0.012116
8277 0.282714 0.408727 0.308559
30379 0.759625 0.225626 0.014750
7887 0.533985 0.286843 0.179172
37639 0.047112 0.532913 0.419975
31981 0.083243 0.590101 0.326656
37319 0.470549 0.259785 0.269666
39183 0.557284 0.177906 0.264810
37225 0.507491 0.203505 0.289004
37216 0.191019 0.052017 0.756964
38934 0.035189 0.017602 0.947209
5689 0.089705 0.385067 0.525227
37799 0.175006 0.133455 0.691539
7156 0.259485 0.571004 0.169511
26823 0.102038 0.865136 0.032826
17160 0.180889 0.236846 0.582265
37468 0.170713 0.143396 0.685891
8345 0.140364 0.328843 0.530793
3801 0.396980 0.579446 0.023574
36945 0.910641 0.024177 0.065182
5704 0.034351 0.160966 0.804683
6193 0.565558 0.328520 0.105921
6228 0.394803 0.347518 0.257679
2243 0.000000 0.485188 0.514812
8372 0.168560 0.191729 0.639711
3783 0.622067 0.059807 0.318126
6803 0.356036 0.582044 0.061919
28694 0.709510 0.115591 0.174900
37297 0.967246 0.020950 0.011804
6209 0.400077 0.009130 0.590793
6227 0.359889 0.059275 0.580835
32206 0.762043 0.027148 0.210809
27349 0.611325 0.105921 0.282754
33014 0.181973 0.287205 0.530822
27227 0.666806 0.259722 0.073472
27326 0.600393 0.357715 0.041892
8378 0.129637 0.504326 0.366037
37605 0.599159 0.007908 0.392933
9082 0.013663 0.011171 0.975166
36728 0.069412 0.606740 0.323848
8930 0.082429 0.855030 0.062541
8271 0.847422 0.094923 0.057655
8868 0.237786 0.069745 0.692469
30606 0.044617 0.500493 0.454890
28494 0.018002 0.701450 0.280548
6256 0.012856 0.045556 0.941588
37016 0.392364 0.293750 0.313886
36963 0.634286 0.348725 0.016989
28601 0.166689 0.071090 0.762221
7889 0.036808 0.479268 0.483924
6756 0.343901 0.494944 0.161154
8176 0.522592 0.000391 0.477017
5694 0.177081 0.205487 0.617433
38819 0.622490 0.074500 0.303010
38826 0.295871 0.634235 0.069894
38807 0.188036 0.638501 0.173463
38789 0.261450 0.252738 0.485812
5626 0.653080 0.055903 0.291017
1110 0.303027 0.418262 0.278711
7163 0.037946 0.678495 0.283559
7978 0.098336 0.876787 0.024877
7953 0.096414 0.272781 0.630805
7106 0.517255 0.263566 0.219179
1107 0.097796 0.680227 0.221976
32164 0.097669 0.409897 0.492433
28740 0.036568 0.199801 0.763630
36640 0.132507 0.299751 0.567742
6792 0.224602 0.211795 0.563603
38886 0.226878 0.025135 0.747987
32169 0.520004 0.087321 0.392675
28752 0.038606 0.589249 0.372145
38664 0.214570 0.092399 0.693031
17046 0.209660 0.139003 0.651337
30148 0.446043 0.139157 0.414799
30144 0.386193 0.572296 0.041511
29578 0.358620 0.229978 0.411402
29588 0.586020 0.130928 0.283052
30053 0.024068 0.137858 0.838074
5936 0.318216 0.428848 0.252936
29596 0.213400 0.131450 0.655150
9891 0.269507 0.149057 0.581436
29828 0.047120 0.932536 0.020344
10085 0.328276 0.369675 0.302049
24357 0.416278 0.245495 0.338227
849 0.125237 0.361845 0.512918
27294 0.058083 0.131394 0.810522
18780 0.505016 0.458579 0.036405
1222 0.679386 0.019155 0.301458
7945 0.304053 0.266614 0.429333
5895 0.615148 0.336795 0.048057
9862 0.088977 0.842777 0.068246
11061 0.016835 0.939207 0.043959
32104 0.717113 0.157630 0.125257
1133 0.736915 0.205763 0.057322
32041 0.142149 0.346653 0.511198
6377 0.112953 0.196572 0.690475
1215 0.202530 0.302265 0.495204
10226 0.644496 0.157881 0.197623
10991 0.756614 0.082383 0.161003
5955 0.134011 0.341391 0.524598
38247 0.124472 0.081847 0.793681
32067 0.297194 0.401282 0.301525
23932 0.358938 0.086371 0.554690
6493 0.184635 0.144064 0.671301
38681 0.046441 0.810928 0.142631
22494 0.560259 0.243720 0.196021
22503 0.070491 0.240106 0.689404
5244 0.277313 0.466111 0.256576
5246 0.171837 0.765047 0.063116
24586 0.443821 0.252658 0.303522
23716 0.677914 0.154497 0.167589
23723 0.029969 0.175533 0.794498
23780 0.056362 0.408095 0.535542
22677 0.381529 0.292848 0.325622
4094 0.208731 0.454675 0.336594
4929 0.198816 0.342374 0.458811
4951 0.021665 0.078158 0.900177
5119 0.458584 0.386203 0.155213
4024 0.812418 0.001766 0.185816
22537 0.440829 0.220283 0.338888
25218 0.175719 0.393178 0.431102
4414 0.198627 0.605803 0.195570
24172 0.232986 0.076612 0.690403
5247 0.016635 0.200123 0.783242
24582 0.277725 0.253876 0.468399
3026 0.271544 0.323409 0.405047
4976 0.290264 0.237518 0.472218
3989 0.862950 0.033346 0.103704
3969 0.278428 0.255054 0.466518
22662 0.301732 0.155684 0.542584
24726 0.178689 0.748001 0.073310
23864 0.220650 0.013044 0.766306
23792 0.190003 0.531108 0.278888
2973 0.363336 0.260474 0.376190
2974 0.233181 0.050822 0.715997
23049 0.126778 0.096582 0.776640
2949 1.000000 0.000000 0.000000
2816 0.196313 0.103544 0.700143
2886 0.096101 0.195382 0.708518
3942 0.164148 0.285732 0.550120
3147 0.605500 0.207429 0.187071
4462 0.073574 0.660930 0.265496
24161 0.077702 0.616985 0.305313
4392 0.357304 0.293148 0.349548
4064 0.653417 0.033241 0.313343
24144 0.476155 0.356175 0.167670
22808 0.227728 0.434289 0.337984
3053 0.717133 0.267635 0.015232
5214 0.026653 0.547353 0.425993
4960 0.041460 0.374404 0.584136
24742 0.321334 0.276791 0.401874
24731 0.191313 0.703651 0.105036
23848 0.423153 0.370051 0.206796
25067 0.311575 0.635738 0.052686
24609 0.561640 0.138206 0.300154
3506 0.562564 0.337711 0.099725
22865 0.351953 0.422896 0.225151
23662 0.081648 0.647164 0.271188
23551 0.396926 0.054576 0.548498
23549 0.449849 0.015889 0.534262
4127 0.736285 0.245321 0.018394
4143 0.129504 0.821452 0.049044
3423 0.192971 0.275372 0.531657
23734 0.176592 0.020544 0.802863
22772 0.229174 0.683767 0.087059
5200 0.247433 0.187663 0.564903
2815 0.230841 0.149006 0.620153
2890 0.033512 0.662868 0.303620
23943 0.153172 0.797974 0.048854
2877 0.096435 0.134643 0.768922
23953 0.262824 0.147748 0.589428
4068 0.726938 0.000000 0.273062
22777 0.550505 0.205768 0.243727
22778 0.092508 0.397975 0.509517
3044 0.280725 0.271307 0.447968
3059 0.042240 0.911111 0.046650
4958 0.070108 0.923331 0.006561
3907 0.114285 0.856442 0.029274
23853 0.098873 0.024166 0.876960
22650 0.854410 0.093946 0.051644
4191 0.539561 0.165814 0.294626
5186 0.486796 0.438249 0.074956
22653 0.341904 0.381507 0.276589
3963 0.566169 0.056645 0.377186
23167 0.372327 0.314400 0.313274
22664 0.208207 0.706677 0.085116
22782 0.355024 0.304301 0.340675
22783 0.617165 0.368702 0.014132
23912 0.643302 0.079702 0.276996
23947 0.028408 0.312616 0.658976
4556 0.802229 0.041696 0.156075
23925 0.374723 0.137028 0.488250
29260 0.211322 0.059076 0.729602
9627 0.865161 0.097460 0.037379
28322 0.269240 0.208004 0.522756
9646 0.282945 0.136509 0.580547
8661 0.273087 0.005465 0.721447
9528 0.409136 0.436414 0.154450
9766 0.145627 0.585367 0.269005
29251 0.307410 0.461733 0.230858
9818 0.088294 0.086893 0.824813
9825 0.318088 0.253561 0.428351
9513 0.034686 0.122289 0.843025
9625 0.170922 0.794692 0.034387
9629 0.766082 0.046720 0.187198
8648 0.611672 0.336515 0.051813
9475 0.633167 0.349354 0.017480
29275 0.526294 0.057273 0.416433
9535 0.214752 0.386939 0.398309
29256 0.195422 0.173918 0.630660
28351 0.064301 0.609507 0.326192
28366 0.281741 0.336246 0.382013
8669 0.094807 0.478806 0.426387
28409 0.035433 0.511604 0.452963
8662 0.242484 0.045675 0.711841
29341 0.356897 0.582814 0.060289
2262 0.072620 0.019071 0.908309
503 0.218980 0.747296 0.033724
33254 0.602757 0.054248 0.342995
8612 0.185423 0.315415 0.499163
8619 0.471850 0.459944 0.068206
33179 0.745309 0.028829 0.225862
9225 0.496921 0.360604 0.142474
8492 0.142839 0.318468 0.538693
2577 0.236155 0.627243 0.136602
28206 0.552408 0.181479 0.266114
33609 0.237604 0.336798 0.425598
28376 0.230546 0.752526 0.016928
455 0.104120 0.485132 0.410748
29322 0.486887 0.395638 0.117475
33196 0.435405 0.247472 0.317123
478 0.106342 0.681252 0.212406
28665 0.255818 0.108220 0.635962
28691 0.295729 0.294592 0.409678
33210 0.598388 0.092360 0.309252
459 0.563470 0.148275 0.288255
33172 0.109170 0.057466 0.833364
33171 0.855542 0.048183 0.096275
456 0.291538 0.197794 0.510669
29278 0.211979 0.038370 0.749651
1904 0.514669 0.305240 0.180090
1900 0.000000 0.401696 0.598304
33234 0.375548 0.256675 0.367777
33236 0.480606 0.260926 0.258468
33178 0.554333 0.086311 0.359356
33201 0.448847 0.273836 0.277317
33472 0.214869 0.246126 0.539005
28966 0.439799 0.260115 0.300087
1856 0.307601 0.297953 0.394446
33258 0.401114 0.560312 0.038574
33315 0.264687 0.378434 0.356879
461 0.080219 0.730345 0.189436
29028 0.073658 0.502726 0.423617
1912 0.113850 0.812202 0.073948
28279 0.076856 0.373074 0.550070
29002 0.724634 0.204006 0.071360
1909 0.144815 0.203680 0.651505
1927 0.660241 0.075928 0.263832
33647 0.383818 0.609750 0.006432
28177 0.305142 0.467576 0.227282
32490 0.012795 0.791385 0.195820
2566 0.143289 0.806486 0.050225
2584 0.181677 0.481230 0.337093
2582 0.205017 0.022367 0.772616
2582 0.070063 0.883082 0.046856
2346 0.034282 0.431841 0.533877
29397 0.170249 0.800494 0.029257
1723 0.453747 0.540516 0.005737
32590 0.696700 0.195867 0.107433
1609 0.195910 0.332437 0.471653
28959 0.226183 0.235367 0.538449
1865 0.700737 0.116098 0.183165
28987 0.067417 0.486031 0.446552
1790 0.379560 0.614048 0.006392
1791 0.811859 0.111232 0.076909
32769 0.029467 0.277437 0.693096
29037 0.002773 0.230080 0.767147
1926 0.012524 0.323018 0.664458
33457 0.193415 0.176169 0.630415
1826 0.231359 0.322609 0.446032
28252 0.758122 0.143224 0.098654
28215 0.472613 0.484014 0.043373
33329 0.375283 0.587277 0.037440
33302 0.254697 0.433442 0.311861
33336 0.443078 0.217251 0.339671
2359 0.035364 0.329973 0.634663
33310 0.084871 0.664851 0.250278
33307 0.537456 0.157093 0.305450
33306 0.671771 0.307659 0.020570
28658 0.471495 0.228669 0.299836
440 0.129992 0.112165 0.757843
33193 0.435297 0.062843 0.501860
28379 0.113058 0.377553 0.509389
2356 0.387840 0.421056 0.191105
2326 0.010556 0.321604 0.667840
9704 0.303792 0.595414 0.100794
2334 0.122426 0.283950 0.593623
9729 0.008722 0.795303 0.195975
9722 0.005413 0.732338 0.262249
9429 0.145252 0.364497 0.490251
1991 0.747227 0.192428 0.060345
32851 0.009695 0.772398 0.217907
32402 0.018187 0.441088 0.540725
1445 0.071381 0.178007 0.750611
28129 0.071124 0.878278 0.050598
32909 0.685366 0.292402 0.022233
2321 0.225366 0.015043 0.759591
32946 0.351666 0.342714 0.305620
32602 0.247412 0.575327 0.177261
33328 0.230699 0.755875 0.013426
2208 0.275260 0.072068 0.652672
9332 0.395029 0.379146 0.225825
33337 0.780755 0.181206 0.038039
2010 0.629548 0.000000 0.370452
9193 0.772351 0.057197 0.170452
9157 0.243933 0.652833 0.103234
1570 0.060859 0.870012 0.069129
1669 0.659691 0.295147 0.045162
8587 0.232930 0.714355 0.052715
29483 0.035474 0.604469 0.360057
33562 0.107301 0.062278 0.830421
28533 0.333733 0.033995 0.632272
28434 0.388068 0.101461 0.510470
28465 0.276657 0.152719 0.570624
28594 0.208060 0.163795 0.628145
28593 0.431061 0.113491 0.455448
6050 0.031329 0.739365 0.229306
30583 0.270806 0.015330 0.713863
30602 0.628538 0.105968 0.265494
37196 0.120011 0.801318 0.078671
37184 0.011973 0.815966 0.172061
28507 0.818378 0.137658 0.043965
9097 0.097604 0.263494 0.638902
8975 0.014344 0.654371 0.331285
28480 0.134650 0.005139 0.860211
28478 0.050569 0.027851 0.921580
28526 0.228366 0.519429 0.252205
28552 0.254352 0.676868 0.068780
8809 0.165500 0.392379 0.442121
9052 0.093475 0.738265 0.168260
9054 0.116480 0.854819 0.028702
31232 0.929930 0.062104 0.007966
1198 0.082766 0.223091 0.694144
1191 0.665520 0.136260 0.198220
39097 0.495491 0.137693 0.366816
1130 0.382768 0.145062 0.472170
6882 0.142899 0.430492 0.426609
6880 0.106370 0.516957 0.376674
23359 0.069163 0.846908 0.083928
18710 0.781401 0.201337 0.017262
31591 0.491946 0.206022 0.302032
32055 0.282173 0.432420 0.285407
247 0.025396 0.569980 0.404623
23422 0.295692 0.054644 0.649664
27176 0.262765 0.166795 0.570441
18618 0.598247 0.004508 0.397245
18616 0.091629 0.316709 0.591661
18759 0.030486 0.934970 0.034544
27115 0.124728 0.122839 0.752434
316 0.226353 0.613896 0.159751
348 0.000000 0.958706 0.041294
31462 0.094734 0.704828 0.200438
57 0.180257 0.205991 0.613751
64 0.870823 0.106059 0.023118
39054 0.401753 0.074774 0.523474
6485 0.163529 0.048940 0.787531
39069 0.006517 0.867301 0.126181
30944 0.094675 0.039979 0.865346
329 0.292937 0.647516 0.059547
318 0.344336 0.069968 0.585696
332 0.356307 0.560001 0.083692
282 0.370088 0.465414 0.164498
31039 0.026888 0.852105 0.121007
31165 0.235327 0.677478 0.087195
190 0.194820 0.189915 0.615265
206 0.140916 0.172836 0.686247
262 0.073887 0.744385 0.181727
200 0.046000 0.375948 0.578051
18940 0.022529 0.259858 0.717613
6356 0.473388 0.157873 0.368740
38118 0.445926 0.357866 0.196208
153 0.343299 0.084141 0.572560
6472 0.364606 0.147147 0.488247
42 0.057214 0.862746 0.080040
31043 0.171077 0.451575 0.377347
38611 0.464374 0.367646 0.167981
39093 0.000484 0.681944 0.317571
39125 0.136976 0.079887 0.783137
18773 0.158497 0.034999 0.806504
23394 0.001293 0.757103 0.241604
36 0.256124 0.650580 0.093296
31004 0.406466 0.278854 0.314679
38177 0.379430 0.121172 0.499398
8 0.172044 0.513253 0.314702
6384 0.471986 0.339537 0.188477
38096 0.720178 0.060192 0.219629
18945 0.145016 0.804773 0.050211
6457 0.854317 0.020307 0.125375
1 0.044078 0.886455 0.069467
38164 0.313202 0.578911 0.107887
30991 0.034554 0.263240 0.702206
38162 0.558262 0.197744 0.243994
6341 0.363170 0.564739 0.072091
30918 0.175557 0.359307 0.465136
30924 0.153501 0.348968 0.497531
30939 0.225577 0.251361 0.523062
344 0.204336 0.510907 0.284757
27142 0.725317 0.067887 0.206797
18752 0.093414 0.006901 0.899686
18762 0.232466 0.174206 0.593329
6320 0.772769 0.202197 0.025034
6330 0.388942 0.010243 0.600815
38233 0.646664 0.219502 0.133835
82 0.283978 0.439143 0.276879
27117 0.069407 0.711340 0.219253
18607 0.409000 0.327397 0.263603
6323 0.571803 0.428197 0.000000
18640 0.144263 0.328927 0.526810
18632 0.281688 0.164081 0.554231
27139 0.269816 0.323186 0.406998
30980 0.425797 0.329655 0.244548
30975 0.025976 0.226169 0.747854
27183 0.097561 0.743442 0.158997
18763 0.041293 0.373593 0.585115
30995 0.631341 0.321986 0.046673
27120 0.329748 0.307741 0.362511
6334 0.294457 0.451931 0.253613
6332 0.145048 0.587476 0.267476
38221 0.531393 0.354907 0.113701
27122 0.332101 0.523232 0.144667
32059 0.602210 0.187272 0.210518
6889 0.179462 0.709646 0.110893
10221 0.093776 0.880051 0.026173
29779 0.654573 0.252653 0.092774
4609 0.404755 0.029431 0.565814
24385 0.395898 0.010006 0.594096
9955 0.417683 0.271112 0.311205
30022 0.237302 0.300365 0.462332
9932 0.053794 0.527001 0.419205
31550 0.302688 0.151950 0.545362
31450 0.249161 0.326327 0.424513
31580 0.197919 0.343221 0.458859
31583 0.375746 0.103612 0.520642
30853 0.074490 0.237640 0.687870
11115 0.018395 0.655969 0.325636
30312 0.082582 0.418770 0.498648
10558 0.449424 0.067976 0.482600
30799 0.322339 0.563080 0.114581
4711 0.634606 0.198034 0.167359
31741 0.031593 0.610472 0.357935
31724 0.319859 0.080810 0.599331
31749 0.271297 0.517178 0.211525
31689 0.327218 0.469929 0.202853
111 0.117271 0.310311 0.572418
598 0.486518 0.107491 0.405991
31573 0.093287 0.140871 0.765842
30393 0.291852 0.231599 0.476549
24363 0.158748 0.091717 0.749536
10043 0.030206 0.242006 0.727787
29943 0.014395 0.540604 0.445001
6925 0.260003 0.045799 0.694198
31169 0.700936 0.285629 0.013435
948 0.495422 0.389661 0.114917
6969 0.346935 0.148654 0.504411
30626 0.164223 0.141935 0.693842
4810 0.123341 0.045309 0.831350
39238 0.180236 0.350563 0.469201
30656 0.072927 0.096650 0.830423
24553 0.030754 0.546010 0.423236
6972 0.065384 0.663267 0.271349
6941 0.579447 0.093638 0.326916
4790 0.373081 0.509167 0.117752
30662 0.566791 0.067284 0.365925
29834 0.075233 0.163361 0.761406
11013 0.307519 0.596496 0.095985
6734 0.688099 0.017499 0.294402
39164 0.129855 0.130061 0.740083
29672 0.030063 0.360084 0.609853
29675 0.152909 0.369644 0.477448
29682 0.613539 0.085355 0.301106
10977 0.938254 0.039498 0.022248
10939 0.635148 0.236194 0.128658
30700 0.273885 0.575285 0.150829
39268 0.328490 0.303641 0.367870
39305 0.214664 0.131171 0.654165
39285 0.108666 0.292505 0.598829
6742 0.204387 0.435844 0.359769
39224 0.775332 0.068126 0.156542
6678 0.161849 0.685702 0.152449
39140 0.169588 0.278621 0.551791
39201 0.482763 0.455057 0.062180
6978 0.839080 0.060670 0.100250
30680 0.322636 0.162220 0.515143
10964 0.060399 0.130822 0.808779
4756 0.112032 0.504801 0.383166
10944 0.345386 0.118556 0.536059
11033 0.672663 0.134609 0.192728
29743 0.130240 0.184843 0.684917
11038 0.552590 0.258122 0.189288
11045 0.481536 0.292627 0.225836
10979 0.505575 0.173779 0.320645
29698 0.259417 0.470260 0.270323
10970 0.016572 0.770237 0.213191
24431 0.610825 0.219031 0.170143
4323 0.306962 0.640608 0.052431
39291 0.706168 0.072525 0.221307
29541 0.071533 0.226650 0.701817
10159 0.099729 0.468899 0.431372
10027 0.373413 0.073999 0.552587
10153 0.437131 0.324649 0.238220
29518 0.222481 0.008217 0.769302
10116 0.307987 0.263819 0.428194
29632 0.219741 0.150929 0.629330
9886 0.654847 0.328250 0.016903
6983 0.126268 0.687466 0.186266
11095 0.556449 0.233246 0.210305
31927 0.262999 0.383795 0.353207
956 0.208851 0.248303 0.542846
10142 0.018543 0.479144 0.502312
29547 0.806368 0.085241 0.108391
10108 0.350425 0.620937 0.028638
1031 0.152290 0.759234 0.088476
10110 0.043023 0.395288 0.561690
29488 0.478542 0.448443 0.073015
31835 0.408327 0.269844 0.321829
29571 0.974164 0.009891 0.015945
29627 0.147420 0.490564 0.362015
18413 0.394745 0.315769 0.289485
38500 0.241711 0.594821 0.163468
30810 0.244569 0.160511 0.594920
954 0.286735 0.500571 0.212694
29559 0.538143 0.049841 0.412016
29565 0.719284 0.023806 0.256910
10252 0.137232 0.100908 0.761860
95 0.540776 0.096638 0.362585
9027 0.043249 0.633035 0.323716
9033 0.297119 0.448373 0.254508
31670 0.194760 0.730111 0.075128
31644 0.134301 0.140886 0.724814
10351 0.577878 0.417440 0.004682
10333 0.509600 0.294930 0.195470
959 0.333403 0.010779 0.655818
6642 0.546838 0.050747 0.402414
28707 0.231203 0.406089 0.362708
8968 0.120229 0.083047 0.796724
37974 0.661100 0.018345 0.320555
4657 0.211564 0.590550 0.197886
37920 0.628514 0.062459 0.309027
924 0.228787 0.489052 0.282161
10336 0.365248 0.254458 0.380294
24234 0.560583 0.004711 0.434706
11151 0.644004 0.002636 0.353360
31326 0.693069 0.223980 0.082951
29908 0.380343 0.471688 0.147969
31448 0.688900 0.180387 0.130713
9991 0.514067 0.048485 0.437448
485 0.680490 0.294547 0.024964
373 0.334548 0.396180 0.269272
382 0.140565 0.248675 0.610760
546 0.102095 0.630946 0.266959
30086 0.241062 0.032582 0.726356
488 0.013511 0.164744 0.821746
9901 0.631900 0.302598 0.065502
29636 0.683564 0.250342 0.066094
31851 0.182852 0.603204 0.213945
4848 0.131128 0.801458 0.067414
4731 0.146081 0.536266 0.317653
31849 0.290899 0.215259 0.493842
10443 0.006242 0.098584 0.895174
29903 0.142185 0.434664 0.423151
29911 0.358572 0.355591 0.285836
31334 0.248824 0.147796 0.603379
4720 0.186881 0.103163 0.709956
10450 0.108595 0.799899 0.091506
29839 0.093170 0.777715 0.129115
10376 0.376081 0.511362 0.112557
10356 0.524584 0.089776 0.385639
10396 0.309745 0.578930 0.111325
394 0.012760 0.294170 0.693069
31567 0.611276 0.257577 0.131147
547 0.294061 0.482775 0.223164
9969 0.040127 0.062001 0.897872
9899 0.007902 0.579165 0.412934
29640 0.294604 0.259085 0.446311
29639 0.169036 0.739675 0.091290
9869 0.187974 0.282246 0.529780
9975 0.057261 0.532264 0.410476
10619 1.000000 0.000000 0.000000
8902 0.313270 0.549578 0.137152
30742 0.147242 0.288562 0.564196
10649 0.404384 0.316170 0.279446
30715 0.721824 0.044930 0.233246
30730 0.794861 0.140666 0.064473
30756 0.554216 0.075853 0.369931
10660 0.311404 0.167060 0.521537
30333 0.082950 0.853233 0.063817
30331 0.155010 0.333795 0.511194
10610 0.252614 0.104801 0.642585
10603 0.121731 0.535307 0.342962
30291 0.044607 0.054561 0.900833
30281 0.125130 0.405491 0.469378
30320 0.061215 0.183775 0.755010
30103 0.039050 0.730950 0.230001
10387 0.235448 0.346594 0.417958
427 0.213245 0.338290 0.448465
10637 0.243953 0.131544 0.624503
30365 0.608638 0.248733 0.142628
10656 0.033385 0.447646 0.518969
30739 0.063899 0.898869 0.037232
30735 0.448141 0.197373 0.354486
30333 0.036744 0.823665 0.139591
4570 0.112125 0.831915 0.055961
30233 0.461965 0.219700 0.318335
30234 0.506430 0.363334 0.130235
10869 0.173722 0.688965 0.137313
30204 0.805923 0.063426 0.130651
10594 0.630405 0.365687 0.003908
10533 0.040000 0.505044 0.454956
10597 0.333397 0.207471 0.459132
30345 0.147315 0.357291 0.495394
613 0.045573 0.533324 0.421103
6546 0.160490 0.271901 0.567609
37933 0.635144 0.288782 0.076073
37996 0.196190 0.085604 0.718206
31317 0.387472 0.325131 0.287397
31320 0.433020 0.051164 0.515816
31365 0.459023 0.024292 0.516685
31300 0.286778 0.311106 0.402116
31066 0.620076 0.301443 0.078481
38064 0.108965 0.436858 0.454178
10301 0.426753 0.572803 0.000444
31284 0.368249 0.278235 0.353516
38081 0.361280 0.231472 0.407249
10290 0.156394 0.056173 0.787432
6504 0.251810 0.460558 0.287632
690 0.051582 0.867641 0.080776
6563 0.798541 0.017858 0.183601
37972 0.812364 0.026349 0.161287
370 0.195423 0.732112 0.072465
6542 0.434390 0.184948 0.380662
6544 0.078742 0.158674 0.762584
553 0.232671 0.766761 0.000569
670 0.396966 0.027232 0.575802
31529 0.020465 0.027565 0.951970
31528 0.274686 0.358673 0.366641
24022 0.084419 0.350858 0.564723
31098 0.414895 0.463847 0.121258
10483 0.857392 0.087968 0.054641
31277 0.360074 0.558426 0.081500
635 0.285265 0.648421 0.066315
31281 0.683425 0.155192 0.161383
625 0.377518 0.046169 0.576313
629 0.966824 0.010145 0.023032
4674 0.836405 0.006671 0.156923
10270 0.046535 0.506525 0.446940
4838 0.029733 0.616562 0.353705
31226 0.234542 0.157596 0.607861
10197 0.631100 0.262674 0.106226
10189 0.200791 0.654670 0.144539
31629 0.096197 0.348593 0.555210
31875 0.658681 0.083001 0.258318
4738 0.507232 0.004025 0.488743
24221 0.644775 0.296390 0.058834
906 0.365502 0.032198 0.602300
31600 0.022973 0.194438 0.782589
10076 0.597663 0.254509 0.147829
29961 0.089137 0.597568 0.313295
29928 0.472341 0.206825 0.320834
1050 0.744854 0.210497 0.044648
918 0.000194 0.628668 0.371138
28770 0.227313 0.238524 0.534163
10010 0.148247 0.125241 0.726513
10011 0.030001 0.658073 0.311925
38991 0.392945 0.008667 0.598388
38994 0.217188 0.042014 0.740798
38084 0.038454 0.147349 0.814197
38197 0.860778 0.048738 0.090484
158 0.191016 0.414577 0.394407
18677 0.396263 0.158811 0.444926
18647 0.651126 0.166844 0.182030
27199 0.756683 0.002316 0.241001
10215 0.170766 0.043368 0.785866
10208 0.197118 0.535331 0.267551
29997 0.912664 0.041075 0.046261
30006 0.715899 0.234180 0.049921
27191 0.499042 0.124884 0.376074
18724 0.403855 0.050566 0.545580
31343 0.580653 0.237915 0.181432
31339 0.363633 0.042007 0.594359
31082 0.551678 0.105926 0.342396
4298 0.814718 0.171923 0.013360
4299 0.580429 0.404607 0.014964
23997 0.358992 0.425486 0.215521
24451 0.094171 0.217214 0.688616
24509 0.128214 0.710142 0.161644
4780 0.563583 0.424398 0.012019
4882 0.000000 0.297744 0.702256
4883 0.091520 0.603414 0.305065
4884 0.000000 0.683196 0.316804
4905 0.657818 0.320483 0.021699
4879 0.855618 0.000000 0.144382
4902 0.648606 0.081341 0.270052
24033 0.172823 0.445404 0.381773
23969 0.154477 0.524183 0.321340
30306 0.422693 0.241456 0.335851
30748 0.150526 0.289402 0.560072
10627 0.488968 0.263805 0.247227
10688 0.434861 0.028856 0.536283
4632 1.000000 0.000000 0.000000
8888 0.241768 0.519412 0.238820
30267 0.119798 0.141029 0.739172
30259 0.164576 0.680805 0.154619
10813 0.193111 0.768669 0.038220
10797 0.162518 0.718347 0.119135
30221 0.283112 0.375537 0.341351
30241 0.421528 0.261126 0.317345
30774 0.285365 0.523111 0.191524
10615 0.738102 0.045020 0.216878
30772 0.266963 0.320322 0.412716
30783 0.322102 0.517488 0.160410
10684 0.110363 0.107202 0.782435
30530 0.580869 0.145256 0.273875
30386 0.251195 0.383930 0.364875
30395 0.187263 0.055426 0.757311
30251 0.327843 0.638488 0.033668
30457 0.263911 0.221033 0.515056
30481 0.106140 0.288488 0.605372
10804 0.094239 0.801783 0.103978
10833 0.925088 0.026578 0.048334
10855 0.133467 0.682899 0.183633
30799 0.756489 0.042967 0.200544
30299 0.122801 0.253605 0.623595
10672 0.263667 0.003234 0.733098
30767 0.186211 0.175708 0.638081
30796 0.600816 0.135887 0.263297
30774 0.815622 0.140352 0.044026
10674 0.089133 0.256816 0.654051
10676 0.893703 0.010626 0.095671
30788 0.396053 0.471470 0.132477
10552 0.192263 0.125912 0.681824
30769 0.211546 0.638148 0.150305
10662 0.045115 0.083297 0.871588
10683 0.312990 0.355003 0.332007
30535 0.357363 0.260745 0.381892
10787 0.030409 0.398849 0.570742
