20912 0.913154 0.070204 0.016642
7068 0.223626 0.354958 0.421415
5671 0.540567 0.069840 0.389593
7074 0.407143 0.561955 0.030902
20979 0.310680 0.148978 0.540342
6385 0.121027 0.808859 0.070114
3752 0.626495 0.188357 0.185148
3946 0.323071 0.197042 0.479887
6381 0.248836 0.648180 0.102984
21028 0.697918 0.192274 0.109807
21032 0.027425 0.657416 0.315159
21034 0.270063 0.715550 0.014387
4698 0.358684 0.070708 0.570608
19675 0.513800 0.127153 0.359047
18845 0.083864 0.681038 0.235098
5301 0.334387 0.383740 0.281873
21334 0.321647 0.030325 0.648028
5516 0.434861 0.277450 0.287690
18987 0.404896 0.396396 0.198708
5518 0.151252 0.370431 0.478317
5753 0.587784 0.150918 0.261298
6934 0.330912 0.289415 0.379672
6918 0.542216 0.275931 0.181854
5669 0.508283 0.427485 0.064232
3760 0.014539 0.634433 0.351027
20918 0.480856 0.436357 0.082787
5377 0.476780 0.301514 0.221706
4430 0.412415 0.044669 0.542916
18843 0.302192 0.237883 0.459925
5203 0.132734 0.443171 0.424095
19270 0.159613 0.278550 0.561837
5206 0.194104 0.542147 0.263749
19726 0.208230 0.196248 0.595521
5204 0.747021 0.109108 0.143870
19728 0.494445 0.437701 0.067854
4679 0.199353 0.745418 0.055229
14724 0.005513 0.104889 0.889599
4650 0.136831 0.860824 0.002345
324 0.259283 0.706721 0.033996
4646 0.827446 0.132620 0.039934
18800 0.133447 0.474752 0.391801
6437 0.262247 0.129527 0.608226
20959 0.709674 0.233892 0.056434
20962 0.472126 0.145967 0.381907
4387 0.344239 0.594954 0.060808
18796 0.525841 0.227808 0.246350
20957 0.417438 0.554136 0.028426
20963 0.451130 0.209257 0.339613
4385 0.635595 0.161389 0.203016
18791 0.137742 0.006001 0.856257
19276 0.631447 0.330782 0.037771
4379 0.266099 0.374834 0.359067
21117 0.496095 0.265702 0.238203
21155 0.357104 0.281239 0.361657
21112 0.365239 0.336692 0.298069
6750 0.290061 0.439277 0.270662
6754 0.262953 0.154686 0.582361
6699 0.595031 0.366527 0.038441
21104 0.538099 0.306862 0.155039
4423 0.764016 0.172991 0.062993
5200 0.459418 0.521187 0.019395
21204 0.464313 0.415278 0.120409
4485 0.085521 0.220401 0.694078
6744 0.131632 0.444733 0.423635
21178 0.584425 0.409723 0.005852
19715 0.275315 0.319892 0.404793
18938 0.229006 0.137951 0.633043
19716 0.603216 0.117686 0.279098
19271 0.263970 0.703677 0.032353
4643 0.098249 0.901751 0.000000
19165 0.243921 0.645475 0.110604
5745 0.347592 0.014404 0.638004
20150 0.043447 0.510456 0.446097
20145 0.014562 0.453799 0.531639
5658 0.508290 0.100294 0.391417
20180 0.055355 0.037355 0.907290
20185 0.127066 0.556741 0.316193
19147 0.161556 0.705687 0.132756
19173 0.170116 0.652902 0.176982
4678 0.706597 0.265915 0.027488
5708 0.236892 0.618610 0.144498
20172 0.699868 0.216380 0.083751
20171 0.279542 0.564027 0.156431
19275 0.173053 0.687598 0.139349
19277 0.036401 0.830364 0.133234
5738 0.225926 0.161674 0.612399
19156 0.361708 0.300572 0.337720
19155 0.640184 0.254541 0.105274
5481 0.315624 0.058623 0.625753
19733 0.515652 0.086639 0.397710
5215 0.131702 0.661045 0.207253
19736 0.463004 0.220627 0.316370
4396 0.115313 0.059102 0.825585
4398 0.130908 0.193045 0.676047
4315 0.114530 0.051075 0.834394
6527 0.206669 0.091134 0.702196
18775 0.292273 0.539885 0.167842
18900 0.733862 0.136224 0.129914
4499 0.611728 0.191120 0.197152
5736 0.094855 0.386286 0.518858
5733 0.071187 0.725232 0.203581
20164 0.377195 0.528201 0.094604
19072 0.402530 0.011246 0.586224
5726 0.137298 0.086593 0.776109
20162 0.307321 0.087547 0.605131
19077 0.202575 0.439780 0.357645
4668 0.034737 0.221042 0.744221
4713 0.249976 0.280589 0.469435
19148 0.225051 0.356723 0.418227
20078 0.519338 0.139480 0.341182
20755 0.236564 0.086258 0.677178
6430 0.000498 0.306565 0.692937
20168 0.220384 0.032565 0.747051
4368 0.092755 0.827464 0.079780
4370 0.084862 0.836434 0.078704
18801 0.428349 0.116398 0.455253
18811 0.115077 0.506139 0.378784
18813 0.772855 0.039503 0.187642
21182 0.230465 0.080851 0.688684
4302 0.368969 0.261048 0.369983
21186 0.297173 0.111873 0.590955
20931 0.028411 0.690788 0.280801
6670 0.552930 0.354853 0.092217
16521 0.588886 0.106435 0.304679
4308 0.382460 0.497777 0.119762
16510 0.842716 0.151197 0.006088
18829 0.337933 0.657962 0.004105
2078 0.782620 0.094689 0.122691
4340 0.744001 0.003832 0.252167
16498 0.355878 0.359758 0.284363
20952 0.265393 0.592106 0.142501
6518 0.394695 0.233354 0.371951
17786 0.169717 0.525108 0.305175
17764 0.499388 0.282921 0.217691
17788 0.464123 0.079268 0.456609
6516 0.107544 0.346031 0.546425
6448 0.336512 0.008059 0.655430
3352 0.191319 0.355330 0.453351
4654 0.903170 0.005253 0.091577
3317 0.715014 0.016453 0.268534
5264 0.218882 0.743264 0.037854
19109 0.040539 0.223389 0.736072
18895 0.165461 0.624925 0.209614
5235 0.646786 0.003539 0.349675
5231 0.621634 0.330606 0.047760
4427 0.585398 0.257339 0.157263
5523 0.383623 0.478280 0.138097
4732 0.385452 0.219167 0.395382
5236 0.381014 0.301563 0.317423
19134 0.562870 0.366774 0.070356
4724 0.378046 0.384468 0.237486
5720 0.399066 0.130556 0.470378
19932 0.031205 0.358583 0.610212
21366 0.271470 0.558659 0.169871
21358 0.249090 0.553925 0.196985
5686 0.326445 0.222046 0.451509
20097 0.807594 0.181802 0.010604
5685 0.358411 0.053525 0.588065
20875 0.611384 0.043483 0.345133
20098 0.166924 0.136701 0.696375
20883 0.852297 0.041584 0.106119
18204 0.609882 0.356795 0.033323
4353 0.639682 0.250462 0.109855
18200 0.388916 0.280903 0.330181
4349 0.186031 0.360781 0.453188
21139 0.001134 0.351796 0.647070
6684 0.073580 0.149264 0.777157
6395 0.337337 0.376337 0.286326
6542 0.040360 0.706437 0.253203
21011 0.648076 0.330523 0.021401
6737 0.829931 0.021720 0.148349
6714 0.371746 0.485186 0.143069
18861 0.303072 0.501051 0.195877
6739 0.290677 0.264473 0.444850
17749 0.208621 0.602184 0.189195
3317 0.527452 0.001278 0.471270
17788 0.805433 0.039304 0.155263
17786 0.248997 0.195149 0.555854
21036 0.175696 0.091178 0.733125
21001 0.469347 0.209538 0.321115
5861 0.060053 0.753624 0.186323
20265 0.623338 0.020196 0.356465
6896 0.336361 0.184139 0.479501
20212 0.722363 0.276926 0.000711
6951 0.213544 0.546574 0.239882
5781 0.779857 0.108241 0.111901
20214 0.434920 0.326610 0.238469
5754 0.851344 0.051038 0.097618
6974 0.256088 0.648730 0.095182
18246 0.069414 0.450686 0.479900
5759 0.225736 0.072694 0.701570
21453 0.318051 0.394142 0.287807
7006 0.042693 0.303688 0.653619
21488 0.019919 0.365119 0.614962
7034 0.479832 0.407701 0.112466
7021 0.119463 0.485659 0.394879
21489 0.476174 0.238678 0.285149
18161 0.624329 0.117086 0.258585
6970 1.000000 0.000000 0.000000
6971 0.284987 0.131914 0.583099
18978 0.242877 0.638713 0.118410
5502 0.690383 0.171104 0.138513
5844 0.355993 0.644007 0.000000
20302 0.517388 0.278633 0.203978
20250 0.157207 0.329799 0.512994
7020 0.370971 0.254017 0.375012
18230 0.737345 0.205629 0.057025
19014 0.337648 0.291868 0.370484
5433 0.119278 0.552046 0.328676
19017 0.552033 0.000134 0.447832
19797 0.179138 0.532046 0.288817
19796 0.218025 0.213355 0.568620
19768 0.800082 0.051971 0.147948
19765 0.527957 0.430817 0.041226
4078 0.415688 0.468916 0.115396
4076 0.121852 0.399924 0.478224
18591 0.715054 0.264389 0.020557
4072 0.029904 0.076441 0.893654
6640 0.122895 0.695124 0.181981
21051 0.039532 0.784142 0.176326
21049 0.096459 0.433162 0.470379
4696 0.132095 0.404165 0.463740
5412 0.104651 0.265022 0.630327
18240 0.479390 0.484085 0.036525
3830 0.252122 0.385805 0.362073
20758 0.130562 0.285909 0.583530
3804 0.599836 0.109136 0.291028
18823 0.328131 0.278934 0.392936
3303 0.701380 0.128398 0.170222
16521 0.037142 0.363802 0.599056
2076 0.623335 0.088176 0.288489
16482 0.313286 0.523134 0.163580
2077 0.524701 0.159207 0.316092
2074 0.458120 0.280867 0.261014
21149 0.067243 0.508891 0.423866
6657 0.158166 0.396969 0.444865
6671 0.217994 0.371747 0.410259
21193 0.682223 0.005262 0.312515
6676 0.074386 0.260568 0.665047
6677 0.023301 0.214653 0.762046
4372 0.233811 0.549502 0.216687
18794 0.098643 0.675085 0.226271
6485 0.808018 0.090053 0.101929
20968 0.712417 0.054860 0.232723
4657 0.237239 0.582587 0.180174
5261 0.796379 0.099668 0.103953
5259 0.192953 0.700541 0.106506
4500 0.224608 0.724327 0.051065
18901 0.538817 0.218397 0.242786
4488 0.964536 0.031054 0.004410
18921 0.235682 0.568105 0.196213
6678 0.816473 0.125596 0.057931
6681 0.252965 0.608731 0.138304
18808 0.188783 0.780016 0.031201
18783 0.343409 0.046891 0.609700
20971 0.564551 0.415239 0.020210
6451 0.363353 0.544572 0.092076
19067 0.286745 0.343228 0.370027
4662 0.489626 0.011114 0.499259
19098 1.000000 0.000000 0.000000
6370 0.709300 0.064068 0.226632
6646 0.506969 0.448452 0.044578
3828 0.077695 0.638218 0.284086
6359 0.081097 0.159785 0.759118
21055 0.042768 0.792607 0.164625
20760 0.055150 0.030574 0.914276
18708 0.381254 0.393263 0.225483
4194 0.090221 0.281744 0.628035
4189 0.560006 0.227648 0.212347
4189 0.192334 0.218977 0.588689
18623 0.250009 0.598421 0.151570
18712 0.143191 0.056157 0.800652
18716 0.758908 0.018871 0.222222
4196 0.082798 0.200621 0.716580
4221 0.130666 0.455288 0.414047
4193 0.545831 0.333465 0.120704
18706 0.055665 0.679702 0.264633
18705 0.012449 0.651786 0.335765
4198 0.455552 0.379667 0.164781
18676 0.495696 0.481002 0.023302
4237 0.224686 0.450410 0.324904
19478 0.135293 0.553475 0.311232
4235 0.312769 0.187183 0.500048
4893 0.331147 0.076381 0.592472
4896 0.146484 0.097066 0.756450
5071 0.487036 0.012221 0.500743
19301 0.021756 0.542506 0.435738
5528 0.210718 0.656264 0.133018
19985 0.182879 0.482812 0.334309
21226 0.048787 0.196074 0.755139
6820 0.148977 0.630475 0.220548
5420 0.028960 0.111508 0.859533
19911 0.286406 0.091460 0.622135
21625 0.004308 0.399366 0.596326
21224 0.825914 0.148798 0.025288
21627 0.366826 0.557215 0.075959
4745 0.042370 0.713477 0.244153
21622 0.637952 0.307795 0.054253
7170 0.096487 0.525357 0.378156
21546 0.776968 0.114564 0.108467
3618 0.350586 0.382862 0.266552
3617 0.123111 0.201694 0.675195
20639 0.031396 0.901783 0.066821
18720 0.806053 0.122647 0.071301
4260 0.307208 0.499841 0.192951
4234 0.158164 0.157508 0.684328
4280 0.293247 0.394259 0.312494
17129 0.625611 0.080094 0.294295
5067 0.083469 0.410501 0.506029
17130 0.784592 0.175942 0.039466
18722 0.402117 0.206717 0.391166
4182 0.262222 0.342528 0.395250
4183 0.390963 0.087810 0.521227
4179 1.000000 0.000000 0.000000
18700 0.068857 0.855190 0.075953
18074 0.480290 0.239446 0.280264
18076 0.173217 0.143437 0.683346
21264 0.087952 0.207917 0.704131
6180 0.740021 0.132540 0.127439
7190 0.614286 0.184693 0.201021
19774 0.118575 0.868813 0.012612
4882 0.517462 0.354746 0.127792
3620 0.688912 0.086843 0.224245
19267 0.054671 0.586998 0.358330
6177 0.887559 0.030316 0.082125
18073 0.389379 0.602515 0.008107
4846 0.404974 0.518234 0.076792
18630 0.056454 0.597406 0.346141
4216 0.000700 0.934772 0.064529
4178 0.643705 0.244196 0.112099
18072 0.417493 0.518327 0.064180
5031 0.772773 0.041609 0.185618
5020 0.673589 0.310920 0.015491
19989 0.100399 0.020305 0.879296
4881 0.187281 0.641513 0.171206
6814 0.341590 0.038169 0.620241
19942 0.058188 0.416250 0.525562
21218 0.425143 0.077479 0.497378
21219 0.056655 0.833153 0.110192
4582 0.045515 0.439333 0.515152
19327 0.332789 0.276468 0.390742
19328 0.098480 0.112671 0.788849
4583 0.771569 0.190195 0.038236
19793 0.595207 0.171434 0.233360
5041 0.078489 0.079172 0.842340
5043 0.554399 0.276608 0.168993
5042 0.748454 0.217688 0.033858
5040 0.157790 0.029110 0.813100
5035 0.048287 0.110713 0.840999
19781 0.066901 0.417186 0.515913
18528 0.110115 0.494140 0.395745
5032 0.697530 0.241783 0.060688
5415 0.254627 0.599166 0.146207
4173 0.145459 0.749772 0.104769
4203 0.608570 0.134786 0.256644
6538 0.052508 0.305132 0.642360
21214 0.109563 0.215201 0.675236
5492 0.189625 0.295952 0.514423
5491 0.098690 0.410747 0.490564
20240 0.550374 0.199473 0.250153
21470 0.368946 0.349842 0.281212
5494 0.243494 0.115610 0.640897
7176 0.203119 0.455951 0.340931
21475 0.130584 0.015410 0.854006
7178 0.823291 0.151379 0.025330
3656 0.235849 0.028744 0.735407
3651 0.190458 0.599563 0.209979
4224 0.018513 0.854102 0.127385
18057 0.580445 0.125472 0.294083
6178 0.296646 0.134547 0.568807
6513 0.210999 0.065529 0.723472
20941 0.058190 0.101579 0.840231
19307 0.502849 0.143837 0.353314
17074 0.121574 0.359610 0.518816
5577 0.444122 0.408775 0.147103
2639 0.357810 0.186621 0.455569
19983 0.180237 0.709082 0.110680
2617 0.050374 0.424107 0.525519
5530 0.115065 0.815537 0.069398
17077 0.394011 0.343573 0.262417
6775 0.687332 0.253390 0.059278
21298 0.825093 0.009607 0.165300
6784 0.531277 0.078370 0.390353
6793 0.327886 0.486259 0.185854
2620 0.006989 0.783227 0.209783
2600 0.032486 0.304200 0.663314
6777 0.002058 0.146345 0.851597
6783 0.302880 0.041675 0.655445
21618 0.150421 0.173673 0.675906
3627 0.166239 0.273145 0.560616
17124 0.401912 0.051929 0.546159
21616 0.078560 0.095397 0.826043
18159 0.794317 0.143193 0.062490
2687 0.049639 0.143317 0.807044
17044 0.442444 0.009081 0.548476
3624 0.057101 0.463328 0.479571
5064 0.324054 0.423450 0.252496
16718 0.638743 0.183555 0.177702
2699 0.432518 0.405463 0.162019
17042 0.325457 0.586908 0.087635
2622 0.259586 0.136696 0.603717
2324 0.834294 0.084461 0.081245
17136 0.593072 0.230584 0.176344
17046 0.655599 0.040200 0.304201
17010 0.347930 0.287453 0.364617
17102 0.650485 0.134230 0.215286
5573 0.147082 0.159937 0.692980
5571 0.104518 0.671457 0.224025
19980 0.240464 0.471895 0.287641
20052 0.783041 0.189462 0.027497
2653 0.129166 0.287451 0.583383
5534 0.519025 0.250038 0.230938
2568 0.052358 0.580162 0.367480
2641 0.028181 0.789377 0.182442
16796 0.148879 0.696256 0.154864
17094 0.848356 0.126663 0.024981
17041 0.258046 0.247826 0.494128
17040 0.538344 0.419442 0.042214
6789 0.576140 0.281811 0.142049
6791 0.291716 0.229085 0.479199
17089 0.403180 0.415431 0.181389
2642 0.572147 0.348026 0.079828
18153 0.131549 0.643071 0.225380
2605 0.014202 0.385442 0.600356
2607 0.087313 0.004288 0.908398
17120 0.756207 0.072923 0.170870
17121 0.540331 0.237013 0.222656
2644 0.723575 0.149503 0.126922
19376 0.163780 0.488022 0.348198
6191 0.064420 0.231776 0.703804
6190 0.608653 0.104447 0.286900
6197 0.310636 0.648469 0.040895
6196 0.127159 0.566775 0.306066
5560 0.027191 0.245247 0.727562
20065 0.126004 0.290028 0.583968
5547 0.189900 0.773324 0.036776
19883 0.593888 0.268574 0.137538
19907 0.491625 0.291167 0.217208
19895 0.195972 0.231502 0.572526
6865 0.179131 0.545260 0.275609
21269 0.160585 0.669315 0.170100
6862 0.763974 0.130332 0.105694
7161 0.137253 0.772929 0.089817
21276 0.103053 0.286070 0.610876
7163 0.533224 0.418260 0.048516
7192 0.749801 0.091722 0.158476
18117 0.613631 0.366701 0.019668
18120 0.453565 0.466197 0.080238
3707 0.217720 0.572214 0.210066
18112 0.470297 0.475760 0.053943
5964 0.127484 0.093553 0.778963
18110 0.570569 0.108345 0.321086
18108 0.145517 0.599389 0.255094
5958 0.439521 0.405268 0.155211
5957 0.062325 0.091194 0.846480
20633 0.091283 0.029705 0.879012
20631 0.122526 0.494314 0.383160
4282 0.255781 0.089818 0.654401
19469 0.251711 0.290182 0.458107
5063 0.203791 0.618328 0.177881
17117 0.004948 0.130210 0.864842
2521 0.003893 0.302771 0.693336
16955 0.848595 0.096848 0.054557
16933 0.161173 0.479374 0.359453
2518 0.028425 0.892999 0.078576
16924 0.178742 0.211615 0.609643
16927 0.449503 0.488796 0.061701
6822 0.265051 0.034745 0.700204
16934 0.092468 0.209302 0.698229
16965 0.228142 0.603600 0.168259
2670 0.079329 0.918935 0.001736
3695 0.095055 0.698221 0.206724
2511 0.139491 0.263300 0.597209
2669 0.145806 0.818102 0.036092
2649 0.020673 0.053021 0.926305
19323 0.478485 0.224415 0.297101
5341 0.768772 0.184447 0.046781
4570 0.013581 0.123226 0.863193
19319 0.204198 0.004870 0.790932
19174 0.611302 0.248893 0.139805
21212 0.084537 0.753598 0.161865
19031 0.371356 0.545191 0.083454
6803 0.458693 0.200803 0.340504
19947 0.151018 0.225228 0.623754
6801 0.429932 0.389235 0.180833
6991 0.852836 0.041159 0.106006
20205 0.044722 0.738220 0.217058
6961 0.099518 0.341210 0.559272
5785 0.190078 0.084760 0.725162
20200 0.147682 0.016648 0.835670
21483 0.428792 0.098964 0.472244
21461 0.145834 0.713516 0.140650
3643 0.002529 0.011490 0.985981
7028 0.564398 0.183547 0.252054
3641 0.234222 0.269789 0.495988
3802 0.518151 0.375207 0.106642
3639 0.656612 0.245537 0.097851
3800 0.509063 0.030462 0.460475
20786 0.221201 0.332323 0.446475
20795 0.029547 0.331678 0.638775
6621 0.152875 0.049550 0.797575
20794 0.299200 0.019315 0.681485
18655 0.894517 0.093121 0.012362
6502 0.332042 0.288121 0.379837
18654 0.527723 0.375644 0.096632
18648 0.085837 0.666931 0.247231
6623 0.164172 0.760242 0.075586
4103 0.358916 0.471835 0.169249
4104 0.253113 0.180514 0.566373
6605 0.782538 0.173093 0.044369
19627 0.152361 0.609913 0.237726
4113 0.045097 0.726955 0.227948
5334 0.024261 0.007385 0.968354
18520 0.185340 0.442719 0.371941
5333 0.593670 0.219297 0.187033
19334 0.846471 0.034611 0.118918
19339 0.508850 0.239774 0.251376
5349 0.193215 0.240848 0.565938
19757 0.302677 0.500761 0.196562
19026 0.756573 0.178682 0.064746
4613 0.124377 0.009441 0.866182
6959 0.006969 0.463846 0.529185
6957 0.033348 0.123028 0.843624
21246 0.042402 0.518859 0.438738
20207 0.013043 0.969905 0.017052
21442 0.550142 0.022758 0.427101
7037 0.160569 0.620012 0.219418
3803 0.479764 0.301457 0.218778
18086 0.491910 0.164981 0.343109
3786 0.102007 0.664700 0.233293
20805 0.016197 0.339901 0.643902
20806 0.552677 0.245574 0.201749
21432 0.234879 0.370578 0.394542
21060 0.823850 0.031595 0.144554
18525 0.276953 0.580584 0.142464
18556 0.346355 0.253604 0.400041
4062 0.026933 0.706960 0.266107
21399 0.432883 0.487341 0.079775
20286 0.340540 0.001954 0.657506
20287 0.109231 0.722852 0.167917
7003 0.417458 0.290733 0.291809
7005 0.648664 0.039878 0.311459
7004 0.211218 0.228707 0.560075
18234 0.538522 0.115210 0.346268
3824 0.029501 0.512545 0.457954
6363 0.091850 0.187570 0.720580
20772 0.315344 0.678576 0.006079
6364 0.352014 0.281718 0.366268
21043 0.778617 0.024432 0.196952
21050 0.279364 0.154703 0.565933
18602 0.265351 0.458859 0.275790
4084 0.827104 0.070620 0.102277
19832 0.317760 0.099087 0.583153
21402 0.185863 0.596910 0.217227
20292 0.702893 0.195390 0.101717
5775 0.042474 0.533472 0.424054
5774 0.010286 0.728280 0.261434
21528 0.183173 0.073371 0.743456
7011 0.845159 0.021116 0.133725
7010 0.128537 0.103861 0.767602
18228 0.630391 0.032861 0.336747
18224 0.446767 0.081710 0.471523
6369 0.405223 0.238076 0.356701
6367 0.191531 0.653720 0.154749
6630 0.036946 0.289983 0.673072
18607 0.137686 0.227945 0.634368
20116 0.846462 0.144045 0.009493
20898 0.125895 0.711805 0.162300
21514 0.449153 0.361126 0.189722
18185 0.270897 0.318066 0.411038
7061 0.118545 0.465153 0.416302
3769 0.619223 0.234898 0.145879
18183 0.024436 0.857055 0.118509
18176 0.357138 0.597942 0.044920
20820 0.538850 0.392680 0.068470
6420 0.231390 0.687778 0.080831
6588 0.103527 0.085594 0.810879
6421 0.197282 0.729085 0.073633
20991 0.158904 0.777671 0.063425
6581 0.036780 0.157159 0.806061
20985 0.927552 0.029743 0.042705
18892 0.095183 0.261423 0.643393
18885 0.235764 0.619371 0.144865
18887 0.294636 0.374670 0.330694
5362 0.485513 0.449849 0.064638
18957 0.058265 0.873236 0.068499
19004 0.459138 0.498547 0.042315
18953 0.097392 0.269762 0.632846
19002 0.206693 0.481350 0.311957
6888 0.440784 0.031530 0.527686
5513 0.120033 0.480925 0.399042
21377 0.164807 0.486863 0.348330
6921 0.524478 0.327565 0.147957
5814 0.454244 0.456488 0.089268
6909 0.669595 0.270954 0.059451
21335 0.026982 0.885227 0.087791
5828 0.472016 0.489180 0.038804
7063 0.213449 0.121102 0.665449
7067 0.039685 0.220610 0.739705
7066 0.255023 0.499301 0.245675
3761 0.617416 0.202267 0.180316
20833 0.087587 0.388197 0.524216
20834 0.139967 0.622948 0.237085
21010 0.467630 0.211537 0.320832
6654 0.144262 0.610731 0.245006
19668 0.623461 0.097579 0.278960
4704 0.015999 0.089268 0.894733
4700 0.730176 0.242533 0.027291
19921 0.222118 0.306432 0.471450
21337 0.407053 0.028220 0.564727
2452 0.198202 0.546915 0.254883
2474 0.015747 0.759345 0.224908
18932 0.522848 0.074661 0.402491
19653 0.030248 0.356315 0.613437
2477 0.258061 0.546276 0.195663
5201 0.677190 0.266524 0.056286
19127 0.152062 0.376789 0.471149
9668 0.841283 0.114880 0.043837
4715 0.105437 0.486137 0.408426
24126 0.231790 0.245096 0.523113
19935 0.497765 0.041353 0.460882
5709 0.020160 0.244205 0.735635
5703 0.613291 0.346172 0.040537
5706 0.125213 0.709140 0.165647
5652 0.161050 0.046575 0.792375
20757 0.313464 0.415501 0.271035
5644 0.261255 0.253384 0.485361
6480 0.170225 0.524286 0.305489
6441 0.257053 0.167129 0.575818
24116 0.325236 0.197257 0.477507
18500 0.623845 0.186967 0.189188
18501 0.119051 0.339697 0.541252
16915 0.710472 0.222547 0.066980
6691 0.561989 0.320181 0.117830
24119 0.016363 0.901076 0.082561
6693 0.627933 0.213767 0.158300
2471 0.609913 0.181217 0.208870
24133 0.047068 0.548425 0.404507
6760 0.214079 0.321841 0.464079
21164 0.315544 0.087053 0.597403
16912 0.247198 0.419065 0.333737
5223 0.267536 0.683805 0.048659
18855 0.342514 0.468488 0.188999
4445 0.380381 0.609598 0.010021
6722 0.416468 0.204551 0.378981
6389 0.573125 0.105589 0.321286
21133 0.370119 0.010721 0.619160
4361 0.594135 0.039630 0.366235
6463 0.202883 0.419366 0.377752
20871 0.448130 0.334960 0.216909
6462 0.270379 0.624720 0.104901
20087 0.796040 0.175304 0.028656
21370 0.198796 0.032406 0.768797
6911 0.007645 0.245117 0.747238
19144 0.911267 0.002446 0.086287
19006 0.025457 0.415201 0.559342
19634 0.139738 0.376681 0.483581
5840 0.168944 0.000419 0.830637
21429 0.111434 0.531451 0.357115
19657 0.014641 0.619077 0.366283
19641 0.934540 0.058169 0.007291
18849 0.150342 0.251029 0.598629
4440 0.040613 0.242216 0.717171
21128 0.628822 0.131027 0.240152
4060 0.065759 0.306419 0.627822
6910 0.299742 0.611157 0.089101
21361 0.580997 0.304722 0.114281
19927 0.433041 0.304108 0.262851
18981 0.270069 0.336143 0.393788
19630 0.138038 0.504181 0.357782
20269 0.333962 0.209503 0.456535
20268 0.149500 0.410108 0.440393
6894 0.614311 0.212225 0.173464
19915 0.202596 0.078973 0.718431
4550 0.283951 0.381462 0.334587
4554 0.180025 0.560999 0.258976
5411 0.861539 0.061321 0.077139
4130 0.880724 0.079981 0.039295
18872 0.022167 0.342307 0.635526
20998 0.203539 0.429236 0.367224
21002 0.036422 0.093879 0.869699
6406 0.436136 0.060490 0.503375
17712 0.226184 0.286259 0.487556
16426 0.167091 0.421304 0.411606
15955 0.263186 0.529510 0.207304
1471 0.441137 0.035774 0.523089
1987 0.207880 0.541027 0.251093
1859 0.115912 0.076893 0.807195
15956 0.040044 0.406855 0.553101
16417 0.178624 0.633146 0.188230
16432 0.038059 0.386705 0.575236
15959 0.598505 0.170902 0.230593
15947 0.641547 0.288091 0.070362
1989 0.520400 0.113161 0.366440
15951 0.612463 0.016357 0.371180
1493 0.017072 0.365533 0.617395
1990 0.425458 0.139434 0.435108
1988 0.609406 0.124509 0.266085
1469 0.272908 0.211245 0.515847
15919 0.382319 0.036735 0.580946
16430 0.391748 0.541078 0.067174
1508 0.280084 0.317161 0.402755
15907 0.434031 0.357536 0.208432
2005 0.156770 0.007432 0.835798
1979 0.291868 0.240649 0.467484
2007 0.163245 0.516001 0.320754
15958 0.216016 0.138535 0.645449
1491 0.322989 0.581311 0.095700
16357 0.156599 0.257286 0.586115
1500 0.056723 0.311492 0.631785
1915 1.000000 0.000000 0.000000
2006 0.362051 0.484575 0.153375
15934 0.338407 0.156030 0.505564
16431 0.237372 0.432290 0.330338
15948 0.581935 0.163074 0.254992
16224 0.354446 0.209325 0.436230
1751 0.232524 0.484479 0.282998
1749 0.392817 0.260788 0.346395
16223 0.212187 0.178166 0.609648
1774 0.120597 0.537791 0.341612
1703 0.041928 0.398159 0.559913
16188 0.445863 0.297319 0.256818
16220 0.009026 0.202926 0.788048
16205 0.862625 0.090588 0.046786
16204 0.181271 0.037526 0.781203
1750 0.448428 0.202568 0.349004
16207 0.811128 0.138613 0.050260
1755 0.652833 0.341053 0.006114
16211 0.397115 0.565625 0.037259
1753 0.309688 0.690312 0.000000
1711 0.328337 0.110447 0.561216
16202 0.467386 0.112071 0.420543
16018 0.958549 0.028527 0.012924
1415 0.084792 0.688812 0.226396
1415 0.038251 0.070324 0.891425
1416 0.181472 0.791160 0.027367
1738 0.094380 0.564854 0.340766
16139 0.228339 0.458413 0.313248
1736 0.198049 0.433953 0.367999
1411 0.591386 0.299807 0.108807
16143 0.354571 0.208396 0.437033
16141 0.051748 0.085398 0.862854
16140 0.096821 0.111990 0.791189
1735 1.000000 0.000000 0.000000
16138 0.063450 0.534723 0.401826
1744 0.388708 0.239873 0.371419
16157 0.621304 0.297976 0.080720
1742 0.007016 0.582320 0.410665
16130 0.399941 0.054925 0.545135
16212 0.000000 0.916778 0.083222
16242 0.538365 0.150580 0.311054
1718 0.177326 0.407693 0.414981
1746 0.090167 0.698789 0.211044
16234 0.331130 0.571508 0.097362
1745 0.099613 0.088018 0.812368
16236 0.014686 0.313241 0.672074
16236 0.496219 0.209702 0.294078
16190 0.721449 0.042662 0.235889
16216 1.000000 0.000000 0.000000
1777 0.955816 0.011762 0.032422
16241 0.242021 0.065521 0.692458
16239 0.233353 0.093784 0.672863
15967 0.576492 0.383004 0.040504
15838 0.784852 0.165247 0.049900
1465 0.277052 0.457680 0.265268
15965 0.599268 0.108399 0.292332
1568 0.426894 0.106518 0.466589
15840 0.407565 0.252824 0.339611
1492 0.075595 0.013012 0.911393
16007 0.239467 0.340308 0.420226
1533 0.434457 0.551320 0.014223
1529 0.648148 0.278703 0.073150
15989 0.111868 0.698609 0.189524
1543 0.072210 0.918576 0.009214
1541 0.227861 0.729534 0.042605
16015 0.057316 0.129461 0.813223
15846 0.569351 0.197061 0.233588
15828 0.778290 0.027156 0.194554
16013 0.104332 0.095505 0.800163
16001 0.059220 0.001342 0.939438
1527 0.225050 0.680478 0.094472
1523 0.325714 0.580549 0.093737
15997 0.190578 0.589701 0.219721
1571 0.092927 0.513222 0.393851
1572 0.389154 0.273723 0.337123
15973 0.070473 0.664189 0.265338
15972 0.547395 0.137671 0.314935
15842 0.643672 0.291603 0.064725
1570 0.508632 0.175609 0.315759
1548 0.252580 0.647207 0.100213
16011 0.049372 0.202843 0.747786
15825 0.008761 0.005806 0.985433
16149 0.694794 0.242478 0.062727
16192 0.369640 0.089393 0.540967
16153 0.652568 0.150361 0.197071
16196 0.824542 0.062150 0.113308
16198 0.087209 0.081339 0.831452
16156 0.323092 0.109299 0.567609
1098 0.098937 0.167408 0.733655
15346 0.158967 0.084587 0.756446
943 0.306710 0.447768 0.245522
15525 0.452440 0.084761 0.462799
988 0.502636 0.475902 0.021463
15450 0.395573 0.036188 0.568239
15523 0.123647 0.184644 0.691708
15510 0.530521 0.020369 0.449110
937 0.448487 0.545145 0.006368
1118 0.573309 0.297490 0.129202
984 0.365785 0.495354 0.138861
15398 0.499007 0.181431 0.319562
15429 0.049287 0.887659 0.063054
916 0.188280 0.691637 0.120083
15710 0.240875 0.539568 0.219556
1086 0.210355 0.155735 0.633909
15379 0.757468 0.076675 0.165857
15713 0.086921 0.525835 0.387245
966 0.629244 0.013358 0.357398
1092 0.282739 0.563964 0.153297
15435 0.684179 0.285902 0.029920
983 0.000000 0.512899 0.487101
15768 0.036666 0.191658 0.771676
15766 0.544229 0.016827 0.438944
15357 0.051224 0.497379 0.451397
15355 0.617353 0.005698 0.376949
301 0.247949 0.267619 0.484432
953 0.145385 0.532420 0.322196
15421 0.225001 0.642288 0.132711
15417 0.313288 0.332894 0.353819
998 0.266784 0.346032 0.387183
15419 0.157359 0.545014 0.297627
15365 0.270964 0.478495 0.250541
905 0.466061 0.225261 0.308677
1096 0.386199 0.111719 0.502081
954 0.470955 0.413127 0.115918
15372 0.602159 0.218185 0.179657
15397 0.209060 0.465133 0.325807
15368 0.021549 0.539397 0.439055
15396 0.201211 0.351426 0.447363
15540 0.675378 0.000000 0.324622
15542 0.189302 0.090031 0.720667
1072 0.878161 0.015776 0.106063
302 0.025677 0.586392 0.387931
15496 0.664347 0.227277 0.108376
15499 0.220697 0.310005 0.469297
1036 0.130452 0.189935 0.679613
1038 0.020461 0.851531 0.128008
948 0.676857 0.096513 0.226630
15349 0.747566 0.215247 0.037187
15348 0.186942 0.186660 0.626398
15540 0.159851 0.304371 0.535778
1082 0.273402 0.655887 0.070711
15496 0.136462 0.556780 0.306758
1009 0.139098 0.278308 0.582594
914 0.522334 0.455956 0.021710
903 0.497462 0.121586 0.380952
1077 0.496544 0.367009 0.136447
15546 0.130581 0.599151 0.270268
15548 0.143873 0.046193 0.809934
15382 0.028878 0.764552 0.206569
957 0.622068 0.117410 0.260522
936 0.622486 0.369297 0.008217
15370 0.093130 0.281628 0.625242
935 0.302143 0.624712 0.073145
15444 0.241995 0.443759 0.314246
15440 0.171491 0.670765 0.157744
15390 0.026860 0.013493 0.959647
1094 0.436351 0.426700 0.136949
920 0.498350 0.145488 0.356163
1013 0.762904 0.053081 0.184014
15451 0.615652 0.314030 0.070317
15722 0.028019 0.351084 0.620897
977 0.534009 0.272568 0.193423
924 0.556931 0.281053 0.162016
972 0.212591 0.525191 0.262218
15716 0.065192 0.184130 0.750678
15716 0.098456 0.559070 0.342474
1249 0.609968 0.112461 0.277571
971 1.000000 0.000000 0.000000
1249 0.059416 0.769112 0.171472
971 0.123517 0.047670 0.828812
1254 0.097031 0.083632 0.819337
15773 0.745858 0.157898 0.096244
15727 0.308309 0.044298 0.647393
1125 0.183192 0.477451 0.339357
978 0.169290 0.717788 0.112922
1247 0.065115 0.555617 0.379268
1144 0.297006 0.433570 0.269424
5976 0.171541 0.543671 0.284788
5920 0.414697 0.440458 0.144845
1145 0.575947 0.105091 0.318961
15665 0.551005 0.239924 0.209071
1129 0.148655 0.506555 0.344790
15578 0.146174 0.567978 0.285848
15656 0.402789 0.461858 0.135353
1137 0.083182 0.163050 0.753768
1131 0.305537 0.662563 0.031899
20350 0.284888 0.000000 0.715112
6042 0.650394 0.042041 0.307565
20335 0.160768 0.036604 0.802628
1138 0.144294 0.394186 0.461520
6052 0.292797 0.613947 0.093255
4758 0.382716 0.510211 0.107073
1165 0.421890 0.088388 0.489721
6055 0.152004 0.375102 0.472894
1162 0.506681 0.141810 0.351509
4824 0.026914 0.653706 0.319380
4760 0.152677 0.837447 0.009876
6051 0.192827 0.602897 0.204276
4825 0.103839 0.149786 0.746375
1294 0.037645 0.379340 0.583015
316 0.080818 0.856540 0.062642
4832 0.344839 0.318472 0.336689
19241 0.314315 0.376708 0.308978
4834 0.367035 0.205471 0.427494
1313 0.295024 0.293741 0.411236
6270 0.302481 0.062336 0.635183
6268 0.014981 0.311284 0.673735
5897 0.243459 0.741036 0.015505
19198 0.445278 0.388182 0.166540
20560 0.506564 0.036178 0.457258
1311 0.519190 0.381336 0.099474
1337 0.227772 0.641038 0.131190
1336 0.422626 0.279131 0.298243
15788 0.682143 0.231799 0.086059
19240 0.061558 0.081541 0.856901
15410 0.123646 0.724465 0.151889
947 1.000000 0.000000 0.000000
961 0.678852 0.148812 0.172336
1252 0.070922 0.661139 0.267939
15701 0.506865 0.424225 0.068910
6269 0.016464 0.653980 0.329556
5152 0.001723 0.389337 0.608940
15542 0.771756 0.035205 0.193039
1352 0.786806 0.072392 0.140802
15531 0.370588 0.162859 0.466554
15359 0.407194 0.567213 0.025593
953 0.615499 0.111470 0.273031
952 0.006700 0.398321 0.594979
15423 0.181982 0.093208 0.724810
15360 0.721743 0.261168 0.017089
15361 0.405467 0.246128 0.348405
15533 0.753050 0.185540 0.061410
15545 0.735182 0.076945 0.187873
15548 0.929784 0.021552 0.048664
20430 0.297022 0.035064 0.667914
6013 0.524514 0.125278 0.350208
6015 0.279138 0.684753 0.036109
16103 0.016024 0.801409 0.182568
15493 0.312230 0.027315 0.660455
1654 0.641058 0.242927 0.116015
15492 0.107805 0.476917 0.415278
1670 0.431734 0.138351 0.429915
1671 0.325641 0.198566 0.475793
16076 0.109152 0.420829 0.470019
1675 0.118309 0.829358 0.052333
1674 0.725119 0.033635 0.241246
1675 0.015612 0.346921 0.637467
1045 0.022102 0.034959 0.942940
16079 0.793746 0.174097 0.032157
1679 0.500077 0.186084 0.313839
15504 0.069084 0.258455 0.672461
1681 0.460196 0.407392 0.132412
15506 0.236593 0.114078 0.649329
1653 0.774265 0.128740 0.096994
1019 0.299790 0.253253 0.446958
15477 0.434482 0.423272 0.142246
15489 0.850396 0.102039 0.047564
15475 0.325858 0.264341 0.409801
1648 0.201020 0.762055 0.036925
1054 0.688801 0.063018 0.248181
1645 0.216875 0.759846 0.023279
1066 0.636620 0.008532 0.354848
1643 0.160585 0.756220 0.083194
15479 0.464879 0.520377 0.014744
1641 0.006731 0.766989 0.226280
1062 0.140018 0.217956 0.642025
1637 0.263581 0.421191 0.315228
1058 0.599880 0.201848 0.198273
1647 0.251506 0.028150 0.720344
15459 0.445329 0.426689 0.127982
16090 0.700663 0.204727 0.094610
1055 0.129921 0.133983 0.736096
1686 0.511179 0.080622 0.408199
16084 0.101703 0.507912 0.390385
15494 0.615671 0.177579 0.206750
16086 0.373348 0.604407 0.022245
15481 0.003492 0.211042 0.785466
16163 0.570002 0.398135 0.031864
1425 0.370002 0.427841 0.202157
1698 0.022197 0.669306 0.308497
16137 0.678661 0.191829 0.129509
1716 0.129516 0.815892 0.054592
1713 0.604911 0.307065 0.088024
16181 0.043829 0.765248 0.190923
1724 0.063446 0.180207 0.756347
1578 0.058636 0.710889 0.230475
1455 0.361072 0.531330 0.107598
1725 0.691905 0.297983 0.010112
16180 0.123681 0.450526 0.425793
1453 0.436780 0.381437 0.181783
16178 0.338213 0.214387 0.447401
1451 0.244148 0.392729 0.363123
1461 0.480760 0.368206 0.151033
16159 0.346338 0.107247 0.546415
16172 0.627529 0.272295 0.100177
15865 0.537038 0.306212 0.156750
15866 0.325228 0.656280 0.018492
1421 0.177938 0.195945 0.626117
15883 0.175095 0.588062 0.236842
1372 0.504735 0.335945 0.159320
1412 0.208059 0.346341 0.445600
1702 0.088476 0.676983 0.234541
1712 0.123532 0.536998 0.339469
1449 0.070103 0.205713 0.724183
16176 0.765502 0.042922 0.191576
1445 0.561040 0.373318 0.065642
1430 0.295503 0.618000 0.086497
1426 0.447420 0.264347 0.288233
1441 0.702230 0.065634 0.232136
16164 0.470396 0.297125 0.232479
15896 0.493650 0.068737 0.437614
1420 0.092300 0.134470 0.773229
15894 0.295860 0.692248 0.011892
1414 0.060971 0.386247 0.552783
1373 0.849716 0.019180 0.131104
16018 0.015155 0.611979 0.372866
15891 0.295243 0.346166 0.358591
15892 0.144611 0.721151 0.134238
1377 0.131318 0.834783 0.033899
16124 0.282625 0.117312 0.600062
16126 0.662324 0.226820 0.110856
1669 0.128743 0.548995 0.322262
1627 0.020872 0.854525 0.124603
1630 0.138986 0.284341 0.576672
1607 0.591563 0.025256 0.383181
1606 0.270167 0.289427 0.440406
1580 0.093549 0.584636 0.321815
1582 0.243037 0.555565 0.201398
1584 0.103087 0.002796 0.894117
16088 0.012084 0.008758 0.979158
1663 0.118541 0.623244 0.258215
1661 0.179538 0.180095 0.640367
1638 0.187491 0.770024 0.042484
1640 0.192532 0.350107 0.457360
15792 0.268212 0.317450 0.414338
15678 0.319446 0.220558 0.459996
15484 0.314212 0.184892 0.500896
15486 0.344712 0.189003 0.466285
1649 0.197334 0.481294 0.321371
16032 0.867894 0.030150 0.101956
1668 0.041478 0.516427 0.442095
1625 0.827818 0.048468 0.123714
16028 0.153385 0.176866 0.669749
16029 0.587061 0.133968 0.278971
16032 0.342851 0.083639 0.573510
1631 0.798090 0.058908 0.143002
16029 0.137443 0.226487 0.636070
1619 0.349021 0.188302 0.462678
16048 0.089314 0.518524 0.392162
1591 0.025209 0.452913 0.521877
1758 0.535661 0.220649 0.243690
16038 0.560910 0.201862 0.237228
16050 0.459158 0.505148 0.035694
16040 0.608460 0.096976 0.294565
16052 0.350756 0.443265 0.205979
16054 0.391322 0.455499 0.153179
16042 0.212973 0.319498 0.467529
16056 0.247681 0.520754 0.231566
16045 0.361991 0.261715 0.376294
16058 0.155572 0.571239 0.273188
16074 0.293070 0.209940 0.496989
16072 0.318156 0.523299 0.158546
16104 0.030167 0.174429 0.795403
1772 0.528845 0.080238 0.390917
16108 0.687873 0.213620 0.098507
1802 0.646556 0.292467 0.060978
16110 0.285316 0.291110 0.423574
16068 0.428050 0.221557 0.350393
1599 0.613001 0.318634 0.068365
16070 0.872947 0.097754 0.029299
1601 0.593317 0.110049 0.296633
16046 0.057633 0.100366 0.842001
16118 0.610682 0.338372 0.050945
16120 0.600352 0.185055 0.214593
16020 0.111124 0.309568 0.579308
16122 0.573357 0.067468 0.359175
16022 0.076113 0.608399 0.315488
1666 0.011115 0.452265 0.536619
16024 0.125260 0.805077 0.069662
1022 0.416153 0.148640 0.435207
15508 0.303076 0.107849 0.589075
15519 0.164979 0.627600 0.207421
15518 0.062581 0.366381 0.571037
1116 0.667975 0.314205 0.017820
15512 0.475490 0.024416 0.500095
15522 0.207899 0.158642 0.633459
15537 0.075884 0.587278 0.336838
15563 0.025634 0.150032 0.824334
15559 0.122131 0.124608 0.753261
1099 0.594379 0.368639 0.036982
1069 0.075843 0.574051 0.350106
1040 0.014622 0.207634 0.777744
1048 0.138423 0.592482 0.269095
15503 0.429344 0.108083 0.462573
1044 0.138297 0.311617 0.550086
1672 0.371424 0.473613 0.154963
16101 0.187330 0.759451 0.053219
15507 0.366368 0.134484 0.499147
1659 0.104993 0.809242 0.085765
1358 0.500652 0.340731 0.158617
15848 0.587333 0.001155 0.411511
1363 0.281475 0.396063 0.322462
1366 0.281626 0.150728 0.567646
1369 0.686403 0.146089 0.167509
1370 0.539418 0.165355 0.295227
15821 0.429965 0.396552 0.173483
15820 0.470532 0.257147 0.272321
1392 0.475204 0.032513 0.492283
15796 0.612024 0.357144 0.030832
1398 0.384804 0.373416 0.241780
1402 0.178253 0.734057 0.087690
1404 0.896950 0.099067 0.003984
1380 0.057936 0.282204 0.659859
1354 0.185027 0.393237 0.421736
1356 0.564932 0.236248 0.198820
1474 0.311990 0.118304 0.569706
15929 0.464811 0.508529 0.026659
15961 0.262866 0.405351 0.331783
1479 0.111950 0.223767 0.664283
15991 0.326776 0.088918 0.584306
15996 0.282664 0.537675 0.179660
15918 0.330755 0.422736 0.246508
1509 0.778020 0.114426 0.107554
15911 0.761921 0.202358 0.035721
1514 0.000000 0.223545 0.776455
15917 0.123263 0.209412 0.667324
15931 0.084840 0.156638 0.758522
1506 0.189311 0.030338 0.780352
1478 0.423746 0.189581 0.386673
15925 0.373753 0.479927 0.146320
15927 0.443785 0.329926 0.226289
14769 0.101551 0.869963 0.028486
1834 0.148173 0.054175 0.797652
281 0.676557 0.122999 0.200444
14765 0.087807 0.153196 0.758997
14764 0.138093 0.089706 0.772201
251 0.143159 0.645127 0.211714
249 0.205070 0.436772 0.358157
248 0.275728 0.220527 0.503746
247 0.469384 0.216177 0.314440
246 0.421913 0.084167 0.493920
245 0.296857 0.541359 0.161784
244 0.145366 0.808094 0.046540
16276 0.255466 0.006317 0.738217
16451 0.148612 0.116555 0.734833
1576 0.212140 0.621952 0.165909
1576 0.255462 0.058304 0.686235
1542 0.215675 0.713675 0.070650
1540 0.087229 0.309672 0.603100
1538 0.010860 0.259429 0.729711
1536 0.005333 0.007689 0.986978
1532 0.368720 0.588666 0.042614
1528 0.572271 0.309860 0.117868
1526 0.044135 0.783138 0.172727
1534 0.777877 0.020819 0.201304
1534 0.022708 0.762668 0.214624
15845 0.431758 0.104544 0.463698
1383 1.000000 0.000000 0.000000
1383 0.264020 0.040085 0.695895
1463 0.232313 0.315086 0.452601
14455 0.030300 0.688102 0.281599
14456 0.531907 0.157312 0.310781
14574 0.269702 0.578784 0.151513
14557 0.313498 0.210117 0.476385
151 0.091537 0.608467 0.299996
14638 0.221051 0.007763 0.771186
165 0.010180 0.624478 0.365343
218 0.068259 0.384722 0.547018
450 0.620048 0.157416 0.222537
14590 0.629645 0.310104 0.060251
167 0.294827 0.251791 0.453382
199 0.295951 0.419066 0.284983
14655 0.153510 0.263982 0.582509
14654 0.166715 0.367123 0.466163
5900 0.816411 0.049713 0.133876
1206 0.059304 0.903170 0.037526
1204 0.064003 0.300361 0.635636
1207 0.443840 0.123859 0.432300
15581 0.124977 0.655860 0.219164
15651 0.250069 0.461917 0.288015
1213 0.357706 0.574797 0.067497
15577 0.256765 0.244053 0.499182
6020 0.628126 0.129501 0.242373
15669 0.298095 0.529077 0.172828
15668 0.475067 0.276180 0.248753
20312 0.555383 0.068953 0.375663
5899 0.448956 0.131184 0.419860
15590 0.445300 0.128210 0.426490
15588 0.004515 0.199936 0.795549
5894 0.080316 0.058132 0.861551
5918 0.585474 0.072187 0.342339
20321 0.192869 0.211156 0.595975
20320 0.008853 0.425815 0.565332
20533 0.428528 0.292460 0.279013
20535 0.378960 0.314710 0.306330
5867 0.325858 0.481364 0.192778
5913 0.787240 0.193071 0.019690
20498 0.081563 0.714762 0.203675
20360 0.215101 0.591287 0.193612
20425 0.506055 0.050510 0.443435
21621 0.009662 0.455020 0.535317
18142 0.210489 0.763139 0.026371
3625 0.699331 0.097351 0.203318
18144 0.426010 0.195335 0.378655
5554 0.364824 0.626270 0.008906
19872 0.187371 0.434760 0.377869
19880 0.687075 0.143557 0.169368
2640 0.106834 0.095445 0.797722
5457 0.795079 0.171635 0.033286
2487 0.351342 0.540526 0.108131
7198 0.036386 0.348260 0.615354
21656 0.090156 0.658585 0.251259
21653 0.066845 0.794036 0.139119
5455 0.492143 0.275787 0.232070
19878 0.215362 0.144625 0.640013
5443 0.037589 0.276823 0.685587
21620 0.327500 0.320836 0.351665
20250 0.001424 0.419060 0.579516
20515 0.361816 0.231712 0.406472
20521 0.326508 0.582639 0.090853
6032 0.459210 0.281340 0.259451
20527 0.161858 0.330554 0.507588
