3102 0.101505 0.250516 0.647979
21138 0.464905 0.385468 0.149627
3086 0.324952 0.013391 0.661657
24169 0.515003 0.344049 0.140949
3128 0.260136 0.064540 0.675324
21318 0.393906 0.041547 0.564547
18308 0.201907 0.110900 0.687194
21356 0.007447 0.984455 0.008098
3123 0.622558 0.254746 0.122695
11969 0.055522 0.600622 0.343857
192 0.212564 0.528953 0.258483
132 0.076396 0.672290 0.251314
17040 0.129463 0.443304 0.427233
13160 0.000000 0.798595 0.201405
11730 0.177584 0.000000 0.822416
351 0.258627 0.164055 0.577318
21325 0.193104 0.249465 0.557431
21323 0.829625 0.129476 0.040899
21364 0.604424 0.141152 0.254423
139 0.163049 0.494940 0.342010
13166 0.427237 0.429358 0.143405
21109 0.316285 0.018223 0.665492
21182 0.089849 0.281903 0.628248
24105 0.422641 0.207496 0.369864
350 0.056142 0.340166 0.603692
127 0.357850 0.066305 0.575845
302 0.355633 0.382391 0.261977
312 0.109800 0.877839 0.012361
24021 0.231550 0.503261 0.265190
23994 0.084930 0.157518 0.757552
10969 0.626351 0.363084 0.010566
17070 0.242613 0.406328 0.351059
42 0.171836 0.109127 0.719037
23984 0.225172 0.266108 0.508720
319 0.140848 0.620573 0.238578
23753 0.112733 0.418200 0.469067
18014 0.088138 0.673691 0.238171
20142 0.002288 0.122838 0.874874
12137 0.639647 0.202627 0.157726
19108 0.044064 0.286989 0.668946
20169 0.235347 0.016907 0.747746
18080 0.713014 0.136420 0.150566
19381 0.717044 0.107680 0.175276
232 0.333861 0.233531 0.432607
11617 0.279344 0.091643 0.629013
13828 0.758638 0.005642 0.235720
19957 0.513791 0.431972 0.054237
12105 0.170548 0.236330 0.593123
20120 0.887415 0.002535 0.110050
24118 0.307084 0.244186 0.448730
20282 0.221438 0.479976 0.298587
17233 0.866862 0.094548 0.038590
442 0.619778 0.288541 0.091680
21170 0.480679 0.517376 0.001945
837 0.086184 0.744582 0.169234
3251 0.224935 0.462383 0.312683
3257 0.425357 0.496393 0.078250
15982 0.342338 0.038924 0.618738
8796 0.092285 0.716013 0.191701
21257 0.846260 0.132981 0.020759
2803 0.277068 0.522649 0.200283
367 0.101210 0.151362 0.747428
21468 0.686020 0.227488 0.086492
2680 0.263453 0.510399 0.226148
2346 0.786376 0.061304 0.152320
10894 0.123584 0.681461 0.194954
11223 0.332777 0.092077 0.575147
15659 0.435466 0.052162 0.512372
12011 0.234487 0.250050 0.515463
8338 0.668279 0.312382 0.019339
19031 0.112492 0.227957 0.659551
23901 0.077574 0.507207 0.415218
12023 0.467599 0.209410 0.322990
12018 0.159963 0.175699 0.664337
12014 0.005938 0.370599 0.623464
20628 0.125380 0.006238 0.868381
19046 0.394633 0.134644 0.470723
2793 0.516792 0.207824 0.275385
17894 0.037411 0.541825 0.420765
14585 0.088976 0.363138 0.547886
16417 0.723522 0.052573 0.223904
11093 0.160540 0.550148 0.289313
20585 0.150016 0.083158 0.766826
15474 0.338401 0.442296 0.219304
20376 0.019802 0.600020 0.380178
18991 0.470684 0.099276 0.430040
8723 0.355352 0.368781 0.275867
16364 0.674216 0.199436 0.126348
20426 0.587463 0.033288 0.379250
20460 0.261204 0.235616 0.503180
19220 0.073078 0.248856 0.678067
1470 0.429835 0.288036 0.282129
1323 0.468074 0.425542 0.106383
1320 0.915050 0.082352 0.002598
21383 0.248841 0.322511 0.428648
19024 0.098357 0.597148 0.304495
19206 0.463408 0.365000 0.171592
7667 0.314406 0.187503 0.498090
21494 0.168368 0.018065 0.813566
12765 0.808323 0.041462 0.150215
8386 0.629518 0.239351 0.131131
20456 0.533425 0.426855 0.039719
11087 0.247595 0.384859 0.367546
10785 0.143162 0.604893 0.251945
2927 0.032926 0.105473 0.861601
610 0.289605 0.511118 0.199277
1492 0.462978 0.370412 0.166611
11881 0.001148 0.080271 0.918581
8856 0.266932 0.715430 0.017638
11325 0.230771 0.769229 0.000000
1465 0.265909 0.546284 0.187807
1443 1.000000 0.000000 0.000000
23840 0.252561 0.256347 0.491092
11927 0.076712 0.422312 0.500976
21534 0.416539 0.191721 0.391740
14049 0.497787 0.143865 0.358348
17884 0.221381 0.063294 0.715325
8735 0.886311 0.059591 0.054098
20440 0.203803 0.270742 0.525455
10776 0.238918 0.238985 0.522097
2924 0.090302 0.639061 0.270637
24107 0.319701 0.271488 0.408811
60 0.079803 0.276737 0.643461
11622 0.678007 0.016884 0.305110
15358 0.882649 0.034230 0.083121
304 0.128090 0.255107 0.616803
20482 0.825715 0.173217 0.001068
4 0.354496 0.553971 0.091533
20166 0.030252 0.021883 0.947865
19722 0.405559 0.485882 0.108558
150 0.361890 0.208890 0.429219
21429 0.220043 0.738525 0.041432
12349 0.574399 0.180413 0.245188
13829 0.660849 0.254070 0.085081
611 0.509168 0.129517 0.361315
13146 0.548317 0.354359 0.097323
18651 0.101039 0.052179 0.846783
16108 0.027597 0.750455 0.221948
16027 0.507568 0.030997 0.461435
20909 0.088160 0.325067 0.586773
13523 0.126554 0.764113 0.109333
16077 0.125580 0.667840 0.206579
16036 0.049796 0.916299 0.033905
18623 0.190179 0.712649 0.097172
16053 0.229732 0.614348 0.155920
18481 0.093696 0.107771 0.798533
16018 0.085452 0.662428 0.252120
1914 0.229583 0.036929 0.733488
21216 0.130349 0.753192 0.116459
13589 0.261693 0.390706 0.347601
21214 0.056831 0.884649 0.058520
13595 0.121135 0.442182 0.436683
16091 0.642199 0.234930 0.122871
13470 0.057842 0.839129 0.103029
13450 0.397541 0.087971 0.514488
16038 0.490427 0.470482 0.039091
13464 0.518685 0.041666 0.439649
16010 0.349254 0.120898 0.529848
21205 0.163806 0.681036 0.155158
21212 0.228169 0.754206 0.017625
16109 0.642685 0.166635 0.190680
16093 0.500521 0.355808 0.143671
15778 0.493895 0.391907 0.114198
16059 0.092123 0.124814 0.783063
13463 0.003315 0.381568 0.615117
16007 0.075064 0.519847 0.405089
21206 0.055097 0.637909 0.306994
21211 0.427633 0.448489 0.123878
16119 0.190148 0.672268 0.137584
14915 0.583154 0.116337 0.300508
8040 0.080943 0.146711 0.772347
8111 0.216054 0.110102 0.673844
8115 0.194073 0.076183 0.729744
17548 0.309362 0.294472 0.396166
17700 0.070607 0.309439 0.619955
8066 0.020325 0.285865 0.693810
14921 0.190959 0.356205 0.452836
13189 0.194278 0.029719 0.776003
14910 0.303794 0.084606 0.611601
14908 0.323050 0.336125 0.340825
12713 0.078853 0.183210 0.737937
12712 0.115824 0.586545 0.297631
12632 0.028816 0.156674 0.814510
12854 0.103847 0.142861 0.753292
14771 0.428237 0.258830 0.312933
15001 0.146249 0.404255 0.449496
14804 0.209147 0.665049 0.125803
15109 0.438470 0.485878 0.075652
13315 0.502053 0.000000 0.497947
17280 0.639340 0.039203 0.321458
13322 0.475190 0.188493 0.336317
17266 0.193555 0.600473 0.205972
2955 0.517692 0.311008 0.171300
19685 0.826020 0.169489 0.004491
11634 0.184706 0.585348 0.229946
730 0.316264 0.206622 0.477114
23695 0.503970 0.076479 0.419552
11253 0.147100 0.785376 0.067524
11256 0.585778 0.000000 0.414222
12284 0.338380 0.650015 0.011606
12232 0.205225 0.541931 0.252844
2555 0.771315 0.097613 0.131072
12254 0.578259 0.413659 0.008083
1859 0.362928 0.330808 0.306264
19844 0.097976 0.107407 0.794618
19857 0.306610 0.398915 0.294476
19865 0.023797 0.406878 0.569325
19742 0.188289 0.071398 0.740313
19818 0.667352 0.064619 0.268029
2112 0.390184 0.237627 0.372188
19842 0.390309 0.392346 0.217345
12251 0.171060 0.399898 0.429043
12219 0.842830 0.123866 0.033303
12182 0.471807 0.477839 0.050354
12199 0.075331 0.128960 0.795709
19753 0.145653 0.457665 0.396683
12267 0.418898 0.014379 0.566723
18796 0.313370 0.503063 0.183566
20950 0.592432 0.277382 0.130185
12241 0.054077 0.012577 0.933346
19764 0.687574 0.097784 0.214642
12182 0.000000 0.906172 0.093828
12188 0.077344 0.558523 0.364133
8752 0.310393 0.258187 0.431421
20886 0.011411 0.172839 0.815750
1746 0.021449 0.788364 0.190187
18813 0.133528 0.140038 0.726434
18452 0.522906 0.444332 0.032762
2120 0.286549 0.577933 0.135518
17495 0.544610 0.039330 0.416060
20678 0.238870 0.016937 0.744192
8769 0.596817 0.361173 0.042011
1780 0.154350 0.470795 0.374856
697 0.633140 0.228793 0.138066
2351 0.075183 0.562560 0.362257
18821 0.021113 0.659575 0.319312
1750 0.305692 0.268088 0.426220
17559 0.595253 0.362752 0.041995
635 0.016669 0.425278 0.558053
1982 0.431565 0.440354 0.128081
23329 0.252062 0.517056 0.230882
23500 0.002491 0.415012 0.582497
167 0.281162 0.606628 0.112210
15517 0.466165 0.396935 0.136900
11395 0.146006 0.589985 0.264009
23673 0.530015 0.066499 0.403487
856 0.164660 0.439177 0.396163
18536 0.109582 0.764546 0.125872
2415 0.124365 0.415242 0.460393
23523 0.069256 0.786341 0.144402
20503 0.452329 0.088977 0.458694
123 0.230875 0.531330 0.237795
14799 0.587741 0.218626 0.193633
14985 0.143913 0.481994 0.374093
12960 0.168878 0.099352 0.731771
12634 0.350522 0.092634 0.556844
14769 0.566397 0.038722 0.394881
14815 0.210724 0.047717 0.741559
14975 0.370540 0.042325 0.587134
13287 0.066627 0.867284 0.066090
13206 0.029297 0.399782 0.570922
12592 0.732516 0.060970 0.206514
12539 0.315708 0.268555 0.415737
13062 0.288449 0.201280 0.510270
12572 1.000000 0.000000 0.000000
12705 0.214716 0.448992 0.336292
15147 0.591064 0.090338 0.318598
12589 0.538685 0.338517 0.122798
14873 0.437908 0.207362 0.354730
14983 0.491359 0.312891 0.195751
15126 0.272374 0.030161 0.697465
12966 0.631458 0.309135 0.059406
17465 0.219909 0.003180 0.776911
13068 0.267821 0.447936 0.284243
15100 0.410734 0.334659 0.254607
13270 0.231974 0.445172 0.322854
12718 0.466147 0.331995 0.201858
14858 0.270648 0.167454 0.561898
15159 0.273469 0.523754 0.202777
2272 0.257582 0.457353 0.285065
2281 0.000000 0.472225 0.527775
10945 0.422676 0.287482 0.289842
21067 0.544014 0.454389 0.001597
20998 0.165897 0.140963 0.693140
2267 0.015461 0.706599 0.277940
2541 0.231249 0.765402 0.003349
2549 0.087176 0.757036 0.155788
2246 0.534170 0.056802 0.409029
20712 0.156620 0.720380 0.123000
12915 0.116472 0.008771 0.874757
21043 0.035484 0.059968 0.904547
2178 0.519422 0.037080 0.443499
20938 0.213657 0.447806 0.338536
2440 0.105863 0.244561 0.649576
2179 0.161432 0.638014 0.200553
19888 0.444463 0.450158 0.105379
2561 1.000000 0.000000 0.000000
21017 0.070531 0.076776 0.852693
10951 0.926148 0.042184 0.031668
2210 0.763675 0.156245 0.080080
2196 0.065325 0.723632 0.211043
2492 0.174004 0.526035 0.299961
12867 0.060238 0.682132 0.257630
20710 0.698197 0.089247 0.212556
15073 0.402095 0.228985 0.368921
18564 0.034378 0.898732 0.066890
2440 0.297788 0.420301 0.281911
20703 0.554510 0.102375 0.343115
1868 0.122083 0.292313 0.585604
20309 0.174626 0.007991 0.817382
15011 0.274529 0.544513 0.180958
20963 0.136716 0.482321 0.380964
12849 0.424064 0.152346 0.423590
20310 0.487832 0.090892 0.421277
20933 0.146156 0.247000 0.606844
2482 0.085656 0.275916 0.638428
1866 0.123858 0.346496 0.529646
2423 0.235294 0.622762 0.141944
15080 0.498410 0.191022 0.310568
20561 0.484397 0.280321 0.235281
12785 0.881655 0.074734 0.043611
20944 0.475642 0.156655 0.367703
18415 0.518295 0.056911 0.424793
20869 0.044016 0.377326 0.578659
18587 0.079305 0.182456 0.738238
2478 0.447661 0.216783 0.335556
14654 0.151215 0.616331 0.232455
10918 0.190470 0.805126 0.004404
19543 0.313965 0.065340 0.620695
15619 0.241977 0.430339 0.327684
539 0.261984 0.730829 0.007186
564 0.156401 0.342160 0.501439
11547 1.000000 0.000000 0.000000
8441 0.270189 0.024507 0.705304
19553 0.565409 0.132745 0.301846
20253 0.690067 0.053266 0.256668
8273 0.473778 0.491269 0.034953
17156 0.784886 0.147891 0.067223
8281 0.212514 0.625624 0.161862
18044 0.834065 0.053676 0.112259
8267 0.253613 0.315284 0.431103
18871 0.252945 0.000000 0.747055
18092 0.038657 0.457897 0.503446
2834 0.032231 0.280570 0.687199
8362 0.561404 0.000000 0.438596
18053 0.533968 0.238072 0.227961
8285 0.352757 0.647243 0.000000
8291 0.075516 0.437401 0.487083
512 0.545817 0.184361 0.269823
19015 0.161313 0.774709 0.063978
11535 0.074404 0.808390 0.117206
20194 0.353737 0.122392 0.523871
17166 0.010754 0.696564 0.292682
1971 0.144445 0.796006 0.059549
19284 0.087615 0.810855 0.101530
17740 0.440534 0.366301 0.193164
8292 0.651823 0.163974 0.184203
19514 0.411414 0.356656 0.231930
18129 0.052525 0.577480 0.369995
19594 0.639367 0.107186 0.253447
2032 0.327232 0.202324 0.470444
17766 0.055943 0.903066 0.040991
3068 0.146305 0.427852 0.425843
3140 0.028270 0.969059 0.002671
15453 1.000000 0.000000 0.000000
3047 0.291540 0.095186 0.613274
3034 0.576255 0.239405 0.184339
19608 0.177639 0.196894 0.625466
20263 0.288943 0.029966 0.681090
19328 0.650033 0.290014 0.059953
19295 0.416178 0.200335 0.383487
21347 0.454739 0.291781 0.253479
3032 0.378819 0.498516 0.122665
8410 0.367563 0.398017 0.234421
17721 0.189295 0.190398 0.620307
17784 0.060732 0.458783 0.480485
19098 0.254613 0.093182 0.652205
748 0.210269 0.321935 0.467796
19094 0.191878 0.172066 0.636056
16396 0.004245 0.657207 0.338549
8807 0.081541 0.673010 0.245449
19228 0.231324 0.282532 0.486144
20070 0.387319 0.594526 0.018155
12447 0.224188 0.370972 0.404840
776 0.542179 0.335752 0.122069
19280 0.066445 0.839805 0.093750
2876 0.000000 0.252135 0.747865
2876 0.000000 0.523596 0.476404
19246 0.705071 0.143209 0.151720
3422 0.745655 0.173697 0.080649
19236 0.595416 0.348023 0.056562
3445 0.171570 0.720823 0.107607
467 0.367427 0.474494 0.158079
3456 0.582373 0.402779 0.014848
11392 0.561872 0.354939 0.083189
11140 0.285936 0.144352 0.569711
10549 0.127551 0.492072 0.380377
12452 0.248165 0.739473 0.012361
596 0.414630 0.166426 0.418944
20791 0.456496 0.002374 0.541130
11331 0.150789 0.299083 0.550128
603 0.224224 0.316994 0.458782
600 0.552489 0.056568 0.390943
19415 0.807524 0.116976 0.075501
15217 0.093791 0.791293 0.114916
11288 0.103747 0.026297 0.869956
3375 0.067065 0.174259 0.758676
11338 1.000000 0.000000 0.000000
11354 0.489951 0.176891 0.333158
3405 0.106223 0.324961 0.568816
3399 0.038576 0.249077 0.712347
19420 0.280696 0.409450 0.309854
19402 0.857341 0.092010 0.050649
19471 0.698839 0.242020 0.059142
19464 0.189911 0.275108 0.534981
13991 0.512806 0.016584 0.470611
13990 0.423255 0.435561 0.141184
13975 0.354221 0.392273 0.253507
19459 0.595259 0.156687 0.248054
13111 0.381799 0.121743 0.496458
19353 0.013593 0.010385 0.976023
25417 0.407145 0.056738 0.536117
3263 0.056446 0.815687 0.127868
11739 0.651954 0.270968 0.077078
28269 0.312649 0.222500 0.464851
16569 0.043405 0.850162 0.106432
25500 0.508790 0.098679 0.392531
7535 0.012848 0.529629 0.457523
25467 0.220071 0.159335 0.620594
1692 0.030537 0.681196 0.288268
10331 0.157745 0.419757 0.422498
27906 0.120378 0.692900 0.186722
25432 0.002979 0.102500 0.894521
27904 0.068070 0.489975 0.441955
25425 0.000000 0.285128 0.714872
7141 0.707074 0.195295 0.097632
16925 0.120525 0.345941 0.533534
24238 0.187449 0.633601 0.178950
4919 0.133080 0.273793 0.593128
21139 0.011648 0.597134 0.391217
904 0.061060 0.023930 0.915010
907 0.584399 0.288042 0.127559
7533 0.601129 0.393903 0.004968
27913 0.117487 0.164130 0.718383
27909 0.301741 0.698259 0.000000
1550 0.823654 0.053824 0.122523
17004 0.208343 0.364567 0.427091
5063 0.464678 0.385644 0.149678
15509 0.568723 0.084411 0.346866
22704 0.624257 0.153343 0.222400
968 0.354087 0.347978 0.297934
1047 0.071519 0.533513 0.394969
16271 0.715475 0.148124 0.136401
7348 0.655712 0.000000 0.344288
7218 0.167864 0.832136 0.000000
7733 0.499148 0.000000 0.500852
24218 0.410631 0.368679 0.220689
7507 0.014366 0.985634 0.000000
24075 0.350660 0.264946 0.384394
16819 0.142979 0.752867 0.104154
16882 0.303139 0.145949 0.550912
7556 0.018078 0.398157 0.583765
16809 0.239285 0.498195 0.262519
16797 0.088944 0.897318 0.013738
27295 0.320423 0.363926 0.315651
4894 0.222765 0.398056 0.379179
10295 0.169577 0.369547 0.460876
7502 0.400140 0.474375 0.125485
7192 0.022178 0.466934 0.510888
7184 0.686734 0.265893 0.047372
7492 0.445319 0.281685 0.272996
5465 0.160273 0.685196 0.154531
5479 0.021954 0.870994 0.107052
16700 0.356133 0.489835 0.154032
24405 0.441011 0.007451 0.551538
10303 0.280226 0.614278 0.105495
7179 0.503095 0.000000 0.496905
1138 0.414754 0.177607 0.407639
1176 0.259402 0.657311 0.083287
1172 0.312252 0.340203 0.347545
9245 0.247816 0.322830 0.429354
8009 0.228050 0.596215 0.175735
9250 0.215315 0.373204 0.411481
26296 0.337817 0.372202 0.289981
7155 0.286160 0.589388 0.124452
2876 0.000000 1.000000 0.000000
2876 0.000000 0.854270 0.145730
2876 0.000000 0.681164 0.318836
2876 0.000000 0.984342 0.015658
7151 0.267587 0.064401 0.668012
7567 0.212645 0.592684 0.194671
24007 0.124388 0.700302 0.175309
16905 0.773152 0.046318 0.180531
1043 0.017080 0.799177 0.183743
7382 0.297531 0.485975 0.216494
995 0.332634 0.012459 0.654907
16773 0.230137 0.207184 0.562679
22847 0.803226 0.129363 0.067410
16855 0.535003 0.212358 0.252639
382 0.416095 0.524687 0.059218
11661 0.074949 0.706274 0.218777
28518 0.351545 0.055884 0.592570
9843 0.413595 0.532892 0.053513
1058 0.370561 0.100921 0.528519
7985 0.541593 0.107940 0.350467
16275 0.162706 0.433757 0.403536
10314 0.407027 0.502886 0.090087
7105 0.254301 0.424384 0.321315
25442 0.764964 0.169910 0.065127
23169 0.062828 0.753468 0.183703
23173 0.176601 0.617808 0.205591
23180 0.388311 0.360215 0.251474
4803 0.365017 0.252602 0.382381
950 0.303033 0.072026 0.624941
28451 0.143992 0.676640 0.179368
26309 0.280991 0.635791 0.083218
12117 0.433831 0.401839 0.164330
27074 0.198617 0.512941 0.288442
27237 0.461714 0.416374 0.121912
5890 0.006971 0.853938 0.139091
16314 0.935614 0.024581 0.039805
27393 0.225195 0.566783 0.208022
5510 0.290104 0.151036 0.558860
24332 0.008168 0.699931 0.291900
7656 0.418804 0.006868 0.574328
26807 0.386724 0.019805 0.593471
16791 0.628665 0.294283 0.077052
9404 0.266444 0.680564 0.052992
21925 0.365243 0.256923 0.377834
5529 0.669834 0.154272 0.175894
6797 0.524504 0.030468 0.445027
5616 0.141042 0.805448 0.053510
27887 0.156663 0.153386 0.689951
5502 0.204625 0.208851 0.586524
24358 0.341146 0.485595 0.173259
7720 0.095544 0.448121 0.456335
8565 0.254708 0.606938 0.138354
26481 0.037903 0.799936 0.162161
27969 0.358395 0.388311 0.253294
22862 0.128336 0.538226 0.333439
27929 0.005233 0.988432 0.006335
27721 0.583705 0.114472 0.301823
6055 0.364058 0.278038 0.357904
7683 0.052062 0.616994 0.330945
28567 0.131344 0.688752 0.179904
28545 0.415704 0.338717 0.245579
1562 0.283292 0.627892 0.088816
28611 0.258866 0.619456 0.121678
4317 1.000000 0.000000 0.000000
4144 0.224801 0.299531 0.475668
5194 0.210901 0.343154 0.445945
25062 0.216704 0.284489 0.498807
6017 0.656948 0.244502 0.098550
23637 0.073835 0.593906 0.332258
6010 0.467709 0.334171 0.198120
27552 0.217106 0.628381 0.154512
5769 0.173946 0.208910 0.617144
6061 0.430660 0.326124 0.243216
27685 0.656118 0.147061 0.196821
26010 0.243443 0.511300 0.245257
7683 0.004619 0.323796 0.671585
26015 0.298172 0.074291 0.627537
9982 0.000000 0.235420 0.764580
6544 0.488259 0.333067 0.178674
6508 0.296182 0.701228 0.002591
27479 0.616082 0.093826 0.290092
5153 0.401118 0.206946 0.391936
7016 0.311097 0.668674 0.020229
6465 0.121841 0.699886 0.178273
23587 0.311394 0.381506 0.307101
4818 0.313601 0.479269 0.207130
4697 0.625750 0.349332 0.024918
23551 0.031381 0.845714 0.122905
6032 0.815413 0.015661 0.168926
27705 0.036999 0.628115 0.334886
6023 0.738514 0.137352 0.124134
5560 0.699663 0.297913 0.002424
26368 0.331731 0.075532 0.592737
5563 0.766134 0.118097 0.115769
26359 0.521881 0.228655 0.249464
1477 0.893429 0.006060 0.100511
8658 0.000000 0.370373 0.629627
16489 0.485438 0.503375 0.011188
8510 0.629255 0.225938 0.144806
23654 0.024340 0.494546 0.481114
16301 0.124341 0.295721 0.579938
7687 0.161945 0.427539 0.410517
7660 0.481953 0.194101 0.323946
604 0.418610 0.113598 0.467792
26159 0.415051 0.365388 0.219560
27092 0.037652 0.884547 0.077802
8670 0.329566 0.234982 0.435452
1668 0.477192 0.039017 0.483790
22462 0.222431 0.627760 0.149808
1092 0.169975 0.593147 0.236879
7622 0.381774 0.397406 0.220820
7679 0.526896 0.081810 0.391294
27960 0.887135 0.038340 0.074525
22436 0.362557 0.056094 0.581348
6685 0.000000 0.176486 0.823514
8624 0.875643 0.033844 0.090513
16148 0.060465 0.787252 0.152283
10142 0.261967 0.154102 0.583932
27780 0.289558 0.321632 0.388809
1370 0.354104 0.553482 0.092414
10195 0.663442 0.305213 0.031346
26634 0.084138 0.018697 0.897165
973 0.434784 0.503505 0.061712
23162 0.191733 0.574802 0.233465
6959 0.770951 0.191495 0.037554
24858 0.361263 0.498128 0.140609
8933 0.327975 0.558077 0.113948
25882 0.187240 0.697710 0.115050
25846 0.266498 0.177187 0.556315
23261 0.000179 0.962313 0.037508
9171 0.277087 0.667640 0.055273
6356 0.349719 0.494703 0.155578
25841 0.495936 0.456373 0.047691
6354 0.435401 0.426493 0.138106
25898 0.238492 0.558007 0.203501
23242 1.000000 0.000000 0.000000
9540 0.041059 0.644063 0.314878
22972 0.000000 0.210687 0.789313
24840 0.025744 0.430477 0.543779
25591 0.348069 0.464471 0.187460
9810 0.459627 0.352416 0.187957
4522 0.164546 0.463548 0.371907
944 0.103492 0.144708 0.751800
22934 0.446133 0.306358 0.247509
6355 0.827479 0.172521 0.000000
23226 1.000000 0.000000 0.000000
6389 0.739107 0.215798 0.045095
25835 0.274033 0.499139 0.226827
6970 0.163285 0.491139 0.345576
6369 0.310249 0.432339 0.257412
6427 0.402289 0.013664 0.584046
23059 0.278142 0.322189 0.399669
25813 0.079398 0.773516 0.147086
25888 0.370289 0.085550 0.544161
28443 1.000000 0.000000 0.000000
23255 0.076321 0.717827 0.205852
28387 0.068140 0.841061 0.090799
4616 0.326282 0.544764 0.128954
1198 0.189269 0.167973 0.642759
28400 0.606717 0.366702 0.026580
1186 0.126931 0.708443 0.164627
1252 0.134588 0.116900 0.748512
1250 0.289369 0.568804 0.141827
1287 0.405457 0.361972 0.232571
3881 0.517398 0.167793 0.314809
3873 0.544455 0.332375 0.123170
3915 0.120855 0.634129 0.245015
3949 0.904356 0.056484 0.039160
22020 0.048895 0.620024 0.331081
22032 0.539304 0.137741 0.322955
24715 0.385276 0.413949 0.200775
4208 0.268396 0.500995 0.230609
4565 0.000000 0.755088 0.244912
22390 0.484110 0.147792 0.368098
24679 0.523333 0.174694 0.301973
3649 0.699442 0.289224 0.011334
3838 0.301794 0.457335 0.240871
24607 0.689280 0.162663 0.148058
24500 0.053350 0.479722 0.466928
24519 0.070276 0.185579 0.744145
10165 0.051830 0.080784 0.867385
10175 0.231980 0.348586 0.419434
28486 0.405239 0.342553 0.252208
965 0.027094 0.301542 0.671364
966 0.792950 0.009528 0.197522
16783 0.281231 0.343512 0.375257
6113 0.622376 0.127613 0.250010
27004 0.307708 0.433457 0.258835
5801 0.537923 0.406706 0.055371
26936 0.023132 0.225482 0.751386
5991 0.165846 0.588307 0.245848
9729 0.184487 0.660792 0.154721
26896 0.639251 0.291498 0.069251
25609 0.128839 0.215238 0.655923
5780 0.286095 0.708843 0.005062
9130 0.058889 0.064350 0.876760
9651 0.337313 0.094011 0.568676
26904 0.552846 0.418339 0.028816
22665 0.094444 0.728080 0.177476
5812 0.353680 0.276540 0.369780
22753 0.191909 0.538909 0.269182
5806 0.113440 0.600776 0.285784
9778 0.824955 0.103367 0.071678
25766 0.183966 0.660585 0.155449
28089 0.611041 0.306179 0.082780
5950 0.590159 0.148146 0.261695
26890 0.026613 0.490011 0.483376
26859 0.133229 0.728505 0.138266
24760 0.668615 0.002718 0.328667
28117 0.607001 0.392923 0.000076
9776 0.135868 0.235008 0.629123
25758 0.310425 0.527675 0.161900
28071 0.027874 0.470399 0.501726
25525 0.598477 0.129176 0.272347
26889 0.167874 0.442996 0.389130
25793 0.323298 0.300255 0.376447
24754 0.181983 0.049978 0.768039
24759 0.087332 0.594297 0.318371
25231 0.089021 0.485546 0.425433
9412 0.570049 0.383703 0.046248
9265 0.258571 0.034846 0.706583
9025 0.699527 0.002810 0.297663
4461 0.601860 0.166562 0.231578
24689 0.169920 0.542630 0.287449
24767 0.092608 0.732130 0.175262
4530 0.293959 0.390774 0.315267
9193 0.837206 0.021888 0.140906
28127 0.456956 0.177110 0.365934
25789 0.199364 0.747524 0.053111
9013 0.134160 0.024405 0.841435
4470 0.432377 0.057238 0.510386
24683 0.622796 0.227027 0.150177
9907 0.244472 0.204648 0.550880
9160 1.000000 0.000000 0.000000
16587 0.533781 0.060103 0.406116
16674 0.063702 0.701728 0.234570
16911 0.256345 0.307405 0.436250
22723 0.583144 0.009508 0.407348
5668 0.105691 0.305697 0.588612
27635 0.160859 0.187958 0.651183
26836 0.649669 0.118717 0.231614
9157 0.729987 0.257739 0.012275
7148 0.435492 0.184917 0.379591
5925 0.576890 0.129856 0.293255
15393 0.351158 0.091371 0.557472
26764 0.583457 0.076444 0.340100
20478 0.046293 0.352157 0.601549
26816 0.846423 0.097974 0.055604
3624 0.023010 0.847795 0.129195
22107 0.042371 0.764410 0.193219
3627 0.710653 0.261767 0.027580
3530 0.114036 0.093247 0.792717
22134 0.285385 0.349812 0.364803
22166 0.725442 0.002410 0.272148
3601 0.450392 0.235200 0.314408
3590 0.613318 0.363609 0.023073
22125 0.263109 0.338736 0.398154
22408 0.231517 0.659380 0.109103
22316 0.448950 0.454405 0.096645
4996 0.432957 0.318067 0.248976
3901 0.008191 0.068243 0.923566
3825 0.516672 0.364365 0.118963
3723 0.021760 0.142259 0.835982
4295 0.790179 0.179325 0.030496
22331 0.640280 0.227764 0.131956
21989 0.243123 0.101136 0.655741
22350 0.108896 0.502213 0.388891
5014 0.614732 0.385268 0.000000
24437 0.174087 0.042837 0.783076
24637 0.409549 0.418237 0.172214
3658 0.030987 0.809566 0.159447
4217 0.092013 0.169390 0.738597
3713 0.258269 0.429616 0.312115
22009 0.108696 0.119094 0.772211
22403 0.328710 0.556900 0.114390
6124 0.299353 0.044345 0.656302
26969 0.432321 0.360979 0.206700
28031 0.067400 0.685118 0.247482
9449 0.269383 0.667457 0.063160
28015 0.212401 0.059658 0.727941
28210 0.125262 0.700319 0.174419
27997 0.859513 0.090899 0.049589
9716 0.570789 0.328582 0.100629
9710 0.419477 0.389366 0.191156
9452 0.329325 0.589693 0.080982
9731 0.366924 0.346595 0.286481
28052 0.018083 0.527430 0.454487
22733 0.089534 0.515025 0.395441
28245 0.380284 0.292761 0.326955
5726 0.356812 0.207127 0.436061
28233 0.044092 0.447439 0.508470
28216 0.113934 0.773619 0.112447
9425 0.864311 0.027085 0.108604
28206 0.072751 0.144956 0.782293
22243 0.358703 0.109769 0.531528
9454 0.171835 0.564409 0.263756
4366 0.506163 0.333613 0.160224
9610 0.237920 0.051345 0.710734
25661 0.320772 0.613230 0.065998
28149 0.105652 0.620172 0.274177
25577 0.604265 0.350443 0.045292
25699 0.213946 0.599000 0.187054
4245 0.071537 0.343142 0.585321
28082 0.011655 0.835826 0.152518
4370 0.551889 0.270961 0.177150
25639 0.160568 0.429032 0.410401
25571 0.209711 0.187299 0.602989
9063 0.072803 0.559509 0.367688
9039 0.088006 0.128103 0.783891
25739 1.000000 0.000000 0.000000
4380 0.000000 0.058646 0.941354
27672 0.235747 0.107239 0.657014
4332 0.244066 0.565016 0.190918
9600 0.023657 0.114517 0.861826
9124 0.000000 0.497396 0.502604
28116 0.111845 0.811414 0.076741
9056 0.686192 0.178413 0.135395
25561 0.033788 0.754628 0.211584
5350 0.088460 0.593862 0.317677
26714 0.234337 0.353627 0.412036
5629 0.056483 0.471199 0.472317
4103 0.606437 0.291393 0.102169
10225 0.312023 0.149729 0.538248
7769 1.000000 0.000000 0.000000
10606 1.000000 0.000000 0.000000
5651 0.686514 0.225489 0.087997
22727 0.570336 0.298317 0.131346
5139 0.394478 0.076635 0.528887
24946 0.870896 0.061622 0.067481
5220 0.495467 0.361643 0.142890
24956 0.000000 0.702259 0.297741
24339 0.469252 0.322917 0.207832
9209 0.000000 0.183749 0.816251
25029 0.199517 0.164764 0.635719
10408 1.000000 0.000000 0.000000
25250 0.396946 0.120720 0.482334
7775 0.457681 0.212310 0.330010
24898 0.195750 0.671783 0.132467
24916 0.024428 0.102238 0.873335
5302 0.000000 0.542665 0.457335
26702 0.294063 0.662371 0.043567
25987 0.036054 0.821132 0.142814
22833 0.385214 0.241662 0.373124
5634 0.746635 0.173375 0.079989
24967 0.133951 0.606788 0.259261
9211 0.136199 0.111806 0.751995
25338 0.417176 0.233456 0.349368
5148 0.592730 0.179665 0.227605
24958 0.255873 0.300681 0.443446
9213 0.021331 0.033209 0.945460
25193 0.889561 0.013883 0.096557
10082 0.795547 0.042773 0.161680
25041 0.414217 0.475791 0.109991
24882 0.509389 0.356050 0.134561
10076 0.272084 0.488262 0.239655
10087 0.513351 0.071191 0.415458
25036 0.592058 0.080532 0.327410
10221 0.471227 0.204040 0.324733
22693 0.000000 0.762446 0.237554
5554 0.246687 0.350264 0.403048
21952 0.147103 0.293694 0.559202
9816 0.000000 0.507546 0.492454
26028 0.407970 0.000000 0.592030
25345 0.294797 0.378892 0.326311
22696 0.360246 0.185815 0.453939
27308 0.403770 0.453077 0.143153
5146 0.686559 0.311037 0.002404
10612 0.614494 0.331285 0.054222
8014 0.683269 0.099645 0.217086
19280 0.136687 0.284953 0.578359
2850 0.389364 0.136279 0.474357
6773 0.766591 0.122929 0.110480
7960 0.440399 0.105252 0.454349
4661 0.333868 0.437076 0.229055
23710 0.015778 0.915935 0.068288
1156 0.160400 0.446982 0.392618
7928 0.285129 0.638173 0.076698
26206 0.888905 0.011198 0.099898
27108 0.095230 0.069111 0.835659
20071 0.425535 0.574465 0.000000
27107 0.163305 0.052345 0.784350
7926 0.386192 0.372984 0.240824
26275 0.327849 0.352591 0.319560
8006 0.253102 0.591696 0.155202
10704 0.119809 0.139565 0.740626
18342 0.027388 0.402136 0.570476
19167 0.637280 0.043546 0.319174
7999 0.363486 0.315365 0.321150
10628 0.101337 0.578219 0.320444
10658 0.105436 0.198115 0.696449
7930 0.277842 0.121448 0.600710
26196 0.389119 0.234238 0.376643
18345 0.004476 0.718308 0.277216
1649 0.818700 0.082003 0.099297
15234 0.549271 0.144768 0.305961
6677 0.132584 0.048415 0.819001
12401 0.009440 0.521103 0.469457
19993 0.154321 0.283686 0.561993
7602 0.141901 0.119045 0.739054
22473 0.707889 0.095873 0.196238
6864 0.977431 0.022569 0.000000
22482 0.143607 0.692532 0.163861
22455 0.150806 0.090274 0.758920
3321 0.192272 0.377654 0.430075
26584 0.423291 0.186141 0.390567
26583 0.372136 0.182396 0.445468
3324 0.328847 0.332252 0.338901
9945 0.263534 0.232994 0.503471
10568 0.076119 0.370810 0.553071
9967 0.214361 0.688037 0.097601
3983 0.250663 0.723549 0.025787
26434 0.501866 0.173083 0.325051
10014 0.000000 0.320871 0.679129
21576 0.224206 0.344549 0.431244
8663 0.868715 0.060019 0.071266
10515 0.198212 0.774702 0.027086
26526 0.036228 0.455539 0.508233
4964 0.023226 0.043623 0.933151
7838 0.103960 0.739717 0.156322
101 0.254472 0.144320 0.601209
3109 0.072387 0.036250 0.891363
11751 0.635852 0.076586 0.287562
3103 0.256573 0.163128 0.580298
24181 0.029829 0.521675 0.448496
18300 0.366991 0.512140 0.120869
3113 0.189455 0.632181 0.178364
21317 0.046285 0.156767 0.796948
3091 0.183232 0.530309 0.286459
3078 0.096442 0.423451 0.480107
12041 0.014195 0.705129 0.280675
3089 0.073961 0.010339 0.915700
18276 0.239808 0.407079 0.353113
11970 0.024536 0.254920 0.720544
3117 0.045724 0.461514 0.492762
18148 0.837158 0.108439 0.054402
21360 0.810922 0.001668 0.187410
23438 0.047612 0.840016 0.112372
3115 0.532496 0.282631 0.184874
134 0.147960 0.567249 0.284791
17028 0.521397 0.315429 0.163174
23434 0.345794 0.637640 0.016566
24237 0.217273 0.707114 0.075613
13095 0.459161 0.060585 0.480254
21140 0.113496 0.353923 0.532581
11729 0.345447 0.056618 0.597935
24188 0.118117 0.046527 0.835356
24187 0.447230 0.085473 0.467297
362 0.560713 0.310191 0.129096
21330 0.283324 0.700064 0.016612
21324 0.507512 0.176044 0.316445
12036 0.387997 0.529489 0.082514
21365 0.152281 0.119913 0.727806
11971 0.365538 0.264810 0.369653
21363 0.821204 0.151196 0.027600
23471 0.741403 0.248617 0.009980
137 0.179197 0.292467 0.528336
17113 0.158735 0.343721 0.497544
4982 0.821176 0.134899 0.043925
21097 0.124457 0.231265 0.644278
24143 0.078776 0.035992 0.885232
11828 0.218624 0.295216 0.486160
21174 0.330527 0.075297 0.594176
21177 0.415507 0.062036 0.522457
24103 0.045816 0.411986 0.542198
24106 0.358977 0.273882 0.367141
237 0.572920 0.156289 0.270791
366 0.368923 0.516211 0.114866
386 0.091185 0.801456 0.107359
388 0.104038 0.687437 0.208524
23463 0.399231 0.059856 0.540913
62 0.137797 0.038208 0.823995
13142 0.255713 0.686293 0.057993
24236 0.077475 0.432562 0.489963
17994 0.257779 0.056903 0.685318
24060 0.407972 0.451900 0.140127
3074 0.000000 0.597595 0.402405
23987 0.607176 0.081511 0.311312
3096 0.054346 0.024856 0.920798
317 0.648307 0.231201 0.120492
3087 0.607395 0.215658 0.176947
24020 0.112901 0.203752 0.683347
18006 0.214476 0.063062 0.722462
331 0.254848 0.044769 0.700383
23436 0.036475 0.365997 0.597528
23995 0.013572 0.313929 0.672499
17032 0.177519 0.444787 0.377694
20486 0.220534 0.555757 0.223710
17026 0.318327 0.444105 0.237568
24063 0.299968 0.234201 0.465831
43 0.221541 0.119649 0.658810
300 0.445632 0.018874 0.535494
24071 0.268925 0.442426 0.288649
313 0.563592 0.278475 0.157932
340 0.374757 0.100449 0.524794
316 0.723102 0.040594 0.236304
303 0.655517 0.004759 0.339724
20340 0.714557 0.038258 0.247184
20544 0.673306 0.265820 0.060874
10978 0.573790 0.105001 0.321208
20526 0.389646 0.526125 0.084228
13101 0.566984 0.218395 0.214621
823 0.079096 0.344980 0.575924
13109 0.292447 0.563311 0.144242
17981 0.923569 0.049435 0.026997
21 0.184063 0.688254 0.127683
24051 0.229852 0.052574 0.717574
3246 0.307493 0.354016 0.338491
18 0.463299 0.471801 0.064901
12140 0.254793 0.492150 0.253056
3289 0.847271 0.072312 0.080417
20135 0.137580 0.616572 0.245848
12142 0.395703 0.252669 0.351628
12143 0.390802 0.119126 0.490071
757 0.042933 0.120250 0.836817
746 0.031349 0.966756 0.001895
20139 0.587776 0.201206 0.211018
1957 0.407370 0.219657 0.372973
2876 0.000000 0.719498 0.280502
2876 0.000000 0.463219 0.536781
2876 0.000000 0.395353 0.604647
18073 0.108612 0.644632 0.246757
1952 0.125835 0.515093 0.359072
18077 0.503703 0.142005 0.354292
374 0.110186 0.476288 0.413525
11823 0.275874 0.562521 0.161605
229 0.440405 0.531385 0.028210
11826 0.819746 0.055443 0.124811
24194 0.871830 0.091234 0.036936
21480 0.794781 0.106695 0.098524
21472 0.675025 0.274570 0.050405
2694 0.849016 0.000000 0.150984
15579 0.427441 0.007373 0.565186
6816 0.084735 0.712461 0.202804
375 0.641214 0.114985 0.243802
21163 0.041625 0.312526 0.645849
21148 0.480000 0.355178 0.164822
2807 0.259400 0.485484 0.255116
21153 0.101880 0.208078 0.690042
11786 0.160308 0.801682 0.038010
839 0.643585 0.245616 0.110799
8077 0.235674 0.428213 0.336113
24180 0.781240 0.129051 0.089708
18031 0.238612 0.086138 0.675250
15969 0.291709 0.231445 0.476846
15973 0.643557 0.243935 0.112508
13832 0.183194 0.154583 0.662223
15979 0.763730 0.148758 0.087512
15965 0.210695 0.420291 0.369015
8783 0.318136 0.330805 0.351059
12363 0.060963 0.109062 0.829975
13747 0.279957 0.339876 0.380167
21255 0.824776 0.166278 0.008946
576 0.152741 0.063024 0.784235
21309 0.070047 0.880117 0.049836
28450 0.184712 0.277895 0.537393
26311 0.004849 0.699484 0.295666
19798 0.758227 0.038188 0.203585
19386 0.145117 0.651107 0.203775
12106 0.399528 0.495093 0.105379
19063 0.342260 0.179818 0.477922
20110 0.775817 0.134536 0.089647
275 0.477750 0.252099 0.270151
24120 0.193005 0.124630 0.682365
24136 0.215357 0.315512 0.469131
10895 0.376525 0.001793 0.621682
12048 0.189376 0.306951 0.503674
8343 0.728650 0.111531 0.159818
8798 0.331749 0.170089 0.498162
18905 0.082298 0.656353 0.261349
21287 0.514785 0.322466 0.162749
7592 0.163786 0.082299 0.753915
2809 0.078209 0.659550 0.262241
233 0.267351 0.150013 0.582636
21466 0.471633 0.407052 0.121315
21463 0.220721 0.045188 0.734092
9873 0.070660 0.082081 0.847259
594 0.707761 0.000000 0.292239
19694 0.269375 0.050162 0.680463
208 0.466183 0.233053 0.300765
14758 0.072572 0.836990 0.090438
13878 0.168033 0.644257 0.187710
11170 0.253818 0.715676 0.030506
270 0.581317 0.337711 0.080971
11231 0.106039 0.863783 0.030178
24116 0.333835 0.336254 0.329911
12009 0.553935 0.364853 0.081212
10892 0.254971 0.677160 0.067869
20285 0.598387 0.221632 0.179981
17243 0.083270 0.701426 0.215304
17237 0.276016 0.158714 0.565269
439 0.029895 0.460963 0.509142
2914 0.491958 0.041104 0.466938
1374 0.189767 0.009862 0.800371
19699 0.262518 0.041647 0.695836
15638 0.159692 0.259605 0.580703
11247 0.829774 0.095651 0.074575
11229 0.034680 0.904326 0.060994
12017 0.596689 0.167987 0.235324
12019 0.142975 0.790160 0.066865
10822 0.513534 0.271849 0.214617
10782 0.670484 0.291472 0.038044
10796 0.125992 0.720919 0.153090
19031 0.262234 0.732527 0.005239
2915 0.569370 0.125794 0.304836
21508 0.519221 0.198070 0.282709
13104 0.345170 0.262968 0.391862
11683 0.681032 0.182187 0.136781
21349 0.088451 0.595563 0.315986
14694 0.079001 0.515012 0.405987
14436 0.306722 0.433419 0.259859
17753 0.058493 0.560487 0.381020
14372 0.105086 0.614721 0.280194
8389 0.125385 0.438180 0.436435
12028 0.293384 0.527279 0.179336
8732 0.398212 0.408710 0.193078
11063 0.209462 0.548332 0.242206
20455 0.057609 0.299546 0.642845
20522 0.575372 0.253568 0.171059
11098 0.231500 0.284627 0.483873
20619 0.624872 0.256084 0.119043
20581 0.620915 0.129334 0.249751
20632 0.051676 0.285843 0.662481
10773 0.041984 0.476301 0.481716
2921 0.000860 0.743225 0.255915
2924 0.608496 0.308578 0.082926
2915 0.106531 0.460972 0.432497
2917 0.400835 0.420189 0.178976
17196 0.119265 0.194998 0.685737
23911 0.665220 0.298813 0.035967
11462 0.692074 0.203774 0.104151
20393 0.733809 0.162297 0.103894
15361 0.011003 0.443555 0.545442
13580 0.263292 0.228687 0.508021
10869 0.077341 0.292872 0.629788
16443 0.729001 0.160090 0.110909
17621 0.026791 0.028296 0.944913
14589 0.159819 0.010328 0.829853
17410 0.020050 0.273756 0.706194
16452 0.024470 0.912150 0.063380
16418 0.279455 0.085622 0.634924
8819 0.813949 0.042695 0.143356
23836 0.336492 0.227373 0.436135
20594 0.276761 0.396036 0.327203
20413 0.585834 0.313477 0.100689
20587 0.379121 0.529347 0.091533
11503 0.253893 0.357606 0.388501
415 0.370110 0.314286 0.315603
11504 0.529570 0.095997 0.374433
15475 0.205044 0.616439 0.178517
19210 0.142635 0.356383 0.500982
23959 0.380230 0.326862 0.292908
17614 0.423484 0.022866 0.553650
12830 0.594748 0.091641 0.313611
16398 0.044277 0.202500 0.753223
12081 0.085691 0.722801 0.191508
13726 0.629116 0.125772 0.245112
8531 0.083124 0.588911 0.327965
14489 0.247610 0.388641 0.363749
23826 0.815129 0.149413 0.035458
20435 0.414059 0.344807 0.241134
19000 0.894422 0.047481 0.058096
19003 0.354845 0.359602 0.285553
1434 0.699508 0.021014 0.279479
19219 0.967057 0.003662 0.029280
401 0.031854 0.579266 0.388880
11992 0.579718 0.277807 0.142475
21376 0.938854 0.058995 0.002151
11101 0.293545 0.621935 0.084519
20608 0.085466 0.034167 0.880367
10787 0.112626 0.360066 0.527307
19046 0.222817 0.490858 0.286324
18843 0.009033 0.430420 0.560547
12836 0.111776 0.281648 0.606577
19963 0.015585 0.447446 0.536969
8689 0.843327 0.074526 0.082147
23784 0.495914 0.500859 0.003228
15353 0.022518 0.150410 0.827072
21393 0.076431 0.781365 0.142204
8524 0.623342 0.000000 0.376658
8857 0.557590 0.233746 0.208665
15405 0.000000 0.466402 0.533598
23796 0.293324 0.246465 0.460211
597 0.314878 0.656919 0.028203
1499 0.750697 0.179289 0.070014
18840 0.129357 0.808300 0.062343
12410 0.001588 0.840982 0.157430
20802 0.638893 0.217137 0.143970
20781 0.702402 0.000343 0.297254
20793 0.405099 0.271236 0.323666
11287 0.768270 0.084418 0.147312
20803 0.123668 0.581850 0.294482
23857 0.570105 0.267985 0.161911
23846 0.020573 0.969650 0.009777
23850 0.044186 0.766597 0.189218
397 0.170385 0.048176 0.781439
18984 0.537030 0.408487 0.054482
26397 0.403940 0.384088 0.211973
1445 0.182089 0.319839 0.498072
11924 0.801274 0.112867 0.085859
23782 0.698006 0.270428 0.031566
2804 0.861418 0.111321 0.027261
13898 0.347767 0.230742 0.421491
14649 0.052188 0.463215 0.484597
17629 0.166632 0.443485 0.389883
11104 0.918278 0.012305 0.069417
20583 0.246511 0.670241 0.083248
19037 0.534878 0.352205 0.112918
368 0.109680 0.887340 0.002980
369 0.123412 0.063535 0.813053
24149 0.013155 0.659915 0.326930
21460 0.235984 0.311855 0.452160
2847 0.007033 0.147930 0.845037
21298 0.338941 0.651696 0.009363
21430 0.426970 0.288693 0.284337
12371 0.195504 0.732138 0.072358
18966 0.001693 0.901995 0.096312
16096 0.014591 0.082857 0.902552
18646 0.803166 0.175144 0.021691
20895 0.138760 0.560166 0.301074
2515 0.531599 0.354753 0.113648
11764 0.544252 0.048539 0.407209
16025 0.266272 0.111155 0.622573
11759 0.100165 0.372807 0.527028
18607 0.362927 0.207149 0.429924
13455 0.832998 0.086127 0.080875
15746 0.011348 0.598537 0.390115
1910 0.110252 0.114024 0.775725
13465 0.268464 0.285297 0.446239
2154 0.238420 0.557311 0.204269
18484 0.108204 0.706762 0.185034
13414 0.397218 0.261629 0.341153
18482 0.723964 0.035497 0.240539
15749 0.479527 0.403917 0.116556
13467 0.291481 0.661810 0.046710
11728 0.370578 0.041001 0.588421
21226 0.210935 0.056451 0.732614
13601 0.749155 0.181176 0.069669
13594 0.004778 0.090409 0.904813
16101 0.010031 0.041873 0.948097
2079 0.231180 0.044934 0.723886
13521 0.402295 0.154860 0.442845
13514 0.794076 0.055592 0.150332
13470 0.132592 0.306148 0.561260
