903 0.335175 0.313151 0.351673
6198 0.400723 0.489211 0.110066
6213 0.430439 0.094672 0.474890
6212 0.589035 0.335337 0.075628
857 0.161271 0.087994 0.750734
6152 0.221266 0.040440 0.738293
6148 0.346029 0.240548 0.413423
6150 0.319373 0.277020 0.403606
6151 0.720779 0.091852 0.187368
856 0.455118 0.447858 0.097024
6149 0.289866 0.506078 0.204056
858 0.377206 0.328130 0.294664
210 0.302660 0.517770 0.179570
6202 0.274441 0.430752 0.294807
851 0.208513 0.525442 0.266045
6238 0.281088 0.031604 0.687307
215 0.774097 0.194465 0.031438
212 0.665604 0.115255 0.219141
5506 0.660210 0.177609 0.162182
5511 0.693072 0.302431 0.004498
6188 0.075836 0.855252 0.068911
5448 0.202397 0.312128 0.485475
225 0.232324 0.556248 0.211428
901 0.584843 0.397847 0.017309
6210 0.196873 0.417259 0.385868
906 0.495668 0.382773 0.121559
6201 0.486341 0.374938 0.138721
6382 0.118955 0.532787 0.348259
852 0.094494 0.694377 0.211129
6360 0.333513 0.289396 0.377091
6359 0.159018 0.531143 0.309840
848 0.383477 0.327607 0.288916
848 0.234865 0.167394 0.597740
6362 0.187374 0.045655 0.766971
6362 0.372397 0.443732 0.183870
185 0.632988 0.348295 0.018717
6266 0.013578 0.810225 0.176197
186 0.876811 0.032569 0.090620
6265 0.576482 0.045408 0.378109
186 0.350758 0.591651 0.057592
191 0.198795 0.555746 0.245459
6281 0.358693 0.402638 0.238669
6281 0.227626 0.668583 0.103790
191 0.240619 0.223698 0.535683
191 0.812118 0.006549 0.181333
6377 0.675270 0.229621 0.095108
190 0.447197 0.342740 0.210063
6280 0.198543 0.683459 0.117998
522 0.076654 0.160821 0.762525
153 0.386245 0.412608 0.201147
162 0.408654 0.339129 0.252217
6232 0.615549 0.269699 0.114752
157 0.637765 0.194786 0.167449
157 0.248781 0.626828 0.124390
6232 0.256758 0.688124 0.055118
5482 0.915685 0.049412 0.034903
5481 0.205542 0.088457 0.706001
6243 0.119107 0.374916 0.505977
6179 0.022316 0.018419 0.959264
6265 0.390906 0.552560 0.056534
184 0.172664 0.328861 0.498475
6378 0.095963 0.175038 0.729000
182 0.240678 0.679701 0.079621
163 0.194018 0.601034 0.204947
165 0.052218 0.431282 0.516500
6180 0.210029 0.555712 0.234259
6168 0.690402 0.222268 0.087330
6216 0.020958 0.901514 0.077529
6358 0.010674 0.540845 0.448480
884 0.685542 0.218643 0.095815
6269 0.032625 0.709247 0.258128
6364 0.540165 0.142322 0.317513
885 0.428929 0.199615 0.371456
886 0.239924 0.507322 0.252754
886 0.722172 0.025604 0.252224
887 0.264163 0.644873 0.090964
6367 0.363625 0.325753 0.310622
6267 0.471992 0.480529 0.047479
6268 0.419274 0.173606 0.407120
186 0.281207 0.174672 0.544121
187 0.301496 0.274238 0.424267
6282 0.137909 0.294596 0.567496
188 0.435198 0.146923 0.417879
889 0.943065 0.000000 0.056935
6279 0.642653 0.137104 0.220243
804 0.619233 0.262451 0.118316
885 0.075868 0.564437 0.359696
6407 0.424879 0.042675 0.532446
804 0.211490 0.696954 0.091556
883 0.542288 0.219718 0.237994
884 0.408129 0.570728 0.021143
883 0.018049 0.803109 0.178842
810 0.003213 0.438156 0.558631
811 0.192898 0.438424 0.368679
810 0.368962 0.061548 0.569490
845 0.061704 0.114575 0.823721
845 0.155199 0.323348 0.521454
6358 0.106263 0.882983 0.010755
6381 0.435413 0.019475 0.545112
803 0.760062 0.085478 0.154460
6419 0.198976 0.286004 0.515021
889 0.305274 0.669424 0.025302
6368 0.376506 0.338400 0.285094
6420 0.730062 0.043512 0.226426
6420 0.569599 0.212265 0.218136
6420 0.054855 0.307846 0.637299
801 0.510213 0.037739 0.452049
6216 0.052445 0.204490 0.743065
180 0.119681 0.764936 0.115383
180 0.096204 0.257999 0.645798
6263 0.092490 0.765273 0.142237
6282 0.000000 0.925905 0.074095
177 0.075026 0.597021 0.327953
190 0.862177 0.133993 0.003830
6281 0.449499 0.011845 0.538656
6172 0.193434 0.052575 0.753991
892 0.449713 0.282045 0.268242
895 0.533626 0.309164 0.157211
808 0.183103 0.217666 0.599231
893 0.530814 0.234952 0.234234
891 0.549573 0.238481 0.211945
6372 0.351890 0.283647 0.364463
131 0.781369 0.123636 0.094995
6275 0.130654 0.005743 0.863603
131 0.181910 0.429933 0.388158
6274 0.255530 0.229065 0.515405
6251 0.469254 0.262132 0.268614
141 0.541168 0.058329 0.400502
6227 0.335116 0.223200 0.441684
6224 0.338549 0.209509 0.451941
6228 0.698756 0.190767 0.110476
6228 0.186075 0.205874 0.608051
6226 0.212008 0.186914 0.601077
6226 0.760161 0.198434 0.041405
146 0.356430 0.465677 0.177893
152 0.455765 0.364447 0.179788
152 0.847872 0.006409 0.145719
146 0.778765 0.070385 0.150850
6277 0.155139 0.544851 0.300010
6273 0.511636 0.309051 0.179314
6371 0.602397 0.061200 0.336403
133 0.126610 0.544993 0.328396
251 0.389935 0.164485 0.445581
5491 0.377728 0.164646 0.457626
256 0.111530 0.518223 0.370247
255 0.173551 0.431136 0.395313
6246 0.692931 0.171481 0.135588
250 0.057301 0.456558 0.486141
249 0.337798 0.327664 0.334538
6167 0.342178 0.165403 0.492419
6169 0.231428 0.216979 0.551593
866 0.286836 0.692734 0.020430
259 0.227974 0.215437 0.556589
866 0.134451 0.339279 0.526270
6217 0.502962 0.313732 0.183306
6217 0.003871 0.055254 0.940875
178 0.079567 0.407614 0.512819
6217 0.046065 0.815239 0.138696
178 0.614436 0.315723 0.069841
6260 0.489217 0.248761 0.262022
172 0.444618 0.291337 0.264045
6254 0.889187 0.105873 0.004940
173 0.303212 0.615322 0.081466
6254 0.126284 0.252540 0.621177
173 0.257857 0.005899 0.736244
6255 0.372014 0.243329 0.384656
174 0.402435 0.161845 0.435720
6256 0.617820 0.134090 0.248089
877 0.396283 0.215841 0.387876
874 0.644213 0.315395 0.040392
6174 0.256668 0.276264 0.467069
6383 0.619547 0.182427 0.198026
6145 0.317735 0.258563 0.423702
237 0.279485 0.153297 0.567218
133 0.081476 0.484494 0.434030
6273 0.428272 0.378566 0.193163
146 0.350826 0.605289 0.043885
6226 0.260515 0.055840 0.683645
6404 0.037682 0.439634 0.522684
6310 0.739171 0.166051 0.094778
814 0.334637 0.211199 0.454164
6357 0.176831 0.811800 0.011370
815 0.000000 0.601200 0.398800
5884 0.559753 0.123493 0.316754
1021 0.612908 0.172490 0.214603
5876 0.637718 0.212314 0.149969
748 0.127614 0.154965 0.717422
5876 0.284327 0.181537 0.534136
6352 0.294161 0.533317 0.172523
4496 0.481258 0.320682 0.198060
5877 0.539071 0.008692 0.452238
613 0.130962 0.846972 0.022066
5878 0.380178 0.182813 0.437009
5872 0.269811 0.133522 0.596667
5872 0.248648 0.630120 0.121232
5873 0.377130 0.588820 0.034050
612 0.653730 0.264613 0.081657
612 0.080919 0.770719 0.148363
957 0.173645 0.826355 0.000000
838 0.482822 0.424048 0.093130
838 0.519958 0.320231 0.159812
838 0.738640 0.000000 0.261360
957 0.000000 0.535080 0.464920
957 0.178505 0.418646 0.402849
957 0.000000 0.373073 0.626927
6146 0.467161 0.175623 0.357216
1036 0.223565 0.715870 0.060566
5965 0.613588 0.028059 0.358354
1022 0.246551 0.369064 0.384385
941 0.174572 0.082474 0.742954
977 0.201790 0.407207 0.391003
5942 0.281428 0.403219 0.315353
940 0.059223 0.107266 0.833511
953 0.126054 0.716979 0.156967
5941 0.336440 0.314050 0.349509
978 0.612499 0.331037 0.056464
954 0.022813 0.552628 0.424559
5894 0.357890 0.173704 0.468405
5893 0.203003 0.321870 0.475127
950 0.308586 0.193313 0.498101
955 0.116449 0.735735 0.147816
211 0.652184 0.172714 0.175102
5583 0.102377 0.348567 0.549056
611 0.426140 0.177127 0.396733
5921 0.336645 0.081361 0.581994
5921 0.257302 0.311665 0.431033
5920 0.607797 0.280894 0.111309
893 0.637269 0.090423 0.272307
6226 0.764984 0.081667 0.153348
6372 0.305411 0.137240 0.557348
6224 0.354256 0.085090 0.560654
147 0.866140 0.013771 0.120090
6274 0.291215 0.347995 0.360791
6274 0.037000 0.854269 0.108731
808 0.264414 0.635196 0.100390
6370 0.441768 0.515919 0.042313
6370 0.516354 0.060725 0.422921
6284 0.490727 0.239830 0.269443
6284 0.161678 0.034681 0.803642
150 0.391854 0.080256 0.527890
151 0.448473 0.266379 0.285148
6228 0.093655 0.545258 0.361088
6229 0.501846 0.322341 0.175813
6241 0.203157 0.441796 0.355048
6277 0.333733 0.096186 0.570082
6369 0.047639 0.102364 0.849998
6369 0.211007 0.605743 0.183251
809 0.394536 0.119598 0.485866
846 0.304713 0.484782 0.210505
846 0.768734 0.143332 0.087934
160 0.135975 0.523488 0.340537
6166 0.219630 0.361104 0.419266
6286 0.842215 0.090594 0.067190
151 0.075306 0.717579 0.207115
152 0.040848 0.076462 0.882690
6229 0.171537 0.069219 0.759243
6278 0.166641 0.462152 0.371208
6278 0.539307 0.345130 0.115563
890 0.777314 0.000000 0.222686
6421 0.043525 0.448378 0.508097
949 0.397503 0.239998 0.362499
609 0.813489 0.071422 0.115090
600 0.845135 0.025987 0.128879
609 0.298370 0.064457 0.637173
599 0.046387 0.532917 0.420695
600 0.706274 0.141712 0.152014
5351 0.139087 0.198905 0.662008
945 0.427339 0.141192 0.431469
5985 0.668272 0.106344 0.225384
5985 0.488087 0.424192 0.087722
944 0.119060 0.702161 0.178779
944 0.386590 0.530163 0.083247
739 0.004996 0.475943 0.519061
6025 0.130563 0.383958 0.485479
5981 1.000000 0.000000 0.000000
6025 0.399030 0.316189 0.284781
5371 0.665148 0.003456 0.331396
930 0.435502 0.474316 0.090181
78 0.669213 0.000000 0.330787
6027 0.515841 0.000000 0.484159
559 0.000000 0.290850 0.709150
6013 0.357326 0.060513 0.582161
1547 0.188707 0.537244 0.274049
6054 0.561308 0.294860 0.143831
778 0.605438 0.071479 0.323083
6069 0.433112 0.218107 0.348781
693 0.059289 0.611404 0.329307
6045 0.158658 0.202451 0.638891
769 0.065868 0.569942 0.364190
5911 0.473163 0.290161 0.236676
5911 0.061747 0.490248 0.448005
5912 0.075237 0.675698 0.249065
5931 0.575406 0.123911 0.300683
591 0.443025 0.231693 0.325282
5931 0.020082 0.679408 0.300510
5930 0.178444 0.010839 0.810716
4477 0.041342 0.220174 0.738484
644 0.180872 0.719351 0.099776
597 0.892320 0.053474 0.054206
5927 0.236261 0.631773 0.131966
5579 0.171092 0.708953 0.119955
5578 0.131296 0.655751 0.212953
5 0.146535 0.585242 0.268223
6021 0.200573 0.546055 0.253372
6026 0.627626 0.322994 0.049380
559 0.150055 0.000000 0.849945
6024 0.334973 0.099157 0.565870
561 0.631886 0.277138 0.090977
6104 0.873088 0.032229 0.094684
6103 0.301724 0.575011 0.123265
741 0.523236 0.436007 0.040757
5339 1.000000 0.000000 0.000000
5357 0.323772 0.636257 0.039971
5357 0.719174 0.274823 0.006003
6 0.275525 0.279007 0.445468
5577 0.802415 0.195499 0.002085
6 0.493540 0.124829 0.381630
646 0.008219 0.024572 0.967210
5905 0.545855 0.069206 0.384939
646 0.540897 0.138544 0.320559
4476 0.811771 0.066147 0.122082
642 0.148572 0.347317 0.504111
593 0.000000 0.815830 0.184170
5578 0.078586 0.128158 0.793256
5578 0.779110 0.200437 0.020452
5933 0.329747 0.117258 0.552995
975 0.056824 0.943176 0.000000
5979 0.309155 0.126201 0.564645
5985 0.238628 0.568987 0.192384
930 0.308446 0.284421 0.407132
931 0.058759 0.834308 0.106933
6068 0.073438 0.507220 0.419342
4476 0.286994 0.545223 0.167783
761 0.189190 0.118405 0.692405
5906 0.286199 0.074101 0.639700
598 0.104421 0.820221 0.075357
598 0.136191 0.629869 0.233941
597 0.009712 0.169877 0.820411
597 0.042362 0.373955 0.583684
589 0.287279 0.564517 0.148204
5922 0.549188 0.035330 0.415483
590 0.431965 0.077933 0.490102
647 0.125071 0.007676 0.867253
647 0.268847 0.449868 0.281285
647 0.427685 0.210022 0.362293
648 0.483069 0.189883 0.327048
648 0.313612 0.503650 0.182738
5914 0.079430 0.344303 0.576267
641 0.162222 0.659586 0.178192
643 0.015868 0.491415 0.492718
618 0.050328 0.076691 0.872981
5908 0.514242 0.429174 0.056584
5972 0.577151 0.262833 0.160016
968 0.409507 0.088146 0.502347
4478 0.144632 0.783728 0.071640
5969 0.274443 0.645448 0.080109
5924 0.000585 0.149567 0.849848
5924 0.324058 0.098178 0.577764
596 0.159944 0.706196 0.133860
5890 0.780823 0.183643 0.035535
5960 0.599071 0.215205 0.185724
938 0.528260 0.263574 0.208166
5990 0.398333 0.283368 0.318299
934 0.235886 0.749589 0.014525
933 0.104256 0.499727 0.396017
933 0.183738 0.053613 0.762649
924 0.605598 0.225861 0.168542
923 0.553243 0.082854 0.363903
1554 0.208657 0.427678 0.363666
6001 0.668730 0.034151 0.297119
5986 0.200799 0.220788 0.578412
5976 0.469936 0.350130 0.179933
732 0.411932 0.079420 0.508649
731 0.335164 0.107249 0.557586
770 0.307352 0.143874 0.548774
767 0.663034 0.142777 0.194189
769 0.479477 0.186727 0.333796
759 0.196994 0.683287 0.119719
759 0.617675 0.361217 0.021108
6053 0.786997 0.077023 0.135980
639 0.798577 0.083882 0.117541
639 0.449738 0.054239 0.496023
753 0.047390 0.382695 0.569915
753 0.329056 0.464282 0.206662
6045 0.006644 0.752794 0.240562
6043 0.255331 0.589024 0.155646
639 0.150670 0.060926 0.788403
5904 0.056122 0.181966 0.761912
638 0.019602 0.484996 0.495402
645 0.852378 0.024876 0.122747
5902 0.203204 0.624318 0.172478
5903 0.461192 0.349120 0.189688
5910 0.123627 0.257591 0.618783
637 0.405357 0.525470 0.069173
5514 0.365804 0.465623 0.168573
5557 0.239336 0.479034 0.281630
561 0.285580 0.577256 0.137164
563 0.145188 0.750796 0.104016
563 0.610695 0.326009 0.063297
6024 0.344483 0.572362 0.083155
6103 0.672692 0.257924 0.069384
6108 0.220690 0.118193 0.661117
6022 0.066332 0.710074 0.223594
742 0.374156 0.144689 0.481155
731 0.113140 0.858902 0.027958
721 0.108862 0.199086 0.692051
6051 0.291377 0.307039 0.401584
6050 0.180726 0.638284 0.180990
768 0.488740 0.406527 0.104733
6052 0.181782 0.813969 0.004249
6052 0.138500 0.190515 0.670985
765 0.041707 0.884947 0.073346
6043 0.359432 0.108322 0.532245
6044 0.294313 0.571215 0.134472
755 0.655334 0.111495 0.233170
5864 0.352509 0.487551 0.159940
4550 0.766161 0.133523 0.100315
4550 0.380051 0.355938 0.264012
752 0.274175 0.067042 0.658783
752 0.584509 0.162499 0.252992
4475 0.000000 0.463196 0.536804
4553 0.014919 0.015161 0.969919
4561 0.687829 0.099632 0.212539
4481 0.331836 0.394249 0.273915
4552 0.292491 0.134014 0.573495
751 0.254246 0.050094 0.695660
4475 0.549499 0.369105 0.081396
751 0.274600 0.654288 0.071112
1456 0.764475 0.019632 0.215892
6039 0.212201 0.761745 0.026054
1459 0.397768 0.105997 0.496235
549 0.092739 0.498467 0.408794
620 0.152325 0.698022 0.149653
6081 0.534797 0.364604 0.100599
6056 0.214792 0.673570 0.111638
772 0.660138 0.258438 0.081424
6048 0.766148 0.202273 0.031579
1502 0.012195 0.764065 0.223741
763 0.645159 0.260245 0.094596
763 0.867677 0.054005 0.078318
754 0.104091 0.499160 0.396748
754 0.085677 0.338523 0.575800
4549 0.605117 0.122967 0.271916
4549 0.398536 0.111632 0.489832
1541 0.586768 0.330631 0.082601
1541 0.371895 0.360619 0.267486
716 0.722802 0.042133 0.235065
1564 0.035304 0.095586 0.869110
4554 0.305798 0.526521 0.167681
4554 0.183173 0.146799 0.670028
8292 0.501501 0.225304 0.273196
4557 0.722836 0.262921 0.014243
1533 0.304320 0.247632 0.448048
1540 0.348015 0.170744 0.481240
1533 0.599568 0.278732 0.121700
1540 0.714103 0.250303 0.035594
1540 0.313910 0.630510 0.055580
6037 0.196207 0.603163 0.200631
6074 0.449209 0.372203 0.178589
563 0.127475 0.343150 0.529375
6108 0.145858 0.504852 0.349290
721 0.083914 0.545619 0.370467
766 0.293681 0.244549 0.461770
765 0.450483 0.517025 0.032493
6049 0.177480 0.696577 0.125943
5304 0.651388 0.090400 0.258212
5303 0.072146 0.351728 0.576126
4563 0.469448 0.323942 0.206611
4559 0.129518 0.602517 0.267965
680 0.260838 0.315307 0.423855
4559 0.135719 0.805899 0.058381
4558 0.271599 0.631533 0.096868
4548 0.026954 0.355561 0.617485
4562 0.238443 0.042560 0.718997
6044 0.323932 0.030062 0.646006
598 0.121512 0.383896 0.494592
598 0.074310 0.193472 0.732218
5868 0.180202 0.542939 0.276859
5868 0.086649 0.158733 0.754618
5867 0.099863 0.333710 0.566427
5867 0.526323 0.224983 0.248694
952 0.181196 0.336790 0.482014
5890 0.301861 0.352722 0.345418
939 0.379790 0.143079 0.477131
5937 0.142959 0.603634 0.253407
935 0.113398 0.344520 0.542082
934 0.162122 0.042677 0.795201
5971 0.576188 0.126150 0.297662
5989 0.492272 0.077422 0.430306
926 0.634220 0.229815 0.135965
925 0.680413 0.015061 0.304526
920 0.623827 0.179068 0.197105
919 0.176336 0.387217 0.436447
965 0.598251 0.244474 0.157275
5987 0.023068 0.479385 0.497547
966 0.059053 0.184322 0.756625
5935 0.385167 0.168635 0.446199
605 0.294033 0.300725 0.405242
6097 0.171061 0.054794 0.774145
604 0.036855 0.792330 0.170815
630 0.232819 0.315402 0.451779
5916 0.426805 0.306175 0.267020
5915 0.243815 0.090185 0.666000
617 0.445821 0.523081 0.031097
618 0.725684 0.139249 0.135067
5917 0.402970 0.481054 0.115975
619 0.201154 0.173969 0.624877
5932 0.158569 0.805253 0.036177
5913 0.428898 0.091643 0.479458
5918 0.333820 0.400768 0.265412
5932 0.083059 0.120002 0.796939
600 0.234861 0.542825 0.222315
600 0.040369 0.716093 0.243537
599 0.469483 0.074204 0.456313
5922 0.546352 0.302510 0.151138
5912 0.535076 0.414553 0.050372
641 0.144715 0.085387 0.769898
5897 0.511893 0.452151 0.035956
5896 0.440334 0.160160 0.399506
5939 0.703393 0.137528 0.159079
941 0.754787 0.223568 0.021645
5940 0.250971 0.141674 0.607355
5997 0.011275 0.495018 0.493707
6002 0.533303 0.220070 0.246626
964 0.224880 0.135575 0.639545
5899 0.001422 0.900402 0.098175
615 0.482171 0.153422 0.364407
5901 0.007128 0.088819 0.904053
5901 0.573853 0.372785 0.053363
616 0.788434 0.097377 0.114189
5919 0.311077 0.200262 0.488661
602 0.184748 0.187325 0.627927
5921 0.125664 0.742442 0.131894
600 0.449574 0.356885 0.193541
599 0.278439 0.270110 0.451451
5868 0.914485 0.049114 0.036401
5883 0.319935 0.052028 0.628037
5887 0.516994 0.192570 0.290435
782 0.069000 0.276230 0.654771
783 0.426412 0.256260 0.317328
5879 0.044396 0.285172 0.670432
5880 0.438668 0.137184 0.424148
5881 0.113980 0.117488 0.768532
6305 0.081892 0.108435 0.809673
948 0.044403 0.393795 0.561801
956 0.339621 0.521924 0.138455
6333 0.667830 0.025771 0.306399
5945 0.838777 0.120828 0.040395
4525 0.082623 0.760027 0.157350
6127 0.004676 0.272461 0.722863
6408 0.157705 0.474036 0.368259
1039 0.451266 0.542359 0.006375
5965 0.326719 0.473045 0.200236
5888 0.182634 0.719428 0.097938
5891 0.486285 0.232300 0.281415
5891 0.018018 0.017573 0.964409
6351 0.218565 0.120485 0.660950
947 0.127886 0.023080 0.849034
948 1.000000 0.000000 0.000000
5898 0.305053 0.210971 0.483976
956 0.014024 0.457089 0.528887
5892 0.031188 0.672870 0.295942
6334 0.613999 0.263369 0.122632
984 0.052826 0.637569 0.309606
1038 0.096157 0.352721 0.551123
1041 0.216961 0.544938 0.238101
5497 0.005918 0.149701 0.844381
45 0.677008 0.164011 0.158980
5462 0.057507 0.830846 0.111647
5474 0.077502 0.160333 0.762164
6189 0.309484 0.235376 0.455140
829 0.790444 0.022298 0.187258
835 0.543252 0.401418 0.055330
6316 0.317858 0.267574 0.414568
831 0.377060 0.187037 0.435902
6302 0.132054 0.837042 0.030903
6304 0.334664 0.161783 0.503552
6298 0.476630 0.297972 0.225398
822 0.641004 0.002519 0.356477
818 0.121470 0.104765 0.773764
6157 0.813652 0.113969 0.072379
6345 0.431367 0.191048 0.377585
6156 0.483745 0.486006 0.030249
862 0.250584 0.378630 0.370786
995 0.054366 0.891705 0.053929
1003 0.411040 0.188806 0.400154
6289 0.387108 0.435382 0.177510
6321 0.367487 0.470511 0.162002
881 0.040929 0.586412 0.372659
913 0.235108 0.658526 0.106366
209 0.599173 0.139681 0.261146
4493 0.259726 0.302263 0.438010
5503 0.388517 0.330620 0.280864
40 1.000000 0.000000 0.000000
5464 0.285631 0.027491 0.686878
5497 0.573927 0.157449 0.268623
5498 0.348221 0.567713 0.084066
5499 0.627865 0.228062 0.144073
6185 0.658854 0.206048 0.135098
6197 0.256506 0.272711 0.470783
6302 0.196972 0.249809 0.553219
859 0.214340 0.108007 0.677653
864 0.375091 0.410456 0.214453
863 0.370673 0.503254 0.126073
6155 0.269286 0.640085 0.090629
6207 0.376369 0.087819 0.535811
6202 0.671288 0.144283 0.184429
5468 0.809013 0.026951 0.164036
5445 0.051528 0.305836 0.642636
5479 0.791781 0.178097 0.030123
6215 0.397531 0.340038 0.262431
246 0.499165 0.160203 0.340632
244 0.275473 0.431838 0.292688
6190 0.443500 0.035584 0.520916
6379 0.096140 0.523435 0.380425
167 0.223544 0.555456 0.221000
6180 0.556670 0.182129 0.261200
259 0.505157 0.329672 0.165172
171 0.284324 0.259701 0.455975
259 0.048232 0.913737 0.038030
6253 0.580085 0.101790 0.318125
170 0.395522 0.561683 0.042795
6262 0.520674 0.409444 0.069883
6260 0.055301 0.729562 0.215137
6260 0.077928 0.110787 0.811285
181 0.119293 0.489155 0.391552
177 0.558642 0.103913 0.337445
172 0.018580 0.686450 0.294971
176 0.428182 0.539018 0.032801
176 0.874411 0.063507 0.062082
6258 0.099772 0.679825 0.220403
175 0.418332 0.103293 0.478376
6257 0.464694 0.060664 0.474642
6172 0.125432 0.562181 0.312386
6173 0.138886 0.712898 0.148216
521 0.339851 0.584412 0.075736
876 0.119369 0.346376 0.534255
236 0.659961 0.153514 0.186525
6249 0.034014 0.765758 0.200228
243 0.183350 0.105874 0.710776
5483 0.434330 0.445606 0.120064
5865 0.272284 0.029715 0.698001
6175 0.224262 0.572749 0.202989
6176 0.546793 0.213255 0.239952
873 0.284128 0.037864 0.678008
6178 0.223648 0.474539 0.301813
871 0.159947 0.035800 0.804253
6163 0.069579 0.695908 0.234514
869 0.549600 0.090722 0.359678
868 0.316238 0.307531 0.376231
6160 0.377929 0.065383 0.556688
867 0.105617 0.295809 0.598575
6158 0.219970 0.269436 0.510593
193 0.196576 0.285979 0.517444
258 0.249393 0.154221 0.596385
5494 0.554922 0.144078 0.301000
5493 0.581932 0.061071 0.356997
957 0.346570 0.597913 0.055517
957 0.181441 0.457607 0.360952
850 0.165497 0.718369 0.116134
240 0.218337 0.094368 0.687295
6176 0.076743 0.117789 0.805468
873 0.203310 0.583143 0.213547
6164 0.334462 0.386795 0.278744
6162 0.221838 0.344038 0.434124
904 0.242327 0.136297 0.621376
6245 0.123080 0.520750 0.356170
227 0.357239 0.316540 0.326221
257 0.374189 0.052283 0.573528
228 0.262617 0.153337 0.584046
694 0.292335 0.092742 0.614922
694 0.125748 0.687787 0.186465
816 0.244812 0.570935 0.184253
6311 0.374202 0.543579 0.082219
6322 0.293963 0.655628 0.050408
6344 0.067707 0.379074 0.553219
6347 0.342567 0.647443 0.009990
819 0.153838 0.587541 0.258621
823 0.353945 0.351565 0.294490
828 0.426143 0.209166 0.364691
6310 0.223179 0.245962 0.530860
835 0.058751 0.438373 0.502876
159 0.192723 0.431096 0.376181
2517 0.622886 0.147601 0.229513
8298 0.333081 0.300967 0.365952
7440 0.511589 0.389350 0.099061
2518 0.143115 0.399455 0.457430
2510 0.388505 0.415014 0.196481
7445 0.773489 0.065509 0.161002
7583 0.053595 0.452266 0.494138
2094 0.552988 0.306247 0.140764
8327 0.026818 0.705904 0.267278
7583 0.180980 0.027844 0.791176
7438 0.342020 0.096238 0.561742
2487 0.163120 0.778082 0.058798
8337 0.372499 0.168341 0.459160
7436 0.840984 0.090334 0.068682
7438 0.860935 0.058912 0.080153
7405 0.426312 0.330330 0.243358
7595 0.017751 0.801872 0.180377
2520 0.146903 0.303475 0.549621
7589 0.458734 0.059818 0.481448
2525 0.137896 0.088667 0.773437
2523 0.093177 0.778387 0.128436
7584 0.136962 0.542984 0.320054
7447 0.602621 0.356998 0.040381
2493 0.589895 0.218132 0.191972
2494 0.581165 0.135247 0.283587
2497 0.505195 0.051691 0.443114
2497 0.059909 0.000000 0.940091
7445 0.204852 0.393683 0.401465
7448 0.724501 0.272528 0.002971
7450 0.187441 0.324615 0.487943
8299 0.167560 0.317184 0.515256
2531 0.506567 0.287947 0.205486
7419 0.153399 0.000000 0.846601
2593 0.000000 0.000000 1.000000
2364 0.339075 0.489436 0.171489
2364 0.081440 0.824159 0.094401
2364 0.826991 0.075012 0.097997
2561 0.151960 0.027412 0.820629
2560 0.106757 0.054170 0.839073
2366 0.232357 0.753908 0.013735
2364 0.597216 0.142769 0.260015
7465 0.000000 0.674182 0.325818
3095 0.351895 0.648105 0.000000
2364 0.254629 0.484875 0.260496
7899 1.000000 0.000000 0.000000
3095 0.265078 0.734922 0.000000
3095 0.464963 0.295171 0.239866
7883 0.348305 0.440205 0.211489
2561 0.485483 0.152143 0.362374
2372 0.101950 0.468496 0.429553
7634 0.250197 0.312472 0.437331
2384 0.664939 0.076406 0.258656
2373 0.019865 0.127744 0.852391
7635 0.134907 0.430009 0.435085
7422 0.465289 0.166794 0.367917
2479 0.114249 0.405933 0.479818
7781 0.216475 0.074567 0.708958
2387 0.494614 0.262710 0.242676
7789 0.128685 0.571217 0.300098
7788 0.459887 0.230671 0.309442
2389 0.018052 0.055844 0.926104
7509 0.142157 0.597086 0.260757
2551 0.834938 0.095831 0.069231
7787 0.254663 0.480536 0.264801
7634 0.636161 0.350076 0.013764
7491 0.160383 0.222719 0.616898
3095 0.477056 0.307073 0.215872
2596 0.315086 0.398084 0.286829
7495 0.537543 0.385826 0.076630
2914 0.272227 0.523106 0.204667
7511 0.161722 0.263432 0.574846
7498 0.205299 0.459305 0.335396
2394 0.160028 0.166946 0.673026
7796 0.254987 0.354929 0.390083
2549 0.093472 0.294887 0.611641
2550 0.458597 0.220805 0.320598
7798 0.837793 0.029068 0.133139
2391 0.000000 0.244997 0.755003
2396 0.435590 0.445424 0.118987
7937 0.154831 0.439061 0.406108
7936 0.680781 0.293467 0.025752
2909 0.435878 0.085643 0.478478
2922 0.500063 0.354679 0.145258
2923 0.318851 0.462168 0.218981
2924 0.061542 0.686859 0.251598
2530 0.291140 0.023288 0.685572
7596 0.119547 0.444238 0.436215
2537 0.392740 0.190300 0.416960
2538 0.529113 0.205136 0.265751
7409 0.468424 0.469887 0.061688
7411 0.532943 0.089420 0.377637
7599 0.044156 0.667095 0.288749
7410 0.018696 0.312782 0.668522
7885 0.171181 0.002650 0.826169
2536 0.129107 0.183109 0.687784
2536 0.127051 0.840871 0.032078
7594 0.356828 0.303104 0.340068
7513 0.242770 0.443469 0.313761
7512 0.093003 0.391510 0.515487
7586 0.080963 0.196403 0.722635
2509 0.912244 0.079006 0.008750
7401 0.114383 0.514205 0.371412
7402 0.797497 0.047409 0.155094
7398 0.328179 0.012113 0.659708
7402 0.069253 0.013096 0.917651
2543 0.563527 0.294309 0.142164
2502 0.337532 0.570741 0.091727
2536 1.000000 0.000000 0.000000
7600 0.302319 0.116863 0.580818
7455 0.125334 0.465291 0.409375
2576 0.602521 0.238410 0.159069
2547 0.594514 0.283726 0.121760
7461 0.176256 0.072980 0.750764
7463 0.891141 0.082450 0.026409
2559 0.365063 0.565215 0.069721
8240 0.198980 0.399263 0.401756
7914 0.199339 0.404702 0.395959
8320 0.457196 0.278395 0.264409
8321 0.233810 0.506848 0.259342
8318 0.727897 0.079745 0.192359
8318 0.347620 0.118184 0.534195
7979 0.435695 0.369776 0.194529
7979 0.090635 0.062645 0.846720
7972 0.730267 0.105236 0.164497
2933 0.253356 0.561836 0.184808
7974 0.000000 0.716627 0.283373
2365 0.050489 0.523613 0.425897
7761 0.034539 0.543795 0.421667
2381 0.141134 0.151944 0.706923
2355 0.264389 0.538218 0.197392
2353 0.446393 0.133948 0.419659
7769 0.488240 0.467441 0.044319
2354 0.000000 0.207918 0.792082
2469 0.263749 0.659994 0.076257
3077 0.059302 0.502777 0.437921
7923 0.373428 0.544962 0.081611
2381 0.255696 0.545809 0.198495
7872 0.067063 0.419869 0.513068
2288 0.392767 0.155808 0.451425
8238 0.024046 0.069498 0.906456
8238 0.289678 0.018562 0.691760
2301 0.170361 0.164327 0.665312
2297 0.014624 0.084851 0.900524
2987 0.364556 0.576632 0.058812
8274 0.402445 0.037774 0.559780
7930 0.053870 0.845330 0.100800
8273 0.557405 0.387138 0.055457
2292 0.890727 0.080659 0.028615
8325 0.272837 0.634178 0.092985
8269 0.481887 0.412392 0.105721
2304 0.453020 0.492483 0.054497
2352 0.106292 0.418770 0.474938
2467 0.072334 0.130221 0.797444
2307 0.310661 0.258247 0.431092
7759 0.137891 0.441733 0.420376
8322 0.061565 0.665325 0.273110
8322 0.084047 0.194223 0.721730
8322 0.789792 0.034554 0.175655
2309 0.530115 0.345101 0.124784
2465 0.241328 0.421217 0.337455
7868 0.223089 0.644811 0.132101
2411 0.405288 0.228392 0.366319
2410 0.499164 0.134829 0.366007
2298 0.585221 0.332915 0.081865
2301 0.449151 0.294169 0.256680
2302 0.218685 0.425249 0.356066
8321 0.155361 0.134189 0.710450
8269 0.020971 0.877121 0.101908
2932 0.222229 0.618127 0.159643
7931 0.036556 0.159042 0.804403
7932 0.234383 0.552754 0.212864
2306 0.458906 0.524369 0.016725
8324 0.422712 0.231035 0.346252
7870 0.767693 0.127033 0.105273
2377 0.092957 0.743281 0.163763
2928 0.254785 0.000000 0.745215
2928 1.000000 0.000000 0.000000
7975 0.333908 0.456112 0.209981
8079 0.204810 0.168573 0.626617
2458 0.732116 0.118806 0.149078
2458 0.000000 0.893077 0.106923
2458 0.000000 0.542682 0.457318
7866 0.019358 0.698843 0.281799
2450 0.247103 0.406670 0.346227
7852 0.557969 0.207617 0.234414
7865 0.376267 0.092922 0.530811
2451 0.935396 0.000000 0.064604
7974 0.179188 0.502375 0.318437
2464 0.648674 0.052222 0.299104
7494 0.000000 0.576858 0.423142
7494 0.000000 0.654674 0.345326
2449 0.587884 0.000000 0.412116
2449 1.000000 0.000000 0.000000
2470 0.625936 0.260913 0.113150
7873 0.376822 0.108828 0.514350
7872 0.237251 0.000000 0.762749
2470 0.447876 0.346969 0.205156
2475 1.000000 0.000000 0.000000
7494 0.000000 0.224243 0.775757
7974 0.000000 0.169722 0.830278
8318 0.183050 0.766645 0.050304
2464 0.000000 0.694951 0.305049
2289 0.780364 0.117093 0.102542
8239 0.127351 0.645562 0.227086
8164 0.455426 0.121202 0.423372
8176 0.581541 0.083358 0.335101
8239 0.507182 0.302094 0.190725
8120 0.517750 0.086218 0.396032
2332 0.041263 0.342880 0.615857
2337 0.467250 0.148872 0.383878
8163 0.493895 0.061700 0.444405
7873 0.210584 0.095939 0.693478
2246 0.686365 0.134164 0.179471
2471 0.000000 0.352682 0.647318
2231 0.282220 0.551053 0.166727
2241 0.327686 0.557288 0.115025
7873 0.388659 0.418346 0.192994
2143 0.663102 0.336898 0.000000
8234 0.835573 0.041777 0.122650
8228 0.101185 0.661359 0.237455
2225 0.000000 0.000000 1.000000
2464 0.000000 0.207720 0.792280
2091 0.282267 0.527427 0.190307
8353 0.079644 0.840677 0.079680
2477 0.000000 0.793027 0.206973
8332 0.314187 0.171771 0.514042
8309 0.134673 0.375530 0.489797
6490 0.402946 0.376825 0.220229
2775 0.203982 0.713318 0.082699
2778 0.182498 0.661475 0.156026
2780 0.037356 0.855139 0.107505
8175 0.650464 0.130883 0.218653
2340 0.355834 0.234100 0.410065
6526 0.050600 0.439604 0.509796
8166 0.093521 0.448628 0.457851
2315 0.148469 0.747065 0.104467
6525 0.087459 0.371775 0.540766
1763 0.641679 0.178845 0.179476
2780 0.437603 0.016839 0.545559
8306 0.650197 0.242391 0.107412
2775 0.095572 0.329034 0.575395
6517 0.545839 0.324475 0.129685
8237 0.241074 0.476318 0.282608
2303 0.657873 0.119084 0.223043
2293 0.656418 0.244134 0.099448
8158 0.091971 0.070360 0.837669
8149 0.083137 0.693813 0.223050
8277 0.440113 0.533608 0.026279
1764 0.264325 0.475518 0.260158
8323 0.025192 0.811857 0.162951
2466 0.180761 0.026929 0.792310
2308 0.301013 0.453815 0.245172
2304 0.441595 0.190033 0.368372
8152 0.153601 0.667256 0.179143
2297 0.342059 0.640785 0.017156
3088 0.347479 0.211147 0.441374
7906 0.329661 0.636835 0.033503
2305 0.454453 0.338647 0.206899
7913 0.389285 0.112047 0.498669
7869 0.547620 0.134629 0.317751
7815 0.064484 0.654159 0.281357
8346 0.119352 0.603186 0.277462
8350 0.458330 0.099358 0.442313
8347 0.428869 0.520380 0.050751
7981 0.181667 0.072194 0.746139
2905 0.257311 0.051201 0.691488
7849 0.148124 0.605093 0.246782
2415 0.771054 0.109371 0.119575
2413 0.150922 0.479491 0.369586
2413 0.912242 0.000000 0.087758
7847 0.338887 0.079590 0.581524
7816 0.235321 0.679939 0.084741
2379 0.380158 0.410746 0.209095
7814 0.119813 0.255903 0.624284
7815 0.712589 0.047121 0.240289
2376 0.298598 0.571212 0.130191
7799 0.162090 0.309725 0.528185
7799 0.567083 0.417709 0.015208
7505 0.671675 0.067558 0.260767
7490 0.333799 0.618323 0.047879
7983 0.019703 0.251899 0.728398
7976 0.399256 0.015062 0.585682
7984 0.250228 0.608122 0.141650
7983 0.606071 0.127723 0.266205
2887 0.549867 0.144365 0.305769
2478 0.026497 0.767428 0.206074
7859 0.266505 0.320244 0.413250
2456 0.085634 0.679684 0.234682
2456 0.804794 0.131922 0.063284
2455 0.399055 0.386070 0.214875
7858 0.201544 0.188063 0.610393
2454 0.260023 0.492380 0.247596
7857 0.291144 0.087618 0.621239
2453 0.307228 0.512015 0.180758
7473 0.061221 0.388622 0.550157
2569 0.132849 0.595093 0.272058
7921 0.524146 0.183380 0.292474
2572 0.520898 0.435101 0.044000
2575 0.159124 0.395724 0.445152
7489 0.306133 0.430068 0.263798
2404 0.615752 0.301898 0.082350
2407 0.352749 0.433015 0.214236
7808 0.655940 0.219462 0.124599
2408 0.229521 0.405429 0.365050
7778 0.952792 0.004527 0.042681
2369 0.048284 0.229106 0.722610
2368 0.090457 0.338095 0.571448
2916 0.000000 0.467585 0.532415
7899 0.365752 0.173992 0.460256
3003 0.651468 0.263216 0.085316
2363 0.105311 0.616136 0.278554
7419 0.639350 0.000000 0.360650
2366 0.276166 0.346936 0.376898
7768 0.195092 0.737980 0.066928
7418 0.591661 0.103422 0.304916
2362 0.343780 0.255088 0.401132
7414 0.141961 0.132445 0.725595
7773 0.194409 0.442418 0.363174
7415 0.371742 0.197186 0.431072
7891 0.288622 0.170629 0.540749
3003 0.264792 0.000000 0.735208
2357 0.214326 0.078063 0.707611
2911 0.026986 0.166637 0.806377
2912 0.597776 0.330884 0.071340
2918 0.061862 0.869842 0.068296
2926 0.026470 0.633661 0.339870
2581 0.185636 0.113109 0.701255
7764 0.148292 0.527204 0.324504
2367 0.246490 0.491319 0.262191
3096 0.235838 0.000000 0.764162
7430 0.127369 0.122855 0.749776
2367 0.686274 0.119231 0.194494
7776 0.905364 0.012368 0.082269
7776 0.536624 0.440201 0.023175
2369 0.524131 0.075748 0.400122
7776 0.020647 0.057253 0.922099
7778 0.424013 0.526377 0.049611
7777 0.165473 0.008236 0.826292
2371 0.525920 0.166641 0.307440
2370 0.008754 0.768188 0.223058
2373 0.402322 0.371615 0.226062
2580 0.021257 0.905999 0.072744
7780 0.294937 0.411175 0.293888
2507 0.284383 0.626601 0.089017
7779 0.379655 0.025302 0.595043
2372 0.577169 0.355358 0.067473
7849 0.155816 0.121970 0.722213
2375 0.476528 0.244216 0.279256
7482 0.027555 0.451344 0.521100
7507 0.126733 0.247536 0.625731
7507 0.286404 0.696732 0.016864
2607 0.086806 0.305176 0.608018
2607 0.788701 0.017044 0.194255
7488 0.232913 0.299916 0.467171
7806 0.378973 0.431195 0.189832
7805 0.533074 0.380618 0.086308
2574 0.178547 0.210720 0.610733
7478 0.463740 0.117352 0.418908
2570 0.728075 0.004290 0.267635
2565 0.404858 0.000000 0.595142
7468 0.287302 0.112983 0.599715
7851 0.260817 0.141135 0.598049
2416 0.244517 0.135393 0.620090
7850 0.462928 0.514895 0.022176
2478 0.583580 0.416420 0.000000
7983 0.037621 0.741607 0.220773
3094 0.353268 0.185691 0.461041
7784 0.571359 0.324068 0.104573
7882 0.324209 0.499661 0.176130
7882 0.700295 0.176844 0.122861
3093 0.646535 0.324982 0.028483
7881 0.229230 0.299313 0.471457
7507 0.504599 0.150476 0.344925
7506 0.159190 0.184608 0.656202
7504 0.080087 0.776940 0.142973
7501 0.584266 0.280371 0.135363
7504 0.352220 0.130993 0.516787
2604 0.041229 0.102220 0.856552
2606 0.153318 0.088856 0.757826
2602 0.386681 0.397185 0.216134
2401 0.406755 0.113128 0.480117
2399 0.346552 0.004203 0.649245
2400 0.634175 0.269313 0.096512
2402 0.219318 0.297417 0.483265
7802 0.153191 0.479662 0.367147
7804 0.438386 0.029309 0.532305
2573 0.490916 0.177343 0.331740
7487 0.316479 0.577035 0.106486
7477 0.051573 0.565165 0.383263
2571 0.377184 0.598360 0.024456
7475 0.452024 0.122920 0.425056
7470 0.153504 0.536410 0.310086
2556 0.668941 0.000000 0.331059
2565 0.635354 0.293024 0.071622
2555 0.197054 0.445700 0.357245
7468 0.843784 0.122817 0.033400
2562 0.570839 0.011284 0.417877
7851 0.782846 0.169198 0.047956
7772 0.271265 0.216223 0.512512
2416 0.167841 0.725807 0.106352
7850 0.491932 0.026435 0.481633
2364 0.201796 0.166501 0.631702
7417 0.546544 0.321203 0.132252
7766 0.414053 0.472893 0.113054
2593 0.452523 0.016034 0.531443
2593 0.000000 0.000000 1.000000
2934 0.421609 0.457804 0.120587
7980 0.663916 0.067400 0.268684
7976 0.259179 0.704411 0.036410
2874 0.025925 0.312236 0.661839
2874 0.317304 0.502623 0.180073
7862 0.459786 0.529279 0.010935
2460 0.592605 0.009258 0.398137
2461 0.293504 0.108230 0.598266
7853 0.529661 0.206147 0.264192
3075 0.488840 0.191986 0.319174
2383 0.299140 0.599510 0.101350
2353 0.199502 0.778930 0.021568
7809 0.282255 0.619666 0.098080
7490 0.333489 0.051429 0.615082
2412 0.360097 0.427328 0.212575
7815 0.452278 0.341924 0.205798
2379 0.030608 0.399037 0.570355
2457 0.537460 0.443941 0.018600
7860 0.590636 0.213592 0.195771
7860 0.128146 0.070886 0.800968
7408 0.453961 0.534184 0.011856
2907 0.227142 0.633341 0.139517
2911 0.862554 0.047563 0.089883
7905 0.144297 0.722550 0.133153
2926 0.110394 0.086755 0.802851
2581 0.588685 0.050112 0.361203
2580 0.604322 0.283145 0.112533
2503 0.401694 0.374357 0.223949
7437 0.013518 0.630501 0.355980
7452 0.768529 0.203993 0.027477
2542 0.150958 0.386617 0.462425
7428 0.090275 0.206054 0.703671
2513 0.001845 0.051823 0.946332
7434 0.078033 0.310165 0.611802
7435 0.152741 0.250491 0.596769
2589 0.145730 0.383515 0.470755
2543 0.073365 0.015965 0.910669
7968 0.141397 0.019434 0.839169
7876 0.184263 0.235477 0.580260
2508 0.513470 0.164492 0.322039
7423 0.511696 0.182794 0.305510
7450 0.770575 0.146329 0.083097
2525 0.217676 0.579997 0.202327
7593 0.205494 0.706126 0.088379
2529 0.233994 0.625816 0.140189
2096 0.096517 0.384746 0.518737
2533 0.091238 0.567383 0.341379
2534 0.282100 0.421821 0.296079
8337 0.264108 0.547853 0.188039
2093 0.045458 0.667192 0.287351
7405 0.106667 0.736797 0.156536
2491 0.045314 0.275113 0.679574
2514 0.423247 0.308835 0.267918
7576 0.044436 0.652260 0.303304
7447 0.324372 0.587446 0.088182
7604 0.096935 0.543598 0.359467
2182 0.375170 0.213353 0.411478
2181 0.103864 0.074916 0.821220
8327 0.919432 0.033714 0.046854
2094 0.070298 0.420838 0.508864
7582 0.064067 0.069045 0.866888
7582 0.746824 0.157875 0.095300
7581 0.250154 0.227132 0.522714
2577 0.021959 0.913585 0.064456
2577 0.118577 0.382628 0.498795
7587 0.104509 0.391779 0.503713
7935 0.802992 0.074132 0.122875
2910 0.812636 0.129238 0.058126
2588 0.571734 0.019412 0.408854
2486 0.435090 0.287763 0.277147
2511 0.079369 0.043374 0.877256
2511 0.104805 0.755358 0.139837
2537 0.419386 0.578210 0.002404
2538 0.113189 0.613053 0.273758
2538 0.172590 0.020119 0.807291
2539 0.256591 0.159288 0.584121
7424 0.196119 0.260820 0.543060
7401 0.635261 0.176887 0.187853
7402 0.493245 0.472467 0.034288
2925 0.300416 0.324627 0.374958
2920 0.236602 0.524572 0.238826
7535 0.096228 0.566726 0.337046
7541 0.068756 0.033212 0.898032
2350 0.552793 0.066064 0.381143
7604 0.052664 0.166221 0.781115
7610 0.358375 0.302794 0.338832
7612 0.584350 0.012077 0.403573
7628 0.359799 0.017193 0.623008
2165 0.117704 0.882296 0.000000
2178 0.148334 0.213770 0.637896
7617 0.413869 0.274428 0.311702
7626 0.140306 0.305695 0.553999
2176 0.409998 0.183571 0.406431
7625 0.157241 0.460477 0.382282
2175 0.262249 0.211167 0.526584
8168 0.188889 0.461459 0.349652
8235 0.553077 0.312473 0.134451
2979 0.083540 0.838296 0.078164
7916 0.644717 0.278537 0.076746
8135 0.011325 0.850066 0.138609
2998 0.102688 0.715520 0.181792
8285 0.282962 0.632779 0.084259
8132 0.564968 0.305541 0.129491
8228 0.564295 0.325321 0.110383
7910 0.118549 0.762603 0.118848
2334 0.225830 0.217243 0.556926
8281 0.346523 0.343997 0.309480
2347 0.102453 0.147137 0.750410
8134 0.330078 0.641974 0.027948
2320 0.346425 0.355455 0.298120
2995 0.031116 0.598627 0.370257
2884 0.080777 0.079881 0.839342
7941 0.685836 0.000000 0.314164
8282 0.646721 0.012127 0.341151
2888 0.200869 0.648566 0.150565
2888 0.764045 0.198382 0.037573
3000 0.106718 0.704379 0.188903
8280 0.101709 0.563261 0.335030
2245 0.295428 0.542353 0.162219
8178 0.269820 0.262934 0.467246
2224 0.592076 0.109715 0.298209
646 0.278435 0.564045 0.157519
644 0.049914 0.026721 0.923365
592 0.144077 0.618403 0.237520
3 0.221582 0.283646 0.494772
762 0.733270 0.027321 0.239409
762 0.230976 0.136367 0.632657
6046 0.202673 0.339616 0.457711
6044 0.802137 0.171089 0.026774
760 0.118728 0.697540 0.183732
755 0.094710 0.156640 0.748649
715 0.891289 0.099379 0.009332
1564 0.082389 0.644117 0.273494
1564 0.319423 0.398478 0.282098
640 0.279587 0.343977 0.376436
5905 0.155340 0.818308 0.026351
762 0.289729 0.458732 0.251539
644 0.446477 0.227350 0.326173
957 0.000000 0.375157 0.624843
8082 0.383965 0.212745 0.403290
8291 0.626188 0.204144 0.169669
2942 0.480610 0.496848 0.022542
2876 0.292343 0.032149 0.675508
8296 0.152704 0.491809 0.355487
7992 0.099569 0.845255 0.055176
2881 0.170479 0.786049 0.043472
7990 0.672692 0.103479 0.223829
2968 0.029009 0.801393 0.169598
2880 0.246988 0.313955 0.439057
7991 0.628030 0.115804 0.256166
2968 0.150635 0.139967 0.709398
7992 0.291203 0.281872 0.426924
7987 0.486796 0.238466 0.274738
2879 0.533636 0.099099 0.367265
2879 0.036935 0.547734 0.415330
2939 0.358890 0.130718 0.510392
2940 0.458588 0.124438 0.416974
2955 0.788064 0.049133 0.162804
8248 0.120348 0.119219 0.760432
8252 0.778581 0.000000 0.221419
6047 0.099364 0.010020 0.890616
1559 0.203104 0.150094 0.646802
1539 0.239973 0.545829 0.214198
1513 0.792244 0.106876 0.100880
8244 0.066198 0.485797 0.448005
2948 0.362874 0.358738 0.278388
1460 0.556435 0.211774 0.231791
1456 0.061682 0.586669 0.351649
8250 0.048351 0.453585 0.498064
8297 0.171190 0.573217 0.255593
2955 0.108343 0.492591 0.399066
