4810 0.110737 0.759461 0.129803
4806 0.168326 0.747573 0.084101
4824 0.240054 0.672055 0.087891
17029 0.729589 0.103314 0.167098
17035 0.776748 0.055457 0.167796
17082 0.843224 0.034306 0.122470
4830 0.196755 0.730792 0.072453
17091 0.890843 0.091949 0.017208
4779 0.908689 0.060539 0.030772
3063 0.026361 0.941824 0.031815
17068 0.086568 0.094083 0.819348
15095 0.021021 0.916210 0.062769
2193 0.254920 0.203580 0.541500
15087 0.165047 0.796767 0.038186
22567 0.582506 0.037266 0.380227
2190 0.568832 0.409604 0.021564
14121 0.178730 0.150039 0.671231
18826 0.040940 0.635255 0.323805
2998 0.125448 0.140358 0.734194
3019 0.006297 0.106267 0.887435
18838 0.105019 0.859651 0.035330
18776 0.300411 0.095706 0.603883
18714 0.345876 0.075584 0.578540
17487 0.667800 0.003624 0.328575
4401 0.129033 0.730860 0.140107
4814 0.089162 0.620007 0.290831
4818 0.518128 0.420002 0.061870
4583 0.406498 0.577044 0.016458
916 0.438244 0.505036 0.056720
4346 0.385664 0.245354 0.368982
17101 0.543901 0.288183 0.167916
17517 0.104005 0.382395 0.513600
17062 0.045004 0.165073 0.789923
4357 0.877832 0.079632 0.042535
19302 0.027987 0.077719 0.894294
19271 0.208425 0.021142 0.770433
19298 0.050829 0.943563 0.005608
19295 0.150158 0.002007 0.847835
19266 0.133118 0.235319 0.631562
19270 0.007049 0.467619 0.525332
19488 0.066719 0.299348 0.633933
17004 0.295910 0.035006 0.669084
4931 0.078826 0.289407 0.631767
4863 0.765728 0.010126 0.224145
3087 0.699258 0.145072 0.155669
3092 0.031820 0.153868 0.814312
3093 0.280137 0.501403 0.218460
3103 0.253703 0.520379 0.225918
18769 0.573960 0.219950 0.206091
18768 0.181080 0.795602 0.023317
18765 0.128484 0.481460 0.390056
4482 0.067400 0.883216 0.049384
4564 0.167104 0.228509 0.604387
3165 0.324696 0.533958 0.141347
18988 0.118814 0.100017 0.781169
3168 0.091431 0.859100 0.049469
3138 0.212244 0.204119 0.583638
3134 0.109716 0.575985 0.314299
4926 0.698344 0.203803 0.097852
18690 0.460001 0.043437 0.496562
19019 0.265039 0.616914 0.118046
3136 0.378761 0.404888 0.216351
18728 0.258704 0.038585 0.702710
2865 0.125207 0.091583 0.783211
19025 0.215549 0.465978 0.318472
2897 0.068949 0.198462 0.732588
18973 0.291225 0.524070 0.184706
18968 0.005257 0.324922 0.669821
2905 0.841456 0.110490 0.048054
18967 0.145961 0.301478 0.552561
18972 0.294585 0.214407 0.491008
18959 0.914652 0.009333 0.076015
17447 0.108204 0.033265 0.858531
2882 0.688514 0.116177 0.195309
18991 0.022290 0.657275 0.320435
2996 0.414910 0.317882 0.267208
18982 0.227221 0.322959 0.449820
18978 0.036224 0.064407 0.899369
18872 0.057124 0.940460 0.002416
2958 0.239940 0.751941 0.008119
2963 0.506780 0.478044 0.015176
18904 0.003529 0.336914 0.659557
2970 0.470918 0.303016 0.226067
2908 0.511418 0.445629 0.042953
18898 0.275973 0.326892 0.397135
18894 0.199863 0.277807 0.522330
18890 0.012237 0.351778 0.635985
17448 0.024075 0.869682 0.106243
2843 0.046724 0.387940 0.565335
19010 0.343219 0.142454 0.514327
2830 0.384264 0.232002 0.383734
2828 0.075358 0.819093 0.105549
2832 0.401839 0.323822 0.274339
18458 0.169291 0.581210 0.249499
18879 0.338023 0.072607 0.589371
2983 0.018080 0.162432 0.819488
18909 0.104346 0.032702 0.862952
18935 0.145430 0.049924 0.804646
18939 0.047072 0.392114 0.560814
2925 0.330953 0.668834 0.000212
2924 0.120406 0.348528 0.531066
18940 0.167701 0.808795 0.023504
19013 0.957470 0.029011 0.013519
17435 0.447333 0.157571 0.395096
2946 0.721163 0.262589 0.016247
18926 0.044879 0.370488 0.584632
2950 0.647981 0.088730 0.263289
18511 0.168624 0.706026 0.125350
18451 0.474619 0.441466 0.083915
18439 0.737903 0.213063 0.049034
18499 0.776192 0.163633 0.060175
19124 0.560686 0.091004 0.348310
19231 0.209147 0.126273 0.664580
17408 0.031656 0.338484 0.629860
17403 0.113231 0.852371 0.034398
17389 0.343420 0.062834 0.593747
4470 0.720466 0.025448 0.254086
17371 0.157575 0.129716 0.712709
18919 0.056014 0.603282 0.340704
17410 0.470856 0.007812 0.521331
5415 0.191130 0.741069 0.067801
19280 0.029095 0.046226 0.924679
19238 0.323572 0.671652 0.004776
3411 0.382982 0.217671 0.399347
3407 0.117462 0.815744 0.066794
18446 0.778387 0.035084 0.186529
19093 0.862066 0.033455 0.104480
3415 0.095775 0.854074 0.050151
3424 0.942978 0.057022 0.000000
3426 0.104232 0.533769 0.361999
3422 0.099917 0.738774 0.161310
18470 0.042328 0.666161 0.291511
3440 0.782984 0.061707 0.155309
3366 0.031962 0.737758 0.230280
3362 0.081634 0.833779 0.084587
18474 0.343896 0.039421 0.616683
18387 0.029021 0.528960 0.442019
18375 0.617427 0.172137 0.210436
3489 0.105598 0.066685 0.827717
18342 0.216352 0.775306 0.008342
3519 0.277545 0.251998 0.470457
3354 0.745960 0.139569 0.114471
18475 0.206226 0.467635 0.326139
3370 0.665925 0.029219 0.304856
3375 0.047491 0.898251 0.054258
18400 0.706616 0.139614 0.153770
18627 0.736504 0.241744 0.021752
3348 0.468237 0.283992 0.247772
18424 0.474988 0.119732 0.405280
18677 0.516535 0.178948 0.304517
3249 0.181703 0.721968 0.096330
18615 0.024091 0.058038 0.917871
18599 0.176787 0.190581 0.632633
3474 0.610252 0.117604 0.272144
18412 0.231938 0.114359 0.653703
18604 0.116816 0.375200 0.507984
18622 0.484178 0.243672 0.272150
3374 0.055518 0.247604 0.696878
18679 0.304352 0.060930 0.634718
18378 0.275673 0.634899 0.089429
3497 0.137138 0.343798 0.519065
18372 0.845951 0.147110 0.006939
18682 0.358791 0.482859 0.158349
3443 0.372073 0.627927 0.000000
18417 0.700361 0.261354 0.038285
3451 0.180041 0.653724 0.166235
3506 0.770482 0.170219 0.059299
3476 0.021033 0.966145 0.012821
3472 0.336144 0.496601 0.167255
18624 0.707639 0.018067 0.274294
18636 0.522531 0.069447 0.408022
3243 0.116058 0.604329 0.279612
3187 0.877265 0.000541 0.122194
3239 0.238864 0.645355 0.115782
18617 0.060958 0.262749 0.676293
3174 0.222960 0.716868 0.060172
18665 0.129323 0.013416 0.857261
3242 0.031818 0.063674 0.904507
3211 0.887875 0.070746 0.041378
3214 0.000000 0.193217 0.806783
18539 0.058755 0.870211 0.071034
18543 0.013307 0.875055 0.111638
18651 0.280696 0.166213 0.553091
3182 0.074404 0.063935 0.861661
18656 0.058821 0.481450 0.459730
18660 0.015558 0.445075 0.539367
3323 0.011373 0.957506 0.031120
18535 0.649273 0.110246 0.240481
3317 0.637890 0.240870 0.121240
3313 0.905949 0.043682 0.050369
19208 0.014891 0.052939 0.932170
5488 0.679789 0.199098 0.121113
19068 0.041232 0.616162 0.342606
18585 0.091134 0.880283 0.028583
3312 0.045504 0.905116 0.049380
3308 0.200465 0.701851 0.097683
18529 0.111065 0.261514 0.627422
5334 0.005154 0.722176 0.272670
18557 0.085514 0.123472 0.791014
18531 0.049565 0.134503 0.815932
5147 0.164733 0.396222 0.439046
19409 0.052190 0.766251 0.181559
19414 0.008676 0.827367 0.163957
19606 0.684694 0.162701 0.152604
4959 0.236322 0.050675 0.713003
5256 0.676501 0.148542 0.174957
5261 0.110950 0.744377 0.144672
5136 0.135780 0.237845 0.626375
19419 0.049506 0.686042 0.264452
19418 0.006283 0.080204 0.913513
5122 0.614323 0.179209 0.206468
5151 0.086654 0.302332 0.611014
5134 0.923332 0.067086 0.009582
19537 0.399827 0.095354 0.504818
19531 0.454663 0.317082 0.228255
19567 0.161714 0.535321 0.302965
5130 0.545540 0.365154 0.089306
19564 0.272249 0.045908 0.681843
19557 0.182019 0.385208 0.432773
5188 0.550276 0.201003 0.248721
5191 0.059310 0.277046 0.663644
5195 0.065232 0.510373 0.424396
19494 0.118789 0.778266 0.102945
5159 0.295933 0.578992 0.125076
4406 0.248588 0.677437 0.073975
17586 0.040111 0.048237 0.911652
17599 0.377121 0.080581 0.542298
4270 0.209761 0.671153 0.119086
17604 0.085281 0.308521 0.606198
17541 0.000030 0.129747 0.870222
19289 0.344963 0.402038 0.252999
19285 0.317764 0.272967 0.409269
5444 0.168587 0.273137 0.558277
18336 0.073433 0.161266 0.765301
4489 0.568997 0.165997 0.265007
4421 0.035049 0.602131 0.362820
17326 0.310450 0.410947 0.278603
17566 0.002703 0.488050 0.509247
17440 0.413721 0.536947 0.049332
5279 0.844373 0.065880 0.089747
5264 0.224084 0.650225 0.125691
19402 0.394351 0.602067 0.003581
5252 0.209185 0.487829 0.302986
19481 0.683383 0.130987 0.185630
19685 0.487671 0.071364 0.440965
5135 0.080357 0.819423 0.100220
5207 0.338269 0.137590 0.524141
19444 0.180566 0.294585 0.524849
19441 0.198291 0.774798 0.026911
19460 0.172890 0.167966 0.659144
5216 0.313401 0.388759 0.297840
5267 0.288058 0.196557 0.515385
5271 0.374983 0.061725 0.563292
19463 0.228249 0.557317 0.214433
5278 0.798867 0.176952 0.024181
19448 0.034828 0.290497 0.674675
19692 0.036452 0.681827 0.281720
19744 0.708319 0.129655 0.162026
19569 0.108032 0.358088 0.533880
5240 0.117093 0.276017 0.606890
19451 0.528586 0.111949 0.359465
19446 0.268161 0.508930 0.222908
4994 0.234734 0.075786 0.689480
19660 0.141823 0.745737 0.112440
19664 0.183379 0.402545 0.414077
19672 0.653428 0.256197 0.090376
5212 0.061187 0.024018 0.914795
19707 0.260821 0.093333 0.645846
4944 0.873954 0.016366 0.109681
19732 0.097793 0.741951 0.160256
19131 0.168043 0.136976 0.694981
5080 0.174883 0.653927 0.171190
19649 0.585847 0.175278 0.238875
5066 0.000963 0.211623 0.787414
19601 0.484540 0.117373 0.398087
4969 0.152352 0.595135 0.252513
19720 0.667782 0.026736 0.305482
19714 0.050543 0.234868 0.714589
4945 0.007570 0.436560 0.555871
5531 0.400748 0.035668 0.563584
4937 0.327949 0.648553 0.023499
19590 0.116968 0.673751 0.209281
5090 0.641177 0.263742 0.095081
5106 0.675620 0.172462 0.151918
19624 0.827218 0.148112 0.024670
5034 0.220388 0.482003 0.297609
19168 0.307665 0.673070 0.019265
5044 0.049037 0.581912 0.369051
5288 0.473378 0.266920 0.259701
19136 0.362285 0.482812 0.154903
19626 0.021109 0.535213 0.443678
5033 0.576068 0.408648 0.015284
19145 0.752811 0.221287 0.025903
19146 0.075006 0.468948 0.456046
5075 0.307172 0.103222 0.589606
19144 0.274258 0.560612 0.165130
19141 0.148311 0.447678 0.404010
5523 0.086579 0.050056 0.863365
19574 0.128776 0.069114 0.802110
19064 0.342985 0.433574 0.223441
19192 0.314560 0.023216 0.662224
19047 0.803734 0.050330 0.145936
19052 0.091441 0.110112 0.798448
19055 0.181893 0.156722 0.661385
5635 0.695882 0.206956 0.097162
5632 0.253699 0.161449 0.584852
19150 0.174147 0.162086 0.663767
19174 0.071909 0.247462 0.680629
5534 0.786327 0.022334 0.191340
19207 0.043284 0.688144 0.268571
5479 0.234479 0.747138 0.018384
5507 0.047427 0.912893 0.039680
19175 0.573730 0.245449 0.180821
5473 0.000000 0.054381 0.945619
5468 0.182224 0.337071 0.480705
5486 0.172683 0.718386 0.108931
9456 0.101842 0.024010 0.874148
9342 0.171476 0.080634 0.747890
19065 0.769045 0.210556 0.020399
16569 0.132040 0.311500 0.556460
5338 0.185497 0.139644 0.674858
5343 0.365598 0.386307 0.248095
5346 0.379989 0.489970 0.130041
5599 0.810274 0.187198 0.002528
19054 0.810557 0.164852 0.024591
5636 0.452427 0.416103 0.131471
5633 0.368646 0.113755 0.517599
5629 0.920382 0.076312 0.003306
19113 0.849651 0.138233 0.012116
19118 0.104960 0.050959 0.844080
19321 0.337392 0.305070 0.357538
19099 0.103224 0.051655 0.845121
5594 0.892503 0.083057 0.024440
18428 0.782298 0.088652 0.129050
18445 0.651459 0.001611 0.346930
18504 0.839270 0.033030 0.127701
5581 0.036693 0.809439 0.153868
5578 0.207535 0.075733 0.716731
5351 0.080709 0.574742 0.344550
19328 0.255720 0.722763 0.021517
19367 0.218635 0.160187 0.621178
5318 0.319792 0.316391 0.363817
19248 0.114076 0.093070 0.792854
19252 0.005939 0.468356 0.525705
19256 0.002355 0.808892 0.188754
5290 0.450694 0.524348 0.024957
5327 0.255272 0.516260 0.228467
5361 0.111980 0.677378 0.210642
5309 0.204908 0.532236 0.262855
19219 0.506982 0.058362 0.434657
5292 0.000000 0.804236 0.195764
4240 0.000000 0.480245 0.519755
4240 0.000000 0.815524 0.184476
4232 0.000000 0.133828 0.866172
5432 0.246946 0.556332 0.196722
17423 0.140969 0.691298 0.167734
17428 0.064018 0.197083 0.738899
17366 0.112429 0.625558 0.262012
17409 0.194036 0.008686 0.797277
5429 0.033161 0.481855 0.484983
4233 0.016668 0.596635 0.386696
4313 0.000000 0.354291 0.645709
19237 0.058505 0.063050 0.878445
19283 0.184824 0.746755 0.068421
5397 0.081180 0.716817 0.202003
19301 0.019465 0.910437 0.070099
5410 0.897572 0.040533 0.061895
5404 0.040826 0.130721 0.828453
17391 0.122229 0.042142 0.835629
5399 0.633021 0.337304 0.029675
18974 0.792504 0.127195 0.080300
18953 0.731559 0.070443 0.197998
18928 0.946529 0.003173 0.050297
4414 0.251348 0.400538 0.348115
4411 0.641812 0.250970 0.107218
4409 0.311432 0.376797 0.311771
17369 0.019082 0.018590 0.962328
4454 0.233998 0.093765 0.672237
17331 0.009021 0.835065 0.155914
19258 0.975147 0.024041 0.000812
4580 0.083297 0.761326 0.155376
17308 0.321279 0.492443 0.186277
17313 0.944142 0.011321 0.044538
17316 0.131845 0.430986 0.437169
4552 0.122342 0.093617 0.784041
17280 0.913770 0.000000 0.086230
4542 0.542655 0.105477 0.351869
4560 0.045866 0.930684 0.023450
17292 0.077843 0.435157 0.486999
4250 0.695273 0.000000 0.304727
17551 0.599980 0.009710 0.390310
17553 0.205927 0.537135 0.256938
4281 0.061452 0.325783 0.612765
17303 0.160581 0.266627 0.572792
4512 0.180755 0.667509 0.151735
17319 0.198441 0.178230 0.623329
4508 0.784423 0.092831 0.122745
4535 0.822832 0.156806 0.020363
4534 0.050050 0.752607 0.197343
17453 0.201981 0.093585 0.704434
17579 0.077926 0.073555 0.848519
17583 0.175861 0.580076 0.244063
17552 0.360399 0.549919 0.089682
17613 0.751925 0.115458 0.132617
4299 0.569145 0.292434 0.138421
4274 0.298636 0.540333 0.161031
4247 0.141804 0.349192 0.509005
17609 0.074030 0.733036 0.192935
4245 0.000000 0.537510 0.462490
4242 0.844495 0.000000 0.155505
4312 0.000000 0.834816 0.165184
4312 0.000000 0.761514 0.238486
4242 0.825960 0.000000 0.174040
16966 0.625347 0.361100 0.013552
4909 0.890675 0.031040 0.078284
16964 0.089301 0.244467 0.666232
16960 0.311964 0.150527 0.537509
4783 0.008307 0.126151 0.865542
16969 0.620847 0.365921 0.013232
4264 0.035782 0.217216 0.747002
17077 0.036847 0.216675 0.746478
17074 0.548038 0.241741 0.210221
16935 0.250870 0.129885 0.619245
17185 0.214109 0.670508 0.115383
18149 0.152047 0.178420 0.669533
4332 0.064762 0.746874 0.188364
4336 0.124831 0.788303 0.086865
17531 0.008161 0.874583 0.117256
4389 0.115062 0.130365 0.754573
4393 0.324336 0.140868 0.534796
4397 0.300310 0.088564 0.611126
1466 0.072297 0.012801 0.914901
1475 0.080302 0.869421 0.050277
14343 0.143780 0.784222 0.071998
1615 0.054030 0.118884 0.827086
1611 0.026382 0.111278 0.862340
4382 0.957418 0.021858 0.020723
17494 0.949876 0.043582 0.006542
17490 0.810091 0.044273 0.145636
17205 0.592133 0.041700 0.366168
17209 0.256104 0.130120 0.613776
18147 0.189811 0.534209 0.275981
17229 0.004603 0.791419 0.203978
920 0.015770 0.895871 0.088359
4637 0.066064 0.854280 0.079656
4632 0.103584 0.087644 0.808772
4668 0.181452 0.127715 0.690833
4593 0.242246 0.179878 0.577876
4588 0.385884 0.056539 0.557576
17254 0.423414 0.457785 0.118801
17249 0.434000 0.512458 0.053542
4620 0.461127 0.183688 0.355185
4616 0.366253 0.377455 0.256292
4612 0.417791 0.373591 0.208618
4608 0.258543 0.576930 0.164527
17137 0.910030 0.072592 0.017378
4771 0.098346 0.893710 0.007944
4769 0.120055 0.061769 0.818176
4765 0.926316 0.070006 0.003678
4667 0.011865 0.729977 0.258158
17108 0.068308 0.889625 0.042067
17105 0.203245 0.116332 0.680423
4719 0.338414 0.329072 0.332514
4724 0.554021 0.305930 0.140050
17121 0.059304 0.571918 0.368778
17147 0.048351 0.632408 0.319241
17173 0.076962 0.559339 0.363699
4743 0.720176 0.125437 0.154387
4897 0.230645 0.039588 0.729767
4910 0.354844 0.162735 0.482421
4857 0.000000 0.965038 0.034962
16944 0.000000 0.303095 0.696905
17002 0.000000 0.205051 0.794949
16977 0.000000 0.613781 0.386219
16984 0.000000 0.770501 0.229499
4872 0.000000 0.000000 1.000000
4932 0.000000 0.000000 1.000000
16940 0.000000 0.051862 0.948138
16940 0.206257 0.588745 0.204997
16996 0.535563 0.359086 0.105351
4865 0.622579 0.294168 0.083253
16981 0.766721 0.167205 0.066074
16988 0.022339 0.169554 0.808106
4885 0.606621 0.338170 0.055209
4877 0.258159 0.021118 0.720723
4759 0.000000 0.408828 0.591172
17005 0.000000 0.294883 0.705117
4722 0.340323 0.653125 0.006552
17178 0.043821 0.733243 0.222936
977 0.299335 0.103669 0.596996
750 0.331632 0.083385 0.584983
718 0.431797 0.151202 0.417001
1670 0.379838 0.272941 0.347221
15294 0.167393 0.430191 0.402416
15267 0.177493 0.306425 0.516082
15263 0.160275 0.224788 0.614937
15259 0.222003 0.202427 0.575570
15255 0.468456 0.258254 0.273290
1602 0.691727 0.176406 0.131867
17132 0.016301 0.244733 0.738966
1594 0.473208 0.508082 0.018710
17140 0.091373 0.796973 0.111654
4729 0.179526 0.770582 0.049893
4734 0.249546 0.659610 0.090845
939 0.026214 0.418327 0.555459
4656 0.486273 0.267983 0.245743
18129 0.296347 0.135863 0.567790
17270 0.252367 0.165921 0.581712
17274 0.287541 0.157827 0.554632
18019 0.550640 0.016762 0.432598
18074 0.785959 0.020349 0.193691
18312 0.690756 0.185501 0.123744
930 0.710947 0.286637 0.002416
926 0.250388 0.721180 0.028432
947 0.125032 0.736335 0.138633
962 0.348885 0.442490 0.208625
18116 0.470180 0.330162 0.199658
18142 0.131296 0.820550 0.048154
996 0.465790 0.105085 0.429125
4658 0.161799 0.401710 0.436492
952 0.043112 0.735295 0.221593
953 0.715022 0.221211 0.063766
4691 0.295610 0.389204 0.315186
18099 0.887323 0.040845 0.071832
18098 0.024491 0.208783 0.766727
17632 0.132278 0.163901 0.703822
4697 0.058161 0.234090 0.707748
17165 0.062802 0.067089 0.870109
4680 0.918489 0.040642 0.040869
17154 0.855758 0.104260 0.039982
17150 0.851917 0.071935 0.076149
17149 0.132837 0.058288 0.808875
18097 0.193566 0.735081 0.071353
18334 0.155038 0.567447 0.277514
17164 0.002639 0.664376 0.332984
4674 0.059196 0.887996 0.052808
933 0.081357 0.866441 0.052202
937 0.133666 0.474251 0.392083
712 0.235658 0.727369 0.036973
18299 0.982619 0.009281 0.008100
18298 0.093847 0.074533 0.831620
18311 0.175469 0.138678 0.685853
18306 0.353713 0.036515 0.609772
14354 0.040698 0.602794 0.356508
1755 0.465735 0.406510 0.127755
1493 0.321901 0.618203 0.059896
839 0.086419 0.074328 0.839252
18188 0.583422 0.395336 0.021242
882 0.732773 0.042074 0.225153
886 0.455960 0.078163 0.465878
18118 0.190487 0.699680 0.109833
4602 0.114177 0.610006 0.275817
770 0.419946 0.437550 0.142505
18296 0.015219 0.689898 0.294883
18300 0.009856 0.884345 0.105799
18268 0.912161 0.036810 0.051029
18315 0.033447 0.208082 0.758470
18319 0.005611 0.223765 0.770624
975 0.626119 0.157954 0.215928
971 0.424428 0.490582 0.084990
1000 0.197672 0.722326 0.080002
1007 0.029670 0.716741 0.253589
1003 0.455583 0.489024 0.055393
18249 0.073386 0.409300 0.517314
968 0.184686 0.460950 0.354365
1030 0.167209 0.132685 0.700107
18015 0.055547 0.567758 0.376694
17986 0.023255 0.059692 0.917054
1017 0.093233 0.072715 0.834052
18003 0.203071 0.144804 0.652125
1035 0.305244 0.451664 0.243093
993 0.191765 0.327997 0.480238
17755 0.000000 0.662183 0.337817
819 0.371750 0.230278 0.397973
4342 0.649156 0.178572 0.172272
4640 0.163353 0.720626 0.116021
17267 0.355356 0.112968 0.531676
1046 0.711177 0.135656 0.153168
1042 0.385028 0.533442 0.081530
1038 0.090323 0.689747 0.219930
18057 0.371315 0.029594 0.599091
18066 0.094791 0.031942 0.873267
18059 0.040256 0.121767 0.837977
983 0.545077 0.312859 0.142065
1290 0.586878 0.413122 0.000000
18253 0.132881 0.526339 0.340780
18173 0.503318 0.190537 0.306145
17711 0.135264 0.698381 0.166356
17715 0.005380 0.747532 0.247089
866 0.230052 0.682897 0.087051
862 0.137636 0.760507 0.101858
1166 0.087210 0.844153 0.068636
1184 0.107639 0.872921 0.019440
17684 0.093909 0.040712 0.865380
17688 0.764453 0.118113 0.117434
1172 0.092926 0.905229 0.001845
21694 0.145009 0.684089 0.170902
21502 0.143817 0.491881 0.364302
21369 0.807122 0.110386 0.082492
18178 0.153675 0.707259 0.139067
18204 0.009467 0.857021 0.133512
1382 0.181556 0.724245 0.094199
1378 0.183086 0.716325 0.100590
1375 0.088605 0.807881 0.103514
1370 0.045639 0.826029 0.128332
17636 0.922428 0.040392 0.037179
19748 0.021958 0.134206 0.843836
433 0.330989 0.597083 0.071929
17759 0.000000 0.207634 0.792366
836 0.060506 0.259108 0.680387
806 0.072444 0.821866 0.105690
18194 0.354877 0.035753 0.609370
18169 0.183069 0.062558 0.754373
18330 0.090504 0.744050 0.165446
737 0.093381 0.768096 0.138523
18193 0.710495 0.285662 0.003843
15513 0.200427 0.475724 0.323849
1359 0.717533 0.222454 0.060013
1120 0.114020 0.736557 0.149423
18225 0.194039 0.003505 0.802456
18207 0.732929 0.181998 0.085073
799 0.132956 0.468026 0.399018
794 0.103422 0.160510 0.736067
815 0.109588 0.553904 0.336508
18222 0.586192 0.104271 0.309537
17806 0.251108 0.393285 0.355606
820 0.217821 0.718566 0.063613
17723 0.000000 0.448687 0.551313
17755 0.309590 0.130995 0.559415
1292 0.916822 0.000000 0.083178
17664 0.034661 0.076226 0.889114
1255 0.078039 0.881422 0.040540
1270 0.105243 0.769112 0.125646
1266 0.037130 0.833933 0.128937
17762 0.878163 0.018171 0.103666
17639 0.022211 0.035302 0.942487
17790 0.135368 0.625986 0.238647
17792 0.920828 0.042491 0.036682
17805 0.936767 0.023584 0.039649
1251 0.861667 0.078752 0.059581
1247 0.905123 0.049966 0.044911
17659 0.052458 0.065845 0.881697
1285 0.195031 0.149309 0.655661
17724 0.883276 0.089345 0.027379
17799 0.040092 0.081759 0.878149
17803 0.081209 0.198253 0.720538
17785 0.043616 0.046135 0.910250
17767 0.047127 0.925970 0.026903
1387 0.036538 0.115142 0.848321
17644 0.813010 0.032196 0.154794
17731 0.040331 0.957422 0.002247
1316 0.059460 0.082119 0.858421
1312 0.011724 0.025649 0.962627
17704 0.043767 0.052312 0.903920
17837 0.069149 0.824637 0.106214
1207 0.012965 0.404166 0.582869
1204 0.793594 0.128272 0.078134
17829 0.050020 0.072622 0.877358
17891 0.085235 0.115557 0.799209
21629 0.106149 0.114982 0.778870
17919 0.065481 0.700974 0.233545
17923 0.028083 0.734583 0.237334
1331 0.199278 0.769085 0.031638
17931 0.053842 0.841504 0.104654
17935 0.108482 0.849523 0.041995
17932 0.265469 0.017494 0.717037
1116 0.798365 0.084465 0.117170
17903 0.200114 0.068888 0.730998
1350 0.218089 0.775812 0.006099
1346 0.183237 0.782224 0.034539
17916 0.017672 0.839657 0.142671
17963 0.085747 0.854538 0.059715
17967 0.087119 0.166967 0.745914
21660 0.860019 0.017531 0.122450
17899 0.049967 0.070040 0.879993
1102 0.143603 0.042254 0.814144
1123 0.190628 0.702090 0.107282
1138 0.142262 0.779568 0.078170
1134 0.146611 0.851741 0.001648
1066 0.092373 0.015205 0.892423
21656 0.913736 0.044444 0.041820
17972 0.381099 0.225393 0.393508
17978 0.092956 0.629745 0.277298
17971 0.162298 0.648896 0.188806
1067 0.136384 0.664505 0.199111
1062 0.175764 0.746376 0.077860
21615 0.028282 0.876658 0.095060
21661 0.976662 0.010783 0.012556
1165 0.176013 0.771391 0.052596
17857 0.012271 0.778605 0.209124
17862 0.074704 0.720235 0.205061
17955 0.405317 0.186754 0.407928
1095 0.391003 0.313291 0.295705
17835 0.088497 0.421744 0.489760
17876 0.089490 0.481742 0.428768
17879 0.064747 0.023809 0.911444
17889 0.064612 0.393405 0.541982
17816 0.048973 0.219446 0.731581
1211 0.100027 0.760660 0.139313
1224 0.352421 0.609217 0.038362
17812 0.045103 0.098970 0.855927
21610 0.159281 0.818352 0.022366
225 0.855226 0.038601 0.106173
17854 0.091228 0.092377 0.816395
429 0.689415 0.288391 0.022194
425 0.687686 0.056746 0.255568
369 0.534555 0.208442 0.257003
236 0.002326 0.920603 0.077071
62 0.068892 0.859922 0.071186
259 0.150508 0.732755 0.116737
21616 0.070488 0.074227 0.855285
21603 0.100934 0.070753 0.828313
21584 0.070595 0.870072 0.059332
338 0.912394 0.022204 0.065402
192 0.878342 0.111261 0.010397
243 0.046601 0.903243 0.050156
246 0.076966 0.098301 0.824732
21613 0.899058 0.003349 0.097593
21662 0.037606 0.911802 0.050592
21667 0.049697 0.755605 0.194699
212 0.307851 0.476655 0.215495
216 0.311769 0.626752 0.061480
21658 0.035238 0.629056 0.335706
21654 0.102650 0.633923 0.263428
282 0.942823 0.040147 0.017030
263 0.118236 0.741534 0.140230
21545 0.054903 0.787844 0.157253
21549 0.079601 0.754374 0.166025
21531 0.002660 0.763172 0.234168
21516 0.199207 0.781893 0.018900
309 0.008103 0.257007 0.734890
21521 0.079652 0.110608 0.809740
21525 0.043184 0.019101 0.937715
21802 0.056169 0.121940 0.821891
287 0.825668 0.112225 0.062107
21812 0.004536 0.634403 0.361062
139 0.056766 0.914525 0.028709
21366 0.965391 0.010493 0.024115
21364 0.058058 0.032690 0.909252
21557 0.003344 0.048421 0.948235
388 0.003917 0.010386 0.985696
21568 0.012521 0.858339 0.129141
21230 0.005267 0.874081 0.120652
620 0.018974 0.615395 0.365631
566 0.082347 0.713281 0.204373
294 0.960189 0.031713 0.008099
21685 0.898335 0.008127 0.093538
21571 0.898802 0.021228 0.079969
21318 0.127979 0.737543 0.134478
21314 0.038633 0.823666 0.137701
605 0.298157 0.477730 0.224113
609 0.437240 0.454406 0.108354
594 0.056022 0.849903 0.094075
21265 0.091717 0.795877 0.112406
546 0.495673 0.107791 0.396536
695 0.343913 0.485140 0.170947
21174 0.163233 0.423522 0.413245
682 0.852785 0.029035 0.118180
21188 0.341370 0.213070 0.445560
21192 0.948031 0.043025 0.008944
670 0.078005 0.249213 0.672782
21179 0.437429 0.190073 0.372498
21462 0.150930 0.154130 0.694940
21431 0.112740 0.488381 0.398879
632 0.174519 0.588515 0.236967
21240 0.013805 0.568896 0.417298
629 0.333306 0.168704 0.497990
626 0.553000 0.149507 0.297493
639 0.051998 0.432455 0.515547
21706 0.067559 0.721509 0.210933
170 0.018837 0.971258 0.009905
166 0.155255 0.586190 0.258555
162 0.846881 0.007994 0.145125
158 0.523466 0.446625 0.029909
21763 0.097121 0.557651 0.345229
21766 0.520046 0.436472 0.043482
141 0.721621 0.270401 0.007977
21469 0.163947 0.598411 0.237641
21503 0.104992 0.550862 0.344146
78 0.721904 0.269306 0.008790
74 0.827506 0.159525 0.012969
21844 0.277526 0.191765 0.530709
69 0.687707 0.170738 0.141556
21851 0.789904 0.103804 0.106292
54 0.056497 0.920827 0.022676
49 0.178817 0.566318 0.254865
21781 0.018120 0.426182 0.555699
21785 0.276356 0.377490 0.346154
21788 0.096595 0.061356 0.842050
151 0.064036 0.320482 0.615482
21824 0.153768 0.208285 0.637947
31 0.504171 0.378649 0.117180
23 0.029676 0.757666 0.212658
3 0.572177 0.405886 0.021938
21726 0.158771 0.649509 0.191719
21834 0.793336 0.106176 0.100488
21722 0.066516 0.053206 0.880278
21476 0.366669 0.039639 0.593692
21471 0.542331 0.082800 0.374869
366 0.204893 0.646923 0.148184
21748 0.166233 0.345070 0.488697
21744 0.152417 0.632449 0.215134
109 0.534321 0.292888 0.172791
91 0.499503 0.109606 0.390890
95 0.159485 0.319399 0.521115
99 0.291056 0.697666 0.011278
21251 0.494499 0.369532 0.135969
114 0.728564 0.078296 0.193140
174 0.757075 0.126552 0.116373
21279 0.249165 0.197414 0.553421
21280 0.130404 0.497470 0.372126
21284 0.080832 0.888348 0.030820
21277 0.093531 0.797447 0.109022
568 0.100167 0.101433 0.798400
21309 0.007928 0.245059 0.747013
21297 0.604067 0.123002 0.272931
21293 0.039177 0.277077 0.683746
21292 0.294045 0.285364 0.420590
543 0.071689 0.360156 0.568155
558 0.180415 0.469090 0.350495
554 0.100410 0.285797 0.613793
553 0.205795 0.108667 0.685538
614 0.087005 0.681961 0.231034
538 0.002409 0.698022 0.299568
673 0.389866 0.530608 0.079526
21215 0.274807 0.560008 0.165185
21219 0.078578 0.844630 0.076792
701 0.115763 0.760081 0.124155
669 0.356697 0.374530 0.268773
21164 0.130930 0.774509 0.094561
21448 0.192872 0.076969 0.730158
21243 0.287824 0.330746 0.381429
655 0.311337 0.688663 0.000000
21217 0.916896 0.035783 0.047321
652 0.278460 0.554002 0.167537
21445 0.190698 0.645327 0.163975
644 0.127390 0.103710 0.768900
412 0.804611 0.142680 0.052708
408 0.564237 0.224958 0.210805
21425 0.199512 0.597352 0.203136
406 0.711877 0.187356 0.100768
21428 0.210589 0.350681 0.438730
397 0.390939 0.498227 0.110834
418 0.060244 0.498519 0.441237
21373 0.870626 0.075636 0.053738
21355 0.862151 0.027812 0.110038
21938 0.187064 0.031689 0.781247
2142 0.095000 0.855400 0.049600
2321 0.023008 0.862019 0.114973
14489 0.015707 0.057477 0.926816
2688 0.038407 0.007849 0.953744
14909 0.076524 0.123510 0.799965
465 0.820584 0.086326 0.093090
1408 0.821486 0.009338 0.169176
2352 0.262886 0.640721 0.096393
21338 0.015118 0.628911 0.355972
14868 0.119260 0.757864 0.122876
2136 0.304173 0.625382 0.070445
15080 0.001243 0.966304 0.032454
2360 0.049473 0.294812 0.655715
21910 0.629791 0.155504 0.214705
15043 0.070245 0.417912 0.511843
15064 0.024214 0.482268 0.493518
14237 0.027788 0.860333 0.111879
2009 0.505040 0.343544 0.151416
15150 0.959250 0.038352 0.002397
14278 0.049214 0.050047 0.900739
1997 0.900539 0.067327 0.032134
14242 0.024923 0.146165 0.828912
1521 0.912182 0.017264 0.070554
21411 0.051333 0.046652 0.902015
21391 0.090953 0.875137 0.033910
480 0.177761 0.762303 0.059936
22343 0.000786 0.707121 0.292093
22325 0.125249 0.489101 0.385650
14873 0.114731 0.768933 0.116336
2117 0.545696 0.442883 0.011421
21394 0.038659 0.926274 0.035068
21861 0.025581 0.775388 0.199031
22328 0.037346 0.588248 0.374405
2282 0.901333 0.059804 0.038862
15085 0.018796 0.645149 0.336055
487 0.061883 0.005806 0.932311
21353 0.947124 0.000891 0.051985
21387 0.007816 0.874632 0.117552
21379 0.045185 0.126647 0.828167
2302 0.526478 0.328026 0.145495
488 0.077284 0.889881 0.032834
21347 0.023564 0.049773 0.926664
21351 0.026643 0.056991 0.916367
2373 0.746452 0.238227 0.015320
517 0.097367 0.112231 0.790402
2383 0.039132 0.931448 0.029420
2388 0.031575 0.942318 0.026107
15016 0.027015 0.057260 0.915725
15029 0.245542 0.112428 0.642030
22330 0.211101 0.269673 0.519226
21926 0.079865 0.065390 0.854745
21921 0.036700 0.155355 0.807945
11393 0.021997 0.204327 0.773675
2330 0.828372 0.107230 0.064398
2454 0.468134 0.030043 0.501823
21917 0.086585 0.890082 0.023332
15032 0.021736 0.018241 0.960022
2379 0.883217 0.109448 0.007335
2438 0.867213 0.032715 0.100072
21381 0.254153 0.145247 0.600600
15037 0.091960 0.891802 0.016238
15033 0.024664 0.953338 0.021998
15005 0.100058 0.020586 0.879356
14859 0.944297 0.000169 0.055534
2369 0.680778 0.144029 0.175193
2444 0.079814 0.911268 0.008918
15059 0.945917 0.010553 0.043530
2458 0.121052 0.035341 0.843607
2701 0.885178 0.016253 0.098568
1499 0.145338 0.763473 0.091189
14643 0.010927 0.043539 0.945534
2160 0.149494 0.716665 0.133841
15121 0.021597 0.127947 0.850457
14864 0.903865 0.079867 0.016267
2399 0.114629 0.870847 0.014525
2201 0.000371 0.012935 0.986694
2398 0.028991 0.120178 0.850832
15019 0.070715 0.909076 0.020209
2164 0.052895 0.905811 0.041294
15147 0.052637 0.859059 0.088303
15155 0.071580 0.877317 0.051103
15160 0.008503 0.979028 0.012469
15120 0.913927 0.045192 0.040880
2012 0.645515 0.236200 0.118286
15139 0.739296 0.147877 0.112827
15111 0.021788 0.095816 0.882396
15094 0.939429 0.056481 0.004089
15076 0.172584 0.708651 0.118766
15106 0.559785 0.407939 0.032277
15189 0.152977 0.414854 0.432169
15336 0.040627 0.942675 0.016698
16445 0.095423 0.011854 0.892723
444 0.011674 0.905203 0.083123
15006 0.100210 0.086402 0.813388
2154 0.301323 0.644127 0.054550
14888 0.037271 0.108676 0.854053
9382 0.896758 0.018900 0.084343
14519 0.891766 0.064891 0.043343
1763 0.897855 0.019209 0.082936
1773 0.022899 0.042354 0.934747
14760 0.082232 0.063639 0.854129
1829 0.103952 0.679699 0.216349
14568 0.190848 0.099042 0.710109
9352 0.769133 0.091309 0.139558
14576 0.832223 0.089054 0.078722
1906 0.813842 0.164987 0.021171
14472 0.001855 0.020535 0.977609
14496 0.040042 0.076644 0.883314
1863 0.930455 0.060157 0.009387
14495 0.022794 0.048099 0.929107
14487 0.029846 0.046079 0.924075
1872 0.941601 0.006474 0.051925
14607 0.015216 0.020909 0.963875
15230 0.136363 0.071329 0.792308
15463 0.099330 0.148529 0.752141
1934 0.052969 0.897730 0.049301
14527 0.881242 0.000404 0.118354
1874 0.135833 0.819499 0.044668
14603 0.050465 0.199639 0.749896
2779 0.863162 0.100298 0.036539
15373 0.106142 0.097695 0.796163
2816 0.093259 0.828730 0.078011
2812 0.130866 0.747310 0.121824
2808 0.977586 0.015804 0.006610
15355 0.926470 0.066486 0.007044
2278 0.041161 0.952812 0.006026
15466 0.151347 0.834885 0.013768
2483 0.149750 0.189669 0.660581
2521 0.734016 0.256665 0.009319
2552 0.553286 0.393551 0.053164
15496 0.045592 0.390982 0.563427
15470 0.066780 0.283175 0.650046
2770 0.013836 0.911417 0.074748
15183 0.158191 0.472894 0.368915
2508 0.440809 0.532134 0.027057
2504 0.840620 0.003195 0.156184
2509 0.357811 0.504248 0.137941
15221 0.032433 0.016583 0.950984
15220 0.057846 0.545335 0.396819
2621 0.039917 0.881795 0.078288
2211 0.039508 0.544622 0.415870
2207 0.780045 0.144862 0.075093
14844 0.125581 0.177808 0.696611
14840 0.962963 0.015680 0.021358
2683 0.081630 0.140538 0.777832
2679 0.009881 0.141558 0.848562
1643 0.043263 0.941068 0.015669
15190 0.017127 0.937563 0.045311
2664 0.235176 0.667838 0.096987
15306 0.207491 0.470896 0.321613
2277 0.037700 0.912220 0.050080
2270 0.978421 0.002762 0.018817
14819 0.894934 0.047530 0.057536
14815 0.090235 0.134627 0.775138
14972 0.016504 0.047300 0.936196
2279 0.975447 0.020995 0.003558
2247 0.098122 0.901617 0.000261
14816 0.169959 0.209374 0.620667
2230 0.122542 0.601821 0.275637
2705 0.706971 0.082076 0.210953
14969 0.026854 0.941319 0.031826
2235 0.078505 0.885675 0.035821
14955 0.713225 0.061145 0.225630
2702 0.101893 0.185427 0.712680
14947 0.715711 0.067365 0.216924
14984 0.833958 0.075280 0.090762
14491 0.051735 0.028362 0.919903
14545 0.980960 0.006221 0.012819
1661 0.001156 0.024977 0.973867
14901 0.061687 0.917765 0.020548
15305 0.823978 0.026767 0.149255
2656 0.021537 0.044911 0.933552
15392 0.173129 0.208917 0.617954
2732 0.940145 0.057344 0.002511
2668 0.010890 0.133045 0.856066
15394 0.164222 0.030264 0.805514
15398 0.214733 0.018259 0.767008
15401 0.077147 0.014463 0.908390
2789 0.000927 0.110333 0.888739
2797 0.239468 0.609288 0.151243
2815 0.031088 0.160728 0.808184
2811 0.001814 0.195154 0.803032
15356 0.035844 0.113954 0.850202
2674 0.914161 0.041230 0.044610
15480 0.017448 0.871010 0.111541
15475 0.078861 0.093464 0.827675
15378 0.058240 0.873346 0.068414
2748 0.069549 0.798884 0.131567
2749 0.927963 0.010006 0.062031
15427 0.953481 0.012741 0.033779
2530 0.123868 0.840188 0.035944
2515 0.025693 0.086364 0.887942
2533 0.060755 0.915719 0.023526
15484 0.015348 0.959118 0.025534
2764 0.141629 0.790049 0.068322
2767 0.103880 0.842454 0.053666
15209 0.147805 0.721908 0.130287
15238 0.149741 0.797405 0.052854
2485 0.478369 0.432393 0.089238
2532 0.642278 0.266880 0.090843
2537 0.371776 0.191060 0.437164
2541 0.129754 0.681804 0.188442
15454 0.061669 0.478271 0.460060
2615 0.341352 0.595938 0.062710
15246 0.035922 0.897355 0.066723
2612 0.275407 0.603076 0.121517
2608 0.320885 0.168929 0.510187
15248 0.831677 0.151400 0.016923
15199 0.069942 0.386237 0.543822
2560 0.041598 0.366915 0.591487
2592 0.019768 0.764687 0.215545
15171 0.278222 0.701351 0.020426
2599 0.028818 0.298026 0.673157
15168 0.744484 0.048636 0.206880
1631 0.954609 0.044026 0.001366
1736 0.243618 0.144352 0.612030
14323 0.428066 0.242267 0.329667
14423 0.400494 0.197677 0.401829
14387 0.097605 0.689754 0.212642
14397 0.412059 0.398168 0.189773
14693 0.069988 0.444097 0.485915
1965 0.926738 0.014381 0.058881
15288 0.098553 0.035171 0.866276
14737 0.890389 0.014745 0.094866
14804 0.371824 0.239428 0.388748
1587 0.332840 0.240954 0.426206
14395 0.002614 0.346607 0.650779
1977 0.828886 0.168791 0.002323
14167 0.097540 0.087284 0.815176
14164 0.023330 0.264060 0.712610
14169 0.114071 0.482827 0.403102
14158 0.868238 0.114395 0.017367
14125 0.146739 0.621413 0.231849
1541 0.398750 0.515623 0.085627
1516 0.721958 0.028848 0.249194
14332 0.105228 0.863346 0.031426
14298 0.105106 0.693934 0.200959
14310 0.527036 0.191575 0.281389
1695 0.081030 0.631903 0.287067
1753 0.192464 0.653787 0.153749
1613 0.827618 0.082950 0.089432
1732 0.090995 0.146786 0.762219
1737 0.044484 0.002882 0.952634
1729 0.051833 0.865402 0.082765
1725 0.087846 0.601873 0.310281
1721 0.061931 0.214674 0.723395
1738 0.902342 0.085137 0.012521
1743 0.474743 0.238300 0.286958
1680 0.114941 0.147884 0.737175
1693 0.054891 0.067651 0.877458
1685 0.057135 0.940171 0.002694
1689 0.056514 0.660531 0.282955
1694 0.067537 0.206705 0.725758
14412 0.030790 0.021363 0.947846
14306 0.167636 0.128502 0.703863
1472 0.096171 0.188247 0.715582
1586 0.119438 0.833379 0.047183
1700 0.058315 0.894394 0.047291
1701 0.843567 0.078307 0.078126
1706 0.037788 0.410777 0.551434
1709 0.037342 0.183753 0.778905
1713 0.123722 0.289427 0.586851
17469 0.802226 0.027637 0.170137
14450 0.390107 0.182015 0.427877
15279 0.632248 0.207806 0.159945
17474 0.478703 0.230365 0.290931
1416 0.243234 0.656968 0.099798
1429 0.386281 0.176561 0.437159
1424 0.322918 0.414810 0.262272
14392 0.003942 0.777902 0.218157
14371 0.083762 0.121534 0.794704
1446 0.876387 0.089259 0.034353
1450 0.612248 0.325591 0.062161
14154 0.735515 0.016210 0.248275
1553 0.038043 0.639796 0.322161
14185 0.041957 0.708445 0.249598
14182 0.045567 0.896088 0.058345
14141 0.913777 0.066198 0.020026
2146 0.006766 0.742317 0.250916
15104 0.059627 0.299088 0.641285
2354 0.712564 0.063755 0.223680
15129 0.197410 0.039145 0.763445
14266 0.052432 0.016279 0.931289
14265 0.027970 0.102076 0.869954
15138 0.034363 0.110042 0.855594
14210 0.000740 0.146316 0.852944
1982 0.184091 0.795223 0.020687
14199 0.061938 0.754261 0.183801
1958 0.811631 0.033088 0.155281
14215 0.760115 0.131010 0.108875
1532 0.891062 0.094073 0.014865
14131 0.009381 0.908781 0.081838
14134 0.020213 0.712039 0.267748
14230 0.151107 0.463546 0.385347
14701 0.861373 0.016269 0.122359
14706 0.003276 0.032226 0.964499
2068 0.062963 0.931511 0.005526
14235 0.048550 0.328767 0.622684
14222 0.340190 0.019440 0.640370
14218 0.115908 0.077216 0.806876
14457 0.004944 0.112212 0.882844
14458 0.021305 0.153223 0.825472
14767 0.033301 0.015851 0.950849
1937 0.958105 0.035663 0.006232
2083 0.048699 0.880801 0.070500
2089 0.052999 0.695975 0.251026
14650 0.496862 0.027525 0.475613
2109 0.007748 0.877382 0.114870
14707 0.021249 0.973969 0.004782
2076 0.970816 0.024607 0.004577
2100 0.431117 0.552916 0.015967
14659 0.030123 0.084392 0.885485
14668 0.045580 0.917796 0.036624
2038 0.908881 0.054668 0.036451
2061 0.029243 0.008648 0.962109
14796 0.033431 0.082954 0.883614
1807 0.770311 0.202960 0.026728
14740 0.865973 0.053636 0.080390
14741 0.084677 0.103702 0.811622
1835 0.823054 0.134314 0.042633
1843 0.070354 0.251164 0.678482
14756 0.012349 0.040359 0.947292
14759 0.930538 0.033539 0.035923
14723 0.218962 0.080259 0.700780
1774 0.026904 0.967083 0.006013
1770 0.003665 0.861133 0.135202
1766 0.777234 0.206999 0.015767
14745 0.016511 0.915165 0.068324
1802 0.044312 0.871747 0.083941
14512 0.806156 0.004832 0.189011
14513 0.087168 0.894996 0.017836
1790 0.056262 0.895560 0.048178
1786 0.066368 0.758930 0.174702
1782 0.116768 0.765906 0.117326
1777 0.058736 0.850635 0.090629
14753 0.067361 0.907816 0.024823
14476 0.001352 0.031604 0.967043
14522 0.922509 0.029865 0.047626
1902 0.096561 0.888781 0.014658
14532 0.009682 0.150224 0.840095
14577 0.049197 0.019792 0.931011
9384 0.074940 0.909809 0.015251
1892 0.072220 0.914340 0.013440
1919 0.901064 0.064466 0.034471
14465 0.015561 0.981966 0.002473
14591 0.922774 0.072497 0.004729
14612 0.127563 0.032608 0.839829
14627 0.089838 0.079040 0.831122
14626 0.912090 0.083664 0.004246
9392 0.075508 0.900098 0.024394
9397 0.014047 0.926686 0.059267
9428 0.005231 0.921314 0.073455
9424 0.049213 0.911645 0.039141
1886 0.062625 0.877402 0.059973
1891 0.911289 0.050640 0.038071
9387 0.181070 0.807920 0.011009
9412 0.157590 0.810694 0.031716
9497 0.141937 0.846812 0.011252
9434 0.173276 0.765381 0.061343
9511 0.067672 0.804010 0.128318
9515 0.053972 0.841685 0.104343
9516 0.908817 0.023730 0.067453
9477 0.053293 0.036622 0.910085
16480 0.089621 0.011759 0.898620
16462 0.093021 0.039980 0.867000
16442 0.055613 0.908593 0.035794
9494 0.029622 0.783227 0.187151
9407 0.205032 0.022465 0.772503
9444 0.077549 0.039989 0.882462
9439 0.025621 0.055354 0.919025
16421 0.070187 0.108507 0.821306
9385 0.158210 0.696421 0.145370
9377 0.053639 0.927246 0.019115
16406 0.098556 0.069879 0.831565
9507 0.889084 0.040618 0.070297
9499 0.076683 0.881724 0.041593
16399 0.098601 0.877841 0.023558
9447 0.820739 0.027778 0.151483
9470 0.153501 0.326799 0.519700
16547 0.188278 0.687546 0.124176
9464 0.290494 0.211997 0.497509
9459 0.194520 0.517921 0.287559
9455 0.059218 0.761050 0.179732
9254 0.157076 0.575871 0.267053
9227 0.574019 0.212569 0.213413
16509 0.134874 0.585333 0.279793
16395 0.307130 0.057537 0.635333
