1938 0.106832 0.886112 0.007056
1934 0.314096 0.642209 0.043695
2331 0.119163 0.734606 0.146232
455 0.003226 0.928886 0.067889
13715 0.042575 0.898755 0.058669
443 0.094783 0.008994 0.896223
5423 0.758210 0.214829 0.026961
8923 0.197438 0.714070 0.088493
1949 0.665355 0.232000 0.102646
16859 0.870773 0.040489 0.088738
13602 0.801415 0.187147 0.011439
1290 0.615934 0.350057 0.034009
10803 0.085507 0.491340 0.423153
10831 0.601511 0.232038 0.166452
1369 0.225224 0.337274 0.437503
12289 0.712518 0.198068 0.089414
5246 0.320813 0.559985 0.119202
12301 0.370175 0.164488 0.465337
5188 0.337564 0.541761 0.120675
5195 0.050271 0.072302 0.877427
12317 0.192859 0.024490 0.782651
12340 0.204091 0.137127 0.658782
12295 0.195694 0.708606 0.095700
13819 0.388407 0.556924 0.054669
8435 0.279977 0.686061 0.033962
12408 0.248483 0.377604 0.373913
13047 0.142830 0.131678 0.725492
12945 0.232504 0.272332 0.495165
13041 0.103884 0.535012 0.361105
13056 0.567224 0.423580 0.009195
8868 0.193914 0.702465 0.103621
9660 0.205637 0.190013 0.604351
9656 0.164364 0.146102 0.689534
7845 0.272775 0.681435 0.045789
17336 0.084905 0.110696 0.804399
10779 0.353458 0.352543 0.293999
10772 0.181299 0.427878 0.390824
14332 0.166168 0.247965 0.585868
14213 0.431589 0.127375 0.441036
14199 0.499594 0.306381 0.194025
9681 0.565896 0.131670 0.302433
14179 0.108213 0.764095 0.127692
14190 0.010561 0.762970 0.226469
14368 0.249301 0.205583 0.545117
9121 0.393637 0.529154 0.077209
10923 0.331799 0.168057 0.500144
10999 0.235700 0.038575 0.725725
11167 0.597218 0.230742 0.172039
9291 0.000000 0.318043 0.681957
441 0.246938 0.541333 0.211729
12436 0.041214 0.698398 0.260388
13704 0.021012 0.191081 0.787908
16975 0.300317 0.068826 0.630857
8907 0.292617 0.616884 0.090499
12862 0.062473 0.758496 0.179031
9911 0.214685 0.185641 0.599674
9302 0.490505 0.240093 0.269402
11003 0.523683 0.119990 0.356327
10987 0.419186 0.017570 0.563244
7714 0.030613 0.615207 0.354180
2031 0.042513 0.614405 0.343082
7702 0.291772 0.638917 0.069311
13829 0.442804 0.203056 0.354140
7850 0.201234 0.676644 0.122122
7830 0.232212 0.713680 0.054108
13183 0.047262 0.212509 0.740229
13015 0.159659 0.730154 0.110187
12804 0.090074 0.561399 0.348527
2452 0.649182 0.067831 0.282987
17606 0.019554 0.731808 0.248639
17565 0.802674 0.145267 0.052060
17625 0.285854 0.309384 0.404762
17574 0.183052 0.137678 0.679269
2310 0.664045 0.142682 0.193273
2266 0.471511 0.234500 0.293989
13564 0.314677 0.270826 0.414497
1428 0.624348 0.057195 0.318457
10604 0.568647 0.031669 0.399684
14742 0.239005 0.437469 0.323527
2546 0.121864 0.144804 0.733332
16777 0.038922 0.815985 0.145092
17671 0.557607 0.084562 0.357831
2379 0.372611 0.437195 0.190194
2503 0.793968 0.011218 0.194814
16739 0.706113 0.078775 0.215113
2037 0.034457 0.746013 0.219530
2042 0.450836 0.383475 0.165689
1452 0.458820 0.534841 0.006340
1506 0.514455 0.229667 0.255878
2092 0.195849 0.624947 0.179204
17150 0.262068 0.236580 0.501352
1574 0.669907 0.013037 0.317056
1565 0.582036 0.014493 0.403471
415 0.078494 0.482881 0.438625
17091 0.699440 0.201677 0.098883
2214 0.538735 0.222307 0.238958
17187 0.592337 0.163688 0.243975
17204 0.099239 0.463144 0.437617
1568 0.157186 0.772994 0.069820
2198 0.159785 0.060509 0.779706
13999 0.020911 0.731496 0.247593
13957 0.596775 0.074173 0.329052
17004 0.507405 0.381975 0.110619
341 0.492246 0.124307 0.383447
17005 0.043174 0.074917 0.881909
16970 0.698811 0.129233 0.171955
14027 0.617400 0.218887 0.163714
17118 0.031182 0.890536 0.078282
7774 0.883311 0.000350 0.116338
12829 0.313292 0.116614 0.570093
8851 0.026583 0.116658 0.856759
13019 0.760699 0.030391 0.208910
8414 0.866369 0.076754 0.056877
13013 0.173365 0.339534 0.487101
8530 0.797807 0.080346 0.121847
13021 0.105972 0.029543 0.864486
12814 0.830551 0.031640 0.137809
13941 0.658934 0.334167 0.006899
1632 0.435571 0.314856 0.249573
13546 0.688597 0.199987 0.111416
8547 0.308981 0.561985 0.129034
13101 0.185257 0.481492 0.333251
5875 0.437040 0.424057 0.138902
1861 0.917467 0.077017 0.005516
13803 0.455906 0.069485 0.474609
8356 0.306982 0.185079 0.507939
8332 0.594468 0.174697 0.230835
8306 0.029773 0.012528 0.957699
12416 0.031910 0.448474 0.519616
13980 0.698486 0.231654 0.069860
8522 0.187936 0.462750 0.349314
13482 0.165030 0.827387 0.007583
16847 0.307814 0.151650 0.540535
16620 0.068613 0.226771 0.704617
16624 0.137809 0.025307 0.836884
2096 0.322088 0.086049 0.591863
2020 0.614458 0.086499 0.299043
2023 0.031945 0.099978 0.868076
1546 0.075913 0.123097 0.800989
17201 0.597877 0.240280 0.161843
1550 0.139660 0.422845 0.437496
17157 0.175176 0.076147 0.748677
2075 0.732927 0.239147 0.027926
331 0.619050 0.297628 0.083321
17016 0.008393 0.073526 0.918081
17006 0.046715 0.730831 0.222454
16990 0.139806 0.231036 0.629158
350 0.046491 0.056088 0.897421
2144 0.269802 0.560715 0.169483
16949 0.459641 0.391236 0.149123
16978 0.073503 0.200412 0.726085
16974 0.063961 0.180071 0.755968
1912 0.341878 0.624211 0.033910
420 0.028735 0.916356 0.054909
17036 0.046173 0.094355 0.859473
463 0.076098 0.137110 0.786792
459 0.285236 0.306342 0.408422
16986 0.343652 0.059155 0.597193
13884 0.260569 0.029619 0.709812
1686 0.362253 0.631009 0.006738
1732 0.064767 0.152063 0.783169
12986 0.123209 0.300416 0.576375
1577 0.714683 0.052456 0.232861
17210 0.366806 0.589057 0.044137
17184 0.297062 0.431148 0.271790
7697 0.053964 0.135355 0.810681
1579 0.300676 0.257506 0.441817
2203 0.190131 0.106778 0.703091
13656 0.062617 0.087731 0.849652
2224 0.161197 0.446813 0.391990
17828 0.596488 0.384140 0.019372
17089 0.067742 0.853822 0.078436
17793 0.400312 0.585738 0.013950
17794 0.468423 0.449301 0.082276
7731 0.669869 0.084584 0.245547
17789 0.482798 0.396801 0.120401
17100 0.107877 0.637146 0.254977
10705 0.031259 0.133350 0.835391
17108 0.948688 0.047302 0.004010
17127 0.204182 0.026747 0.769071
8911 0.497411 0.477839 0.024750
1477 0.003376 0.913191 0.083433
12269 0.112242 0.086304 0.801454
16715 0.384647 0.179369 0.435984
17122 0.917263 0.080382 0.002356
2056 0.270979 0.683617 0.045403
17573 0.095395 0.016756 0.887850
16697 0.063630 0.214600 0.721770
2334 0.218150 0.195657 0.586192
16678 0.152667 0.676981 0.170353
16674 0.105081 0.382217 0.512702
16823 0.185756 0.108422 0.705822
16794 0.000910 0.276126 0.722964
2053 0.330008 0.642376 0.027615
16681 0.085651 0.011898 0.902451
2490 0.654645 0.335590 0.009766
2049 0.171101 0.670629 0.158269
2045 0.594755 0.220116 0.185129
16807 0.078255 0.276161 0.645584
16710 0.071509 0.591799 0.336692
16736 0.084070 0.841157 0.074773
16705 0.245101 0.461294 0.293605
1915 0.690626 0.146106 0.163268
16722 0.397356 0.127856 0.474788
16696 0.174481 0.594740 0.230778
16626 0.227628 0.439163 0.333209
2016 0.779200 0.068140 0.152660
15291 0.519047 0.273770 0.207183
2003 0.174257 0.084225 0.741518
17586 0.065415 0.151339 0.783247
2007 0.050301 0.227420 0.722278
16851 0.322827 0.080019 0.597154
16665 0.817577 0.163276 0.019147
2464 0.202736 0.496777 0.300487
2440 0.090810 0.703544 0.205646
16795 0.172666 0.628679 0.198655
2453 0.832998 0.015836 0.151167
2063 0.256911 0.063634 0.679454
2403 0.088097 0.759928 0.151976
2032 0.023513 0.120102 0.856385
16874 0.711450 0.251953 0.036597
2520 0.328350 0.533283 0.138366
2519 0.497916 0.081144 0.420940
8267 0.314073 0.265554 0.420373
16902 0.721818 0.152770 0.125412
8271 0.431976 0.090844 0.477180
1412 0.309198 0.058599 0.632203
14982 0.079541 0.799143 0.121317
8234 0.244476 0.307026 0.448498
16813 0.060142 0.250450 0.689408
2512 0.745589 0.130735 0.123676
16822 0.062795 0.419668 0.517537
16882 0.779722 0.193199 0.027079
16881 0.008860 0.309345 0.681795
16772 0.202451 0.546313 0.251236
2280 0.146507 0.001180 0.852313
2492 0.236648 0.715434 0.047918
16885 0.180410 0.613937 0.205653
2505 0.245640 0.096285 0.658075
16768 0.166640 0.306705 0.526655
16793 0.037257 0.904911 0.057832
16806 0.168867 0.326774 0.504359
2273 0.057985 0.911578 0.030437
16759 0.233634 0.370645 0.395720
17550 0.508487 0.069780 0.421733
2346 0.029452 0.302167 0.668381
17631 0.334085 0.116610 0.549305
2253 0.087991 0.732952 0.179056
8156 0.415049 0.057507 0.527444
8164 0.408159 0.299034 0.292807
2261 0.070963 0.174093 0.754945
8160 0.403336 0.170240 0.426424
1429 0.238792 0.590144 0.171064
10603 0.383096 0.525984 0.090919
10827 0.046810 0.360407 0.592783
2319 0.258654 0.414236 0.327110
2353 0.031294 0.657107 0.311599
2315 0.407089 0.369261 0.223650
17666 0.114472 0.879706 0.005822
17691 0.294109 0.610944 0.094947
17558 0.140444 0.002202 0.857354
1481 0.477905 0.304654 0.217441
2382 0.154032 0.433726 0.412241
2367 0.150025 0.495413 0.354562
2372 0.269239 0.619909 0.110852
17557 0.168503 0.821975 0.009522
1913 0.376355 0.543429 0.080216
2328 0.270874 0.003761 0.725364
1486 0.605014 0.251551 0.143434
17678 0.204852 0.793771 0.001377
1490 0.251094 0.641645 0.107261
1489 0.069028 0.056900 0.874072
1509 0.371715 0.261209 0.367076
1502 0.823623 0.012078 0.164299
1493 0.835852 0.105320 0.058828
5473 0.003029 0.895277 0.101693
1447 0.280269 0.307716 0.412015
1560 0.217968 0.119344 0.662689
17077 0.187437 0.444599 0.367963
2184 0.318976 0.309479 0.371545
399 0.558036 0.048920 0.393045
17152 0.219235 0.367075 0.413689
7699 0.779822 0.162124 0.058054
1967 0.611284 0.041618 0.347098
17851 0.093088 0.820606 0.086306
13678 0.861274 0.122335 0.016391
8466 0.242432 0.584084 0.173483
2176 0.575716 0.117509 0.306775
17798 0.148527 0.680324 0.171149
17715 0.224184 0.687661 0.088155
16930 0.059852 0.884649 0.055499
1584 0.732987 0.028009 0.239003
17733 0.155230 0.383008 0.461763
16936 0.876196 0.086413 0.037391
1532 0.360258 0.107562 0.532180
17821 0.261287 0.286434 0.452280
1527 0.240296 0.217134 0.542570
17207 0.770140 0.036360 0.193500
13016 0.742271 0.187605 0.070123
17098 0.497209 0.346377 0.156414
17105 0.895547 0.015270 0.089183
1329 0.874311 0.075530 0.050160
17720 0.324397 0.075691 0.599912
13606 0.017380 0.103968 0.878651
17756 0.242016 0.248410 0.509574
1301 0.497753 0.058046 0.444200
17760 0.183947 0.504589 0.311464
1278 0.281319 0.693939 0.024742
14888 0.560302 0.435028 0.004670
13239 0.471856 0.163486 0.364659
5273 0.057501 0.025723 0.916775
8029 0.482799 0.445623 0.071578
8179 0.569038 0.207253 0.223709
8180 0.009877 0.529588 0.460535
14974 0.399407 0.151659 0.448934
1394 0.145242 0.256672 0.598086
13560 0.352071 0.204541 0.443389
13616 0.461321 0.420148 0.118531
14958 0.317009 0.219317 0.463674
1421 0.379223 0.033459 0.587318
7986 0.296921 0.614566 0.088513
1411 0.627880 0.048630 0.323490
8184 0.139481 0.437075 0.423444
10840 0.183475 0.093319 0.723206
8233 0.354169 0.425188 0.220643
10844 0.581564 0.315975 0.102461
10833 0.030115 0.751069 0.218815
13621 0.237314 0.421131 0.341556
1407 0.212305 0.438338 0.349357
13632 0.134733 0.382364 0.482903
13679 0.218064 0.123372 0.658565
1376 0.018294 0.055209 0.926497
1595 0.146476 0.759684 0.093840
5870 0.258798 0.353151 0.388051
10227 0.044410 0.707692 0.247898
13090 0.093859 0.811368 0.094773
10238 0.170137 0.062434 0.767429
7952 0.213056 0.215967 0.570977
6313 0.217395 0.782605 0.000000
7906 0.519369 0.270223 0.210408
13158 0.447853 0.049981 0.502166
11284 0.053789 0.161430 0.784781
13159 0.240708 0.209124 0.550168
1390 0.225619 0.007304 0.767077
13143 0.932370 0.054365 0.013266
5200 0.161043 0.734366 0.104591
5862 0.536919 0.418760 0.044321
7937 0.179976 0.651904 0.168120
13516 0.024082 0.015136 0.960782
13445 0.293328 0.189310 0.517361
10265 0.015546 0.295529 0.688925
6348 0.090436 0.909564 0.000000
13693 0.236266 0.099906 0.663828
10281 0.208069 0.009276 0.782655
6252 0.809683 0.025574 0.164743
13666 0.121865 0.197503 0.680632
1909 0.052518 0.133033 0.814449
6111 0.560400 0.046305 0.393295
10210 0.501903 0.275403 0.222694
10326 0.099330 0.425586 0.475084
12299 0.268280 0.417353 0.314367
6377 0.900006 0.058588 0.041406
10213 0.921620 0.046080 0.032300
1756 0.213443 0.713581 0.072976
7953 0.493782 0.383545 0.122673
13087 0.404491 0.122007 0.473502
13667 0.465356 0.134176 0.400468
1899 0.496411 0.072534 0.431055
1882 0.370720 0.063931 0.565349
1878 0.438940 0.036813 0.524247
1859 0.108487 0.111995 0.779518
1851 0.013952 0.099116 0.886932
13428 0.157181 0.001096 0.841723
1855 0.000000 0.359367 0.640633
1643 0.094077 0.684380 0.221543
13420 0.281082 0.051237 0.667682
13477 0.676623 0.194783 0.128594
1646 0.281266 0.138175 0.580559
13532 0.666495 0.204170 0.129335
1640 0.632279 0.064554 0.303167
1634 0.297089 0.000000 0.702911
13540 0.688052 0.227283 0.084665
13512 0.235895 0.308527 0.455579
1667 0.742307 0.101154 0.156540
1654 0.613034 0.048250 0.338716
13948 0.285314 0.038021 0.676665
13504 0.382129 0.133546 0.484325
13500 0.130492 0.478801 0.390707
8425 0.038436 0.179639 0.781925
8326 0.293500 0.659850 0.046650
13495 0.124789 0.384879 0.490332
12969 0.249731 0.044186 0.706083
1599 0.105750 0.287680 0.606570
1631 0.239308 0.656905 0.103787
1626 0.210921 0.749575 0.039504
9803 0.180919 0.586393 0.232688
13023 0.449373 0.332560 0.218067
1673 0.395824 0.530356 0.073820
13920 0.193393 0.619747 0.186861
9799 0.126730 0.810606 0.062664
8441 0.276134 0.036998 0.686868
13909 0.002441 0.950155 0.047405
8330 0.620207 0.290912 0.088881
13944 0.093351 0.488172 0.418478
7767 0.162419 0.186264 0.651317
1702 0.235516 0.729465 0.035019
13917 0.043883 0.935693 0.020424
13892 0.777014 0.076656 0.146329
14004 0.035601 0.551031 0.413368
1744 0.562909 0.410206 0.026884
14024 0.547879 0.356627 0.095494
1737 0.397069 0.370031 0.232900
14010 0.143045 0.066629 0.790326
1570 0.074517 0.288484 0.636999
14009 0.030481 0.793627 0.175892
17825 0.265430 0.493106 0.241463
14963 0.214951 0.304922 0.480127
1711 0.380231 0.544170 0.075600
13985 0.041513 0.546368 0.412118
8371 0.310225 0.536804 0.152972
8457 0.234158 0.656265 0.109577
5211 0.500347 0.079280 0.420373
13736 0.739023 0.224440 0.036538
8571 0.598602 0.037243 0.364154
13215 0.495137 0.090615 0.414248
7958 0.473027 0.439973 0.087000
13433 0.634270 0.230686 0.135044
8534 0.874880 0.005170 0.119950
8554 0.357757 0.286137 0.356105
8343 0.320811 0.033813 0.645377
13115 0.092561 0.498722 0.408718
13208 0.665683 0.035005 0.299312
13211 0.066223 0.427144 0.506632
8483 0.456071 0.236663 0.307266
8582 0.164571 0.152741 0.682688
8479 0.308037 0.450975 0.240988
8579 0.229587 0.598461 0.171952
8591 0.031629 0.142574 0.825797
8575 0.086321 0.740179 0.173500
8601 0.334322 0.641628 0.024050
13729 0.061982 0.862941 0.075076
13733 0.060087 0.713009 0.226904
13744 0.187490 0.409124 0.403386
13721 0.099791 0.540271 0.359937
13725 0.204730 0.504121 0.291149
13872 0.653717 0.190007 0.156276
13848 0.289958 0.270284 0.439758
13852 0.567044 0.196655 0.236301
13861 0.251834 0.349521 0.398645
8556 0.727401 0.012647 0.259953
8560 0.916762 0.083238 0.000000
8806 0.436356 0.146533 0.417111
17726 0.341897 0.011491 0.646612
8809 0.019939 0.154628 0.825433
8509 0.076351 0.893722 0.029927
8841 0.209985 0.033228 0.756787
8431 0.399489 0.162014 0.438497
5184 0.731080 0.262661 0.006259
14913 0.678647 0.084434 0.236919
12932 0.116669 0.727610 0.155720
8392 0.543765 0.359529 0.096706
8927 0.287889 0.573529 0.138582
14866 0.131298 0.774884 0.093818
13050 0.126231 0.101891 0.771878
14863 0.124873 0.859792 0.015335
8818 0.135392 0.026705 0.837902
1828 0.311501 0.621960 0.066539
13045 0.451432 0.362630 0.185938
13063 0.111857 0.455842 0.432301
1823 0.662024 0.173811 0.164165
13975 0.187480 0.741078 0.071442
13012 0.036558 0.747729 0.215713
13036 0.272415 0.712624 0.014961
8800 0.537895 0.246367 0.215738
14870 0.058963 0.173844 0.767193
17109 0.015081 0.029785 0.955134
12809 0.086291 0.816917 0.096792
12779 0.792562 0.174417 0.033021
12831 0.765791 0.065978 0.168230
7771 0.148619 0.535786 0.315595
12790 0.868653 0.105972 0.025375
12893 0.585709 0.043664 0.370627
8884 0.072791 0.023217 0.903992
12838 0.660065 0.305016 0.034919
8855 0.453070 0.138691 0.408239
12789 0.296434 0.532380 0.171187
12900 0.256764 0.621311 0.121925
12879 0.269637 0.208307 0.522056
12905 0.384815 0.208480 0.406705
8771 0.254123 0.060975 0.684902
8875 0.131310 0.127927 0.740762
8888 0.192368 0.493614 0.314018
12917 0.166961 0.336270 0.496770
15007 0.062725 0.102970 0.834305
12843 0.005251 0.180650 0.814099
8628 0.589767 0.320837 0.089396
8631 0.040496 0.316332 0.643172
12864 0.237993 0.400417 0.361589
5737 0.898211 0.021015 0.080774
7735 0.100199 0.852058 0.047743
7807 0.238859 0.516076 0.245065
14908 0.766477 0.228931 0.004593
6177 0.124825 0.620149 0.255026
9727 0.465863 0.534137 0.000000
9749 0.167937 0.662731 0.169332
7681 0.014421 0.602867 0.382711
14892 0.735816 0.238963 0.025221
13299 0.007964 0.722360 0.269676
8753 0.081064 0.628563 0.290374
13245 0.380862 0.532740 0.086398
8716 0.672385 0.272983 0.054632
8715 0.086816 0.086808 0.826376
13336 0.945642 0.025415 0.028942
13265 0.000000 0.834202 0.165798
13252 0.000000 0.315830 0.684170
7864 0.006564 0.993436 0.000000
7884 0.172817 0.352812 0.474371
7894 0.484949 0.209818 0.305233
13369 0.658796 0.245800 0.095404
13373 0.162072 0.363300 0.474628
13242 0.409119 0.336628 0.254252
9729 0.396993 0.311967 0.291039
8751 0.143379 0.408248 0.448373
13250 0.800616 0.011269 0.188115
7878 0.195460 0.780819 0.023721
13327 0.378551 0.516618 0.104831
8703 0.609731 0.318153 0.072116
5723 0.061784 0.719598 0.218618
13258 0.487438 0.089885 0.422678
13318 0.316543 0.488540 0.194917
9709 0.048430 0.526325 0.425245
15148 0.225733 0.668457 0.105810
9688 0.263633 0.359086 0.377282
14232 0.295348 0.697054 0.007598
9651 0.100922 0.849773 0.049305
12866 0.165808 0.111686 0.722505
13185 0.237166 0.405639 0.357194
12145 0.016244 0.639943 0.343813
17333 0.593729 0.178766 0.227505
7868 0.698556 0.017749 0.283695
13155 0.224061 0.730163 0.045775
7838 0.185218 0.241021 0.573761
7894 0.279339 0.625639 0.095023
13439 0.639004 0.027622 0.333375
13412 0.612501 0.078353 0.309145
13458 0.507489 0.004572 0.487939
8367 0.563265 0.363647 0.073087
8361 0.421663 0.553422 0.024915
6098 0.652704 0.325768 0.021528
8363 0.496010 0.419850 0.084141
7963 0.446925 0.517478 0.035598
10280 0.204127 0.025307 0.770566
10354 0.088169 0.071773 0.840058
10341 0.447641 0.080109 0.472250
13219 0.000278 0.173375 0.826347
10366 0.654635 0.228456 0.116908
10250 0.237962 0.371902 0.390135
10329 0.774232 0.190927 0.034841
10342 0.556059 0.272264 0.171676
10245 0.296387 0.010972 0.692641
13792 0.210708 0.262910 0.526382
13876 0.572601 0.209337 0.218062
13772 0.258045 0.377135 0.364820
1895 0.227334 0.597503 0.175163
13760 0.474056 0.149387 0.376557
1883 0.429768 0.390162 0.180070
1911 0.509981 0.362294 0.127725
1886 0.477414 0.369058 0.153528
13189 0.976533 0.022177 0.001290
13193 0.914802 0.008043 0.077154
1295 0.268013 0.015418 0.716569
11761 0.113448 0.050636 0.835915
13170 0.484699 0.398523 0.116778
7721 0.182260 0.757722 0.060019
17753 0.018910 0.148524 0.832566
13178 0.435160 0.369903 0.194937
9876 0.742311 0.097932 0.159756
9702 0.703821 0.254745 0.041434
9824 0.071169 0.722808 0.206024
15054 0.221958 0.112494 0.665548
9697 0.145407 0.755862 0.098732
9603 0.071588 0.400272 0.528140
6142 0.446566 0.266536 0.286898
9625 0.182872 0.817128 0.000000
9625 0.373138 0.626862 0.000000
9180 0.133710 0.161676 0.704614
5730 0.486477 0.485796 0.027727
12160 0.802815 0.139618 0.057567
7891 0.901002 0.076639 0.022358
14843 0.310967 0.457334 0.231699
5204 0.803710 0.125495 0.070794
12935 0.703655 0.154985 0.141360
14859 0.085257 0.862469 0.052274
1795 0.086778 0.787803 0.125419
8383 0.128894 0.725184 0.145922
8387 0.408311 0.454390 0.137299
8224 0.560220 0.223514 0.216266
14976 0.683741 0.174641 0.141618
5322 0.394230 0.255549 0.350221
15209 0.227312 0.574949 0.197740
8132 0.102470 0.510200 0.387331
8031 0.020730 0.460843 0.518427
14940 0.291850 0.591336 0.116815
7992 0.356547 0.027198 0.616256
8200 0.205042 0.394431 0.400527
14948 0.174908 0.462160 0.362932
8152 0.276694 0.386790 0.336516
14760 0.368203 0.121313 0.510484
8026 0.616581 0.269854 0.113566
8211 0.258327 0.182337 0.559336
14928 0.397503 0.573153 0.029344
14792 0.295988 0.337335 0.366677
2525 0.164345 0.135074 0.700581
14722 0.657108 0.289317 0.053575
2413 0.246364 0.143708 0.609928
2472 0.193113 0.075181 0.731706
2237 0.404161 0.347324 0.248515
2249 0.395468 0.420646 0.183886
2268 0.365032 0.465794 0.169173
17226 0.264727 0.094132 0.641141
16832 0.254797 0.737098 0.008105
16837 0.364368 0.145967 0.489665
16840 0.328528 0.247516 0.423956
16844 0.327976 0.209655 0.462369
2244 0.705452 0.219444 0.075104
2296 0.739234 0.075455 0.185311
2248 0.779624 0.094815 0.125561
14768 0.295642 0.224508 0.479849
14793 0.215800 0.302316 0.481884
8176 0.136454 0.445616 0.417931
13569 0.072732 0.630159 0.297109
14816 0.199749 0.258794 0.541457
8053 0.171017 0.525953 0.303031
14833 0.008110 0.309058 0.682832
14953 0.109340 0.619941 0.270719
8123 0.261304 0.623334 0.115363
15163 0.960490 0.017455 0.022054
14756 0.451493 0.237144 0.311362
14774 0.815190 0.000000 0.184810
8089 0.940178 0.059822 0.000000
7994 0.192620 0.684285 0.123096
15156 0.103747 0.675673 0.220579
15172 0.122223 0.542674 0.335102
8122 0.858451 0.012601 0.128948
7979 0.469665 0.481027 0.049308
8038 0.000000 0.879787 0.120213
8037 0.053741 0.023898 0.922360
8091 0.824466 0.175534 0.000000
15180 0.162027 0.001564 0.836409
15173 0.463398 0.014685 0.521916
8078 0.580613 0.108263 0.311124
8010 0.076302 0.915448 0.008251
8104 0.123348 0.265201 0.611451
8003 0.059446 0.829840 0.110714
15199 0.125041 0.396703 0.478256
8107 0.108810 0.383154 0.508035
15226 0.220629 0.133199 0.646171
15164 0.090470 0.874079 0.035451
15230 0.513962 0.252828 0.233210
8113 0.794106 0.154481 0.051412
8097 0.309670 0.559388 0.130942
8105 0.297342 0.633484 0.069174
15175 0.885596 0.081511 0.032893
9778 0.917070 0.069002 0.013927
9785 0.267471 0.706273 0.026255
15233 0.760520 0.133284 0.106196
8062 0.206576 0.712692 0.080732
16702 0.248922 0.450374 0.300705
12260 0.132145 0.614263 0.253592
13922 0.927782 0.018176 0.054042
15250 0.631278 0.221138 0.147584
8739 0.599771 0.314189 0.086040
7844 0.026116 0.283462 0.690422
13300 0.026224 0.111424 0.862352
15254 0.374633 0.028199 0.597168
7776 0.095718 0.671127 0.233155
7798 0.282871 0.597561 0.119568
7797 0.244149 0.431304 0.324547
14849 0.253490 0.128174 0.618336
10817 0.249803 0.167633 0.582564
15053 0.749041 0.010241 0.240718
15045 0.293450 0.139731 0.566819
9861 0.075962 0.656349 0.267689
9751 0.037743 0.031797 0.930460
8637 0.292302 0.358509 0.349189
9847 0.275013 0.701568 0.023419
10031 0.227923 0.603809 0.168267
14997 0.524051 0.091799 0.384150
15011 0.291092 0.047029 0.661879
15128 0.725854 0.143106 0.131040
9816 0.570364 0.362971 0.066665
9812 0.202672 0.184890 0.612438
15071 0.279639 0.440768 0.279594
9842 0.323719 0.633878 0.042402
15127 0.173506 0.043968 0.782526
15123 0.206439 0.513846 0.279716
12872 0.028792 0.479069 0.492139
8622 0.057858 0.778748 0.163394
9846 0.606582 0.110758 0.282660
12865 0.435045 0.196369 0.368586
14878 0.105777 0.138156 0.756067
9613 0.044218 0.869396 0.086385
9617 0.071133 0.727825 0.201042
12131 0.141991 0.156036 0.701973
9643 0.309368 0.059969 0.630662
15081 0.197086 0.357130 0.445784
15093 0.087295 0.403406 0.509299
14585 0.752907 0.103245 0.143848
10015 0.587824 0.213916 0.198260
14530 0.247711 0.679602 0.072687
9852 0.456558 0.284079 0.259363
14336 0.665519 0.174730 0.159751
14243 0.002898 0.918048 0.079054
14350 0.168104 0.021102 0.810794
14346 0.271573 0.016803 0.711624
10094 0.658129 0.325523 0.016348
10090 0.761510 0.216533 0.021956
14263 0.104923 0.211963 0.683114
14259 0.196184 0.259375 0.544441
14321 0.043517 0.096470 0.860013
9720 0.823821 0.079329 0.096850
9890 0.456275 0.543399 0.000326
9909 0.272122 0.610876 0.117002
10191 0.191782 0.524274 0.283945
10198 0.188667 0.505179 0.306154
14351 0.062226 0.901288 0.036487
10099 0.017192 0.302158 0.680649
9167 0.510032 0.479822 0.010145
9155 0.597172 0.376509 0.026319
8972 0.709034 0.221035 0.069932
8991 0.786438 0.198846 0.014716
14287 0.141016 0.219762 0.639222
14087 0.794385 0.008090 0.197525
14279 0.364689 0.120103 0.515207
10141 0.000000 0.670621 0.329379
10753 0.020724 0.687050 0.292226
14295 0.377801 0.039609 0.582590
14311 0.344857 0.268113 0.387030
14307 0.197105 0.378354 0.424541
9425 0.713726 0.212556 0.073717
11117 0.345893 0.032020 0.622087
10737 0.900612 0.071204 0.028184
10054 0.033762 0.049371 0.916867
10050 0.110334 0.098893 0.790773
14092 0.454716 0.342475 0.202808
10203 0.663395 0.146723 0.189882
9484 0.065800 0.146717 0.787483
9480 0.044096 0.760922 0.194982
10058 0.083125 0.717577 0.199298
8976 0.111661 0.073773 0.814565
14511 0.306632 0.424542 0.268825
11116 0.101382 0.735587 0.163031
11112 0.318989 0.489317 0.191694
11108 0.419516 0.432583 0.147901
10080 0.522940 0.171052 0.306008
10200 0.020782 0.900156 0.079063
10076 0.155502 0.121138 0.723360
10187 0.122433 0.116640 0.760928
9921 0.318934 0.543032 0.138034
9922 0.047189 0.003830 0.948981
10158 0.082946 0.200547 0.716507
10179 0.322535 0.531698 0.145767
14471 0.660982 0.059357 0.279661
9131 0.129751 0.604696 0.265553
9160 0.073960 0.632392 0.293648
14043 0.467730 0.239798 0.292473
12431 0.492563 0.000000 0.507437
10138 0.000000 0.658688 0.341312
10148 0.000000 0.248225 0.751775
14502 0.507566 0.000000 0.492434
10728 0.871638 0.007430 0.120933
10159 0.212191 0.172513 0.615296
10152 0.735995 0.264005 0.000000
10127 0.650660 0.349340 0.000000
6183 0.000000 0.213684 0.786316
6184 0.000000 0.990783 0.009217
10024 0.126002 0.647789 0.226209
9895 0.117301 0.000000 0.882699
9904 0.153204 0.008217 0.838579
14631 0.069199 0.557255 0.373546
14632 0.121957 0.336836 0.541208
14122 0.040377 0.323634 0.635989
9077 0.018655 0.147227 0.834118
9963 0.206938 0.183405 0.609657
9957 0.246656 0.491597 0.261747
9936 0.306511 0.211553 0.481936
9940 0.295217 0.462066 0.242717
9944 0.174328 0.741618 0.084055
14593 0.078402 0.441541 0.480057
14569 0.070031 0.727908 0.202061
9918 0.565498 0.110754 0.323748
9866 0.654231 0.116649 0.229121
14641 0.030064 0.117781 0.852155
9978 0.762518 0.067763 0.169718
9974 0.635710 0.022033 0.342258
14377 0.661354 0.044381 0.294265
14553 0.494334 0.227071 0.278595
11030 0.017560 0.451509 0.530931
11065 0.421398 0.473481 0.105121
5728 0.034310 0.100517 0.865172
9243 0.738736 0.048605 0.212659
9240 0.759993 0.162351 0.077656
9235 0.527931 0.289556 0.182513
9184 0.073231 0.028939 0.897829
8954 0.261408 0.217532 0.521061
9181 0.169676 0.331064 0.499260
14258 0.194617 0.352354 0.453029
14657 0.566373 0.199034 0.234593
14400 0.604797 0.060425 0.334778
9199 0.078898 0.511839 0.409263
9927 0.792641 0.169339 0.038019
9981 0.559433 0.134683 0.305884
9249 0.299014 0.470026 0.230960
9570 0.356084 0.358919 0.284997
14365 0.503461 0.377507 0.119032
9986 0.219145 0.435882 0.344972
9151 0.656706 0.090554 0.252741
14377 0.042386 0.825712 0.131902
14401 0.154922 0.574754 0.270325
9206 0.099868 0.880182 0.019950
14488 0.162024 0.300969 0.537007
14491 0.343620 0.308032 0.348348
9018 0.285825 0.463910 0.250265
9029 0.168145 0.692279 0.139576
14385 0.804225 0.183674 0.012101
9168 0.563954 0.044568 0.391478
9164 0.226971 0.045466 0.727563
9152 0.242072 0.032353 0.725574
14394 0.308090 0.540438 0.151471
9125 0.314237 0.197783 0.487979
9119 0.218084 0.457363 0.324553
14618 0.653795 0.113857 0.232347
9097 0.129331 0.715197 0.155472
9101 0.246673 0.709194 0.044133
14396 0.269668 0.198714 0.531619
14415 0.155574 0.095054 0.749372
9085 0.066065 0.077252 0.856683
14432 0.066395 0.279275 0.654329
14420 0.061670 0.599807 0.338523
12390 0.240012 0.725375 0.034613
14283 0.329985 0.481702 0.188312
9027 0.552960 0.224092 0.222948
8961 0.003575 0.367143 0.629282
8940 0.016820 0.272371 0.710809
5644 0.595859 0.136283 0.267858
8941 0.209683 0.763174 0.027143
8998 0.199622 0.554617 0.245761
14440 0.031486 0.496118 0.472396
8970 0.026435 0.676381 0.297184
8948 0.404955 0.430420 0.164625
8934 0.204097 0.539673 0.256230
8962 0.546738 0.060562 0.392700
14539 0.373238 0.271915 0.354848
14541 0.523283 0.134703 0.342013
11011 0.187332 0.107674 0.704994
9093 0.031307 0.562510 0.406183
11019 0.160528 0.122420 0.717052
14538 0.297237 0.440640 0.262124
11039 0.290305 0.124790 0.584905
9014 0.630599 0.061046 0.308355
14646 0.003077 0.557858 0.439065
11009 0.268655 0.483796 0.247549
9858 0.212095 0.636591 0.151314
8989 0.122081 0.193765 0.684155
11046 0.447341 0.032566 0.520093
9056 0.540272 0.414562 0.045167
9032 0.000000 0.293316 0.706684
11154 0.109159 0.079378 0.811463
11151 0.615387 0.198274 0.186339
9045 0.137006 0.677134 0.185859
11086 0.704135 0.242204 0.053661
10901 0.690861 0.008365 0.300774
9446 0.129326 0.168677 0.701998
14086 0.121639 0.221464 0.656897
14082 0.018000 0.622664 0.359336
14078 0.029673 0.957665 0.012662
14096 0.121177 0.769734 0.109090
14110 0.669178 0.128019 0.202803
10186 0.012484 0.895525 0.091991
10174 0.130731 0.141848 0.727421
10188 0.929838 0.009780 0.060382
9485 0.576785 0.348344 0.074871
7858 0.553499 0.072457 0.374044
13380 0.154195 0.552708 0.293097
14198 0.041857 0.223713 0.734429
9536 0.057215 0.102626 0.840159
9543 0.728674 0.107096 0.164230
10888 0.225889 0.330610 0.443501
9433 0.287685 0.450645 0.261671
10893 0.625550 0.105934 0.268517
9441 0.800992 0.001120 0.197888
9431 0.336905 0.173091 0.490005
10852 0.650398 0.089166 0.260437
9552 0.511800 0.165564 0.322636
10986 0.437437 0.494369 0.068193
9514 0.000000 0.336370 0.663630
5923 0.721006 0.278994 0.000000
10977 0.238371 0.104209 0.657420
10980 0.231991 0.458544 0.309465
9518 0.754989 0.236927 0.008084
11166 0.793887 0.132039 0.074075
9283 0.414903 0.262037 0.323060
10876 0.359116 0.034395 0.606489
9529 0.441253 0.045976 0.512771
9296 0.415265 0.204402 0.380333
10995 0.330789 0.610924 0.058287
11198 0.385951 0.432862 0.181188
5924 0.533623 0.000000 0.466377
5923 0.276371 0.723629 0.000000
5969 0.229167 0.470715 0.300119
5944 0.766636 0.233364 0.000000
9498 0.000000 0.642415 0.357585
9494 0.186612 0.249921 0.563467
10873 0.298884 0.658158 0.042958
9502 0.824608 0.017075 0.158317
7656 0.243800 0.127020 0.629180
11384 0.549990 0.156392 0.293619
9271 0.453788 0.241405 0.304807
9266 0.012021 0.375851 0.612128
11388 0.255496 0.083697 0.660807
10929 0.235062 0.628009 0.136929
11360 0.319122 0.110550 0.570328
9326 0.680887 0.095646 0.223467
9259 0.420714 0.464833 0.114453
9255 0.420113 0.330194 0.249693
9267 0.146713 0.691928 0.161359
9397 0.639242 0.091665 0.269092
9401 0.424080 0.367507 0.208413
9277 0.285791 0.125186 0.589023
9374 0.766309 0.024490 0.209201
9380 0.891658 0.062365 0.045978
12188 0.812964 0.186429 0.000607
12187 0.277432 0.654558 0.068010
11347 0.291031 0.426702 0.282267
9349 0.337220 0.012539 0.650241
11460 0.668542 0.103140 0.228318
9392 0.283062 0.556719 0.160219
9388 0.141611 0.085287 0.773102
10854 0.168281 0.004824 0.826895
9273 0.444761 0.173047 0.382193
9364 0.072361 0.656691 0.270948
9360 0.195970 0.712384 0.091646
9336 0.671477 0.078123 0.250399
11441 0.385151 0.339543 0.275306
11465 0.027139 0.193819 0.779041
11477 0.398055 0.444276 0.157669
11474 0.375800 0.173509 0.450691
11469 0.695091 0.020176 0.284733
11445 0.499279 0.223185 0.277536
11463 0.335053 0.303289 0.361658
10861 0.259472 0.708365 0.032163
10885 0.002151 0.300861 0.696989
11414 0.234602 0.145968 0.619431
11420 0.529759 0.361991 0.108249
11241 0.223778 0.106446 0.669776
6036 0.415168 0.311221 0.273611
11429 0.015543 0.218933 0.765524
11325 0.478588 0.183484 0.337929
11221 0.447387 0.401207 0.151406
11217 0.276911 0.302800 0.420290
11410 0.185393 0.514869 0.299738
6003 0.445722 0.052795 0.501483
11234 0.028680 0.143684 0.827637
11229 0.743620 0.072389 0.183991
6029 0.558167 0.367771 0.074062
11181 0.055450 0.806751 0.137799
5922 1.000000 0.000000 0.000000
5939 0.687661 0.000000 0.312339
5899 0.621610 0.024691 0.353700
11295 0.312930 0.390491 0.296579
11223 0.196352 0.264918 0.538730
11298 0.121479 0.128083 0.750438
5990 0.457084 0.107386 0.435530
11290 0.218665 0.467849 0.313485
6047 0.133792 0.528627 0.337581
13637 0.066375 0.192218 0.741406
13203 0.021692 0.202355 0.775954
5886 0.096026 0.895089 0.008885
11269 0.156331 0.305807 0.537862
13236 0.058213 0.638358 0.303430
13639 0.019437 0.721610 0.258952
1778 0.511774 0.403713 0.084512
7815 0.673587 0.108706 0.217707
7941 0.196043 0.290249 0.513708
13452 0.255548 0.249232 0.495220
13235 0.191295 0.237737 0.570968
13660 0.068156 0.541530 0.390314
13668 0.143186 0.725903 0.130911
13643 0.233042 0.616637 0.150322
10253 0.283364 0.273471 0.443165
10261 0.059463 0.723326 0.217211
10218 0.069368 0.687945 0.242687
5821 0.054023 0.892576 0.053401
5766 0.715972 0.133487 0.150541
12349 0.169723 0.118046 0.712232
6343 0.338617 0.020194 0.641189
5778 0.746786 0.066370 0.186844
13592 0.182664 0.221285 0.596051
1806 0.002391 0.051877 0.945732
5818 0.100458 0.161696 0.737846
10222 0.149717 0.698428 0.151855
6304 0.166523 0.121887 0.711590
10399 0.142112 0.701081 0.156807
5753 0.559503 0.055779 0.384719
11272 0.307452 0.197493 0.495056
10383 0.263653 0.113190 0.623157
5895 0.082370 0.714403 0.203228
5774 0.454600 0.436321 0.109079
10445 0.802239 0.007688 0.190073
10438 0.221327 0.082617 0.696056
5891 0.390546 0.588253 0.021201
6275 0.110036 0.172085 0.717880
10519 0.101924 0.445432 0.452644
5798 0.769317 0.046006 0.184677
5881 0.358740 0.473652 0.167608
5877 0.076276 0.759254 0.164470
10371 0.294919 0.224202 0.480879
6282 0.769692 0.042373 0.187935
6278 0.008206 0.184680 0.807114
10512 0.177673 0.737173 0.085154
10468 0.549440 0.209347 0.241213
10435 0.133931 0.198803 0.667266
5837 0.076503 0.510658 0.412839
10372 0.227056 0.414453 0.358491
10388 0.165115 0.043746 0.791138
5827 0.227371 0.647752 0.124876
10393 0.188930 0.566385 0.244685
5844 0.128719 0.116752 0.754528
10389 0.388772 0.205801 0.405427
5853 0.320310 0.226987 0.452703
10504 0.014613 0.174492 0.810895
5825 0.670340 0.145301 0.184359
10462 0.175981 0.205484 0.618535
5845 0.100986 0.775284 0.123730
6237 0.056260 0.169916 0.773824
6297 0.529108 0.285045 0.185847
10461 0.772803 0.112463 0.114735
10288 0.258933 0.135147 0.605921
6243 0.560224 0.417995 0.021782
6367 0.037134 0.102879 0.859986
10230 0.175704 0.207071 0.617225
6325 0.091261 0.728851 0.179888
10362 0.072309 0.043337 0.884353
5227 0.048385 0.066325 0.885290
10287 0.053076 0.154752 0.792172
10268 0.159032 0.259649 0.581319
10214 0.019167 0.156627 0.824207
10350 0.152899 0.108910 0.738192
5240 0.067175 0.102255 0.830570
6102 0.925683 0.016535 0.057783
6372 0.077999 0.630434 0.291567
10221 0.046288 0.056698 0.897014
12325 0.583727 0.000000 0.416273
5239 0.116248 0.131223 0.752529
5125 0.354854 0.526128 0.119018
12329 0.673536 0.110230 0.216234
12351 0.232238 0.123288 0.644474
5133 0.513312 0.253920 0.232768
5238 0.810923 0.011272 0.177805
11485 0.008141 0.943950 0.047908
12336 0.722293 0.217891 0.059815
5632 0.193752 0.605643 0.200605
6199 0.577932 0.258721 0.163348
14063 0.357386 0.427981 0.214633
14073 0.633659 0.329851 0.036490
14061 0.655236 0.072154 0.272609
14057 0.711310 0.073092 0.215598
5583 0.401999 0.428302 0.169699
6089 0.729514 0.089400 0.181086
6091 0.838232 0.084302 0.077466
10742 0.614297 0.157601 0.228102
10527 0.593891 0.284252 0.121858
6176 0.259169 0.542985 0.197847
8747 0.624964 0.359449 0.015587
13311 0.027857 0.204806 0.767337
6144 0.794381 0.000000 0.205619
9605 0.448414 0.526425 0.025160
5721 0.595165 0.284562 0.120273
13293 0.029189 0.719827 0.250984
14909 0.587911 0.159572 0.252517
6155 0.138980 0.145211 0.715808
10706 0.131782 0.741190 0.127028
14885 0.143300 0.058236 0.798464
15264 0.058750 0.504343 0.436907
10800 0.510118 0.263534 0.226349
5314 0.000028 0.948436 0.051536
5329 0.352909 0.423617 0.223474
10792 0.630799 0.241842 0.127360
5264 0.740702 0.141458 0.117840
5403 0.693475 0.063500 0.243025
10782 0.640043 0.247977 0.111980
10781 0.015112 0.386732 0.598157
5321 0.249214 0.652478 0.098307
10795 0.742533 0.215698 0.041769
5298 0.231515 0.573226 0.195260
5272 0.487704 0.000000 0.512296
5267 0.210448 0.589784 0.199768
5297 0.813700 0.022748 0.163552
10577 0.527773 0.217465 0.254762
10573 0.291950 0.286532 0.421517
10569 0.450142 0.111724 0.438134
10566 0.299748 0.453495 0.246757
5386 0.505556 0.488069 0.006374
5385 0.903159 0.056995 0.039846
5389 0.119123 0.144127 0.736750
10677 0.141166 0.218020 0.640814
10575 0.185073 0.682852 0.132075
10530 0.009975 0.292214 0.697811
5361 0.743761 0.111256 0.144983
10558 0.580218 0.223925 0.195857
5412 0.047961 0.546801 0.405239
5375 0.068207 0.832456 0.099337
5358 0.290622 0.155014 0.554364
5344 0.255251 0.234119 0.510630
5349 0.390103 0.510239 0.099657
5378 0.672125 0.207609 0.120265
5372 0.218618 0.268815 0.512567
10673 0.507118 0.147839 0.345043
10679 0.547156 0.118937 0.333906
10684 0.375455 0.202557 0.421988
5157 0.809926 0.075232 0.114842
10623 0.445751 0.482390 0.071859
10620 0.348775 0.220502 0.430723
5151 0.063780 0.043823 0.892397
5145 0.189479 0.701763 0.108758
5167 0.323364 0.449291 0.227345
10636 0.312317 0.579915 0.107768
5122 0.134886 0.833402 0.031712
14500 0.247277 0.148241 0.604482
8982 0.510609 0.489391 0.000000
8985 0.000000 1.000000 0.000000
14162 0.000000 0.308387 0.691613
14166 0.713210 0.000000 0.286790
14111 0.000000 0.802527 0.197473
9471 0.297488 0.625575 0.076937
14109 0.134328 0.229593 0.636079
12380 0.396951 0.201477 0.401573
14109 0.711652 0.084540 0.203808
5622 0.233767 0.701866 0.064367
12395 0.226851 0.219567 0.553582
12171 0.196116 0.278445 0.525439
5615 0.033967 0.054308 0.911725
12198 0.777063 0.087687 0.135251
12172 0.056093 0.110823 0.833084
9385 0.062861 0.143938 0.793200
5704 0.604329 0.080210 0.315461
5725 0.072153 0.064555 0.863292
10715 0.039374 0.015989 0.944637
5736 0.165152 0.608800 0.226048
14325 0.208338 0.433957 0.357705
12204 0.018042 0.262109 0.719849
5695 0.225443 0.057860 0.716696
5677 0.591503 0.367680 0.040817
7826 0.134885 0.718706 0.146409
14234 0.043621 0.686926 0.269453
17818 0.508929 0.128531 0.362540
15302 0.317584 0.050977 0.631439
7509 0.035578 0.628323 0.336099
11687 0.155063 0.070419 0.774519
11569 0.048567 0.867126 0.084307
23 0.031743 0.065639 0.902618
18812 0.108260 0.889481 0.002259
5549 0.116255 0.271385 0.612361
3229 0.167545 0.597341 0.235114
285 0.175306 0.764195 0.060499
11734 0.218302 0.776955 0.004743
7546 0.759841 0.011838 0.228321
6453 0.538862 0.236215 0.224923
6413 0.515703 0.004349 0.479948
3667 0.104589 0.628916 0.266496
3582 0.044127 0.937221 0.018652
6498 0.209431 0.771004 0.019565
17394 0.156386 0.532683 0.310932
17414 0.321904 0.252495 0.425601
17420 0.303215 0.222841 0.473943
3219 0.798476 0.157602 0.043922
17412 0.295832 0.061946 0.642222
17416 0.295790 0.162085 0.542125
17401 0.444187 0.102134 0.453679
3329 0.398433 0.571131 0.030436
113 0.017576 0.265656 0.716768
132 0.257601 0.067378 0.675021
3201 0.492092 0.229071 0.278837
8 0.165892 0.212508 0.621600
11 0.179723 0.444227 0.376050
39 0.015448 0.830946 0.153606
31 0.028763 0.222349 0.748888
238 0.245855 0.580627 0.173518
3850 0.620891 0.153675 0.225434
3854 0.712622 0.107683 0.179695
1202 0.248167 0.563489 0.188344
11910 0.296847 0.187838 0.515314
15873 0.302289 0.200723 0.496988
3559 0.028086 0.476945 0.494969
3845 0.145516 0.597349 0.257135
3956 0.400891 0.414587 0.184523
3957 0.515738 0.210062 0.274200
3832 0.287292 0.168383 0.544324
19278 0.581222 0.144672 0.274106
19292 0.768790 0.017913 0.213297
19470 0.208425 0.411035 0.380540
19505 0.661678 0.035428 0.302894
16015 0.212064 0.317043 0.470892
16518 0.008204 0.709780 0.282016
16304 0.165130 0.518420 0.316450
16300 0.007724 0.199701 0.792575
5544 0.201315 0.115515 0.683170
17530 0.452788 0.052313 0.494899
6909 0.076471 0.843329 0.080200
5558 0.873517 0.083097 0.043386
158 0.847718 0.022882 0.129400
1069 0.043460 0.525429 0.431111
19667 0.129935 0.613422 0.256643
16097 0.581615 0.192521 0.225864
4691 0.428605 0.377876 0.193519
4699 0.318061 0.638775 0.043164
7092 0.097755 0.145478 0.756767
7064 0.207447 0.149398 0.643155
18321 0.350484 0.072124 0.577392
110 0.538742 0.379115 0.082142
18443 0.548982 0.436321 0.014697
6384 0.061142 0.278439 0.660419
18286 0.400601 0.168207 0.431191
92 0.370691 0.399458 0.229850
253 0.421994 0.385848 0.192158
7122 0.353800 0.569950 0.076250
11573 0.085087 0.804556 0.110358
12081 0.396217 0.040279 0.563504
11991 0.372210 0.112638 0.515152
11996 0.720018 0.114597 0.165385
12011 0.159765 0.475108 0.365127
