9657 0.186592 0.056248 0.757160
9924 0.081387 0.212452 0.706161
10686 0.131751 0.161596 0.706653
11938 0.695424 0.251398 0.053178
12727 0.167620 0.062648 0.769733
13103 0.456177 0.100109 0.443715
13354 0.103705 0.469319 0.426976
13783 0.383179 0.003805 0.613016
15812 0.468430 0.416013 0.115557
11203 0.347156 0.329470 0.323374
11579 0.072933 0.296418 0.630649
12527 0.516755 0.032886 0.450359
13145 0.298725 0.281702 0.419573
13957 0.215917 0.464800 0.319282
14952 0.083571 0.812632 0.103797
14947 0.017336 0.157518 0.825146
16127 0.418036 0.549125 0.032839
17817 0.447819 0.284420 0.267761
18667 0.205826 0.314842 0.479332
17810 0.414603 0.167431 0.417966
18330 0.085449 0.130229 0.784322
19503 0.078738 0.860958 0.060304
19188 0.641386 0.357635 0.000979
18509 0.692770 0.158840 0.148390
18648 0.714521 0.078996 0.206483
19310 0.456603 0.543397 0.000000
14925 0.360930 0.302913 0.336157
16674 0.047552 0.816304 0.136144
19658 0.081190 0.899586 0.019225
19653 0.576661 0.269490 0.153849
19327 0.038522 0.867098 0.094380
19825 0.725611 0.189694 0.084695
25044 0.178689 0.158940 0.662370
29165 0.439757 0.038577 0.521667
27671 0.142344 0.126750 0.730906
26212 0.935041 0.015131 0.049829
26491 0.926062 0.060505 0.013432
20763 0.337854 0.308026 0.354120
21634 0.044576 0.321596 0.633827
22060 0.896774 0.026218 0.077008
20007 0.210571 0.277723 0.511707
20585 0.448553 0.284296 0.267151
21105 0.041647 0.717937 0.240416
22464 0.014513 0.085582 0.899905
22457 0.141750 0.327872 0.530378
19649 0.479650 0.072116 0.448234
20221 0.764995 0.138287 0.096718
20967 0.134977 0.021062 0.843962
22456 0.532920 0.381445 0.085635
19825 0.186363 0.351161 0.462477
20377 0.201652 0.341352 0.456996
20962 0.469613 0.497879 0.032508
22736 0.481824 0.470887 0.047289
23450 0.773151 0.149372 0.077477
21589 0.062071 0.768429 0.169500
22181 0.476443 0.344908 0.178649
19716 0.382642 0.139179 0.478179
19259 0.185217 0.279800 0.534984
18462 0.694268 0.020780 0.284952
18301 0.590289 0.230875 0.178836
24948 0.303460 0.475589 0.220951
23576 0.666977 0.128747 0.204276
24025 0.219574 0.481708 0.298718
26033 0.837807 0.104489 0.057704
25483 0.350333 0.648014 0.001653
27375 0.675454 0.125337 0.199208
25883 0.049276 0.590327 0.360397
24711 0.636756 0.325667 0.037577
26681 0.122092 0.712315 0.165592
26006 0.064478 0.207281 0.728241
24387 0.200129 0.678542 0.121329
26975 0.203138 0.319344 0.477518
25996 0.115639 0.029312 0.855050
24543 0.292003 0.061853 0.646144
29161 0.776150 0.150927 0.072923
29686 0.358304 0.464394 0.177302
28564 0.516903 0.366370 0.116727
25461 0.123837 0.533586 0.342577
28299 0.906607 0.052973 0.040420
27665 0.071629 0.528119 0.400252
20181 0.077322 0.691924 0.230754
19968 0.262191 0.342480 0.395329
22338 0.290609 0.326365 0.383025
20334 0.020494 0.734294 0.245211
16484 0.188139 0.150674 0.661187
15032 0.053572 0.080257 0.866171
14421 0.424986 0.335368 0.239645
14020 0.690647 0.094840 0.214513
15160 0.542257 0.231336 0.226408
14147 0.042713 0.595029 0.362258
13252 0.600236 0.077931 0.321833
13120 1.000000 0.000000 0.000000
15157 0.680215 0.039308 0.280477
14565 0.422862 0.536655 0.040483
14565 0.000000 0.532531 0.467469
14550 0.086862 0.653205 0.259933
15645 0.205592 0.661034 0.133375
16216 0.258637 0.230880 0.510483
18019 0.024790 0.224805 0.750406
17068 0.746446 0.027957 0.225598
13167 0.115234 0.838950 0.045815
13420 0.016155 0.327640 0.656205
15346 0.346565 0.337121 0.316314
13700 0.215186 0.190021 0.594793
13534 0.060105 0.192689 0.747206
13971 0.018328 0.122815 0.858857
14685 0.064922 0.573611 0.361467
14128 0.658061 0.162406 0.179533
14565 0.000000 1.000000 0.000000
14565 0.000000 1.000000 0.000000
14836 0.040673 0.000000 0.959327
19426 0.490712 0.242910 0.266378
17800 0.327398 0.306375 0.366227
15495 0.184379 0.405323 0.410298
19301 0.184501 0.320921 0.494578
19982 0.514886 0.127314 0.357800
21617 0.565804 0.086989 0.347207
5125 0.220752 0.496899 0.282348
4771 0.398721 0.276860 0.324419
3256 0.474887 0.353338 0.171774
2621 0.535569 0.406734 0.057697
1712 0.495607 0.407644 0.096749
5079 0.717537 0.163028 0.119434
5083 0.602599 0.236560 0.160841
5314 0.335068 0.393891 0.271042
4514 0.251224 0.745541 0.003235
5468 0.384068 0.046314 0.569618
5869 0.401128 0.594219 0.004653
3899 0.599600 0.354398 0.046002
3147 0.336522 0.234324 0.429153
2574 0.268782 0.583856 0.147361
4277 0.723300 0.000000 0.276700
5582 0.271284 0.645901 0.082815
6768 0.102945 0.109065 0.787990
7008 0.410576 0.498641 0.090784
6308 0.525121 0.206766 0.268113
6583 0.133273 0.742522 0.124205
4878 0.129807 0.039548 0.830645
5753 0.583981 0.082248 0.333771
4013 0.812691 0.120400 0.066909
2836 0.229959 0.593798 0.176243
2702 0.067579 0.899053 0.033368
4735 0.601219 0.138421 0.260360
5311 0.565533 0.173915 0.260552
5087 1.000000 0.000000 0.000000
5356 0.364535 0.381047 0.254417
6081 0.849622 0.061192 0.089185
2246 0.460846 0.155066 0.384088
2249 0.329317 0.654085 0.016597
1776 0.012976 0.811340 0.175684
1371 0.534831 0.220237 0.244932
1752 0.276625 0.347122 0.376253
3026 0.215682 0.654199 0.130120
3480 0.017513 0.916303 0.066184
3846 0.031844 0.171449 0.796707
3982 0.052561 0.659668 0.287771
3065 0.298597 0.308211 0.393193
1031 0.107639 0.061120 0.831240
347 0.031741 0.612078 0.356181
256 0.092656 0.632246 0.275098
286 0.254232 0.413834 0.331934
314 0.691652 0.129357 0.178990
382 0.467793 0.169940 0.362267
429 0.611039 0.103894 0.285067
692 0.104915 0.254509 0.640577
808 0.090410 0.323984 0.585605
957 0.255572 0.462309 0.282120
717 0.219350 0.404241 0.376408
801 0.085512 0.312098 0.602390
1575 0.472470 0.344349 0.183181
995 0.168165 0.733351 0.098485
2212 0.256226 0.326245 0.417529
2216 0.007742 0.144772 0.847486
914 0.045514 0.524734 0.429752
818 0.484814 0.348929 0.166257
1761 0.512387 0.032507 0.455106
1846 0.008464 0.509354 0.482182
252 0.533348 0.261691 0.204962
183 0.287831 0.417680 0.294489
149 0.492718 0.032513 0.474768
113 0.939365 0.059394 0.001241
50 0.480938 0.209527 0.309536
76 0.404367 0.473419 0.122214
173 0.363656 0.246406 0.389939
226 0.575029 0.399745 0.025227
262 0.301743 0.232192 0.466065
322 0.630758 0.134407 0.234836
200 0.018329 0.719650 0.262020
134 0.349036 0.035813 0.615150
89 0.441984 0.392368 0.165649
62 0.036544 0.830864 0.132592
31 0.045390 0.032959 0.921652
66 0.762388 0.198584 0.039028
96 0.113225 0.559746 0.327030
154 0.113863 0.759464 0.126673
194 0.690551 0.273661 0.035788
215 0.128192 0.300355 0.571452
333 0.211617 0.046896 0.741487
348 0.753338 0.167594 0.079067
359 0.393475 0.092467 0.514058
436 0.285131 0.705941 0.008928
153 0.102573 0.434083 0.463344
180 0.174451 0.779224 0.046325
192 0.291886 0.466242 0.241872
569 0.881232 0.015953 0.102814
213 0.008638 0.834762 0.156599
152 0.042202 0.698563 0.259235
14 0.136294 0.088653 0.775053
20 0.005962 0.447114 0.546924
42 0.466394 0.104006 0.429599
36 0.420634 0.386240 0.193126
82 0.228741 0.533237 0.238022
127 0.080528 0.072591 0.846881
71 0.231222 0.664780 0.103998
122 0.033756 0.629784 0.336460
155 0.201314 0.632925 0.165761
179 0.240155 0.048080 0.711765
17 0.936250 0.044688 0.019062
16 0.172320 0.216430 0.611250
29 0.712073 0.282029 0.005898
85 0.378957 0.238262 0.382781
121 0.356996 0.115587 0.527417
185 0.176656 0.799129 0.024215
168 0.379367 0.123972 0.496661
164 0.464155 0.398836 0.137009
135 0.426919 0.107458 0.465623
59 0.436980 0.032116 0.530905
115 0.624418 0.308839 0.066743
67 0.544432 0.050860 0.404708
14196 0.328786 0.575006 0.096208
13460 0.495073 0.020491 0.484436
12110 0.536030 0.331386 0.132584
7812 0.029523 0.381881 0.588596
8357 0.576047 0.286201 0.137752
9541 0.080801 0.116473 0.802726
10299 0.090355 0.481727 0.427918
10792 0.019560 0.458136 0.522304
11287 0.776112 0.055744 0.168143
11399 0.669774 0.121677 0.208549
16190 0.045549 0.199530 0.754921
7966 0.223671 0.119420 0.656909
23054 0.040330 0.384870 0.574801
22310 0.794391 0.111745 0.093864
22308 0.889189 0.091889 0.018922
23843 0.522395 0.167256 0.310350
25436 0.460532 0.470235 0.069232
25445 0.766879 0.142759 0.090362
28746 0.141985 0.120615 0.737400
26375 0.031977 0.069777 0.898246
26396 0.455011 0.153284 0.391705
28543 0.090690 0.614047 0.295262
29284 0.868945 0.098940 0.032115
28097 0.477108 0.267922 0.254970
27403 0.726630 0.158357 0.115013
26872 0.620180 0.360351 0.019469
28088 0.100346 0.025843 0.873811
28343 0.163787 0.836213 0.000000
29812 0.473439 0.380203 0.146358
30738 0.033712 0.110593 0.855695
30738 0.326022 0.549918 0.124061
31519 1.000000 0.000000 0.000000
31520 0.901254 0.063046 0.035700
30730 0.248923 0.155380 0.595698
28723 0.168346 0.135556 0.696099
28527 0.299638 0.477262 0.223100
28095 0.038646 0.207507 0.753848
28521 0.355330 0.546774 0.097896
28721 0.335783 0.476833 0.187384
29818 0.744160 0.161137 0.094704
29814 0.556478 0.075770 0.367752
29814 0.167620 0.181219 0.651160
29814 0.212374 0.495495 0.292131
29818 0.069319 0.369678 0.561003
30084 0.257039 0.407452 0.335509
30082 0.078834 0.530257 0.390909
28529 0.009387 0.754887 0.235726
27884 0.450309 0.539346 0.010345
27105 0.442220 0.486245 0.071535
26375 0.732772 0.018543 0.248684
27394 0.005759 0.905316 0.088925
29209 0.621390 0.222145 0.156465
29812 0.033593 0.167092 0.799316
31029 0.567430 0.422958 0.009612
32709 0.636083 0.344835 0.019082
31517 0.562110 0.165053 0.272836
31304 0.139799 0.321513 0.538689
30094 0.264748 0.508579 0.226673
26911 0.037664 0.413249 0.549087
26405 0.410289 0.551415 0.038296
26862 0.352746 0.424728 0.222527
28354 0.012504 0.162808 0.824688
29628 0.551464 0.270875 0.177662
31029 0.071085 0.621293 0.307621
32350 0.098632 0.007872 0.893496
33017 0.251615 0.475170 0.273214
31304 1.000000 0.000000 0.000000
30095 0.013015 0.475163 0.511822
29454 0.163954 0.111832 0.724213
26130 0.455760 0.347359 0.196880
25713 0.531877 0.005149 0.462975
26129 0.251783 0.045117 0.703100
29842 0.480264 0.463209 0.056527
29647 0.665340 0.040903 0.293757
37541 0.846531 0.030549 0.122920
36900 0.476662 0.314629 0.208708
31107 0.700332 0.071091 0.228577
32777 0.000000 1.000000 0.000000
34896 0.275335 0.475749 0.248916
36734 0.359830 0.596074 0.044096
37535 0.182492 0.289253 0.528255
37522 0.190216 0.619919 0.189866
37285 0.058518 0.826842 0.114641
36484 0.535704 0.142969 0.321327
35187 0.149204 0.044724 0.806071
34031 0.149076 0.438201 0.412722
33688 0.099696 0.204361 0.695943
33340 0.133033 0.309920 0.557048
33663 0.390499 0.467937 0.141564
34385 0.783060 0.000000 0.216940
33080 1.000000 0.000000 0.000000
35781 1.000000 0.000000 0.000000
36883 0.166251 0.242844 0.590904
37299 0.271275 0.637080 0.091645
36722 0.088011 0.181362 0.730627
36477 0.000000 0.663170 0.336830
35187 0.112690 0.425141 0.462168
35460 0.478211 0.155621 0.366168
34891 0.746169 0.122015 0.131816
35437 0.605622 0.359745 0.034634
34298 0.000000 0.977099 0.022901
32166 0.570949 0.111502 0.317548
34897 0.167589 0.463773 0.368638
36888 0.064772 0.062244 0.872984
37537 0.226713 0.728715 0.044572
37887 0.749225 0.104531 0.146244
37678 0.621181 0.252944 0.125876
36483 0.000000 0.936235 0.063765
34878 0.261373 0.585300 0.153327
33675 0.000000 0.168755 0.831245
33017 0.067129 0.144714 0.788157
33339 0.624776 0.125286 0.249938
31756 1.000000 0.000000 0.000000
34324 0.057084 0.659425 0.283491
33366 0.323073 0.319817 0.357109
37888 0.449249 0.497419 0.053332
37681 0.534503 0.222542 0.242955
36876 0.265077 0.339034 0.395889
34303 0.180330 0.675525 0.144145
26641 0.016040 0.916271 0.067689
26407 0.355558 0.563140 0.081301
28532 0.307635 0.199021 0.493344
29626 0.322839 0.125725 0.551436
31027 0.543301 0.280558 0.176141
36511 0.000713 0.362539 0.636748
37534 0.179721 0.053895 0.766383
37888 0.071214 0.077200 0.851586
32704 0.121362 0.725859 0.152778
28952 0.348788 0.317757 0.333455
25722 0.591461 0.114788 0.293751
25131 0.628530 0.362141 0.009329
26380 0.670459 0.139310 0.190231
31037 0.415929 0.395489 0.188582
33366 0.933599 0.035717 0.030684
37883 0.738635 0.048702 0.212663
36877 0.406131 0.155849 0.438020
33677 0.001267 0.590297 0.408436
36002 0.517016 0.092567 0.390417
37316 0.249615 0.567851 0.182535
37890 0.472310 0.268022 0.259668
27442 0.291735 0.673627 0.034638
26415 0.286039 0.322932 0.391029
27415 0.277257 0.458841 0.263902
29428 0.293018 0.150269 0.556713
31529 0.587906 0.115118 0.296976
32349 0.195607 0.767196 0.037197
29224 0.032655 0.117141 0.850205
25270 0.140959 0.768697 0.090344
25531 0.288808 0.279416 0.431775
26614 0.275245 0.224666 0.500089
30312 0.239000 0.001355 0.759645
33363 0.092776 0.418876 0.488348
37101 0.774377 0.066945 0.158678
36481 0.627223 0.225488 0.147289
35185 0.301810 0.629209 0.068981
36002 0.078047 0.697346 0.224607
36739 0.110862 0.684183 0.204955
37518 0.127043 0.439533 0.433424
27637 0.713175 0.242161 0.044664
26151 0.465876 0.033656 0.500468
28738 0.706024 0.040303 0.253673
29625 0.579158 0.095423 0.325418
29631 0.015246 0.753567 0.231187
33012 0.008857 0.156930 0.834214
28581 0.285158 0.314628 0.400214
26145 0.818622 0.100190 0.081188
25530 0.016930 0.004743 0.978327
26891 0.872706 0.095209 0.032085
30310 0.207309 0.232646 0.560045
32753 0.200677 0.077027 0.722296
36717 0.217865 0.738422 0.043713
35448 0.820617 0.101088 0.078295
34884 0.681906 0.284473 0.033621
34691 0.118588 0.836133 0.045279
36522 0.137631 0.774045 0.088324
36879 0.699308 0.084886 0.215806
27958 0.129791 0.326151 0.544059
26915 0.004780 0.793727 0.201493
27626 0.037053 0.846487 0.116460
29834 0.568707 0.162855 0.268438
30745 0.198969 0.479474 0.321557
32355 0.673473 0.079482 0.247045
31041 0.045527 0.100772 0.853701
26146 0.631722 0.253757 0.114521
25981 0.462222 0.208699 0.329078
26625 0.236062 0.192522 0.571416
30560 0.147567 0.373977 0.478455
33746 0.047194 0.389328 0.563478
36488 0.099121 0.860347 0.040532
35453 0.088634 0.448031 0.463335
34645 0.338698 0.108299 0.553003
34379 0.050835 0.495413 0.453752
36313 0.378269 0.225702 0.396029
36904 0.239833 0.231388 0.528778
31017 0.658791 0.341209 0.000000
32337 0.340000 0.614948 0.045052
32049 0.450538 0.063051 0.486410
29851 0.380037 0.539477 0.080486
28924 0.697274 0.203357 0.099369
28920 0.770740 0.183318 0.045942
34009 0.142753 0.265693 0.591554
33701 0.902969 0.029068 0.067963
30542 0.790149 0.006412 0.203439
28541 0.335033 0.284772 0.380195
27130 0.084700 0.568100 0.347200
26120 0.105229 0.567490 0.327282
26482 0.099917 0.308564 0.591519
26993 0.208639 0.432153 0.359208
27961 0.768164 0.110021 0.121815
29258 0.210513 0.597226 0.192260
30130 0.284626 0.186384 0.528990
32136 0.139579 0.781852 0.078569
33060 0.207528 0.761072 0.031400
34917 0.663486 0.016312 0.320202
35819 0.026953 0.206254 0.766794
36036 0.072942 0.881173 0.045885
29268 0.547770 0.189674 0.262556
34631 0.199611 0.391028 0.409361
33701 0.239789 0.645075 0.115137
34334 0.720294 0.024751 0.254956
36016 0.529268 0.290803 0.179929
36290 0.515578 0.357490 0.126931
35180 0.244646 0.719324 0.036031
34056 0.209831 0.319600 0.470569
28384 0.225955 0.651372 0.122673
35809 0.533797 0.129008 0.337195
29655 0.549541 0.230614 0.219845
27898 0.416724 0.276072 0.307204
26965 0.396806 0.305598 0.297597
26474 0.295548 0.581757 0.122695
26495 0.661556 0.212445 0.125999
35218 0.609086 0.319225 0.071690
34671 0.529942 0.335625 0.134433
33397 0.027794 0.404416 0.567789
31354 0.103668 0.851916 0.044416
30346 0.395607 0.283303 0.321089
28584 0.318072 0.173144 0.508784
27198 0.955678 0.027293 0.017029
27709 0.473574 0.221774 0.304652
31017 0.236147 0.350908 0.412945
32044 0.245354 0.754646 0.000000
32049 0.381215 0.489658 0.129127
30076 0.174508 0.541009 0.284482
30073 0.030348 0.191570 0.778082
29192 0.324878 0.042838 0.632284
35433 0.331247 0.520775 0.147978
35789 0.000000 0.745174 0.254826
36008 0.252305 0.211524 0.536172
34660 0.073652 0.736891 0.189457
34658 0.808838 0.127415 0.063748
34872 0.151103 0.610445 0.238453
35213 0.496517 0.170211 0.333273
34922 0.319951 0.219406 0.460643
27649 0.312854 0.330157 0.356988
26683 0.040537 0.507153 0.452310
26185 0.305178 0.612508 0.082315
26493 0.005753 0.963094 0.031153
34676 0.254311 0.165883 0.579807
34369 0.005121 0.115724 0.879155
33402 0.028485 0.504130 0.467384
31349 0.211077 0.659609 0.129314
30037 0.054123 0.366907 0.578971
28977 0.850985 0.035420 0.113594
27493 0.717309 0.252921 0.029770
26974 0.955453 0.034319 0.010229
30507 0.214126 0.070641 0.715233
30265 0.163763 0.537115 0.299122
32048 0.069666 0.188311 0.742023
31748 0.571518 0.290934 0.137548
31019 0.340854 0.303558 0.355588
31016 0.559740 0.175092 0.265168
30720 0.397826 0.503114 0.099059
30719 0.481061 0.049319 0.469619
35474 0.240551 0.459362 0.300087
35789 0.510465 0.059720 0.429815
35751 0.000000 0.333789 0.666211
35751 0.251861 0.396586 0.351552
34658 0.114155 0.737073 0.148772
35751 0.369239 0.096318 0.534443
35789 0.000000 0.147794 0.852206
35789 0.336770 0.506283 0.156947
30759 0.185372 0.314726 0.499902
32079 0.254201 0.528046 0.217753
28141 0.413070 0.232166 0.354764
28959 0.298552 0.493150 0.208298
33712 0.033623 0.835843 0.130534
34343 0.375249 0.337994 0.286757
27459 0.239286 0.365747 0.394967
26164 0.589841 0.347863 0.062297
25771 0.055852 0.601077 0.343071
26052 0.107607 0.577407 0.314985
34357 0.361959 0.456439 0.181601
34361 0.017976 0.154127 0.827897
32460 0.472721 0.320391 0.206888
31366 0.092927 0.410119 0.496954
30137 0.827739 0.051750 0.120511
28586 0.564044 0.163291 0.272665
27508 0.181135 0.638052 0.180813
26711 0.448289 0.344164 0.207548
27468 0.709533 0.240898 0.049568
28778 0.316850 0.157705 0.525445
24764 0.598378 0.161357 0.240264
25745 0.128731 0.236036 0.635233
29897 0.277712 0.507126 0.215162
31119 0.014080 0.255377 0.730543
24352 0.151872 0.223509 0.624619
22568 0.458646 0.168181 0.373173
22772 0.144882 0.694254 0.160864
23156 0.108695 0.108153 0.783152
31627 0.210453 0.141702 0.647846
31407 0.421684 0.226966 0.351351
30843 0.571829 0.418634 0.009537
30679 0.155491 0.749520 0.094989
29373 0.204906 0.782748 0.012346
26366 0.006792 0.373243 0.619965
24566 0.428227 0.114664 0.457109
23549 0.347280 0.648385 0.004335
22620 0.208291 0.620617 0.171091
25201 0.497275 0.104169 0.398556
28502 0.941121 0.026533 0.032345
29592 0.113951 0.660925 0.225124
30202 0.053305 0.924863 0.021832
29730 0.179673 0.187653 0.632675
25330 0.622491 0.031535 0.345974
23534 0.279057 0.252092 0.468852
22788 0.320658 0.406831 0.272511
27760 0.067069 0.208123 0.724808
21874 0.650939 0.144120 0.204941
21051 1.000000 0.000000 0.000000
20495 0.586807 0.376163 0.037030
20511 0.510022 0.293249 0.196729
20303 0.314774 0.647035 0.038191
28860 0.660571 0.090365 0.249064
28635 0.045409 0.035014 0.919577
13774 0.251961 0.648459 0.099580
22347 0.005784 0.498689 0.495527
23885 0.425930 0.309410 0.264659
20566 0.655871 0.258727 0.085402
21390 0.644114 0.216763 0.139123
25081 0.733234 0.249040 0.017726
26436 0.650644 0.330181 0.019175
19822 0.363818 0.028021 0.608161
18486 0.781141 0.199028 0.019831
18613 0.444512 0.470526 0.084962
18787 0.122665 0.101298 0.776037
27635 0.117954 0.429184 0.452861
28364 0.103484 0.430494 0.466022
28139 0.894223 0.097309 0.008468
27654 0.637384 0.333552 0.029064
25378 0.735556 0.063740 0.200704
23734 0.115138 0.641803 0.243059
21088 0.324680 0.559539 0.115781
19136 0.429250 0.425407 0.145343
18185 0.130669 0.350030 0.519301
21536 0.388378 0.443337 0.168285
14133 0.895639 0.034703 0.069658
15880 0.284702 0.553523 0.161775
23836 0.108009 0.668487 0.223504
25450 0.000000 0.349580 0.650420
13693 0.033581 0.017473 0.948946
13117 0.207044 0.530524 0.262432
12633 0.136234 0.193725 0.670041
12794 0.473344 0.183528 0.343128
27487 0.303300 0.181160 0.515539
26494 0.000000 0.286503 0.713497
25236 0.056989 0.000000 0.943011
20016 0.429616 0.025324 0.545059
18126 0.169844 0.165116 0.665040
15237 0.294575 0.533441 0.171984
13769 0.725773 0.016340 0.257887
13450 0.159916 0.766239 0.073845
27472 0.735613 0.136067 0.128319
25164 0.052446 0.138486 0.809068
25144 0.419604 0.248982 0.331414
26179 0.408608 0.524033 0.067359
31092 0.168124 0.372047 0.459829
30908 0.161253 0.225500 0.613246
31874 0.142492 0.767865 0.089643
32156 0.178008 0.025826 0.796166
32086 0.253011 0.203107 0.543882
31554 0.031866 0.381915 0.586219
30784 0.311432 0.516699 0.171868
31337 0.334242 0.054302 0.611455
29676 0.645042 0.109972 0.244986
29367 0.092749 0.065883 0.841368
29864 0.107526 0.728326 0.164148
28567 0.136135 0.570797 0.293069
27180 0.007374 0.012477 0.980148
28781 0.212727 0.262787 0.524485
28187 0.482794 0.248144 0.269062
27874 0.245226 0.021817 0.732957
33043 0.430957 0.306087 0.262956
32100 0.478730 0.043896 0.477373
26740 0.411907 0.355842 0.232251
25355 0.392483 0.385097 0.222421
29871 0.027491 0.675715 0.296793
30326 0.377815 0.150377 0.471808
24916 0.116426 0.560617 0.322957
23673 0.194125 0.480450 0.325425
23956 0.190280 0.431166 0.378553
25612 0.147647 0.202316 0.650037
26059 0.480560 0.318467 0.200973
24937 0.530577 0.049560 0.419863
25757 0.716136 0.233963 0.049901
24120 0.266218 0.602495 0.131287
32451 0.054026 0.347598 0.598377
32117 0.187614 0.305502 0.506884
29307 0.772466 0.170768 0.056767
28820 0.119512 0.090631 0.789856
28655 0.408051 0.020068 0.571881
30394 0.132080 0.375359 0.492560
26272 0.379944 0.502676 0.117380
24778 0.099377 0.833962 0.066662
25663 0.241690 0.273459 0.484852
23976 0.143806 0.644866 0.211327
30625 0.252198 0.448227 0.299575
23557 0.158582 0.053442 0.787976
27740 0.725596 0.244080 0.030324
21021 0.344605 0.525411 0.129984
21859 0.376930 0.098290 0.524779
22936 0.204552 0.079182 0.716265
21214 0.663446 0.156389 0.180165
31151 0.717588 0.167416 0.114996
22553 0.372703 0.194000 0.433296
30421 0.426877 0.006747 0.566377
24530 0.072933 0.263278 0.663789
23078 0.260231 0.467112 0.272658
24701 0.053822 0.563793 0.382386
26751 0.059109 0.795366 0.145525
23137 0.529643 0.348623 0.121734
21663 0.137629 0.326497 0.535874
22227 0.448581 0.470035 0.081384
23292 0.713201 0.274950 0.011849
25673 0.195710 0.165065 0.639224
28005 0.046000 0.580434 0.373567
26427 0.270759 0.140468 0.588774
28835 0.619598 0.202682 0.177720
22022 0.549215 0.034509 0.416276
20524 0.104819 0.888155 0.007026
20859 0.394507 0.100314 0.505179
19950 0.453782 0.329987 0.216232
20676 0.455206 0.328428 0.216366
19578 0.488385 0.221946 0.289669
19593 0.260452 0.108677 0.630872
21037 0.199073 0.609790 0.191137
29321 0.165838 0.704685 0.129477
28643 0.203721 0.046859 0.749420
30411 0.904738 0.063410 0.031852
29358 0.388620 0.287115 0.324266
30423 0.427024 0.292716 0.280259
28909 0.479065 0.305213 0.215722
29937 0.040507 0.646134 0.313359
28669 0.597485 0.179775 0.222741
28501 0.265098 0.278183 0.456719
26608 0.401167 0.036719 0.562114
25835 0.221373 0.681394 0.097233
24823 0.388607 0.569294 0.042099
23559 0.249175 0.059097 0.691728
21899 0.210296 0.025996 0.763707
21892 0.035030 0.376010 0.588960
20336 0.617573 0.185762 0.196665
20326 0.034869 0.019963 0.945168
24725 0.251536 0.072626 0.675838
22315 0.020410 0.491331 0.488259
14028 0.445855 0.199505 0.354640
14322 0.196389 0.508134 0.295477
14931 0.912952 0.067379 0.019669
16858 0.173697 0.315510 0.510793
19095 0.019205 0.153461 0.827334
14304 0.720018 0.079975 0.200008
26488 0.667760 0.139334 0.192906
27147 0.430161 0.274688 0.295151
14906 0.570967 0.272400 0.156632
25405 0.336461 0.290202 0.373336
15637 0.594414 0.319241 0.086345
24084 0.000000 1.000000 0.000000
26937 0.351306 0.622475 0.026219
19679 0.230799 0.159289 0.609911
17699 0.134043 0.131453 0.734504
17998 0.092818 0.587093 0.320088
14811 0.349293 0.167683 0.483024
17596 0.336769 0.534295 0.128936
13502 0.020034 0.098275 0.881691
14880 0.052141 0.507056 0.440804
12478 0.283955 0.333227 0.382818
11992 0.110441 0.375570 0.513990
11349 0.211057 0.002458 0.786485
11297 0.190155 0.486530 0.323315
11578 0.049885 0.566370 0.383745
17303 0.377933 0.101555 0.520512
12319 0.724706 0.270594 0.004700
14095 0.468345 0.480215 0.051440
11637 0.981527 0.006880 0.011593
10590 0.037428 0.428451 0.534120
9982 0.020271 0.965353 0.014376
9698 0.708993 0.034594 0.256412
10647 0.108110 0.660399 0.231491
16466 0.241984 0.698471 0.059545
11860 0.417861 0.477826 0.104313
13581 0.181528 0.659323 0.159149
10335 0.255900 0.509830 0.234270
9645 0.204986 0.273986 0.521028
8960 0.359999 0.367157 0.272844
8742 0.117186 0.029027 0.853786
9870 0.926479 0.071285 0.002236
15571 0.545625 0.072271 0.382104
11135 1.000000 0.000000 0.000000
13281 0.054087 0.711361 0.234552
9662 0.204830 0.466309 0.328861
8863 0.590010 0.069687 0.340303
8657 0.210024 0.348596 0.441380
8822 0.241860 0.059930 0.698210
9383 0.013482 0.178052 0.808466
12768 0.035209 0.266256 0.698535
11063 0.071955 0.676288 0.251757
10407 0.472566 0.025469 0.501965
10184 0.152662 0.488439 0.358899
20815 0.278301 0.546525 0.175174
20081 0.653716 0.137812 0.208472
18737 0.242410 0.006359 0.751230
18913 0.213125 0.436553 0.350322
17366 0.279739 0.534381 0.185879
22305 0.990291 0.009709 0.000000
23836 0.879332 0.103235 0.017433
12432 0.039809 0.411943 0.548248
11182 0.035425 0.096071 0.868504
17286 0.000000 0.705150 0.294850
17159 0.652736 0.064319 0.282945
10459 0.376093 0.328589 0.295318
9938 0.674281 0.008858 0.316861
19215 0.111081 0.888919 0.000000
27652 1.000000 0.000000 0.000000
27322 0.299094 0.518424 0.182482
27772 0.751830 0.000000 0.248170
25980 0.076365 0.536512 0.387122
28336 1.000000 0.000000 0.000000
28732 0.000000 0.648552 0.351448
26629 0.310373 0.120575 0.569052
26858 0.146095 0.619971 0.233933
28105 0.450390 0.222281 0.327329
28553 0.833760 0.100672 0.065567
28364 0.707615 0.220087 0.072297
27657 0.037317 0.962683 0.000000
26148 0.440050 0.559950 0.000000
27588 0.458203 0.000000 0.541797
25946 0.778878 0.221122 0.000000
25388 0.620421 0.045689 0.333890
25388 0.017645 0.922354 0.060002
26313 0.000000 0.517764 0.482236
24661 0.000000 0.418694 0.581306
25473 0.341520 0.446377 0.212103
28112 1.000000 0.000000 0.000000
28548 0.439727 0.005137 0.555136
26455 0.399685 0.356498 0.243817
28131 0.114325 0.215880 0.669795
26636 0.179487 0.550981 0.269533
25980 0.238625 0.280928 0.480448
21069 0.616357 0.023660 0.359983
18190 0.331038 0.085186 0.583776
24660 0.000000 0.755463 0.244537
24597 0.150945 0.849055 0.000000
27588 0.634861 0.142396 0.222743
25946 0.350692 0.499597 0.149711
27058 1.000000 0.000000 0.000000
25378 0.000000 0.402846 0.597154
25378 0.082633 0.637559 0.279808
25378 0.000000 0.774843 0.225157
27058 1.000000 0.000000 0.000000
25207 1.000000 0.000000 0.000000
25378 0.000000 0.161298 0.838702
26420 0.000000 0.867532 0.132468
26420 0.000000 0.424135 0.575865
26420 0.000000 0.487296 0.512704
25207 1.000000 0.000000 0.000000
26420 0.000000 0.628763 0.371237
28642 0.042876 0.957124 0.000000
28333 0.741530 0.000000 0.258470
27596 0.000000 0.758585 0.241415
27825 0.246479 0.141876 0.611645
28333 0.576884 0.369618 0.053498
28734 0.812917 0.080805 0.106278
28642 0.066936 0.613879 0.319186
28642 0.139014 0.692993 0.167993
28531 0.701147 0.063650 0.235203
29354 0.622045 0.124469 0.253487
28643 0.237719 0.593175 0.169106
28642 0.400930 0.599070 0.000000
28643 0.395647 0.378468 0.225885
28642 0.420944 0.484823 0.094233
23850 0.496023 0.000000 0.503977
24054 0.084217 0.806080 0.109703
24853 0.278341 0.243413 0.478246
26651 0.000000 0.412310 0.587690
27429 0.564381 0.125367 0.310252
25495 1.000000 0.000000 0.000000
26797 0.606097 0.393903 0.000000
22739 0.093808 0.259716 0.646476
21737 0.218578 0.336719 0.444703
22511 0.353390 0.000000 0.646610
24611 1.000000 0.000000 0.000000
26688 0.264515 0.328022 0.407463
26926 0.425073 0.429710 0.145217
25451 0.275594 0.300068 0.424337
25504 0.138481 0.435861 0.425658
24639 0.311943 0.201685 0.486372
25536 0.550907 0.042502 0.406591
26978 0.059530 0.331455 0.609016
19088 0.424091 0.018303 0.557606
25273 0.319394 0.252738 0.427869
25135 0.012937 0.359005 0.628058
24621 0.215096 0.550859 0.234045
24273 0.164656 0.319796 0.515548
22268 0.583428 0.161819 0.254753
21429 0.138104 0.632094 0.229803
20976 0.374834 0.220166 0.405000
21002 0.138492 0.630422 0.231086
19090 0.532242 0.430729 0.037029
17163 0.130920 0.176792 0.692287
15242 0.341563 0.519200 0.139238
19094 0.367382 0.046861 0.585757
18572 0.488324 0.404200 0.107475
17724 0.167692 0.044149 0.788160
17370 0.535003 0.043474 0.421523
16869 0.299051 0.575497 0.125452
15775 0.075425 0.191293 0.733281
14789 0.903236 0.086298 0.010466
13633 0.174134 0.325042 0.500825
14717 0.066101 0.850232 0.083668
13786 0.458228 0.111189 0.430583
12303 0.279021 0.084933 0.636046
11222 0.330400 0.283358 0.386242
13891 0.034223 0.245638 0.720139
13486 0.491550 0.495180 0.013270
11727 0.331015 0.146740 0.522245
10300 0.371411 0.226371 0.402217
9661 0.385051 0.299723 0.315226
15304 0.401653 0.483091 0.115256
12756 0.602353 0.124320 0.273326
11246 0.323702 0.514791 0.161507
9406 0.421442 0.351696 0.226862
8723 0.145616 0.700900 0.153484
9075 0.377561 0.203740 0.418698
8901 0.245886 0.124510 0.629604
9802 0.115705 0.568221 0.316073
10227 0.142894 0.406989 0.450118
9421 0.492856 0.381137 0.126007
8919 0.708472 0.004405 0.287123
8797 0.449181 0.302844 0.247975
8807 0.255794 0.177078 0.567128
9208 0.352720 0.264035 0.383245
10014 0.325919 0.204454 0.469627
9685 0.339534 0.506914 0.153551
8861 0.198641 0.640001 0.161358
8999 0.424021 0.489666 0.086313
9014 0.004319 0.450676 0.545005
10132 0.560917 0.196767 0.242316
9425 0.617673 0.182360 0.199967
8706 0.709396 0.185207 0.105397
8709 0.282197 0.594521 0.123282
8824 0.576347 0.061116 0.362536
9457 0.105911 0.362355 0.531734
12844 0.008955 0.661631 0.329414
16129 0.157666 0.137658 0.704676
11136 0.092101 0.158775 0.749123
9128 0.085351 0.208477 0.706172
10882 0.336653 0.264302 0.399045
11372 0.194549 0.450659 0.354791
11855 0.068362 0.450570 0.481068
13446 0.165149 0.166188 0.668664
8716 0.485297 0.021929 0.492773
9700 0.372100 0.145954 0.481946
10239 0.105774 0.758278 0.135948
10711 0.257374 0.180276 0.562350
12196 0.157239 0.499361 0.343400
9236 0.341155 0.446734 0.212111
8702 0.003424 0.830358 0.166219
9561 0.642317 0.073820 0.283863
9218 0.021767 0.828781 0.149452
9663 0.405018 0.128551 0.466431
9213 0.954793 0.020421 0.024786
10209 0.219064 0.071984 0.708952
9843 0.562408 0.308933 0.128658
11088 0.298667 0.243594 0.457739
11284 0.106394 0.425724 0.467882
12743 0.129629 0.192620 0.677750
12987 0.873525 0.054806 0.071669
14468 0.250047 0.210361 0.539592
15651 0.016177 0.726409 0.257414
12791 0.659698 0.165552 0.174751
6956 0.481911 0.085607 0.432483
7960 0.536296 0.043798 0.419905
6945 0.750022 0.124136 0.125842
6617 0.140532 0.677115 0.182354
8704 0.328548 0.272593 0.398859
8220 0.666775 0.058555 0.274670
7809 0.581684 0.073232 0.345084
6989 0.284852 0.218329 0.496819
8207 0.338804 0.619264 0.041931
7631 0.094546 0.300281 0.605174
6861 0.721811 0.036760 0.241429
11190 0.375200 0.323492 0.301309
9897 0.453831 0.219316 0.326853
8420 0.182877 0.618427 0.198696
8435 0.541513 0.411974 0.046512
7857 0.242718 0.297584 0.459698
9735 0.035673 0.235170 0.729157
8270 0.560259 0.116865 0.322876
7723 0.413303 0.391655 0.195041
7179 0.117612 0.381392 0.500996
6954 0.234865 0.255159 0.509976
8251 0.178353 0.488709 0.332938
7388 0.066039 0.506448 0.427513
6860 0.645036 0.181060 0.173904
6420 0.537802 0.103503 0.358695
6223 0.195611 0.653101 0.151288
7328 0.278918 0.528243 0.192839
6811 0.059415 0.411759 0.528826
6472 0.635408 0.193547 0.171044
5833 0.072325 0.595937 0.331738
5686 0.063520 0.191366 0.745114
11605 0.349638 0.480238 0.170123
10034 0.152656 0.324269 0.523075
8864 0.833983 0.162589 0.003429
6640 0.824371 0.146964 0.028665
6110 0.398841 0.090776 0.510382
9024 0.627294 0.122857 0.249849
10569 0.416873 0.246452 0.336675
7345 0.567221 0.202572 0.230207
6551 0.298124 0.171026 0.530850
7258 0.813506 0.035142 0.151352
6865 0.454929 0.070741 0.474331
6227 0.286679 0.312664 0.400657
5927 0.135940 0.244389 0.619671
5661 0.373156 0.587228 0.039616
7944 0.594813 0.273415 0.131772
5798 0.149031 0.039909 0.811059
5838 0.124040 0.422474 0.453486
23944 0.213094 0.297877 0.489030
19552 0.350040 0.259361 0.390600
16250 0.136635 0.432429 0.430936
14058 0.469621 0.261579 0.268801
12375 0.527445 0.093746 0.378809
10090 0.017468 0.314619 0.667913
8035 0.111357 0.558178 0.330465
10091 0.115099 0.533304 0.351598
7348 0.235649 0.710053 0.054298
5949 0.812479 0.097525 0.089996
7389 0.757858 0.056821 0.185321
7004 0.004283 0.492596 0.503121
6387 0.025006 0.403537 0.571457
5790 0.886244 0.089116 0.024640
5472 0.230417 0.110679 0.658903
8443 0.201701 0.138857 0.659442
5288 0.347674 0.141557 0.510769
5577 0.064631 0.848786 0.086583
24767 0.397552 0.525293 0.077155
20752 0.859861 0.027402 0.112738
18269 0.925824 0.065018 0.009158
16417 0.086361 0.244078 0.669561
14721 0.495666 0.068086 0.436249
12798 0.098085 0.631112 0.270803
4037 0.146386 0.745005 0.108609
6721 0.536636 0.109443 0.353921
2909 0.053356 0.435833 0.510811
2211 0.159392 0.317373 0.523235
7835 0.079196 0.655437 0.265367
6265 0.234602 0.296590 0.468808
4935 0.276523 0.316982 0.406496
3449 0.175809 0.635766 0.188425
2010 0.121074 0.379785 0.499141
10798 0.881810 0.054222 0.063969
1767 0.269784 0.452520 0.277696
1830 0.383868 0.236862 0.379270
5071 0.217366 0.170399 0.612234
4360 0.163709 0.267751 0.568540
3140 0.265789 0.434656 0.299555
3782 0.268777 0.204920 0.526303
4711 0.372318 0.376531 0.251151
5448 0.646374 0.218138 0.135488
7127 0.011141 0.748731 0.240128
6343 0.312861 0.277191 0.409948
5376 0.438344 0.214099 0.347556
3988 0.601951 0.222653 0.175396
5006 0.809842 0.054627 0.135531
5712 0.763844 0.060730 0.175426
19213 0.813579 0.037320 0.149101
19779 0.166699 0.710028 0.123273
20504 0.778842 0.184051 0.037107
24147 0.365499 0.313728 0.320773
24765 0.198764 0.681660 0.119576
24480 0.044653 0.236135 0.719213
4726 0.542344 0.226082 0.231574
4162 0.079796 0.856427 0.063777
2673 0.072029 0.090391 0.837579
3217 0.046737 0.376018 0.577245
4074 0.574410 0.374961 0.050629
4865 0.630597 0.343970 0.025433
16669 0.035997 0.756705 0.207298
17136 0.315098 0.020282 0.664620
17212 0.166343 0.602367 0.231291
7156 0.880733 0.051997 0.067270
7867 0.204098 0.111109 0.684793
6762 0.434623 0.317191 0.248186
8949 0.195630 0.091917 0.712453
8502 0.644434 0.170754 0.184812
8235 0.054472 0.623249 0.322279
14237 0.001436 0.148224 0.850340
15121 0.220558 0.569525 0.209918
15252 0.040340 0.135365 0.824294
8908 0.875159 0.025417 0.099424
10273 0.170533 0.769504 0.059962
10666 0.115666 0.645272 0.239062
12535 0.253040 0.082210 0.664750
11687 0.495872 0.084752 0.419376
10487 0.171606 0.085235 0.743159
6485 0.092231 0.249269 0.658500
6876 0.567784 0.194606 0.237610
6372 0.225126 0.109675 0.665200
12629 0.234859 0.675078 0.090063
13140 0.222603 0.509019 0.268378
14102 0.133492 0.468545 0.397963
5744 0.398298 0.294906 0.306796
6050 0.032852 0.960154 0.006994
4927 0.144199 0.480823 0.374978
9029 0.224949 0.445466 0.329584
7722 0.485362 0.097439 0.417199
6824 0.124565 0.182023 0.693412
21541 0.410564 0.254506 0.334931
20451 0.315882 0.360647 0.323471
23088 0.552165 0.084533 0.363302
23453 0.235597 0.054699 0.709704
18814 0.065901 0.098655 0.835444
17369 0.001876 0.153284 0.844840
18520 0.373313 0.271559 0.355128
20213 0.606628 0.179656 0.213716
24330 0.348236 0.133192 0.518572
24318 0.236674 0.231787 0.531539
26920 0.088124 0.632994 0.278882
25492 0.393723 0.047504 0.558773
18258 0.239137 0.336717 0.424146
16788 0.470683 0.510609 0.018708
17384 0.271081 0.198481 0.530438
16091 0.540686 0.257174 0.202140
17523 0.085142 0.034663 0.880195
15468 0.279173 0.190426 0.530400
15669 0.216724 0.340793 0.442483
17117 0.410357 0.304301 0.285342
27398 0.130899 0.374180 0.494921
27454 0.261177 0.338028 0.400795
27688 0.378145 0.035755 0.586100
27083 0.895840 0.023864 0.080296
27076 0.225945 0.233770 0.540285
26476 0.536210 0.135019 0.328771
25873 0.265716 0.270303 0.463981
24855 0.193020 0.300879 0.506101
24423 0.051013 0.182088 0.766900
22498 0.164766 0.473251 0.361982
22062 0.132165 0.254760 0.613075
20236 0.459297 0.396727 0.143975
19636 0.105441 0.644965 0.249594
18278 0.452732 0.417240 0.130028
17395 0.074865 0.327989 0.597147
16949 0.840665 0.132867 0.026468
23495 0.224836 0.657901 0.117263
21933 0.544345 0.074738 0.380917
21756 0.260906 0.578881 0.160213
23920 0.433478 0.174529 0.391994
24978 0.108051 0.483550 0.408399
24275 1.000000 0.000000 0.000000
23029 0.138483 0.043777 0.817740
22681 0.569421 0.159338 0.271242
23917 0.752413 0.070385 0.177202
23488 0.259660 0.740340 0.000000
24342 0.627097 0.000000 0.372903
25368 0.147897 0.203680 0.648423
26400 0.121402 0.376927 0.501672
26612 0.317523 0.535128 0.147350
26912 0.868579 0.017026 0.114395
25945 0.144023 0.438566 0.417412
24978 1.000000 0.000000 0.000000
24275 0.000000 0.662155 0.337845
24117 0.347245 0.133222 0.519532
24116 0.005440 0.773226 0.221334
23918 0.115466 0.291423 0.593111
24705 0.197064 0.665255 0.137681
24697 0.186173 0.382653 0.431175
25669 0.268898 0.059112 0.671991
26101 0.448744 0.018193 0.533063
25672 0.197292 0.002255 0.800453
26104 0.722527 0.145381 0.132092
25945 0.196896 0.088588 0.714515
24837 0.415794 0.490509 0.093698
23493 0.411512 0.378237 0.210252
22513 0.376554 0.557273 0.066173
22681 0.069002 0.786768 0.144229
23108 0.608962 0.319204 0.071834
23488 0.381377 0.259054 0.359569
24342 0.545659 0.439330 0.015011
26099 0.607009 0.333386 0.059605
26908 0.148570 0.187596 0.663834
27646 0.295615 0.100220 0.604165
27135 0.227561 0.506354 0.266085
25205 0.061312 0.029639 0.909049
22874 0.041045 0.148913 0.810042
22383 0.565662 0.318425 0.115912
22743 0.395500 0.262571 0.341930
23487 0.241583 0.347438 0.410979
24341 0.549279 0.200362 0.250359
26098 0.128942 0.304986 0.566073
28229 0.362222 0.545107 0.092671
28069 0.652465 0.019332 0.328203
28237 0.471639 0.137528 0.390833
25379 1.000000 0.000000 0.000000
25242 0.614625 0.109178 0.276197
21514 0.207555 0.161747 0.630698
21139 0.408528 0.253337 0.338135
22677 0.850308 0.042305 0.107387
25379 0.381014 0.294267 0.324719
26159 0.249630 0.517526 0.232845
33041 0.808325 0.116411 0.075264
32093 0.062847 0.889011 0.048142
26471 0.168181 0.270995 0.560824
28081 0.726997 0.074724 0.198280
29052 0.655382 0.142263 0.202355
30373 1.000000 0.000000 0.000000
33016 0.683209 0.052915 0.263875
34251 0.057037 0.172326 0.770637
33010 0.256300 0.079364 0.664336
32080 0.406704 0.028386 0.564910
30474 0.022667 0.354329 0.623003
29296 0.499941 0.087599 0.412460
28858 0.678470 0.119569 0.201961
29044 0.105563 0.495142 0.399295
28239 0.012730 0.551791 0.435479
28079 0.038494 0.658665 0.302841
29048 0.331821 0.000000 0.668179
30373 1.000000 0.000000 0.000000
31561 0.155082 0.311494 0.533424
33003 0.683980 0.237951 0.078069
32007 0.066453 0.720350 0.213197
31556 0.237634 0.741068 0.021298
30475 0.737593 0.086449 0.175958
29296 0.000000 0.494441 0.505559
30602 0.445059 0.272557 0.282384
29537 0.603638 0.287678 0.108684
28647 0.461279 0.400969 0.137752
27444 0.539006 0.460994 0.000000
30842 0.018515 0.063091 0.918393
32093 0.323802 0.039412 0.636787
33936 0.822115 0.165234 0.012650
34539 0.265046 0.210324 0.524630
33922 0.288611 0.286406 0.424983
32362 0.923325 0.050522 0.026153
30044 0.142345 0.510247 0.347408
28857 0.274601 0.252155 0.473243
28638 0.035165 0.035652 0.929183
28237 0.000000 0.547430 0.452570
25203 0.000000 1.000000 0.000000
30169 0.441991 0.146742 0.411267
29080 0.469596 0.352653 0.177751
34272 0.467231 0.436942 0.095827
34542 0.460575 0.328876 0.210549
31803 0.416512 0.112400 0.471087
29291 0.691274 0.226371 0.082355
22907 0.664317 0.071826 0.263857
22003 0.174824 0.260242 0.564935
23103 0.172740 0.202522 0.624738
23916 0.439937 0.160018 0.400045
26097 0.736756 0.251506 0.011738
31835 0.547695 0.226925 0.225380
33041 0.101340 0.187390 0.711269
34273 0.121496 0.245199 0.633305
27636 0.293571 0.498225 0.208203
25419 0.025404 0.951081 0.023515
20995 0.849132 0.057211 0.093657
20991 0.328276 0.292641 0.379083
21931 0.215884 0.495657 0.288459
26969 0.731140 0.244031 0.024829
29080 0.061521 0.023468 0.915011
33939 0.389141 0.097768 0.513091
31575 0.611364 0.136395 0.252241
29693 0.535456 0.259902 0.204642
31839 0.333555 0.101602 0.564843
33349 0.338659 0.558099 0.103242
34273 0.802607 0.030228 0.167165
22584 0.237246 0.053244 0.709511
22003 0.714580 0.095796 0.189624
22671 0.248507 0.447265 0.304228
23486 0.350966 0.259550 0.389485
26094 0.818360 0.121113 0.060527
28057 0.882162 0.019400 0.098438
24885 0.110806 0.050385 0.838810
20472 0.326532 0.345540 0.327928
