17521 0.077922 0.321067 0.601011
19445 0.440326 0.159294 0.400380
3630 0.150375 0.587268 0.262357
3653 0.141081 0.016424 0.842495
3661 0.022383 0.133514 0.844103
19418 0.107295 0.068579 0.824126
3657 0.002832 0.011442 0.985726
19422 0.000347 0.043105 0.956548
3646 0.040714 0.044623 0.914663
3594 0.072776 0.860975 0.066248
12794 0.891318 0.044727 0.063955
3024 0.084591 0.065379 0.850031
3022 0.345589 0.283759 0.370652
16853 0.542762 0.163451 0.293787
17378 0.120743 0.876745 0.002511
19622 0.096625 0.505199 0.398176
15110 0.050142 0.862165 0.087693
19635 0.041708 0.057796 0.900496
19631 0.029135 0.922088 0.048777
15209 0.035886 0.019842 0.944272
19679 0.088879 0.846475 0.064646
19683 0.348409 0.042613 0.608978
19695 0.301253 0.108291 0.590455
19688 0.350746 0.119399 0.529855
14971 0.276794 0.392438 0.330768
1072 0.851794 0.100265 0.047941
14501 0.049992 0.152767 0.797241
14497 0.043990 0.140934 0.815076
12497 0.137243 0.113133 0.749624
5882 0.059021 0.932995 0.007984
1134 0.081705 0.872101 0.046194
5879 0.838485 0.130380 0.031135
5876 0.095757 0.836203 0.068040
22256 0.054592 0.040046 0.905362
18391 0.031542 0.170508 0.797950
18394 0.090522 0.255695 0.653783
18386 0.065399 0.200813 0.733788
5322 0.049117 0.121922 0.828961
18398 0.131924 0.236980 0.631096
18300 0.000613 0.440329 0.559058
17776 0.004781 0.327752 0.667467
5651 0.606314 0.355850 0.037836
19659 0.128242 0.731021 0.140736
19605 0.005129 0.072730 0.922141
5637 0.161840 0.637875 0.200285
5642 0.137498 0.302460 0.560042
5634 0.737504 0.119497 0.142999
12754 0.916944 0.054236 0.028820
775 0.738934 0.023486 0.237580
12811 0.530189 0.183898 0.285913
19557 0.355930 0.350052 0.294018
18339 0.636636 0.135947 0.227417
5171 0.654973 0.272946 0.072081
19564 0.348479 0.402959 0.248561
5758 0.638448 0.246547 0.115005
19656 0.066671 0.929211 0.004118
19617 0.272111 0.121200 0.606688
19673 0.439125 0.152171 0.408703
19668 0.341690 0.157788 0.500522
5627 0.079671 0.387238 0.533091
17803 0.831068 0.080440 0.088492
19609 0.155393 0.179778 0.664829
17874 0.333064 0.363486 0.303449
5714 0.666430 0.290272 0.043299
5742 0.135264 0.698583 0.166153
17871 0.094220 0.534802 0.370978
17899 0.385999 0.411960 0.202041
959 0.527880 0.472120 0.000000
958 0.813443 0.186557 0.000000
5604 0.163529 0.591866 0.244606
5788 0.096797 0.276774 0.626429
19575 0.380303 0.242474 0.377223
5101 0.840389 0.008931 0.150681
19595 0.526055 0.409393 0.064551
19583 0.308155 0.429575 0.262269
5761 0.177070 0.220752 0.602178
19580 0.566382 0.113994 0.319624
19606 0.551032 0.082549 0.366419
5457 0.179847 0.517558 0.302596
5461 0.107640 0.580816 0.311543
5466 0.059985 0.696147 0.243868
5464 0.877727 0.065703 0.056571
5468 0.641382 0.344526 0.014092
5472 0.800554 0.102257 0.097189
5600 0.120457 0.310415 0.569128
5724 0.020706 0.170243 0.809051
5750 0.754237 0.166922 0.078841
5102 0.975733 0.010379 0.013887
5738 0.145152 0.547214 0.307635
5730 0.092725 0.560602 0.346673
17933 0.780029 0.009761 0.210210
17926 0.064970 0.026978 0.908052
17878 0.817236 0.137901 0.044863
5498 0.078221 0.132250 0.789529
5494 0.037543 0.047672 0.914784
5490 0.009536 0.910398 0.080066
17794 0.867831 0.129491 0.002678
5484 0.610978 0.387867 0.001155
17799 0.133128 0.715866 0.151005
17823 0.251169 0.612452 0.136379
17847 0.363086 0.624020 0.012894
17852 0.011113 0.566409 0.422478
5735 0.087199 0.764798 0.148003
18310 0.447377 0.233657 0.318966
5441 0.036387 0.868146 0.095467
17830 0.885882 0.049017 0.065101
5448 0.929766 0.050612 0.019622
17835 0.232421 0.056846 0.710734
5439 0.404082 0.503713 0.092205
18032 0.598105 0.185283 0.216612
18087 0.676860 0.106049 0.217091
5368 0.027999 0.388257 0.583745
18403 0.037529 0.029078 0.933393
5342 0.695555 0.196570 0.107875
18271 0.061550 0.830416 0.108034
5337 0.177995 0.208068 0.613938
18278 0.450484 0.262586 0.286930
18302 0.003849 0.089626 0.906524
17842 0.183894 0.574847 0.241259
18338 0.447852 0.047808 0.504340
5313 0.171345 0.741166 0.087489
5320 0.076382 0.069368 0.854250
5402 0.292805 0.173733 0.533462
18048 0.638502 0.109744 0.251754
5569 0.180601 0.649915 0.169484
5565 0.127249 0.570248 0.302503
5562 0.068183 0.548831 0.382987
5557 0.168610 0.491366 0.340024
18028 0.732980 0.240858 0.026162
18037 0.089193 0.610519 0.300288
5594 0.174750 0.104124 0.721126
18085 0.284920 0.650931 0.064149
18084 0.330314 0.039372 0.630314
18090 0.004571 0.215365 0.780064
18097 0.205908 0.102509 0.691584
18091 0.155360 0.364537 0.480103
17996 0.135590 0.348854 0.515556
5535 0.399613 0.082175 0.518212
5532 0.116140 0.263889 0.619971
5859 0.805092 0.187689 0.007219
17982 0.253941 0.675602 0.070457
18064 0.446607 0.017160 0.536233
5520 0.196136 0.641206 0.162658
5516 0.720431 0.066719 0.212851
5547 0.282252 0.666633 0.051115
17784 0.220301 0.677292 0.102408
5992 0.105101 0.290731 0.604168
6009 0.666825 0.095965 0.237210
18022 0.549204 0.009804 0.440993
17585 0.473057 0.212236 0.314707
6149 0.051085 0.835224 0.113691
17568 0.196680 0.185308 0.618012
17702 0.508186 0.317751 0.174064
6001 0.581815 0.278380 0.139805
17987 0.332068 0.375279 0.292653
17556 0.893414 0.072883 0.033703
18002 0.036125 0.203537 0.760338
5546 0.201950 0.197138 0.600912
17588 0.074309 0.183409 0.742282
5541 0.046310 0.111241 0.842449
17978 0.890903 0.069307 0.039790
18065 0.167469 0.626486 0.206045
6018 0.021473 0.158790 0.819738
6079 0.069347 0.800717 0.129937
6075 0.256889 0.311340 0.431771
6071 0.168894 0.231571 0.599535
18012 0.426124 0.364001 0.209875
17994 0.406930 0.591745 0.001325
5998 0.010430 0.987684 0.001887
5994 0.353574 0.435311 0.211115
6010 0.211957 0.169349 0.618694
17616 0.664566 0.276586 0.058848
6013 0.157851 0.165035 0.677114
6080 0.874640 0.026264 0.099096
6151 0.326454 0.455911 0.217635
17611 0.516544 0.190096 0.293360
6146 0.212789 0.075937 0.711274
6138 0.035688 0.081546 0.882766
17494 0.873443 0.122088 0.004469
17484 0.078485 0.235779 0.685737
17596 0.290377 0.099145 0.610478
17600 0.419599 0.092328 0.488073
17542 0.071293 0.473364 0.455343
17485 0.303337 0.098583 0.598080
6161 0.020933 0.626893 0.352174
6097 0.482047 0.430833 0.087119
6085 0.154440 0.190323 0.655237
6127 0.268453 0.624687 0.106860
17528 0.375823 0.580164 0.044013
6119 0.535256 0.141531 0.323213
6115 0.688108 0.043387 0.268505
6111 0.648075 0.178149 0.173776
18203 0.322323 0.307613 0.370065
18197 0.201796 0.702272 0.095932
18240 0.387447 0.308122 0.304431
18245 0.389817 0.056740 0.553443
6112 0.258537 0.418419 0.323044
5286 0.122918 0.375391 0.501691
5985 0.070254 0.807580 0.122166
17532 0.759621 0.041419 0.198959
17780 0.113525 0.059684 0.826792
17676 0.552243 0.056361 0.391396
17673 0.297902 0.172455 0.529643
5011 0.932839 0.042436 0.024725
18462 0.205482 0.008735 0.785784
5905 0.372481 0.424842 0.202678
5911 0.290414 0.070809 0.638777
17685 0.186871 0.475198 0.337931
5972 0.178275 0.424872 0.396854
17661 0.673889 0.167523 0.158588
5945 0.369786 0.266795 0.363419
17636 0.019139 0.068109 0.912752
17627 0.391652 0.176567 0.431782
5947 0.177873 0.764218 0.057909
17659 0.095435 0.597699 0.306866
17651 0.364054 0.333799 0.302148
17653 0.582136 0.327365 0.090500
5956 0.337201 0.557283 0.105516
17704 0.791104 0.121307 0.087589
5823 0.632800 0.322383 0.044816
5828 0.271841 0.350563 0.377596
5831 0.243738 0.438196 0.318066
5835 0.008488 0.795679 0.195833
5833 0.975212 0.009190 0.015598
5119 0.140476 0.594788 0.264736
1033 0.372759 0.058364 0.568877
1032 0.039467 0.019252 0.941281
22200 0.442116 0.415224 0.142660
5957 0.029049 0.403676 0.567275
5839 0.051025 0.090941 0.858034
18417 0.108001 0.850259 0.041740
5398 0.137149 0.042273 0.820578
18401 0.181477 0.600596 0.217927
18294 0.279988 0.272581 0.447431
19570 0.058903 0.661425 0.279672
5100 0.410116 0.544539 0.045345
21982 0.158703 0.624319 0.216978
5128 0.368642 0.612838 0.018519
5111 0.301157 0.281842 0.417001
5932 0.167008 0.534134 0.298858
5891 0.885752 0.084617 0.029632
17666 0.008481 0.749265 0.242253
5910 0.301276 0.175383 0.523341
17698 0.751602 0.149327 0.099071
5935 0.257976 0.559523 0.182500
5964 0.398224 0.010904 0.590873
4889 0.268654 0.366423 0.364923
17650 0.702299 0.141892 0.155809
4889 0.561916 0.347675 0.090409
4893 0.171748 0.310510 0.517741
5405 0.727344 0.166581 0.106074
5917 0.048713 0.849214 0.102073
5921 0.041817 0.958183 0.000000
5926 0.062890 0.069042 0.868068
17677 0.072117 0.725985 0.201898
4892 0.070048 0.390422 0.539530
18573 0.780863 0.122307 0.096831
18578 0.775596 0.024190 0.200214
4910 0.194271 0.452348 0.353381
18516 0.573554 0.393365 0.033081
18512 0.407366 0.210635 0.381998
18508 0.819372 0.029770 0.150858
18542 0.045087 0.359202 0.595711
4846 0.075928 0.391328 0.532744
18553 0.440353 0.545465 0.014182
18536 0.075831 0.806432 0.117737
4893 0.000000 0.513768 0.486232
4831 0.474220 0.419236 0.106544
4874 0.626649 0.169863 0.203488
18428 0.648494 0.045562 0.305944
18476 0.583071 0.054665 0.362264
18472 0.148414 0.280222 0.571364
5008 0.091041 0.790731 0.118228
5017 0.093813 0.870708 0.035478
18469 0.063103 0.499195 0.437701
4976 0.324255 0.252342 0.423403
4979 0.388812 0.374051 0.237137
18449 0.092361 0.429889 0.477750
4987 0.087062 0.141351 0.771588
4722 0.350650 0.422288 0.227062
4998 0.144632 0.463962 0.391406
4944 0.044615 0.402850 0.552535
18688 0.320336 0.182042 0.497623
4938 0.346911 0.436607 0.216483
4953 0.032683 0.623847 0.343470
18719 0.215580 0.453093 0.331326
4727 0.370668 0.133442 0.495890
4967 0.098463 0.726800 0.174737
18712 0.113478 0.231466 0.655057
4728 0.269578 0.410645 0.319776
18733 0.689853 0.002898 0.307249
18728 0.099193 0.304802 0.596005
18721 0.101607 0.700565 0.197829
4713 0.346179 0.537589 0.116232
18617 0.664956 0.095502 0.239542
18614 0.273076 0.085143 0.641781
4709 0.645713 0.172572 0.181715
18699 0.094778 0.594798 0.310424
18613 0.217890 0.289182 0.492929
4785 0.052491 0.226551 0.720959
4803 0.022645 0.112218 0.865137
18211 0.255998 0.048914 0.695089
18214 0.195470 0.222652 0.581878
18218 0.198788 0.178036 0.623177
4809 0.054464 0.235121 0.710415
18186 0.348769 0.000739 0.650492
4650 0.000423 0.440836 0.558741
18598 0.072599 0.902380 0.025021
4641 0.287473 0.343032 0.369495
4637 0.736885 0.141808 0.121307
18643 0.170179 0.277457 0.552364
18659 0.114085 0.079633 0.806281
4672 0.084373 0.889021 0.026607
18655 0.044508 0.097394 0.858098
18649 0.228467 0.297166 0.474367
18623 0.326503 0.482035 0.191463
4730 0.184159 0.454903 0.360939
4797 0.104980 0.507063 0.387957
4792 0.161274 0.604937 0.233789
4795 0.263034 0.037708 0.699258
5263 0.249407 0.074471 0.676122
5267 0.428407 0.131075 0.440518
18138 0.484951 0.333809 0.181240
18134 0.610031 0.161697 0.228271
5279 0.814711 0.020969 0.164320
4810 0.319255 0.454465 0.226279
4807 0.099863 0.653267 0.246870
18180 0.058624 0.301828 0.639548
4746 0.120941 0.013969 0.865090
18248 0.377014 0.298365 0.324620
18116 0.148538 0.144930 0.706532
18231 0.005376 0.353435 0.641189
5361 0.020301 0.868662 0.111037
18043 0.626876 0.021469 0.351655
5573 0.610173 0.375770 0.014057
5583 0.474996 0.465187 0.059817
4826 0.093922 0.355169 0.550909
5280 0.486718 0.403454 0.109828
18133 0.129259 0.502730 0.368011
5238 0.589179 0.276717 0.134104
18363 0.071075 0.317462 0.611463
5247 0.338197 0.237521 0.424282
5243 0.013852 0.361674 0.624474
18370 0.330682 0.287921 0.381398
18344 0.222180 0.599772 0.178048
18156 0.364041 0.114929 0.521030
18262 0.016056 0.693861 0.290084
5290 0.634277 0.207000 0.158723
5233 0.110410 0.148318 0.741272
18354 0.174143 0.000153 0.825704
18359 0.961323 0.022663 0.016014
18355 0.800582 0.056066 0.143352
5217 0.000000 0.865051 0.134949
5218 0.642329 0.224880 0.132791
5373 0.177878 0.254761 0.567360
5036 0.461962 0.115398 0.422641
22052 0.597507 0.020712 0.381781
5027 0.553191 0.123260 0.323550
5023 0.091563 0.581599 0.326838
5379 0.181454 0.104708 0.713838
18357 0.053680 0.771625 0.174695
5366 0.199062 0.553697 0.247241
18328 0.180912 0.029169 0.789919
18414 0.066850 0.284756 0.648394
18390 0.090847 0.057717 0.851436
22234 0.061211 0.803191 0.135599
5344 0.852046 0.125040 0.022915
5334 0.029184 0.899640 0.071176
18298 0.003437 0.105346 0.891218
5316 0.545286 0.345219 0.109494
5351 0.170479 0.827159 0.002362
17911 0.917268 0.014539 0.068192
18263 0.861478 0.104697 0.033824
5069 0.204845 0.550226 0.244929
5043 0.704255 0.183921 0.111824
5040 0.085508 0.528167 0.386325
5089 0.039924 0.685427 0.274649
5085 0.111571 0.085623 0.802806
21987 0.396103 0.592893 0.011004
22074 0.873157 0.099840 0.027004
22076 0.034016 0.944412 0.021572
22042 0.281293 0.354859 0.363848
22045 0.803661 0.132104 0.064235
5059 0.381807 0.482992 0.135201
22048 0.903924 0.091153 0.004923
22098 0.057857 0.334217 0.607927
5047 0.863813 0.069524 0.066663
5116 0.335472 0.579823 0.084705
5115 0.917152 0.009807 0.073041
5051 0.600487 0.088022 0.311491
22102 0.108142 0.096089 0.795770
22020 0.200517 0.388303 0.411180
22026 0.362758 0.021564 0.615678
22036 0.570616 0.226680 0.202704
5208 0.290567 0.231968 0.477465
5066 0.596905 0.271846 0.131249
5204 0.207671 0.434331 0.357999
5184 0.702845 0.111292 0.185863
5164 0.325368 0.528473 0.146159
5134 0.217036 0.421304 0.361660
5118 0.171392 0.444531 0.384076
5141 0.325032 0.669278 0.005690
5152 0.104328 0.411101 0.484571
1029 0.217442 0.350643 0.431914
22113 0.886865 0.022979 0.090157
1020 0.933709 0.049447 0.016844
1017 0.029825 0.861527 0.108648
1023 0.295864 0.310634 0.393502
22229 0.181028 0.208449 0.610523
4633 0.343607 0.351084 0.305309
1058 0.000000 0.508636 0.491364
22197 0.389499 0.322279 0.288222
1051 0.079406 0.901960 0.018634
12818 0.329006 0.171283 0.499711
819 0.612251 0.076433 0.311317
846 0.383192 0.316981 0.299827
850 0.231698 0.408784 0.359518
855 0.244935 0.138546 0.616520
865 0.517516 0.056861 0.425623
1035 0.110846 0.088734 0.800421
12773 0.209340 0.032192 0.758467
12777 0.377067 0.622026 0.000907
1150 0.674712 0.252886 0.072402
1131 0.145967 0.766351 0.087682
12479 0.729089 0.053266 0.217645
1116 0.103979 0.874692 0.021330
1121 0.165937 0.050598 0.783466
1125 0.132559 0.493754 0.373687
1129 0.201363 0.669998 0.128639
1011 0.454964 0.534449 0.010587
993 0.344705 0.632228 0.023067
14979 0.169749 0.524312 0.305939
14955 0.377187 0.216503 0.406310
15012 0.280883 0.428331 0.290786
1671 0.237007 0.068986 0.694007
1667 0.132528 0.225117 0.642355
14998 0.693899 0.076854 0.229247
15217 0.047030 0.948589 0.004381
986 0.079799 0.663658 0.256543
875 0.075953 0.805620 0.118427
12505 0.220199 0.116033 0.663768
12509 0.023241 0.551715 0.425044
12722 0.162787 0.410022 0.427191
12485 0.025906 0.395973 0.578121
887 0.646703 0.276275 0.077021
870 0.008100 0.623198 0.368702
12951 0.761926 0.119186 0.118888
896 0.670706 0.189291 0.140003
963 0.435174 0.525113 0.039713
1419 0.286966 0.690088 0.022946
12986 0.848080 0.000502 0.151418
12991 0.015731 0.048616 0.935652
12995 0.041719 0.178709 0.779572
1403 0.063692 0.709215 0.227093
1409 0.048406 0.845362 0.106232
839 0.034061 0.924597 0.041342
835 0.226030 0.617081 0.156888
12779 0.015228 0.638052 0.346720
12764 0.005778 0.928955 0.065267
889 0.039696 0.835249 0.125055
12861 0.257210 0.092851 0.649939
12862 0.552940 0.225745 0.221315
1424 0.686906 0.107592 0.205502
12871 0.094989 0.373907 0.531104
12875 0.337677 0.337498 0.324826
12847 0.514275 0.179620 0.306105
12843 0.553542 0.156175 0.290282
12848 0.085564 0.095755 0.818681
779 0.307171 0.093999 0.598830
793 0.158166 0.544963 0.296871
12685 0.000000 0.848426 0.151574
12709 0.000000 0.292157 0.707843
12682 0.000000 0.083938 0.916062
12690 0.000000 0.038427 0.961573
923 0.000000 0.357135 0.642865
938 0.000000 0.436250 0.563750
956 0.000000 0.697597 0.302403
957 0.000000 0.802137 0.197863
12812 0.000000 0.128253 0.871747
12704 0.000000 0.523681 0.476319
937 0.043152 0.129856 0.826993
919 0.151118 0.053519 0.795363
920 0.160647 0.774306 0.065047
961 0.018765 0.418338 0.562897
12747 0.000000 0.328941 0.671059
12700 0.000000 0.683048 0.316952
12712 0.000000 0.834112 0.165888
1391 0.065958 0.663880 0.270162
1497 0.634052 0.361028 0.004921
12401 0.069610 0.884196 0.046194
12641 0.912382 0.049243 0.038375
1725 0.014067 0.176810 0.809123
15457 0.683550 0.201610 0.114840
1722 0.540217 0.063785 0.395998
1718 0.310335 0.423813 0.265853
1714 0.760227 0.025110 0.214662
1663 0.771646 0.093898 0.134456
15438 0.000761 0.219597 0.779642
1654 0.051021 0.746944 0.202035
1650 0.203070 0.672063 0.124867
1646 0.180604 0.723914 0.095482
12969 0.082893 0.831203 0.085904
1437 0.317543 0.429996 0.252461
1433 0.511147 0.131518 0.357335
12439 0.847206 0.115757 0.037037
12955 0.023004 0.138477 0.838519
906 0.050626 0.104935 0.844439
903 0.105699 0.057804 0.836497
949 0.094777 0.778227 0.126997
12384 0.350601 0.104144 0.545254
12389 0.210853 0.138142 0.651006
15005 0.380731 0.054086 0.565183
12392 0.226096 0.120920 0.652983
12396 0.496817 0.044425 0.458758
12459 0.388841 0.072730 0.538429
12443 0.519485 0.091553 0.388962
12447 0.703954 0.071632 0.224414
12451 0.843457 0.090128 0.066415
1186 0.803120 0.045238 0.151643
881 0.188209 0.400282 0.411509
1464 0.017742 0.659523 0.322735
1465 0.152079 0.622657 0.225264
12917 0.074095 0.093172 0.832733
1504 0.140973 0.479311 0.379716
1509 0.747940 0.098269 0.153792
12883 0.218463 0.205234 0.576303
1470 0.118176 0.219373 0.662452
12887 0.234390 0.045276 0.720334
12915 0.090912 0.142926 0.766162
1380 0.843805 0.032673 0.123522
12906 0.638215 0.127644 0.234141
12902 0.522525 0.114317 0.363158
1521 0.072345 0.016709 0.910946
12880 0.011163 0.987688 0.001149
1529 0.128741 0.026344 0.844915
1533 0.216749 0.233542 0.549709
1537 0.187505 0.523221 0.289275
1541 0.202854 0.483491 0.313656
15010 0.070871 0.140536 0.788593
15006 0.790992 0.158839 0.050169
15031 0.688374 0.091805 0.219821
15054 0.568077 0.034492 0.397431
15058 0.332289 0.130936 0.536775
2206 0.196764 0.767799 0.035437
15068 0.562154 0.094252 0.343594
2290 0.009002 0.653731 0.337267
12560 0.107122 0.118177 0.774701
1290 0.766845 0.177813 0.055342
1486 0.004173 0.879401 0.116426
1490 0.629169 0.240252 0.130579
1482 0.384399 0.372881 0.242720
12932 0.102940 0.812864 0.084196
1270 0.046591 0.393133 0.560275
12651 0.078403 0.797322 0.124275
12652 0.034145 0.105974 0.859881
1344 0.761507 0.185914 0.052579
12665 0.266692 0.090243 0.643065
12677 0.343318 0.025881 0.630801
1161 0.621320 0.239615 0.139064
1181 0.263972 0.646178 0.089850
12406 0.889984 0.043477 0.066539
12410 0.800149 0.170399 0.029452
12414 0.755925 0.177564 0.066512
12518 0.182319 0.145005 0.672676
1220 0.528008 0.287497 0.184496
1217 0.121353 0.077473 0.801174
12391 0.035742 0.836906 0.127352
12395 0.156690 0.792881 0.050429
1240 0.218999 0.038544 0.742456
12364 0.143100 0.847172 0.009729
1249 0.075483 0.882430 0.042086
12623 0.189056 0.118295 0.692649
13407 0.000000 0.805036 0.194964
237 0.450188 0.317124 0.232688
1349 0.016843 0.170200 0.812957
12726 0.187875 0.337111 0.475014
911 0.786127 0.073767 0.140105
1236 0.589235 0.206185 0.204580
1232 0.202729 0.643897 0.153374
12399 0.805070 0.061660 0.133269
12423 0.730342 0.070457 0.199201
12427 0.721193 0.005295 0.273511
1173 0.161416 0.748269 0.090315
12601 0.697261 0.025980 0.276759
12605 0.510334 0.116858 0.372808
1314 0.051751 0.761399 0.186851
1310 0.061816 0.888505 0.049679
50 0.089918 0.086383 0.823700
13584 0.020665 0.959371 0.019964
12591 0.865580 0.029463 0.104957
280 0.070439 0.809782 0.119779
661 0.129537 0.832872 0.037592
13593 0.076619 0.018437 0.904945
13565 0.429376 0.358256 0.212368
13561 0.324776 0.587377 0.087847
13124 0.259095 0.051571 0.689334
16593 0.045734 0.869458 0.084808
16507 0.152117 0.779304 0.068578
16330 0.917580 0.059831 0.022589
12586 0.004921 0.787579 0.207500
12590 0.020546 0.052200 0.927255
13333 0.054254 0.102793 0.842953
329 0.093257 0.783987 0.122756
325 0.151124 0.698402 0.150474
321 0.134998 0.758658 0.106344
13144 0.172416 0.081683 0.745901
13148 0.268444 0.698981 0.032576
2399 0.074094 0.804366 0.121540
1316 0.468231 0.427298 0.104471
272 0.054786 0.906518 0.038697
12524 0.123205 0.801461 0.075334
384 0.541477 0.370982 0.087541
12529 0.074444 0.694382 0.231173
1331 0.002538 0.736147 0.261315
1295 0.001719 0.383196 0.615085
1289 0.058440 0.176720 0.764840
15025 0.311668 0.066384 0.621948
13574 0.789377 0.169400 0.041224
13617 0.673745 0.132290 0.193965
12678 0.106165 0.711044 0.182791
211 0.658413 0.140114 0.201474
213 0.287298 0.087361 0.625341
13421 0.171482 0.770626 0.057891
214 0.194020 0.269342 0.536638
200 0.002158 0.517062 0.480781
13417 0.579165 0.303132 0.117704
227 0.292109 0.157190 0.550700
13403 0.000000 0.846118 0.153882
13409 0.000000 0.987698 0.012302
222 0.140889 0.475311 0.383800
364 0.147112 0.623530 0.229359
13348 0.796678 0.075506 0.127816
305 0.089208 0.673556 0.237237
301 0.136832 0.592051 0.271118
297 0.156282 0.534028 0.309690
13036 0.003379 0.050890 0.945731
339 0.482858 0.082985 0.434156
13444 0.128060 0.622415 0.249525
377 0.051287 0.364962 0.583750
373 0.042272 0.356605 0.601123
369 0.048254 0.360632 0.591115
13340 0.819571 0.039998 0.140431
13458 0.753627 0.115965 0.130408
13460 0.090761 0.150628 0.758610
352 0.006591 0.256872 0.736537
358 0.035834 0.245471 0.718695
344 0.032097 0.261765 0.706138
13456 0.651138 0.111735 0.237127
317 0.023165 0.292424 0.684412
13365 0.068013 0.058062 0.873925
64 0.006295 0.280964 0.712741
60 0.023722 0.397207 0.579071
13369 0.424450 0.073505 0.502046
13373 0.327882 0.412880 0.259238
13554 0.183443 0.757559 0.058998
13549 0.170638 0.001497 0.827864
107 0.461588 0.492160 0.046252
13520 0.060601 0.334348 0.605051
13081 0.204743 0.278970 0.516287
13128 0.504822 0.229412 0.265766
13572 0.072909 0.870541 0.056551
91 0.056126 0.847994 0.095880
87 0.143025 0.666058 0.190918
93 0.088125 0.873142 0.038733
13621 0.119091 0.040659 0.840250
13626 0.595333 0.224131 0.180537
1 0.835947 0.103112 0.060941
38 0.114185 0.025291 0.860525
15 0.052641 0.918365 0.028993
21 0.033614 0.838285 0.128101
13618 0.863252 0.049969 0.086779
13609 0.011781 0.013904 0.974315
13613 0.402310 0.055116 0.542574
96 0.696548 0.028661 0.274791
13503 0.017979 0.816330 0.165691
150 0.046025 0.038841 0.915134
13509 0.071188 0.018176 0.910637
32 0.905721 0.062286 0.031993
94 0.066308 0.912671 0.021021
183 0.054225 0.103480 0.842296
13486 0.301264 0.224563 0.474172
180 0.181715 0.108397 0.709888
178 0.839494 0.150513 0.009993
174 0.872585 0.062914 0.064502
13542 0.940646 0.039989 0.019365
13023 0.019668 0.830001 0.150331
603 0.118716 0.004399 0.876885
13024 0.215103 0.316374 0.468523
645 0.196653 0.690970 0.112377
13101 0.094085 0.058344 0.847571
144 0.005857 0.932146 0.061996
98 0.752747 0.001719 0.245535
137 0.054976 0.244000 0.701024
13317 0.861637 0.065300 0.073063
125 0.583039 0.221952 0.195009
13109 0.437448 0.058945 0.503606
13113 0.686189 0.001484 0.312327
13530 0.515608 0.184818 0.299575
13555 0.140042 0.839413 0.020545
134 0.038435 0.860129 0.101436
13534 0.333338 0.067599 0.599063
581 0.088410 0.093639 0.817951
587 0.868503 0.111436 0.020061
13088 0.171806 0.146338 0.681856
2407 0.322476 0.583747 0.093777
2403 0.484765 0.430178 0.085057
2391 0.706795 0.129324 0.163881
764 0.518772 0.280500 0.200727
659 0.107483 0.058771 0.833746
613 0.067011 0.900130 0.032859
13019 0.182746 0.145810 0.671444
13078 0.417668 0.168920 0.413412
716 0.040548 0.114018 0.845434
742 0.013544 0.943736 0.042719
13007 0.080113 0.800638 0.119249
13003 0.287134 0.421858 0.291009
13000 0.261215 0.197811 0.540974
621 0.577563 0.356767 0.065671
13031 0.688727 0.061717 0.249556
13018 0.087545 0.098006 0.814449
13074 0.567334 0.272332 0.160334
726 0.583507 0.229365 0.187129
730 0.745786 0.122230 0.131984
734 0.139663 0.731491 0.128846
760 0.397683 0.445861 0.156457
756 0.332953 0.653147 0.013900
752 0.541278 0.424096 0.034626
748 0.059837 0.664362 0.275802
697 0.042026 0.798616 0.159358
13264 0.134005 0.401855 0.464140
689 0.098698 0.804584 0.096718
687 0.882886 0.038989 0.078125
13274 0.198477 0.347868 0.453655
676 0.179835 0.805716 0.014449
699 0.026999 0.897697 0.075304
13181 0.073119 0.882899 0.043983
713 0.656115 0.163623 0.180262
13278 0.287695 0.687166 0.025138
13302 0.061599 0.810997 0.127404
13307 0.176541 0.143942 0.679517
451 0.008945 0.386281 0.604774
447 0.570162 0.250231 0.179607
16682 0.148767 0.005975 0.845259
476 0.053407 0.834936 0.111657
2555 0.027641 0.946822 0.025537
13285 0.168851 0.755370 0.075779
440 0.837470 0.123190 0.039341
13280 0.131751 0.271703 0.596546
16582 0.158886 0.243718 0.597396
16578 0.136569 0.586354 0.277077
16574 0.050233 0.644764 0.305003
16569 0.091734 0.009656 0.898610
16568 0.265348 0.350362 0.384290
2595 0.251723 0.048158 0.700119
2531 0.400328 0.105828 0.493844
2690 0.067586 0.424579 0.507835
16818 0.177944 0.374543 0.447513
16814 0.141082 0.198739 0.660179
2677 0.831718 0.075743 0.092539
16787 0.158077 0.573044 0.268879
16765 0.018757 0.899287 0.081956
16761 0.554909 0.035660 0.409431
2679 0.292881 0.654818 0.052302
16730 0.064687 0.712931 0.222382
2623 0.185086 0.607639 0.207274
16800 0.056108 0.326678 0.617214
16747 0.719073 0.257844 0.023083
16739 0.133786 0.014884 0.851330
16788 0.201812 0.320706 0.477482
16605 0.017057 0.144813 0.838129
529 0.418917 0.545652 0.035431
501 0.291592 0.349312 0.359096
16649 0.787334 0.161892 0.050774
503 0.729802 0.145406 0.124792
489 0.522181 0.318841 0.158978
16661 0.315283 0.507605 0.177112
562 0.096029 0.768976 0.134995
16298 0.013124 0.746308 0.240568
16426 0.146155 0.410967 0.442877
399 0.626818 0.206896 0.166286
13169 0.117052 0.380211 0.502736
13173 0.393634 0.480680 0.125686
13216 0.312399 0.576104 0.111497
410 0.154548 0.137829 0.707623
469 0.353269 0.545772 0.100960
13190 0.217998 0.175227 0.606775
13194 0.054809 0.857641 0.087550
13166 0.014750 0.750984 0.234266
13162 0.269548 0.690797 0.039654
16615 0.062448 0.586424 0.351128
13226 0.097046 0.563608 0.339345
13201 0.092593 0.183399 0.724008
533 0.047434 0.091021 0.861545
13218 0.840411 0.030622 0.128968
538 0.147386 0.533901 0.318713
13215 0.831651 0.108186 0.060163
545 0.463815 0.164518 0.371667
16594 0.384689 0.344250 0.271060
2335 0.596221 0.210394 0.193385
2387 0.312753 0.687247 0.000000
504 0.091069 0.025505 0.883426
16643 0.165375 0.303217 0.531407
16640 0.455410 0.036351 0.508239
16644 0.645081 0.231580 0.123340
522 0.531110 0.120165 0.348725
16629 0.071959 0.532118 0.395923
2600 0.492323 0.104775 0.402902
2573 0.344204 0.425169 0.230627
2579 0.594044 0.223797 0.182159
16526 0.946309 0.044251 0.009440
16543 0.524673 0.023235 0.452093
16524 0.550748 0.341853 0.107398
16512 0.282718 0.697019 0.020263
16567 0.944467 0.017225 0.038308
16768 0.057392 0.183229 0.759379
2554 0.880708 0.018522 0.100770
2520 0.628497 0.278417 0.093086
2514 0.343458 0.367672 0.288870
2518 0.162290 0.684661 0.153049
16779 0.588673 0.010110 0.401217
2604 0.125033 0.438426 0.436540
16755 0.329288 0.013181 0.657531
16751 0.299094 0.192262 0.508644
2668 0.168554 0.467374 0.364071
2667 0.097485 0.802994 0.099522
2629 0.074980 0.039258 0.885762
16703 0.072723 0.865402 0.061875
16813 0.007670 0.879884 0.112446
2678 0.118299 0.695692 0.186008
16668 0.179210 0.119968 0.700822
16672 0.219328 0.344060 0.436612
16794 0.203402 0.788682 0.007916
16798 0.150518 0.751649 0.097834
2646 0.036356 0.874047 0.089597
2647 0.833411 0.040897 0.125692
2643 0.112960 0.056510 0.830530
2613 0.116770 0.632947 0.250283
2507 0.239791 0.401622 0.358587
2382 0.378679 0.227412 0.393908
16733 0.134550 0.522582 0.342869
2379 0.604175 0.217534 0.178291
16744 0.017094 0.554391 0.428515
2371 0.211054 0.771107 0.017839
2367 0.012246 0.361816 0.625938
16329 0.001289 0.058860 0.939850
16333 0.067504 0.090680 0.841815
16345 0.088583 0.090394 0.821024
17328 0.076367 0.174455 0.749178
2006 0.020604 0.900616 0.078780
10359 0.072163 0.760295 0.167542
2769 0.393169 0.478202 0.128628
2765 0.528638 0.400068 0.071294
2436 0.848863 0.148939 0.002198
2456 0.924347 0.037665 0.037988
16263 0.964644 0.001444 0.033912
16340 0.002292 0.978086 0.019622
16344 0.044325 0.027017 0.928657
2793 0.088110 0.781669 0.130221
10367 0.403012 0.534353 0.062635
2977 0.067931 0.781704 0.150365
2905 0.085175 0.724160 0.190665
2931 0.728457 0.179535 0.092008
3052 0.677884 0.195915 0.126201
15972 0.080449 0.848047 0.071503
2084 0.566660 0.315705 0.117634
15119 0.086992 0.028650 0.884358
1968 0.833789 0.045929 0.120282
15120 0.789187 0.051654 0.159159
15148 0.881257 0.039143 0.079600
16316 0.182908 0.020951 0.796141
16212 0.113218 0.007414 0.879368
15136 0.025442 0.205304 0.769254
2427 0.920581 0.045077 0.034343
16264 0.035288 0.944422 0.020290
2448 0.104804 0.006724 0.888472
2784 0.037423 0.031893 0.930684
2775 0.182716 0.771327 0.045957
2499 0.032822 0.933086 0.034091
2495 0.000525 0.947549 0.051926
16228 0.047177 0.892547 0.060275
16249 0.049520 0.045696 0.904784
17335 0.026532 0.017296 0.956171
2474 0.001222 0.806846 0.191932
16309 0.838423 0.050814 0.110763
2466 0.021524 0.936201 0.042275
2467 0.882150 0.073662 0.044188
2982 0.831718 0.122169 0.046113
2439 0.007124 0.140397 0.852479
16238 0.863619 0.017927 0.118454
16242 0.864914 0.022240 0.112845
16346 0.834930 0.154818 0.010252
16321 0.661335 0.147803 0.190862
3080 0.086254 0.748819 0.164927
3076 0.051602 0.817229 0.131169
16912 0.018254 0.153235 0.828511
16919 0.225389 0.178233 0.596379
16250 0.275800 0.217343 0.506857
17338 0.053910 0.932782 0.013308
17340 0.888293 0.022670 0.089037
17324 0.855243 0.054438 0.090319
17308 0.247307 0.209990 0.542702
17361 0.307843 0.683629 0.008528
2904 0.054599 0.023897 0.921505
17363 0.873569 0.087192 0.039239
2898 0.771164 0.041920 0.186916
17372 0.456779 0.279519 0.263702
16207 0.437092 0.283203 0.279705
2929 0.058031 0.857746 0.084223
17347 0.186282 0.131410 0.682308
2923 0.711118 0.196972 0.091909
17355 0.410596 0.167751 0.421653
17430 0.063892 0.683769 0.252339
3050 0.026381 0.831262 0.142357
16932 0.205088 0.109870 0.685042
16940 0.786708 0.023435 0.189857
3064 0.737603 0.238256 0.024141
16192 0.076312 0.722797 0.200891
16266 0.037257 0.798398 0.164345
3033 0.113242 0.757554 0.129203
16979 0.053950 0.002520 0.943530
2714 0.127115 0.851734 0.021152
15129 0.942860 0.041600 0.015540
1962 0.068691 0.755395 0.175914
3000 0.149056 0.749746 0.101198
3003 0.037654 0.872959 0.089388
3037 0.042612 0.866331 0.091057
16957 0.045032 0.857023 0.097945
3016 0.041268 0.023063 0.935669
16950 0.051153 0.030459 0.918388
16958 0.052926 0.024776 0.922299
2087 0.802918 0.117943 0.079140
3025 0.644782 0.103134 0.252084
16005 0.040231 0.002272 0.957497
15885 0.047007 0.088801 0.864192
16861 0.080285 0.028153 0.891562
16828 0.299592 0.258892 0.441516
15429 0.057397 0.653936 0.288667
1734 0.029383 0.104701 0.865916
15570 0.106697 0.024521 0.868782
2908 0.041453 0.012196 0.946352
17380 0.868553 0.062493 0.068954
2789 0.085806 0.838760 0.075433
16881 0.027440 0.048887 0.923673
15581 0.029494 0.066522 0.903983
10194 0.229668 0.737060 0.033271
10414 0.370174 0.621191 0.008636
17066 0.022751 0.401089 0.576161
16176 0.001854 0.712725 0.285421
10331 0.053000 0.463202 0.483799
2776 0.104578 0.702935 0.192487
16890 0.088258 0.000657 0.911085
15681 0.972374 0.008663 0.018963
16037 0.007668 0.021355 0.970977
1699 0.022568 0.048389 0.929043
10235 0.202013 0.765878 0.032109
10110 0.404491 0.463286 0.132222
16072 0.039581 0.232384 0.728035
16080 0.120121 0.047943 0.831936
10094 0.963247 0.033430 0.003323
16085 0.017632 0.041013 0.941355
10379 0.821752 0.131410 0.046838
15268 0.013263 0.027441 0.959296
10354 0.075239 0.865685 0.059075
10121 0.047362 0.878136 0.074502
10135 0.162585 0.826461 0.010955
15788 0.038699 0.218437 0.742864
15344 0.821582 0.025413 0.153006
15385 0.179547 0.499487 0.320966
1759 0.241063 0.533662 0.225275
1745 0.232395 0.728170 0.039435
1776 0.137705 0.055086 0.807209
1780 0.897504 0.007971 0.094525
2727 0.064646 0.932828 0.002525
1914 0.054917 0.815215 0.129869
15306 0.093427 0.701032 0.205541
1882 0.336351 0.379722 0.283927
1854 0.619712 0.100574 0.279714
1850 0.739357 0.138127 0.122517
1900 0.641926 0.213866 0.144208
1895 0.000101 0.822203 0.177696
1615 0.037450 0.014088 0.948462
1738 0.747221 0.090406 0.162372
1613 0.549945 0.370887 0.079169
1609 0.407000 0.502278 0.090722
1605 0.277368 0.576556 0.146077
15274 0.879961 0.110021 0.010018
1733 0.894232 0.078649 0.027118
2868 0.038045 0.507182 0.454773
2854 0.772374 0.156980 0.070646
17124 0.114321 0.066272 0.819407
1807 0.019980 0.065033 0.914987
1793 0.118760 0.049412 0.831827
17060 0.027781 0.014928 0.957291
2800 0.771760 0.067399 0.160841
2839 0.346899 0.579428 0.073673
2835 0.312706 0.580761 0.106533
1578 0.227377 0.766075 0.006548
2736 0.027829 0.027958 0.944213
2729 0.014327 0.973505 0.012168
2730 0.976201 0.022032 0.001767
17083 0.955500 0.013746 0.030754
16987 0.072352 0.844009 0.083640
2732 0.007902 0.979423 0.012675
2728 0.014127 0.078039 0.907834
17069 0.195812 0.179082 0.625106
2882 0.106458 0.664620 0.228922
17117 0.786275 0.198546 0.015178
16988 0.000772 0.028195 0.971033
2886 0.058821 0.900850 0.040329
17114 0.730823 0.067082 0.202094
2845 0.083361 0.155993 0.760645
17115 0.747995 0.051008 0.200997
17010 0.822371 0.102680 0.074950
16076 0.107820 0.881043 0.011138
16081 0.969951 0.005585 0.024464
1583 0.574233 0.224638 0.201129
17000 0.221617 0.600858 0.177525
1640 0.525803 0.264232 0.209964
2317 0.061539 0.035682 0.902779
15549 0.219147 0.210349 0.570504
1822 0.012015 0.060485 0.927499
17039 0.071371 0.068393 0.860236
1794 0.009651 0.978162 0.012187
1796 0.908970 0.081383 0.009647
1791 0.876506 0.055439 0.068055
1756 0.091963 0.653391 0.254646
15339 0.321259 0.606901 0.071840
1749 0.127962 0.047263 0.824775
15314 0.233611 0.017577 0.748811
1828 0.017404 0.976680 0.005916
1787 0.863201 0.035165 0.101634
15260 0.292542 0.018288 0.689170
15255 0.659124 0.059931 0.280945
1769 0.419445 0.175846 0.404709
1783 0.144042 0.748829 0.107129
15363 0.082351 0.013618 0.904032
15356 0.064754 0.080548 0.854698
1924 0.082213 0.097831 0.819955
1906 0.000000 0.509505 0.490495
1883 0.223675 0.318549 0.457776
1887 0.028082 0.198119 0.773799
15362 0.089250 0.859420 0.051330
15360 0.071148 0.878197 0.050656
1874 0.118078 0.774611 0.107311
15479 0.051493 0.746081 0.202426
15301 0.131311 0.410328 0.458360
15297 0.051532 0.611369 0.337099
15476 0.845622 0.006717 0.147661
15484 0.013345 0.024516 0.962139
1596 0.182903 0.737490 0.079607
1616 0.169217 0.613397 0.217387
15474 0.066997 0.764279 0.168723
15473 0.828589 0.020266 0.151145
1633 0.121531 0.757214 0.121255
15275 0.807805 0.116203 0.075992
1593 0.256454 0.696183 0.047363
1565 0.543358 0.106603 0.350039
1561 0.158462 0.517169 0.324369
1562 0.290128 0.635316 0.074556
1558 0.551649 0.330673 0.117677
15513 0.067050 0.796763 0.136187
15452 0.811164 0.087318 0.101518
2191 0.161331 0.058871 0.779798
2133 0.538191 0.230814 0.230995
14975 0.721069 0.152624 0.126307
14962 0.753887 0.230727 0.015387
14963 0.408795 0.500796 0.090409
2045 0.000000 0.826197 0.173803
2041 0.074113 0.907519 0.018368
15232 0.067264 0.686960 0.245776
15013 0.035404 0.208995 0.755601
16132 0.334171 0.203768 0.462061
15017 0.275361 0.719372 0.005267
2241 0.876727 0.120085 0.003188
15162 0.949955 0.031018 0.019028
2224 0.112020 0.874046 0.013934
2230 0.150378 0.802807 0.046815
15213 0.153084 0.837909 0.009006
15215 0.897161 0.020885 0.081955
15097 0.227057 0.658126 0.114817
15109 0.196800 0.392977 0.410223
2022 0.798645 0.031745 0.169610
15108 0.074598 0.013091 0.912311
15034 0.079485 0.864466 0.056050
14946 0.343847 0.428095 0.228058
15060 0.516205 0.086230 0.397565
2212 0.038059 0.547766 0.414175
15171 0.286697 0.008674 0.704629
2192 0.012979 0.945926 0.041095
14938 0.749955 0.071636 0.178409
14934 0.556016 0.031517 0.412466
2180 0.036486 0.322034 0.641480
2176 0.025226 0.145973 0.828800
15042 0.127423 0.137170 0.735407
15038 0.005863 0.499907 0.494230
14945 0.061397 0.265597 0.673006
2136 0.136433 0.549389 0.314178
2140 0.153529 0.290453 0.556018
2144 0.167636 0.102559 0.729805
15047 0.119361 0.855308 0.025330
14915 0.117974 0.010037 0.871989
14931 0.150717 0.213567 0.635716
2219 0.089070 0.398659 0.512270
14952 0.634293 0.300327 0.065380
2156 0.450865 0.160847 0.388288
14924 0.186848 0.594153 0.218999
14920 0.043678 0.711099 0.245223
14916 0.063223 0.907212 0.029565
2134 0.014765 0.146031 0.839204
22128 0.231740 0.661303 0.106958
2285 0.215001 0.177709 0.607290
1665 0.642235 0.167970 0.189795
22251 0.787685 0.165144 0.047171
2240 0.060451 0.446528 0.493021
15185 0.449737 0.484128 0.066135
15189 0.589180 0.221864 0.188956
2300 0.352920 0.549769 0.097311
2304 0.247722 0.620846 0.131432
2308 0.111586 0.660992 0.227423
15070 0.745711 0.138314 0.115974
2253 0.080319 0.627638 0.292043
15223 0.703264 0.028542 0.268194
2250 0.230073 0.684886 0.085040
1958 0.030418 0.008584 0.960998
3039 0.022744 0.809722 0.167534
1992 0.044471 0.945151 0.010378
16841 0.053060 0.800889 0.146051
16230 0.342135 0.185247 0.472618
16972 0.267670 0.090543 0.641787
16924 0.151966 0.842550 0.005485
1976 0.013370 0.091232 0.895398
1977 0.850496 0.127677 0.021827
16968 0.834391 0.145206 0.020403
15973 0.884589 0.072383 0.043028
2078 0.119840 0.046798 0.833362
2076 0.801383 0.001507 0.197110
2099 0.656200 0.075323 0.268478
15887 0.795425 0.147280 0.057295
15873 0.973987 0.006124 0.019890
15083 0.061378 0.776289 0.162333
15960 0.081071 0.358912 0.560017
15898 0.636664 0.188033 0.175303
2062 0.864669 0.017544 0.117787
10294 0.017431 0.965076 0.017492
15988 0.943677 0.012511 0.043812
2104 0.052108 0.010365 0.937526
2100 0.044300 0.018086 0.937614
16013 0.052138 0.070701 0.877161
16026 0.113810 0.020639 0.865551
2048 0.020901 0.002967 0.976132
15995 0.015112 0.115416 0.869472
2032 0.950418 0.023163 0.026419
16006 0.059120 0.041498 0.899382
16001 0.105001 0.119120 0.775879
10320 0.123269 0.345505 0.531226
15933 0.831300 0.083439 0.085260
15909 0.964160 0.012808 0.023032
3088 0.235781 0.603346 0.160873
10316 0.093995 0.478488 0.427518
15945 0.782344 0.096568 0.121087
15917 0.933411 0.007326 0.059263
10244 0.556043 0.357560 0.086397
16138 0.766725 0.111848 0.121427
10278 0.857592 0.073843 0.068565
15920 0.276331 0.550515 0.173154
10249 0.440214 0.394119 0.165667
16118 0.721694 0.191917 0.086389
10280 0.024607 0.828933 0.146461
16180 0.010399 0.835165 0.154437
10386 0.825409 0.046421 0.128170
10382 0.190110 0.634864 0.175026
16177 0.066815 0.200524 0.732661
10423 0.120860 0.629649 0.249491
10419 0.256055 0.550193 0.193752
16159 0.085082 0.431850 0.483068
10411 0.368936 0.339601 0.291463
16165 0.227613 0.624052 0.148335
15571 0.051893 0.705140 0.242967
10191 0.731993 0.071997 0.196010
15577 0.306057 0.254220 0.439723
10396 0.716655 0.238634 0.044711
16167 0.665161 0.071645 0.263194
16149 0.168068 0.199796 0.632136
16040 0.310327 0.013845 0.675828
10369 0.066921 0.833789 0.099289
10350 0.322150 0.672083 0.005768
16032 0.027588 0.889862 0.082551
15689 0.176557 0.088365 0.735079
10207 0.185900 0.751026 0.063074
10362 0.345359 0.615176 0.039465
10202 0.127448 0.823181 0.049371
16091 0.036441 0.570877 0.392682
15683 0.002130 0.847311 0.150559
15666 0.067192 0.629139 0.303669
15638 0.106917 0.690057 0.203026
10061 0.353979 0.555764 0.090256
15639 0.061582 0.411025 0.527393
15642 0.154868 0.195165 0.649967
15646 0.214647 0.126044 0.659309
10052 0.948559 0.004436 0.047005
10113 0.066621 0.889569 0.043810
10133 0.913640 0.040175 0.046185
10087 0.230213 0.744853 0.024934
10081 0.162486 0.809902 0.027612
10156 0.259026 0.656954 0.084020
10163 0.171219 0.745878 0.082903
10149 0.051336 0.845764 0.102900
15617 0.902651 0.028378 0.068971
10153 0.724315 0.150631 0.125053
10160 0.235562 0.464972 0.299466
15564 0.221920 0.418040 0.360040
15560 0.179440 0.672644 0.147915
10218 0.092100 0.672138 0.235762
10224 0.575579 0.162695 0.261725
15603 0.131473 0.174530 0.693997
10137 0.067008 0.931310 0.001682
10069 0.726260 0.244381 0.029359
15816 0.006832 0.102504 0.890664
10427 0.857817 0.002191 0.139992
15813 0.046157 0.004526 0.949317
10196 0.816262 0.160251 0.023487
15626 0.556571 0.009786 0.433643
15598 0.519550 0.298770 0.181680
10180 0.481651 0.095926 0.422423
10176 0.351379 0.191776 0.456846
15824 0.185075 0.612195 0.202730
10677 0.031176 0.130712 0.838112
10673 0.155276 0.094572 0.750152
10679 0.127585 0.142892 0.729524
10714 0.000000 0.091319 0.908681
15803 0.027118 0.088147 0.884734
15802 0.035779 0.115271 0.848950
10709 0.013235 0.973880 0.012885
