16612 0.173608 0.301235 0.525157
7963 0.488991 0.459408 0.051601
10301 0.700675 0.033592 0.265734
13855 0.796238 0.000000 0.203762
13735 0.000000 0.340137 0.659863
13783 0.061426 0.243021 0.695553
1841 0.550584 0.121598 0.327818
1860 0.061254 0.096875 0.841871
1864 0.528900 0.151598 0.319502
13526 0.994761 0.000000 0.005239
13476 0.600665 0.210513 0.188821
13548 0.526163 0.364102 0.109736
13795 0.224698 0.359100 0.416201
13507 0.595892 0.066220 0.337888
13874 0.434465 0.512777 0.052758
1654 0.246058 0.242251 0.511691
8313 0.445131 0.354929 0.199939
8520 0.134559 0.604225 0.261216
13959 0.208314 0.309573 0.482113
13485 0.045659 0.228507 0.725834
1531 0.308681 0.465655 0.225664
8524 0.614120 0.171685 0.214195
1717 0.098620 0.557811 0.343569
15243 0.544932 0.317719 0.137349
8349 0.627865 0.203068 0.169067
13749 0.380134 0.051958 0.567908
17766 0.141474 0.096034 0.762492
16987 0.134675 0.487629 0.377696
409 0.121455 0.419170 0.459376
1338 0.279009 0.523720 0.197272
1455 0.093966 0.838727 0.067307
7717 0.201923 0.762291 0.035786
17833 0.258867 0.353404 0.387729
17708 0.098796 0.796286 0.104918
17722 0.845906 0.124600 0.029495
13198 0.290820 0.547389 0.161791
1959 0.009501 0.740473 0.250026
8786 0.899986 0.092466 0.007548
8848 0.341646 0.052145 0.606209
17001 0.068216 0.174685 0.757099
14013 0.508442 0.433669 0.057890
14022 0.036573 0.537616 0.425812
14032 0.073454 0.000000 0.926546
1456 0.115403 0.249596 0.635001
1525 0.697567 0.150038 0.152395
17206 0.181631 0.214718 0.603651
17097 0.113526 0.686964 0.199510
13986 0.278850 0.301306 0.419844
1576 0.294286 0.228010 0.477704
1727 0.411439 0.415289 0.173271
13893 0.108097 0.426584 0.465319
13895 0.094012 0.095495 0.810492
7761 0.066382 0.881432 0.052186
1519 0.157282 0.443363 0.399356
17079 0.110488 0.130044 0.759468
11301 0.429497 0.498856 0.071647
11295 0.081913 0.305089 0.612997
11481 0.406382 0.071870 0.521748
10909 0.163284 0.573143 0.263574
10999 0.223670 0.561202 0.215128
5924 0.996424 0.003576 0.000000
6020 0.323015 0.164925 0.512059
9307 0.118408 0.613151 0.268441
11450 0.599445 0.154508 0.246047
9365 0.151894 0.004897 0.843209
11405 0.168012 0.333309 0.498679
11348 0.168885 0.115302 0.715813
11476 0.169774 0.047172 0.783054
11468 0.136678 0.340181 0.523141
9527 0.000000 0.815403 0.184597
14653 0.297343 0.618923 0.083734
14630 0.361138 0.076629 0.562233
14401 0.085226 0.841026 0.073748
9951 0.339153 0.121595 0.539251
14377 0.567688 0.419173 0.013139
14413 0.576455 0.336692 0.086853
9170 0.067611 0.233892 0.698497
14122 0.195585 0.540198 0.264217
9018 0.003034 0.230379 0.766587
14428 0.309905 0.380734 0.309360
9095 0.218177 0.213119 0.568704
9128 0.095393 0.695738 0.208869
14479 0.469592 0.476276 0.054132
9215 0.486770 0.424235 0.088994
14386 0.764598 0.147720 0.087682
14451 0.080355 0.063883 0.855763
8879 0.413832 0.437297 0.148870
12901 0.067320 0.151926 0.780754
15056 0.025606 0.442143 0.532251
14263 0.832016 0.071142 0.096842
9816 0.398851 0.211893 0.389256
14341 0.068265 0.198818 0.732917
14347 0.647700 0.150425 0.201876
8659 0.557861 0.207697 0.234441
9130 0.330378 0.575130 0.094492
12361 0.346563 0.048845 0.604592
12428 0.301053 0.094514 0.604433
10200 0.041642 0.090135 0.868223
11005 0.311616 0.569460 0.118924
5585 0.187444 0.355876 0.456680
5617 0.115988 0.477241 0.406771
10072 0.607836 0.345696 0.046468
12396 0.382975 0.062727 0.554297
9916 0.231871 0.132995 0.635133
9676 0.324809 0.238075 0.437116
12141 0.204429 0.722239 0.073333
14208 0.407282 0.332749 0.259969
17059 0.289178 0.308836 0.401986
454 0.029630 0.481651 0.488719
13701 0.467530 0.322892 0.209578
1803 0.582840 0.124545 0.292614
8859 0.121504 0.721235 0.157260
8618 0.620723 0.032623 0.346654
9565 0.000000 0.067375 0.932625
5341 0.000328 0.020287 0.979385
8927 0.034666 0.571982 0.393352
13051 0.554341 0.350891 0.094768
12925 0.363194 0.550295 0.086510
8413 0.151474 0.046977 0.801549
13066 0.332807 0.089405 0.577788
13063 0.130465 0.039906 0.829629
8382 0.343392 0.585352 0.071256
8612 0.075488 0.868909 0.055603
8407 0.664245 0.148457 0.187298
8853 0.119100 0.172799 0.708101
13139 0.356776 0.176264 0.466960
12150 0.789580 0.202278 0.008142
15035 0.139395 0.738305 0.122301
9751 0.534593 0.188632 0.276775
9765 0.786077 0.063198 0.150725
8739 0.580575 0.384728 0.034696
13125 0.297606 0.102394 0.600000
6164 0.628745 0.371255 0.000000
9764 0.310240 0.342843 0.346916
8712 0.136589 0.786659 0.076753
9612 0.263416 0.506466 0.230118
10688 0.107752 0.286076 0.606172
9865 0.013316 0.438289 0.548395
15131 0.014865 0.547470 0.437665
14587 0.952233 0.022762 0.025005
15075 0.815373 0.019055 0.165573
10012 0.162643 0.047434 0.789923
14366 0.241812 0.059851 0.698336
15095 0.119904 0.589680 0.290416
10025 0.601539 0.344396 0.054065
14590 0.340945 0.555029 0.104026
14668 0.830429 0.119905 0.049666
9895 0.307869 0.135789 0.556342
9894 0.016188 0.582610 0.401202
11010 0.452051 0.384388 0.163561
9071 0.000000 0.622401 0.377599
15060 0.075319 0.428252 0.496429
9140 0.088898 0.467706 0.443397
15070 0.730715 0.136788 0.132497
14146 0.044935 0.904022 0.051043
14525 0.030199 0.382534 0.587266
11141 0.195158 0.080220 0.724622
11124 0.229164 0.033023 0.737812
9467 0.522587 0.019571 0.457842
9462 0.465363 0.000000 0.534637
14654 0.289124 0.203467 0.507409
14551 0.276638 0.332505 0.390857
14643 0.768143 0.211529 0.020328
14633 0.701763 0.220897 0.077340
14536 0.073108 0.084467 0.842425
11038 0.750390 0.048425 0.201185
14542 0.410711 0.238371 0.350918
9466 0.050093 0.716481 0.233426
9059 0.000000 0.661887 0.338113
11075 0.863583 0.000000 0.136417
9973 0.691586 0.000000 0.308414
14646 0.390772 0.443805 0.165424
9978 0.553024 0.308946 0.138030
9973 0.128517 0.313698 0.557784
14545 0.937943 0.014165 0.047892
9986 0.030208 0.197612 0.772180
9928 0.226984 0.316755 0.456262
14150 0.414017 0.359209 0.226774
14547 0.690223 0.000000 0.309777
14642 0.584169 0.149568 0.266263
14151 0.250573 0.713270 0.036157
12745 0.142567 0.580541 0.276891
9599 0.645620 0.181619 0.172761
10168 0.857809 0.000000 0.142191
14879 0.773442 0.004001 0.222557
6169 0.247112 0.294113 0.458775
10810 0.652437 0.137272 0.210291
15062 0.077724 0.653804 0.268472
13257 0.014388 0.537386 0.448227
13249 0.544137 0.170860 0.285003
13347 0.031905 0.561000 0.407095
13365 0.829947 0.109617 0.060436
13359 0.591912 0.260547 0.147541
15052 0.462900 0.537100 0.000000
8644 0.124389 0.288523 0.587088
14844 0.574713 0.412679 0.012607
8389 0.178563 0.490831 0.330606
13552 0.117386 0.482209 0.400405
13740 0.144955 0.488407 0.366638
13746 0.582497 0.086550 0.330953
13529 0.520831 0.093358 0.385811
13554 0.867675 0.040197 0.092128
6075 0.559421 0.263044 0.177536
6069 0.711884 0.209561 0.078555
8784 0.467063 0.406798 0.126139
4033 0.654704 0.066632 0.278664
17989 0.416021 0.020948 0.563031
13770 0.260707 0.711446 0.027848
13875 0.325237 0.146013 0.528750
13465 0.882880 0.019892 0.097228
1901 0.171219 0.796777 0.032004
1874 0.616733 0.166086 0.217181
13810 0.134526 0.339647 0.525828
1833 0.289487 0.567999 0.142514
1905 0.189044 0.315406 0.495550
13813 0.292861 0.353151 0.353988
13117 0.341229 0.316739 0.342031
13022 0.417789 0.202270 0.379940
2146 0.039739 0.910938 0.049323
16958 0.576254 0.018401 0.405344
17023 0.173211 0.503836 0.322952
5685 0.685571 0.220278 0.094151
14201 0.792822 0.147259 0.059919
5214 0.855747 0.084616 0.059637
19253 0.249531 0.377397 0.373072
14600 0.424823 0.074473 0.500704
10174 0.723483 0.276517 0.000000
8976 0.416893 0.340020 0.243087
10901 0.330325 0.178116 0.491558
10107 0.430621 0.215734 0.353645
14057 0.617202 0.367907 0.014891
11100 0.297839 0.220469 0.481692
10051 0.008121 0.542374 0.449504
10153 0.027060 0.630616 0.342324
14282 0.417247 0.521929 0.060825
6197 0.527590 0.102929 0.369481
10134 0.000000 0.452073 0.547927
14066 0.295031 0.086941 0.618028
10750 0.213114 0.051521 0.735365
10127 0.706212 0.293788 0.000000
14062 0.554072 0.146658 0.299270
14065 0.460870 0.061275 0.477856
10132 0.040517 0.154083 0.805400
6184 0.000000 0.495651 0.504349
8910 0.521689 0.396573 0.081737
9431 0.671641 0.202733 0.125627
10865 0.339875 0.325371 0.334754
10932 0.365416 0.060820 0.573764
10950 0.569580 0.169831 0.260589
11165 0.025010 0.028887 0.946102
11379 0.319070 0.238845 0.442085
10880 0.031608 0.000000 0.968392
10960 0.504422 0.162723 0.332855
9326 0.580096 0.011513 0.408391
9379 0.338388 0.661612 0.000000
10939 0.392457 0.066248 0.541295
11176 0.478222 0.511865 0.009912
6054 0.778001 0.150561 0.071438
5715 0.598023 0.001539 0.400439
14410 0.334778 0.634312 0.030910
15073 0.318338 0.205632 0.476030
14351 0.179340 0.007896 0.812764
11101 0.288254 0.342347 0.369399
14052 0.239561 0.152804 0.607635
10748 0.653491 0.242262 0.104247
9656 0.071411 0.835997 0.092592
5930 0.643007 0.147419 0.209574
11227 0.570840 0.156999 0.272161
11235 0.529853 0.463290 0.006857
5963 0.542057 0.120022 0.337921
2463 0.101644 0.865655 0.032701
16648 0.469993 0.028620 0.501387
1450 0.690822 0.239342 0.069836
16705 0.091667 0.033562 0.874771
2301 0.430840 0.334282 0.234878
1503 0.647028 0.226888 0.126084
17610 0.109787 0.121357 0.768856
17559 0.835721 0.105238 0.059041
17570 0.117608 0.242919 0.639473
17547 0.380978 0.427778 0.191244
2441 0.319460 0.520430 0.160110
2043 0.720492 0.017420 0.262088
1935 0.029585 0.402675 0.567740
2069 0.025382 0.580419 0.394200
2490 0.028244 0.270247 0.701508
8291 0.049806 0.597173 0.353022
8274 0.106834 0.276077 0.617089
17627 0.285019 0.206801 0.508180
2541 0.229456 0.565366 0.205178
8261 0.162351 0.368467 0.469182
2344 0.101628 0.018189 0.880183
8276 0.000943 0.799143 0.199914
16889 0.727331 0.053116 0.219552
14706 0.207237 0.484566 0.308197
13622 0.373401 0.543001 0.083598
16893 0.463421 0.075102 0.461476
14938 0.173127 0.182499 0.644373
14975 0.120641 0.753013 0.126346
8078 0.065991 0.719578 0.214431
14783 0.069446 0.335997 0.594557
8048 0.154976 0.245873 0.599152
8200 0.564620 0.165348 0.270032
5331 0.497152 0.299194 0.203653
15196 0.594983 0.142771 0.262246
10785 0.101393 0.514307 0.384300
10778 0.327713 0.515188 0.157099
10784 0.750717 0.050487 0.198797
10771 0.413975 0.349426 0.236599
8152 0.717213 0.064692 0.218095
10567 0.780084 0.191833 0.028082
8208 0.287640 0.627893 0.084467
8122 0.428164 0.037694 0.534142
15166 0.114991 0.484520 0.400488
14989 0.090937 0.709915 0.199149
8158 0.281734 0.477377 0.240889
8165 0.177442 0.817931 0.004627
14739 0.120765 0.016761 0.862473
14709 0.042256 0.769105 0.188639
14735 0.054231 0.772838 0.172930
2384 0.263174 0.526859 0.209967
2364 0.394122 0.228775 0.377103
1484 0.630658 0.101602 0.267741
7985 0.403437 0.480181 0.116382
8196 0.068447 0.357236 0.574317
15169 0.335977 0.605330 0.058694
8121 0.461727 0.393055 0.145218
16886 0.417298 0.364090 0.218612
8154 0.798718 0.039220 0.162062
16892 0.079834 0.812043 0.108122
16897 0.112318 0.302676 0.585007
2239 0.358126 0.114370 0.527504
2252 0.565524 0.301169 0.133307
2266 0.208148 0.334897 0.456955
14751 0.703355 0.178422 0.118223
14720 0.072012 0.663474 0.264514
8214 0.438456 0.420596 0.140948
14725 0.075668 0.850584 0.073749
8267 0.832330 0.141771 0.025899
2282 0.398259 0.573639 0.028102
17698 0.343302 0.296990 0.359707
17700 0.877608 0.093146 0.029246
16866 0.581605 0.372039 0.046357
17577 0.024474 0.323544 0.651982
17702 0.274622 0.630069 0.095309
2381 0.088804 0.701999 0.209197
2536 0.207589 0.414353 0.378058
7709 0.279208 0.610520 0.110271
13680 0.434680 0.260159 0.305161
11164 0.700416 0.268189 0.031395
5199 0.464607 0.103752 0.431641
12315 0.808354 0.099880 0.091767
12301 0.009676 0.973303 0.017021
10416 0.666255 0.042300 0.291446
10426 0.048556 0.149576 0.801867
5865 0.160066 0.146695 0.693239
10450 0.398406 0.464816 0.136778
6323 0.029101 0.781088 0.189811
6125 0.679327 0.151568 0.169105
6099 0.314505 0.356629 0.328866
5246 0.251107 0.711323 0.037570
5124 0.160280 0.795573 0.044147
5127 0.053176 0.483838 0.462986
5189 0.096332 0.526002 0.377666
10459 0.175300 0.330031 0.494669
13414 0.540680 0.029295 0.430025
1820 0.605851 0.147069 0.247080
12292 0.302627 0.642236 0.055137
5803 0.206699 0.701245 0.092055
7917 0.352949 0.515432 0.131619
13236 0.211385 0.066097 0.722518
5252 0.008378 0.458612 0.533010
12336 0.538281 0.042887 0.418832
5757 0.082461 0.342259 0.575279
10493 0.365522 0.397197 0.237281
10507 0.293555 0.240900 0.465544
10469 0.622923 0.049426 0.327651
10441 0.849930 0.072289 0.077781
5248 0.000000 0.684215 0.315785
13156 0.088625 0.723664 0.187711
13662 0.390323 0.331573 0.278103
10288 0.178023 0.086455 0.735521
6258 0.225461 0.173588 0.600951
10352 0.721240 0.004584 0.274176
17854 0.680689 0.003089 0.316222
1340 0.472476 0.416316 0.111208
1968 0.427089 0.361442 0.211469
7846 0.474747 0.185196 0.340057
17840 0.075052 0.444580 0.480368
2079 0.008936 0.976992 0.014072
5435 0.102414 0.610981 0.286605
12997 0.148124 0.671223 0.180654
8907 0.305775 0.206537 0.487688
12985 0.172955 0.290232 0.536814
1673 0.215327 0.256762 0.527911
8472 0.354664 0.187895 0.457441
1612 0.027592 0.721040 0.251369
1721 0.049205 0.132577 0.818218
13870 0.584317 0.166295 0.249387
14952 0.100780 0.535505 0.363715
12793 0.032593 0.204093 0.763314
14995 0.239370 0.638444 0.122186
7738 0.710735 0.230242 0.059023
13846 0.117655 0.758484 0.123861
13844 0.393475 0.088074 0.518451
13726 0.138651 0.384942 0.476406
13745 0.066416 0.401885 0.531699
14875 0.347700 0.236069 0.416231
7788 0.179475 0.000000 0.820525
7676 0.000000 0.000000 1.000000
10045 0.185788 0.554396 0.259816
15032 0.368228 0.145792 0.485981
8664 0.121668 0.432164 0.446168
9880 0.143435 0.406294 0.450271
8864 0.604332 0.329644 0.066024
12933 0.269586 0.714858 0.015555
12860 0.152794 0.606663 0.240544
12411 0.570609 0.123528 0.305863
8438 0.480290 0.367955 0.151755
12762 0.160461 0.660133 0.179406
8829 0.105174 0.348249 0.546576
8783 0.261450 0.282283 0.456267
11063 0.760950 0.207134 0.031915
13004 0.274152 0.162923 0.562925
13887 0.018487 0.135181 0.846332
13973 0.040473 0.343376 0.616150
8778 0.323266 0.229474 0.447260
17721 0.015993 0.110737 0.873270
17741 0.054323 0.593959 0.351718
16608 0.724893 0.154460 0.120647
17768 0.072523 0.856382 0.071095
6603 0.987078 0.000354 0.012568
18299 0.832188 0.117229 0.050584
12122 0.771722 0.176210 0.052068
12591 0.377676 0.087107 0.535217
16114 0.004193 0.105289 0.890518
9934 0.832241 0.096410 0.071348
4305 0.176751 0.389399 0.433850
4041 0.282284 0.113756 0.603960
18000 0.688744 0.091919 0.219337
15795 0.114146 0.592422 0.293432
12868 0.063881 0.350942 0.585177
8833 0.545103 0.297265 0.157632
439 0.757552 0.080655 0.161792
1798 0.255331 0.429898 0.314772
16983 0.344654 0.581681 0.073664
17022 0.226423 0.008254 0.765323
6059 0.265955 0.676590 0.057455
13194 0.585958 0.310396 0.103646
6455 0.315631 0.264779 0.419590
6407 0.288341 0.099260 0.612399
17171 0.027959 0.135288 0.836753
14156 0.530645 0.094834 0.374521
9942 0.775094 0.022689 0.202217
12253 0.649501 0.082205 0.268295
5546 0.283687 0.534989 0.181324
204 0.941474 0.042471 0.016056
20365 0.175337 0.207017 0.617646
20179 0.139992 0.525011 0.334996
18482 0.567591 0.314181 0.118228
12937 0.482134 0.124131 0.393736
8824 0.415330 0.249634 0.335036
12868 0.463826 0.368286 0.167888
12413 0.457153 0.147669 0.395179
8442 0.472097 0.108369 0.419534
8650 0.501196 0.229779 0.269025
12413 0.082190 0.145647 0.772164
8442 0.076650 0.717312 0.206039
8820 0.688244 0.004666 0.307090
3413 0.498589 0.324750 0.176661
7166 0.708058 0.190665 0.101277
5498 0.488285 0.024009 0.487706
3617 0.807398 0.076802 0.115800
521 0.380299 0.138109 0.481592
18959 0.335621 0.511814 0.152565
3613 0.291842 0.120331 0.587827
2756 0.761790 0.060572 0.177638
7013 0.532260 0.138761 0.328978
18532 0.255612 0.024176 0.720212
7003 0.548446 0.267439 0.184115
1252 0.031628 0.086922 0.881451
18572 0.860486 0.042910 0.096604
18520 0.499991 0.131211 0.368798
18561 0.412903 0.560811 0.026287
18222 0.074596 0.587795 0.337609
18626 0.418396 0.549917 0.031688
18857 0.100964 0.674354 0.224682
18878 0.056200 0.112571 0.831230
18524 0.320898 0.604590 0.074512
6968 0.481905 0.240659 0.277436
6749 0.405292 0.425362 0.169346
560 0.483767 0.366511 0.149722
632 0.089295 0.568048 0.342657
512 0.082376 0.614812 0.302812
508 0.147236 0.498588 0.354175
6753 0.786769 0.011496 0.201736
6973 0.009646 0.605967 0.384387
6754 0.466647 0.424476 0.108877
115 0.308937 0.641484 0.049579
56 0.494870 0.182483 0.322647
18981 0.594693 0.107910 0.297397
17225 0.080888 0.198014 0.721097
590 0.111676 0.849044 0.039280
18612 0.198441 0.313481 0.488078
18592 0.003087 0.042695 0.954219
6774 0.226513 0.462744 0.310743
6803 0.020686 0.218762 0.760552
6790 0.216965 0.137221 0.645813
245 0.582274 0.057229 0.360497
98 0.026819 0.167390 0.805791
19045 0.004210 0.909221 0.086569
536 0.433733 0.194194 0.372072
504 0.370751 0.152315 0.476934
18836 0.468552 0.244997 0.286451
18947 0.147955 0.065809 0.786236
615 0.126427 0.177738 0.695835
12609 0.324428 0.522307 0.153265
6641 0.567392 0.258225 0.174383
17781 0.232544 0.326297 0.441158
11946 0.329419 0.474973 0.195608
6451 0.000000 0.474900 0.525100
1317 0.296298 0.131953 0.571749
1344 0.308695 0.445631 0.245675
406 0.440144 0.233711 0.326146
16924 0.103792 0.080480 0.815728
11866 0.518411 0.323018 0.158571
11949 0.013447 0.101905 0.884648
1307 0.243609 0.750130 0.006261
6441 0.140039 0.428479 0.431482
12601 0.023055 0.736002 0.240943
12632 0.284144 0.275220 0.440636
12730 0.107852 0.013789 0.878359
12722 0.096602 0.163061 0.740337
7297 0.020614 0.574872 0.404513
7279 0.405061 0.474598 0.120341
12568 0.144150 0.719966 0.135884
18296 0.064729 0.398519 0.536752
11941 0.061058 0.649733 0.289209
3536 0.184577 0.456092 0.359332
17025 0.037320 0.787674 0.175006
12223 0.547997 0.040365 0.411638
12226 0.077713 0.142241 0.780047
1189 0.686251 0.266151 0.047597
12470 0.755264 0.095792 0.148944
11935 0.091508 0.383448 0.525044
11771 0.366593 0.010664 0.622743
11724 0.022866 0.646168 0.330966
7515 0.296782 0.021872 0.681346
6607 0.050636 0.700193 0.249171
6605 0.424141 0.078309 0.497550
7091 0.272078 0.705419 0.022502
1173 0.669775 0.293280 0.036945
1185 0.302269 0.524011 0.173720
1202 0.143252 0.595113 0.261634
753 0.857872 0.113765 0.028362
285 0.411424 0.054297 0.534279
116 0.151016 0.825146 0.023838
20349 0.247356 0.221524 0.531120
15251 0.064118 0.049361 0.886521
269 0.110659 0.342224 0.547117
13029 0.613845 0.380540 0.005615
19076 0.482097 0.186579 0.331324
301 0.105355 0.838470 0.056175
18139 0.097077 0.653112 0.249812
47 0.818384 0.099997 0.081619
7252 0.177258 0.596130 0.226612
12697 0.483487 0.514255 0.002259
7220 0.213311 0.383352 0.403337
7243 0.022952 0.977048 0.000000
12690 0.212197 0.241621 0.546183
19117 0.617499 0.325690 0.056810
12644 0.166853 0.672596 0.160551
20068 0.485349 0.404408 0.110243
6797 0.321544 0.287277 0.391178
6815 0.312644 0.532825 0.154531
12518 0.180816 0.706902 0.112283
7073 0.048199 0.806497 0.145304
6392 0.853174 0.048751 0.098076
12484 0.428624 0.151027 0.420349
1224 0.106045 0.763371 0.130584
18997 0.245382 0.531159 0.223460
6826 0.176365 0.397089 0.426546
149 0.120584 0.271677 0.607739
18158 0.246540 0.414822 0.338638
19974 0.050800 0.182380 0.766820
364 0.210331 0.497822 0.291847
19050 0.087481 0.664679 0.247840
18127 0.504834 0.040737 0.454428
541 0.201690 0.285019 0.513291
16308 0.202209 0.413709 0.384082
3050 0.422011 0.329474 0.248515
16279 0.283108 0.326665 0.390227
16315 0.055943 0.104332 0.839725
16336 0.018699 0.436449 0.544852
3035 0.111035 0.072730 0.816235
16344 0.868218 0.063332 0.068449
15989 0.009958 0.415140 0.574902
19307 0.586956 0.207449 0.205596
16099 0.295823 0.096959 0.607218
4697 0.006727 0.058101 0.935171
3068 0.411886 0.313628 0.274486
16276 0.194138 0.158208 0.647654
4674 0.033094 0.613139 0.353768
16550 0.840606 0.098508 0.060886
4666 0.491133 0.093436 0.415431
16106 0.097177 0.834371 0.068452
16104 0.300348 0.434115 0.265537
2982 0.061061 0.887953 0.050987
16060 0.251269 0.651670 0.097060
4760 0.533640 0.112792 0.353568
16024 0.570990 0.022440 0.406570
19309 0.123686 0.720559 0.155755
4769 0.000000 0.235306 0.764694
16479 0.148063 0.815210 0.036727
2933 0.309412 0.223330 0.467258
2942 0.212773 0.174818 0.612409
16270 0.080837 0.397148 0.522016
3030 0.843901 0.156099 0.000000
16475 0.933256 0.048104 0.018639
2943 0.157502 0.817463 0.025035
19537 0.014372 0.754070 0.231557
19501 0.285183 0.399168 0.315649
19717 0.170134 0.177381 0.652485
19714 0.336026 0.046249 0.617724
19726 0.243537 0.291196 0.465267
19730 0.166499 0.116920 0.716581
5071 0.103990 0.105616 0.790394
4979 0.656606 0.297857 0.045536
5037 0.916290 0.059986 0.023723
19722 0.387863 0.369358 0.242779
4037 0.546367 0.130801 0.322832
5085 0.173431 0.417755 0.408814
16132 0.050978 0.194565 0.754457
5056 0.410879 0.350683 0.238439
19516 0.672551 0.082933 0.244516
5099 0.516244 0.014461 0.469295
19506 0.508457 0.181031 0.310512
19587 0.540745 0.382992 0.076263
3453 0.205160 0.044319 0.750521
4873 0.450151 0.232743 0.317105
3349 0.003914 0.621968 0.374118
17505 0.379165 0.532088 0.088747
19550 0.966954 0.024690 0.008356
19420 0.679500 0.219379 0.101122
4942 0.480306 0.130761 0.388933
18014 0.140906 0.208871 0.650223
3973 0.679325 0.224778 0.095897
20162 0.369509 0.033070 0.597421
4461 0.377775 0.353132 0.269093
4968 0.846667 0.014452 0.138881
4335 0.012491 0.512488 0.475021
20099 0.402348 0.187456 0.410196
3890 0.169713 0.141511 0.688776
4430 0.609249 0.215514 0.175237
17896 0.702664 0.213167 0.084168
17894 0.027320 0.400736 0.571944
4111 0.585260 0.099903 0.314837
3909 0.006035 0.516134 0.477831
19188 0.368567 0.499450 0.131983
4737 0.177117 0.032924 0.789959
17273 0.653342 0.221689 0.124969
3433 0.128684 0.303075 0.568240
19430 0.030706 0.850201 0.119093
3840 0.040595 0.324722 0.634683
17263 0.156078 0.119769 0.724153
19424 0.534595 0.295680 0.169725
16508 0.373912 0.394152 0.231936
5547 0.260173 0.683537 0.056290
18808 0.022635 0.300389 0.676975
18809 0.359232 0.283214 0.357554
666 0.584105 0.199281 0.216614
17878 0.230717 0.530714 0.238569
12666 0.104069 0.233368 0.662563
17970 0.160174 0.503962 0.335863
17540 0.110707 0.852858 0.036435
670 0.006548 0.799989 0.193462
18029 0.593289 0.371763 0.034947
18037 0.442771 0.470833 0.086396
66 0.289856 0.633264 0.076880
72 0.462576 0.230039 0.307385
10 0.855966 0.053343 0.090691
18050 0.050785 0.029594 0.919620
4 0.271264 0.490642 0.238094
262 0.181950 0.301066 0.516984
62 0.145111 0.308496 0.546393
291 0.935934 0.010494 0.053572
18025 0.282658 0.530281 0.187061
17966 0.481806 0.063894 0.454300
3195 0.697135 0.247355 0.055510
18033 0.228315 0.242292 0.529393
228 0.283217 0.113771 0.603012
17979 0.678021 0.097250 0.224729
234 0.795668 0.028744 0.175588
168 0.183873 0.323491 0.492636
8678 0.470325 0.517508 0.012166
17885 0.075000 0.770202 0.154798
20354 0.037954 0.551585 0.410461
9794 0.032101 0.480674 0.487225
4400 0.188636 0.162767 0.648596
4397 0.538112 0.031740 0.430148
20147 0.400962 0.583037 0.016002
18408 0.111301 0.208542 0.680158
15237 0.356583 0.010231 0.633186
1203 0.021361 0.828250 0.150388
4387 0.251490 0.630838 0.117672
18406 0.353794 0.411970 0.234237
18461 0.025284 0.105312 0.869404
4376 0.241485 0.404496 0.354020
20216 0.758708 0.047789 0.193502
3642 0.098356 0.674758 0.226886
726 0.777822 0.210184 0.011994
20172 0.013684 0.530570 0.455746
731 0.247278 0.626267 0.126454
19979 0.371639 0.030022 0.598339
4932 0.563069 0.400156 0.036775
19631 0.050897 0.239349 0.709755
4934 0.266092 0.083455 0.650453
17230 0.254238 0.681175 0.064588
3479 0.000000 0.023758 0.976242
20205 0.876146 0.103776 0.020079
19467 0.519180 0.400449 0.080371
19690 0.333099 0.116081 0.550820
19776 0.043780 0.131626 0.824594
4891 0.373675 0.299326 0.326999
4895 0.310291 0.087592 0.602117
19245 0.083384 0.536435 0.380180
19241 0.327163 0.579199 0.093637
3521 0.415390 0.135656 0.448954
15909 0.128254 0.229221 0.642525
4621 0.151419 0.206170 0.642412
4501 0.000000 0.579916 0.420084
4534 0.297668 0.362984 0.339348
4528 0.726996 0.006625 0.266379
20174 0.513771 0.263250 0.222979
4850 0.052776 0.805760 0.141465
4842 0.080718 0.915554 0.003727
19636 0.157438 0.275073 0.567489
19249 0.013923 0.858413 0.127664
9902 0.036091 0.928891 0.035018
4863 0.031619 0.113166 0.855216
19773 0.471502 0.175957 0.352541
4585 0.050508 0.325290 0.624202
20164 0.133333 0.810331 0.056336
4537 0.532056 0.103577 0.364367
16190 0.311538 0.075308 0.613154
17261 0.018532 0.296908 0.684561
4920 0.428991 0.194415 0.376594
5069 0.223371 0.198431 0.578197
19699 0.108471 0.525148 0.366381
4817 0.211998 0.259207 0.528794
19737 0.213553 0.147734 0.638713
19642 0.000000 0.799350 0.200650
16137 0.012390 0.186013 0.801597
16135 0.162129 0.271883 0.565987
4788 0.728677 0.183505 0.087818
4813 0.477243 0.390116 0.132641
4612 0.325448 0.543457 0.131095
4808 0.631512 0.279400 0.089088
19644 0.474094 0.412243 0.113663
4783 0.017921 0.535198 0.446881
4466 0.113830 0.026150 0.860019
19250 0.069583 0.749988 0.180429
3518 0.255555 0.186479 0.557965
720 0.441088 0.368038 0.190873
4554 0.734705 0.136138 0.129157
1032 0.486632 0.290371 0.222997
4401 0.514644 0.000000 0.485356
1208 0.693109 0.279571 0.027320
18401 0.411025 0.084092 0.504883
18353 0.370972 0.604673 0.024356
18489 0.105229 0.708562 0.186209
961 0.900102 0.000000 0.099898
1049 0.210083 0.586472 0.203445
19950 0.053010 0.628283 0.318707
14898 0.085259 0.095169 0.819572
9738 0.000000 0.968846 0.031154
730 0.481769 0.000000 0.518231
13371 0.000000 0.665172 0.334828
18380 0.109045 0.271076 0.619879
18000 0.630922 0.147926 0.221153
3489 0.000000 0.970179 0.029821
5556 0.153429 0.782627 0.063943
18812 0.390560 0.266819 0.342621
18978 0.066730 0.421464 0.511806
18311 0.116065 0.143924 0.740011
15425 0.033744 0.909052 0.057204
15400 0.484460 0.198049 0.317491
18749 0.579950 0.017610 0.402440
578 0.396064 0.565851 0.038084
490 0.127718 0.366485 0.505798
16195 0.320621 0.298901 0.380478
5017 0.253823 0.666908 0.079269
4142 0.471401 0.108264 0.420334
19453 0.161040 0.342585 0.496375
16203 0.170486 0.790978 0.038537
19414 0.297088 0.165493 0.537419
19190 0.499666 0.367312 0.133022
4015 0.207985 0.659771 0.132244
15848 0.651587 0.295920 0.052493
3605 0.000000 0.468221 0.531779
19196 0.612274 0.285138 0.102587
4095 0.022685 0.950487 0.026828
4018 0.476160 0.429626 0.094214
19171 0.652306 0.092822 0.254872
3602 0.000000 0.558868 0.441132
4005 0.188378 0.296160 0.515462
15862 0.676086 0.269889 0.054025
3661 0.296403 0.339795 0.363802
4012 0.201374 0.381486 0.417140
19218 0.000000 0.707324 0.292676
3255 0.436888 0.563112 0.000000
3602 0.000000 0.000000 1.000000
15806 0.000000 0.886842 0.113158
20177 0.117824 0.086661 0.795515
19314 0.180950 0.736954 0.082097
9725 0.639513 0.123925 0.236562
2889 0.458429 0.237094 0.304478
16560 0.119328 0.606177 0.274495
16072 0.192323 0.772011 0.035666
7503 0.460041 0.109037 0.430922
12087 0.190118 0.349853 0.460029
7542 0.263335 0.728386 0.008279
12057 0.090981 0.244174 0.664845
17372 0.273409 0.132568 0.594022
12117 0.078650 0.116595 0.804755
7432 0.361547 0.618398 0.020055
7600 0.072280 0.768323 0.159397
11701 0.123527 0.837706 0.038767
20395 0.381174 0.425606 0.193221
7507 0.692058 0.048759 0.259184
7038 0.005720 0.394354 0.599926
7097 0.812171 0.137649 0.050180
11611 0.351369 0.056361 0.592270
11488 0.319194 0.337536 0.343270
19816 0.600666 0.301343 0.097992
7376 0.313741 0.473603 0.212655
11527 0.210608 0.144047 0.645345
19788 0.334104 0.394953 0.270943
7493 0.058390 0.345226 0.596384
12094 0.487676 0.156564 0.355760
19783 0.277966 0.223741 0.498292
7634 0.611582 0.148157 0.240260
7645 0.046320 0.275771 0.677909
12024 0.229917 0.583890 0.186193
11973 0.764147 0.126237 0.109615
940 0.146585 0.547541 0.305874
7523 0.107055 0.108411 0.784534
946 0.321491 0.127431 0.551078
7532 0.241359 0.072328 0.686314
876 0.190827 0.049400 0.759773
7372 0.336341 0.258116 0.405542
19833 0.618300 0.044513 0.337187
11532 0.124317 0.696854 0.178829
822 0.428321 0.478083 0.093596
15677 0.026445 0.306199 0.667355
7576 0.375458 0.217643 0.406899
6503 0.605863 0.197867 0.196270
20079 0.225889 0.236735 0.537375
703 0.278406 0.383826 0.337769
19890 0.115457 0.444249 0.440295
4251 0.396394 0.372632 0.230974
689 0.110604 0.602594 0.286802
874 0.346894 0.431658 0.221448
15881 0.003838 0.838003 0.158159
3550 0.009991 0.838457 0.151552
797 0.037291 0.216120 0.746589
3557 0.018410 0.970831 0.010759
3779 0.179666 0.125283 0.695051
7629 0.265200 0.130496 0.604304
20019 0.292277 0.501238 0.206485
15905 0.189531 0.776761 0.033707
15642 0.122739 0.566824 0.310436
12041 0.303908 0.688549 0.007543
20318 0.628744 0.205474 0.165782
20032 0.269955 0.729027 0.001018
4270 0.566881 0.090007 0.343112
4274 0.130244 0.559254 0.310502
20266 0.054051 0.909275 0.036673
20093 0.184396 0.554754 0.260850
11589 0.356080 0.243664 0.400256
7347 0.349596 0.183402 0.467002
19821 0.344472 0.338956 0.316572
19844 0.082599 0.589947 0.327453
19817 0.323884 0.665961 0.010155
7400 0.328189 0.437887 0.233923
881 0.377065 0.041600 0.581335
935 0.216155 0.512487 0.271358
7465 0.080924 0.215132 0.703944
7470 0.612750 0.182807 0.204443
7466 0.683231 0.087642 0.229127
4180 0.148492 0.406698 0.444811
15438 0.001238 0.151762 0.847000
1150 0.413731 0.000000 0.586269
2648 0.658969 0.140581 0.200450
2629 0.192956 0.057506 0.749538
6461 0.371441 0.074290 0.554270
2650 0.332687 0.569115 0.098198
6483 0.258590 0.542338 0.199073
3210 0.299985 0.483955 0.216060
2640 0.243057 0.137690 0.619253
2669 0.034913 0.513739 0.451349
15490 0.013284 0.186703 0.800013
2604 0.066583 0.524495 0.408923
2698 0.203132 0.603876 0.192992
15557 0.335178 0.550429 0.114393
17421 0.252768 0.643507 0.103725
3324 0.372136 0.098125 0.529740
15333 0.407698 0.067773 0.524529
15453 0.117217 0.487115 0.395668
3284 0.433598 0.285275 0.281127
2863 0.019674 0.049027 0.931299
15466 0.094550 0.626511 0.278939
17398 0.081550 0.097024 0.821426
18662 0.603888 0.383187 0.012925
15443 0.152772 0.814491 0.032737
15527 0.607278 0.326933 0.065789
2554 0.246119 0.073722 0.680160
3086 0.332603 0.434949 0.232448
3311 0.671444 0.130561 0.197995
15630 0.674873 0.180312 0.144815
15368 0.626524 0.261538 0.111938
2590 0.220672 0.444576 0.334752
15366 0.091292 0.345556 0.563152
15600 0.179771 0.143588 0.676641
2838 0.481098 0.042182 0.476720
2830 0.265881 0.627095 0.107024
11844 0.050771 0.253228 0.696000
7316 0.206220 0.755468 0.038312
12516 0.284390 0.428912 0.286697
17519 0.000808 0.312001 0.687191
8627 0.029504 0.013470 0.957025
317 0.367676 0.186666 0.445657
3194 0.198802 0.707364 0.093834
125 0.258073 0.381155 0.360772
52 0.750241 0.054589 0.195170
12875 0.043022 0.329357 0.627621
17972 0.407026 0.347475 0.245499
3194 0.572501 0.310626 0.116874
18041 0.265652 0.564080 0.170268
8440 0.748357 0.082360 0.169283
5479 0.345242 0.392771 0.261988
17605 0.508762 0.155628 0.335610
12268 0.708511 0.259220 0.032269
16700 0.059057 0.424207 0.516736
7820 0.346092 0.572363 0.081545
12263 0.266397 0.129847 0.603755
5668 0.032745 0.501595 0.465660
7819 0.014078 0.331971 0.653951
16692 0.150154 0.042677 0.807169
1499 0.408842 0.188008 0.403150
17600 0.272936 0.240976 0.486089
17809 0.960159 0.013758 0.026083
8368 0.074566 0.466050 0.459384
13811 0.123304 0.069626 0.807070
13810 0.685659 0.203006 0.111335
13809 0.159703 0.578980 0.261317
8353 0.175475 0.021678 0.802846
13815 0.249940 0.064579 0.685481
8369 0.706802 0.170923 0.122276
13855 0.258611 0.184773 0.556615
13855 0.547537 0.077451 0.375012
8352 0.426790 0.323078 0.250132
13836 0.741779 0.185330 0.072891
8361 0.111719 0.723456 0.164825
13814 0.163806 0.682809 0.153385
8362 0.107373 0.032070 0.860556
13806 0.127104 0.104933 0.767963
6070 0.717718 0.234280 0.048002
10313 0.027075 0.592008 0.380917
10310 0.019571 0.443854 0.536575
13413 0.349195 0.440974 0.209831
1908 0.140964 0.256603 0.602433
13410 0.441010 0.281305 0.277685
1846 0.374369 0.416570 0.209061
1845 0.237044 0.687726 0.075230
13523 0.051120 0.849781 0.099099
1860 0.076744 0.858098 0.065158
1897 0.097398 0.790650 0.111952
1900 0.132775 0.808595 0.058630
1903 0.329734 0.611489 0.058778
1884 0.521731 0.396706 0.081564
1885 0.740322 0.159540 0.100138
13460 0.812789 0.101042 0.086169
13437 0.686663 0.229368 0.083969
13428 0.598728 0.362503 0.038770
1886 0.048500 0.816523 0.134977
1760 0.143981 0.630102 0.225917
1761 0.584199 0.252524 0.163277
1888 0.324871 0.341154 0.333975
1889 0.350457 0.174201 0.475342
13140 0.358439 0.436545 0.205016
13083 0.606039 0.258542 0.135419
13082 0.241130 0.229488 0.529382
1895 0.716894 0.104397 0.178708
1892 0.466543 0.341207 0.192250
1881 0.342049 0.493222 0.164729
1880 0.182345 0.678920 0.138735
13520 0.153497 0.340085 0.506418
8547 0.106811 0.598858 0.294331
13751 0.027336 0.962855 0.009809
13748 0.170063 0.512185 0.317752
8601 0.890260 0.025528 0.084213
8578 0.246790 0.360234 0.392976
8548 0.063437 0.080947 0.855616
8572 0.114048 0.695669 0.190283
13524 0.215232 0.049723 0.735045
1857 0.043788 0.642327 0.313886
13522 0.333498 0.017892 0.648611
13522 0.032367 0.020921 0.946711
1838 0.659969 0.057147 0.282884
1837 0.492982 0.337969 0.169049
1754 0.279053 0.646797 0.074150
1836 0.537814 0.423291 0.038895
13420 0.435456 0.340927 0.223617
1853 0.732507 0.248580 0.018913
13545 0.369592 0.516510 0.113898
1641 0.451405 0.459625 0.088969
1644 0.301436 0.225469 0.473096
13555 0.612430 0.209203 0.178367
1842 0.011621 0.433369 0.555010
13456 0.516666 0.098271 0.385063
13427 0.581725 0.249314 0.168962
1871 0.059715 0.444189 0.496096
13535 0.594906 0.177470 0.227625
13858 0.136203 0.686565 0.177232
8334 0.316371 0.598908 0.084720
8335 0.315846 0.314146 0.370009
7932 0.369402 0.052538 0.578060
13209 0.255956 0.669378 0.074666
13769 0.215313 0.707389 0.077298
13791 0.257120 0.400311 0.342569
13790 0.246783 0.100076 0.653141
8585 0.173394 0.061785 0.764821
13775 0.074808 0.640577 0.284615
13775 0.158905 0.103233 0.737862
13795 0.201036 0.713229 0.085735
8552 0.662858 0.203653 0.133489
13739 0.349479 0.556832 0.093689
13548 0.000000 0.427891 0.572109
13720 0.263956 0.199699 0.536345
8595 0.173108 0.064079 0.762814
13735 0.555953 0.268595 0.175451
13795 0.197763 0.000000 0.802237
13741 0.176697 0.595437 0.227867
13741 0.157091 0.088139 0.754770
8536 0.526154 0.338455 0.135391
13743 0.515348 0.302197 0.182455
8358 0.148765 0.150354 0.700881
13549 0.328547 0.127394 0.544059
1645 0.346751 0.203673 0.449576
13548 0.573474 0.048014 0.378512
13551 0.581418 0.112097 0.306485
1866 0.095135 0.334492 0.570373
1865 0.034664 0.430081 0.535255
13532 0.201072 0.117551 0.681377
13532 0.770638 0.131016 0.098347
13476 0.213317 0.172417 0.614266
13534 0.601667 0.274692 0.123641
1869 0.514393 0.180792 0.304815
1650 0.257307 0.529244 0.213449
13538 0.559509 0.023174 0.417318
13526 0.111403 0.011037 0.877560
1753 0.000000 0.582864 0.417136
10631 0.710137 0.265324 0.024539
8308 0.288115 0.624088 0.087797
13963 0.192454 0.003064 0.804482
8519 0.210209 0.202512 0.587279
13979 0.124224 0.459826 0.415950
8472 0.126124 0.860770 0.013107
13830 0.488347 0.424226 0.087426
13833 0.379248 0.501889 0.118863
5110 0.843758 0.000000 0.156242
1673 0.568977 0.228893 0.202130
5110 0.101046 0.766255 0.132699
5109 0.443578 0.067214 0.489209
13819 0.321246 0.617225 0.061529
13977 0.418401 0.260426 0.321173
13985 0.878839 0.079904 0.041257
13962 0.428369 0.207543 0.364088
13974 0.490460 0.343310 0.166231
13966 0.071599 0.645898 0.282503
8461 0.707156 0.287136 0.005709
1601 0.019295 0.877443 0.103262
1611 0.803811 0.124466 0.071724
13500 0.075724 0.644462 0.279814
13500 0.162510 0.013988 0.823502
13494 0.300798 0.427331 0.271872
1668 0.264181 0.119968 0.615852
1667 0.345974 0.044668 0.609358
13515 0.585327 0.390198 0.024475
13509 0.156709 0.191469 0.651822
13509 0.647156 0.341561 0.011282
13877 0.097012 0.456483 0.446505
8429 0.282671 0.061816 0.655512
12994 0.303637 0.007680 0.688683
12987 0.245767 0.154812 0.599421
13952 0.681835 0.065481 0.252684
1728 0.507072 0.126313 0.366615
1728 0.026529 0.643188 0.330283
13950 0.616742 0.359927 0.023331
8509 0.444980 0.515008 0.040012
14016 0.461096 0.440835 0.098068
12813 0.377071 0.267843 0.355086
8804 0.078652 0.104618 0.816730
12812 0.165063 0.599503 0.235433
1533 0.239219 0.354143 0.406638
8423 0.127251 0.301635 0.571113
8327 0.033072 0.711489 0.255440
1663 0.061190 0.114934 0.823875
13481 0.102333 0.824488 0.073179
13482 0.028649 0.579765 0.391585
13873 0.222947 0.381675 0.395379
8348 0.477796 0.165963 0.356241
8542 0.188044 0.422333 0.389624
13754 0.206493 0.052934 0.740572
13754 0.852396 0.049432 0.098172
1649 0.565870 0.349482 0.084648
13554 0.065597 0.040307 0.894096
13498 0.245760 0.007143 0.747097
1609 0.055003 0.376094 0.568903
1717 0.784115 0.010422 0.205463
13864 0.078459 0.329888 0.591653
8411 0.044212 0.062101 0.893687
13755 0.784946 0.137790 0.077264
13755 0.205064 0.243204 0.551732
13745 0.665113 0.321741 0.013146
8608 0.011504 0.112308 0.876188
13733 0.282239 0.508697 0.209063
8577 0.021552 0.512228 0.466220
13853 0.234059 0.390489 0.375452
13852 0.176984 0.714691 0.108325
13852 0.154987 0.039476 0.805537
8602 0.692618 0.039843 0.267539
13727 0.337592 0.226567 0.435841
8610 0.854422 0.096094 0.049484
8349 0.159195 0.536202 0.304603
8553 0.290567 0.375927 0.333506
13797 0.132026 0.848340 0.019634
1433 0.126869 0.374305 0.498826
17766 0.070107 0.788448 0.141445
16986 0.669025 0.265683 0.065293
456 0.116650 0.631325 0.252025
17149 0.579267 0.305526 0.115206
17763 0.153841 0.391352 0.454806
13617 0.288267 0.566244 0.145489
1354 0.272369 0.399907 0.327724
1296 0.251107 0.748893 0.000000
1350 0.251900 0.156732 0.591369
17750 0.225987 0.325708 0.448304
1317 0.702557 0.157468 0.139976
1340 0.347356 0.027919 0.624725
1340 0.335208 0.279575 0.385217
1340 0.378696 0.423067 0.198238
13602 0.147255 0.596431 0.256313
1333 0.354918 0.023586 0.621496
17745 0.226984 0.257411 0.515606
1433 0.068977 0.095166 0.835857
1433 0.302500 0.054865 0.642635
1433 0.597972 0.082600 0.319428
1340 0.608226 0.235266 0.156508
17758 0.651153 0.111804 0.237043
1341 0.483120 0.077582 0.439298
1348 0.210664 0.450615 0.338721
17749 0.050766 0.626632 0.322602
1349 0.606823 0.287276 0.105901
17755 0.111745 0.823883 0.064372
1433 0.026144 0.637114 0.336742
17766 0.321890 0.105629 0.572482
417 0.695068 0.073580 0.231351
417 0.022003 0.814403 0.163594
17043 0.579771 0.176631 0.243598
438 0.098200 0.852937 0.048862
416 0.077107 0.480822 0.442071
17766 0.075016 0.917872 0.007112
17762 0.509081 0.067907 0.423012
418 0.122255 0.174957 0.702788
16943 0.035407 0.690053 0.274540
16909 0.032700 0.053345 0.913956
17039 0.033342 0.033214 0.933444
17040 0.131919 0.028876 0.839205
461 0.217821 0.699533 0.082646
17041 0.577117 0.342189 0.080694
460 0.130895 0.204837 0.664268
431 0.249184 0.141696 0.609119
16911 0.272422 0.204967 0.522611
16924 0.167262 0.664903 0.167835
1289 0.000000 0.579572 0.420428
1288 0.777858 0.202055 0.020087
17328 0.263429 0.508523 0.228047
6417 0.451311 0.125295 0.423394
13611 0.142365 0.121525 0.736110
13611 0.500240 0.483783 0.015977
1308 0.112879 0.518535 0.368586
17777 0.086650 0.445475 0.467876
1321 0.679427 0.320573 0.000000
11885 0.209552 0.635780 0.154668
6442 0.533758 0.280389 0.185852
6395 0.320861 0.083150 0.595989
1338 0.025715 0.333485 0.640800
1336 0.870026 0.129974 0.000000
17546 0.487338 0.292193 0.220469
17845 0.267424 0.331126 0.401449
16939 0.159088 0.796835 0.044078
16941 0.121386 0.301797 0.576817
1558 0.576776 0.006324 0.416900
1561 0.149726 0.310290 0.539984
1537 0.201475 0.420192 0.378333
12738 0.174332 0.035512 0.790156
12725 0.099102 0.062056 0.838842
12729 0.825618 0.095728 0.078653
1275 0.347652 0.078883 0.573465
446 0.236306 0.595602 0.168091
2193 0.531769 0.193132 0.275099
1463 0.517642 0.419033 0.063325
17093 0.062714 0.222193 0.715093
17094 0.239526 0.122114 0.638360
468 0.915834 0.063472 0.020694
17034 0.413194 0.160651 0.426155
16918 0.113902 0.140226 0.745872
1471 0.527472 0.405106 0.067422
2175 0.423377 0.360644 0.215979
2174 0.491579 0.042222 0.466199
17828 0.181197 0.149746 0.669057
2190 0.124351 0.000718 0.874931
17084 0.067321 0.548098 0.384582
17078 0.606541 0.302300 0.091159
17791 0.374491 0.367601 0.257908
17790 0.279335 0.297948 0.422718
17183 0.770545 0.090164 0.139291
17181 0.202502 0.176573 0.620925
13193 0.439150 0.258868 0.301982
13191 0.345798 0.437402 0.216800
13190 0.246999 0.578565 0.174436
