38428 0.037187 0.749880 0.212933
32938 0.279933 0.496420 0.223647
32922 0.200614 0.295145 0.504241
39098 0.378834 0.130459 0.490707
32959 0.853402 0.106417 0.040181
39133 0.066097 0.329876 0.604027
39868 0.557235 0.128355 0.314410
37629 0.468903 0.272979 0.258118
39919 0.571770 0.085703 0.342527
38603 0.733599 0.092186 0.174215
39957 0.096277 0.216661 0.687062
38734 0.131729 0.323087 0.545184
40205 0.243734 0.188387 0.567879
37946 0.182132 0.275685 0.542182
42260 0.629153 0.203049 0.167799
42247 0.612682 0.158809 0.228509
42280 0.044289 0.526764 0.428947
42538 0.193798 0.735653 0.070549
42580 0.102947 0.189577 0.707477
42615 0.417036 0.287277 0.295687
42646 0.050639 0.713722 0.235639
42665 0.406583 0.337307 0.256110
40895 0.731787 0.090109 0.178104
40909 0.194906 0.668164 0.136930
40938 0.480473 0.407594 0.111932
41137 0.260993 0.636943 0.102064
41160 0.355959 0.165008 0.479033
41392 0.661425 0.111997 0.226579
41427 0.654700 0.227940 0.117360
44572 0.111071 0.841491 0.047438
45265 0.435342 0.170673 0.393985
44215 0.089642 0.246242 0.664116
44983 0.335746 0.027447 0.636806
48353 0.106699 0.737144 0.156157
25204 0.044012 0.211456 0.744532
27566 0.345673 0.280520 0.373807
30556 0.495198 0.471790 0.033012
30477 0.029309 0.298418 0.672273
30536 0.164095 0.205727 0.630178
20041 0.109339 0.158446 0.732215
18978 0.763196 0.188235 0.048568
21004 0.646582 0.150817 0.202601
24436 0.092759 0.706774 0.200467
25499 0.141247 0.185418 0.673335
17463 0.246523 0.142925 0.610552
18563 0.191914 0.289768 0.518318
19555 0.301724 0.417892 0.280385
19623 0.698887 0.074090 0.227024
21140 0.126996 0.539999 0.333005
21241 0.219787 0.528889 0.251325
21363 0.411321 0.432522 0.156156
15137 0.071474 0.482876 0.445650
15106 0.583054 0.379174 0.037771
16922 0.141574 0.115837 0.742589
18095 0.263677 0.412690 0.323633
18703 0.176104 0.244959 0.578937
19219 0.191813 0.197085 0.611102
19804 0.149057 0.065259 0.785684
19910 0.540045 0.325213 0.134742
12682 0.668847 0.252864 0.078290
11714 0.170528 0.783633 0.045839
15542 0.294113 0.180360 0.525527
16492 0.219537 0.080526 0.699938
17690 0.520219 0.443186 0.036596
17795 0.353271 0.215707 0.431022
18845 0.091911 0.182600 0.725489
18961 0.740270 0.085860 0.173870
10896 0.281389 0.494317 0.224294
9863 0.037574 0.630121 0.332305
15270 0.685308 0.168273 0.146419
14821 0.155513 0.305623 0.538863
16569 0.285431 0.302973 0.411596
17218 0.071694 0.755083 0.173223
17888 0.244602 0.040981 0.714417
18490 0.265879 0.710918 0.023203
9067 0.009643 0.097833 0.892524
11271 0.410578 0.267474 0.321948
13545 0.527106 0.047160 0.425734
15981 0.087701 0.770560 0.141739
16673 0.371762 0.460381 0.167857
17282 0.100549 0.025532 0.873919
17995 0.656618 0.004756 0.338626
9149 0.416605 0.580004 0.003392
10304 0.257267 0.422329 0.320404
12294 0.698838 0.033411 0.267751
14931 0.202097 0.386766 0.411137
16699 0.308946 0.276539 0.414515
17335 0.203350 0.379571 0.417079
17989 0.062951 0.753930 0.183119
17313 0.274306 0.636662 0.089032
7487 0.829545 0.007533 0.162922
5915 0.906796 0.066161 0.027043
9245 0.180404 0.636829 0.182767
11377 0.240582 0.691836 0.067582
13653 0.063612 0.606216 0.330172
14984 0.136333 0.406440 0.457227
16106 0.387423 0.396916 0.215661
16852 0.605980 0.143119 0.250901
4649 0.021306 0.100488 0.878206
7553 0.201548 0.435004 0.363448
9447 0.185526 0.538591 0.275883
11498 0.929778 0.056335 0.013887
12426 0.326582 0.058548 0.614870
13725 0.187776 0.779090 0.033135
13826 0.321998 0.660659 0.017343
13783 0.399618 0.253979 0.346403
4676 0.209424 0.007279 0.783297
6082 0.012320 0.395884 0.591796
6095 0.161192 0.450651 0.388157
9523 0.482265 0.066140 0.451595
10594 0.105383 0.845453 0.049164
9653 0.715762 0.271100 0.013139
11621 0.085341 0.062179 0.852480
3698 0.244760 0.276023 0.479217
2471 0.794383 0.135043 0.070574
3739 0.147628 0.724074 0.128298
4741 0.223584 0.544049 0.232367
6213 0.472870 0.352014 0.175116
18 0.744808 0.088831 0.166360
8009 0.261196 0.131862 0.606942
3783 0.678266 0.010993 0.310741
4903 0.305517 0.552474 0.142009
3408 0.030642 0.781762 0.187596
3449 0.094015 0.696866 0.209119
2923 0.764164 0.080925 0.154911
3551 0.439569 0.113844 0.446587
2425 0.562680 0.207688 0.229632
2144 0.004182 0.739684 0.256134
2434 0.008170 0.910480 0.081350
2440 0.214586 0.453622 0.331793
3630 0.083411 0.286629 0.629960
3050 0.367489 0.546565 0.085946
3065 0.260677 0.399301 0.340022
1876 0.742153 0.246542 0.011305
1891 0.678592 0.244357 0.077051
1943 0.567849 0.182166 0.249985
1994 0.508737 0.399673 0.091591
1780 0.214857 0.121524 0.663619
850 0.078287 0.762863 0.158850
839 0.015719 0.402528 0.581753
925 0.103511 0.076963 0.819526
910 0.579325 0.318058 0.102617
1009 0.912457 0.052674 0.034869
502 0.347598 0.495870 0.156531
504 0.504599 0.114427 0.380974
554 0.080075 0.859910 0.060015
478 0.076703 0.775309 0.147988
488 0.779875 0.113503 0.106622
490 0.339432 0.616164 0.044405
490 0.408619 0.491856 0.099525
34062 0.470340 0.269100 0.260559
27594 0.256946 0.648666 0.094388
22892 0.158870 0.375358 0.465772
21095 0.088187 0.882352 0.029460
34120 0.323285 0.338008 0.338707
29662 0.270858 0.693402 0.035740
25305 0.077107 0.147880 0.775013
22084 0.385743 0.324378 0.289880
34208 0.274460 0.641797 0.083743
36358 0.067552 0.594761 0.337687
36529 0.816746 0.035150 0.148104
30950 0.013190 0.670566 0.316244
27707 0.431606 0.118768 0.449625
30557 0.126715 0.231040 0.642245
27756 1.000000 0.000000 0.000000
26521 0.210203 0.551354 0.238442
36990 0.114476 0.174355 0.711168
37987 0.123404 0.829612 0.046985
36866 0.305667 0.219747 0.474586
35649 0.373893 0.398052 0.228055
36886 0.452617 0.303930 0.243452
36804 0.340729 0.452617 0.206653
34631 0.830834 0.026787 0.142379
34510 0.272384 0.463588 0.264028
33447 0.109689 0.735475 0.154836
31277 0.217986 0.689985 0.092028
34581 0.297650 0.658254 0.044095
33399 0.010935 0.960040 0.029024
32309 0.208527 0.174739 0.616735
31245 0.479421 0.159347 0.361232
32358 0.218573 0.637578 0.143849
31258 0.138017 0.442507 0.419476
38080 0.650236 0.138704 0.211060
38068 0.438380 0.309520 0.252100
37064 0.004400 0.581761 0.413839
35798 0.260623 0.012281 0.727096
33526 0.443715 0.338223 0.218062
35752 0.580498 0.259101 0.160401
33500 0.370690 0.418856 0.210454
32415 0.163527 0.646549 0.189924
38171 0.921045 0.061677 0.017278
38784 0.287761 0.001502 0.710737
38102 0.232672 0.195172 0.572156
35843 0.176814 0.632484 0.190702
33619 0.406071 0.240439 0.353491
35807 0.740835 0.187022 0.072143
33559 0.614276 0.239320 0.146404
32455 0.169920 0.133253 0.696827
38282 0.149059 0.472602 0.378339
39385 0.159385 0.326725 0.513890
38194 0.357919 0.097945 0.544136
35885 0.316800 0.515908 0.167293
32629 0.302821 0.382981 0.314198
35922 0.410599 0.226965 0.362436
32465 0.717943 0.280205 0.001852
31330 0.335502 0.385462 0.279036
35498 0.122841 0.338330 0.538828
36666 0.039508 0.571222 0.389270
36463 0.861822 0.009945 0.128232
35386 0.186583 0.015363 0.798054
36641 0.299752 0.337275 0.362973
36569 0.144357 0.727421 0.128223
32118 0.097200 0.559171 0.343630
31069 0.152050 0.587101 0.260850
30012 0.137011 0.777483 0.085507
27901 0.140444 0.719861 0.139695
32134 0.457606 0.447511 0.094883
31115 0.226415 0.714376 0.059209
30671 0.489172 0.003050 0.507778
29129 0.530392 0.276259 0.193348
29232 0.613022 0.336234 0.050744
26710 0.112162 0.831576 0.056262
38415 0.295303 0.312159 0.392538
39422 0.226899 0.731322 0.041779
38327 0.347208 0.646718 0.006074
34832 0.156247 0.331748 0.512004
32654 0.251326 0.069946 0.678728
34844 0.405021 0.566091 0.028888
32697 0.293958 0.610528 0.095513
31385 0.490635 0.140502 0.368863
38382 0.234420 0.310572 0.455009
39001 0.235771 0.035786 0.728443
38314 0.449252 0.497331 0.053417
34847 0.035619 0.910365 0.054015
32731 0.182762 0.698015 0.119223
31532 0.322578 0.385800 0.291622
32871 0.673451 0.142343 0.184206
36002 0.225883 0.432446 0.341671
35069 0.875085 0.026129 0.098786
48151 0.261004 0.316033 0.422963
51710 0.153104 0.008217 0.838679
46180 0.274374 0.079224 0.646401
45466 0.392932 0.214269 0.392799
45519 0.119080 0.781996 0.098924
44930 0.124292 0.747807 0.127901
46491 0.265003 0.236963 0.498034
54547 0.044868 0.404429 0.550703
50515 0.933927 0.051244 0.014829
56849 0.131978 0.308087 0.559935
61427 0.500481 0.296629 0.202890
59887 0.402102 0.366359 0.231540
59924 0.360035 0.592466 0.047499
60783 0.722334 0.063829 0.213837
60834 0.384152 0.372174 0.243674
61555 0.036444 0.870832 0.092724
52647 0.590574 0.190099 0.219326
60906 0.122249 0.193232 0.684519
60091 0.349814 0.160209 0.489977
52672 0.448123 0.330152 0.221725
51794 0.485825 0.098128 0.416048
47222 0.626149 0.062475 0.311377
47398 0.169819 0.791156 0.039025
50740 0.301624 0.428401 0.269975
45760 0.037066 0.145070 0.817864
47386 0.854029 0.007625 0.138345
47343 0.422785 0.351964 0.225251
48399 0.074483 0.538554 0.386963
56894 0.215335 0.620660 0.164005
54764 0.360524 0.496672 0.142804
57888 0.774103 0.165089 0.060808
57051 0.054828 0.711292 0.233880
57953 0.087334 0.052670 0.859997
56037 0.237738 0.761404 0.000858
53517 0.275979 0.119498 0.604524
52710 0.598715 0.236767 0.164518
50834 0.283160 0.478141 0.238700
48579 0.098809 0.527950 0.373241
49838 0.563124 0.218730 0.218147
52043 0.143417 0.845143 0.011440
48570 0.546837 0.187084 0.266079
48750 0.008244 0.955729 0.036027
48538 0.724333 0.159129 0.116539
48781 0.279245 0.574137 0.146618
53836 0.254738 0.177971 0.567291
53965 0.665322 0.054148 0.280530
55031 0.088579 0.815100 0.096321
55269 0.695717 0.048902 0.255381
53806 0.206562 0.032897 0.760541
53935 0.587621 0.130073 0.282306
51967 0.344273 0.470945 0.184781
52008 0.114048 0.107404 0.778547
51072 0.107295 0.086957 0.805748
50110 0.217214 0.181204 0.601582
51353 0.092553 0.050822 0.856625
51294 0.160223 0.114585 0.725192
50097 0.270357 0.103072 0.626572
50220 0.534717 0.067348 0.397935
49108 0.702662 0.156166 0.141172
47839 0.699901 0.144635 0.155464
46689 0.678470 0.300935 0.020595
45888 0.279017 0.321133 0.399850
49036 0.384938 0.590462 0.024600
47760 0.279308 0.307341 0.413351
46663 0.051621 0.855330 0.093049
45885 0.216710 0.440814 0.342476
45816 0.041262 0.341052 0.617686
44295 0.601583 0.315953 0.082464
51547 0.281658 0.031194 0.687148
51472 0.863757 0.028136 0.108107
50306 0.322397 0.479623 0.197980
47939 0.292813 0.297714 0.409473
45092 0.337952 0.174439 0.487609
47830 0.512096 0.019684 0.468220
45118 0.085413 0.368849 0.545738
43800 0.092186 0.603006 0.304808
50432 0.253283 0.556018 0.190700
50381 0.873136 0.096425 0.030438
50310 0.311014 0.440087 0.248899
49273 0.805359 0.073121 0.121519
46021 0.127831 0.275273 0.596896
47867 0.470797 0.104582 0.424621
45922 0.374792 0.352922 0.272286
44523 0.141271 0.256670 0.602059
47892 0.441784 0.522530 0.035686
47493 0.463926 0.302443 0.233631
48855 0.114164 0.222829 0.663007
48851 0.046242 0.067561 0.886197
50936 0.141333 0.262970 0.595697
53996 0.643260 0.020662 0.336078
55328 0.142162 0.397629 0.460209
55317 0.394256 0.543116 0.062629
50946 0.212528 0.356182 0.431291
46592 0.272813 0.100399 0.626788
47687 0.677720 0.166384 0.155896
47666 0.196868 0.768277 0.034854
50055 0.195492 0.571594 0.232914
52169 0.264540 0.649003 0.086457
52956 1.000000 0.000000 0.000000
52217 0.678926 0.223441 0.097633
50011 0.073502 0.519445 0.407052
60016 0.575990 0.033450 0.390560
50767 0.017174 0.087790 0.895036
48501 0.460716 0.240786 0.298499
48437 0.815777 0.141542 0.042681
48413 0.695617 0.232911 0.071473
53608 0.481968 0.012817 0.505214
56093 0.229770 0.218067 0.552163
54847 0.649806 0.048468 0.301725
51923 0.493261 0.337771 0.168968
47586 0.699462 0.237294 0.063244
48921 0.038465 0.103501 0.858035
48890 0.424017 0.456333 0.119650
49955 0.225878 0.727254 0.046869
54031 0.587620 0.396277 0.016103
54009 0.017109 0.725000 0.257891
54062 0.405225 0.526660 0.068115
49993 0.032542 0.881104 0.086354
222 0.277155 0.000000 0.722845
51874 0.923146 0.013827 0.063027
52676 0.765551 0.178693 0.055756
54717 0.394073 0.498545 0.107383
56949 0.440639 0.088241 0.471121
54509 0.910652 0.000775 0.088573
49331 0.308552 0.262550 0.428899
61883 0.113956 0.222864 0.663180
60649 0.260423 0.534742 0.204835
62161 0.622444 0.256107 0.121450
256 0.021706 0.842929 0.135366
60901 0.213484 0.028457 0.758058
49624 0.782199 0.016842 0.200959
56938 0.076675 0.609932 0.313393
7880 0.220108 0.110304 0.669588
5015 0.041709 0.551491 0.406799
4120 0.237725 0.125448 0.636827
4232 0.342201 0.130160 0.527639
14730 0.158804 0.539693 0.301502
15720 0.365389 0.131073 0.503538
12998 0.313804 0.343137 0.343059
11869 0.195510 0.151060 0.653430
10192 0.701281 0.287532 0.011187
11207 0.437780 0.423073 0.139146
12245 0.227593 0.535070 0.237337
13436 0.043866 0.799967 0.156168
6416 0.050650 0.362907 0.586443
4330 0.172285 0.702599 0.125116
7874 0.481260 0.214504 0.304236
9630 0.414067 0.259849 0.326084
10774 0.163304 0.248968 0.587728
5207 0.164317 0.598962 0.236721
6408 0.563306 0.000000 0.436694
427 0.247918 0.055169 0.696913
4 0.751078 0.061592 0.187330
7958 1.000000 0.000000 0.000000
9644 0.218122 0.000000 0.781878
7889 0.286772 0.005620 0.707608
9729 0.288454 0.172748 0.538799
10786 0.076080 0.659730 0.264190
9685 0.428317 0.507556 0.064127
8117 0.293706 0.298500 0.407793
12 0.086803 0.761988 0.151208
9726 1.000000 0.000000 0.000000
9730 0.594238 0.216557 0.189204
8008 0.014889 0.593575 0.391536
9688 0.278500 0.268025 0.453475
10767 0.337675 0.662325 0.000000
14638 0.245731 0.132541 0.621729
13062 0.709518 0.163853 0.126629
11914 0.163030 0.191363 0.645607
11886 0.500868 0.390656 0.108477
11973 0.817049 0.147216 0.035736
12088 0.012328 0.778368 0.209304
13418 0.380431 0.125249 0.494320
14666 0.334417 0.081682 0.583901
15565 0.024203 0.098102 0.877694
14350 0.234388 0.508548 0.257064
14083 0.951489 0.022937 0.025573
12700 0.440369 0.027339 0.532292
12898 0.011657 0.789874 0.198469
13188 0.072323 0.350572 0.577106
14535 0.218156 0.547298 0.234546
15763 0.396856 0.572765 0.030378
16273 0.513953 0.288304 0.197743
15213 0.048082 0.392445 0.559473
13984 0.337116 0.324704 0.338180
14113 0.870210 0.115031 0.014759
14183 0.256138 0.164644 0.579218
14415 0.097802 0.575719 0.326479
14177 0.350067 0.649933 0.000000
16332 0.371446 0.052682 0.575872
13301 0.031240 0.335776 0.632984
13253 0.451097 0.465843 0.083060
14447 0.267053 0.128444 0.604503
15744 0.041520 0.780519 0.177961
16371 0.156455 0.506525 0.337020
15456 0.102647 0.066941 0.830413
15626 0.491252 0.381272 0.127476
13110 0.757019 0.127798 0.115183
52871 0.512151 0.223795 0.264053
52928 0.053330 0.055323 0.891346
52152 0.359101 0.548687 0.092212
51032 0.825355 0.033815 0.140830
52845 0.412137 0.246291 0.341572
52911 0.080699 0.839107 0.080194
52139 0.054927 0.523869 0.421204
52145 0.395718 0.456501 0.147782
50045 0.472311 0.001029 0.526660
61331 0.696900 0.162830 0.140270
61874 0.290101 0.381265 0.328635
61942 0.400509 0.141236 0.458255
63291 0.574154 0.194153 0.231692
63301 0.644044 0.275283 0.080672
63290 0.075209 0.193463 0.731328
63245 0.760952 0.134084 0.104964
83 0.593109 0.338689 0.068202
63276 0.234470 0.658405 0.107125
329 0.571481 0.184787 0.243732
62301 0.664540 0.213232 0.122228
62573 0.637793 0.004200 0.358007
62920 0.715497 0.066670 0.217833
61995 0.147201 0.066063 0.786736
62302 0.095909 0.481652 0.422439
62550 0.513147 0.174937 0.311916
62826 0.094656 0.855549 0.049795
61995 0.267545 0.610393 0.122062
62231 0.633106 0.002397 0.364498
62551 0.176806 0.213780 0.609414
62878 0.136461 0.493494 0.370045
39064 0.106661 0.055014 0.838325
38421 0.576040 0.123626 0.300335
31675 0.138726 0.339829 0.521446
32946 0.590450 0.196350 0.213201
39095 0.732267 0.238433 0.029300
32986 0.272420 0.341595 0.385985
39126 0.072334 0.132641 0.795025
36201 0.906017 0.051691 0.042292
39852 0.111306 0.538594 0.350100
36237 0.371377 0.034169 0.594454
39889 0.020051 0.127483 0.852466
36312 0.473112 0.259420 0.267468
39943 0.131183 0.144836 0.723981
36342 0.144056 0.824821 0.031123
39714 0.667132 0.154455 0.178413
37916 0.345070 0.140702 0.514228
40022 0.431550 0.423585 0.144865
40675 0.810174 0.054812 0.135014
40880 0.108407 0.489024 0.402569
40701 0.597937 0.072788 0.329275
40934 0.091123 0.228134 0.680743
41132 0.233587 0.647589 0.118824
41146 0.433275 0.262214 0.304511
41171 0.749035 0.245526 0.005439
41034 0.698585 0.268064 0.033350
41439 0.302156 0.210443 0.487401
42254 0.244180 0.487027 0.268792
42273 0.311014 0.309890 0.379096
42533 0.266339 0.091396 0.642265
42570 0.282599 0.645910 0.071491
42598 0.615567 0.357585 0.026848
42632 0.046474 0.871448 0.082078
42657 0.683581 0.129815 0.186604
42690 0.354807 0.297387 0.347806
44559 0.757689 0.078664 0.163647
43898 0.590009 0.081960 0.328031
45257 0.317215 0.667376 0.015410
46978 0.204060 0.740936 0.055003
46279 0.487034 0.360410 0.152556
45537 0.074480 0.592620 0.332900
44936 0.364116 0.607080 0.028804
44953 0.413414 0.571791 0.014795
45731 0.062728 0.071703 0.865570
49329 0.326205 0.355217 0.318578
49312 0.269602 0.638075 0.092323
51610 0.097170 0.801672 0.101158
52508 0.460082 0.406106 0.133812
63716 0.028510 0.725071 0.246419
49637 0.171941 0.123797 0.704262
63803 0.439423 0.034449 0.526127
26274 0.782572 0.190777 0.026652
25199 0.315321 0.432533 0.252146
26298 0.642672 0.315546 0.041782
26312 0.017647 0.879878 0.102474
30409 0.525152 0.251029 0.223819
30523 0.589958 0.025190 0.384851
19468 0.319368 0.449900 0.230732
20048 0.030643 0.477290 0.492067
21012 0.313769 0.547771 0.138461
23103 0.132227 0.782457 0.085316
24533 0.538744 0.007865 0.453390
23343 0.336619 0.100547 0.562833
16868 0.211916 0.679563 0.108521
17450 0.700834 0.105398 0.193768
18022 0.639096 0.257505 0.103400
18580 0.290243 0.590367 0.119390
20128 0.233258 0.728262 0.038479
19118 0.192895 0.366991 0.440113
21111 0.370960 0.486003 0.143037
19659 0.321753 0.249325 0.428922
20256 0.131487 0.777777 0.090735
21291 0.587488 0.327117 0.085395
21328 0.551090 0.310561 0.138349
15134 0.006713 0.306904 0.686382
15155 0.572518 0.336940 0.090542
16961 0.760236 0.163803 0.075961
17671 0.073464 0.214681 0.711855
18247 0.111059 0.423792 0.465149
19275 0.164211 0.000800 0.834988
19355 0.032622 0.237043 0.730334
19883 0.062170 0.083347 0.854482
11732 0.545051 0.194797 0.260153
12771 0.369753 0.440863 0.189384
14709 0.681750 0.081173 0.237077
16521 0.095437 0.831241 0.073321
17146 0.157734 0.354598 0.487668
17833 0.679249 0.302780 0.017972
18366 0.757340 0.062965 0.179694
18921 0.236549 0.595927 0.167523
9859 0.772415 0.009399 0.218186
5426 0.318651 0.006697 0.674653
5347 0.024812 0.956417 0.018771
5312 0.054444 0.051387 0.894169
5286 0.086956 0.820037 0.093007
4448 0.700702 0.043736 0.255562
4337 0.498944 0.438486 0.062570
12236 0.023291 0.430100 0.546609
14849 0.145146 0.113187 0.741667
15947 0.430857 0.280083 0.289060
16640 0.236405 0.632445 0.131150
18385 0.321191 0.023309 0.655500
18447 0.938420 0.004574 0.057006
7255 0.387423 0.085645 0.526932
7236 0.326630 0.558441 0.114929
5513 0.276552 0.142795 0.580653
4391 0.027255 0.849702 0.123043
4512 0.016407 0.411986 0.571607
11283 0.009272 0.231099 0.759629
13572 0.031469 0.623942 0.344589
14909 0.204581 0.326887 0.468532
16693 0.168338 0.636874 0.194787
17292 0.459582 0.364106 0.176312
17300 0.696603 0.021842 0.281555
7376 0.353953 0.091523 0.554523
7362 0.565394 0.357324 0.077282
9083 0.115948 0.750674 0.133378
9182 0.027056 0.061101 0.911843
11316 0.031299 0.338856 0.629845
13610 0.277895 0.554090 0.168015
14935 0.499753 0.469513 0.030734
16715 0.169429 0.159917 0.670655
17343 0.134274 0.653820 0.211905
5896 0.036377 0.496629 0.466994
5937 0.262837 0.611510 0.125653
9273 0.406498 0.467291 0.126211
10484 0.824821 0.037198 0.137981
12407 0.171627 0.196457 0.631916
15009 0.027842 0.817990 0.154168
16111 0.194903 0.113767 0.691329
16137 0.010893 0.360369 0.628738
4561 0.373953 0.260693 0.365354
4629 0.856437 0.033149 0.110414
4661 0.501057 0.207697 0.291246
7639 0.266336 0.283944 0.449720
9462 0.078994 0.421772 0.499233
10545 0.821350 0.143936 0.034714
12458 0.132680 0.692774 0.174545
13740 0.288672 0.284150 0.427178
2417 0.249112 0.633222 0.117666
2428 0.223965 0.703900 0.072135
2125 0.199947 0.406255 0.393798
2121 0.366653 0.284574 0.348773
3659 0.293736 0.509162 0.197103
4680 0.360592 0.276611 0.362797
6107 0.147189 0.417161 0.435651
7770 0.148353 0.311894 0.539752
9550 0.030402 0.733752 0.235846
7871 0.621056 0.323919 0.055025
11581 0.429662 0.399507 0.170832
11663 0.467120 0.435944 0.096936
2136 0.433105 0.396896 0.169998
3080 0.018074 0.281092 0.700833
3154 0.074127 0.469559 0.456314
3745 0.013897 0.388995 0.597108
4772 0.636270 0.324648 0.039082
6225 0.599460 0.231840 0.168700
6325 0.092683 0.450866 0.456452
7864 0.914452 0.043748 0.041800
9658 0.069016 0.402518 0.528465
9734 0.368530 0.367840 0.263630
3229 0.018229 0.250408 0.731363
3851 0.069177 0.640886 0.289937
2823 0.005463 0.288486 0.706051
3358 0.107970 0.082632 0.809398
3591 0.245121 0.607313 0.147566
2965 0.846449 0.050030 0.103521
2457 0.697329 0.110954 0.191717
2528 0.462778 0.078038 0.459183
2994 0.654229 0.119302 0.226470
2177 0.191655 0.252641 0.555704
1796 0.563008 0.249771 0.187221
1850 0.044137 0.336375 0.619488
1633 0.890629 0.024364 0.085006
1663 0.033020 0.778395 0.188585
1719 0.070762 0.254920 0.674318
1749 0.698988 0.071056 0.229956
827 0.697873 0.107538 0.194589
802 0.222799 0.310599 0.466602
791 0.215929 0.342735 0.441336
750 0.279559 0.340650 0.379791
734 0.405436 0.145412 0.449152
741 0.083731 0.318988 0.597281
995 0.030220 0.051758 0.918022
503 0.244439 0.331406 0.424155
512 0.397799 0.424076 0.178125
480 0.287876 0.000000 0.712124
479 0.463148 0.248214 0.288638
486 0.234412 0.330954 0.434634
485 1.000000 0.000000 0.000000
31813 0.017765 0.359388 0.622847
28870 0.541930 0.204200 0.253870
22930 0.086493 0.420725 0.492782
31872 0.639753 0.265428 0.094819
34225 0.544401 0.130985 0.324614
34257 0.228455 0.232749 0.538796
29701 0.187784 0.012609 0.799607
24292 0.045885 0.767054 0.187061
30411 0.212443 0.310226 0.477331
25429 0.203090 0.350159 0.446751
24323 0.152638 0.583215 0.264147
30148 0.215136 0.741273 0.043591
30040 0.650452 0.289304 0.060245
29324 0.016484 0.663345 0.320171
29460 0.099635 0.708073 0.192292
29262 0.181048 0.639328 0.179624
28072 0.740349 0.247446 0.012204
27997 0.109240 0.076309 0.814451
26851 0.154373 0.696155 0.149471
25634 0.709199 0.118065 0.172736
24688 0.204243 0.491764 0.303993
24655 0.186675 0.691861 0.121464
25620 0.560046 0.099724 0.340231
22452 0.384972 0.135360 0.479668
22388 0.785389 0.209372 0.005240
23407 0.405826 0.212545 0.381629
23263 0.929652 0.057249 0.013099
28235 0.220878 0.396613 0.382509
28260 0.412800 0.322612 0.264588
26986 0.387018 0.575757 0.037225
27005 0.017798 0.395454 0.586747
24785 0.626352 0.368136 0.005512
24793 0.020269 0.636865 0.342866
23605 0.061336 0.165955 0.772709
23576 0.070223 0.086897 0.842880
27211 0.257218 0.713772 0.029010
28388 0.302316 0.638166 0.059518
27107 0.173274 0.041604 0.785122
27160 0.280563 0.524812 0.194625
24891 0.053126 0.782357 0.164517
23813 0.600363 0.379027 0.020610
23707 0.009747 0.893589 0.096664
23790 0.969792 0.002999 0.027209
28660 0.403994 0.190195 0.405810
28598 0.124825 0.198945 0.676230
26007 0.274614 0.212683 0.512703
27244 0.550006 0.114842 0.335152
23884 0.245220 0.282962 0.471818
22608 0.309832 0.105316 0.584851
21559 0.095854 0.486736 0.417410
21525 0.011538 0.198030 0.790433
31954 0.110764 0.606689 0.282546
30995 0.554938 0.355163 0.089899
30512 0.421813 0.025953 0.552234
31021 0.019935 0.517971 0.462094
31975 0.421568 0.553641 0.024791
31030 0.043877 0.907045 0.049078
29769 0.096459 0.838918 0.064623
29856 0.084755 0.431220 0.484026
26541 0.007726 0.363752 0.628521
26716 0.716678 0.010921 0.272401
30531 0.000000 0.611243 0.388757
30443 0.002631 0.093719 0.903650
25583 0.535480 0.345686 0.118834
27767 0.415137 0.199403 0.385460
25582 0.142996 0.541085 0.315919
25431 0.023106 0.367427 0.609467
28637 0.936575 0.051186 0.012239
28788 0.723193 0.094193 0.182614
26228 0.045280 0.447363 0.507357
27312 0.634758 0.344945 0.020297
23870 0.569433 0.416099 0.014468
22652 0.129325 0.863667 0.007008
20597 0.608917 0.097889 0.293194
20728 0.003982 0.127963 0.868055
28672 0.434978 0.149218 0.415804
27465 0.017814 0.659166 0.323020
26237 0.408862 0.557561 0.033577
22809 0.094599 0.853921 0.051480
21725 0.116181 0.000000 0.883819
23932 0.857170 0.051073 0.091757
20811 0.287850 0.382399 0.329751
24043 0.137491 0.691818 0.170691
26038 0.496158 0.500663 0.003179
49475 0.009133 0.111721 0.879147
48260 0.569185 0.378316 0.052499
47124 0.028863 0.928661 0.042475
58945 0.639000 0.281911 0.079089
56784 0.102901 0.705838 0.191261
60717 0.046573 0.277535 0.675892
61970 0.356243 0.097181 0.546576
61827 0.710397 0.266794 0.022809
60653 0.060697 0.054324 0.884979
62177 0.700666 0.159797 0.139537
62172 0.003605 0.326767 0.669628
59176 0.495947 0.241138 0.262915
61734 0.251312 0.492562 0.256126
61773 0.183896 0.149905 0.666200
56981 0.312045 0.304448 0.383507
87 0.370360 0.156461 0.473180
51849 0.784801 0.163204 0.051994
55949 0.214936 0.231954 0.553110
53431 0.310190 0.558589 0.131221
51784 0.022915 0.021455 0.955630
52680 0.282482 0.198495 0.519023
48257 0.059686 0.232335 0.707979
52742 0.167803 0.689758 0.142438
50727 0.380809 0.452505 0.166686
59163 0.176955 0.663030 0.160015
59024 0.395512 0.336335 0.268153
61099 0.460094 0.154906 0.385000
60931 0.083818 0.828363 0.087819
60219 0.164025 0.080229 0.755746
61040 0.514002 0.151507 0.334491
56073 0.545200 0.046464 0.408337
56018 0.331729 0.288103 0.380168
56229 0.469252 0.228442 0.302306
57191 0.079348 0.518595 0.402057
56146 0.101808 0.091070 0.807121
54977 0.143789 0.590595 0.265616
55147 0.146610 0.779440 0.073950
54920 0.460434 0.248757 0.290809
56268 0.230420 0.658560 0.111020
53752 0.707616 0.166856 0.125529
59296 0.239166 0.640215 0.120619
59400 0.286226 0.079597 0.634177
60490 0.232675 0.705069 0.062257
61139 0.544888 0.283866 0.171246
60388 0.127424 0.385673 0.486903
61147 0.230161 0.264899 0.504940
59318 0.538614 0.060445 0.400940
60487 0.345554 0.458722 0.195725
58139 0.608854 0.139384 0.251762
58069 0.656002 0.291406 0.052593
58600 0.370807 0.265772 0.363421
58615 0.066321 0.251799 0.681880
58350 0.749019 0.243047 0.007935
58343 0.320453 0.303819 0.375728
58690 0.105238 0.745306 0.149456
58417 0.165174 0.086242 0.748584
56538 0.308704 0.473544 0.217752
56491 0.237790 0.489367 0.272844
53095 0.839063 0.160937 0.000000
55454 0.165969 0.564296 0.269735
57557 0.396197 0.040632 0.563171
57433 0.100190 0.793652 0.106158
55583 0.101129 0.890198 0.008673
56509 0.282339 0.367072 0.350589
52252 0.654323 0.329165 0.016513
54144 0.386575 0.120106 0.493319
58721 0.167965 0.535000 0.297035
59694 0.254320 0.501173 0.244507
59828 0.029162 0.056302 0.914536
56598 0.498235 0.188486 0.313280
52268 0.679949 0.148809 0.171241
57647 0.075212 0.271127 0.653661
55591 0.430525 0.046398 0.523077
51244 0.203927 0.264989 0.531083
58735 0.157989 0.039542 0.802469
59837 0.375127 0.574328 0.050545
59814 0.298569 0.271003 0.430428
55604 0.635960 0.073807 0.290234
53081 1.000000 0.000000 0.000000
57639 0.076468 0.408154 0.515378
55731 0.542054 0.023758 0.434188
52379 0.124474 0.028635 0.846891
56681 0.608378 0.222072 0.169550
56325 0.107818 0.139013 0.753169
55266 0.017490 0.793567 0.188944
56316 0.909683 0.080837 0.009480
58195 0.225104 0.291546 0.483350
60525 0.287466 0.194982 0.517552
61205 0.739851 0.078599 0.181550
61223 0.236540 0.295578 0.467881
61201 0.316186 0.604949 0.078865
59449 0.525442 0.014242 0.460317
57240 0.024749 0.212087 0.763164
56378 0.062473 0.592809 0.344718
56340 0.596331 0.012762 0.390907
55302 0.711977 0.278199 0.009824
55424 0.126650 0.204662 0.668688
56387 0.341569 0.073500 0.584931
56435 0.277369 0.302835 0.419796
57281 0.132529 0.173303 0.694167
57380 0.337470 0.266305 0.396225
58263 0.134846 0.346825 0.518329
59497 0.857002 0.066844 0.076155
61259 0.050197 0.821072 0.128731
61213 0.493617 0.201766 0.304617
60574 0.137734 0.433162 0.429104
59579 0.187703 0.638795 0.173502
60535 0.238760 0.660589 0.100651
59527 0.010461 0.235393 0.754146
59480 0.235867 0.186168 0.577966
59517 0.274452 0.370492 0.355056
57357 0.533711 0.068140 0.398149
57306 0.084357 0.864545 0.051098
58289 0.382603 0.367567 0.249830
61500 0.306242 0.475849 0.217908
63678 0.052797 0.580668 0.366535
200 0.054950 0.408821 0.536229
54779 0.537776 0.407889 0.054335
56066 0.093238 0.579962 0.326801
53616 0.469295 0.406282 0.124423
53640 0.174874 0.707676 0.117449
59227 0.500229 0.342786 0.156985
60304 0.005699 0.790934 0.203367
59244 0.791410 0.031913 0.176677
57088 0.262490 0.639969 0.097541
198 0.000000 0.719080 0.280920
132 0.000000 0.165403 0.834597
55753 0.449537 0.398739 0.151724
61799 0.248413 0.356590 0.394997
59854 0.430121 0.465652 0.104227
62189 0.042125 0.097532 0.860343
199 0.153980 0.319188 0.526832
63662 0.043488 0.011843 0.944669
61750 0.894627 0.096115 0.009258
54493 0.666050 0.018011 0.315939
63276 0.026320 0.445390 0.528290
63261 0.312205 0.156205 0.531590
63244 0.176093 0.180816 0.643091
63490 0.708187 0.284212 0.007601
63451 0.166529 0.524559 0.308912
59858 0.165013 0.453192 0.381795
91 0.293627 0.563522 0.142851
63140 0.538032 0.426547 0.035421
4954 0.382005 0.084753 0.533242
4094 0.060907 0.064274 0.874819
5055 0.084797 0.196138 0.719066
4203 0.662424 0.211273 0.126303
4278 0.898876 0.060742 0.040383
8043 0.295454 0.224103 0.480443
5142 0.140750 0.800582 0.058668
6477 0.022726 0.603973 0.373301
8062 0.104037 0.094546 0.801417
6382 0.356622 0.073271 0.570107
7927 0.201211 0.492303 0.306486
5176 0.027535 0.283718 0.688747
5162 0.210077 0.655886 0.134037
7970 0.173385 0.000000 0.826615
9655 0.012113 0.374712 0.613176
8061 0.054593 0.144765 0.800641
7977 0.385725 0.004032 0.610242
53 0.394788 0.218799 0.386414
5255 0.024983 0.916696 0.058321
6470 0.774827 0.138253 0.086921
8043 0.197787 0.717883 0.084331
7971 0.226855 0.518717 0.254428
65 0.620852 0.379148 0.000000
7865 0.512363 0.185602 0.302036
11651 0.176260 0.245118 0.578622
10674 0.234749 0.278504 0.486748
9626 0.510299 0.362550 0.127151
10744 0.259204 0.352229 0.388567
11098 0.067650 0.369287 0.563063
10963 0.023714 0.338290 0.637996
9887 0.237471 0.024501 0.738027
9896 0.496114 0.305344 0.198542
10852 0.642323 0.157686 0.199991
9790 0.491369 0.245001 0.263630
9937 0.298522 0.024203 0.677275
8290 0.379306 0.238508 0.382186
8935 0.150215 0.039015 0.810770
8454 0.071898 0.759106 0.168996
8912 0.161824 0.788402 0.049774
8605 0.077943 0.060677 0.861379
10198 0.293294 0.439695 0.267011
8814 0.226475 0.348321 0.425203
11187 0.075667 0.197093 0.727241
10037 0.028678 0.722281 0.249042
8153 0.079121 0.775475 0.145404
6767 0.265930 0.261575 0.472494
6572 0.698071 0.288187 0.013742
6595 0.470799 0.301387 0.227814
5781 0.653005 0.012351 0.334645
5779 0.374848 0.449246 0.175907
8411 0.466864 0.466051 0.067085
8420 0.233420 0.068200 0.698380
6746 0.839481 0.086232 0.074287
6797 0.492291 0.158153 0.349556
8425 0.237248 0.566747 0.196005
6976 0.357673 0.586951 0.055376
6968 0.155867 0.137211 0.706921
4485 0.321034 0.229417 0.449549
4468 0.566108 0.413799 0.020093
5661 0.108184 0.643605 0.248210
61327 0.274985 0.373199 0.351816
61816 0.273774 0.523846 0.202380
61855 0.334403 0.618661 0.046937
62004 0.103221 0.473126 0.423653
61293 0.841340 0.142352 0.016308
62255 0.034032 0.107229 0.858739
62397 0.264308 0.163230 0.572462
62483 0.725775 0.144208 0.130017
390 0.645353 0.046812 0.307835
62256 0.230822 0.296131 0.473047
62510 0.510592 0.365829 0.123579
61507 0.576282 0.000000 0.423718
62558 0.398094 0.420567 0.181340
62445 0.431715 0.309046 0.259238
454 0.429120 0.215902 0.354978
62795 0.463693 0.100152 0.436155
62890 0.261853 0.365752 0.372395
63124 0.003854 0.383986 0.612160
322 0.558686 0.391813 0.049502
62866 0.232783 0.654237 0.112979
62071 0.632721 0.000000 0.367279
62863 0.264935 0.702940 0.032125
320 1.000000 0.000000 0.000000
62924 0.199511 0.170849 0.629639
63125 0.042211 0.489261 0.468529
61842 0.344669 0.520650 0.134680
38426 0.068722 0.801465 0.129813
38427 0.014519 0.903632 0.081849
38424 0.121632 0.084659 0.793709
37499 0.423826 0.001681 0.574493
36109 0.209799 0.579546 0.210655
35092 0.320972 0.249470 0.429558
31685 0.267066 0.297512 0.435422
31689 0.095120 0.434484 0.470395
31688 0.427391 0.500506 0.072103
34006 0.215288 0.580999 0.203713
35106 0.482044 0.316803 0.201153
37515 0.799560 0.167937 0.032503
34010 0.658935 0.197794 0.143271
34009 0.369263 0.023930 0.606807
34014 0.062768 0.230660 0.706572
35130 0.117564 0.878669 0.003767
37542 0.131613 0.757152 0.111234
38471 0.247486 0.620031 0.132483
39096 0.052976 0.247731 0.699294
39082 0.147231 0.008192 0.844577
39085 0.772543 0.043653 0.183805
34036 0.074009 0.038379 0.887612
34049 0.398469 0.120265 0.481266
34050 0.792684 0.064720 0.142596
35160 0.645653 0.241508 0.112840
37578 0.768220 0.119360 0.112420
38492 0.023597 0.880348 0.096055
39542 0.571095 0.159488 0.269417
39535 0.214219 0.049179 0.736602
39112 0.246591 0.527578 0.225831
36175 0.266242 0.530871 0.202887
36192 0.079864 0.506825 0.413310
37618 0.404373 0.432495 0.163132
38528 0.052490 0.806509 0.141001
39170 0.014336 0.413551 0.572113
39873 0.780800 0.110773 0.108427
39850 0.626076 0.157761 0.216163
39840 0.201558 0.641051 0.157391
39845 0.019184 0.522075 0.458741
38539 0.142479 0.282750 0.574770
38556 0.369766 0.500773 0.129460
38584 0.147069 0.151690 0.701241
38601 0.355257 0.167583 0.477160
39206 0.722455 0.268511 0.009035
39921 0.233352 0.658897 0.107751
40148 0.009233 0.274688 0.716080
40322 0.042620 0.869899 0.087481
39891 0.244846 0.718228 0.036926
38648 0.120579 0.558104 0.321317
39261 0.088340 0.221338 0.690322
38705 0.009376 0.238695 0.751929
39303 0.460386 0.321446 0.218168
39305 0.766931 0.086613 0.146457
39666 0.793475 0.063645 0.142879
39949 0.334106 0.552291 0.113603
39937 0.477038 0.118303 0.404659
39925 0.374355 0.518589 0.107056
38720 0.006513 0.368027 0.625460
37882 0.447191 0.371881 0.180929
37956 0.557436 0.348834 0.093731
39339 0.233592 0.424719 0.341689
39757 0.052819 0.435073 0.512108
40006 0.384942 0.524072 0.090986
40011 0.305398 0.569026 0.125575
39976 0.004912 0.720196 0.274892
40181 0.203636 0.370008 0.426357
37942 0.216584 0.663872 0.119544
37928 0.105888 0.226714 0.667398
37911 0.759209 0.086982 0.153809
40027 0.659938 0.192005 0.148056
40423 0.697222 0.014311 0.288467
40223 0.112864 0.844027 0.043109
39779 0.779998 0.056843 0.163160
40054 0.654810 0.111415 0.233776
40455 0.251793 0.239863 0.508344
40884 0.093810 0.118855 0.787335
40886 0.901357 0.031496 0.067147
40887 0.143266 0.109168 0.747566
39514 0.361724 0.179069 0.459207
40262 0.677741 0.202711 0.119549
40485 0.776420 0.142723 0.080857
40911 0.335605 0.209627 0.454768
40897 0.000884 0.870196 0.128920
40899 0.802681 0.095227 0.102092
39830 0.653879 0.318892 0.027229
40288 0.010176 0.966056 0.023768
40734 0.262490 0.706903 0.030607
40932 0.217712 0.556302 0.225986
40925 0.066848 0.650389 0.282763
40916 0.398888 0.086722 0.514390
40129 0.324551 0.239288 0.436161
40555 0.233652 0.096057 0.670291
40968 0.747305 0.126151 0.126544
41337 0.183810 0.333723 0.482467
41129 0.089456 0.059938 0.850607
40952 0.201859 0.788454 0.009687
40345 0.639398 0.008576 0.352026
40574 0.027657 0.849425 0.122918
40992 0.152403 0.014956 0.832641
41149 0.458822 0.505992 0.035186
41359 0.402414 0.262651 0.334935
41354 0.040697 0.295453 0.663850
40388 0.629565 0.024322 0.346113
40839 0.344910 0.002535 0.652555
41031 0.236934 0.322404 0.440663
41384 0.360152 0.426624 0.213224
41378 0.489303 0.120746 0.389952
41164 0.349270 0.225836 0.424894
40437 0.322774 0.631237 0.045989
40648 0.003719 0.995192 0.001089
41199 0.327919 0.163994 0.508087
41432 0.322486 0.355406 0.322108
41410 0.008952 0.668860 0.322189
41188 0.328524 0.386181 0.285295
41440 0.031455 0.355916 0.612629
41448 0.134497 0.347795 0.517708
41230 0.066760 0.516276 0.416964
42066 0.164031 0.557768 0.278201
42058 0.149740 0.745477 0.104782
42059 0.127934 0.847970 0.024096
41252 0.658006 0.039525 0.302469
41480 0.411581 0.231085 0.357333
41879 0.260974 0.584586 0.154441
42277 0.071387 0.898686 0.029927
42268 0.146144 0.608770 0.245086
42266 0.162721 0.471024 0.366255
41272 0.545173 0.230644 0.224183
41684 0.407395 0.289573 0.303033
41906 0.595652 0.132894 0.271455
42527 0.869877 0.033635 0.096488
42525 0.100935 0.047295 0.851770
42509 0.018596 0.769783 0.211621
41310 0.658851 0.137124 0.204025
41722 0.183694 0.076152 0.740154
42123 0.746419 0.024723 0.228859
42568 0.662299 0.292407 0.045294
42567 0.132901 0.616216 0.250883
42552 0.151192 0.065773 0.783034
41344 0.626272 0.226955 0.146773
41745 0.458906 0.086233 0.454860
42355 0.194957 0.730376 0.074667
42607 0.257526 0.347485 0.394989
42596 0.388339 0.431611 0.180050
42588 0.488063 0.434385 0.077552
41578 0.100306 0.555569 0.344125
41994 0.024780 0.284370 0.690850
42170 0.531400 0.301702 0.166898
42636 0.742644 0.201306 0.056050
42959 0.454598 0.170056 0.375346
42934 0.378485 0.323064 0.298451
41391 0.060104 0.358959 0.580937
42197 0.174054 0.281505 0.544441
42410 0.293838 0.145742 0.560420
41620 0.796671 0.111569 0.091761
42227 0.154072 0.018683 0.827245
42438 0.273882 0.133500 0.592618
42662 0.403075 0.264621 0.332305
42669 0.339557 0.270091 0.390352
42640 0.201644 0.468490 0.329866
42695 0.403156 0.330136 0.266709
42699 0.674950 0.269547 0.055503
42700 0.329845 0.387034 0.283121
42478 0.084496 0.635882 0.279622
43061 0.798437 0.191160 0.010403
43402 0.427457 0.462250 0.110292
44565 0.083631 0.270268 0.646101
44566 0.349713 0.632329 0.017958
44567 0.126480 0.609405 0.264114
43380 0.227555 0.412679 0.359765
42713 0.624278 0.041107 0.334615
42460 0.183607 0.191875 0.624518
42760 0.572560 0.136134 0.291306
43451 0.241038 0.011762 0.747201
43940 0.014330 0.372871 0.612799
44606 0.061583 0.063727 0.874690
44598 0.502038 0.055517 0.442445
44591 0.169199 0.135242 0.695559
42837 0.696553 0.184327 0.119119
43513 0.393991 0.535439 0.070570
44689 0.181942 0.243709 0.574349
46136 0.168227 0.258474 0.573299
45304 0.236751 0.515362 0.247887
45283 0.665513 0.054960 0.279528
43200 0.033991 0.305246 0.660762
43577 0.435338 0.540459 0.024203
44748 0.284396 0.276203 0.439402
45435 0.462296 0.112712 0.424992
45392 0.002823 0.628111 0.369066
46190 0.644027 0.093516 0.262457
43262 0.280474 0.024974 0.694552
43662 0.026347 0.291671 0.681982
44162 0.343060 0.248539 0.408401
44867 0.717317 0.175014 0.107669
44127 0.167651 0.187868 0.644481
44816 0.282274 0.580523 0.137203
42977 0.242424 0.073366 0.684210
43309 0.719941 0.210754 0.069305
44255 0.225923 0.221661 0.552416
44246 0.537719 0.081444 0.380838
44227 0.483747 0.452298 0.063955
44218 0.333985 0.293013 0.373002
43013 0.818853 0.150603 0.030544
43342 0.096171 0.851609 0.052220
43758 0.579911 0.334935 0.085154
44976 0.385732 0.164914 0.449353
44233 0.150760 0.168311 0.680929
44963 0.219039 0.639897 0.141064
46509 0.069251 0.771118 0.159631
46507 0.098181 0.567248 0.334571
45733 0.170762 0.393786 0.435452
46062 0.032654 0.067668 0.899678
46896 0.116712 0.116268 0.767020
47994 0.216231 0.084771 0.698998
50471 0.099054 0.096330 0.804616
49320 0.045143 0.944283 0.010574
49316 0.070331 0.045703 0.883967
45273 0.182984 0.737077 0.079939
48032 0.075373 0.378562 0.546065
49381 0.703568 0.022142 0.274290
50502 0.318917 0.482966 0.198118
49354 0.440108 0.384414 0.175478
49344 0.513912 0.254027 0.232061
48092 0.551520 0.137628 0.310852
49435 0.772268 0.205033 0.022699
49433 0.424443 0.202033 0.373524
51684 0.250722 0.114660 0.634618
51678 0.627028 0.056161 0.316811
51645 0.002743 0.304502 0.692754
45737 0.726977 0.078261 0.194762
47282 0.521638 0.033290 0.445072
48342 0.305840 0.121150 0.573010
48331 0.348686 0.123211 0.528103
48346 0.146813 0.734105 0.119082
48350 0.075725 0.778217 0.146058
47262 0.947091 0.031591 0.021318
45682 0.227164 0.740128 0.032708
45690 0.294904 0.133424 0.571672
63596 0.147866 0.770997 0.081137
63598 0.675479 0.058018 0.266503
80 0.870624 0.056821 0.072554
26271 0.322548 0.046430 0.631022
25206 0.430013 0.502068 0.067919
25203 0.652457 0.147594 0.199950
27541 0.755558 0.084778 0.159664
29559 0.202059 0.578822 0.219119
31681 0.234395 0.715672 0.049933
25213 0.083215 0.643371 0.273414
26294 0.532801 0.044138 0.423061
27554 0.398201 0.168768 0.433032
28819 0.268487 0.036392 0.695121
30190 0.459333 0.224315 0.316352
