8516 0.082629 0.717701 0.199670
21951 0.527709 0.037115 0.435176
21944 0.085093 0.079545 0.835362
23342 0.206403 0.184806 0.608791
8522 0.266595 0.100807 0.632598
19569 0.048180 0.773944 0.177876
21939 0.105432 0.021406 0.873162
11604 0.403193 0.383431 0.213376
22794 0.033276 0.306311 0.660413
9269 0.485652 0.261364 0.252984
21794 0.050254 0.284095 0.665651
21940 0.648811 0.213132 0.138057
19568 0.728246 0.083597 0.188158
20321 0.584408 0.072071 0.343521
6824 0.517497 0.212467 0.270037
22528 0.145054 0.145045 0.709901
21992 0.057617 0.458056 0.484327
4010 0.219030 0.465561 0.315409
9267 0.264569 0.636426 0.099005
11527 0.002855 0.568278 0.428868
12081 0.147402 0.113483 0.739115
22503 0.165203 0.100761 0.734036
19535 0.248076 0.677819 0.074105
3261 0.646639 0.164465 0.188896
3257 0.870082 0.061291 0.068627
22510 0.096837 0.649404 0.253758
6785 0.621840 0.302328 0.075832
9253 0.034000 0.293681 0.672319
19510 0.052795 0.154722 0.792483
8366 0.548197 0.345050 0.106753
19729 0.242111 0.281591 0.476299
12092 0.175422 0.740697 0.083881
12558 0.549815 0.392823 0.057362
19700 0.295435 0.632355 0.072210
21988 0.548724 0.115367 0.335908
21996 0.179130 0.547159 0.273711
9236 0.192668 0.136497 0.670834
9259 0.041339 0.036505 0.922155
19440 0.372539 0.148093 0.479368
11294 0.600941 0.039335 0.359724
21998 0.222001 0.397674 0.380325
22005 0.123043 0.151351 0.725605
8358 0.243280 0.386102 0.370618
12541 0.169353 0.415862 0.414785
12663 0.111397 0.720882 0.167721
22663 0.466185 0.448571 0.085244
22003 0.660880 0.068201 0.270919
8360 0.765632 0.229201 0.005167
19457 0.072522 0.827602 0.099876
22000 0.096803 0.496949 0.406248
9505 0.405209 0.352366 0.242425
8512 0.453530 0.032758 0.513712
22019 0.688274 0.077453 0.234273
22719 0.326065 0.648223 0.025712
19735 0.632765 0.301356 0.065880
8502 0.794990 0.109500 0.095511
22026 0.368250 0.397132 0.234618
22020 0.223229 0.271316 0.505454
8509 0.021352 0.908730 0.069919
12480 0.647893 0.175023 0.177084
8490 0.016067 0.742586 0.241348
22697 0.739857 0.142574 0.117569
23452 0.772852 0.157981 0.069167
8492 0.256527 0.292941 0.450532
11302 0.137594 0.432184 0.430221
4443 0.474393 0.188041 0.337567
4442 1.000000 0.000000 0.000000
21311 0.398688 0.149513 0.451799
19426 0.050372 0.589599 0.360029
9176 0.594460 0.402652 0.002888
21311 0.864030 0.006116 0.129854
23485 0.264081 0.662731 0.073188
23486 0.158414 0.416461 0.425125
9173 0.482628 0.181234 0.336139
19470 0.342961 0.166151 0.490888
9167 0.381501 0.583046 0.035453
10108 0.328567 0.624665 0.046769
9196 0.830183 0.157995 0.011822
19468 0.205022 0.277671 0.517307
9246 0.147165 0.208952 0.643883
22709 0.065204 0.434857 0.499939
8942 0.000000 0.349923 0.650077
22014 0.069753 0.724079 0.206168
8385 0.151711 0.205146 0.643143
19452 0.275361 0.633391 0.091248
22660 0.156752 0.798980 0.044268
8391 0.249410 0.225730 0.524860
12590 0.639503 0.264959 0.095538
22972 0.072642 0.007172 0.920187
4433 0.178895 0.252724 0.568381
4439 0.133522 0.822068 0.044411
4439 0.722951 0.123893 0.153157
21315 0.387768 0.208613 0.403619
8666 0.061167 0.305532 0.633301
22963 0.177267 0.712553 0.110179
21895 0.671486 0.049218 0.279296
21897 0.411284 0.065718 0.522998
23463 0.202928 0.664444 0.132628
12552 0.026212 0.341306 0.632482
22663 0.475502 0.197138 0.327360
22019 0.058701 0.920306 0.020993
22662 0.393230 0.217917 0.388853
22965 0.889504 0.024961 0.085535
12543 0.173843 0.716872 0.109285
12087 0.270607 0.652057 0.077336
8465 0.593445 0.000000 0.406555
12591 0.219812 0.585567 0.194621
12510 0.872768 0.102985 0.024247
8392 0.743030 0.078801 0.178169
22717 0.164859 0.341986 0.493155
22738 0.377440 0.164075 0.458486
23044 0.476907 0.117822 0.405271
23938 0.035335 0.955020 0.009646
11324 0.161753 0.395795 0.442452
22965 0.503898 0.273415 0.222688
22999 0.243168 0.711076 0.045756
12088 0.807362 0.184472 0.008167
22495 0.283316 0.373648 0.343036
11528 0.151611 0.325525 0.522864
11279 0.037008 0.240723 0.722268
8484 0.225853 0.284900 0.489246
23376 0.094822 0.604356 0.300821
11278 0.056672 0.331546 0.611782
22670 0.243261 0.750627 0.006111
12619 0.218501 0.032915 0.748584
24181 0.905869 0.010612 0.083519
24180 0.211992 0.453848 0.334159
12757 0.243251 0.247375 0.509375
23906 0.107356 0.522024 0.370621
22806 0.399482 0.349437 0.251081
12220 0.188835 0.729940 0.081225
23923 0.179631 0.346563 0.473806
12756 0.626748 0.359112 0.014140
23868 0.304447 0.622172 0.073381
24196 0.262048 0.259759 0.478192
12073 0.467026 0.461287 0.071687
24178 0.092890 0.816415 0.090695
23981 0.347624 0.122542 0.529834
23886 0.111274 0.271361 0.617365
11327 0.148251 0.033572 0.818177
24214 0.086716 0.149861 0.763423
24208 0.793030 0.111555 0.095415
12760 0.142942 0.373380 0.483678
12745 0.291318 0.181287 0.527395
23356 0.625553 0.023750 0.350698
22673 0.048203 0.196896 0.754901
12228 0.652614 0.170466 0.176920
23914 0.000000 0.283460 0.716540
24168 0.136117 0.228375 0.635508
23123 0.374148 0.148750 0.477102
23109 0.239057 0.714904 0.046039
23129 0.392440 0.053918 0.553642
8228 0.248257 0.723455 0.028288
8302 0.195034 0.521322 0.283644
21934 0.158981 0.283478 0.557541
11417 0.059427 0.156154 0.784419
11430 0.398272 0.040505 0.561223
20163 0.143938 0.472851 0.383210
20162 0.124732 0.463824 0.411444
9354 0.044311 0.891466 0.064223
23058 0.160329 0.570032 0.269639
23131 0.211999 0.234392 0.553609
20161 0.332647 0.511658 0.155695
21779 0.472985 0.256937 0.270078
20054 0.094488 0.281604 0.623908
4468 0.000920 0.043559 0.955521
11390 0.253232 0.000000 0.746768
19494 0.504810 0.478373 0.016818
21157 0.117601 0.815658 0.066740
11594 0.055711 0.088551 0.855738
11467 0.609921 0.076509 0.313570
19531 0.399477 0.150447 0.450076
4586 0.419639 0.442390 0.137971
4553 0.212061 0.662424 0.125515
19493 0.411081 0.420219 0.168700
3917 0.094609 0.043192 0.862199
11406 0.494005 0.433974 0.072021
23144 0.086205 0.405314 0.508481
11461 0.010447 0.344739 0.644814
20056 0.317831 0.165126 0.517043
8193 0.249824 0.090545 0.659631
8184 0.058482 0.372496 0.569022
23401 0.732514 0.076149 0.191337
23117 0.110299 0.111221 0.778479
11427 0.074312 0.050590 0.875099
23116 0.589240 0.204367 0.206392
9321 1.000000 0.000000 0.000000
11275 0.358941 0.240248 0.400811
21690 0.168000 0.829360 0.002640
22843 0.742147 0.223621 0.034232
9211 0.058922 0.015163 0.925915
19468 0.128347 0.389654 0.481999
9246 0.052086 0.345748 0.602165
12552 0.220647 0.040507 0.738846
23463 0.314778 0.458033 0.227189
23542 0.067285 0.313914 0.618801
23460 0.003073 0.325876 0.671051
23461 0.461472 0.020824 0.517704
22960 0.006002 0.588667 0.405330
23500 0.721814 0.178384 0.099802
23497 0.889101 0.105633 0.005266
23498 0.097495 0.563122 0.339383
23499 0.490088 0.160217 0.349695
12525 0.630424 0.060386 0.309189
23031 0.078859 0.871619 0.049522
11495 0.508230 0.111325 0.380445
22825 0.626605 0.044599 0.328796
12603 0.042535 0.832559 0.124906
20918 0.091053 0.392145 0.516802
20969 0.348926 0.170253 0.480822
8412 0.254570 0.426399 0.319031
23318 0.745079 0.057289 0.197632
23317 0.311363 0.684378 0.004259
23929 0.574266 0.333338 0.092396
22774 0.248885 0.168066 0.583049
12176 0.390011 0.253630 0.356359
12221 0.032359 0.804448 0.163193
23955 0.046201 0.043893 0.909906
23915 0.373669 0.530251 0.096080
12058 0.961309 0.001612 0.037079
11421 0.802421 0.179739 0.017841
11330 0.378405 0.000000 0.621595
23311 0.299146 0.319760 0.381094
21693 0.387231 0.242613 0.370156
23314 0.111008 0.054498 0.834494
11598 0.370890 0.479565 0.149545
23380 0.554015 0.376988 0.068997
9329 0.235940 0.051152 0.712908
23381 0.422518 0.372504 0.204977
19421 0.291612 0.508033 0.200356
4029 0.099485 0.033209 0.867305
23063 0.257904 0.070828 0.671268
13405 0.126590 0.102476 0.770935
2582 0.551684 0.202491 0.245825
20311 0.851883 0.057139 0.090978
11282 0.171086 0.735928 0.092987
8499 0.196147 0.159589 0.644264
8395 0.624804 0.228165 0.147032
12636 0.792251 0.010391 0.197358
8549 0.050254 0.636221 0.313525
22069 0.159298 0.809677 0.031026
22068 0.127162 0.059761 0.813077
22064 0.115211 0.160983 0.723806
21917 0.063373 0.393046 0.543581
22232 0.589839 0.285323 0.124838
12507 0.636387 0.234135 0.129478
23432 0.116098 0.619639 0.264263
22713 0.351754 0.511035 0.137211
20728 0.247475 0.113882 0.638644
10132 0.282950 0.640878 0.076173
23537 0.460210 0.155431 0.384359
4431 0.766121 0.036888 0.196991
4432 0.385419 0.172439 0.442143
23535 0.561438 0.128139 0.310424
10129 0.056236 0.355834 0.587930
10112 0.067340 0.550695 0.381965
23464 0.344615 0.204219 0.451166
10184 0.034768 0.409528 0.555704
10114 0.054567 0.523711 0.421722
10130 0.036483 0.368864 0.594652
23536 0.242420 0.408452 0.349128
23537 0.159541 0.504773 0.335685
10132 0.038114 0.616873 0.345013
8654 0.003451 0.970298 0.026251
22054 0.259967 0.369144 0.370889
22172 0.112550 0.884219 0.003231
23503 0.342919 0.622757 0.034324
10092 0.193650 0.181358 0.624992
10188 0.654593 0.127365 0.218041
8547 0.257293 0.257435 0.485271
12655 0.507872 0.368964 0.123165
22762 0.742520 0.062111 0.195369
12633 0.273370 0.555894 0.170735
8550 0.347168 0.021721 0.631112
9403 0.361833 0.103832 0.534335
8584 0.599318 0.232655 0.168027
22759 0.066878 0.802153 0.130969
19622 0.527191 0.132852 0.339957
22211 0.703739 0.087701 0.208560
9394 0.390545 0.069630 0.539825
22452 0.754135 0.065374 0.180490
19670 0.952026 0.004239 0.043735
22554 0.402476 0.344995 0.252529
9386 0.682719 0.209266 0.108014
22585 0.255372 0.372479 0.372149
8470 0.380163 0.128480 0.491357
23879 0.696349 0.153294 0.150357
12237 0.637488 0.339357 0.023156
22628 0.204795 0.649402 0.145803
9400 0.193233 0.311741 0.495026
22561 0.646498 0.121696 0.231806
9398 0.072197 0.053449 0.874353
19782 0.252346 0.239383 0.508271
22574 0.774523 0.185236 0.040241
3205 0.332979 0.268087 0.398934
24062 0.040978 0.849232 0.109790
8468 0.539141 0.370419 0.090440
22775 0.544311 0.398390 0.057300
23361 0.263424 0.338297 0.398278
23920 0.289299 0.378747 0.331954
23374 0.113502 0.173457 0.713041
23373 0.543914 0.435305 0.020782
12086 0.766965 0.145290 0.087745
12100 0.010687 0.031190 0.958123
12080 0.442890 0.298347 0.258763
23983 0.628675 0.326292 0.045033
24017 0.292185 0.470308 0.237507
12741 0.147180 0.207481 0.645339
12170 0.706001 0.176774 0.117225
23878 0.203484 0.202929 0.593587
3275 0.127968 0.128611 0.743421
22652 0.005118 0.025116 0.969765
22211 0.144910 0.447486 0.407604
8550 0.378800 0.535276 0.085924
22079 0.815166 0.041530 0.143304
22079 0.313235 0.360487 0.326279
22070 0.059619 0.706800 0.233581
19671 0.060861 0.779368 0.159771
9381 0.057972 0.526704 0.415325
22484 0.089406 0.505083 0.405511
8700 0.106178 0.828562 0.065260
12653 0.734873 0.156605 0.108522
22654 0.181587 0.767947 0.050466
12627 1.000000 0.000000 0.000000
8702 0.120478 0.524342 0.355180
22691 0.555821 0.041218 0.402961
12629 0.106838 0.627871 0.265291
12627 0.579710 0.092823 0.327467
8702 0.375341 0.344108 0.280551
22692 0.087031 0.519033 0.393936
12629 0.111696 0.688894 0.199410
21908 0.018748 0.400301 0.580951
8396 0.737580 0.061657 0.200763
8390 0.063552 0.324560 0.611888
19931 0.348151 0.603490 0.048360
19658 0.203224 0.612966 0.183810
22483 0.113093 0.587296 0.299610
8548 0.251158 0.516346 0.232496
8699 0.355732 0.322414 0.321854
22647 0.688357 0.151000 0.160644
8896 0.346591 0.121930 0.531479
4009 0.108881 0.891119 0.000000
22718 0.317978 0.569688 0.112335
12495 0.709150 0.212388 0.078462
3219 1.000000 0.000000 0.000000
22559 0.036668 0.852039 0.111294
22587 0.722592 0.099664 0.177744
12085 0.622303 0.011671 0.366026
23370 0.264802 0.663562 0.071636
23369 0.259692 0.444346 0.295963
22534 0.361426 0.338745 0.299829
22679 0.232022 0.407180 0.360799
8463 0.215312 0.604941 0.179747
24182 0.514959 0.037589 0.447452
24186 0.095673 0.198486 0.705841
12061 0.114920 0.775727 0.109353
12061 0.531797 0.035608 0.432596
4557 0.425512 0.076738 0.497750
21146 0.576909 0.196293 0.226798
23910 0.068743 0.274527 0.656730
24172 0.105597 0.824984 0.069419
21628 0.712686 0.230126 0.057188
19753 0.711496 0.144902 0.143601
22821 0.153345 0.469604 0.377051
12213 0.155064 0.609605 0.235331
12215 0.450606 0.491143 0.058251
21636 0.861350 0.023763 0.114887
11317 0.074901 0.329281 0.595819
21669 0.041242 0.617623 0.341135
4095 0.162514 0.022566 0.814921
23365 0.353820 0.431290 0.214890
12611 0.101671 0.258025 0.640305
11328 0.048713 0.887461 0.063826
3242 0.151630 0.201972 0.646398
12621 0.878826 0.040350 0.080824
12059 0.268667 0.354240 0.377094
4090 0.023460 0.669293 0.307247
11603 0.617479 0.080965 0.301556
21647 0.267673 0.706782 0.025545
19552 0.008150 0.584446 0.407403
9334 0.164326 0.726687 0.108988
19554 0.424315 0.379993 0.195691
16087 0.413598 0.226923 0.359478
4098 0.301389 0.458019 0.240592
12156 0.187124 0.188321 0.624555
11453 0.129331 0.785373 0.085296
19785 0.188731 0.620125 0.191144
4067 0.057856 0.884131 0.058013
22444 0.121206 0.300581 0.578213
3304 0.008566 0.914132 0.077302
19789 0.133210 0.027625 0.839165
22750 0.722956 0.137716 0.139328
22460 0.671126 0.246186 0.082688
21659 0.463081 0.511475 0.025444
22596 0.702393 0.054627 0.242979
10419 0.704840 0.015965 0.279195
22478 0.424303 0.381679 0.194018
22440 0.121690 0.714654 0.163656
11514 0.180754 0.522977 0.296269
22518 0.365132 0.619471 0.015397
3231 0.017606 0.856368 0.126026
9539 0.637599 0.305341 0.057060
6818 0.286858 0.349540 0.363602
13818 0.891926 0.058724 0.049350
3272 0.449155 0.185659 0.365187
19640 0.276581 0.679691 0.043728
22606 0.436014 0.031412 0.532574
11534 0.606759 0.161598 0.231643
9544 0.713792 0.006328 0.279880
22459 0.189669 0.760379 0.049952
11454 0.463922 0.111876 0.424202
22477 0.197254 0.423461 0.379284
3302 0.257054 0.157763 0.585183
4063 0.067027 0.850070 0.082904
3315 0.265137 0.180991 0.553872
15962 0.260750 0.306245 0.433006
22542 0.546892 0.155962 0.297146
22757 0.598215 0.392176 0.009609
22562 0.844437 0.029995 0.125568
6782 0.252023 0.122023 0.625954
2557 0.292611 0.512849 0.194540
22633 0.099283 0.769795 0.130922
22546 0.290973 0.013618 0.695409
16039 0.346695 0.638721 0.014584
4467 0.795695 0.040950 0.163355
3317 0.114991 0.797233 0.087777
3152 0.630526 0.120293 0.249181
21654 0.409119 0.266481 0.324400
12177 0.658107 0.007121 0.334773
23872 0.016805 0.261698 0.721497
23351 0.251031 0.049486 0.699484
11627 0.217172 0.019589 0.763239
21150 0.677394 0.311675 0.010931
12202 0.353112 0.006301 0.640586
21774 0.653535 0.333558 0.012907
3999 0.545416 0.445722 0.008863
12860 0.263559 0.011334 0.725107
21420 0.202479 0.517945 0.279576
9015 0.247683 0.166461 0.585856
20825 0.608495 0.101516 0.289989
3971 0.144407 0.806417 0.049176
4006 0.387850 0.490362 0.121788
22859 0.167246 0.326267 0.506487
22867 0.177453 0.821631 0.000916
3998 0.483937 0.317822 0.198241
3969 0.585913 0.005458 0.408629
8993 0.017832 0.679770 0.302398
23008 0.076563 0.710869 0.212568
11624 0.647557 0.338307 0.014136
12732 0.229992 0.662758 0.107250
20881 0.160099 0.619642 0.220259
8996 0.209838 0.327398 0.462764
12827 0.627462 0.191705 0.180833
4004 0.596165 0.340905 0.062931
22897 0.697463 0.220887 0.081650
24061 0.262818 0.655482 0.081700
24051 0.358430 0.529451 0.112120
24054 0.064114 0.049608 0.886279
24260 0.129770 0.041878 0.828353
8831 0.239847 0.485411 0.274742
23038 0.586019 0.365507 0.048474
20758 0.503813 0.475766 0.020421
10024 0.052195 0.128212 0.819593
9064 0.527788 0.265931 0.206282
20967 0.227022 0.196819 0.576160
11510 0.266652 0.041720 0.691628
8616 0.856742 0.102512 0.040747
8592 0.611764 0.305319 0.082917
8596 0.258666 0.061175 0.680160
23570 0.014283 0.760148 0.225569
12455 0.325835 0.561784 0.112381
3351 0.123394 0.368181 0.508425
12278 0.754721 0.234186 0.011093
8595 0.671746 0.045085 0.283170
12353 0.281322 0.513781 0.204897
11297 0.206334 0.228678 0.564989
23416 0.045055 0.890992 0.063953
22085 0.242913 0.246419 0.510668
8597 0.063335 0.437839 0.498826
12281 0.193407 0.727219 0.079374
22423 0.087717 0.380255 0.532028
12276 0.197735 0.718383 0.083882
23567 0.190285 0.229227 0.580488
8611 0.379166 0.270884 0.349950
23629 0.524788 0.153189 0.322023
8621 0.827204 0.038827 0.133969
23804 0.861659 0.013801 0.124540
11487 0.364194 0.048571 0.587235
11497 0.096564 0.210524 0.692912
21836 0.324579 0.601100 0.074321
8817 0.479538 0.194867 0.325595
23415 0.053406 0.664677 0.281917
12520 0.615294 0.284217 0.100489
22111 0.086084 0.908755 0.005161
22086 0.868057 0.096634 0.035309
8627 0.075621 0.817006 0.107373
22949 0.174330 0.795276 0.030394
12485 0.368781 0.262289 0.368929
20394 0.736544 0.251699 0.011757
23464 0.331316 0.110958 0.557726
10184 0.312575 0.059069 0.628356
10091 0.092600 0.626356 0.281044
23477 0.449178 0.419913 0.130909
22066 0.246447 0.665328 0.088225
11846 0.067940 0.876701 0.055359
23509 0.755546 0.141168 0.103286
10144 0.216068 0.696357 0.087575
20693 0.297678 0.308961 0.393361
8824 0.278066 0.006618 0.715317
20706 0.152256 0.661422 0.186322
8617 0.494813 0.262400 0.242787
22077 0.695279 0.154550 0.150171
20997 0.044414 0.130335 0.825251
20996 0.280413 0.259489 0.460098
20995 0.121908 0.504315 0.373777
22171 0.595294 0.259125 0.145581
8671 0.560627 0.102149 0.337224
10162 0.288495 0.095534 0.615970
21875 0.068004 0.310508 0.621487
22102 0.336555 0.435917 0.227529
12357 0.110623 0.248246 0.641130
12358 0.120496 0.704412 0.175091
22103 0.662247 0.100167 0.237586
8633 0.237506 0.491182 0.271312
23523 0.452292 0.511948 0.035760
10160 0.423477 0.414745 0.161778
8632 0.499030 0.322059 0.178911
12334 0.312464 0.438830 0.248706
12359 0.254146 0.500251 0.245603
8590 0.116811 0.650716 0.232473
8579 0.301646 0.594155 0.104199
23625 0.062404 0.514721 0.422875
23649 0.050091 0.551413 0.398497
22091 0.191097 0.445218 0.363685
21013 0.508694 0.211000 0.280306
11565 0.457357 0.134752 0.407891
22186 0.965847 0.025645 0.008508
8614 0.347390 0.082981 0.569629
8712 0.355479 0.614939 0.029582
8698 0.103982 0.803691 0.092327
23511 0.542685 0.046613 0.410703
22369 0.012745 0.723487 0.263768
8068 0.289573 0.150650 0.559777
22047 0.290387 0.543632 0.165981
8952 0.512594 0.163588 0.323818
20937 0.327305 0.296663 0.376032
20999 0.307873 0.335978 0.356149
22816 0.371739 0.370416 0.257845
23800 0.370757 0.533097 0.096146
23801 0.000000 0.393524 0.606476
9139 0.052707 0.108090 0.839203
20987 0.685478 0.205912 0.108610
8642 0.091943 0.014161 0.893896
12325 0.203383 0.655573 0.141045
23407 0.687611 0.276349 0.036040
23628 0.608557 0.326244 0.065199
22365 0.624123 0.260898 0.114979
8717 0.269585 0.401563 0.328852
10028 0.479791 0.338859 0.181350
10029 0.303247 0.000000 0.696753
10027 0.248391 0.012821 0.738787
21882 0.195342 0.252269 0.552389
23504 0.789344 0.091038 0.119617
23504 0.124569 0.413622 0.461809
22030 0.344155 0.383660 0.272186
22030 0.301522 0.049945 0.648533
8708 0.114283 0.087383 0.798334
8722 0.117151 0.580771 0.302078
10142 0.247816 0.291547 0.460637
23552 0.013455 0.169438 0.817107
22228 0.042814 0.426807 0.530379
23493 0.608462 0.061223 0.330315
10133 0.047650 0.734773 0.217576
12493 0.221888 0.218114 0.559998
20783 0.622892 0.129267 0.247840
10134 0.118677 0.491236 0.390088
23494 0.190670 0.023130 0.786200
21392 0.048242 0.132943 0.818815
21299 0.341538 0.394646 0.263816
4334 0.656291 0.343709 0.000000
19529 0.082961 0.180629 0.736410
19533 0.663084 0.185239 0.151677
4404 0.432266 0.442077 0.125657
4467 0.704761 0.270648 0.024591
19534 0.132628 0.229101 0.638271
19873 0.565831 0.145893 0.288276
11248 0.201339 0.264366 0.534295
20326 0.238325 0.169727 0.591948
8293 0.104773 0.358273 0.536954
4427 0.643002 0.342272 0.014726
8005 0.062465 0.651709 0.285826
21301 0.172393 0.634103 0.193504
19811 0.081464 0.012638 0.905898
23924 0.255877 0.410262 0.333862
12106 0.735875 0.180110 0.084015
12697 0.580485 0.096495 0.323020
24041 0.165894 0.616130 0.217975
24030 0.167373 0.387574 0.445053
12187 0.433783 0.554449 0.011768
12676 0.235266 0.032673 0.732060
23334 0.438627 0.417699 0.143675
7757 0.053537 0.571286 0.375176
11349 0.117548 0.534414 0.348037
24332 0.767167 0.000000 0.232833
24331 0.195897 0.146177 0.657926
11379 0.136648 0.089453 0.773899
24335 0.073161 0.067831 0.859008
24328 0.734837 0.169367 0.095796
7109 0.451890 0.084113 0.463997
25071 0.133665 0.193536 0.672799
6622 0.508216 0.127495 0.364289
25404 0.000000 0.298959 0.701041
11648 0.522550 0.336858 0.140591
25101 0.359241 0.518983 0.121776
25415 0.740293 0.099142 0.160565
24454 0.131146 0.079761 0.789092
25289 0.410510 0.433704 0.155786
7650 0.001155 0.905471 0.093374
25788 0.441143 0.400528 0.158328
7502 0.256010 0.131217 0.612773
7467 0.309349 0.662207 0.028443
24562 0.000000 0.318513 0.681487
25391 0.386521 0.380653 0.232827
11691 0.462349 0.404420 0.133231
22882 0.043562 0.663552 0.292886
22884 0.296889 0.528084 0.175028
25426 0.676473 0.237791 0.085735
11650 0.007740 0.954397 0.037863
11651 0.369837 0.630163 0.000000
25403 0.175752 0.406401 0.417847
25494 0.139285 0.158858 0.701857
24999 0.125927 0.289517 0.584556
11697 0.894306 0.050131 0.055564
6486 0.224198 0.092533 0.683269
24996 0.446926 0.173273 0.379801
24372 0.206432 0.555871 0.237697
24403 0.451015 0.204445 0.344540
11658 0.205938 0.388367 0.405694
25175 0.075983 0.249289 0.674728
12785 0.745633 0.143620 0.110747
22886 0.456804 0.044116 0.499080
21503 0.769654 0.095327 0.135020
22925 0.165820 0.111169 0.723011
22926 0.382841 0.214958 0.402200
4221 0.076055 0.658559 0.265387
12836 0.349153 0.401802 0.249044
4002 0.268025 0.000850 0.731125
21759 0.049829 0.442495 0.507676
4241 0.067468 0.796706 0.135826
8386 0.386286 0.571022 0.042693
24048 0.520730 0.381972 0.097298
12773 0.030329 0.299598 0.670073
23333 0.167306 0.136407 0.696288
12739 0.395872 0.602191 0.001938
12767 0.330360 0.051140 0.618500
12700 0.602203 0.043765 0.354032
12723 0.547925 0.028911 0.423163
23864 0.054072 0.204197 0.741731
12750 0.505995 0.316550 0.177455
24044 0.644131 0.149405 0.206464
11318 0.360577 0.348852 0.290571
11517 0.234223 0.099327 0.666450
20818 0.372186 0.278133 0.349680
9001 0.039313 0.246269 0.714418
22881 0.416878 0.555710 0.027413
9006 0.409203 0.072060 0.518736
21504 0.161099 0.792956 0.045946
12392 0.617412 0.085683 0.296904
24234 0.117599 0.399260 0.483142
12796 0.222069 0.145287 0.632643
20910 0.142933 0.838554 0.018513
21422 0.514644 0.255201 0.230155
12850 0.694398 0.277922 0.027680
23896 0.106783 0.345883 0.547334
8463 0.207388 0.093058 0.699554
8468 0.000000 0.589575 0.410425
22888 0.186996 0.594271 0.218733
4303 0.528204 0.078702 0.393094
20873 0.000000 0.111342 0.888658
4003 0.150323 0.241313 0.608364
12818 0.310445 0.431224 0.258330
22902 0.488810 0.309534 0.201656
23018 0.361858 0.341288 0.296854
24373 0.165134 0.429552 0.405314
24941 0.819236 0.091213 0.089551
24995 0.712639 0.073096 0.214265
25166 0.197328 0.689260 0.113412
6610 1.000000 0.000000 0.000000
25391 0.194857 0.263520 0.541623
25391 0.041064 0.887209 0.071727
25524 0.021639 0.170409 0.807953
6333 0.016316 0.665461 0.318223
7538 0.246408 0.009866 0.743726
12013 0.037408 0.097610 0.864982
24343 0.662845 0.308849 0.028307
21519 0.664750 0.033220 0.302030
12834 0.000000 0.051295 0.948705
22869 0.349820 0.537494 0.112686
11999 0.510129 0.012271 0.477600
11997 0.690475 0.146009 0.163516
11993 0.773370 0.045840 0.180790
6679 0.324745 0.611827 0.063428
25455 0.275705 0.250566 0.473729
11647 0.119688 0.879849 0.000463
24166 0.314965 0.677334 0.007701
4226 0.038198 0.737865 0.223938
21498 0.052657 0.726064 0.221279
12858 0.228369 0.738816 0.032815
25251 0.214650 0.056183 0.729167
20252 0.417908 0.084600 0.497492
6753 0.000000 0.000000 1.000000
12126 0.478288 0.369080 0.152632
4226 0.843709 0.110907 0.045383
8760 0.071595 0.505646 0.422758
22181 0.051617 0.137143 0.811240
8755 0.708510 0.153397 0.138093
8651 0.482940 0.193939 0.323121
20652 0.426374 0.012167 0.561459
8724 0.269601 0.000000 0.730399
20616 0.099315 0.664274 0.236411
8656 0.134447 0.563538 0.302015
23495 0.239384 0.148614 0.612002
22158 0.052191 0.190340 0.757469
8661 0.783109 0.021040 0.195852
20648 0.334166 0.359921 0.305913
20647 0.175225 0.260587 0.564188
8675 0.223735 0.056495 0.719770
21893 0.106948 0.721112 0.171940
8723 0.383341 0.222218 0.394441
19939 0.097482 0.519868 0.382651
8737 0.454314 0.421462 0.124224
20314 0.384104 0.606019 0.009877
6804 0.602507 0.104451 0.293042
8893 0.181629 0.761204 0.057167
20744 0.743004 0.128765 0.128231
8882 0.753203 0.053594 0.193204
8891 0.514905 0.161220 0.323876
20789 0.098967 0.403084 0.497949
6804 0.173284 0.692877 0.133839
8906 0.521063 0.309725 0.169212
20756 0.774383 0.178976 0.046640
20746 0.382421 0.413765 0.203814
20746 0.084139 0.617131 0.298730
19654 0.432505 0.067223 0.500272
20771 0.480553 0.159665 0.359782
8384 0.474330 0.160671 0.364999
8905 0.907319 0.044992 0.047688
9428 0.605571 0.134855 0.259573
19654 0.118639 0.392274 0.489087
19654 0.087597 0.501729 0.410674
20756 0.792221 0.169436 0.038343
20630 0.754797 0.028554 0.216649
8869 0.210717 0.789283 0.000000
22977 0.789123 0.038387 0.172490
20730 0.567601 0.262260 0.170139
8945 0.014429 0.912647 0.072924
20731 0.058064 0.074486 0.867450
11290 0.270985 0.583835 0.145179
12517 0.489278 0.302585 0.208137
22702 0.066939 0.861578 0.071484
20734 0.248625 0.393381 0.357993
8397 0.898547 0.101453 0.000000
19658 0.295350 0.476387 0.228263
19672 0.113964 0.626590 0.259446
3137 0.076147 0.392743 0.531110
24974 0.137947 0.615830 0.246223
25499 0.399205 0.102899 0.497896
25408 0.324689 0.256657 0.418655
11804 0.448384 0.551616 0.000000
24409 0.065391 0.796311 0.138299
6618 0.011165 0.457065 0.531770
11724 0.324894 0.151759 0.523347
25310 0.100995 0.330567 0.568437
12815 0.161279 0.273283 0.565438
4109 0.000000 0.741869 0.258131
21511 0.243608 0.537029 0.219363
21773 0.125334 0.174142 0.700524
8957 0.421027 0.000000 0.578973
9028 0.366764 0.142404 0.490832
12694 0.780398 0.042044 0.177559
12692 0.086751 0.263657 0.649593
9116 0.541290 0.310617 0.148093
23016 0.241085 0.312364 0.446552
4110 0.099436 0.582332 0.318231
22931 0.178377 0.772448 0.049174
22868 0.190799 0.242782 0.566418
23015 0.070316 0.708976 0.220708
9126 0.264094 0.071121 0.664784
12687 0.141848 0.753627 0.104525
23944 0.290009 0.222635 0.487356
9123 1.000000 0.000000 0.000000
24259 0.108877 0.462233 0.428890
12154 0.629592 0.026728 0.343680
9054 0.544858 0.062931 0.392211
9056 0.586655 0.315403 0.097942
9122 1.000000 0.000000 0.000000
12153 0.041639 0.240862 0.717499
23892 0.501786 0.311564 0.186650
8994 0.179884 0.723176 0.096941
20335 0.656780 0.222554 0.120666
22896 0.583071 0.352950 0.063979
20897 0.119213 0.099154 0.781634
21769 0.345317 0.274058 0.380625
21760 0.706567 0.286490 0.006943
20877 0.184451 0.645304 0.170245
12146 0.538260 0.313041 0.148698
20334 0.007461 0.785715 0.206825
21490 0.326650 0.197523 0.475827
4211 1.000000 0.000000 0.000000
21732 0.319646 0.674995 0.005360
21749 0.300042 0.638545 0.061414
21515 0.134290 0.654386 0.211324
23961 0.585397 0.315179 0.099424
12811 0.525932 0.054575 0.419493
12159 0.837195 0.107121 0.055684
9129 0.054386 0.093380 0.852234
12138 0.118957 0.702317 0.178726
20859 0.111174 0.173346 0.715480
12255 0.310015 0.171356 0.518629
12153 0.128492 0.066980 0.804528
24256 0.067066 0.735194 0.197740
20842 0.000000 0.458586 0.541414
9123 0.263020 0.393953 0.343027
12109 0.473532 0.070332 0.456136
12255 0.479465 0.146946 0.373590
4293 0.138238 0.755945 0.105818
12824 0.234626 0.308647 0.456727
21488 0.027843 0.301930 0.670227
23012 0.050535 0.449523 0.499942
12702 0.097697 0.499170 0.403133
12189 0.358015 0.137569 0.504416
9047 0.031746 0.725257 0.242997
8956 0.143470 0.586140 0.270390
12113 0.022867 0.081867 0.895267
9034 0.056038 0.065841 0.878122
12191 0.085299 0.803998 0.110703
23010 0.187867 0.152189 0.659944
4256 0.097677 0.497965 0.404358
22932 0.088653 0.314031 0.597316
25092 0.758561 0.107430 0.134009
25091 0.741126 0.172568 0.086306
12840 0.133658 0.185381 0.680961
12841 0.213199 0.339926 0.446875
22852 0.847427 0.038562 0.114010
12843 0.270971 0.406127 0.322902
4295 0.295375 0.257493 0.447131
21501 0.288469 0.081939 0.629592
4228 0.226907 0.634478 0.138615
8055 0.168896 0.258633 0.572471
23556 0.171969 0.146375 0.681657
10152 0.042859 0.563091 0.394050
12323 0.522115 0.079680 0.398205
9153 0.037223 0.723536 0.239241
23761 0.115162 0.333580 0.551258
21872 0.043135 0.201572 0.755294
21873 0.561609 0.327713 0.110677
8056 0.101899 0.417802 0.480299
8625 0.080256 0.836703 0.083041
23515 0.255789 0.660673 0.083538
21002 0.656515 0.109976 0.233509
20949 0.242383 0.634037 0.123581
9453 0.678035 0.225180 0.096785
22840 0.314318 0.284178 0.401504
23788 0.307237 0.085126 0.607636
12321 0.064774 0.248843 0.686382
10155 0.829886 0.124266 0.045848
10119 0.456123 0.197015 0.346862
8057 0.186913 0.374952 0.438135
19679 0.223346 0.397949 0.378705
8827 0.125354 0.249729 0.624917
19643 0.298127 0.398882 0.302992
11500 0.425517 0.150927 0.423556
19666 0.623048 0.225579 0.151373
9466 0.000000 0.252202 0.747798
23505 0.690600 0.295749 0.013651
10106 0.140260 0.753459 0.106280
23470 0.087060 0.685922 0.227018
8763 0.547961 0.382589 0.069450
9464 0.196245 0.764785 0.038970
10190 0.474874 0.245662 0.279464
10179 0.167228 0.467418 0.365354
10168 0.039710 0.409982 0.550308
22030 0.927929 0.054800 0.017271
12452 0.484302 0.039402 0.476296
19927 0.612309 0.273781 0.113910
8623 0.012817 0.269684 0.717499
9080 0.608942 0.336879 0.054179
10021 0.538781 0.053078 0.408141
22837 0.808052 0.034659 0.157289
23792 0.665047 0.302380 0.032573
22838 0.485940 0.311288 0.202772
20360 0.583691 0.271272 0.145037
20359 0.578361 0.303079 0.118561
20359 0.080501 0.247628 0.671871
20360 0.809206 0.107010 0.083784
6784 0.182815 0.612600 0.204585
6460 0.247639 0.093750 0.658612
3402 0.002520 0.722828 0.274652
23817 0.420450 0.199764 0.379786
23824 0.224997 0.291629 0.483374
23820 0.180265 0.576426 0.243310
23576 0.135593 0.087762 0.776645
20583 0.132490 0.043665 0.823845
12313 0.066099 0.425261 0.508639
3330 0.452130 0.274298 0.273572
10193 0.539918 0.018461 0.441621
3400 0.241204 0.673790 0.085005
10053 0.642178 0.108198 0.249624
6738 0.457777 0.252400 0.289823
3341 0.057411 0.113752 0.828837
20601 0.127246 0.050865 0.821889
3335 0.171523 0.418831 0.409645
3336 0.222152 0.070829 0.707019
3348 0.323011 0.106785 0.570204
22384 0.942740 0.031646 0.025614
8577 0.677109 0.144715 0.178175
10041 0.291756 0.393575 0.314669
8600 0.066559 0.264656 0.668785
8599 0.022592 0.635778 0.341630
3334 0.691017 0.241179 0.067805
3373 0.170983 0.359667 0.469350
20448 0.515466 0.178919 0.305615
22354 0.798182 0.198401 0.003417
6776 0.168158 0.302626 0.529215
12351 0.025364 0.545019 0.429617
23638 0.524207 0.073378 0.402416
6464 0.531510 0.245557 0.222933
22348 0.336065 0.350172 0.313764
23637 0.248150 0.066093 0.685758
12808 0.069245 0.526481 0.404274
24034 0.111995 0.052769 0.835237
21479 0.551914 0.267799 0.180288
12810 0.915586 0.032908 0.051506
12257 0.097313 0.623315 0.279372
12255 0.812970 0.178720 0.008311
20848 0.033614 0.803969 0.162417
24241 0.714277 0.253058 0.032665
12254 0.355885 0.288345 0.355770
12112 0.502443 0.263249 0.234308
24256 0.064203 0.361583 0.574214
9130 0.211733 0.539618 0.248649
24256 0.140133 0.779824 0.080043
25248 0.504675 0.474673 0.020652
25083 0.253916 0.527495 0.218588
24622 0.840928 0.025051 0.134021
7615 0.593019 0.306305 0.100676
25314 0.336238 0.495548 0.168214
25528 0.157533 0.360849 0.481618
22890 0.120441 0.785031 0.094528
25282 0.106060 0.124180 0.769760
11643 0.225140 0.692548 0.082312
25172 0.033877 0.788695 0.177428
11683 0.168503 0.051900 0.779597
11806 0.795500 0.185501 0.018999
25161 0.172134 0.114884 0.712982
25143 0.061225 0.005203 0.933572
25144 0.764144 0.113413 0.122444
11838 0.256238 0.247198 0.496563
11674 0.505245 0.077097 0.417658
11676 0.057192 0.271245 0.671563
25150 0.397099 0.302814 0.300087
11673 0.068629 0.704567 0.226804
11676 0.678307 0.031724 0.289969
7293 0.488284 0.247728 0.263988
12455 0.101806 0.703279 0.194915
3372 0.705403 0.292679 0.001918
12485 0.176983 0.479779 0.343238
7052 0.195137 0.090985 0.713878
22424 0.556700 0.394403 0.048897
3362 0.114865 0.438639 0.446496
20260 0.069394 0.034724 0.895882
20261 0.381954 0.617994 0.000052
20523 0.452388 0.437993 0.109619
20524 0.292967 0.410057 0.296975
20274 0.037900 0.436857 0.525244
22356 0.401613 0.098776 0.499611
7061 0.340159 0.001164 0.658677
3329 0.424481 0.140993 0.434526
24704 0.201288 0.085218 0.713494
6460 0.000000 0.943576 0.056424
20291 0.549476 0.398671 0.051852
20293 0.048675 0.370863 0.580462
20253 0.079455 0.190011 0.730534
3331 0.328906 0.197098 0.473997
7029 0.764196 0.033058 0.202745
6684 0.753436 0.081648 0.164916
20259 0.249684 0.207379 0.542937
12410 0.187676 0.249636 0.562688
6912 0.779385 0.117877 0.102739
7075 0.511537 0.077133 0.411330
3433 0.165033 0.394394 0.440573
12413 0.534670 0.153691 0.311639
12383 0.196317 0.296848 0.506834
23296 0.737170 0.131075 0.131755
7065 0.323973 0.137848 0.538179
20593 0.000000 0.006246 0.993754
20257 0.187316 0.800983 0.011701
20257 0.844713 0.108324 0.046963
20527 0.259704 0.724344 0.015952
7034 0.269672 0.588488 0.141840
20557 0.572043 0.378870 0.049086
20431 0.427442 0.305076 0.267482
3509 0.422865 0.153868 0.423267
7036 0.000000 0.181361 0.818639
7077 0.000000 0.913557 0.086443
10387 0.552688 0.261472 0.185840
23747 0.518832 0.134006 0.347161
10333 0.068701 0.590460 0.340839
22250 0.093931 0.207648 0.698421
23253 0.342513 0.053729 0.603758
23861 0.454717 0.318685 0.226598
23693 0.434750 0.056566 0.508684
24069 0.083871 0.229701 0.686428
23729 0.096267 0.223980 0.679753
23604 0.272575 0.376501 0.350925
12267 0.189064 0.397584 0.413353
22389 0.331002 0.109959 0.559039
23593 0.046695 0.713058 0.240247
3511 0.527841 0.439904 0.032255
23288 0.021723 0.810383 0.167894
4261 0.220455 0.718570 0.060975
12337 0.265141 0.426990 0.307869
4262 0.320964 0.354761 0.324275
10330 0.271986 0.583295 0.144719
11543 0.289072 0.162491 0.548437
23728 0.301462 0.630873 0.067665
12301 0.395463 0.174392 0.430145
12265 0.533228 0.002958 0.463813
23257 0.764706 0.086198 0.149097
23690 0.114724 0.709782 0.175494
11541 0.212660 0.714737 0.072603
23723 0.123650 0.020378 0.855972
3519 0.768134 0.138101 0.093765
3515 0.743629 0.071730 0.184640
12264 0.183820 0.160124 0.656056
3396 0.891530 0.091363 0.017107
10047 0.018218 0.635387 0.346395
11540 0.413539 0.295510 0.290951
10327 0.321125 0.273067 0.405809
11619 0.069889 0.315091 0.615020
10326 0.030827 0.122800 0.846373
3390 0.298923 0.645702 0.055375
12299 0.608413 0.029888 0.361699
23727 0.234549 0.135465 0.629985
23296 0.069096 0.300170 0.630734
23581 0.185981 0.136068 0.677951
22244 0.099391 0.573155 0.327453
20295 0.374528 0.384992 0.240480
20275 0.336979 0.271984 0.391037
22282 0.293369 0.353919 0.352712
12368 0.009976 0.732028 0.257996
3487 0.926009 0.045058 0.028933
6986 0.381238 0.275113 0.343649
6766 0.731069 0.268931 0.000000
3337 0.158359 0.454694 0.386947
7000 0.471883 0.261950 0.266167
3481 0.384332 0.050351 0.565317
20442 0.344968 0.490554 0.164478
22398 0.043484 0.841278 0.115238
7011 0.200917 0.406466 0.392617
20441 0.342382 0.224168 0.433450
22401 0.617391 0.174828 0.207780
11818 0.020797 0.673470 0.305733
22870 0.115751 0.065340 0.818909
21501 0.868501 0.018941 0.112559
11684 0.121066 0.630220 0.248714
11665 0.054586 0.593073 0.352341
7293 0.000000 0.116108 0.883892
21470 0.580518 0.229854 0.189628
22934 0.733340 0.266660 0.000000
25093 0.198915 0.143451 0.657634
21497 0.404204 0.222138 0.373659
4224 0.381036 0.141565 0.477399
24232 0.813442 0.025039 0.161519
12833 0.193188 0.317455 0.489357
20600 0.291609 0.449220 0.259171
7051 0.709081 0.195729 0.095190
6999 0.341990 0.617488 0.040522
22362 0.673015 0.022258 0.304727
12263 0.653194 0.136502 0.210304
21278 0.125523 0.374611 0.499866
3500 0.843651 0.023026 0.133323
22260 0.107394 0.053001 0.839605
21286 0.553491 0.344700 0.101809
21281 0.359568 0.629809 0.010623
22281 0.253834 0.357020 0.389146
11554 0.129155 0.029416 0.841428
24111 0.623436 0.083876 0.292687
8302 0.516480 0.448604 0.034917
3950 0.014045 0.198813 0.787143
8306 0.014608 0.042190 0.943202
20189 0.331015 0.358573 0.310412
19851 0.102608 0.261386 0.636007
8152 0.309475 0.625037 0.065488
20183 0.463595 0.490069 0.046336
4474 0.112369 0.887441 0.000189
4347 0.779074 0.180818 0.040108
4341 0.259971 0.075638 0.664391
8091 0.219741 0.327866 0.452393
4319 0.106627 0.473963 0.419410
20003 0.165438 0.624019 0.210543
20008 0.699767 0.204897 0.095336
4483 0.274480 0.552051 0.173470
20195 0.622713 0.319790 0.057497
21159 0.159823 0.264310 0.575867
21031 0.182611 0.640617 0.176772
8138 0.125809 0.650987 0.223204
21210 0.099453 0.274995 0.625552
20116 0.296575 0.662138 0.041287
21127 0.314448 0.062340 0.623213
4581 0.258172 0.704176 0.037652
20031 0.811321 0.165672 0.023008
4621 0.271363 0.050862 0.677774
4369 0.185247 0.171348 0.643406
9294 0.683388 0.205028 0.111584
19890 0.488662 0.380864 0.130473
21363 0.045071 0.607295 0.347635
21217 0.069270 0.624118 0.306612
4363 0.258173 0.183936 0.557891
4356 0.666414 0.063875 0.269711
8203 0.170466 0.123980 0.705554
21176 0.063892 0.932944 0.003164
4365 0.000000 0.322747 0.677253
21325 0.618748 0.171630 0.209622
21327 0.333890 0.168699 0.497411
4695 0.053126 0.633083 0.313791
4646 0.141134 0.193849 0.665017
4665 0.665628 0.253462 0.080909
8201 0.227728 0.702862 0.069410
21192 0.214204 0.164701 0.621094
21214 0.357262 0.060989 0.581749
20021 0.177002 0.100298 0.722700
21378 0.311569 0.604949 0.083482
4508 0.254918 0.539527 0.205554
4674 0.121257 0.247140 0.631603
4633 0.656106 0.207745 0.136149
4367 0.169823 0.144534 0.685643
4605 0.058689 0.887360 0.053951
21103 0.103556 0.466425 0.430019
21084 0.615298 0.089197 0.295506
4402 0.234896 0.695837 0.069267
21072 0.259245 0.225939 0.514816
8128 0.200941 0.463916 0.335143
8148 0.053166 0.608112 0.338722
20076 0.278154 0.256657 0.465189
21082 0.950673 0.015974 0.033354
21092 0.127400 0.039285 0.833316
4642 0.747256 0.150202 0.102542
9303 0.096945 0.504885 0.398170
21109 0.586288 0.099686 0.314026
21020 0.046991 0.893026 0.059983
4626 0.206407 0.558758 0.234835
7988 0.837592 0.094074 0.068334
7982 0.304353 0.465663 0.229984
19794 0.133832 0.092982 0.773187
4389 0.716417 0.098624 0.184959
19885 0.274738 0.579508 0.145753
7975 0.297054 0.408230 0.294717
19984 0.818018 0.000000 0.181982
21417 0.449986 0.244496 0.305519
4330 0.232181 0.039639 0.728180
4474 0.214688 0.509405 0.275907
21118 0.653174 0.193193 0.153633
4345 0.005672 0.265171 0.729157
21370 0.221756 0.309390 0.468855
4314 0.245811 0.125881 0.628308
21331 0.025826 0.524942 0.449232
21173 0.655991 0.272889 0.071120
4344 0.165761 0.301327 0.532912
21370 0.483733 0.386863 0.129404
19895 0.031668 0.667142 0.301190
19981 0.193872 0.569465 0.236663
4309 1.000000 0.000000 0.000000
7960 0.056366 0.239449 0.704186
21410 0.206170 0.687287 0.106543
20308 0.144843 0.247604 0.607553
20305 0.199205 0.075114 0.725682
21217 0.333608 0.099608 0.566784
21354 0.454012 0.484258 0.061730
4399 0.050535 0.690693 0.258772
19962 0.543315 0.329178 0.127507
19965 0.740581 0.167253 0.092166
7956 0.099516 0.900484 0.000000
19961 0.869055 0.000000 0.130945
4415 1.000000 0.000000 0.000000
21237 0.675899 0.221832 0.102268
7939 0.519280 0.055614 0.425106
7950 0.034697 0.911105 0.054198
19919 0.075399 0.306163 0.618438
19800 0.034211 0.665215 0.300574
21247 0.255651 0.067034 0.677315
4410 0.151530 0.529816 0.318655
7997 0.132627 0.607404 0.259969
19807 0.902081 0.043009 0.054910
19804 0.202871 0.305218 0.491911
4496 0.914907 0.071862 0.013231
21252 0.240989 0.034227 0.724784
21227 0.656611 0.181750 0.161639
21226 0.194107 0.321117 0.484776
4423 0.602475 0.297604 0.099920
21251 0.369912 0.556584 0.073504
7938 0.510425 0.271826 0.217749
7949 0.265328 0.366364 0.368308
4498 0.165906 0.619147 0.214947
21224 0.052755 0.615948 0.331297
7936 0.189182 0.083752 0.727066
19957 0.188541 0.055178 0.756281
7946 1.000000 0.000000 0.000000
4320 0.136281 0.863719 0.000000
19821 0.050676 0.005239 0.944085
4318 0.402486 0.544971 0.052543
4393 0.182340 0.140500 0.677160
4323 0.000000 0.272743 0.727257
4395 0.244758 0.104101 0.651141
21360 0.015112 0.194857 0.790031
21165 0.307439 0.522062 0.170499
19995 0.965136 0.000000 0.034864
4319 0.491836 0.368602 0.139561
21358 0.173013 0.025604 0.801383
7952 0.078456 0.773815 0.147729
21328 1.000000 0.000000 0.000000
8078 0.000000 0.418334 0.581666
