14129 0.372540 0.614151 0.013309
2114 0.559710 0.142449 0.297841
10702 0.117922 0.578996 0.303082
11152 0.894445 0.071854 0.033701
2318 0.537073 0.348423 0.114504
14559 0.453647 0.438246 0.108107
5532 0.797412 0.042910 0.159678
13590 0.845138 0.061622 0.093240
17426 0.101082 0.800805 0.098114
13499 0.318314 0.504851 0.176835
9891 0.559654 0.377712 0.062634
5505 0.779158 0.133028 0.087814
17235 0.340708 0.279933 0.379359
15783 0.114079 0.713051 0.172870
17287 0.111618 0.403062 0.485320
1628 0.536738 0.426987 0.036275
13966 0.182315 0.650202 0.167483
747 0.574654 0.276414 0.148932
4752 0.164167 0.702882 0.132952
15445 0.518699 0.363503 0.117797
2138 0.551852 0.141404 0.306744
2144 0.333629 0.255685 0.410686
2139 0.208811 0.395451 0.395738
14504 0.214450 0.414281 0.371269
1966 0.142532 0.441346 0.416122
2424 0.386787 0.384216 0.228997
10704 0.220358 0.432290 0.347352
14505 0.056407 0.859603 0.083991
3680 0.031164 0.904598 0.064237
3680 0.538636 0.203393 0.257972
1942 0.375239 0.619651 0.005110
13556 0.050096 0.235960 0.713944
14714 0.310166 0.543707 0.146126
14734 0.053794 0.857896 0.088309
13555 0.657566 0.268174 0.074260
1940 0.401565 0.592218 0.006217
2318 0.220154 0.606675 0.173171
1921 0.093255 0.649074 0.257671
14792 0.370292 0.304619 0.325088
13392 0.205008 0.457069 0.337923
8072 0.188492 0.770205 0.041303
13392 0.628463 0.107906 0.263631
10934 0.189863 0.416505 0.393632
10923 0.016796 0.350093 0.633111
14585 0.037292 0.063958 0.898750
11015 0.152673 0.137899 0.709428
10919 0.165663 0.361870 0.472467
13511 0.494526 0.291432 0.214042
13283 0.121767 0.853514 0.024718
15972 0.423312 0.514089 0.062598
5553 0.270030 0.066935 0.663034
15164 0.784996 0.166949 0.048055
15165 0.871161 0.093474 0.035364
15119 0.621539 0.287208 0.091253
16314 0.398983 0.376103 0.224914
1705 0.181124 0.146015 0.672861
1954 0.279228 0.096771 0.624001
13567 0.237555 0.117171 0.645274
13023 0.221674 0.184548 0.593778
13647 0.243127 0.276888 0.479985
4747 0.065398 0.683934 0.250668
13821 0.036858 0.729859 0.233284
1929 0.726415 0.208056 0.065529
1929 0.271677 0.034205 0.694117
1613 0.450069 0.503469 0.046462
5481 0.139227 0.133425 0.727348
13251 0.093359 0.855621 0.051020
10733 0.277766 0.239024 0.483210
17436 0.031792 0.525230 0.442978
16104 0.595648 0.258270 0.146082
17372 0.248551 0.466623 0.284827
17435 0.093847 0.059017 0.847136
14872 0.147672 0.448979 0.403349
1889 0.560435 0.099202 0.340363
10914 0.148483 0.252800 0.598717
10904 0.514904 0.400905 0.084191
9807 0.133470 0.131518 0.735012
13498 0.121816 0.285514 0.592669
13497 0.573421 0.032096 0.394483
1922 0.473466 0.331697 0.194837
15154 0.664730 0.254783 0.080487
15175 0.069894 0.254142 0.675963
12987 0.257095 0.259962 0.482943
16557 0.275227 0.599955 0.124818
6244 0.117571 0.806003 0.076426
5505 0.251106 0.714307 0.034587
10724 0.255560 0.219714 0.524725
6241 0.239064 0.571718 0.189217
10283 0.060944 0.148566 0.790489
17204 0.137812 0.656150 0.206037
15109 0.150182 0.813249 0.036569
5845 0.108606 0.541483 0.349911
5835 0.004357 0.874485 0.121158
17172 0.146159 0.808033 0.045808
15098 0.282596 0.397524 0.319880
17169 0.559384 0.340359 0.100257
17236 0.166822 0.713644 0.119534
3803 0.181382 0.588538 0.230080
10540 0.327532 0.562348 0.110120
17201 0.005921 0.550152 0.443927
17591 0.037402 0.364993 0.597605
3792 0.582656 0.164134 0.253210
17247 0.133820 0.102889 0.763291
17211 0.508092 0.244679 0.247229
5842 0.372207 0.358125 0.269668
17215 0.276700 0.208908 0.514392
17228 0.190542 0.717009 0.092449
3795 0.309763 0.598690 0.091546
3847 0.680345 0.038219 0.281435
3847 0.282172 0.409169 0.308659
17298 0.377276 0.080297 0.542427
16317 0.175893 0.085390 0.738718
17287 0.341195 0.181293 0.477512
5978 0.280692 0.503030 0.216278
10947 0.794936 0.061279 0.143785
14512 0.772545 0.168611 0.058844
13577 0.655024 0.111349 0.233627
1630 0.037064 0.332910 0.630025
14533 0.873459 0.072441 0.054100
13580 0.200334 0.216125 0.583542
749 0.512091 0.483399 0.004509
750 0.366002 0.489388 0.144610
13966 0.443651 0.382829 0.173520
10292 0.122532 0.546346 0.331123
10291 0.071778 0.579735 0.348487
10292 0.543608 0.253135 0.203257
13962 0.748464 0.196370 0.055166
13962 0.482324 0.468125 0.049551
747 0.245797 0.425519 0.328684
747 0.167164 0.789083 0.043752
10524 0.260323 0.151661 0.588016
747 1.000000 0.000000 0.000000
4750 0.332533 0.460960 0.206508
4753 0.007904 0.467175 0.524921
15989 0.655219 0.083136 0.261645
10729 0.244701 0.665476 0.089823
6008 0.477022 0.152130 0.370848
13237 0.414045 0.502964 0.082991
2742 0.098642 0.161395 0.739963
1782 0.027293 0.444932 0.527775
4702 0.567363 0.199248 0.233390
10776 0.308083 0.072758 0.619159
13072 0.721129 0.053679 0.225192
1764 0.250326 0.063416 0.686258
1765 0.862893 0.089760 0.047347
9624 0.146060 0.644081 0.209859
15439 0.229089 0.710100 0.060811
15438 0.379478 0.546624 0.073898
15437 0.416440 0.361889 0.221671
10772 0.246710 0.462857 0.290433
9595 0.155916 0.285448 0.558636
15424 0.387017 0.578355 0.034627
1790 0.164745 0.667815 0.167440
16638 0.585495 0.030934 0.383571
15310 0.484250 0.448949 0.066801
15315 0.044408 0.081622 0.873970
9656 0.025220 0.586716 0.388064
16639 0.722011 0.256046 0.021942
2583 0.413846 0.311093 0.275061
2180 0.629115 0.363404 0.007481
15460 0.683038 0.142992 0.173970
13391 0.108620 0.180001 0.711380
15279 0.296064 0.415138 0.288798
13401 0.494838 0.341289 0.163874
13346 0.314979 0.627032 0.057989
13344 0.279289 0.261345 0.459366
10957 0.240326 0.004134 0.755540
9877 0.251604 0.556319 0.192078
1728 0.615461 0.208131 0.176407
13017 0.172165 0.530677 0.297157
9832 0.360648 0.579203 0.060149
9842 0.055099 0.121850 0.823050
1722 0.843291 0.131814 0.024895
13624 0.103075 0.771978 0.124947
13621 0.233923 0.522459 0.243618
14554 0.413243 0.467774 0.118983
13491 0.414750 0.251556 0.333694
13359 0.402286 0.062856 0.534858
10400 0.066636 0.577924 0.355440
13350 0.704502 0.193912 0.101585
14560 0.028240 0.583008 0.388752
13353 0.027244 0.931119 0.041637
14859 0.045321 0.361996 0.592684
10916 0.252109 0.744967 0.002924
1668 0.073119 0.926881 0.000000
11007 0.186272 0.736404 0.077324
1667 0.355553 0.415084 0.229363
15271 0.260215 0.398585 0.341200
10970 0.444380 0.431211 0.124409
13376 0.358119 0.437458 0.204423
14846 0.214911 0.030503 0.754586
2222 0.348693 0.623790 0.027517
13412 0.309650 0.375803 0.314547
1579 0.312356 0.068875 0.618769
9597 0.759605 0.159998 0.080396
13398 0.455776 0.129779 0.414445
13397 0.707675 0.049869 0.242455
21257 0.001896 0.768231 0.229873
8101 0.087951 0.887688 0.024361
8101 0.755376 0.237084 0.007540
4333 0.707454 0.284636 0.007911
8100 0.784934 0.205936 0.009130
8073 0.425211 0.555064 0.019726
8073 0.879391 0.067790 0.052819
13821 0.075406 0.272852 0.651743
13806 0.030773 0.874837 0.094390
14794 0.080527 0.556156 0.363318
16556 0.610931 0.278710 0.110359
15133 0.229352 0.263969 0.506679
15130 0.506935 0.112643 0.380422
15132 0.487527 0.348217 0.164256
4706 0.257680 0.059358 0.682962
15198 0.871593 0.086558 0.041849
10413 0.114511 0.596449 0.289041
15961 0.273952 0.678825 0.047224
2553 0.643089 0.147603 0.209307
1855 0.040786 0.120170 0.839044
10475 0.203930 0.622568 0.173502
13052 0.120787 0.016740 0.862473
10750 0.972785 0.009607 0.017608
1834 0.952927 0.033454 0.013619
13055 0.073673 0.384338 0.541989
3065 0.074620 0.689651 0.235729
10428 0.445176 0.294329 0.260494
2802 0.329948 0.650769 0.019283
13096 0.320970 0.389502 0.289529
13152 0.095816 0.314504 0.589680
14284 0.785537 0.017844 0.196619
2083 0.048346 0.152213 0.799441
3030 0.074932 0.838855 0.086213
13148 0.059014 0.267206 0.673781
3103 0.480077 0.387047 0.132876
14248 0.821133 0.052453 0.126414
14280 0.270579 0.680409 0.049012
15644 0.264667 0.608567 0.126766
2957 0.831311 0.024564 0.144125
14127 0.295694 0.143470 0.560836
3023 0.150175 0.113326 0.736500
14115 0.219467 0.651207 0.129326
14229 0.192389 0.420646 0.386966
14118 0.438351 0.328629 0.233020
3085 0.342826 0.073478 0.583695
15417 0.557275 0.199173 0.243552
2145 0.009381 0.817503 0.173116
14123 0.103286 0.363069 0.533645
2146 0.271065 0.636273 0.092662
16988 0.326559 0.632675 0.040766
15524 0.747986 0.099773 0.152241
15524 0.044333 0.157242 0.798425
3611 0.073989 0.180842 0.745168
17043 0.189811 0.426315 0.383874
16973 0.649509 0.295920 0.054571
5986 0.277880 0.559235 0.162885
2014 0.354424 0.097948 0.547628
2050 0.037877 0.569711 0.392411
15559 0.449597 0.133998 0.416406
15529 0.545898 0.358337 0.095765
17279 0.716138 0.248849 0.035013
16289 0.365574 0.388113 0.246313
17278 0.404312 0.564023 0.031666
3719 1.000000 0.000000 0.000000
15528 0.175677 0.664936 0.159387
17302 0.497016 0.173186 0.329799
17280 0.511091 0.024506 0.464403
2047 0.047297 0.328427 0.624275
15556 0.665165 0.160897 0.173938
3861 0.093648 0.503055 0.403297
2494 0.066370 0.288289 0.645341
14467 0.192534 0.186225 0.621241
14490 0.154751 0.065222 0.780027
2364 0.736347 0.221310 0.042342
14187 0.215667 0.732783 0.051550
14466 0.113494 0.621523 0.264983
2438 0.399480 0.459703 0.140817
14489 0.202076 0.637643 0.160281
2364 0.093178 0.010625 0.896197
2388 0.616315 0.156423 0.227262
2437 0.218851 0.423471 0.357678
14488 0.583430 0.015143 0.401426
10701 0.724221 0.048511 0.227268
3672 0.490703 0.439253 0.070043
2436 0.163032 0.650558 0.186409
2362 0.080029 0.756462 0.163509
10698 0.492092 0.306043 0.201865
2444 0.328090 0.589644 0.082266
15331 0.041700 0.692941 0.265359
15351 0.222804 0.055382 0.721815
14448 0.206455 0.526338 0.267207
14433 0.306191 0.014361 0.679448
2497 0.638142 0.224752 0.137105
17017 0.856828 0.118563 0.024610
10671 0.108370 0.309764 0.581867
2522 0.085072 0.657317 0.257611
15344 0.326779 0.606344 0.066878
14442 0.122957 0.743979 0.133063
14444 0.716118 0.041148 0.242734
14172 0.078629 0.425215 0.496156
15346 0.315086 0.355661 0.329253
2512 0.110249 0.872576 0.017174
17110 0.053768 0.128435 0.817797
14442 0.202559 0.045150 0.752291
16531 0.110156 0.457987 0.431857
3673 0.086157 0.890537 0.023306
3673 0.820729 0.147690 0.031581
3589 0.603121 0.350261 0.046618
17019 0.104180 0.338087 0.557733
6190 0.078819 0.731491 0.189690
3674 0.074747 0.817449 0.107804
3590 0.191316 0.489727 0.318957
15612 0.542280 0.254890 0.202829
15575 0.629172 0.036740 0.334088
6191 0.702728 0.139078 0.158194
16517 0.103197 0.427863 0.468941
5011 0.526799 0.136028 0.337172
15576 0.437221 0.414914 0.147865
16910 0.261315 0.712034 0.026650
16943 0.138127 0.287172 0.574701
4992 0.780857 0.094253 0.124889
2024 0.357062 0.453850 0.189089
3668 0.587605 0.241349 0.171046
2294 0.233818 0.166440 0.599742
16944 0.013868 0.956432 0.029700
15531 0.002612 0.839199 0.158188
16977 0.008821 0.616133 0.375045
13423 0.014744 0.361031 0.624225
2323 0.809478 0.024913 0.165609
2324 0.014775 0.791170 0.194055
2324 0.780669 0.038051 0.181280
3621 0.516551 0.290068 0.193381
2264 0.230105 0.575152 0.194742
17135 0.010891 0.094159 0.894951
3690 0.076047 0.306505 0.617448
2345 0.334895 0.061358 0.603747
17124 0.390271 0.369357 0.240372
15591 0.382787 0.076358 0.540854
15599 0.821401 0.068173 0.110426
2344 0.238958 0.428119 0.332924
3711 0.548968 0.116259 0.334774
15590 0.653370 0.170513 0.176116
2328 0.181463 0.457387 0.361150
2329 0.268968 0.100734 0.630297
3710 0.458935 0.429236 0.111829
2327 0.790696 0.092155 0.117149
2327 0.148206 0.718616 0.133177
5692 0.513070 0.314013 0.172917
5693 0.557756 0.043527 0.398717
15589 0.105382 0.251435 0.643183
2327 0.089217 0.008954 0.901828
17636 0.064913 0.573451 0.361636
15623 0.024174 0.224665 0.751161
15623 0.776584 0.131865 0.091552
2326 0.024480 0.334359 0.641161
5691 0.332498 0.014546 0.652956
15622 0.322594 0.314911 0.362496
2260 0.027195 0.254385 0.718421
2260 0.123996 0.846456 0.029549
5690 0.296978 0.372262 0.330760
15621 0.361958 0.344804 0.293239
3881 0.018539 0.279682 0.701779
17318 0.529612 0.262547 0.207841
3877 0.656172 0.181593 0.162235
2259 0.040616 0.348990 0.610394
3881 0.059312 0.787799 0.152889
3889 0.223465 0.645908 0.130627
15831 0.476103 0.454771 0.069126
11124 0.516131 0.201619 0.282250
15913 0.119107 0.490188 0.390705
17329 0.099129 0.717759 0.183112
14054 0.490081 0.119074 0.390845
15839 0.598818 0.283558 0.117624
730 0.396144 0.449566 0.154290
13761 0.125410 0.575449 0.299141
444 0.662913 0.138256 0.198831
11053 0.767859 0.064441 0.167700
14095 0.779596 0.093502 0.126902
14096 0.377594 0.110539 0.511867
446 0.333233 0.176316 0.490451
15833 0.316776 0.089201 0.594023
14094 0.030230 0.015191 0.954580
14094 0.604877 0.013729 0.381395
481 0.317844 0.348009 0.334147
15832 0.407609 0.023567 0.568824
14094 0.098330 0.826086 0.075584
480 0.305775 0.417719 0.276506
14074 0.239557 0.541800 0.218643
14074 0.113628 0.059759 0.826613
15834 0.230253 0.590477 0.179270
15835 0.009635 0.323543 0.666822
15835 0.533740 0.011481 0.454779
11069 0.036448 0.688480 0.275072
463 0.668286 0.178716 0.152998
11048 0.000000 0.328311 0.671689
11059 0.690622 0.294119 0.015259
11059 0.313741 0.391075 0.295185
11059 0.068192 0.193265 0.738543
15845 0.559134 0.379333 0.061533
15847 0.145748 0.391666 0.462586
15847 0.602447 0.005196 0.392356
15846 0.022173 0.255914 0.721912
541 0.321957 0.071858 0.606184
13755 0.317942 0.071667 0.610391
11060 0.271677 0.459422 0.268900
406 0.248143 0.138308 0.613549
14018 0.206338 0.422021 0.371641
14018 0.257544 0.027229 0.715227
541 0.254188 0.630312 0.115501
406 0.443247 0.518967 0.037785
14018 0.761040 0.121665 0.117295
15919 0.275001 0.282058 0.442941
11029 0.159790 0.021528 0.818683
11029 0.498012 0.312366 0.189622
15918 0.760257 0.158414 0.081329
11027 0.411532 0.537116 0.051352
13939 0.755162 0.157620 0.087218
724 0.059519 0.380322 0.560159
407 0.399080 0.244963 0.355956
13902 0.011424 0.168507 0.820068
13902 0.638568 0.148770 0.212662
17327 0.286055 0.276764 0.437181
11038 0.412108 0.296327 0.291565
13898 0.548149 0.189814 0.262037
16464 0.511012 0.019855 0.469133
11037 0.414813 0.537296 0.047890
11036 0.335845 0.205896 0.458260
557 0.183905 0.285655 0.530439
409 0.064813 0.680057 0.255130
3884 0.248523 0.614467 0.137009
17093 0.549772 0.342912 0.107317
3655 0.180332 0.806786 0.012883
11107 0.102892 0.494097 0.403011
474 0.137730 0.041973 0.820297
17094 0.349026 0.327700 0.323274
17094 0.017473 0.765036 0.217491
472 0.051408 0.689009 0.259583
15898 0.066618 0.685157 0.248225
13934 0.361118 0.087031 0.551851
11097 0.776004 0.115758 0.108238
14086 0.585539 0.014037 0.400424
716 0.512628 0.482014 0.005358
471 0.560451 0.320710 0.118839
15895 0.119878 0.793619 0.086503
14084 0.828185 0.113830 0.057985
13931 0.095866 0.833981 0.070154
469 1.000000 0.000000 0.000000
762 0.094294 0.091682 0.814025
13978 0.052508 0.097533 0.849959
14083 0.129253 0.158498 0.712249
14083 0.065148 0.882448 0.052403
761 0.204841 0.187272 0.607887
11041 0.621632 0.103719 0.274649
11095 0.763298 0.090250 0.146451
11100 0.297958 0.363799 0.338243
15900 0.542039 0.357995 0.099965
15773 0.399031 0.540588 0.060381
5707 0.293216 0.463508 0.243276
11119 0.502693 0.365070 0.132237
760 0.153938 0.536860 0.309202
5708 0.380432 0.419816 0.199752
11086 0.639550 0.236971 0.123478
17075 0.097874 0.035912 0.866214
15739 0.024782 0.196270 0.778948
11218 0.267279 0.662513 0.070208
15774 0.019038 0.478635 0.502327
3659 0.107687 0.072562 0.819751
3659 0.182923 0.717122 0.099955
10532 0.030793 0.817361 0.151845
14774 0.156020 0.554122 0.289857
14781 0.245887 0.752947 0.001167
11220 0.332759 0.616011 0.051230
14769 0.342004 0.404188 0.253808
14764 0.379243 0.251327 0.369430
14771 0.274647 0.533079 0.192274
11210 0.542807 0.444670 0.012523
14772 0.394380 0.332557 0.273063
17082 0.653416 0.316039 0.030545
14766 0.363463 0.501671 0.134866
3658 0.005317 0.223092 0.771590
17097 0.175362 0.309791 0.514846
17081 0.134924 0.672696 0.192380
5070 0.004349 0.071195 0.924456
5069 0.041549 0.246397 0.712054
3658 0.724086 0.178464 0.097450
4698 0.360639 0.496028 0.143334
5070 0.007586 0.783499 0.208915
5070 0.659957 0.103180 0.236863
16896 0.066960 0.316589 0.616451
5746 0.470490 0.101592 0.427918
5071 0.066166 0.436692 0.497142
16846 0.428051 0.329191 0.242758
17314 0.582776 0.225901 0.191323
17220 0.237585 0.249561 0.512853
16794 0.813791 0.147950 0.038259
5072 0.284367 0.610853 0.104780
3890 0.761225 0.150234 0.088541
3890 0.204198 0.721972 0.073829
3887 0.191239 0.401877 0.406883
5072 0.201166 0.049602 0.749232
17351 0.266945 0.284156 0.448899
3890 0.222444 0.023743 0.753813
5711 0.285912 0.042608 0.671480
17583 0.352413 0.056333 0.591254
3788 0.361170 0.389436 0.249393
17219 0.252258 0.652959 0.094783
17582 0.298655 0.313325 0.388021
5712 0.717707 0.166085 0.116208
5711 0.306113 0.618137 0.075750
17219 0.259448 0.045959 0.694594
5712 0.124781 0.146009 0.729210
5712 0.145001 0.701854 0.153145
5050 0.198912 0.217870 0.583217
16787 0.489655 0.249557 0.260787
17581 0.256971 0.359585 0.383444
5713 0.677788 0.163449 0.158762
5062 0.250404 0.369145 0.380451
5763 0.178089 0.814653 0.007258
17634 0.021090 0.743431 0.235479
5713 0.222670 0.612789 0.164541
16786 0.632170 0.328953 0.038878
16786 0.013209 0.394592 0.592199
17633 0.353837 0.550579 0.095584
5763 0.071129 0.274587 0.654284
5063 0.128458 0.493604 0.377938
5764 0.031094 0.965078 0.003828
17633 0.353659 0.116180 0.530161
17344 0.779628 0.216747 0.003624
3905 0.366557 0.415888 0.217555
16785 0.006340 0.443961 0.549699
17632 0.356525 0.618164 0.025311
3759 0.276000 0.504584 0.219416
17191 0.157905 0.815524 0.026571
17344 0.156239 0.277579 0.566182
17631 0.641336 0.006709 0.351955
17191 0.779125 0.127943 0.092932
17191 0.159054 0.234518 0.606429
16770 0.306253 0.257857 0.435890
5046 0.743866 0.146060 0.110074
17190 0.223148 0.597344 0.179509
3758 0.560166 0.276024 0.163810
16769 0.262040 0.351355 0.386605
5047 0.810595 0.137504 0.051901
5046 0.051507 0.400390 0.548103
3757 0.767669 0.078428 0.153903
16768 0.264130 0.146845 0.589025
5047 0.002794 0.935780 0.061426
5741 0.320583 0.326207 0.353210
17076 0.363506 0.114974 0.521520
5048 0.022217 0.243211 0.734572
5048 0.183450 0.764421 0.052129
5740 0.518828 0.159972 0.321199
5757 0.307175 0.603470 0.089354
5758 0.522068 0.422652 0.055280
15076 0.036583 0.352667 0.610750
10250 0.693032 0.028670 0.278298
15078 0.138245 0.143739 0.718016
17652 0.280491 0.046495 0.673014
5757 0.085234 0.249994 0.664772
17354 0.742284 0.209759 0.047957
5756 0.058072 0.751510 0.190418
10248 0.128598 0.654090 0.217311
10253 0.402318 0.100988 0.496694
17166 0.323435 0.310713 0.365852
17651 0.772682 0.016917 0.210401
17651 0.166251 0.219036 0.614713
3734 0.525424 0.078959 0.395618
3808 0.743005 0.150528 0.106466
10258 0.198721 0.056869 0.744410
17650 0.096156 0.312355 0.591489
3733 0.358187 0.066977 0.574836
3807 0.100616 0.626684 0.272700
17210 0.155317 0.013472 0.831211
10261 0.214845 0.715745 0.069410
3732 0.181575 0.241475 0.576949
3806 0.002244 0.811032 0.186725
17240 0.104784 0.051014 0.844202
3813 0.465785 0.382573 0.151642
17214 0.689132 0.048463 0.262404
17250 0.848513 0.102268 0.049219
17250 0.192665 0.152165 0.655170
17246 0.136487 0.393360 0.470153
3725 0.915931 0.053632 0.030438
3799 0.254970 0.116109 0.628920
9710 0.216569 0.182044 0.601387
3724 0.373307 0.233391 0.393302
17156 0.282216 0.066721 0.651063
3725 0.161900 0.047139 0.790961
3725 0.129076 0.739134 0.131790
14959 0.168611 0.630477 0.200912
14960 0.060434 0.234776 0.704791
9712 0.680426 0.127730 0.191844
17157 0.342172 0.546807 0.111021
14961 0.060279 0.794124 0.145597
14960 0.042778 0.751830 0.205392
9712 0.176649 0.603821 0.219530
17157 0.463734 0.096848 0.439418
18358 0.632369 0.009317 0.358314
670 0.544702 0.019511 0.435786
3800 0.729072 0.008803 0.262125
3801 0.318132 0.279894 0.401974
679 0.366200 0.293385 0.340415
15793 0.561220 0.345781 0.092998
10267 0.026356 0.555530 0.418115
17234 0.633890 0.135128 0.230981
18367 0.641646 0.137587 0.220766
10588 0.151149 0.419325 0.429526
15782 0.216963 0.159987 0.623050
15782 0.122090 0.652438 0.225472
674 0.350357 0.250925 0.398718
15789 0.528713 0.349567 0.121720
10543 0.340716 0.189959 0.469325
13966 0.601549 0.098832 0.299619
13963 0.661042 0.052902 0.286056
10288 0.157552 0.514742 0.327706
10286 0.147025 0.501796 0.351179
15070 0.860037 0.096797 0.043166
613 0.031103 0.078511 0.890386
18297 0.065385 0.696540 0.238076
15070 0.026079 0.658143 0.315779
613 0.746734 0.076568 0.176697
10264 0.626827 0.184750 0.188423
10291 0.844923 0.114020 0.041058
613 0.382108 0.523529 0.094363
751 0.057801 0.376979 0.565219
751 0.301190 0.565454 0.133356
613 0.066751 0.903545 0.029705
684 0.097192 0.154432 0.748376
685 0.345406 0.407350 0.247244
685 0.145675 0.198283 0.656042
18361 0.100480 0.026684 0.872835
18360 0.092745 0.636792 0.270463
18359 0.662669 0.164549 0.172782
632 1.000000 0.000000 0.000000
16135 0.875667 0.000244 0.124089
17168 0.408014 0.328317 0.263669
3736 0.307945 0.253579 0.438476
17709 0.018471 0.664937 0.316592
5833 0.363811 0.310359 0.325831
632 0.337768 0.174273 0.487959
17172 0.259578 0.240297 0.500126
3767 0.750257 0.230140 0.019603
17659 0.287314 0.300630 0.412056
17260 0.264796 0.692412 0.042792
3822 0.642261 0.080261 0.277478
5835 0.771980 0.065693 0.162327
3823 0.381756 0.355402 0.262843
3835 0.036145 0.558398 0.405457
17260 0.115605 0.053714 0.830681
17607 0.712126 0.131432 0.156442
17261 0.483021 0.490263 0.026716
17273 0.155667 0.824374 0.019959
100 0.927456 0.000000 0.072544
100 0.402017 0.588384 0.009599
10272 0.334064 0.376673 0.289263
10274 0.675191 0.268676 0.056133
101 0.828323 0.030267 0.141410
18174 0.004029 0.366943 0.629028
18173 0.011593 0.251655 0.736752
15104 0.142768 0.481379 0.375853
10277 0.662847 0.110660 0.226492
15106 0.008537 0.460047 0.531416
18175 0.686714 0.252112 0.061174
3764 0.018947 0.585740 0.395313
17347 0.087043 0.656832 0.256125
3908 0.213079 0.500157 0.286764
17195 0.013346 0.222255 0.764399
18173 0.046126 0.804591 0.149283
17193 0.000000 0.365361 0.634639
17271 0.056694 0.124756 0.818550
18294 0.384063 0.113271 0.502666
17271 0.106078 0.676894 0.217028
17259 0.083075 0.465315 0.451610
18354 0.167087 0.437079 0.395834
610 0.076459 0.485716 0.437825
18291 0.584875 0.265165 0.149960
738 0.758062 0.112349 0.129590
13959 0.648957 0.217891 0.133152
13958 0.334779 0.224630 0.440591
755 0.290089 0.085961 0.623950
13958 0.196523 0.680284 0.123192
745 0.389664 0.589377 0.020959
13957 0.082371 0.129153 0.788475
13957 0.935703 0.060235 0.004062
18298 0.039136 0.063515 0.897349
743 0.554673 0.397779 0.047548
18299 0.413733 0.446220 0.140046
13968 0.269315 0.436254 0.294431
615 0.730910 0.034250 0.234840
13968 0.646717 0.250635 0.102648
14943 0.310473 0.595473 0.094054
752 0.855137 0.113912 0.030950
15727 0.178945 0.211065 0.609991
10285 0.369067 0.571512 0.059422
15069 0.441174 0.375618 0.183207
13965 0.173170 0.234865 0.591965
10285 0.102245 0.282884 0.614871
14948 0.282006 0.387714 0.330280
13962 0.150635 0.834958 0.014407
749 0.203316 0.374984 0.421699
13962 0.172322 0.063602 0.764076
13963 0.196533 0.433981 0.369486
14948 0.713603 0.015195 0.271202
14947 0.137173 0.588527 0.274299
9987 0.337745 0.639572 0.022684
14947 0.329023 0.215678 0.455300
13961 0.111152 0.648375 0.240473
10266 0.496219 0.292718 0.211063
10267 0.919485 0.016957 0.063558
9933 0.216915 0.422769 0.360317
670 0.002030 0.409047 0.588923
10267 0.437231 0.194567 0.368202
9714 0.200870 0.495634 0.303496
15792 0.314817 0.197033 0.488150
17231 0.587369 0.115572 0.297060
17232 0.388651 0.059387 0.551962
17229 0.847162 0.089985 0.062854
3797 0.042834 0.283567 0.673599
17230 0.342916 0.259170 0.397914
10268 0.049586 0.189108 0.761306
15087 0.245089 0.211636 0.543275
10262 0.275665 0.567554 0.156782
3782 1.000000 0.000000 0.000000
3809 0.084427 0.841353 0.074220
17242 0.564024 0.083940 0.352036
3769 0.558553 0.020033 0.421414
10281 0.758855 0.047915 0.193230
10281 0.175398 0.762878 0.061724
10281 0.209957 0.152556 0.637487
15024 0.321817 0.480421 0.197763
17653 0.368802 0.618882 0.012316
17248 0.341005 0.149123 0.509871
17654 0.408425 0.295343 0.296232
5759 0.780223 0.187963 0.031814
5759 0.139479 0.275193 0.585329
5759 0.180542 0.798090 0.021368
5742 0.262102 0.076485 0.661414
5760 0.667598 0.313405 0.018997
17077 0.358614 0.280555 0.360832
5045 0.070968 0.043262 0.885769
5743 0.273741 0.067203 0.659055
5045 0.072544 0.567910 0.359546
16792 0.354826 0.260423 0.384751
5045 0.059429 0.911801 0.028769
5045 0.738561 0.043650 0.217788
17344 0.142287 0.704225 0.153488
5060 0.200236 0.056705 0.743060
3760 0.113561 0.745037 0.141402
3760 0.000437 0.215522 0.784041
3760 0.557791 0.287071 0.155138
17192 0.221672 0.583074 0.195254
5762 0.341369 0.313109 0.345521
17192 0.232249 0.075175 0.692576
17634 0.671946 0.144555 0.183499
17634 0.056140 0.212626 0.731235
5761 0.501380 0.193638 0.304982
17656 0.100330 0.612877 0.286794
5041 0.346341 0.201227 0.452433
17620 0.848594 0.058784 0.092621
16788 0.585223 0.000929 0.413847
17583 0.955559 0.033307 0.011134
5042 0.326986 0.064935 0.608079
5699 0.618226 0.361009 0.020765
17569 0.376231 0.386063 0.237706
16775 0.020703 0.765691 0.213606
5700 0.223294 0.204843 0.571863
3523 0.152563 0.059596 0.787840
17568 0.510140 0.164204 0.325656
3523 0.079881 0.745460 0.174659
3523 0.701459 0.192501 0.106041
17567 0.021673 0.651626 0.326702
17312 0.565519 0.409632 0.024849
16847 0.345117 0.240963 0.413920
14770 0.401750 0.077239 0.521011
11209 0.473218 0.514320 0.012462
11206 0.430907 0.417931 0.151161
11204 0.081770 0.619394 0.298835
14765 0.432046 0.133239 0.434715
11207 0.344329 0.342645 0.313026
16919 0.000790 0.718783 0.280427
17083 0.724209 0.167232 0.108559
14773 0.417843 0.095048 0.487109
4696 0.020627 0.753004 0.226368
11212 0.075874 0.386302 0.537824
15739 0.800407 0.131522 0.068070
11083 0.306723 0.185858 0.507419
15903 0.228602 0.645446 0.125952
15755 0.027407 0.601904 0.370689
15740 0.257806 0.421355 0.320839
17601 0.064773 0.382884 0.552343
5706 0.684754 0.255139 0.060107
17600 0.092332 0.214732 0.692936
5705 0.832104 0.144311 0.023586
11084 0.882650 0.049501 0.067848
15905 0.006752 0.017099 0.976149
11113 0.948839 0.031456 0.019705
15888 0.636851 0.140917 0.222232
763 0.888602 0.075679 0.035719
14044 0.477653 0.187038 0.335309
14088 0.189859 0.145196 0.664946
14045 0.318740 0.386562 0.294698
14089 0.351515 0.195681 0.452803
13935 0.637477 0.119438 0.243085
15891 0.662156 0.207169 0.130675
15891 0.004844 0.028563 0.966593
587 0.045255 0.202944 0.751802
14036 0.308102 0.118445 0.573453
13985 0.588918 0.116504 0.294578
11103 0.338483 0.060449 0.601068
710 0.797113 0.170697 0.032190
13925 0.056291 0.514703 0.429006
411 0.070019 0.484286 0.445695
561 0.402198 0.000036 0.597766
13752 0.376890 0.532089 0.091021
13753 0.060224 0.933749 0.006027
548 0.024928 0.764686 0.210386
539 0.403874 0.043891 0.552236
13753 0.295066 0.099770 0.605164
539 0.735509 0.186165 0.078326
13754 0.267300 0.541126 0.191575
541 0.702571 0.255660 0.041769
540 0.299390 0.352631 0.347978
404 0.049000 0.891073 0.059926
14057 0.347402 0.306715 0.345883
404 0.091914 0.508962 0.399124
445 0.689004 0.028247 0.282749
15845 0.201683 0.414191 0.384126
14055 0.013627 0.297909 0.688464
11058 0.496075 0.430447 0.073479
462 0.000000 0.740709 0.259291
11058 0.365523 0.187530 0.446947
462 0.399235 0.291578 0.309187
14073 0.148168 0.546744 0.305088
14073 0.758175 0.029552 0.212273
13747 0.111789 0.208648 0.679564
482 0.195881 0.113394 0.690724
14052 0.208007 0.655014 0.136979
482 0.043478 0.753814 0.202708
482 0.795555 0.178671 0.025774
729 0.222222 0.022780 0.754999
728 0.226133 0.023989 0.749878
17069 0.056160 0.375359 0.568481
3642 0.031281 0.810821 0.157898
3642 0.865366 0.060915 0.073719
11198 0.361114 0.574777 0.064110
15853 0.273915 0.115599 0.610487
11198 0.188902 0.002277 0.808822
17313 0.100596 0.483955 0.415450
11195 0.016194 0.409087 0.574718
17317 0.357596 0.618990 0.023414
2262 0.240200 0.474353 0.285447
3873 0.264702 0.347862 0.387437
2272 0.326714 0.131086 0.542200
15601 0.544831 0.065449 0.389721
15600 0.246277 0.565578 0.188145
5694 0.016835 0.287131 0.696034
17638 0.343622 0.356351 0.300026
2295 0.876023 0.019919 0.104058
2295 0.250027 0.607694 0.142279
3695 0.600646 0.238480 0.160874
15608 0.029076 0.831570 0.139354
17134 0.013118 0.505807 0.481076
15599 0.003989 0.192853 0.803158
15598 0.509990 0.179797 0.310213
3696 0.242966 0.579942 0.177092
2323 0.016807 0.807182 0.176011
15606 0.308342 0.619650 0.072008
16491 0.388279 0.115175 0.496546
6212 0.053116 0.339131 0.607753
3675 0.310636 0.506581 0.182783
15592 0.043510 0.302583 0.653907
2330 0.703809 0.201092 0.095098
15593 0.077768 0.025980 0.896252
15593 0.973174 0.017800 0.009026
5009 0.023310 0.139928 0.836762
2331 0.250795 0.649866 0.099339
16909 0.229766 0.221217 0.549017
2286 0.170267 0.395622 0.434112
16908 0.372531 0.506097 0.121372
15561 0.397224 0.422716 0.180060
17018 0.297101 0.217306 0.485592
15546 0.217764 0.308918 0.473318
16448 0.582799 0.028758 0.388443
6195 0.074707 0.279850 0.645442
15545 0.800846 0.083727 0.115427
15347 0.456567 0.394903 0.148530
14170 0.245975 0.551630 0.202395
10661 0.139561 0.679762 0.180677
15369 0.603531 0.258557 0.137912
15332 0.040941 0.584469 0.374590
14169 0.615237 0.185514 0.199250
17016 0.362996 0.083275 0.553729
2374 0.048387 0.253063 0.698550
17015 0.163366 0.078051 0.758584
2375 0.047739 0.558494 0.393767
2370 0.071488 0.644203 0.284308
14452 0.810522 0.087123 0.102354
14485 0.855552 0.069072 0.075377
14485 0.093218 0.087514 0.819268
15551 0.754858 0.076312 0.168830
3671 0.135415 0.559920 0.304665
2361 0.158447 0.341460 0.500094
2012 0.179757 0.186291 0.633952
15555 0.306133 0.687508 0.006359
2440 0.760955 0.081345 0.157700
15680 0.704496 0.061113 0.234391
1963 0.767543 0.196435 0.036021
1961 0.631751 0.212269 0.155981
14469 0.734825 0.206439 0.058736
3718 0.520937 0.120315 0.358747
5986 0.033385 0.021560 0.945055
2365 0.123340 0.521025 0.355634
15709 0.303063 0.648001 0.048936
3574 0.347135 0.565463 0.087402
16311 0.672856 0.191440 0.135704
17293 0.005243 0.697700 0.297057
3854 0.507010 0.086396 0.406594
3614 0.088510 0.721476 0.190014
2467 0.001349 0.686453 0.312198
2460 0.016132 0.134936 0.848932
14151 0.337035 0.444939 0.218026
14184 0.180125 0.468495 0.351380
2458 0.045355 0.348338 0.606306
2452 0.252526 0.094467 0.653007
2624 0.262346 0.430155 0.307499
2624 0.153780 0.198299 0.647922
13850 0.017524 0.907378 0.075098
13141 0.360740 0.109178 0.530083
13142 0.243810 0.234442 0.521748
3123 0.050985 0.299631 0.649384
10706 0.134385 0.267693 0.597922
3125 0.080438 0.287744 0.631818
13145 0.166364 0.601667 0.231969
13854 0.168852 0.673503 0.157645
3054 0.348676 0.130918 0.520406
2634 0.260573 0.726794 0.012633
2633 0.178729 0.449638 0.371633
2632 0.090567 0.359640 0.549794
2637 0.069629 0.468585 0.461786
13852 0.738182 0.052408 0.209409
2638 0.453683 0.392025 0.154292
2559 0.253909 0.527393 0.218698
2621 0.132173 0.575193 0.292634
2631 0.056687 0.601147 0.342166
2629 0.112855 0.317626 0.569519
2841 0.387009 0.044130 0.568862
2625 0.336965 0.439742 0.223294
2934 0.317582 0.317349 0.365069
2622 0.295462 0.467468 0.237070
2628 0.293895 0.690429 0.015676
13894 0.275757 0.678809 0.045435
12917 0.349427 0.451903 0.198670
11137 0.386061 0.108762 0.505177
2619 0.380531 0.216625 0.402844
2554 0.375561 0.598298 0.026141
13808 0.182373 0.676964 0.140663
2558 0.293896 0.298351 0.407752
2620 0.273425 0.707087 0.019488
13886 0.281119 0.702270 0.016611
2561 0.301332 0.613470 0.085199
2561 0.300672 0.076886 0.622442
10630 0.213429 0.040105 0.746467
15515 0.279126 0.023092 0.697782
2590 0.289886 0.018592 0.691522
2892 0.291921 0.198701 0.509378
2923 0.413192 0.018043 0.568765
2187 0.431059 0.200788 0.368154
13236 0.732550 0.216178 0.051272
13033 0.889884 0.092543 0.017573
13033 0.144970 0.097105 0.757925
2186 0.065181 0.628921 0.305898
2857 0.017848 0.381403 0.600749
2858 0.105069 0.256228 0.638703
13875 0.177089 0.405782 0.417129
12971 0.257141 0.533151 0.209708
16003 0.301852 0.619071 0.079077
2551 0.269076 0.014919 0.716005
13815 0.238084 0.030573 0.731342
13811 0.183265 0.243372 0.573363
13812 0.142430 0.331240 0.526329
13814 0.141972 0.295429 0.562600
15471 0.608848 0.024256 0.366897
13075 0.200330 0.076236 0.723435
5001 0.148009 0.100408 0.751583
16798 0.806283 0.097266 0.096451
13071 0.277049 0.118919 0.604032
13035 0.287843 0.003714 0.708443
1784 0.230927 0.604296 0.164777
16941 0.109657 0.194852 0.695492
10635 0.195468 0.662910 0.141622
10634 0.225457 0.564018 0.210526
15287 0.123233 0.343369 0.533399
4902 0.206784 0.179448 0.613768
16840 0.287171 0.310227 0.402602
4900 0.038278 0.630188 0.331534
4901 0.017530 0.618724 0.363746
16836 0.447850 0.012835 0.539315
4894 0.239317 0.355841 0.404842
16810 0.460913 0.046185 0.492902
4895 0.528583 0.370503 0.100914
4910 0.046096 0.637313 0.316591
16831 0.372758 0.001338 0.625904
15436 0.599225 0.211969 0.188806
4934 0.007378 0.779401 0.213221
10710 0.174394 0.076858 0.748748
15311 0.439997 0.099516 0.460487
1794 0.193722 0.036387 0.769891
1796 0.288129 0.168355 0.543515
4746 0.000000 0.731255 0.268745
9655 0.029867 0.553006 0.417128
13595 0.074575 0.326527 0.598898
9965 0.012424 0.172061 0.815515
4715 0.434322 0.364212 0.201466
4714 0.016387 0.427301 0.556312
4791 0.289058 0.267545 0.443396
2568 0.547910 0.229740 0.222350
1645 0.473401 0.422227 0.104372
13657 0.043931 0.312172 0.643897
15278 0.106767 0.768600 0.124633
15277 0.274547 0.580180 0.145273
13021 0.632288 0.064061 0.303651
13019 0.369176 0.264760 0.366064
1919 0.061020 0.321740 0.617240
13347 0.044468 0.832035 0.123497
14522 0.298590 0.233974 0.467436
1916 0.054797 0.483789 0.461414
13619 0.599378 0.139255 0.261367
13662 0.143793 0.041157 0.815049
10960 0.301413 0.470159 0.228428
14518 0.714018 0.062718 0.223264
9868 0.012874 0.898440 0.088686
14675 0.133183 0.114902 0.751916
14677 0.092213 0.027102 0.880685
9834 0.203475 0.768482 0.028044
1880 0.200438 0.408711 0.390851
1914 0.276048 0.119335 0.604617
1868 0.676385 0.192558 0.131057
13636 0.645667 0.117454 0.236879
14540 0.231442 0.511382 0.257176
14608 0.416367 0.187176 0.396457
10930 0.310362 0.153045 0.536593
10993 0.381273 0.006963 0.611764
10940 0.223860 0.444732 0.331407
14603 0.210788 0.541058 0.248155
10951 0.162239 0.594716 0.243044
9850 0.421079 0.430200 0.148721
10929 0.127312 0.685223 0.187465
14602 0.144068 0.409425 0.446507
10927 0.086895 0.808715 0.104390
14601 0.075999 0.324733 0.599268
10949 0.054409 0.912481 0.033110
14513 0.002156 0.693984 0.303860
10937 0.065595 0.894394 0.040012
1918 0.071321 0.762472 0.166207
10942 0.191989 0.028654 0.779357
14562 0.070211 0.748070 0.181720
14598 0.305386 0.572211 0.122403
13287 0.497469 0.136438 0.366093
14557 0.340042 0.261796 0.398161
14578 0.074456 0.194976 0.730567
14597 0.379893 0.015999 0.604108
13340 0.814683 0.073903 0.111414
1953 0.153681 0.267905 0.578414
1680 0.350542 0.390875 0.258583
10995 0.185227 0.302893 0.511880
14567 0.595998 0.175580 0.228422
1952 0.193812 0.416349 0.389838
13383 0.438218 0.302930 0.258853
13563 0.064706 0.670434 0.264860
15298 0.037223 0.656168 0.306609
13562 0.146020 0.161651 0.692328
14854 0.487184 0.093702 0.419114
10978 0.236401 0.529941 0.233658
14847 0.359044 0.216639 0.424317
13456 0.000000 0.455757 0.544243
2237 0.061488 0.296367 0.642144
10873 0.312915 0.207322 0.479763
2221 0.431301 0.170514 0.398185
14746 0.193747 0.212464 0.593789
14731 0.473328 0.323807 0.202865
14748 0.329679 0.255281 0.415040
14733 0.298908 0.035904 0.665188
14726 0.068511 0.058147 0.873342
1948 0.449943 0.549714 0.000343
1946 0.347565 0.124002 0.528433
11135 0.186163 0.430940 0.382897
14762 0.237528 0.105389 0.657084
2250 0.028141 0.647079 0.324780
11151 0.349838 0.578835 0.071327
10879 0.164268 0.674961 0.160771
13395 0.025141 0.784451 0.190408
11150 0.603491 0.358277 0.038232
14760 0.028318 0.298854 0.672828
2251 0.198938 0.652193 0.148869
13552 0.104450 0.362780 0.532770
14888 0.235407 0.111947 0.652646
1646 0.168990 0.802846 0.028164
1941 0.382998 0.016300 0.600702
14869 0.852988 0.091889 0.055122
14876 0.025248 0.892188 0.082564
13648 0.137673 0.459460 0.402866
1939 0.405778 0.268794 0.325429
1938 0.114555 0.295994 0.589451
1933 0.142476 0.689189 0.168335
14874 0.032650 0.385363 0.581987
13025 0.265921 0.253577 0.480502
1578 0.414355 0.419842 0.165803
1935 0.296780 0.081577 0.621644
1888 0.159406 0.582064 0.258530
13670 0.110938 0.848079 0.040982
1890 0.186194 0.578168 0.235639
14611 0.376538 0.219226 0.404237
9810 0.132095 0.504457 0.363447
13496 0.357093 0.284470 0.358437
1884 0.328858 0.639779 0.031363
14877 0.242622 0.321605 0.435772
10865 0.352493 0.577209 0.070298
13615 0.497806 0.406413 0.095781
10897 0.106032 0.190400 0.703568
10898 0.315957 0.526651 0.157392
1599 0.015581 0.818091 0.166328
13602 0.252497 0.417053 0.330450
13603 0.326945 0.032602 0.640453
1611 0.191987 0.806452 0.001561
13607 0.399322 0.150965 0.449713
13608 0.394103 0.055969 0.549928
13609 0.317825 0.154540 0.527635
1610 0.245197 0.067308 0.687495
14703 0.129688 0.523611 0.346701
1708 0.179273 0.648674 0.172052
1609 0.046798 0.711062 0.242141
14629 0.710562 0.083677 0.205761
1710 0.442372 0.307632 0.249996
14701 0.150088 0.303597 0.546314
13493 0.674081 0.116677 0.209242
9790 0.671628 0.240668 0.087704
14627 0.215087 0.716661 0.068252
14700 0.568698 0.070027 0.361275
9858 0.536685 0.163878 0.299437
14706 0.193375 0.347219 0.459406
14626 0.142293 0.275150 0.582557
1631 0.488802 0.031643 0.479555
14538 0.506050 0.465846 0.028104
1870 0.192283 0.454203 0.353513
13583 0.155807 0.776732 0.067461
14609 0.163511 0.830772 0.005717
1866 0.081384 0.434823 0.483792
14544 0.698673 0.007175 0.294152
13575 0.744320 0.231946 0.023734
13574 0.738711 0.052673 0.208615
1861 0.682904 0.050154 0.266942
13572 0.773443 0.105959 0.120599
10950 0.596908 0.169540 0.233551
9847 1.000000 0.000000 0.000000
1869 0.500147 0.299211 0.200642
1881 0.781093 0.109510 0.109397
13569 0.638687 0.137256 0.224056
1883 0.013733 0.652486 0.333780
10954 0.075426 0.704857 0.219717
10998 0.147258 0.312803 0.539939
13542 0.140491 0.350854 0.508655
14586 0.451320 0.396964 0.151715
10918 0.681913 0.257581 0.060505
14575 0.605198 0.300373 0.094429
14576 0.157089 0.793121 0.049790
13528 0.424630 0.362257 0.213112
14579 0.371131 0.186513 0.442356
1616 0.401163 0.298902 0.299935
14572 0.361861 0.384059 0.254080
15239 0.353452 0.419530 0.227019
1574 0.499650 0.334593 0.165756
14525 0.331925 0.122399 0.545676
1897 0.214175 0.713165 0.072660
9591 0.236297 0.059599 0.704104
10921 0.000000 0.545471 0.454529
9863 0.117788 0.522961 0.359251
9867 0.274874 0.121800 0.603325
10858 0.215503 0.743557 0.040940
13481 0.142120 0.575915 0.281965
2248 0.760500 0.239500 0.000000
13449 0.000000 0.046549 0.953451
10817 0.784597 0.118206 0.097197
13290 0.387046 0.255905 0.357049
13331 0.519407 0.464094 0.016499
11156 0.108058 0.276591 0.615351
10825 0.163701 0.334470 0.501830
11160 0.456028 0.063287 0.480685
13692 0.200793 0.231961 0.567246
14723 0.579612 0.130445 0.289943
13504 0.410798 0.255202 0.334000
1947 0.593080 0.273145 0.133774
14734 0.946780 0.005937 0.047283
13667 0.159510 0.313319 0.527171
13503 0.294603 0.424701 0.280696
14736 0.237018 0.368133 0.394849
14896 0.470060 0.105666 0.424274
10885 0.777453 0.156269 0.066279
13668 0.234858 0.418564 0.346579
14758 0.375147 0.064381 0.560472
2210 0.003443 0.908112 0.088445
14903 0.602705 0.363506 0.033789
2225 0.177483 0.202167 0.620350
14879 0.584708 0.144293 0.270999
13319 0.786243 0.172193 0.041564
14895 0.505507 0.312940 0.181553
13520 0.257714 0.449778 0.292507
13675 0.090793 0.237006 0.672202
2224 0.284462 0.031508 0.684030
13322 0.149635 0.715891 0.134474
14623 0.528184 0.377126 0.094691
13645 0.199434 0.620657 0.179909
9800 0.170485 0.386190 0.443324
9798 0.156889 0.816728 0.026383
14621 0.188111 0.772656 0.039233
9787 0.273040 0.333076 0.393884
1655 0.527965 0.109026 0.363010
14619 0.587633 0.183334 0.229032
14687 0.057203 0.150780 0.792017
14695 0.294906 0.613685 0.091410
9821 0.546225 0.351391 0.102384
10966 0.268784 0.553693 0.177524
13593 0.238324 0.441235 0.320441
1658 0.029383 0.560331 0.410286
10946 0.549984 0.159817 0.290199
1635 0.490156 0.039503 0.470342
13535 0.626872 0.269082 0.104046
1625 0.547226 0.150882 0.301892
1626 0.683836 0.060307 0.255857
10945 0.399349 0.315879 0.284772
1623 0.647701 0.259024 0.093275
1622 0.234642 0.028583 0.736775
13540 0.022616 0.204047 0.773337
