24272 0.129767 0.724516 0.145717
24269 0.234967 0.388279 0.376754
3893 0.193902 0.287786 0.518312
3877 0.080192 0.081290 0.838518
3827 0.064303 0.710267 0.225430
24555 0.500443 0.120839 0.378717
24523 0.663941 0.086269 0.249789
3672 0.863639 0.002020 0.134341
24486 0.176177 0.035033 0.788791
19104 0.128141 0.093474 0.778386
24489 0.114214 0.776842 0.108944
24485 0.091845 0.350252 0.557904
24481 0.108754 0.010228 0.881018
24474 0.132864 0.839695 0.027441
3692 0.110190 0.062010 0.827800
3668 0.166398 0.062397 0.771204
3644 0.239217 0.032252 0.728532
3648 0.313831 0.133232 0.552936
24499 0.393257 0.390468 0.216275
4049 0.176366 0.293843 0.529791
24341 0.414319 0.037408 0.548274
24345 0.192553 0.223308 0.584139
4066 0.444092 0.270482 0.285426
24299 0.308696 0.142677 0.548628
4419 0.052808 0.000485 0.946707
4415 0.190424 0.015890 0.793685
4411 0.230381 0.071009 0.698609
4434 0.168946 0.091494 0.739560
4346 0.082639 0.124535 0.792826
4342 0.038160 0.310221 0.651619
16153 0.473237 0.410262 0.116500
23827 0.265483 0.153095 0.581422
3989 0.063483 0.002395 0.934121
24174 0.058432 0.313913 0.627654
14836 0.015558 0.582346 0.402096
24394 0.031767 0.596958 0.371274
24398 0.112776 0.133212 0.754013
24402 0.170890 0.066859 0.762251
24115 0.207467 0.228057 0.564476
24119 0.159573 0.042023 0.798404
4014 0.107643 0.040934 0.851423
3868 0.450604 0.300257 0.249139
3721 0.633980 0.100615 0.265405
3717 0.374776 0.523843 0.101381
3713 0.075363 0.924216 0.000422
849 0.048453 0.190056 0.761492
18567 0.621551 0.119689 0.258761
552 0.368772 0.313984 0.317244
2789 0.111955 0.105563 0.782482
2801 0.045767 0.215505 0.738728
19091 0.686573 0.215082 0.098346
2834 0.756535 0.035471 0.207994
2830 0.296292 0.061643 0.642065
2833 0.536086 0.343623 0.120291
19021 0.248513 0.658739 0.092748
19029 0.050987 0.063919 0.885094
25383 0.429043 0.152382 0.418575
25387 0.981073 0.017799 0.001128
6423 0.389580 0.372038 0.238382
25397 0.172921 0.709746 0.117332
4358 0.161695 0.537879 0.300426
23807 0.330053 0.332641 0.337306
4378 0.152725 0.153250 0.694025
4518 0.535150 0.320678 0.144173
11805 0.186989 0.381483 0.431527
25401 0.061807 0.262931 0.675263
4456 0.163561 0.452967 0.383472
4454 0.096586 0.791575 0.111839
23707 0.935604 0.058256 0.006141
3862 0.292422 0.620189 0.087389
3838 0.612443 0.297522 0.090035
4443 0.129049 0.810558 0.060393
23710 0.027782 0.184906 0.787312
23673 0.748253 0.126894 0.124853
6374 0.105019 0.555300 0.339681
25389 0.001627 0.120120 0.878254
3656 0.348915 0.355477 0.295608
3655 0.218025 0.656207 0.125768
24352 0.447779 0.398763 0.153459
3696 0.412040 0.086720 0.501240
3657 0.539957 0.207839 0.252205
24514 0.152861 0.204774 0.642365
4381 0.375212 0.551452 0.073335
3824 0.220416 0.010540 0.769044
3819 0.131745 0.041914 0.826341
3815 0.133436 0.008530 0.858033
24551 0.074340 0.047145 0.878515
3678 0.606819 0.359934 0.033247
24528 0.008399 0.783759 0.207843
3857 0.003131 0.162928 0.833941
24533 0.098949 0.179794 0.721258
3753 0.001261 0.570894 0.427845
24361 0.327894 0.105277 0.566829
24377 0.177247 0.168079 0.654675
3850 0.032549 0.150406 0.817045
3846 0.319368 0.269803 0.410830
24381 0.545499 0.405807 0.048694
24384 0.676926 0.193765 0.129309
3768 0.445127 0.523453 0.031420
24457 0.126024 0.061763 0.812213
4386 0.026643 0.149574 0.823784
57 0.115092 0.729070 0.155837
24534 0.379851 0.457691 0.162458
24362 0.152329 0.780740 0.066931
24353 0.106943 0.101748 0.791310
24380 0.050777 0.676788 0.272435
23704 0.066530 0.913556 0.019915
3804 0.469076 0.068802 0.462122
24354 0.013085 0.715854 0.271060
23787 0.763710 0.222121 0.014169
6427 0.205310 0.503240 0.291450
3787 0.350772 0.449469 0.199759
24440 0.331715 0.308945 0.359340
24443 0.570524 0.247848 0.181628
24035 0.311541 0.189617 0.498842
4126 0.023919 0.832914 0.143166
24108 0.094416 0.905409 0.000176
20001 0.003098 0.021924 0.974979
23824 0.289938 0.270656 0.439406
4333 0.740892 0.198811 0.060297
23808 0.079817 0.085866 0.834317
23890 0.371567 0.281136 0.347297
23891 0.283861 0.339976 0.376163
4506 0.296649 0.027163 0.676188
4544 0.032940 0.048541 0.918519
4541 0.802860 0.065613 0.131527
23850 0.187941 0.731902 0.080157
4535 0.177404 0.023800 0.798796
4531 0.037525 0.000527 0.961948
4421 0.882248 0.016548 0.101204
4426 0.822238 0.108341 0.069421
24411 0.108592 0.186135 0.705273
22919 0.730598 0.209521 0.059881
4349 0.661352 0.202162 0.136486
25462 0.060255 0.586328 0.353418
6572 0.325743 0.165859 0.508398
6520 0.443710 0.490254 0.066036
25348 0.118106 0.278502 0.603392
25400 0.091222 0.884689 0.024089
6404 0.695854 0.112366 0.191780
25431 0.600182 0.341619 0.058199
24750 0.475914 0.122962 0.401123
23872 0.800035 0.174931 0.025033
4514 0.089969 0.605898 0.304133
23880 0.155956 0.424260 0.419784
4505 0.579470 0.123765 0.296765
24645 0.018716 0.449905 0.531379
24661 0.098514 0.377354 0.524132
24653 0.295572 0.267795 0.436633
24785 0.027366 0.753984 0.218650
24714 0.453503 0.385548 0.160948
4538 0.186457 0.804962 0.008580
4534 0.033168 0.961428 0.005405
4529 0.843880 0.020056 0.136064
4525 0.749455 0.025400 0.225145
4548 0.557027 0.236142 0.206831
23711 0.000904 0.036955 0.962141
23714 0.086632 0.293152 0.620216
23718 0.061596 0.615363 0.323041
25416 0.862370 0.116683 0.020947
25421 0.006532 0.313491 0.679977
25425 0.497793 0.051417 0.450790
25403 0.878640 0.107264 0.014095
23801 0.117650 0.785263 0.097087
4363 0.631390 0.327512 0.041097
23802 0.615662 0.039321 0.345018
4168 0.611172 0.200849 0.187979
23771 0.011394 0.875994 0.112612
23513 0.065705 0.131798 0.802497
4164 0.186422 0.493345 0.320232
4205 0.352911 0.093338 0.553751
23777 0.893050 0.036977 0.069974
4110 0.242333 0.416321 0.341347
24054 0.114085 0.878143 0.007771
25206 0.067977 0.604644 0.327379
24046 0.079035 0.705463 0.215502
4118 0.577943 0.325511 0.096546
24041 0.460717 0.144017 0.395266
4173 0.078571 0.059942 0.861487
4174 0.349896 0.602557 0.047546
4321 0.611294 0.312989 0.075718
23693 0.823772 0.067011 0.109217
23688 0.127927 0.821986 0.050088
23734 0.340498 0.561258 0.098244
4195 0.171769 0.350312 0.477919
23743 0.029848 0.737370 0.232782
4187 0.031668 0.005023 0.963309
24013 0.221994 0.287972 0.490034
4097 0.414494 0.182067 0.403439
4101 0.226861 0.769079 0.004060
4104 0.033549 0.020469 0.945983
24072 0.502121 0.271712 0.226167
4313 0.251805 0.115643 0.632552
727 0.114984 0.640176 0.244840
18505 0.734037 0.246248 0.019715
18500 0.418582 0.340127 0.241291
795 0.581674 0.366370 0.051957
876 0.679611 0.262701 0.057688
18474 0.024183 0.074187 0.901630
18611 0.225773 0.426016 0.348211
18472 0.060428 0.216596 0.722976
748 0.336415 0.317597 0.345988
764 0.124217 0.622039 0.253744
756 0.175361 0.715233 0.109406
181 0.213763 0.669464 0.116773
177 0.107442 0.820352 0.072206
19662 0.083905 0.000000 0.916095
197 0.184499 0.564665 0.250836
44 0.220065 0.124442 0.655493
19654 0.867617 0.023788 0.108595
7 0.796641 0.042871 0.160488
8 0.161182 0.077722 0.761096
19961 0.718867 0.126027 0.155106
19940 0.660391 0.236626 0.102983
19976 0.537902 0.180703 0.281396
19992 0.784120 0.057509 0.158371
347 0.909143 0.086671 0.004186
363 0.881196 0.116027 0.002778
4231 0.007040 0.018515 0.974446
4284 0.037423 0.816340 0.146237
4287 0.667347 0.012135 0.320518
24097 0.152680 0.723655 0.123665
4271 0.066920 0.233775 0.699305
4267 0.310078 0.072230 0.617692
18513 0.425350 0.230951 0.343699
24030 0.416754 0.209212 0.374034
24085 0.370884 0.272978 0.356138
24088 0.637276 0.318845 0.043879
4265 0.389288 0.606851 0.003861
23909 0.085467 0.870960 0.043573
23932 0.267637 0.009388 0.722975
23938 0.712592 0.182120 0.105288
4220 0.605540 0.343318 0.051143
23918 0.245559 0.699580 0.054861
23921 0.437658 0.137067 0.425275
23899 0.126853 0.346735 0.526413
23905 0.924580 0.018097 0.057323
23988 0.088705 0.411224 0.500071
6666 0.232186 0.105702 0.662112
24002 0.592456 0.081416 0.326128
23953 0.049474 0.642429 0.308097
23982 0.012963 0.794984 0.192053
23955 0.098927 0.320175 0.580898
6699 0.191151 0.070247 0.738602
23969 0.426248 0.116661 0.457092
6661 0.092698 0.129423 0.777879
6668 0.426994 0.441935 0.131071
6709 0.824137 0.099746 0.076116
25185 0.053205 0.819557 0.127238
25188 0.151484 0.191820 0.656696
23974 0.613104 0.139366 0.247530
23976 0.548120 0.375067 0.076813
24578 0.670906 0.059225 0.269869
6619 0.149509 0.687738 0.162753
6616 0.630171 0.341511 0.028319
6610 0.758120 0.215582 0.026298
25195 0.136311 0.345473 0.518216
25199 0.373502 0.076999 0.549499
6652 0.069576 0.615603 0.314821
6649 0.324807 0.589747 0.085446
6643 0.655237 0.335764 0.008999
6642 0.686120 0.260780 0.053099
25166 0.091876 0.059572 0.848552
6628 0.079774 0.334788 0.585438
6801 0.266460 0.452019 0.281521
6793 0.748747 0.148285 0.102968
25242 0.948614 0.015056 0.036330
6779 0.123264 0.060030 0.816707
6824 0.281980 0.142469 0.575551
6774 0.295203 0.468959 0.235838
25259 0.141705 0.042286 0.816009
25227 0.108723 0.322871 0.568406
6722 0.497913 0.216343 0.285744
6749 0.364254 0.613805 0.021941
6732 0.842465 0.140340 0.017195
27 0.804370 0.193118 0.002512
19963 0.139246 0.113444 0.747310
25058 0.553933 0.417410 0.028657
6742 0.714249 0.098726 0.187025
6540 0.426301 0.549006 0.024693
6449 0.339056 0.629354 0.031589
6445 0.744945 0.083966 0.171089
25101 0.429498 0.217507 0.352995
19775 0.219069 0.413647 0.367284
709 0.715104 0.122113 0.162783
684 0.790609 0.172333 0.037058
688 0.830091 0.116170 0.053739
792 0.083578 0.030146 0.886276
6470 0.069995 0.738758 0.191247
4814 0.051848 0.379024 0.569128
19732 0.015608 0.077774 0.906618
18888 0.783471 0.176003 0.040526
2777 0.755003 0.140957 0.104040
19849 0.810125 0.028213 0.161662
355 0.752982 0.007058 0.239961
354 0.035374 0.181294 0.783332
6594 0.348915 0.044012 0.607073
25406 0.025641 0.194858 0.779501
6394 0.016406 0.013844 0.969750
25411 0.049260 0.276610 0.674130
25442 0.642078 0.105739 0.252183
6584 0.585866 0.319349 0.094784
25451 0.047206 0.742265 0.210529
25455 0.047173 0.143957 0.808870
6566 0.022087 0.522535 0.455377
25470 0.468741 0.321399 0.209860
6556 0.423168 0.031953 0.544878
6552 0.258806 0.039347 0.701847
6548 0.038129 0.105721 0.856150
25485 0.125470 0.038038 0.836492
24804 0.152209 0.026350 0.821441
7240 0.210132 0.697358 0.092510
6509 0.135593 0.053867 0.810540
7122 0.044346 0.919273 0.036381
25373 0.089893 0.736847 0.173260
25344 0.093887 0.353065 0.553047
7144 0.058051 0.857984 0.083965
7059 0.451127 0.248889 0.299983
24760 0.451097 0.124624 0.424279
25437 0.003859 0.113488 0.882652
6507 0.658901 0.215022 0.126077
6503 0.591274 0.130446 0.278280
6499 0.229064 0.757877 0.013060
25309 0.132126 0.024306 0.843568
6488 0.345936 0.387033 0.267031
6524 0.811103 0.055675 0.133222
6528 0.556027 0.028809 0.415164
6532 0.178468 0.105083 0.716449
25267 0.112866 0.110358 0.776776
6538 0.731925 0.198900 0.069175
6511 0.292037 0.301513 0.406450
7123 0.603955 0.147955 0.248090
7127 0.233986 0.215685 0.550329
25356 0.191253 0.052008 0.756740
25352 0.058505 0.344337 0.597158
6827 0.427647 0.440098 0.132255
6711 0.253680 0.080525 0.665795
7138 0.283346 0.528060 0.188593
25323 0.605938 0.065566 0.328496
25327 0.278901 0.284049 0.437051
25331 0.046993 0.584168 0.368839
7150 0.218763 0.722300 0.058937
7145 0.067087 0.095204 0.837710
25033 0.865423 0.048255 0.086323
7078 0.638173 0.076708 0.285119
7074 0.384306 0.007457 0.608237
24732 0.117638 0.804121 0.078241
24736 0.030989 0.877202 0.091809
7060 0.006661 0.127080 0.866260
7081 0.583254 0.411541 0.005205
7107 0.295350 0.579770 0.124880
7103 0.089235 0.493143 0.417622
24698 0.230963 0.011884 0.757153
7095 0.014896 0.046515 0.938589
7089 0.038233 0.083543 0.878223
24719 0.182473 0.776202 0.041325
24696 0.021542 0.948176 0.030282
24752 0.823638 0.078909 0.097452
24777 0.587806 0.159122 0.253072
24801 0.401900 0.102843 0.495257
7236 0.257289 0.718680 0.024032
7244 0.195761 0.648703 0.155537
7247 0.359378 0.530708 0.109914
7269 0.028325 0.647698 0.323977
24759 0.098904 0.183635 0.717461
6939 0.744499 0.154057 0.101443
6841 0.706551 0.076383 0.217066
24958 0.651824 0.208564 0.139611
24954 0.517304 0.104143 0.378553
6913 0.444573 0.486314 0.069113
6917 0.462540 0.261949 0.275512
6972 0.099383 0.058399 0.842218
22465 0.070471 0.458931 0.470597
22464 0.654719 0.081706 0.263575
23350 0.113095 0.029154 0.857751
23384 0.177592 0.186477 0.635931
22703 0.077516 0.799627 0.122857
23414 0.234337 0.095243 0.670420
1192 0.521570 0.249763 0.228668
1352 0.050845 0.065488 0.883668
23266 0.107131 0.820910 0.071960
23391 0.203745 0.285831 0.510425
5793 0.016314 0.055832 0.927855
23435 0.004820 0.936414 0.058765
23431 0.036094 0.886812 0.077094
23354 0.057004 0.206714 0.736282
1141 0.631283 0.138853 0.229864
1139 0.022373 0.304456 0.673172
24622 0.503430 0.245386 0.251185
24669 0.000343 0.592178 0.407479
24665 0.079408 0.517482 0.403110
24767 0.155119 0.656299 0.188582
24771 0.205041 0.267830 0.527129
24692 0.292822 0.048277 0.658901
24610 0.268500 0.203514 0.527986
24630 0.220279 0.321995 0.457726
7174 0.104300 0.444390 0.451311
7187 0.825159 0.112491 0.062350
6933 0.000847 0.176788 0.822365
6937 0.104882 0.196098 0.699020
6896 0.340699 0.173104 0.486197
6888 0.668432 0.162786 0.168781
6891 0.737837 0.256306 0.005857
24685 0.032682 0.272054 0.695264
6895 0.184672 0.224163 0.591165
24677 0.332976 0.492717 0.174307
24673 0.095960 0.698544 0.205496
6829 0.685691 0.146910 0.167399
24969 0.082221 0.131706 0.786073
24933 0.108930 0.464323 0.426747
24596 0.777482 0.010122 0.212397
22488 0.195457 0.085429 0.719113
22500 0.267398 0.140448 0.592153
22492 0.782055 0.079315 0.138630
5895 0.973071 0.011878 0.015050
25008 0.035824 0.794286 0.169890
25012 0.016607 0.876638 0.106755
25016 0.058616 0.855382 0.086002
6155 0.904754 0.004013 0.091232
7205 0.059166 0.854034 0.086800
6876 0.050823 0.832751 0.116426
24934 0.242651 0.110379 0.646970
24937 0.588364 0.092539 0.319097
24941 0.942577 0.047776 0.009648
24987 0.038322 0.915548 0.046130
7021 0.075063 0.914126 0.010811
24995 0.007632 0.896852 0.095517
22007 0.029347 0.084497 0.886156
25023 0.000256 0.186207 0.813537
7011 0.835685 0.124699 0.039615
7006 0.632032 0.281264 0.086704
7002 0.500120 0.412807 0.087073
25004 0.773820 0.081708 0.144472
7046 0.043254 0.901315 0.055432
24856 0.043805 0.944994 0.011201
22674 0.027411 0.895733 0.076856
21974 0.106965 0.073733 0.819302
24857 0.588059 0.047213 0.364728
25002 0.044288 0.359906 0.595806
7031 0.583311 0.401250 0.015438
7027 0.344384 0.611565 0.044051
24838 0.714203 0.066604 0.219193
24842 0.800310 0.077574 0.122116
6954 0.023993 0.908336 0.067671
6949 0.008274 0.968535 0.023191
5466 0.055978 0.031793 0.912230
22602 0.085286 0.060698 0.854015
24834 0.068526 0.562698 0.368777
24809 0.010405 0.586808 0.402787
6968 0.265204 0.719757 0.015039
6992 0.198151 0.768015 0.033834
24816 0.821617 0.065601 0.112782
24832 0.830021 0.017426 0.152552
24827 0.180898 0.001521 0.817580
22470 0.114781 0.094558 0.790662
5691 0.118966 0.856247 0.024786
22419 0.943861 0.014083 0.042057
24902 0.026689 0.064808 0.908503
5736 0.026427 0.965411 0.008162
22426 0.910962 0.010642 0.078396
22431 0.906161 0.042153 0.051686
22434 0.744956 0.082321 0.172722
5720 0.780909 0.173834 0.045257
24869 0.054487 0.014545 0.930967
21982 0.041765 0.020828 0.937406
22487 0.117321 0.158756 0.723923
22528 0.053937 0.281500 0.664562
22524 0.041157 0.248998 0.709845
22520 0.031408 0.217387 0.751205
5874 0.814868 0.178381 0.006750
5878 0.913392 0.068018 0.018589
24912 0.934652 0.012137 0.053211
5772 0.032626 0.875681 0.091693
5798 0.013779 0.955312 0.030909
6163 0.014345 0.973406 0.012248
5790 0.130895 0.628110 0.240995
24880 0.063830 0.766437 0.169733
24884 0.009373 0.871420 0.119207
5783 0.070467 0.914226 0.015307
24887 0.872373 0.043144 0.084482
23668 0.827105 0.032009 0.140886
22449 0.732019 0.012252 0.255729
5705 0.088967 0.848109 0.062924
22647 0.128430 0.092237 0.779333
22356 0.113444 0.388861 0.497695
22332 0.049754 0.413856 0.536390
5831 0.019824 0.284849 0.695327
22317 0.268017 0.005573 0.726410
5856 0.657434 0.318267 0.024300
22652 0.017912 0.281498 0.700590
22507 0.080379 0.884904 0.034717
5744 0.753250 0.169130 0.077620
24593 0.631344 0.349020 0.019636
22418 0.229825 0.761054 0.009121
22334 0.168340 0.493974 0.337687
5826 0.905078 0.069241 0.025681
22499 0.084247 0.066256 0.849497
24621 0.207887 0.578182 0.213931
22681 0.727007 0.216131 0.056862
22685 0.180555 0.241952 0.577493
22689 0.152638 0.009047 0.838315
22346 0.047071 0.117139 0.835790
7184 0.353654 0.512066 0.134280
22684 0.239313 0.162203 0.598484
22688 0.148441 0.850578 0.000981
22692 0.152920 0.821455 0.025626
5469 0.138864 0.009991 0.851146
1228 0.270472 0.307887 0.421640
22383 0.604638 0.141384 0.253978
22530 0.613331 0.110091 0.276577
22676 0.095241 0.465061 0.439698
22680 0.130192 0.557748 0.312059
7217 0.140958 0.154275 0.704767
22367 0.831046 0.115109 0.053845
22371 0.816777 0.124465 0.058758
22375 0.102672 0.346425 0.550904
22379 0.072419 0.402193 0.525388
7221 0.003893 0.136812 0.859295
22408 0.887811 0.063665 0.048524
5524 0.850334 0.047574 0.102092
22388 0.118211 0.251591 0.630199
22363 0.075443 0.394192 0.530365
5689 0.014608 0.166593 0.818799
22392 0.820511 0.118498 0.060991
22396 0.834375 0.067968 0.097657
22400 0.546619 0.061785 0.391595
22404 0.505226 0.072779 0.421995
5828 0.198088 0.645542 0.156370
5845 0.073801 0.579834 0.346365
5841 0.048757 0.604575 0.346668
22321 0.511169 0.001847 0.486985
22325 0.340715 0.030296 0.628989
22329 0.499436 0.049762 0.450802
6199 0.903023 0.001467 0.095509
6147 0.065610 0.841862 0.092528
6236 0.111015 0.794959 0.094026
6252 0.071595 0.850323 0.078082
6196 0.115303 0.862259 0.022438
5631 0.004163 0.966789 0.029048
5501 0.046997 0.022347 0.930656
15699 0.218039 0.156783 0.625178
22719 0.044988 0.553243 0.401769
5653 0.852088 0.037419 0.110494
5575 0.846026 0.067614 0.086360
5638 0.779537 0.017043 0.203419
22752 0.102778 0.195093 0.702129
5643 0.093384 0.122714 0.783902
5660 0.184600 0.013997 0.801403
5682 0.229201 0.040964 0.729835
22714 0.236729 0.238434 0.524837
22571 0.123247 0.136340 0.740413
5590 0.285214 0.547624 0.167162
22578 0.605622 0.155947 0.238431
5686 0.072273 0.894595 0.033131
22723 0.670832 0.295136 0.034032
22546 0.380684 0.026024 0.593292
5587 0.559672 0.305348 0.134981
22541 0.136513 0.470368 0.393119
6292 0.977706 0.002698 0.019597
22629 0.000890 0.996509 0.002601
22616 0.017749 0.956425 0.025826
5608 0.000000 0.009305 0.990695
22556 0.023351 0.975617 0.001032
6209 0.041818 0.010757 0.947425
6335 0.939876 0.008055 0.052069
21904 0.043869 0.047566 0.908565
22640 0.008135 0.948594 0.043271
22591 0.028881 0.949519 0.021600
5917 0.000540 0.055210 0.944250
6339 0.084993 0.858418 0.056589
22550 0.937637 0.049509 0.012854
6219 0.965760 0.009357 0.024882
22012 0.911420 0.035244 0.053337
22605 0.216832 0.026681 0.756486
6204 0.866639 0.119188 0.014173
6174 0.013434 0.088569 0.897997
21986 0.085952 0.000846 0.913202
22011 0.060307 0.047000 0.892693
22626 0.027481 0.041615 0.930904
5606 0.890573 0.072467 0.036960
21978 0.226968 0.044619 0.728413
21968 0.023682 0.879666 0.096651
21972 0.034014 0.937335 0.028651
22599 0.012274 0.919942 0.067785
6248 0.125137 0.858844 0.016018
6170 0.047678 0.907233 0.045089
22623 0.927534 0.040774 0.031692
6162 0.000000 0.024253 0.975747
21998 0.037368 0.049696 0.912935
6232 0.101899 0.873989 0.024113
6207 0.062037 0.937845 0.000118
22062 0.001938 0.930573 0.067489
21941 0.959027 0.040290 0.000682
5991 0.956864 0.006120 0.037016
22476 0.127563 0.000787 0.871649
970 0.146132 0.769794 0.084074
22021 0.036899 0.039798 0.923303
22025 0.059672 0.119130 0.821198
23399 0.917535 0.002725 0.079739
22151 0.926093 0.011957 0.061951
23372 0.040069 0.096518 0.863414
23413 0.084022 0.011721 0.904257
22113 0.004302 0.961946 0.033752
6326 0.021720 0.912639 0.065640
22069 0.006294 0.931138 0.062569
6323 0.034864 0.945483 0.019652
22122 0.914496 0.026729 0.058775
22480 0.082288 0.032365 0.885347
1340 0.050140 0.001118 0.948742
6085 0.000000 0.953981 0.046019
22274 0.958152 0.030180 0.011668
1219 0.061567 0.920426 0.018008
22176 0.973889 0.016145 0.009966
1237 0.893503 0.073768 0.032729
22127 0.961979 0.017475 0.020546
6141 0.963784 0.004931 0.031285
6106 0.071777 0.900986 0.027237
5981 0.511923 0.294604 0.193474
6023 0.208238 0.649817 0.141944
21912 0.690599 0.142384 0.167018
21916 0.272371 0.207209 0.520420
6008 0.022125 0.944836 0.033038
6004 0.377793 0.588277 0.033930
22041 0.012834 0.144715 0.842451
22038 0.036826 0.185121 0.778053
22202 0.161331 0.637577 0.201092
5966 0.127973 0.719183 0.152844
5921 0.253914 0.684869 0.061217
6279 0.923152 0.003031 0.073817
22026 0.979935 0.007118 0.012947
6126 0.744869 0.236837 0.018295
6359 0.116838 0.681513 0.201650
6360 0.896036 0.023061 0.080903
6105 0.076349 0.075117 0.848534
6078 0.915581 0.083952 0.000468
21878 0.174763 0.012938 0.812298
6120 0.086207 0.778576 0.135217
22270 0.925521 0.032896 0.041583
22264 0.082936 0.079667 0.837397
22301 0.938254 0.032506 0.029240
22282 0.075675 0.849095 0.075230
21858 0.052806 0.926679 0.020515
6308 0.977209 0.005764 0.017027
21958 0.500690 0.197410 0.301900
21950 0.251100 0.162183 0.586717
5976 0.020458 0.832177 0.147365
21909 0.165051 0.204420 0.630528
5999 0.915062 0.023734 0.061204
5977 0.661848 0.146253 0.191899
21949 0.562138 0.269719 0.168143
5983 0.218744 0.497676 0.283580
5930 0.953227 0.007678 0.039095
5931 0.650400 0.001813 0.347788
5934 0.072664 0.835978 0.091358
22228 0.967563 0.014909 0.017527
5971 0.345868 0.177708 0.476423
22239 0.154375 0.080074 0.765552
22238 0.236676 0.708543 0.054781
5928 0.365785 0.634215 0.000000
22279 0.056318 0.876894 0.066788
22302 0.043862 0.008724 0.947414
22294 0.000482 0.968666 0.030852
6098 0.067754 0.901940 0.030306
6089 0.913057 0.072841 0.014103
6139 0.031121 0.028883 0.939996
6137 0.831623 0.074269 0.094109
22259 0.628033 0.292693 0.079274
22269 0.565886 0.010216 0.423899
6119 0.074071 0.547604 0.378324
22102 0.278477 0.173711 0.547812
6035 0.005700 0.927949 0.066352
22130 0.058751 0.074702 0.866547
6044 0.025955 0.837796 0.136249
6040 0.033467 0.724548 0.241985
6076 0.931381 0.060967 0.007652
22091 0.094501 0.128136 0.777363
22095 0.682040 0.081677 0.236282
6081 0.046553 0.246922 0.706525
6062 0.113272 0.295533 0.591195
3641 0.092358 0.464605 0.443037
22163 0.016863 0.426359 0.556778
22167 0.097481 0.649800 0.252718
22171 0.111905 0.765376 0.122719
22175 0.057977 0.898773 0.043250
1198 0.015160 0.932510 0.052330
1206 0.881324 0.088380 0.030296
22146 0.037331 0.136095 0.826574
22138 0.147234 0.204414 0.648352
22142 0.101850 0.472528 0.425622
22147 0.052966 0.726643 0.220391
22350 0.776767 0.084642 0.138590
5851 0.290558 0.637793 0.071649
978 0.913995 0.069632 0.016373
1001 0.017465 0.962499 0.020036
997 0.123764 0.851938 0.024298
23244 0.531059 0.316193 0.152747
1331 0.010984 0.372671 0.616345
1353 0.031179 0.033017 0.935804
23389 0.053113 0.785827 0.161060
1283 0.909360 0.013256 0.077384
23220 0.047630 0.019499 0.932871
23277 0.047275 0.102193 0.850533
23281 0.101262 0.030756 0.867983
23285 0.125297 0.020247 0.854456
1327 0.192253 0.043808 0.763939
1142 0.366665 0.167302 0.466033
23425 0.236794 0.617478 0.145728
23358 0.935109 0.045045 0.019846
23359 0.169809 0.264142 0.566049
23363 0.258462 0.090462 0.651076
23367 0.067032 0.067754 0.865214
23371 0.037206 0.025920 0.936874
6878 0.171053 0.782311 0.046635
24927 0.002098 0.623207 0.374695
25020 0.006664 0.110044 0.883293
7036 0.026328 0.322148 0.651524
1137 0.802097 0.097594 0.100309
23263 0.032279 0.892287 0.075433
23305 0.423788 0.249792 0.326420
23303 0.050576 0.182059 0.767365
23271 0.033197 0.069675 0.897127
23235 0.190516 0.773532 0.035951
1294 0.127056 0.768049 0.104895
1298 0.100870 0.819371 0.079759
1265 0.056242 0.826877 0.116881
23252 0.162454 0.163752 0.673793
1271 0.271980 0.434521 0.293499
976 0.105233 0.795063 0.099705
980 0.130858 0.773168 0.095974
23311 0.258044 0.254700 0.487257
19342 0.115120 0.040259 0.844622
23560 0.073184 0.640968 0.285847
938 0.317955 0.625983 0.056062
303 0.000868 0.933632 0.065500
19164 0.074787 0.223996 0.701217
19160 0.156195 0.334995 0.508810
1493 0.384282 0.615718 0.000000
23576 0.046695 0.813749 0.139555
324 0.000000 0.148449 0.851551
19297 0.015176 0.157214 0.827610
333 0.061596 0.850325 0.088079
19309 0.115430 0.019332 0.865238
19231 0.002151 0.003822 0.994028
19135 0.037477 0.049552 0.912971
19139 0.208817 0.127760 0.663423
1479 0.257145 0.249791 0.493065
23588 0.085609 0.127179 0.787212
23591 0.094980 0.080004 0.825016
23657 0.069785 0.881966 0.048248
1104 0.045315 0.026594 0.928092
23646 0.069632 0.041238 0.889130
23617 0.033496 0.133927 0.832577
27454 0.025038 0.062857 0.912105
1088 0.015224 0.923053 0.061722
942 0.076034 0.887793 0.036173
23653 0.024378 0.923450 0.052172
1092 0.018512 0.027323 0.954165
1129 0.025000 0.028473 0.946527
1100 0.055150 0.907054 0.037796
18236 0.026878 0.000963 0.972159
1028 0.011134 0.014900 0.973966
23473 0.038584 0.914370 0.047046
1079 0.043941 0.944000 0.012060
23638 0.008368 0.059690 0.931942
1120 0.026735 0.003875 0.969390
1085 0.103765 0.888554 0.007681
1114 0.122538 0.821207 0.056255
1037 0.035733 0.927914 0.036354
23485 0.040645 0.944808 0.014547
1121 0.015546 0.027153 0.957301
23483 0.942030 0.003970 0.054000
1041 0.039893 0.934276 0.025831
23481 0.030841 0.916624 0.052535
23624 0.021178 0.918068 0.060754
1126 0.069521 0.927406 0.003074
1045 0.967642 0.011563 0.020795
1097 0.032797 0.939367 0.027836
1110 0.028747 0.931736 0.039517
23555 0.013844 0.937936 0.048220
1127 0.935644 0.049052 0.015305
1081 0.018758 0.976601 0.004642
1024 0.039909 0.877998 0.082093
23454 0.069559 0.013730 0.916712
23453 0.074030 0.044797 0.881173
23562 0.164339 0.001523 0.834138
273 0.774232 0.062710 0.163058
23570 0.088629 0.031835 0.879536
28048 0.011898 0.869717 0.118385
307 0.099936 0.023650 0.876414
19226 0.963139 0.011131 0.025731
19203 0.016139 0.077045 0.906816
23568 0.007132 0.728918 0.263950
1607 0.092440 0.813063 0.094497
19552 0.100081 0.140042 0.759878
19548 0.897541 0.025382 0.077078
1065 0.107032 0.182206 0.710763
1061 0.035839 0.775956 0.188205
1057 0.018461 0.879666 0.101873
308 0.074043 0.924864 0.001093
1605 0.899895 0.096762 0.003344
1595 0.075161 0.852562 0.072277
1618 0.037991 0.882906 0.079103
19224 0.001939 0.963924 0.034136
1588 0.002769 0.035069 0.962162
1611 0.117191 0.838578 0.044231
27536 0.054232 0.046103 0.899665
27444 0.029119 0.103746 0.867135
1639 0.162412 0.803479 0.034109
1624 0.019117 0.264602 0.716281
19408 0.195911 0.095067 0.709023
19404 0.045193 0.841989 0.112818
1780 0.159548 0.689883 0.150569
1788 0.208637 0.725810 0.065553
19362 0.112320 0.155759 0.731922
19357 0.067901 0.382656 0.549443
1763 0.011272 0.312992 0.675737
1795 0.237550 0.102456 0.659994
19361 0.599616 0.014139 0.386245
19365 0.849581 0.126666 0.023753
1676 0.049847 0.351197 0.598956
1054 0.142676 0.825159 0.032165
28083 0.040522 0.885817 0.073661
28059 0.029758 0.038242 0.932000
1696 0.175937 0.821884 0.002179
1430 0.004460 0.838035 0.157505
28071 0.820688 0.024253 0.155059
1685 0.219136 0.681562 0.099302
19565 0.139406 0.010093 0.850501
1659 0.175368 0.774963 0.049669
19532 0.026952 0.017108 0.955940
28094 0.870956 0.001978 0.127066
28088 0.057731 0.921766 0.020504
19378 0.937265 0.013320 0.049415
19419 0.848144 0.144613 0.007243
19416 0.027119 0.061809 0.911072
19417 0.021861 0.464540 0.513599
19411 0.234567 0.062334 0.703098
1784 0.089270 0.736709 0.174020
1635 0.606368 0.228317 0.165315
1645 0.554862 0.150401 0.294737
19424 0.346385 0.584211 0.069404
1814 0.948006 0.006229 0.045765
1816 0.644044 0.004074 0.351882
1767 0.172094 0.000000 0.827906
1768 0.425971 0.040523 0.533506
1771 0.734406 0.150087 0.115507
1811 0.018043 0.057678 0.924279
19441 0.626221 0.088723 0.285056
1813 0.279798 0.473112 0.247091
1731 0.033898 0.964871 0.001231
1723 0.054766 0.911136 0.034098
1728 0.956604 0.016484 0.026912
1745 0.050769 0.819844 0.129386
19459 0.031029 0.020656 0.948315
1416 0.049589 0.858882 0.091529
19522 0.018367 0.059230 0.922403
19517 0.899661 0.068516 0.031823
19564 0.170603 0.053248 0.776148
1446 0.018794 0.690071 0.291135
19485 0.741839 0.236251 0.021910
1426 0.839823 0.152088 0.008088
1422 0.959349 0.000442 0.040209
1470 0.073436 0.279015 0.647549
954 0.082861 0.796372 0.120767
19476 0.155311 0.030751 0.813939
1463 0.013870 0.884717 0.101413
1454 0.022036 0.044322 0.933642
931 0.975098 0.016963 0.007939
1409 0.046032 0.848502 0.105466
1406 0.058900 0.758106 0.182993
19189 0.054510 0.235742 0.709748
19185 0.016328 0.205313 0.778359
19181 0.053852 0.343568 0.602580
19202 0.001776 0.754643 0.243581
923 0.033181 0.868778 0.098042
933 0.040980 0.934970 0.024049
1403 0.019918 0.124883 0.855199
1544 0.025804 0.923394 0.050802
1540 0.006302 0.918995 0.074703
1536 0.032624 0.867424 0.099952
19249 0.971941 0.021992 0.006067
947 0.095765 0.836397 0.067837
19886 0.002491 0.011967 0.985541
19885 0.885691 0.052181 0.062128
19910 0.901194 0.025323 0.073483
19331 0.192835 0.442367 0.364799
19156 0.127986 0.515048 0.356966
19314 0.033877 0.310402 0.655721
19239 0.041216 0.807140 0.151644
318 0.833416 0.153791 0.012794
1517 0.890409 0.029234 0.080358
19882 0.711224 0.019867 0.268909
266 0.864342 0.032817 0.102841
19867 0.030479 0.023724 0.945797
396 0.946895 0.012086 0.041019
1584 0.157023 0.250352 0.592625
19150 0.700528 0.151559 0.147912
1548 0.006919 0.201569 0.791512
1543 0.018034 0.189143 0.792823
1539 0.018208 0.133239 0.848553
19205 0.035513 0.957457 0.007029
19120 0.032646 0.013221 0.954132
23567 0.895038 0.026127 0.078835
23595 0.010639 0.859366 0.129996
921 0.060604 0.160301 0.779095
23606 0.744870 0.089928 0.165202
19275 0.981092 0.011832 0.007076
335 0.005454 0.000000 0.994546
236 0.819377 0.084746 0.095877
243 0.026524 0.126808 0.846667
247 0.194230 0.038173 0.767597
250 0.096268 0.113613 0.790119
19236 0.057551 0.818355 0.124094
317 0.147189 0.851520 0.001291
267 0.070656 0.251011 0.678333
19323 0.230856 0.023114 0.746031
290 0.181340 0.008391 0.810269
280 0.221349 0.777184 0.001467
19573 0.092681 0.822074 0.085245
230 0.039337 0.235286 0.725377
19828 0.100524 0.036778 0.862697
397 0.048707 0.066565 0.884728
1619 0.034687 0.013319 0.951994
19808 0.010343 0.972372 0.017285
19510 0.823797 0.016937 0.159266
444 0.084799 0.109693 0.805508
448 0.083283 0.052841 0.863876
19823 0.059325 0.901465 0.039209
19857 0.131365 0.082598 0.786037
19494 0.123184 0.011921 0.864895
19897 0.014814 0.975869 0.009317
343 0.923283 0.054674 0.022043
19856 0.547647 0.224184 0.228169
19915 0.542578 0.010945 0.446477
370 0.012624 0.222519 0.764857
380 0.873798 0.053279 0.072923
20020 0.000380 0.985637 0.013983
94 0.088112 0.113979 0.797909
54 0.014528 0.837028 0.148443
19 0.101878 0.056885 0.841237
19939 0.438926 0.180145 0.380929
4319 0.093388 0.670128 0.236484
104 0.359175 0.450739 0.190087
24094 0.573573 0.088883 0.337544
20005 0.550155 0.204941 0.244904
20009 0.733205 0.237576 0.029219
20016 0.013053 0.124502 0.862445
19927 0.133174 0.010425 0.856401
19920 0.833147 0.042151 0.124702
19585 0.199179 0.399154 0.401667
19587 0.347783 0.058243 0.593974
137 0.043323 0.712476 0.244201
19622 0.175645 0.286762 0.537593
862 0.093543 0.708826 0.197632
19610 0.284372 0.068131 0.647496
218 0.803089 0.156657 0.040254
19640 0.038613 0.146931 0.814456
19651 0.227004 0.003366 0.769630
19946 0.008052 0.616350 0.375598
6 0.875061 0.092893 0.032047
19636 0.072607 0.010996 0.916397
19632 0.014667 0.030035 0.955298
19631 0.133279 0.155223 0.711498
19658 0.144938 0.457510 0.397552
188 0.793200 0.162898 0.043902
3155 0.236309 0.543049 0.220643
18992 0.422720 0.343729 0.233551
2984 0.366308 0.429783 0.203908
3019 0.793090 0.175875 0.031035
637 0.936616 0.062234 0.001151
3029 0.051393 0.038740 0.909867
18428 0.193980 0.726225 0.079795
3163 0.845448 0.028519 0.126033
3087 0.892983 0.036570 0.070447
31 0.923304 0.053412 0.023285
487 0.971112 0.021748 0.007139
18589 0.913488 0.017888 0.068624
18209 0.791946 0.072092 0.135962
18321 0.232106 0.427937 0.339958
202 0.637625 0.317113 0.045261
19582 0.004662 0.859367 0.135971
117 0.303460 0.509331 0.187208
19602 0.046785 0.623317 0.329898
126 0.631517 0.277824 0.090659
19619 0.065897 0.891432 0.042671
19746 0.025671 0.240218 0.734111
155 0.436995 0.413131 0.149874
159 0.790962 0.182219 0.026819
165 0.022433 0.908317 0.069251
166 0.864864 0.105735 0.029401
19765 0.091627 0.348984 0.559389
158 0.119648 0.822152 0.058200
19772 0.096690 0.680558 0.222752
455 0.054491 0.422711 0.522798
18471 0.857527 0.002169 0.140305
19692 0.178103 0.730191 0.091706
18631 0.399656 0.390178 0.210165
18463 0.375499 0.087425 0.537075
682 0.036303 0.100719 0.862978
19693 0.186843 0.363965 0.449192
18628 0.284351 0.526386 0.189263
19701 0.075530 0.712714 0.211755
18604 0.573035 0.152309 0.274656
790 0.003542 0.180665 0.815793
840 0.034438 0.288219 0.677343
18524 0.265346 0.600859 0.133795
831 0.398609 0.034720 0.566671
19779 0.612642 0.206156 0.181203
874 0.000676 0.526723 0.472601
151 0.228399 0.249449 0.522153
761 0.450234 0.286289 0.263477
18536 0.065788 0.427873 0.506339
856 0.644017 0.317319 0.038664
808 0.133798 0.398486 0.467717
786 0.223922 0.156465 0.619613
18480 0.004668 0.447710 0.547623
813 0.141245 0.426354 0.432402
817 0.178500 0.597957 0.223543
736 0.286503 0.596223 0.117274
19735 0.251489 0.697799 0.050713
703 0.182582 0.415055 0.402363
2926 0.511238 0.353777 0.134984
18718 0.157401 0.812381 0.030218
2948 0.057686 0.051274 0.891040
18489 0.111989 0.568683 0.319328
902 0.827409 0.009792 0.162799
899 0.114928 0.693981 0.191091
895 0.335398 0.593872 0.070730
885 0.583971 0.288578 0.127451
18436 0.152324 0.808610 0.039065
821 0.097503 0.772806 0.129691
529 0.746764 0.239630 0.013607
2912 0.293966 0.153948 0.552086
2332 0.338253 0.085510 0.576236
20460 0.736422 0.038993 0.224585
2916 0.011660 0.977375 0.010965
2922 0.167532 0.001602 0.830865
18605 0.135286 0.298416 0.566299
535 0.307065 0.236940 0.455995
19714 0.121714 0.413301 0.464985
18652 0.179476 0.595584 0.224940
18648 0.156090 0.017795 0.826115
18765 0.067637 0.039437 0.892926
515 0.619674 0.339505 0.040822
539 0.849080 0.103168 0.047752
561 0.241915 0.735063 0.023021
847 0.031558 0.202017 0.766425
19074 0.089488 0.165579 0.744934
24193 0.523168 0.384467 0.092365
558 0.307297 0.503486 0.189217
20466 0.009465 0.783498 0.207037
489 0.028640 0.031258 0.940102
18277 0.038153 0.016912 0.944935
18280 0.146025 0.039000 0.814975
18284 0.063551 0.090147 0.846302
18288 0.068660 0.101966 0.829374
483 0.960874 0.010356 0.028770
18581 0.978402 0.008000 0.013597
2960 0.251683 0.725069 0.023249
466 0.011001 0.080548 0.908451
18590 0.025731 0.927140 0.047128
18594 0.133767 0.051131 0.815102
18598 0.105423 0.076472 0.818105
18602 0.155281 0.120107 0.724612
18561 0.095111 0.107161 0.797728
541 0.039796 0.031121 0.929083
651 0.005007 0.899729 0.095264
18301 0.101538 0.013342 0.885120
18305 0.172355 0.040507 0.787138
18309 0.030537 0.051304 0.918159
18313 0.012597 0.054372 0.933031
18317 0.025422 0.019981 0.954597
566 0.031175 0.961149 0.007677
18934 0.787067 0.022569 0.190365
18930 0.735388 0.004624 0.259989
3079 0.038212 0.716677 0.245111
3075 0.059827 0.839269 0.100904
3083 0.038801 0.900322 0.060878
19085 0.960112 0.008760 0.031128
3115 0.032102 0.035744 0.932154
625 0.019695 0.227758 0.752547
657 0.032872 0.132283 0.834845
18214 0.164857 0.001125 0.834018
18218 0.058929 0.060728 0.880343
18222 0.082141 0.102696 0.815164
18226 0.088597 0.114823 0.796580
18230 0.051360 0.081829 0.866812
621 0.125754 0.275363 0.598882
580 0.099135 0.065203 0.835662
572 0.087035 0.814860 0.098105
576 0.003236 0.021145 0.975619
18387 0.047029 0.001829 0.951143
18250 0.000893 0.067890 0.931217
18254 0.023553 0.048150 0.928297
3035 0.690229 0.181600 0.128170
1820 0.353596 0.605858 0.040546
597 0.176946 0.798168 0.024886
18380 0.004994 0.931262 0.063743
18341 0.011464 0.022392 0.966144
18337 0.001161 0.025170 0.973669
18396 0.032805 0.040475 0.926720
18326 0.004500 0.980471 0.015030
18324 0.940453 0.030917 0.028630
18347 0.993887 0.003268 0.002845
18377 0.951563 0.041413 0.007024
18378 0.010962 0.834772 0.154266
3041 0.069777 0.426664 0.503558
3015 0.136098 0.731759 0.132143
18325 0.003175 0.038214 0.958610
18960 0.984673 0.008733 0.006593
18948 0.084268 0.032163 0.883569
18367 0.070821 0.884766 0.044413
2973 0.222025 0.765402 0.012573
18364 0.430308 0.046595 0.523097
18360 0.135502 0.115041 0.749458
18972 0.048218 0.048668 0.903114
18958 0.943571 0.019793 0.036637
3012 0.035556 0.931113 0.033331
2986 0.106095 0.813333 0.080572
3002 0.244764 0.581773 0.173463
18970 0.477992 0.132858 0.389150
18662 0.248635 0.160820 0.590545
3116 0.067017 0.928844 0.004139
19082 0.029377 0.048707 0.921916
3166 0.024838 0.923888 0.051274
18917 0.216504 0.016157 0.767338
3092 0.003544 0.346079 0.650376
3125 0.047672 0.421817 0.530510
3157 0.079566 0.205854 0.714579
18913 0.109574 0.531357 0.359069
3173 0.091734 0.535402 0.372864
18908 0.591229 0.125728 0.283044
18915 0.824099 0.086377 0.089524
3136 0.144242 0.552238 0.303520
3132 0.143323 0.444866 0.411812
18979 0.583197 0.302527 0.114276
3024 0.041099 0.709814 0.249087
3110 0.164573 0.128402 0.707025
21833 0.119875 0.167799 0.712326
1882 0.368452 0.305561 0.325987
1928 0.008422 0.200856 0.790722
1925 0.644075 0.088820 0.267105
21755 0.244795 0.143439 0.611766
1916 0.125991 0.793530 0.080479
20324 0.822419 0.140965 0.036615
21798 0.183888 0.273138 0.542974
2854 0.006455 0.013029 0.980516
24184 0.233080 0.147774 0.619146
23537 0.064012 0.028080 0.907907
2809 0.052717 0.895863 0.051420
21819 0.727734 0.174759 0.097507
20234 0.403172 0.246365 0.350463
20431 0.011508 0.975704 0.012788
20432 0.325890 0.066690 0.607420
2187 0.275808 0.247852 0.476340
23465 0.053520 0.887124 0.059356
20455 0.010527 0.763371 0.226102
12128 0.024904 0.924092 0.051005
2196 0.455802 0.063477 0.480721
2786 0.013124 0.226858 0.760018
2817 0.197257 0.782904 0.019839
23528 0.627313 0.232618 0.140068
21811 0.057803 0.249310 0.692887
20229 0.116940 0.003400 0.879659
20182 0.178212 0.697688 0.124100
12076 0.083291 0.901916 0.014793
12080 0.303565 0.038405 0.658030
20380 0.082285 0.890721 0.026994
2363 0.107351 0.759835 0.132814
2362 0.956274 0.008708 0.035018
20371 0.805795 0.183346 0.010859
2944 0.142924 0.132219 0.724858
2940 0.358497 0.260293 0.381211
2773 0.634185 0.249834 0.115980
2769 0.684007 0.245671 0.070321
18728 0.883531 0.045305 0.071164
19043 0.067687 0.926270 0.006042
19040 0.126565 0.133550 0.739885
20852 0.146688 0.411131 0.442181
2936 0.357155 0.466327 0.176518
2932 0.309964 0.677049 0.012986
18665 0.051312 0.422728 0.525960
18703 0.188601 0.098452 0.712947
18723 0.259949 0.034909 0.705142
18731 0.336423 0.126518 0.537060
20853 0.508910 0.304035 0.187055
20398 0.198409 0.265858 0.535733
20420 0.081679 0.013483 0.904837
2370 0.061316 0.878249 0.060436
20394 0.051244 0.583799 0.364957
21655 0.154253 0.437449 0.408298
20389 0.155391 0.189978 0.654632
2860 0.002298 0.750683 0.247019
18708 0.302174 0.300567 0.397259
11854 0.330101 0.020587 0.649312
3425 0.528441 0.471559 0.000000
3417 0.164830 0.352979 0.482191
18809 0.245356 0.103655 0.650990
21268 0.643907 0.156652 0.199441
3599 0.524515 0.332000 0.143485
3608 0.441593 0.056101 0.502307
21224 0.463592 0.326157 0.210251
3450 0.045846 0.289790 0.664363
18786 0.745646 0.218306 0.036048
2849 0.269244 0.439495 0.291262
3458 0.596634 0.084297 0.319069
18793 0.066360 0.779138 0.154502
18792 0.615004 0.084229 0.300767
18797 0.108838 0.490282 0.400880
3522 0.852824 0.083124 0.064052
21243 0.439887 0.503233 0.056880
3633 0.503700 0.191406 0.304894
21196 0.012369 0.811570 0.176061
21241 0.416796 0.200267 0.382937
3632 0.300792 0.479118 0.220090
21220 0.687262 0.182730 0.130008
3462 0.104312 0.345083 0.550605
21223 0.190803 0.762368 0.046828
21196 0.728614 0.137477 0.133909
18791 0.306392 0.677458 0.016150
2883 0.196499 0.357405 0.446096
2878 0.055487 0.112002 0.832511
3502 0.098258 0.807301 0.094441
18802 0.175262 0.271281 0.553457
3431 0.388829 0.492169 0.119002
3428 0.221895 0.531560 0.246545
18870 0.567502 0.406961 0.025537
3471 0.122492 0.723161 0.154348
18864 0.408925 0.269493 0.321582
18887 0.235877 0.677911 0.086213
3519 0.202271 0.797729 0.000000
21356 0.114316 0.011047 0.874637
21360 0.394595 0.262399 0.343006
21247 0.055304 0.839460 0.105236
