3980 0.146503 0.780123 0.073374
18762 0.081662 0.185596 0.732742
18743 0.082993 0.262562 0.654445
18770 0.090893 0.240182 0.668925
3986 0.026212 0.176995 0.796793
18774 0.067463 0.190121 0.742416
18738 0.075132 0.170556 0.754312
18742 0.120792 0.049743 0.829465
3055 0.036106 0.015503 0.948391
17059 0.906313 0.027933 0.065754
15085 0.315075 0.060524 0.624401
18802 0.094604 0.780515 0.124881
3058 0.554243 0.029224 0.416533
3053 0.042946 0.540449 0.416605
18811 0.475526 0.012810 0.511663
3743 0.000000 0.289391 0.710609
22324 0.064608 0.389561 0.545831
18818 0.098944 0.175367 0.725690
14121 0.503023 0.116634 0.380342
14126 0.760147 0.146102 0.093751
14129 0.896079 0.008090 0.095831
14133 0.157443 0.100957 0.741600
14247 0.333759 0.102534 0.563707
14361 0.398397 0.066179 0.535424
14365 0.339721 0.004941 0.655338
1487 0.127866 0.734036 0.138098
3323 0.828372 0.083985 0.087643
18543 0.088292 0.686957 0.224751
18547 0.030772 0.586283 0.382945
18551 0.018621 0.575834 0.405544
916 0.251516 0.082853 0.665632
3261 0.312421 0.342383 0.345195
3257 0.295504 0.595228 0.109267
18524 0.863249 0.046269 0.090482
18532 0.034677 0.879058 0.086265
3289 0.081669 0.882044 0.036287
3294 0.019135 0.784670 0.196196
3281 0.048165 0.896094 0.055741
4221 0.018077 0.845139 0.136784
5160 0.305822 0.592289 0.101889
19229 0.018140 0.446142 0.535719
19239 0.332048 0.610597 0.057355
3013 0.226925 0.004649 0.768426
18698 0.461810 0.522991 0.015198
18697 0.205164 0.237715 0.557121
18693 0.556614 0.011039 0.432347
16933 0.043798 0.080529 0.875673
4839 0.651472 0.165689 0.182839
4875 0.497922 0.135486 0.366593
4874 0.143865 0.698768 0.157367
4915 0.280128 0.154639 0.565233
16964 0.465758 0.385739 0.148503
4901 0.048023 0.309677 0.642301
17399 0.064962 0.308626 0.626413
4842 0.036490 0.006603 0.956907
4869 0.026298 0.946445 0.027257
17181 0.163174 0.695946 0.140880
4918 0.153458 0.396574 0.449969
3016 0.214765 0.293882 0.491353
3031 0.776272 0.000000 0.223728
3119 0.394415 0.119909 0.485676
18981 0.032684 0.871277 0.096039
3139 0.614679 0.051407 0.333914
3086 0.152206 0.371621 0.476173
18709 0.154037 0.333338 0.512625
18696 0.513856 0.200440 0.285704
3084 0.122363 0.634250 0.243387
18730 0.139319 0.833750 0.026930
18727 0.530016 0.193381 0.276603
18728 0.295624 0.035663 0.668713
18714 0.129165 0.422584 0.448252
18689 0.090790 0.680786 0.228424
18666 0.154364 0.017211 0.828425
4467 0.055980 0.700442 0.243578
4472 0.161731 0.221047 0.617223
4871 0.734334 0.247816 0.017850
3131 0.319068 0.541289 0.139644
18686 0.342316 0.421113 0.236571
3099 0.739510 0.054973 0.205517
2882 0.070891 0.836661 0.092447
18980 0.349109 0.088285 0.562606
2889 0.368255 0.438596 0.193149
18927 0.862105 0.033632 0.104263
2897 0.764751 0.102444 0.132805
18918 0.214178 0.216903 0.568919
2867 0.467136 0.434695 0.098169
2870 0.226652 0.131288 0.642059
18658 0.720972 0.032224 0.246804
17347 0.769228 0.063946 0.166825
3159 0.146822 0.471791 0.381387
3106 0.699376 0.274755 0.025869
18821 0.403362 0.041797 0.554841
18707 0.917314 0.043952 0.038735
18704 0.478052 0.189415 0.332533
2948 0.136058 0.579972 0.283970
2952 0.031700 0.803520 0.164780
2951 0.893843 0.076251 0.029906
18861 0.025104 0.165177 0.809719
2959 0.814961 0.167574 0.017465
18854 0.142983 0.008605 0.848412
2841 0.357943 0.439877 0.202180
2854 0.217233 0.492955 0.289812
2849 0.175809 0.695560 0.128630
18969 0.367820 0.005479 0.626701
4480 0.223877 0.268059 0.508064
18944 0.027297 0.380924 0.591779
2822 0.215979 0.439049 0.344972
18994 0.178937 0.202231 0.618832
18991 0.709614 0.256372 0.034015
18995 0.502017 0.417155 0.080828
2966 0.198480 0.144301 0.657219
2984 0.190299 0.092075 0.717626
2980 0.093549 0.462014 0.444437
2977 0.144557 0.622426 0.233016
2972 0.263105 0.541268 0.195628
18895 0.834105 0.133807 0.032088
18899 0.125685 0.409053 0.465262
2916 0.272167 0.233351 0.494482
2912 0.181820 0.690426 0.127754
18897 0.059811 0.430694 0.509495
2873 0.065885 0.387100 0.547014
2815 0.047939 0.003178 0.948883
18873 0.011558 0.752560 0.235882
18883 0.641038 0.210374 0.148588
18644 0.409630 0.439041 0.151329
2929 0.852822 0.102492 0.044686
18396 0.006507 0.261721 0.731772
3419 0.021473 0.135458 0.843069
18397 0.058405 0.103659 0.837936
3500 0.077742 0.920692 0.001566
18451 0.111791 0.651591 0.236618
19079 0.158841 0.105093 0.736066
3421 0.680947 0.313815 0.005238
3426 0.830650 0.019634 0.149716
5559 0.017110 0.782455 0.200434
5544 0.924165 0.003551 0.072284
3336 0.103878 0.157412 0.738710
3357 0.523550 0.464687 0.011763
3332 0.046359 0.192570 0.761070
18513 0.894107 0.096965 0.008928
3312 0.036000 0.666599 0.297400
3188 0.080104 0.656968 0.262928
18327 0.049556 0.081527 0.868917
18317 0.185835 0.556720 0.257445
18382 0.633536 0.300240 0.066224
3380 0.042659 0.931977 0.025364
3348 0.126038 0.270263 0.603698
3344 0.240837 0.149809 0.609354
3362 0.117487 0.705695 0.176818
3372 0.027839 0.449151 0.523009
18593 0.539539 0.292727 0.167733
18354 0.147767 0.185555 0.666677
3463 0.016528 0.032944 0.950528
3214 0.590257 0.077402 0.332341
18559 0.164226 0.280222 0.555552
3447 0.675783 0.188068 0.136149
18366 0.292943 0.413030 0.294027
18302 0.603829 0.291445 0.104726
18305 0.013492 0.301010 0.685498
18444 0.087555 0.257176 0.655269
18313 0.649417 0.249537 0.101046
3485 0.297782 0.512426 0.189792
18330 0.287147 0.424087 0.288766
18597 0.533538 0.428160 0.038302
3445 0.182922 0.458656 0.358423
18298 0.214035 0.322138 0.463826
3511 0.190722 0.612941 0.196337
3472 0.008600 0.035933 0.955467
3436 0.031102 0.958361 0.010536
3432 0.114932 0.359806 0.525262
18345 0.308221 0.009801 0.681978
18583 0.516271 0.087520 0.396209
18586 0.361423 0.100720 0.537857
3228 0.357957 0.597786 0.044257
18637 0.138579 0.066746 0.794674
3180 0.009708 0.858010 0.132283
18569 0.090916 0.247165 0.661919
3167 0.054230 0.805674 0.140096
18608 0.891745 0.010394 0.097860
18601 0.105625 0.046953 0.847421
3233 0.768828 0.080192 0.150980
3208 0.160899 0.512951 0.326150
18493 0.893114 0.040910 0.065976
18642 0.116951 0.850593 0.032457
18496 0.193431 0.752873 0.053697
3197 0.054170 0.432435 0.513394
18620 0.589354 0.032992 0.377655
5531 0.869190 0.019496 0.111314
5529 0.128246 0.693335 0.178419
5524 0.422965 0.429890 0.147145
5520 0.847833 0.100023 0.052145
18477 0.016474 0.043504 0.940022
3302 0.675974 0.238215 0.085811
18478 0.428497 0.560419 0.011083
18501 0.088372 0.883201 0.028427
19066 0.052622 0.046332 0.901047
5610 0.108914 0.108894 0.782192
19067 0.827279 0.000508 0.172213
5609 0.546571 0.344120 0.109309
5619 0.077394 0.033883 0.888724
19055 0.880826 0.045382 0.073791
19361 0.207788 0.201913 0.590299
19561 0.196437 0.136890 0.666674
19353 0.792346 0.071106 0.136548
19371 0.621188 0.299622 0.079190
5247 0.148131 0.179572 0.672297
4959 0.218917 0.009181 0.771902
19676 0.152827 0.097751 0.749423
4964 0.240980 0.215651 0.543369
19669 0.691879 0.285170 0.022951
4926 0.058647 0.896921 0.044431
19661 0.376475 0.127092 0.496433
19566 0.420510 0.181900 0.397589
19125 0.239283 0.600943 0.159774
5500 0.688365 0.292917 0.018719
19105 0.572719 0.051124 0.376157
5136 0.216675 0.189995 0.593331
19432 0.467203 0.344140 0.188656
5207 0.129552 0.365633 0.504815
19426 0.156784 0.399657 0.443559
5258 0.544400 0.250157 0.205443
5262 0.239999 0.199533 0.560469
5266 0.146140 0.445083 0.408777
5270 0.814613 0.142330 0.043056
5273 0.017726 0.168785 0.813488
5114 0.522475 0.337939 0.139586
19519 0.343274 0.154892 0.501834
5165 0.456461 0.053500 0.490039
5172 0.949461 0.000752 0.049787
5177 0.401263 0.509750 0.088986
19505 0.025845 0.781564 0.192591
19458 0.477009 0.355725 0.167266
19453 0.464780 0.130754 0.404465
19449 0.180539 0.336135 0.483326
19445 0.195133 0.058069 0.746798
19441 0.310515 0.490987 0.198499
5132 0.183682 0.458667 0.357650
19488 0.533120 0.304859 0.162021
5108 0.308269 0.581786 0.109944
19497 0.640521 0.290326 0.069152
5236 0.084208 0.733386 0.182407
19398 0.727170 0.158802 0.114029
5190 0.464986 0.076288 0.458726
19406 0.171509 0.405624 0.422866
5189 0.297164 0.256303 0.446533
19383 0.374353 0.080322 0.545325
5125 0.244150 0.651697 0.104153
5218 0.276700 0.389571 0.333730
19375 0.625117 0.027380 0.347503
4990 0.265661 0.363062 0.371277
19621 0.201466 0.040529 0.758005
19623 0.554497 0.296082 0.149421
4977 0.171141 0.479119 0.349741
4981 0.392360 0.348293 0.259347
4985 0.433823 0.095891 0.470286
19647 0.152650 0.747569 0.099781
19690 0.297285 0.194825 0.507891
19699 0.141012 0.360208 0.498781
19637 0.252076 0.151750 0.596174
19436 0.057442 0.563426 0.379133
19689 0.552898 0.090322 0.356780
4933 0.253404 0.485216 0.261379
5007 0.402759 0.132988 0.464253
5005 0.771201 0.093305 0.135494
5010 0.723117 0.149189 0.127694
4997 0.297364 0.537003 0.165632
4998 0.567478 0.135392 0.297130
4992 0.528959 0.093808 0.377233
5003 0.124999 0.048757 0.826245
4942 0.009480 0.956045 0.034476
19691 0.514969 0.150178 0.334853
5056 0.145819 0.702207 0.151974
5012 0.028731 0.178838 0.792431
4950 0.272162 0.189870 0.537968
4954 0.127913 0.673371 0.198715
19540 0.268923 0.088435 0.642642
5093 0.164828 0.304420 0.530752
19539 0.545340 0.256185 0.198474
19532 0.213184 0.600142 0.186674
19529 0.758152 0.225368 0.016480
5277 0.155589 0.596898 0.247514
19575 0.128136 0.570591 0.301273
5019 0.266669 0.162326 0.571004
5024 0.612215 0.152410 0.235375
5094 0.271735 0.579392 0.148873
19541 0.818920 0.140049 0.041031
19594 0.135261 0.645545 0.219194
19593 0.644497 0.299235 0.056268
19597 0.101987 0.847101 0.050912
5031 0.024817 0.766695 0.208487
5053 0.132283 0.375571 0.492146
19607 0.358541 0.175337 0.466122
19608 0.661001 0.289964 0.049034
19578 0.491227 0.188845 0.319928
19582 0.373462 0.490012 0.136526
19576 0.345650 0.550949 0.103401
5034 0.080939 0.052992 0.866069
19115 0.677000 0.280176 0.042824
19127 0.773364 0.017500 0.209136
5041 0.426600 0.039358 0.534042
19022 0.406340 0.584963 0.008696
19031 0.007376 0.553091 0.439533
19146 0.012264 0.198801 0.788935
19142 0.836782 0.036018 0.127200
5454 0.704731 0.195077 0.100192
5458 0.420001 0.460315 0.119684
5463 0.313493 0.445172 0.241335
16531 0.530111 0.152379 0.317510
16513 0.043838 0.297777 0.658385
16496 0.759924 0.178944 0.061131
9205 0.654507 0.318642 0.026851
16497 0.027400 0.220951 0.751649
16502 0.033539 0.037744 0.928717
9415 0.636771 0.064952 0.298276
9432 0.363904 0.458384 0.177712
9450 0.620445 0.192960 0.186595
5484 0.026573 0.813417 0.160010
19145 0.833155 0.052355 0.114490
5487 0.612848 0.069018 0.318134
16509 0.122140 0.696759 0.181100
19026 0.213738 0.753936 0.032325
5540 0.416426 0.355636 0.227938
5541 0.418206 0.269313 0.312481
5600 0.401156 0.497180 0.101664
5596 0.280678 0.687767 0.031555
19296 0.847670 0.132677 0.019653
19292 0.564643 0.203277 0.232079
19288 0.244360 0.453363 0.302277
19173 0.079273 0.006469 0.914258
5410 0.139708 0.034951 0.825342
4443 0.042547 0.903012 0.054441
17332 0.271534 0.457600 0.270866
5575 0.062801 0.831427 0.105773
5440 0.083525 0.042477 0.873999
5551 0.078079 0.185428 0.736493
18453 0.319693 0.019643 0.660663
19047 0.847018 0.021310 0.131672
19276 0.002868 0.756316 0.240816
19313 0.369224 0.293590 0.337186
19325 0.430877 0.057602 0.511522
5316 0.619957 0.166026 0.214016
5309 0.299171 0.685975 0.014854
19265 0.552774 0.196437 0.250789
5322 0.177266 0.696663 0.126071
19274 0.452696 0.084408 0.462897
4409 0.011753 0.751066 0.237180
5355 0.411771 0.502363 0.085866
5351 0.105125 0.515752 0.379123
19304 0.141805 0.145282 0.712913
19323 0.520076 0.254132 0.225792
5422 0.921744 0.009242 0.069014
5295 0.071567 0.272871 0.655562
5297 0.035610 0.407876 0.556514
5421 0.782486 0.067981 0.149533
4313 0.008676 0.304075 0.687249
5307 0.322258 0.238103 0.439639
19201 0.799029 0.104400 0.096571
5364 0.469232 0.483644 0.047125
19210 0.907591 0.054481 0.037928
17257 0.803380 0.071956 0.124663
17381 0.097230 0.796894 0.105876
5428 0.007678 0.344278 0.648044
5420 0.132698 0.425034 0.442269
5388 0.098482 0.832173 0.069345
5450 0.674818 0.096638 0.228544
5445 0.732879 0.174512 0.092610
17502 0.040889 0.891061 0.068050
5432 0.909905 0.035817 0.054279
19219 0.826591 0.024760 0.148648
5386 0.070076 0.819870 0.110054
2909 0.507010 0.461426 0.031564
18295 0.151918 0.814558 0.033524
18294 0.731186 0.076226 0.192588
18887 0.056423 0.001138 0.942439
17361 0.439604 0.000951 0.559444
17366 0.778080 0.213860 0.008059
4460 0.197171 0.583151 0.219678
4476 0.159498 0.590968 0.249534
2851 0.247420 0.007645 0.744935
4411 0.003829 0.010735 0.985436
4407 0.148488 0.229495 0.622016
4399 0.587847 0.354914 0.057239
17384 0.012993 0.100112 0.886895
4431 0.435880 0.418867 0.145254
17262 0.743466 0.044348 0.212186
17312 0.727832 0.227192 0.044976
17268 0.397940 0.477583 0.124477
17272 0.049275 0.025507 0.925218
4543 0.535449 0.332835 0.131716
4497 0.003056 0.892794 0.104150
4537 0.101135 0.875551 0.023314
17244 0.282026 0.678968 0.039006
17249 0.009382 0.065930 0.924689
4494 0.462749 0.465513 0.071738
4562 0.017112 0.843884 0.139003
17283 0.246468 0.090976 0.662556
17309 0.138364 0.759827 0.101809
4559 0.285837 0.211784 0.502379
17314 0.887179 0.038135 0.074686
17289 0.581961 0.014087 0.403952
4493 0.687272 0.230961 0.081768
17414 0.004373 0.232587 0.763040
4520 0.699208 0.269697 0.031095
4524 0.356668 0.621360 0.021972
4509 0.913082 0.040565 0.046353
4307 0.176440 0.704234 0.119327
4280 0.377842 0.241884 0.380273
4276 0.526969 0.172381 0.300649
4284 0.523328 0.158645 0.318027
4286 0.042212 0.213434 0.744353
4891 0.070421 0.121250 0.808329
17260 0.181059 0.059359 0.759582
4426 0.181413 0.507706 0.310880
4888 0.279982 0.574663 0.145356
4232 0.181327 0.355631 0.463042
4285 0.769165 0.167170 0.063665
17575 0.455389 0.196573 0.348038
17571 0.237483 0.421240 0.341277
4298 0.311968 0.199539 0.488494
17520 0.614293 0.186408 0.199299
17441 0.113627 0.773789 0.112584
4258 0.242526 0.701525 0.055949
17566 0.318998 0.310936 0.370066
17463 0.109642 0.653306 0.237052
4317 0.165718 0.336057 0.498226
4319 0.159935 0.752760 0.087305
18105 0.288800 0.000000 0.711200
17161 0.099210 0.134817 0.765974
17235 0.054123 0.139276 0.806601
18112 0.861373 0.093522 0.045105
18097 0.627251 0.177225 0.195524
18076 0.405217 0.444378 0.150405
18263 0.636101 0.256054 0.107845
1472 0.087002 0.861281 0.051718
833 0.755637 0.109656 0.134707
17419 0.837285 0.068883 0.093832
17424 0.864489 0.038466 0.097045
1620 0.959283 0.014366 0.026351
1441 0.047432 0.010885 0.941683
1438 0.046808 0.140616 0.812575
4345 0.038356 0.368410 0.593234
4350 0.148243 0.532637 0.319120
17000 0.470084 0.140577 0.389339
17004 0.169761 0.285784 0.544455
17008 0.042302 0.112531 0.845166
17012 0.060386 0.136468 0.803146
16997 0.681457 0.118443 0.200100
16976 0.546166 0.138203 0.315631
16980 0.463332 0.243763 0.292905
16985 0.481119 0.354165 0.164715
16988 0.453635 0.477922 0.068442
16992 0.404039 0.480823 0.115138
17039 0.285942 0.401011 0.313047
17045 0.273864 0.364302 0.361834
17049 0.194773 0.378712 0.426515
17053 0.175119 0.147666 0.677215
17099 0.070949 0.012317 0.916734
4721 0.856466 0.039973 0.103562
459 0.218155 0.048312 0.733534
17025 0.001430 0.933879 0.064691
17473 0.027836 0.737325 0.234839
4750 0.060996 0.811135 0.127868
4786 0.735617 0.109618 0.154765
16951 0.338512 0.541840 0.119648
16913 0.066695 0.391918 0.541387
4778 0.797738 0.065938 0.136324
4774 0.939931 0.020427 0.039642
16925 0.005870 0.213954 0.780176
4893 0.247419 0.004144 0.748437
17144 0.439678 0.077156 0.483166
4729 0.470759 0.125160 0.404081
16902 0.072407 0.242595 0.684998
16959 0.052077 0.217541 0.730382
4909 0.567790 0.230599 0.201610
16970 0.786119 0.205639 0.008242
4844 0.727973 0.059160 0.212867
16943 0.508548 0.250424 0.241029
16942 0.414837 0.423305 0.161858
17061 0.374274 0.503931 0.121795
16955 0.000000 0.122968 0.877032
16967 0.000000 0.455019 0.544981
16939 0.000000 0.079945 0.920055
16947 0.000000 0.663661 0.336339
17183 0.000000 0.104990 0.895010
16929 0.000000 0.839987 0.160013
16972 0.262146 0.275599 0.462254
4905 0.392473 0.088053 0.519474
4849 0.262072 0.523939 0.213989
4654 0.027862 0.354630 0.617507
18109 0.150685 0.317853 0.531462
4634 0.220659 0.557866 0.221476
4642 0.068529 0.309362 0.622109
4637 0.254725 0.282264 0.463011
4590 0.515995 0.230006 0.254000
17184 0.182804 0.788996 0.028200
4592 0.527994 0.098666 0.373340
4579 0.510387 0.250631 0.238983
4575 0.363703 0.401772 0.234525
4604 0.276914 0.484389 0.238698
4611 0.280331 0.399370 0.320299
4607 0.331355 0.130416 0.538229
17088 0.131852 0.702438 0.165709
1646 0.256729 0.737552 0.005720
17096 0.003396 0.322876 0.673728
22270 0.062401 0.408295 0.529304
15227 0.120696 0.210319 0.668984
504 0.244092 0.628004 0.127903
17188 0.388671 0.560127 0.051203
4631 0.060906 0.160030 0.779064
4627 0.842976 0.095369 0.061654
4622 0.827594 0.031342 0.141064
4658 0.770398 0.044987 0.184615
18028 0.618290 0.002998 0.378712
18030 0.740202 0.014640 0.245158
1634 0.226566 0.125321 0.648113
909 0.673265 0.316675 0.010060
905 0.136176 0.839024 0.024800
17977 0.865258 0.019465 0.115276
1029 0.242408 0.577924 0.179668
1025 0.566474 0.055585 0.377941
1030 0.233187 0.016136 0.750677
17997 0.255196 0.226614 0.518190
18101 0.449323 0.062595 0.488082
2814 0.264260 0.627425 0.108315
4691 0.034585 0.613952 0.351463
2813 0.279581 0.000674 0.719745
4725 0.015382 0.113945 0.870672
4735 0.238556 0.754239 0.007205
4739 0.183816 0.700883 0.115301
962 0.107004 0.139333 0.753663
4743 0.088812 0.856190 0.054997
17081 0.038211 0.894951 0.066838
4727 0.126803 0.026179 0.847019
4706 0.091058 0.074455 0.834488
4716 0.055394 0.793361 0.151245
18043 0.158846 0.621088 0.220066
18039 0.129281 0.412038 0.458681
927 0.439206 0.560086 0.000708
931 0.078800 0.868536 0.052664
4680 0.078422 0.868526 0.053051
17138 0.486711 0.101291 0.411998
15244 0.750863 0.061746 0.187391
15240 0.979808 0.008772 0.011420
14305 0.099518 0.071063 0.829419
14302 0.211669 0.124392 0.663939
741 0.681590 0.048484 0.269926
735 0.151347 0.832420 0.016233
727 0.029479 0.471340 0.499181
1459 0.401041 0.528747 0.070212
18202 0.134447 0.771481 0.094071
804 0.034899 0.195024 0.770077
801 0.297727 0.044902 0.657371
796 0.573372 0.072156 0.354471
18174 0.009685 0.308666 0.681650
1007 0.466858 0.052805 0.480337
18276 0.521926 0.186962 0.291112
18283 0.006172 0.328835 0.664993
758 0.870254 0.114395 0.015351
716 0.032311 0.048160 0.919528
713 0.188353 0.789996 0.021650
18262 0.005883 0.194830 0.799287
765 0.638677 0.106604 0.254719
18228 0.110360 0.474723 0.414918
18210 0.063267 0.220204 0.716528
18214 0.208309 0.042247 0.749444
18218 0.428546 0.095078 0.476376
18222 0.119761 0.496467 0.383772
22322 0.304679 0.230390 0.464931
17948 0.612258 0.167295 0.220447
17953 0.384426 0.060361 0.555212
1046 0.011880 0.830216 0.157904
17961 0.081213 0.127039 0.791748
1045 0.074877 0.806435 0.118687
996 0.436022 0.563978 0.000000
1021 0.157338 0.724863 0.117799
1296 0.124963 0.149429 0.725608
18005 0.573085 0.396816 0.030100
18536 0.147580 0.674572 0.177848
18090 0.092324 0.227388 0.680289
882 0.247728 0.164595 0.587677
888 0.799123 0.144455 0.056422
3738 0.726818 0.070001 0.203181
18023 0.086016 0.481426 0.432558
18027 0.187936 0.108224 0.703840
975 0.027768 0.494621 0.477611
17991 0.791376 0.062790 0.145834
17995 0.044710 0.201603 0.753687
18242 0.022889 0.595394 0.381717
990 0.531615 0.314222 0.154163
786 0.549042 0.304814 0.146143
18271 0.636177 0.329878 0.033945
18150 0.403303 0.092112 0.504585
845 0.738651 0.222497 0.038852
17635 0.071380 0.231034 0.697587
17661 0.108133 0.130925 0.760942
17665 0.068117 0.078324 0.853559
17669 0.000229 0.093234 0.906537
1148 0.035542 0.881388 0.083070
1144 0.226509 0.724614 0.048877
21479 0.003306 0.092635 0.904059
1174 0.691640 0.164644 0.143716
1181 0.527028 0.304017 0.168955
14080 0.056585 0.239330 0.704084
17705 0.531170 0.053140 0.415689
17737 0.158053 0.037509 0.804439
18129 0.079715 0.174310 0.745975
18132 0.098349 0.164609 0.737041
18136 0.091919 0.080518 0.827563
17820 0.115447 0.047861 0.836692
1147 0.050827 0.024874 0.924299
347 0.133817 0.860541 0.005643
21576 0.084781 0.284755 0.630464
1270 0.207052 0.333952 0.458996
707 0.150625 0.158733 0.690641
18255 0.116625 0.051756 0.831619
859 0.000000 0.683003 0.316997
834 0.080953 0.745727 0.173321
706 0.768548 0.155657 0.075795
736 0.081208 0.798585 0.120207
730 0.169828 0.299532 0.530640
14390 0.164379 0.289343 0.546278
871 0.690711 0.306910 0.002379
18188 0.093274 0.815616 0.091109
1139 0.838837 0.158251 0.002912
1067 0.380733 0.462848 0.156419
17801 0.221179 0.040790 0.738030
17806 0.726796 0.065004 0.208201
1208 0.060624 0.614588 0.324788
1093 0.287783 0.515268 0.196949
17629 0.052821 0.514195 0.432984
17709 0.114746 0.760994 0.124260
17698 0.681809 0.235483 0.082708
17758 0.034525 0.100434 0.865041
1270 0.047089 0.626076 0.326835
17762 0.936725 0.030750 0.032525
1265 0.027175 0.046811 0.926013
17616 0.127435 0.103820 0.768745
17620 0.136753 0.044789 0.818458
1319 0.015120 0.109871 0.875009
21625 0.025076 0.039660 0.935265
1246 0.144800 0.611743 0.243457
1242 0.074703 0.889832 0.035465
1238 0.063158 0.909966 0.026877
17731 0.055328 0.845659 0.099013
17735 0.028221 0.908024 0.063755
247 0.053035 0.020630 0.926335
18003 0.168058 0.406760 0.425182
1310 0.119930 0.798335 0.081735
17700 0.902292 0.050599 0.047109
17682 0.776428 0.101344 0.122228
1279 0.951375 0.007334 0.041291
21616 0.055135 0.929922 0.014944
1055 0.639759 0.348728 0.011513
1290 0.165804 0.796630 0.037566
17598 0.955047 0.044026 0.000927
17602 0.840418 0.080675 0.078907
17606 0.964779 0.015204 0.020016
21592 0.053495 0.045817 0.900688
1374 0.036925 0.963075 0.000000
17592 0.468567 0.001339 0.530094
17596 0.065164 0.817582 0.117254
1384 0.058799 0.880784 0.060417
1402 0.105335 0.801815 0.092850
21565 0.126721 0.133416 0.739863
1399 0.703583 0.233390 0.063027
1404 0.735564 0.238812 0.025625
17654 0.032895 0.179584 0.787520
1387 0.860128 0.101322 0.038550
1362 0.856108 0.034411 0.109481
17644 0.053067 0.735006 0.211927
21612 0.017347 0.165543 0.817109
17640 0.080203 0.801543 0.118255
17889 0.007849 0.210985 0.781166
17893 0.038220 0.162826 0.798953
1359 0.855399 0.134758 0.009843
1355 0.860221 0.037944 0.101835
17878 0.827236 0.088517 0.084248
1347 0.153656 0.837014 0.009330
1133 0.051446 0.027765 0.920789
17873 0.155498 0.166755 0.677747
17899 0.123045 0.177805 0.699150
17925 0.085565 0.133613 0.780822
1107 0.878675 0.109947 0.011378
1103 0.899641 0.001034 0.099326
17866 0.907440 0.044181 0.048379
17904 0.243319 0.658511 0.098169
17901 0.408598 0.031811 0.559590
17905 0.417329 0.143436 0.439235
1064 0.122971 0.649424 0.227605
17848 0.847671 0.076444 0.075886
1098 0.877213 0.108510 0.014277
17938 0.975674 0.011310 0.013016
1215 0.150949 0.790840 0.058211
1221 0.785600 0.208786 0.005614
17775 0.070411 0.713739 0.215850
1080 0.109419 0.205186 0.685395
17771 0.043292 0.622607 0.334101
1206 0.392406 0.527665 0.079929
17855 0.042400 0.777096 0.180505
17854 0.831114 0.008301 0.160585
17792 0.081384 0.482382 0.436234
1227 0.424112 0.560266 0.015623
17787 0.933545 0.062845 0.003609
17810 0.033540 0.335012 0.631447
17798 0.450387 0.071774 0.477838
1187 0.821444 0.040224 0.138331
17843 0.079418 0.880183 0.040400
1168 0.075532 0.813243 0.111225
17827 0.018514 0.626154 0.355332
19700 0.153054 0.687013 0.159933
1184 0.450579 0.195221 0.354199
196 0.006579 0.909187 0.084234
17823 0.081001 0.055384 0.863615
236 0.143384 0.003479 0.853137
702 0.074769 0.001583 0.923648
250 0.065776 0.813454 0.120771
21623 0.072561 0.897396 0.030043
248 0.066805 0.866504 0.066691
317 0.881643 0.097964 0.020393
315 0.037223 0.906494 0.056284
319 0.178161 0.745052 0.076788
224 0.002066 0.894541 0.103393
21771 0.050303 0.059152 0.890545
323 0.047954 0.689881 0.262165
21607 0.226582 0.298576 0.474842
21611 0.014469 0.329932 0.655600
203 0.619922 0.298144 0.081934
199 0.658791 0.209556 0.131653
21606 0.009856 0.941706 0.048438
21505 0.198884 0.081723 0.719393
331 0.860232 0.071485 0.068283
306 0.840753 0.080698 0.078549
21539 0.003118 0.173257 0.823625
6 0.733296 0.110225 0.156479
21536 0.761145 0.069168 0.169687
21511 0.073818 0.102696 0.823485
21524 0.042254 0.013415 0.944331
21466 0.049771 0.118819 0.831409
21471 0.173844 0.055021 0.771135
21474 0.008021 0.634660 0.357319
339 0.058906 0.919205 0.021889
337 0.015058 0.039349 0.945593
330 0.009990 0.914176 0.075834
21420 0.959655 0.026984 0.013361
278 0.002943 0.009359 0.987697
21776 0.001941 0.128911 0.869148
21750 0.032697 0.467031 0.500271
302 0.156199 0.719331 0.124470
284 0.158406 0.794360 0.047234
21754 0.029173 0.953653 0.017175
75 0.005910 0.090332 0.903759
21789 0.094952 0.002627 0.902421
21700 0.011311 0.260547 0.728142
21697 0.078684 0.011590 0.909726
21220 0.743834 0.036607 0.219559
21224 0.683524 0.308236 0.008240
110 0.738891 0.002498 0.258610
351 0.546378 0.188030 0.265592
361 0.294421 0.566069 0.139510
529 0.068100 0.432307 0.499593
21251 0.484455 0.170971 0.344575
21259 0.847819 0.122030 0.030150
21148 0.552189 0.244413 0.203397
21135 0.127482 0.103474 0.769044
604 0.628162 0.209913 0.161925
21424 0.626866 0.347876 0.025258
21124 0.063672 0.819522 0.116806
696 0.421552 0.388846 0.189602
21401 0.235885 0.217985 0.546130
21412 0.026606 0.932017 0.041376
406 0.359141 0.265365 0.375495
402 0.404610 0.281836 0.313554
391 0.622776 0.069456 0.307768
21727 0.072126 0.827430 0.100444
52 0.959541 0.020710 0.019749
65 0.099837 0.638466 0.261697
79 0.281736 0.718146 0.000118
21666 0.076224 0.189087 0.734689
21662 0.296128 0.339998 0.363874
32 0.317023 0.262816 0.420161
85 0.754491 0.227915 0.017594
148 0.649657 0.203947 0.146396
21452 0.063874 0.521761 0.414365
290 0.475964 0.474438 0.049598
21755 0.054028 0.637396 0.308575
59 0.154022 0.196526 0.649453
21746 0.221556 0.771657 0.006787
21725 0.478680 0.181104 0.340216
84 0.036862 0.943773 0.019365
21794 0.247372 0.078730 0.673898
21810 0.275455 0.612055 0.112490
12 0.364354 0.464318 0.171328
21778 0.037195 0.139642 0.823162
21783 0.819456 0.128524 0.052020
21769 0.839573 0.147398 0.013029
70 0.158892 0.236988 0.604121
15 0.632705 0.334526 0.032769
42 0.321532 0.670156 0.008312
1 0.443139 0.374116 0.182744
21543 0.847941 0.072238 0.079820
21775 0.043443 0.917743 0.038813
21389 0.302538 0.080688 0.616774
21658 0.452309 0.185541 0.362151
395 0.096137 0.803738 0.100125
21638 0.141101 0.398002 0.460897
137 0.741009 0.176639 0.082352
21650 0.208778 0.504179 0.287043
21654 0.449654 0.510743 0.039603
21701 0.288757 0.463936 0.247307
159 0.441122 0.360400 0.198478
357 0.092503 0.363154 0.544342
21691 0.247495 0.457682 0.294822
94 0.544202 0.297352 0.158446
21721 0.273045 0.507719 0.219236
21717 0.384307 0.243349 0.372344
21722 0.319838 0.147893 0.532270
156 0.027702 0.091599 0.880699
21214 0.688366 0.164705 0.146929
593 0.377121 0.621588 0.001291
575 0.483309 0.360114 0.156577
581 0.441676 0.100863 0.457461
584 0.041750 0.561906 0.396344
588 0.099606 0.878102 0.022292
532 0.154931 0.236575 0.608495
21262 0.698559 0.072709 0.228732
545 0.170885 0.242803 0.586311
557 0.040822 0.791703 0.167475
21268 0.024936 0.865993 0.109071
600 0.233427 0.316053 0.450520
660 0.302120 0.269153 0.428727
664 0.846900 0.018582 0.134517
21161 0.099803 0.869394 0.030803
21165 0.493615 0.253694 0.252691
21169 0.770031 0.098274 0.131695
21141 0.181875 0.056227 0.761898
21193 0.307723 0.201665 0.490612
627 0.658192 0.265167 0.076641
686 0.039020 0.049699 0.911281
682 0.353080 0.420300 0.226620
635 0.345145 0.029426 0.625429
690 0.193822 0.654443 0.151734
398 0.009729 0.183177 0.807094
21384 0.101014 0.602549 0.296437
21388 0.263919 0.248208 0.487873
419 0.267609 0.238141 0.494250
367 0.369246 0.021069 0.609685
363 0.071164 0.352313 0.576523
21415 0.338976 0.088709 0.572315
22264 0.855870 0.064186 0.079945
21912 0.863570 0.031893 0.104536
376 0.825155 0.154641 0.020204
21318 0.908812 0.066130 0.025058
1538 0.075525 0.041442 0.883033
2191 0.052673 0.933597 0.013730
2192 0.952966 0.002252 0.044782
15108 0.104213 0.166464 0.729324
14076 0.125775 0.850572 0.023653
381 0.180511 0.000603 0.818886
377 0.121449 0.125556 0.752995
21326 0.016479 0.332990 0.650532
465 0.752290 0.132737 0.114973
15014 0.055080 0.282050 0.662870
14495 0.001829 0.033348 0.964823
1510 0.514141 0.476454 0.009406
21369 0.093491 0.494593 0.411915
21876 0.060760 0.343579 0.595660
14139 0.080756 0.386673 0.532572
14985 0.844634 0.139152 0.016213
14228 0.179973 0.563222 0.256805
2381 0.947722 0.017150 0.035128
15082 0.059481 0.032888 0.907631
1053 0.914608 0.051616 0.033776
22288 0.012235 0.133844 0.853921
21302 0.925729 0.063156 0.011115
14111 0.055116 0.057416 0.887468
1499 0.102093 0.009174 0.888733
474 0.064995 0.092661 0.842344
471 0.016756 0.242993 0.740251
21334 0.465907 0.090330 0.443763
440 0.754490 0.133091 0.112418
2439 0.512968 0.426436 0.060596
21305 0.033083 0.935991 0.030926
516 0.809191 0.171596 0.019213
512 0.617689 0.354107 0.028204
508 0.897790 0.067988 0.034222
2121 0.679431 0.297071 0.023498
515 0.052352 0.016881 0.930767
21353 0.052405 0.005006 0.942589
493 0.889517 0.108298 0.002185
15216 0.045391 0.149097 0.805511
2128 0.483740 0.408716 0.107544
2347 0.080689 0.887191 0.032119
2343 0.049590 0.924831 0.025578
2340 0.073236 0.901444 0.025320
2574 0.718002 0.262506 0.019492
15117 0.024898 0.722818 0.252284
1406 0.036592 0.937285 0.026123
22292 0.023964 0.031203 0.944833
2338 0.036678 0.020151 0.943171
2108 0.725490 0.154869 0.119641
14623 0.000000 0.267167 0.732833
2361 0.063971 0.834318 0.101711
2368 0.152496 0.801192 0.046312
2364 0.196550 0.769416 0.034034
2131 0.835323 0.107683 0.056994
22515 0.453186 0.497076 0.049738
2308 0.123174 0.011738 0.865088
2304 0.015178 0.963656 0.021166
21858 0.010782 0.880371 0.108847
2149 0.866653 0.028223 0.105124
6094 0.443396 0.191264 0.365340
2436 0.136060 0.758192 0.105748
2434 0.947545 0.029035 0.023420
2320 0.016922 0.889475 0.093603
14998 0.946240 0.000196 0.053564
2422 0.579202 0.087001 0.333797
2456 0.125656 0.869021 0.005322
2447 0.012180 0.039560 0.948261
15022 0.117758 0.143491 0.738750
2445 0.877352 0.027728 0.094920
21301 0.101490 0.100729 0.797782
2331 0.035739 0.955054 0.009207
2260 0.842133 0.011102 0.146765
2152 0.135194 0.832571 0.032235
2404 0.073112 0.015561 0.911327
14210 0.018223 0.141228 0.840549
15025 0.988126 0.000297 0.011577
14984 0.005978 0.133667 0.860355
15039 0.071819 0.895587 0.032594
14963 0.033174 0.052593 0.914233
14959 0.131269 0.048065 0.820666
1989 0.851364 0.095322 0.053314
14219 0.009918 0.978051 0.012031
15096 0.036881 0.078756 0.884363
14232 0.081120 0.617386 0.301494
15123 0.787855 0.127712 0.084432
14662 0.021074 0.096131 0.882795
14667 0.049596 0.045059 0.905345
2622 0.688481 0.185521 0.125998
2618 0.644122 0.035704 0.320174
15142 0.201496 0.316933 0.481571
14499 0.058901 0.036188 0.904911
14519 0.034447 0.078285 0.887268
2328 0.017061 0.899051 0.083889
523 0.078625 0.832690 0.088685
22260 0.074502 0.288914 0.636584
14544 0.874037 0.054010 0.071953
14835 0.073489 0.899765 0.026746
2135 0.060688 0.046466 0.892846
15063 0.089488 0.898192 0.012320
2224 0.025487 0.040600 0.933913
15070 0.081365 0.064097 0.854539
15074 0.206502 0.105137 0.688361
2112 0.802232 0.094029 0.103739
2117 0.759922 0.104522 0.135556
14851 0.127461 0.089652 0.782887
15058 0.011491 0.850670 0.137840
2179 0.014464 0.983841 0.001695
2713 0.080129 0.885786 0.034085
1639 0.005541 0.920042 0.074418
14825 0.041198 0.029182 0.929620
15151 0.050067 0.024001 0.925932
2694 0.937308 0.005710 0.056983
14810 0.015274 0.020020 0.964705
1794 0.856374 0.104294 0.039333
1782 0.828081 0.104830 0.067088
2755 0.019306 0.887045 0.093650
14819 0.008003 0.151164 0.840833
14842 0.048151 0.113138 0.838711
14778 0.046531 0.180138 0.773332
2742 0.824773 0.107830 0.067397
15361 0.896529 0.092233 0.011239
15322 0.046710 0.111632 0.841658
15348 0.058637 0.103355 0.838008
15374 0.011928 0.020260 0.967813
2807 0.911888 0.025008 0.063104
15385 0.945415 0.022927 0.031657
2752 0.763758 0.059769 0.176473
15453 0.657748 0.138391 0.203861
2539 0.004207 0.431482 0.564311
2542 0.255860 0.722557 0.021583
15471 0.103811 0.432200 0.463989
15458 0.746895 0.142883 0.110222
2252 0.044729 0.920572 0.034698
2480 0.459407 0.346618 0.193975
2477 0.509108 0.386065 0.104826
15203 0.789375 0.138208 0.072417
2603 0.242024 0.577339 0.180637
2633 0.887278 0.060578 0.052143
15195 0.053784 0.537991 0.408225
15271 0.910281 0.071593 0.018126
2723 0.554126 0.326256 0.119618
2711 0.790857 0.108860 0.100283
14876 0.090822 0.170857 0.738321
2652 0.030330 0.000736 0.968934
14782 0.808279 0.051553 0.140167
2689 0.001146 0.878577 0.120276
14910 0.959154 0.017471 0.023374
2720 0.015545 0.931463 0.052992
2569 0.339137 0.562899 0.097964
15130 0.663948 0.231430 0.104622
2242 0.046246 0.911025 0.042730
14791 0.013241 0.979345 0.007414
2212 0.123841 0.857924 0.018235
2217 0.151411 0.673562 0.175027
14779 0.029254 0.054136 0.916609
2201 0.974533 0.022831 0.002636
14807 0.011414 0.097651 0.890936
14847 0.039174 0.808151 0.152675
2271 0.159941 0.526356 0.313703
14820 0.018609 0.647192 0.334199
14917 0.017978 0.949255 0.032767
2236 0.092684 0.869567 0.037749
14803 0.079995 0.340689 0.579316
2699 0.108980 0.150586 0.740434
2284 0.069276 0.233824 0.696900
2701 0.066997 0.058379 0.874625
14830 0.050442 0.027404 0.922154
14926 0.975775 0.005739 0.018486
14938 0.973727 0.000000 0.026273
15162 0.093459 0.061524 0.845017
2554 0.801970 0.102042 0.095988
2662 0.028392 0.039522 0.932086
2710 0.150460 0.694827 0.154713
14877 0.008903 0.943007 0.048090
14878 0.849342 0.027732 0.122926
14883 0.790674 0.076859 0.132467
14870 0.761905 0.004132 0.233962
2578 0.062686 0.890785 0.046530
15365 0.128061 0.005361 0.866578
2667 0.171624 0.686445 0.141931
14891 0.879845 0.019265 0.100889
2678 0.005046 0.869215 0.125739
2647 0.072971 0.901423 0.025606
2792 0.087274 0.828806 0.083921
2754 0.148913 0.817836 0.033251
2746 0.120871 0.807910 0.071219
15345 0.075254 0.053468 0.871277
15340 0.080102 0.047581 0.872317
15326 0.041462 0.042394 0.916144
15389 0.947827 0.016213 0.035960
15391 0.003045 0.849946 0.147010
15331 0.913324 0.008598 0.078078
15336 0.957682 0.019244 0.023075
15442 0.012863 0.945265 0.041872
2511 0.201562 0.778179 0.020260
15310 0.836232 0.082262 0.081505
2529 0.657494 0.174188 0.168318
15456 0.721378 0.199718 0.078903
15190 0.084783 0.295946 0.619271
15186 0.213668 0.371194 0.415138
15191 0.377038 0.229731 0.393231
15182 0.201038 0.105639 0.693323
15422 0.142135 0.531462 0.326403
2496 0.581673 0.402462 0.015865
15394 0.062886 0.895090 0.042023
2463 0.378083 0.493068 0.128849
2484 0.517705 0.194866 0.287429
15406 0.732596 0.202066 0.065338
15148 0.021222 0.544435 0.434342
2601 0.380774 0.492851 0.126374
2597 0.039488 0.715250 0.245261
15149 0.103719 0.254807 0.641474
15167 0.352754 0.044276 0.602971
2584 0.133963 0.827654 0.038383
15155 0.000901 0.970529 0.028570
1630 0.305484 0.177534 0.516982
1635 0.284147 0.414467 0.301386
1666 0.225031 0.503638 0.271331
1662 0.145674 0.660298 0.194028
1667 0.678622 0.230269 0.091109
1654 0.492497 0.397839 0.109664
15234 0.064980 0.934758 0.000262
1808 0.879551 0.084350 0.036099
1823 0.078743 0.882194 0.039063
14736 0.155249 0.382005 0.462746
14739 0.260880 0.659829 0.079291
1936 0.456651 0.447344 0.096005
14338 0.006691 0.814466 0.178842
1945 0.091199 0.824088 0.084712
14174 0.034119 0.271630 0.694251
14178 0.088548 0.548835 0.362616
1985 0.188747 0.802158 0.009094
14204 0.060511 0.671367 0.268121
2005 0.386196 0.498491 0.115313
14240 0.206654 0.617882 0.175465
14243 0.096639 0.843562 0.059799
1695 0.129654 0.200830 0.669516
15219 0.563031 0.219144 0.217825
1591 0.080452 0.637106 0.282442
1622 0.170466 0.706785 0.122749
14144 0.112773 0.834867 0.052361
1686 0.116439 0.147582 0.735979
14264 0.949835 0.047698 0.002466
14312 0.096968 0.050789 0.852243
14317 0.420032 0.065297 0.514672
14321 0.837358 0.012221 0.150421
14295 0.545116 0.219228 0.235656
852 0.014647 0.269404 0.715948
1698 0.133699 0.165856 0.700445
14276 0.870831 0.059069 0.070101
14281 0.008014 0.057828 0.934158
14285 0.382945 0.049915 0.567139
14270 0.891106 0.030880 0.078014
1754 0.083890 0.899033 0.017077
1723 0.245568 0.544113 0.210319
14401 0.669288 0.114017 0.216694
14381 0.048993 0.127765 0.823243
14385 0.046068 0.060468 0.893464
1580 0.073347 0.739695 0.186958
1594 0.017854 0.309764 0.672382
4362 0.067289 0.168078 0.764633
14314 0.475683 0.130634 0.393683
14404 0.019886 0.208808 0.771306
14379 0.481673 0.193162 0.325165
14352 0.612099 0.224600 0.163300
1422 0.234220 0.409166 0.356614
14148 0.211796 0.117647 0.670557
1560 0.409755 0.204337 0.385908
1539 0.359056 0.355042 0.285903
14375 0.004874 0.770655 0.224470
1411 0.128350 0.800714 0.070936
14414 0.036364 0.865254 0.098383
14417 0.109635 0.485552 0.404813
14213 0.002822 0.759079 0.238100
2405 0.041472 0.684498 0.274030
14211 0.258384 0.039426 0.702189
1996 0.037128 0.858127 0.104745
14128 0.885558 0.052430 0.062011
1561 0.155700 0.745731 0.098569
15046 0.022294 0.600140 0.377566
1543 0.216309 0.574811 0.208880
2051 0.665405 0.270601 0.063994
14088 0.191768 0.059519 0.748713
2412 0.936717 0.057913 0.005370
2380 0.083020 0.896823 0.020158
1521 0.093637 0.870248 0.036115
14100 0.008368 0.870066 0.121565
1529 0.178206 0.814672 0.007122
14108 0.079006 0.789995 0.130999
1496 0.127128 0.058881 0.813990
14680 0.046290 0.796310 0.157400
14685 0.103126 0.015017 0.881857
2088 0.929902 0.054465 0.015634
2103 0.806122 0.177649 0.016230
14675 0.412288 0.238965 0.348748
2105 0.026459 0.097142 0.876399
2106 0.033927 0.962126 0.003947
1976 0.054624 0.937533 0.007843
14424 0.033093 0.337753 0.629154
1975 0.666729 0.309526 0.023745
14190 0.101830 0.079082 0.819087
14194 0.002630 0.110115 0.887255
1965 0.191306 0.776939 0.031756
14195 0.041040 0.016653 0.942307
1968 0.002283 0.954404 0.043313
2063 0.046591 0.896561 0.056847
2034 0.050348 0.741698 0.207954
2038 0.011104 0.599646 0.389250
14612 0.099013 0.003695 0.897292
2086 0.976972 0.001851 0.021177
2091 0.971781 0.023783 0.004436
14647 0.404795 0.017324 0.577881
14609 0.021416 0.086597 0.891987
2032 0.923266 0.029100 0.047634
2027 0.914354 0.049942 0.035705
2054 0.025592 0.016502 0.957906
2030 0.073636 0.886302 0.040062
2026 0.208648 0.778526 0.012827
2057 0.044302 0.054749 0.900950
14624 0.096614 0.098907 0.804479
14740 0.177733 0.036084 0.786184
2053 0.054075 0.422561 0.523364
14766 0.013944 0.042588 0.943469
1834 0.092712 0.875409 0.031879
9486 0.863228 0.038511 0.098260
14691 0.005049 0.031732 0.963220
14709 0.192918 0.010074 0.797008
9493 0.846689 0.131533 0.021778
14728 0.022079 0.912827 0.065094
14720 0.115666 0.044308 0.840026
16437 0.866034 0.015640 0.118325
14513 0.094357 0.893942 0.011701
14548 0.066747 0.053753 0.879501
16428 0.148329 0.045918 0.805753
9393 0.114983 0.761839 0.123178
16374 0.909875 0.001042 0.089083
9351 0.020248 0.895711 0.084041
1800 0.033576 0.961958 0.004466
1904 0.025712 0.054261 0.920027
1790 0.104910 0.876678 0.018411
1784 0.148977 0.843565 0.007458
14471 0.051603 0.014501 0.933896
1897 0.067282 0.910977 0.021742
1929 0.071149 0.913836 0.015015
14510 0.032505 0.899184 0.068310
14496 0.017942 0.981602 0.000456
14522 0.071004 0.915957 0.013039
1925 0.018742 0.874394 0.106864
1922 0.084767 0.842510 0.072724
1890 0.072773 0.837371 0.089856
1864 0.067377 0.905737 0.026886
1860 0.014361 0.916769 0.068870
14428 0.009717 0.918102 0.072181
1852 0.056513 0.901031 0.042456
9376 0.910578 0.032584 0.056838
9407 0.930435 0.035752 0.033813
14451 0.016351 0.169087 0.814562
14456 0.037756 0.144244 0.818000
9335 0.854525 0.138971 0.006504
14583 0.053368 0.151559 0.795073
14588 0.120599 0.049712 0.829690
14591 0.092904 0.077151 0.829945
14565 0.058677 0.923226 0.018097
9386 0.049395 0.035990 0.914615
14559 0.088261 0.008908 0.902831
14563 0.090760 0.038285 0.870955
14567 0.088986 0.046210 0.864805
1872 0.001325 0.835204 0.163471
9483 0.735807 0.118880 0.145313
14524 0.828130 0.131716 0.040155
14527 0.078342 0.042712 0.878946
16409 0.003401 0.149176 0.847423
9363 0.141039 0.701535 0.157426
16368 0.054388 0.006980 0.938632
16426 0.086449 0.091138 0.822412
16422 0.036218 0.925599 0.038183
9348 0.062863 0.892961 0.044177
9410 0.876724 0.060369 0.062907
9473 0.872768 0.050150 0.077082
9223 0.449104 0.202987 0.347909
16512 0.726746 0.029576 0.243678
16465 0.502833 0.205725 0.291442
16461 0.278940 0.114161 0.606899
