24594 0.065019 0.443290 0.491691
22417 0.751897 0.040414 0.207689
22336 0.322666 0.403078 0.274256
18511 0.051697 0.123206 0.825097
18544 0.026649 0.082378 0.890973
780 0.010227 0.746554 0.243218
24182 0.874724 0.003056 0.122220
25170 0.059414 0.735888 0.204699
23872 0.051586 0.247549 0.700865
6900 0.688364 0.178946 0.132690
24500 0.888165 0.074986 0.036849
4048 0.000000 1.000000 0.000000
1243 0.120647 0.560194 0.319159
1239 0.158400 0.425606 0.415994
6319 0.271255 0.429396 0.299348
19222 0.290229 0.384165 0.325606
23603 0.536515 0.180162 0.283324
924 0.461622 0.015612 0.522766
19226 0.306174 0.005429 0.688397
954 0.300275 0.208536 0.491189
23592 0.090471 0.544521 0.365008
1557 0.174083 0.482130 0.343787
879 0.571942 0.285037 0.143020
1476 0.627816 0.141710 0.230474
19652 0.626629 0.069730 0.303641
524 0.630434 0.242303 0.127263
12148 0.127307 0.374978 0.497715
828 0.020631 0.949820 0.029549
18467 0.206206 0.750363 0.043430
686 0.035997 0.023411 0.940592
19 0.438508 0.187484 0.374008
20174 0.019215 0.791314 0.189471
1917 0.134838 0.269863 0.595299
21819 0.576312 0.348772 0.074916
25158 0.128540 0.289092 0.582367
4109 0.136135 0.190829 0.673036
7179 0.090447 0.771535 0.138018
1248 0.430613 0.457145 0.112243
23504 0.202419 0.523613 0.273968
19106 0.005679 0.803000 0.191321
2834 0.067427 0.660387 0.272186
4878 0.011738 0.625900 0.362362
21685 0.150699 0.355490 0.493810
19021 0.200860 0.501017 0.298123
12256 0.158951 0.172649 0.668400
21678 0.135233 0.379410 0.485357
21462 0.075479 0.444720 0.479800
21470 0.353039 0.195246 0.451715
1870 0.254235 0.391386 0.354379
1848 0.441981 0.496542 0.061477
19697 0.016832 0.056513 0.926655
549 0.423740 0.131823 0.444437
18514 0.044446 0.299519 0.656035
4273 0.223889 0.637523 0.138588
806 0.265983 0.361826 0.372192
738 0.528214 0.378773 0.093014
20378 0.511054 0.424027 0.064919
12100 0.274153 0.123469 0.602378
1833 0.269523 0.360209 0.370268
21782 0.720948 0.174328 0.104725
1846 0.630752 0.324081 0.045167
23870 0.205534 0.568054 0.226412
6824 0.024157 0.899500 0.076343
4157 0.618988 0.082717 0.298295
25055 0.645961 0.297114 0.056925
3848 0.533166 0.240626 0.226208
3790 0.520916 0.189546 0.289538
25235 0.629854 0.116702 0.253444
710 0.610518 0.372057 0.017424
24064 0.283051 0.523055 0.193894
24781 0.818761 0.026202 0.155038
22473 0.891086 0.045568 0.063347
22341 0.134860 0.766825 0.098314
5634 0.928214 0.020094 0.051693
22710 0.263347 0.263290 0.473363
22016 0.143856 0.112511 0.743633
22623 0.154536 0.545941 0.299523
21938 0.675806 0.126509 0.197685
1207 0.132062 0.237920 0.630018
22284 0.599871 0.093127 0.307001
6211 0.562714 0.295057 0.142229
21992 0.124502 0.336192 0.539307
5747 0.135706 0.500720 0.363574
24917 0.341415 0.142960 0.515625
5753 0.682521 0.232786 0.084693
5767 0.024771 0.750587 0.224642
5768 0.273035 0.250024 0.476941
7256 0.050545 0.587970 0.361485
24951 0.353036 0.606044 0.040919
7168 0.513700 0.437700 0.048600
25479 0.004009 0.476495 0.519496
4548 0.319157 0.510278 0.170565
3824 0.557874 0.114048 0.328078
24567 0.330289 0.351299 0.318412
3813 0.570017 0.074007 0.355976
24549 0.022569 0.946677 0.030754
24526 0.165635 0.775459 0.058907
24530 0.329565 0.632550 0.037885
24534 0.403182 0.143564 0.453254
3784 0.481447 0.037007 0.481546
3777 0.062605 0.732931 0.204464
24388 0.793810 0.020730 0.185460
3764 0.740701 0.204718 0.054581
24400 0.028186 0.800553 0.171261
4276 0.329806 0.028036 0.642158
24069 0.086829 0.526489 0.386682
24100 0.726558 0.217750 0.055692
19703 0.683022 0.068108 0.248870
25488 0.459344 0.232535 0.308121
25035 0.056395 0.189751 0.753855
19914 0.229697 0.063168 0.707135
19985 0.673930 0.204536 0.121535
26 0.336349 0.157990 0.505661
859 0.433082 0.228219 0.338699
118 0.279520 0.327819 0.392661
19762 0.142145 0.505116 0.352740
125 0.252373 0.536558 0.211068
19658 0.479875 0.179185 0.340940
618 0.140610 0.609257 0.250133
1819 0.296245 0.489758 0.213997
18382 0.117133 0.352988 0.529879
575 0.588899 0.003970 0.407131
18253 0.362797 0.279657 0.357546
19167 0.173819 0.781307 0.044875
19203 0.047647 0.266389 0.685964
19079 0.715399 0.172669 0.111933
3122 0.508821 0.120197 0.370982
18925 0.122718 0.409502 0.467780
3077 0.576318 0.275805 0.147877
3088 0.058393 0.555926 0.385680
12082 0.372651 0.101553 0.525796
1 0.192877 0.724180 0.082943
19944 0.439805 0.459962 0.100232
19951 0.198888 0.766037 0.035075
25341 0.192644 0.690425 0.116930
7153 0.804856 0.149330 0.045814
7157 0.681926 0.280879 0.037195
23804 0.332712 0.597854 0.069434
25332 0.320539 0.283543 0.395918
7161 0.309533 0.439364 0.251103
6503 0.042603 0.018123 0.939274
6504 0.677432 0.183979 0.138589
6491 0.289713 0.011333 0.698954
25309 0.592021 0.077554 0.330425
3831 0.082476 0.046751 0.870773
3885 0.012965 0.122353 0.864682
24272 0.369359 0.396867 0.233774
4034 0.241452 0.229516 0.529032
24133 0.308187 0.182261 0.509552
24136 0.307665 0.237081 0.455254
4023 0.543023 0.147748 0.309229
20026 0.790038 0.207508 0.002453
24121 0.803012 0.023912 0.173076
18546 0.760903 0.077206 0.161891
3672 0.041834 0.816265 0.141901
3676 0.523412 0.448307 0.028281
3680 0.117097 0.706729 0.176174
24481 0.603945 0.289939 0.106116
3685 0.050017 0.197449 0.752534
3668 0.081658 0.008826 0.909516
119 0.205428 0.621206 0.173366
88 0.217381 0.552689 0.229930
19961 0.958682 0.040955 0.000363
25185 0.534084 0.061061 0.404855
25178 0.450518 0.539981 0.009501
6686 0.566847 0.016711 0.416442
6690 0.452033 0.329176 0.218791
6414 0.170300 0.693183 0.136517
4255 0.022946 0.932033 0.045021
4251 0.441269 0.105521 0.453211
23914 0.082484 0.008051 0.909465
6602 0.302071 0.522042 0.175887
25294 0.281870 0.706789 0.011341
25284 0.283821 0.091869 0.624311
23709 0.617512 0.118181 0.264308
4448 0.016293 0.793010 0.190697
23701 0.397027 0.194505 0.408467
23715 0.173048 0.765866 0.061087
4456 0.104807 0.338799 0.556394
25243 0.574188 0.292638 0.133174
25247 0.636663 0.221486 0.141851
6638 0.108923 0.851364 0.039712
6801 0.191551 0.155163 0.653286
4340 0.131331 0.719753 0.148916
4495 0.304048 0.095064 0.600888
4509 0.369024 0.307007 0.323968
23876 0.212262 0.670160 0.117579
5805 0.164792 0.365506 0.469701
5529 0.209254 0.507129 0.283617
22410 0.249320 0.200974 0.549706
5554 0.540585 0.428956 0.030460
24966 0.502478 0.307525 0.189997
7030 0.264817 0.009071 0.726111
6998 0.059904 0.730272 0.209823
22489 0.135722 0.131541 0.732736
24931 0.236891 0.376735 0.386374
24672 0.028497 0.169388 0.802115
5786 0.322234 0.470361 0.207405
5789 0.150598 0.479473 0.369929
24958 0.002009 0.074332 0.923660
25027 0.836096 0.087515 0.076388
25023 0.269551 0.084191 0.646258
24669 0.142576 0.842031 0.015393
6932 0.239364 0.309611 0.451025
24586 0.522416 0.084211 0.393373
24632 0.207384 0.210813 0.581803
22158 0.401151 0.024551 0.574298
7076 0.115753 0.134272 0.749975
7081 0.409054 0.541485 0.049461
7104 0.394343 0.540693 0.064963
24702 0.338796 0.433393 0.227811
24712 0.174744 0.358174 0.467083
24777 0.264154 0.290456 0.445389
7105 0.193727 0.302944 0.503329
24719 0.048066 0.436458 0.515476
24780 0.032711 0.949771 0.017519
24590 0.749144 0.023601 0.227255
5483 0.372512 0.604318 0.023170
6828 0.378928 0.218430 0.402642
6835 0.286533 0.108510 0.604957
24758 0.009047 0.139062 0.851891
7275 0.285956 0.072480 0.641563
22074 0.141157 0.779052 0.079790
6180 0.160300 0.558351 0.281348
22549 0.327812 0.565953 0.106235
6204 0.474005 0.071091 0.454904
6189 0.220614 0.638750 0.140636
22588 0.330920 0.556863 0.112217
22061 0.210332 0.628557 0.161111
22106 0.665756 0.247592 0.086652
6051 0.326368 0.523303 0.150329
22736 0.336036 0.578109 0.085855
22469 0.357783 0.495345 0.146872
24853 0.045216 0.898610 0.056174
23668 0.040517 0.719583 0.239900
6958 0.107102 0.295305 0.597593
24883 0.703976 0.286994 0.009031
6995 0.508862 0.368003 0.123136
22449 0.406417 0.112700 0.480883
24823 0.104990 0.714165 0.180845
5728 0.376170 0.349231 0.274599
22422 0.207205 0.158011 0.634784
22492 0.363527 0.590927 0.045545
5493 0.305381 0.520655 0.173964
7003 0.174345 0.267267 0.558388
6859 0.457269 0.525878 0.016853
7192 0.519131 0.121090 0.359779
22527 0.096329 0.106859 0.796812
22610 0.078095 0.745838 0.176067
21999 0.053405 0.829895 0.116700
6207 0.230665 0.213929 0.555405
22631 0.502554 0.202003 0.295443
21966 0.063166 0.370701 0.566133
22618 0.457930 0.432173 0.109897
6101 0.630773 0.097164 0.272063
22283 0.051716 0.373739 0.574546
22295 0.055816 0.176050 0.768134
22574 0.291815 0.012363 0.695822
22662 0.650321 0.304810 0.044869
15648 0.190038 0.200005 0.609958
5674 0.228302 0.669217 0.102481
5621 0.299573 0.094963 0.605464
22306 0.522831 0.452081 0.025088
5536 0.517324 0.019173 0.463503
22671 0.284543 0.366870 0.348587
5668 0.101332 0.498872 0.399796
22511 0.145714 0.772126 0.082160
5870 0.013875 0.649750 0.336376
22676 0.677965 0.015709 0.306326
22580 0.115730 0.088652 0.795618
22413 0.497271 0.351978 0.150751
22583 0.839831 0.016365 0.143804
5541 0.162351 0.365160 0.472489
24617 0.436375 0.078058 0.485567
24748 0.744042 0.226851 0.029107
4532 0.041376 0.110769 0.847855
23848 0.400785 0.407467 0.191748
4344 0.441349 0.237168 0.321483
7242 0.135629 0.075689 0.788682
6373 0.350885 0.008979 0.640135
25415 0.232664 0.546632 0.220704
25411 0.161480 0.629786 0.208734
25424 0.131898 0.655152 0.212949
6382 0.542205 0.066888 0.390907
25381 0.518452 0.049414 0.432133
4309 0.718749 0.104353 0.176898
4299 0.590798 0.398746 0.010457
4298 0.481898 0.224382 0.293721
6625 0.523022 0.309737 0.167241
6570 0.126065 0.651256 0.222679
25462 0.174258 0.406753 0.418989
25476 0.452449 0.215433 0.332118
7131 0.808493 0.125816 0.065691
7127 0.512066 0.108188 0.379746
6514 0.307461 0.351277 0.341262
25264 0.002909 0.934228 0.062863
6425 0.607390 0.272662 0.119948
23966 0.218308 0.326878 0.454815
6675 0.880655 0.069614 0.049731
23994 0.655233 0.032071 0.312696
455 0.004622 0.624632 0.370746
25363 0.100015 0.885491 0.014494
7119 0.257288 0.156554 0.586158
4417 0.494269 0.082295 0.423436
24419 0.626977 0.165142 0.207881
3653 0.367969 0.589855 0.042176
4048 0.000000 0.189584 0.810416
3666 0.000000 0.000000 1.000000
4048 0.061476 0.938524 0.000000
4198 0.437366 0.285580 0.277054
4190 0.484008 0.360211 0.155781
24037 0.169135 0.520277 0.310587
1214 0.336529 0.527411 0.136060
1261 0.211547 0.089146 0.699307
22129 0.125755 0.639396 0.234849
6072 0.270338 0.416828 0.312834
6113 0.189497 0.524940 0.285563
6323 0.337045 0.338377 0.324578
6328 0.649838 0.104788 0.245374
6326 0.164661 0.007018 0.828321
6068 0.642323 0.004492 0.353185
23369 0.213787 0.067574 0.718639
6368 0.490262 0.188771 0.320967
1204 0.812060 0.137867 0.050073
6082 0.591721 0.009073 0.399205
22250 0.727639 0.048105 0.224256
6973 0.739539 0.029289 0.231172
6140 0.023847 0.807339 0.168814
1210 0.116444 0.603685 0.279871
21942 0.767514 0.095261 0.137225
5990 0.003605 0.828909 0.167486
21944 0.016822 0.787721 0.195457
1500 0.164220 0.350927 0.484853
955 0.281519 0.123677 0.594803
27771 0.500647 0.132667 0.366686
912 0.006296 0.336169 0.657535
19825 0.505572 0.360002 0.134426
19825 0.394435 0.211641 0.393924
19825 0.709338 0.262194 0.028468
450 0.000000 0.756407 0.243593
449 0.432473 0.155684 0.411843
449 0.320836 0.190673 0.488491
449 0.673970 0.326030 0.000000
19561 0.384306 0.151821 0.463874
449 0.388328 0.547919 0.063753
19561 0.118133 0.743311 0.138556
19509 0.120429 0.832395 0.047176
1067 0.406643 0.460729 0.132628
1059 0.152476 0.689431 0.158093
19509 0.137506 0.715450 0.147044
445 0.000000 0.001225 0.998775
19821 0.165762 0.647817 0.186421
852 0.396626 0.425377 0.177997
18448 0.215337 0.536025 0.248638
745 0.361916 0.296843 0.341241
902 0.058189 0.785808 0.156004
1384 0.330303 0.603177 0.066520
1384 0.788492 0.013017 0.198492
445 0.000000 0.318785 0.681215
445 0.329140 0.492666 0.178194
1384 0.099904 0.560885 0.339211
1384 0.313724 0.000000 0.686276
1562 0.501938 0.475474 0.022588
1439 0.827315 0.091957 0.080728
19565 0.034661 0.792424 0.172916
1437 0.164959 0.719616 0.115426
1544 0.067481 0.578539 0.353980
19532 0.344728 0.530999 0.124273
28096 0.333882 0.030752 0.635366
1757 0.301303 0.453581 0.245116
23578 0.131647 0.616352 0.252001
23615 0.165369 0.074807 0.759825
1023 0.098299 0.048055 0.853646
1079 0.198882 0.754582 0.046537
23638 0.450655 0.153344 0.396001
23484 0.893617 0.054345 0.052039
676 0.341127 0.239002 0.419871
18584 0.249419 0.158654 0.591928
18558 0.574961 0.132134 0.292905
674 0.032412 0.445892 0.521696
647 0.863753 0.106734 0.029513
543 0.564338 0.107266 0.328395
18225 0.285525 0.309332 0.405143
643 0.284939 0.273361 0.441699
481 0.931302 0.039823 0.028875
18219 0.598442 0.091584 0.309973
650 0.312069 0.245363 0.442568
476 0.127744 0.763454 0.108801
658 0.171737 0.060119 0.768144
18303 0.158029 0.642177 0.199794
493 0.482080 0.054739 0.463181
463 0.320413 0.080935 0.598652
18294 0.339285 0.028863 0.631852
485 0.432562 0.336371 0.231067
138 0.085151 0.284560 0.630289
203 0.347127 0.354154 0.298719
32 0.509773 0.419667 0.070560
31 0.245275 0.052675 0.702050
215 0.541110 0.036966 0.421924
19629 0.218365 0.423922 0.357713
19684 0.495908 0.142506 0.361586
19661 0.749816 0.227229 0.022955
195 0.014712 0.364607 0.620681
3161 0.924642 0.073822 0.001536
3153 0.173790 0.073511 0.752698
18352 0.214489 0.004963 0.780548
3021 0.295593 0.061002 0.643406
6615 0.188361 0.004363 0.807275
19631 0.509789 0.272019 0.218192
622 0.274981 0.257309 0.467710
69 0.132423 0.238141 0.629436
19993 0.548950 0.086472 0.364578
19918 0.155496 0.393060 0.451445
19978 0.318184 0.283670 0.398146
23915 0.076201 0.663911 0.259888
6669 0.043697 0.828540 0.127762
19987 0.883351 0.077029 0.039620
227 0.226803 0.584972 0.188225
24460 0.009766 0.071237 0.918996
20001 0.527516 0.066866 0.405618
19854 0.187146 0.414260 0.398594
19849 0.194643 0.064923 0.740434
20005 0.612737 0.114327 0.272936
24010 0.516819 0.072433 0.410749
6799 0.709399 0.159753 0.130848
6651 0.625801 0.274369 0.099830
25161 0.726836 0.082705 0.190459
2950 0.214570 0.690656 0.094773
18258 0.185982 0.758543 0.055475
23475 0.309696 0.005222 0.685083
23652 0.120483 0.181070 0.698448
23612 0.184117 0.202955 0.612928
1114 0.330616 0.493769 0.175615
19084 0.022186 0.213738 0.764076
18918 0.277287 0.404683 0.318029
18902 0.489467 0.408289 0.102244
23640 0.111675 0.798025 0.090300
1089 0.197748 0.129649 0.672603
23647 0.141265 0.479164 0.379571
23630 0.863256 0.061098 0.075646
1111 0.446486 0.384877 0.168637
1126 0.469091 0.389521 0.141388
3049 0.365700 0.356389 0.277911
3152 0.117788 0.700556 0.181655
18326 0.649770 0.049383 0.300847
609 0.178201 0.777531 0.044267
2993 0.443456 0.380573 0.175971
18324 0.359931 0.604719 0.035350
18341 0.125409 0.311748 0.562843
2990 0.232785 0.584088 0.183127
18348 0.615896 0.237980 0.146124
18377 0.217145 0.761879 0.020976
3170 0.144319 0.086359 0.769322
2972 0.008310 0.457960 0.533730
3041 0.122440 0.095916 0.781643
18982 0.407746 0.355033 0.237221
3007 0.393984 0.498604 0.107412
3039 0.453855 0.456734 0.089411
131 0.283844 0.574705 0.141451
169 0.089491 0.223005 0.687503
25068 0.318545 0.623759 0.057697
6648 0.463955 0.095841 0.440203
528 0.802662 0.148020 0.049318
20182 0.282672 0.338708 0.378619
513 0.631366 0.217852 0.150782
18652 0.547956 0.416312 0.035732
876 0.424199 0.265994 0.309806
18437 0.007514 0.776761 0.215725
18499 0.234171 0.251585 0.514244
18617 0.719740 0.022759 0.257500
870 0.013897 0.551174 0.434928
680 0.727215 0.239462 0.033323
18478 0.285946 0.529887 0.184167
687 0.495585 0.436596 0.067819
18659 0.198310 0.786424 0.015266
6476 0.870812 0.109798 0.019390
19758 0.173141 0.067763 0.759096
19749 0.006286 0.217728 0.775986
6606 0.145037 0.783837 0.071126
19117 0.295066 0.025450 0.679484
188 0.119146 0.342038 0.538815
377 0.220122 0.484920 0.294958
23839 0.213133 0.769187 0.017680
4122 0.467578 0.109873 0.422549
2793 0.660474 0.248331 0.091195
2355 0.176093 0.504364 0.319542
12070 0.077357 0.460239 0.462404
12272 0.118263 0.603181 0.278556
20160 0.434690 0.107991 0.457318
2278 0.766016 0.088233 0.145750
2381 0.213966 0.200998 0.585037
20565 0.669576 0.259630 0.070794
24209 0.343196 0.403569 0.253235
3348 0.190294 0.299030 0.510677
12155 0.129285 0.519034 0.351681
2361 0.093673 0.757922 0.148405
20398 0.057198 0.810693 0.132108
15568 0.461722 0.420046 0.118232
20150 0.099165 0.017601 0.883235
18670 0.088880 0.783370 0.127750
20641 0.011091 0.201232 0.787677
18672 0.284753 0.539682 0.175565
20397 0.011246 0.614201 0.374553
20156 0.465078 0.358202 0.176720
2941 0.174773 0.161162 0.664064
20396 0.648772 0.004021 0.347207
12149 0.428643 0.276805 0.294552
21834 0.148324 0.631674 0.220002
20256 0.024037 0.691520 0.284444
2133 0.741501 0.012257 0.246242
12552 0.581153 0.317051 0.101796
20531 0.834845 0.164626 0.000529
2494 0.189243 0.036428 0.774329
15779 0.420764 0.217159 0.362077
18711 0.897428 0.030889 0.071683
12560 0.116151 0.358641 0.525208
15776 0.039586 0.897211 0.063203
3396 0.560228 0.382334 0.057437
12553 0.197418 0.568780 0.233802
15713 0.461709 0.493422 0.044869
12721 0.406481 0.206752 0.386766
12689 0.358448 0.388692 0.252860
12373 0.033495 0.222843 0.743663
15706 0.467651 0.144467 0.387882
12743 0.578742 0.255320 0.165938
15866 0.925273 0.056826 0.017902
12307 0.783938 0.095421 0.120641
12306 0.707025 0.068492 0.224483
15869 0.265180 0.414167 0.320653
12401 0.467194 0.500963 0.031843
15808 0.133735 0.218315 0.647950
15780 0.140775 0.586624 0.272601
11988 0.069402 0.487013 0.443586
11992 0.487661 0.415223 0.097116
11990 0.287367 0.530908 0.181726
20675 0.314563 0.440823 0.244614
20877 0.388381 0.350806 0.260813
20201 0.750199 0.099639 0.150161
2474 0.112225 0.791981 0.095794
20864 0.142084 0.666709 0.191207
2792 0.420055 0.092803 0.487142
12723 0.537989 0.408901 0.053110
21486 0.277696 0.260905 0.461399
21492 0.246561 0.161507 0.591933
21801 0.042201 0.713108 0.244690
1881 0.159952 0.311889 0.528159
4197 0.138258 0.592713 0.269029
23886 0.443694 0.312671 0.243635
22922 0.095938 0.860846 0.043216
4184 0.527472 0.049699 0.422829
12307 0.591456 0.275484 0.133059
20550 0.337033 0.600224 0.062743
12310 0.707609 0.253090 0.039301
12306 0.623336 0.114024 0.262639
1612 0.841838 0.077717 0.080445
1026 0.714199 0.199145 0.086656
1616 0.855248 0.045761 0.098991
19394 0.776490 0.086501 0.137009
19390 0.801971 0.119422 0.078607
19385 0.479473 0.076139 0.444389
27522 0.328292 0.500555 0.171153
1678 0.697297 0.232277 0.070426
1426 0.507853 0.350813 0.141335
1452 0.134927 0.304747 0.560326
23443 0.077953 0.214281 0.707766
19443 0.044520 0.100965 0.854515
1436 0.000000 0.292016 0.707984
19825 0.185115 0.769550 0.045335
450 0.000000 0.073704 0.926296
1435 0.136403 0.640730 0.222867
27529 0.127576 0.601088 0.271336
1080 0.490119 0.435662 0.074219
23632 0.521162 0.415303 0.063535
23482 0.463881 0.062299 0.473820
23490 0.049346 0.500550 0.450104
1043 0.549243 0.199795 0.250963
1120 0.500182 0.335783 0.164035
23494 0.534278 0.258745 0.206977
1048 0.489374 0.024676 0.485949
24356 0.208664 0.062012 0.729324
24561 0.535658 0.266825 0.197517
23694 0.584462 0.053979 0.361558
23691 0.832302 0.131981 0.035716
4175 0.464987 0.308835 0.226177
24047 0.572042 0.330712 0.097246
23686 0.065234 0.828989 0.105777
23764 0.370437 0.527290 0.102273
24027 0.402757 0.009480 0.587762
24542 0.112867 0.180194 0.706938
24005 0.510744 0.301464 0.187793
3785 0.276056 0.685719 0.038225
23973 0.072236 0.198989 0.728775
24403 0.819746 0.095134 0.085120
6792 0.306452 0.339252 0.354296
6639 0.837873 0.141853 0.020274
24036 0.557800 0.427018 0.015182
12268 0.255611 0.418782 0.325606
12232 0.307470 0.088396 0.604133
12198 0.019965 0.332051 0.647984
20761 0.474557 0.131179 0.394263
20759 0.018561 0.718809 0.262630
21056 0.366773 0.321615 0.311612
20867 0.428749 0.553243 0.018008
12563 0.369373 0.543488 0.087139
12563 0.000000 0.865148 0.134852
2137 0.304888 0.149758 0.545353
3409 0.132299 0.757329 0.110371
3409 0.206697 0.785123 0.008180
12692 0.053720 0.605084 0.341196
12696 0.024936 0.853662 0.121402
18771 0.298843 0.577426 0.123732
18623 0.164998 0.083087 0.751916
19709 0.539667 0.088934 0.371399
893 0.672773 0.088204 0.239022
759 0.330114 0.535542 0.134344
19995 0.732422 0.069700 0.197878
19831 0.402728 0.195614 0.401657
6047 0.020114 0.634831 0.345055
6048 0.499308 0.476446 0.024246
24997 0.838260 0.125299 0.036441
23266 0.183443 0.757926 0.058631
6341 0.177573 0.399574 0.422854
24925 0.395269 0.508651 0.096080
7014 0.065498 0.601793 0.332709
23267 0.050384 0.026244 0.923372
7034 0.753673 0.042315 0.204012
6947 0.541715 0.109039 0.349246
23358 0.540336 0.306505 0.153159
23414 0.144842 0.145047 0.710111
1159 0.426951 0.524039 0.049010
1156 0.075261 0.509030 0.415708
1152 0.121668 0.071222 0.807110
21904 0.169095 0.745977 0.084928
5607 0.008112 0.012577 0.979312
22055 0.448881 0.224247 0.326871
21869 0.424073 0.260847 0.315079
21864 0.648883 0.108702 0.242415
22207 0.140011 0.160116 0.699873
5949 0.494113 0.398376 0.107511
22277 0.213425 0.040139 0.746436
21975 0.183340 0.017337 0.799323
6167 0.201286 0.417909 0.380806
22051 0.144165 0.783229 0.072606
22605 0.187217 0.762592 0.050192
21979 0.102185 0.761795 0.136019
22305 0.153977 0.707716 0.138307
22004 0.155010 0.035307 0.809683
21970 0.153683 0.272641 0.573676
1168 0.220127 0.210888 0.568984
6878 0.140540 0.371103 0.488358
22089 0.455819 0.406729 0.137452
1235 0.105364 0.498771 0.395865
6327 0.171840 0.719396 0.108765
23355 0.647544 0.282760 0.069696
5814 0.463758 0.408251 0.127991
23373 0.824287 0.168985 0.006728
24871 0.555181 0.069405 0.375414
5794 0.065607 0.461259 0.473133
5851 0.619559 0.357423 0.023018
22315 0.305952 0.480347 0.213701
23401 0.667007 0.251530 0.081463
23320 0.547726 0.045088 0.407186
1185 0.158728 0.589583 0.251689
23333 0.530021 0.334459 0.135520
23329 0.263974 0.326337 0.409690
23350 0.325339 0.555677 0.118985
1337 0.534830 0.455659 0.009511
964 0.223305 0.658460 0.118236
1005 0.711662 0.116295 0.172042
1339 0.687181 0.163992 0.148827
1294 0.143061 0.196209 0.660730
977 0.713736 0.138620 0.147644
1287 0.046575 0.953425 0.000000
23307 0.291923 0.084281 0.623796
970 0.222394 0.239844 0.537763
1290 0.072677 0.585712 0.341612
1288 0.297543 0.603918 0.098539
1274 0.347786 0.339303 0.312911
23435 0.054522 0.279211 0.666266
1333 0.180050 0.005730 0.814219
23288 0.762245 0.136174 0.101581
983 0.118624 0.720514 0.160862
988 0.370607 0.497545 0.131849
23300 0.211280 0.233649 0.555071
1013 0.297004 0.223519 0.479477
1009 0.209962 0.727264 0.062773
993 0.138689 0.158855 0.702456
23253 0.568560 0.094117 0.337322
4505 0.498558 0.297658 0.203784
23883 0.057768 0.407288 0.534945
19665 0.299812 0.379865 0.320323
12602 0.525003 0.215627 0.259369
2759 0.063366 0.124820 0.811813
2843 0.336944 0.582675 0.080381
20876 0.159285 0.184935 0.655780
12548 0.436131 0.559631 0.004238
12704 0.613451 0.247870 0.138679
15722 0.438309 0.342176 0.219516
12313 0.247458 0.017840 0.734702
12699 0.242148 0.394861 0.362991
20871 0.316692 0.480778 0.202530
20865 0.852894 0.100623 0.046483
3227 0.509337 0.260148 0.230515
3405 0.137562 0.031800 0.830638
3401 0.078446 0.895351 0.026203
21111 0.242180 0.516560 0.241260
2158 0.281375 0.310583 0.408042
20413 0.241974 0.095938 0.662087
20722 0.415034 0.042011 0.542955
20786 0.350584 0.508110 0.141306
20184 0.913800 0.065455 0.020745
20715 0.177262 0.209837 0.612901
12265 0.082629 0.386334 0.531036
12191 0.276594 0.469992 0.253414
11906 0.339755 0.000000 0.660245
20823 0.033425 0.761672 0.204903
20242 0.181420 0.349000 0.469580
12127 0.145402 0.182650 0.671948
21845 0.600601 0.130350 0.269048
2502 0.245826 0.747377 0.006797
21803 0.549287 0.434859 0.015854
21836 0.143900 0.618374 0.237726
3384 0.495751 0.113395 0.390854
3230 0.009810 0.030127 0.960063
21032 0.417330 0.505187 0.077483
3216 0.426210 0.547561 0.026229
2184 0.395936 0.149093 0.454972
21669 0.887741 0.004041 0.108218
20943 0.157146 0.525297 0.317557
21034 0.275971 0.703342 0.020687
2308 0.084418 0.241054 0.674528
3407 0.382827 0.521325 0.095848
12283 0.334506 0.225524 0.439970
20234 0.092757 0.427590 0.479653
12167 0.458055 0.475114 0.066831
20927 0.213361 0.620653 0.165986
20750 0.051122 0.842574 0.106304
20825 0.267992 0.036949 0.695060
20904 0.050576 0.619266 0.330158
20737 0.136236 0.856921 0.006843
20897 0.006847 0.637934 0.355218
20893 0.254741 0.156502 0.588758
23510 0.825065 0.095708 0.079227
19109 0.193533 0.485248 0.321218
23528 0.403903 0.119201 0.476896
2211 0.084613 0.382417 0.532970
4865 0.656640 0.080679 0.262681
20232 0.235618 0.652802 0.111581
21298 0.280945 0.010683 0.708372
3294 0.272418 0.622647 0.104935
20752 0.330754 0.305263 0.363983
20746 0.021119 0.976035 0.002846
20903 0.312704 0.283118 0.404178
20902 0.244740 0.670500 0.084759
12219 0.084185 0.435620 0.480194
12215 0.764359 0.099295 0.136346
18872 0.166551 0.781572 0.051877
3438 0.655432 0.280011 0.064557
3581 0.607854 0.188039 0.204107
18868 0.689034 0.105140 0.205826
3471 0.559374 0.196511 0.244115
18867 0.037233 0.109084 0.853683
18863 0.361255 0.480214 0.158531
3505 0.102970 0.245329 0.651701
18696 0.601761 0.211491 0.186748
18787 0.201247 0.688667 0.110085
3503 0.129753 0.089741 0.780505
3469 0.121629 0.048075 0.830295
3442 0.557548 0.319265 0.123187
3434 0.485115 0.267583 0.247301
18845 0.491399 0.260501 0.248100
2872 0.540254 0.028356 0.431389
18840 0.259462 0.706611 0.033927
21221 0.030809 0.043904 0.925286
21223 0.843297 0.045403 0.111300
21350 0.457187 0.156433 0.386380
21348 0.109209 0.798923 0.091868
21344 0.083362 0.192093 0.724545
3557 0.250422 0.281185 0.468393
21297 0.119143 0.757275 0.123582
20432 0.221443 0.600273 0.178284
21735 0.728763 0.076128 0.195109
2212 0.704024 0.018003 0.277973
3239 0.508083 0.403005 0.088912
21220 0.169362 0.163936 0.666702
12229 0.497178 0.104524 0.398298
3194 0.214250 0.246979 0.538771
3191 0.025854 0.198161 0.775984
3250 0.214779 0.285551 0.499670
21386 0.185068 0.284819 0.530113
21215 0.074124 0.020893 0.904983
3547 0.173829 0.744495 0.081676
3543 0.052078 0.436871 0.511051
3537 0.038081 0.516765 0.445154
18798 0.575738 0.400070 0.024192
18692 0.443345 0.117542 0.439113
3629 0.056245 0.026305 0.917450
21182 0.368888 0.196483 0.434629
21191 0.089286 0.842433 0.068281
3616 0.029383 0.758093 0.212524
2215 0.362740 0.117169 0.520091
2050 0.383160 0.082220 0.534620
21278 0.552966 0.246214 0.200820
2075 0.167759 0.017161 0.815079
28426 0.502123 0.305808 0.192069
9392 0.396610 0.266697 0.336693
28421 0.124303 0.331383 0.544314
2086 0.288537 0.235754 0.475708
2082 0.011361 0.883563 0.105076
2102 0.004567 0.362077 0.633356
2226 0.167725 0.716600 0.115675
19029 0.213608 0.102932 0.683460
21811 0.065929 0.777465 0.156606
21806 0.516153 0.166710 0.317137
12105 0.001153 0.102599 0.896248
2247 0.209958 0.519496 0.270546
21625 0.065921 0.052412 0.881667
21623 0.467044 0.511374 0.021582
12259 0.265582 0.703071 0.031347
12260 0.160268 0.798749 0.040984
2151 0.130174 0.391920 0.477907
2169 0.165613 0.435985 0.398402
2175 0.107180 0.807825 0.084994
21106 0.132035 0.289832 0.578133
3320 0.598824 0.080095 0.321081
20977 0.229223 0.166790 0.603987
20985 0.924457 0.016759 0.058784
2141 0.600162 0.123803 0.276035
21060 0.004255 0.909180 0.086565
20894 0.044349 0.800228 0.155423
20890 0.424259 0.429567 0.146173
2100 0.738187 0.236198 0.025614
2251 0.004548 0.180745 0.814707
20822 0.577440 0.274240 0.148319
2248 0.046452 0.265092 0.688456
2249 0.068832 0.854121 0.077047
2175 0.045117 0.341959 0.612925
2155 0.365878 0.624781 0.009341
2152 0.083707 0.399480 0.516813
21626 0.061950 0.127894 0.810156
12259 0.540479 0.127155 0.332367
20822 0.079438 0.143207 0.777355
21627 0.414960 0.195846 0.389194
20768 0.191093 0.734436 0.074471
2147 0.477030 0.448742 0.074228
2143 0.133436 0.515843 0.350721
20935 0.023635 0.049183 0.927182
11902 0.595942 0.403288 0.000770
20842 0.407327 0.137085 0.455588
3270 0.782760 0.069231 0.148008
21313 0.027961 0.278644 0.693395
20748 0.702679 0.291461 0.005859
12091 0.527353 0.082948 0.389699
21643 0.764574 0.131593 0.103833
21642 0.153316 0.141738 0.704946
2261 0.342405 0.226489 0.431106
21635 0.753734 0.032130 0.214136
21633 0.286987 0.449579 0.263434
20802 0.112550 0.074654 0.812796
20806 0.121325 0.411762 0.466913
12238 0.298622 0.523229 0.178149
20815 0.784786 0.085433 0.129780
12258 0.090762 0.401950 0.507288
20817 0.612812 0.274568 0.112620
11944 0.567449 0.306603 0.125948
20834 0.113437 0.048752 0.837811
20849 0.796943 0.162315 0.040742
11938 0.163167 0.301891 0.534942
11897 0.601599 0.071322 0.327079
11899 0.507046 0.386239 0.106715
20743 0.300933 0.635903 0.063164
20742 0.249895 0.401277 0.348827
11896 0.215267 0.379552 0.405181
20913 0.028972 0.836995 0.134033
12179 0.401346 0.010921 0.587733
20911 0.366243 0.614950 0.018807
20879 0.199941 0.332870 0.467189
11936 0.710072 0.097011 0.192917
21662 0.784917 0.118826 0.096257
21663 0.447801 0.143871 0.408329
21694 0.043592 0.371301 0.585106
21641 0.458006 0.475585 0.066409
12246 0.143584 0.565783 0.290633
2172 0.440914 0.055981 0.503105
11933 0.435580 0.095972 0.468447
2170 0.666762 0.077373 0.255864
2218 0.128709 0.532735 0.338556
21624 0.544479 0.255214 0.200307
2247 0.215791 0.178011 0.606198
2170 0.115129 0.014843 0.870027
21662 0.358648 0.506608 0.134743
21662 0.694415 0.027252 0.278333
21663 0.648463 0.254429 0.097108
2172 0.454589 0.351577 0.193834
2170 0.623900 0.000000 0.376100
2170 0.223208 0.003728 0.773064
21624 0.203733 0.396658 0.399609
21365 0.039478 0.124047 0.836475
21305 0.561857 0.365013 0.073130
3276 0.173329 0.060159 0.766512
3272 0.550737 0.265936 0.183327
21346 0.068569 0.045644 0.885787
21239 0.096610 0.539522 0.363868
21323 0.658340 0.015049 0.326611
3254 0.242954 0.174794 0.582252
3246 0.194406 0.642441 0.163154
3251 0.399229 0.415213 0.185558
3486 0.191806 0.528313 0.279881
21417 0.006608 0.956094 0.037297
21480 0.171113 0.576485 0.252402
21425 0.780301 0.201598 0.018101
1981 0.386019 0.298757 0.315224
20338 0.803999 0.094193 0.101808
2534 0.442478 0.367806 0.189716
2346 0.173835 0.744496 0.081669
21741 0.253597 0.482441 0.263963
2030 0.489264 0.244617 0.266119
20350 0.351332 0.548440 0.100228
20345 0.547233 0.286268 0.166499
2710 0.324953 0.253604 0.421443
21748 0.104577 0.155496 0.739927
21738 0.092478 0.036279 0.871243
20285 0.182110 0.097019 0.720872
2628 0.399493 0.533561 0.066946
2619 0.465439 0.395050 0.139510
2633 0.049453 0.613268 0.337280
2714 0.431525 0.224517 0.343958
2711 0.231649 0.311219 0.457131
20339 0.724646 0.115715 0.159638
2550 0.720947 0.019526 0.259527
21789 0.259880 0.561595 0.178525
1869 0.217322 0.436571 0.346107
1821 0.132089 0.343961 0.523950
1822 0.599310 0.058513 0.342177
2605 0.916928 0.066158 0.016914
1853 0.361753 0.605126 0.033122
1849 0.605297 0.041978 0.352725
21477 0.012575 0.189636 0.797789
21502 0.333977 0.581474 0.084549
21399 0.717632 0.132319 0.150049
21403 0.894939 0.042448 0.062613
21496 0.318926 0.583829 0.097245
2536 0.336904 0.540188 0.122908
2686 0.219694 0.556852 0.223454
2701 0.344596 0.343909 0.311495
20260 0.748090 0.087741 0.164169
2627 0.583995 0.054676 0.361329
20297 0.335988 0.044428 0.619584
2623 0.305296 0.292926 0.401778
2652 0.081772 0.541650 0.376578
2660 0.171057 0.675013 0.153930
20306 0.095418 0.474039 0.430543
2716 0.008667 0.014678 0.976655
20274 0.066270 0.476269 0.457461
2697 0.016633 0.269227 0.714140
2546 0.812289 0.059084 0.128627
1900 0.755851 0.174262 0.069887
2545 0.512226 0.415393 0.072381
20364 0.433825 0.027685 0.538490
20363 0.021307 0.148320 0.830373
2722 0.044296 0.584619 0.371085
2670 0.397384 0.083409 0.519207
2663 0.586156 0.187564 0.226280
20446 0.780743 0.005882 0.213374
20359 0.022103 0.802966 0.174931
2723 0.545067 0.270156 0.184777
2704 0.067574 0.864051 0.068375
20370 0.460700 0.365446 0.173855
20451 0.452161 0.365393 0.182446
2033 0.025683 0.250575 0.723742
21435 0.196462 0.295372 0.508165
1978 0.631720 0.233576 0.134704
21397 0.101531 0.441530 0.456939
1990 0.164428 0.689967 0.145606
1956 0.215770 0.347259 0.436971
1951 0.717155 0.075633 0.207212
1942 0.385609 0.287617 0.326774
1937 0.066174 0.070839 0.862987
21573 0.558733 0.094498 0.346770
2583 0.495631 0.293873 0.210496
1939 0.358961 0.397040 0.244000
21579 0.382663 0.063989 0.553348
21596 0.174432 0.649958 0.175610
2585 0.574379 0.227741 0.197880
2592 0.053800 0.636660 0.309540
21536 0.064718 0.217557 0.717725
21578 0.111801 0.093545 0.794654
1969 0.475786 0.337017 0.187196
2566 0.038354 0.459143 0.502503
2559 0.691164 0.170704 0.138132
2556 0.900480 0.005757 0.093763
2598 0.030064 0.013222 0.956713
21442 0.153779 0.218500 0.627721
21526 0.072961 0.537337 0.389702
2608 0.464750 0.374449 0.160801
21610 0.028043 0.543960 0.427997
2584 0.280094 0.237610 0.482296
21519 0.118812 0.281750 0.599438
2587 0.071606 0.498379 0.430014
2579 0.068930 0.669176 0.261894
2578 0.118805 0.164461 0.716734
19171 0.850197 0.086947 0.062856
19220 0.585030 0.054688 0.360282
19331 0.619583 0.097191 0.283226
1543 0.191366 0.089525 0.719108
19210 0.071090 0.621413 0.307496
19206 0.396432 0.315037 0.288531
1599 0.323640 0.590463 0.085896
27465 0.155266 0.578546 0.266188
1076 0.037716 0.764377 0.197907
27517 0.136074 0.784572 0.079354
1615 0.265869 0.126228 0.607903
19391 0.055387 0.194479 0.750134
1719 0.077273 0.019035 0.903691
1715 0.052056 0.568647 0.379297
1432 0.835878 0.001227 0.162895
1389 0.146002 0.398141 0.455857
1389 0.964244 0.032203 0.003553
19146 0.252893 0.677409 0.069698
1534 0.231426 0.126192 0.642382
427 0.063841 0.823826 0.112333
19821 0.092050 0.176675 0.731275
23032 0.468742 0.129093 0.402165
19509 0.296834 0.538153 0.165014
1383 0.291292 0.440535 0.268173
19502 0.580580 0.009879 0.409541
19816 0.138571 0.191036 0.670393
19855 0.661051 0.069514 0.269434
1586 0.258354 0.437490 0.304156
961 0.132040 0.831553 0.036407
19173 0.651210 0.144509 0.204280
19172 0.002192 0.198672 0.799135
922 0.000000 0.529652 0.470348
336 0.114697 0.505138 0.380165
19256 0.758748 0.000000 0.241252
19292 0.253451 0.160173 0.586376
1520 0.622190 0.175365 0.202444
1561 0.033487 0.014285 0.952228
1572 0.634722 0.275879 0.089399
1575 0.517598 0.364664 0.117738
1589 0.399473 0.037881 0.562646
301 0.024286 0.866906 0.108807
19903 0.440170 0.450396 0.109434
341 0.310502 0.272275 0.417223
304 0.725897 0.000000 0.274103
19262 0.362979 0.336175 0.300846
255 0.238244 0.216600 0.545156
318 0.531447 0.434992 0.033560
237 0.861299 0.080159 0.058542
19325 0.062370 0.462027 0.475603
19296 0.129284 0.320655 0.550061
250 0.113002 0.495899 0.391099
19320 0.219066 0.614227 0.166707
19127 0.383274 0.453560 0.163165
19128 0.409935 0.024795 0.565269
396 0.225476 0.105549 0.668975
230 0.498826 0.501174 0.000000
19273 0.930208 0.047840 0.021952
19275 0.489931 0.364844 0.145226
260 0.287058 0.104051 0.608891
19860 0.609265 0.114756 0.275980
268 0.290893 0.464418 0.244689
289 0.839125 0.119578 0.041296
19559 0.482929 0.403082 0.113989
19819 0.156386 0.612890 0.230724
1444 0.103720 0.457914 0.438366
451 0.636246 0.070382 0.293373
19570 0.013465 0.305635 0.680900
1422 0.083493 0.519690 0.396818
27510 0.028374 0.339730 0.631896
1594 0.428697 0.243470 0.327833
19893 0.525639 0.053857 0.420505
1739 0.400144 0.402567 0.197288
23447 0.231538 0.011440 0.757022
1068 0.091683 0.859639 0.048678
1744 0.023747 0.687122 0.289131
19470 0.256022 0.359594 0.384384
19474 0.258388 0.720478 0.021133
19195 0.663505 0.289122 0.047373
19465 0.362787 0.354883 0.282330
1410 0.330619 0.015798 0.653583
19189 0.438228 0.238524 0.323248
19813 0.478471 0.025592 0.495937
1368 0.445757 0.500575 0.053668
433 0.529428 0.283711 0.186861
19286 0.013183 0.423974 0.562843
19488 0.630387 0.015088 0.354525
3603 0.426186 0.000000 0.573814
3618 0.901130 0.098870 0.000000
21268 0.781216 0.208749 0.010035
3415 0.175948 0.046860 0.777192
3416 0.318846 0.360835 0.320318
18806 0.191177 0.239800 0.569022
3522 0.415011 0.216608 0.368381
21242 0.633105 0.221675 0.145220
21237 0.185097 0.555400 0.259503
21234 0.170533 0.074528 0.754938
3444 0.163858 0.399686 0.436456
11962 0.273334 0.286953 0.439712
11953 0.764385 0.024847 0.210769
20526 0.135737 0.288426 0.575837
11963 0.102803 0.438707 0.458490
11964 0.843556 0.098940 0.057504
11963 0.731044 0.247014 0.021942
20517 0.209228 0.750636 0.040136
11846 0.157042 0.217913 0.625045
21014 0.796531 0.147020 0.056448
20107 0.013462 0.313913 0.672624
3387 0.509798 0.336754 0.153449
2181 0.382036 0.347070 0.270894
6133 0.174487 0.137305 0.688207
22301 0.609916 0.142045 0.248039
22134 0.139005 0.634901 0.226094
6124 0.375055 0.093351 0.531594
22029 0.390061 0.184626 0.425314
22199 0.587394 0.358734 0.053872
22101 0.188875 0.660284 0.150841
6118 0.170435 0.214108 0.615457
1218 0.233123 0.410117 0.356760
22231 0.026598 0.193162 0.780240
22090 0.108069 0.357102 0.534829
6010 0.449564 0.487479 0.062957
6022 0.214885 0.178237 0.606878
6086 0.431707 0.540542 0.027751
22107 0.221231 0.242841 0.535928
22286 0.321257 0.515571 0.163172
21894 0.665386 0.081513 0.253101
22242 0.517872 0.162398 0.319730
6355 0.195066 0.150315 0.654619
6363 0.414145 0.049526 0.536329
6359 0.259228 0.540886 0.199886
6352 0.176919 0.783679 0.039402
6346 0.625456 0.125808 0.248737
6265 0.686907 0.284119 0.028974
6005 0.490450 0.509550 0.000000
21892 0.283254 0.484674 0.232073
6005 0.096597 0.394521 0.508882
6263 0.725796 0.213564 0.060640
6004 0.000000 0.531383 0.468617
5980 0.254534 0.162889 0.582576
6002 0.220846 0.779154 0.000000
6003 0.150903 0.779241 0.069857
6003 0.416778 0.000000 0.583222
6356 0.365044 0.255448 0.379508
6357 0.368638 0.232596 0.398766
6350 0.355450 0.401202 0.243348
6357 0.831847 0.145658 0.022495
6354 0.320474 0.671259 0.008267
22243 0.600241 0.000000 0.399759
22216 0.328884 0.517250 0.153866
22243 0.058590 0.309884 0.631526
22243 0.297041 0.662908 0.040051
22243 0.291842 0.453108 0.255050
19897 0.644653 0.090224 0.265123
822 0.057644 0.141950 0.800406
2927 0.335772 0.184831 0.479397
2925 0.261809 0.198453 0.539739
537 0.554644 0.058173 0.387183
20460 0.263649 0.200650 0.535701
18569 0.073240 0.060938 0.865822
20481 0.370063 0.314693 0.315243
3464 0.006503 0.023616 0.969881
3533 0.078231 0.682745 0.239024
3530 0.379550 0.024562 0.595888
21198 0.049262 0.786918 0.163820
18694 0.000000 0.937171 0.062829
3631 0.043449 0.180798 0.775753
3555 0.575342 0.082273 0.342385
3198 0.484864 0.504037 0.011098
21358 0.029004 0.112981 0.858015
20740 0.148865 0.173150 0.677985
12203 0.167053 0.581373 0.251573
21332 0.692747 0.288324 0.018929
21328 0.005097 0.343770 0.651133
21353 0.157919 0.297285 0.544796
3576 0.411095 0.354756 0.234148
3571 0.331110 0.480271 0.188620
20333 0.778089 0.170760 0.051150
21551 0.389501 0.497951 0.112548
2400 0.676397 0.112078 0.211525
2499 0.163195 0.528215 0.308590
21045 0.305952 0.286121 0.407927
2817 0.248712 0.698951 0.052337
4862 0.747491 0.175155 0.077354
19025 0.687460 0.279850 0.032689
23829 0.362565 0.277164 0.360272
23882 0.168348 0.002459 0.829193
2837 0.671692 0.247649 0.080659
6919 0.332377 0.299850 0.367773
24646 0.282029 0.199128 0.518843
4333 0.000000 0.884870 0.115130
4332 0.777822 0.074885 0.147293
4331 0.644924 0.089192 0.265883
4333 0.000000 0.498652 0.501348
4332 0.681108 0.150874 0.168017
4331 0.453807 0.044739 0.501455
23829 0.266654 0.513023 0.220322
17546 0.385363 0.430739 0.183898
13010 0.608545 0.174022 0.217433
18204 0.347771 0.040923 0.611305
26988 0.031843 0.076553 0.891604
26871 0.038445 0.729900 0.231654
7397 0.417436 0.521498 0.061066
26293 0.784083 0.212433 0.003484
13978 0.041704 0.727288 0.231008
11693 0.469376 0.254366 0.276257
14470 0.304147 0.188419 0.507434
16239 0.482807 0.354349 0.162844
4052 0.000000 1.000000 0.000000
13326 0.561626 0.274429 0.163945
16500 0.096779 0.413595 0.489626
16488 0.490787 0.256175 0.253037
8669 0.915800 0.074326 0.009874
17241 0.054980 0.206833 0.738187
17289 0.632602 0.088433 0.278964
8812 0.161233 0.014678 0.824088
26813 0.092480 0.070260 0.837260
17293 0.082472 0.728388 0.189140
26754 0.672190 0.303922 0.023887
7447 0.245087 0.582406 0.172507
26750 0.117581 0.034891 0.847528
27227 0.662771 0.071794 0.265435
8099 0.355057 0.138687 0.506255
10020 0.254438 0.322494 0.423068
8168 0.286283 0.482166 0.231551
25812 0.630544 0.300572 0.068885
8036 0.408105 0.457559 0.134336
8054 0.026077 0.272841 0.701082
28038 0.195155 0.205041 0.599804
9472 0.279010 0.621020 0.099970
9545 0.542002 0.158789 0.299209
11450 0.650534 0.039236 0.310230
