15082 0.228752 0.516187 0.255061
15087 0.249566 0.014292 0.736141
2787 0.559813 0.122023 0.318164
2784 0.852246 0.099702 0.048052
28950 0.120262 0.837041 0.042697
14735 0.555536 0.233505 0.210959
14738 0.140802 0.261505 0.597692
19304 0.105870 0.244095 0.650035
14791 0.292378 0.059469 0.648153
24601 0.385547 0.009008 0.605445
15013 0.526617 0.336128 0.137255
15110 0.721846 0.062467 0.215688
29030 0.141154 0.634277 0.224569
18629 0.291934 0.399294 0.308773
14324 0.531957 0.345189 0.122854
14283 0.025073 0.230235 0.744692
14297 0.154334 0.531901 0.313764
15016 0.307359 0.493425 0.199217
18981 0.186447 0.530095 0.283458
15059 0.429936 0.158018 0.412046
14301 0.430699 0.265432 0.303868
18960 0.292437 0.420189 0.287374
14310 0.542702 0.125911 0.331388
24800 0.778674 0.083891 0.137434
29096 0.316441 0.254378 0.429181
7082 0.207891 0.169953 0.622155
7308 0.253648 0.306998 0.439354
28811 0.063985 0.587182 0.348833
7066 0.587100 0.048006 0.364894
19615 0.021113 0.597458 0.381429
7117 0.330420 0.358349 0.311231
14713 0.089309 0.908348 0.002343
19365 0.029357 0.142384 0.828259
29234 0.051555 0.374791 0.573654
14722 0.295764 0.276765 0.427472
25252 0.513301 0.429400 0.057300
25470 0.684810 0.287208 0.027981
3702 0.016414 0.980008 0.003577
22490 0.546090 0.127842 0.326068
3394 0.133609 0.633694 0.232697
25276 0.644614 0.058325 0.297061
3083 0.741773 0.059995 0.198231
24168 0.447952 0.109664 0.442384
16842 0.618576 0.347260 0.034164
21168 0.490250 0.061664 0.448086
2316 0.610592 0.060473 0.328934
24187 0.340457 0.606347 0.053196
21518 0.148330 0.466847 0.384823
21518 0.275767 0.448121 0.276112
2768 0.264460 0.675373 0.060166
2770 0.291625 0.452106 0.256269
16854 0.035431 0.350401 0.614168
3672 0.074413 0.635753 0.289834
24767 0.165900 0.537760 0.296340
2762 0.416953 0.541165 0.041882
2757 0.686445 0.298797 0.014758
24163 0.093935 0.810754 0.095310
2409 0.808610 0.033916 0.157474
3075 0.059771 0.027702 0.912527
24217 0.091503 0.885384 0.023113
17270 0.319770 0.294130 0.386100
24176 0.229162 0.184192 0.586646
2437 0.253150 0.183297 0.563553
20803 0.479336 0.295724 0.224940
24052 0.049182 0.763025 0.187793
20768 0.479729 0.439900 0.080370
16941 0.081621 0.789495 0.128884
2765 0.759000 0.008232 0.232767
2763 0.410498 0.420848 0.168654
24791 0.110440 0.471453 0.418107
2771 0.791572 0.157096 0.051332
20762 0.303795 0.118332 0.577874
3411 0.243499 0.538849 0.217652
24766 0.036506 0.663549 0.299945
2759 0.581240 0.040031 0.378729
24797 0.497376 0.066885 0.435739
16904 0.362934 0.123052 0.514014
2330 0.440666 0.353749 0.205585
24062 0.443750 0.526291 0.029958
3818 0.374225 0.273940 0.351834
4306 0.685512 0.181233 0.133256
25000 0.000413 0.219637 0.779950
4232 0.021667 0.030430 0.947903
24332 0.657245 0.222789 0.119966
2996 0.644314 0.180158 0.175529
25036 0.247048 0.112066 0.640886
4118 0.093917 0.635152 0.270931
3692 0.531123 0.029848 0.439028
20849 0.214614 0.329835 0.455550
17266 0.574086 0.409905 0.016009
25168 0.072858 0.232228 0.694914
20880 0.547222 0.333663 0.119115
20863 0.168766 0.708323 0.122911
25103 0.138641 0.571958 0.289401
25944 0.833810 0.113012 0.053178
25147 0.281532 0.320893 0.397575
3278 0.124845 0.143755 0.731400
3272 0.118929 0.464427 0.416644
25094 0.246680 0.105558 0.647762
25007 0.190389 0.431365 0.378246
4219 0.136922 0.148672 0.714406
4125 0.169434 0.008657 0.821909
4127 0.239922 0.325725 0.434353
3838 0.962492 0.028698 0.008810
20838 0.152292 0.500706 0.347001
17287 0.069722 0.909864 0.020414
4079 0.381207 0.421011 0.197782
4074 0.808757 0.121327 0.069917
25034 0.292416 0.447676 0.259908
15498 0.031249 0.639967 0.328785
24902 0.878540 0.072772 0.048688
24260 0.113946 0.851461 0.034593
21629 0.192110 0.203351 0.604540
15488 0.298417 0.495078 0.206505
25097 0.403050 0.249190 0.347760
4293 0.539785 0.168731 0.291484
25016 0.509658 0.119815 0.370527
4237 0.723534 0.230705 0.045761
25062 0.485032 0.176733 0.338235
3362 0.047605 0.104455 0.847940
20835 0.672365 0.190165 0.137470
16023 0.240870 0.542689 0.216440
16112 0.371263 0.128045 0.500692
19634 0.617363 0.160377 0.222260
20079 0.723683 0.237326 0.038991
24944 0.634377 0.253876 0.111747
24241 0.033471 0.795582 0.170947
17240 0.175372 0.779488 0.045140
24267 0.493792 0.180383 0.325825
17149 0.011936 0.892441 0.095623
20710 0.129659 0.025182 0.845160
25928 0.657955 0.003517 0.338527
2206 0.230373 0.159007 0.610620
24956 0.702063 0.125842 0.172095
17250 0.556212 0.241625 0.202162
17256 0.059436 0.541222 0.399343
2306 0.261898 0.195832 0.542270
25641 0.225737 0.218302 0.555960
25634 0.718559 0.191862 0.089579
13365 0.395626 0.600202 0.004172
25725 0.490946 0.454263 0.054790
17635 0.244145 0.059535 0.696320
25638 0.598513 0.367693 0.033794
13398 0.118176 0.340785 0.541039
2874 0.108126 0.513657 0.378217
24238 0.014211 0.592117 0.393672
24012 0.099836 0.601125 0.299039
2871 0.241360 0.049304 0.709337
24758 0.482878 0.364569 0.152553
3139 0.383437 0.038999 0.577565
3211 0.913905 0.005101 0.080994
3206 0.396935 0.358070 0.244995
3163 0.262890 0.638902 0.098208
24099 0.162893 0.020643 0.816464
24016 0.482264 0.345080 0.172656
23901 0.044361 0.451879 0.503760
23912 0.206795 0.505671 0.287534
13371 0.301562 0.129077 0.569360
3232 0.344087 0.286193 0.369720
13397 0.366575 0.574125 0.059300
25637 0.118914 0.191950 0.689136
25636 0.049670 0.089675 0.860654
23892 0.237557 0.068112 0.694331
24718 0.949957 0.017267 0.032777
14155 0.408296 0.588878 0.002826
3243 0.851458 0.098567 0.049975
19490 0.284622 0.412202 0.303176
2970 0.126339 0.610952 0.262710
3048 0.507250 0.006204 0.486546
23970 0.484084 0.492107 0.023810
23956 0.831514 0.094572 0.073914
23916 0.197308 0.537953 0.264740
19415 0.151987 0.707375 0.140638
13328 0.521298 0.375474 0.103228
19442 0.136138 0.856369 0.007493
19447 0.404624 0.095089 0.500287
13427 0.116220 0.121210 0.762570
19086 0.643424 0.185705 0.170871
23943 0.346739 0.272547 0.380715
13320 0.429171 0.383350 0.187478
19464 0.425012 0.525960 0.049028
19087 0.076827 0.054634 0.868539
19439 0.693530 0.218759 0.087712
13302 0.719028 0.179423 0.101550
19077 0.033752 0.378605 0.587642
13313 0.000000 0.130296 0.869704
14814 0.467649 0.158883 0.373468
25959 0.334633 0.377577 0.287790
20740 0.284767 0.650224 0.065009
2648 0.560052 0.362924 0.077024
2707 0.328351 0.506807 0.164842
3501 0.000000 0.598694 0.401306
3300 0.707832 0.290625 0.001543
17315 0.157015 0.159307 0.683678
2662 0.707299 0.242750 0.049950
25527 0.027632 0.895203 0.077165
25895 0.600584 0.051631 0.347786
19147 0.264616 0.376452 0.358932
17316 0.335237 0.143635 0.521128
17350 0.358563 0.280450 0.360987
15266 0.220511 0.503202 0.276287
3754 0.866320 0.071369 0.062311
15624 0.696421 0.256832 0.046747
21345 0.187259 0.020528 0.792213
3591 0.653174 0.183497 0.163329
3745 0.294536 0.660429 0.045034
15251 0.040561 0.197046 0.762393
19853 0.629132 0.154034 0.216834
15343 0.610431 0.159302 0.230267
13099 0.376197 0.243690 0.380112
13098 0.029841 0.929049 0.041110
3593 0.319431 0.252394 0.428175
16031 0.092895 0.694347 0.212759
25292 0.186130 0.266625 0.547245
19240 0.335280 0.484748 0.179971
13100 0.468404 0.065694 0.465902
19861 0.287185 0.463145 0.249670
19875 0.162890 0.646835 0.190275
19857 0.379465 0.072868 0.547667
24685 0.087987 0.313321 0.598692
24628 0.461735 0.048380 0.489886
14137 0.243567 0.505351 0.251082
14132 0.594468 0.044739 0.360793
22703 0.035072 0.769660 0.195268
13123 0.358813 0.063625 0.577561
19262 0.429199 0.518976 0.051825
22063 0.117517 0.027098 0.855385
15352 0.441876 0.258472 0.299652
15349 0.602283 0.207034 0.190682
14206 0.009881 0.513134 0.476985
24642 0.362122 0.167651 0.470227
25464 0.183168 0.410425 0.406406
14133 0.200896 0.012867 0.786236
24561 0.200792 0.447535 0.351673
19963 0.576400 0.146385 0.277215
16027 0.218650 0.460964 0.320385
3416 0.372450 0.327148 0.300402
19164 0.308997 0.326891 0.364113
19953 0.834701 0.021235 0.144064
3553 0.275279 0.358539 0.366183
15674 0.071677 0.614104 0.314219
21348 0.155663 0.372121 0.472216
3534 0.319140 0.650709 0.030151
15285 0.136660 0.111830 0.751510
20623 0.092558 0.668738 0.238705
15345 0.591334 0.011696 0.396970
19850 0.021626 0.773271 0.205103
15342 0.929173 0.009032 0.061795
15353 0.009389 0.712025 0.278586
15357 0.309967 0.339022 0.351011
15354 0.192530 0.593192 0.214278
15348 0.311930 0.098535 0.589535
19949 0.870408 0.039820 0.089772
24618 0.548386 0.178715 0.272899
14274 0.461307 0.059762 0.478931
19865 0.076698 0.212351 0.710951
15345 0.127173 0.171645 0.701182
15260 0.463720 0.183914 0.352366
21416 0.126186 0.727078 0.146736
21362 0.542010 0.214999 0.242991
15452 0.184674 0.518589 0.296737
15642 0.067376 0.698648 0.233976
21429 0.666250 0.286524 0.047225
20008 0.541232 0.131205 0.327564
19945 0.196043 0.267277 0.536680
15346 0.642423 0.353490 0.004087
19865 0.017490 0.715002 0.267507
19827 0.688391 0.013159 0.298450
19925 0.155884 0.254588 0.589528
15607 0.042032 0.876166 0.081802
3565 0.472188 0.493793 0.034019
15440 0.672837 0.240358 0.086805
15422 0.004348 0.823665 0.171987
15324 0.167744 0.753645 0.078611
19888 0.428178 0.169478 0.402344
19895 0.114680 0.040282 0.845038
19853 0.293476 0.087057 0.619467
19851 0.106757 0.375104 0.518139
13095 0.578720 0.018461 0.402819
21169 0.108435 0.495021 0.396544
19852 0.230819 0.224675 0.544506
19852 0.049201 0.903985 0.046814
15336 0.354713 0.033089 0.612198
15719 0.111960 0.365047 0.522993
19904 0.391101 0.120695 0.488204
21337 0.014455 0.648256 0.337290
15301 0.389868 0.494124 0.116008
19870 0.538362 0.421887 0.039751
15633 0.188820 0.811180 0.000000
3788 0.033830 0.493467 0.472703
21399 0.348964 0.007709 0.643327
21301 0.334116 0.624657 0.041227
15341 0.327299 0.011244 0.661457
3782 0.146427 0.472494 0.381079
15394 0.317616 0.490043 0.192341
3784 0.416076 0.408706 0.175219
21394 0.214013 0.192031 0.593956
21226 0.565497 0.083221 0.351282
15395 0.025470 0.106820 0.867710
3310 0.234674 0.476167 0.289159
3314 0.845744 0.088484 0.065772
3265 0.243164 0.076125 0.680710
22426 0.034274 0.743111 0.222615
4197 0.277617 0.034774 0.687609
4145 0.177600 0.087785 0.734615
19281 0.406110 0.369333 0.224558
2479 0.590324 0.070728 0.338949
25974 0.084533 0.513852 0.401615
17299 0.066416 0.236687 0.696897
25575 0.324702 0.088832 0.586466
2679 0.795888 0.018723 0.185389
3498 0.007641 0.372349 0.620010
19300 0.325912 0.567298 0.106790
3921 0.029026 0.958907 0.012067
25384 0.140612 0.802711 0.056677
3473 0.423007 0.183069 0.393924
25348 0.397231 0.422913 0.179856
4326 0.292818 0.587810 0.119372
3811 0.902733 0.097267 0.000000
3810 0.048015 0.161127 0.790858
19148 0.215277 0.552349 0.232374
3391 0.045876 0.174160 0.779964
3286 0.027356 0.663096 0.309548
3258 0.046601 0.418688 0.534711
4190 0.491125 0.030779 0.478096
25406 0.292048 0.697015 0.010936
19284 0.522896 0.051394 0.425709
2684 0.338398 0.174130 0.487472
3375 0.012766 0.710708 0.276526
4006 0.612391 0.285321 0.102288
13132 0.540916 0.308383 0.150701
2687 0.151218 0.755415 0.093367
22398 0.633261 0.179701 0.187039
20703 0.042457 0.756889 0.200655
20723 0.452891 0.321885 0.225224
2187 0.333194 0.005271 0.661535
15037 0.935149 0.022351 0.042500
4149 0.091193 0.655001 0.253806
4183 0.124134 0.620704 0.255162
3678 0.256621 0.444460 0.298920
3697 0.782118 0.090369 0.127513
19058 0.105700 0.119302 0.774998
19160 0.235559 0.396233 0.368208
19151 0.072418 0.143986 0.783595
19140 0.200725 0.423054 0.376222
3467 0.218478 0.556317 0.225206
18691 0.675881 0.216855 0.107264
18708 0.618401 0.371195 0.010404
18929 0.264228 0.336846 0.398925
18881 0.022835 0.882285 0.094880
15101 0.346462 0.193015 0.460523
18671 0.081058 0.241062 0.677880
15109 0.081401 0.759063 0.159536
28859 0.043183 0.631367 0.325450
19027 0.171687 0.097842 0.730471
13544 0.002416 0.394751 0.602833
13028 0.870322 0.081617 0.048061
13029 0.120620 0.492736 0.386644
4020 0.463007 0.151307 0.385686
18893 0.566652 0.052556 0.380792
15103 0.608319 0.151512 0.240169
18663 0.232395 0.043214 0.724391
3326 0.296807 0.602527 0.100666
3448 0.130463 0.118278 0.751259
25467 0.713307 0.183973 0.102720
24660 0.044265 0.032779 0.922956
14221 0.097258 0.696337 0.206405
21550 0.125357 0.572396 0.302247
17056 0.060547 0.201702 0.737751
17053 0.031069 0.808953 0.159978
3859 0.458481 0.530777 0.010742
25473 0.071901 0.017058 0.911041
25450 0.334375 0.121241 0.544384
4289 0.733664 0.254347 0.011989
4329 0.020696 0.790412 0.188893
3688 0.785356 0.127679 0.086964
3361 0.273984 0.154332 0.571685
3284 0.137251 0.384825 0.477924
22293 0.438024 0.332195 0.229780
19138 0.307580 0.016768 0.675651
3669 0.351817 0.231975 0.416208
19178 0.033729 0.460009 0.506262
13042 0.104844 0.525923 0.369232
19175 0.805562 0.130917 0.063520
4030 0.378692 0.134266 0.487043
13046 0.287401 0.496388 0.216211
13047 0.062179 0.782254 0.155567
19188 0.011432 0.184635 0.803933
22628 0.094932 0.578469 0.326599
19197 0.390897 0.490699 0.118405
13093 0.283592 0.349058 0.367350
19189 0.788983 0.035526 0.175491
749 0.493533 0.310467 0.195999
25909 0.616676 0.324012 0.059313
3667 0.118812 0.709364 0.171824
25906 0.308964 0.251557 0.439479
22296 0.293133 0.338879 0.367988
22631 0.008024 0.158242 0.833733
19256 0.869075 0.077951 0.052974
13120 0.785379 0.138638 0.075983
13470 0.068123 0.201263 0.730614
19254 0.406942 0.081110 0.511948
22630 0.637087 0.195503 0.167410
19263 0.572987 0.072616 0.354397
13297 0.703317 0.149081 0.147603
23687 0.093833 0.418245 0.487921
23685 0.311304 0.667947 0.020748
7262 0.006322 0.429459 0.564220
28876 0.362232 0.474061 0.163707
28877 0.113818 0.145648 0.740534
15107 0.405877 0.541958 0.052166
7257 0.713891 0.281606 0.004503
28852 0.121066 0.856616 0.022317
28814 0.152998 0.318409 0.528593
28872 0.003155 0.037853 0.958992
1670 0.118614 0.594029 0.287358
1681 0.250942 0.067777 0.681280
32 0.141739 0.818311 0.039950
22795 0.752863 0.220094 0.027043
14312 0.774200 0.020952 0.204848
15350 0.160313 0.125891 0.713796
22065 0.277643 0.584749 0.137608
19585 0.206449 0.657368 0.136184
14707 0.506278 0.131863 0.361859
18765 0.330767 0.071651 0.597582
14251 0.493302 0.302429 0.204269
28883 0.650901 0.204517 0.144581
28885 0.715736 0.216667 0.067596
15690 0.462972 0.394996 0.142032
15678 0.549045 0.059997 0.390958
15192 0.362888 0.608238 0.028875
15189 0.608208 0.081132 0.310660
29039 0.320825 0.095233 0.583942
18483 0.295598 0.267376 0.437026
18456 0.014340 0.493586 0.492074
18571 0.206543 0.276074 0.517382
18572 0.038786 0.012250 0.948964
15151 0.288884 0.236448 0.474668
24809 0.040451 0.767256 0.192293
14544 0.010153 0.303407 0.686440
24475 0.215697 0.195488 0.588815
19598 0.548944 0.397186 0.053870
28825 0.087173 0.904185 0.008642
7058 0.308468 0.622765 0.068767
28809 0.343341 0.632109 0.024550
7300 0.330741 0.274259 0.395001
7074 0.031658 0.590742 0.377599
18501 0.005546 0.483830 0.510624
18511 0.549964 0.439084 0.010953
2844 0.904445 0.017230 0.078325
2897 0.816735 0.005198 0.178067
2863 0.579729 0.082047 0.338223
24577 0.455359 0.256119 0.288522
14227 0.293782 0.461166 0.245053
14483 0.857651 0.137738 0.004611
14455 0.057237 0.363934 0.578829
14513 0.035530 0.573438 0.391032
19474 0.312200 0.342021 0.345778
29231 0.026778 0.230258 0.742964
14202 0.219774 0.249638 0.530588
24469 0.245867 0.229305 0.524829
22074 0.128388 0.738230 0.133382
2 0.625260 0.116735 0.258005
23517 0.207661 0.205368 0.586971
23690 0.823353 0.066405 0.110242
1680 0.043526 0.436250 0.520225
19670 0.825518 0.024289 0.150193
19669 0.218780 0.693969 0.087251
19596 0.091198 0.876864 0.031938
19591 0.637004 0.212697 0.150300
3076 0.034365 0.909338 0.056298
24409 0.221128 0.678286 0.100587
24366 0.073204 0.177940 0.748856
2360 0.023485 0.680100 0.296415
24309 0.139512 0.068769 0.791719
3108 0.900923 0.002616 0.096461
3109 0.225412 0.582968 0.191620
3100 0.259400 0.034985 0.705615
3099 0.047561 0.824131 0.128308
21525 0.122334 0.740415 0.137252
2366 0.370959 0.501881 0.127160
24321 0.765264 0.206206 0.028530
3087 0.407555 0.289317 0.303128
3016 0.391583 0.275268 0.333149
3084 0.042128 0.769774 0.188097
2350 0.069104 0.160098 0.770799
24420 0.001966 0.009833 0.988201
14534 0.633506 0.194969 0.171525
24478 0.721479 0.269728 0.008792
14572 0.485634 0.183963 0.330403
14569 0.113409 0.003041 0.883550
24463 0.079160 0.415427 0.505413
24429 0.740813 0.006791 0.252396
14194 0.653231 0.219998 0.126771
24665 0.847378 0.089899 0.062723
7233 0.176733 0.008568 0.814699
24926 0.365504 0.609318 0.025178
24761 0.221352 0.766718 0.011930
24590 0.766912 0.081985 0.151103
14241 0.584870 0.399623 0.015508
29200 0.525976 0.395955 0.078068
29195 0.169099 0.086474 0.744427
1362 0.258177 0.069386 0.672438
29137 0.061563 0.809360 0.129077
16251 0.324938 0.429699 0.245363
24435 0.153284 0.669104 0.177612
14582 0.378139 0.502934 0.118927
24639 0.346989 0.280762 0.372249
24464 0.294916 0.165569 0.539515
16237 0.321170 0.321152 0.357677
19550 0.671004 0.004797 0.324199
14521 0.029824 0.418221 0.551955
23519 0.051762 0.935767 0.012471
107 0.008782 0.938514 0.052704
23488 0.033134 0.407080 0.559786
22638 0.095548 0.851995 0.052457
771 0.350073 0.328830 0.321097
28793 0.184643 0.274677 0.540680
28781 0.188073 0.096695 0.715231
18791 0.862085 0.038563 0.099352
18768 0.707491 0.181144 0.111365
29227 0.583635 0.190261 0.226104
14698 0.031173 0.394195 0.574633
28967 0.564692 0.093831 0.341478
7209 0.158304 0.776662 0.065034
29210 0.043386 0.166994 0.789620
29223 0.764216 0.105246 0.130538
19566 0.806407 0.179544 0.014048
19588 0.149099 0.072036 0.778865
23512 0.793613 0.180757 0.025631
23510 0.020765 0.404082 0.575153
62 0.204816 0.277232 0.517953
23536 0.101569 0.551158 0.347273
108 0.140916 0.021681 0.837403
19563 0.208987 0.147535 0.643477
16275 0.015656 0.017902 0.966442
19558 0.192735 0.739789 0.067476
16234 0.668010 0.175642 0.156347
182 0.099181 0.314402 0.586417
22192 0.057256 0.272061 0.670683
626 0.755653 0.176605 0.067742
639 0.087077 0.091857 0.821066
23543 0.353547 0.359665 0.286788
15520 0.562627 0.029726 0.407647
21437 0.867840 0.117340 0.014820
2842 0.121767 0.485831 0.392401
13387 0.258739 0.062466 0.678794
13378 0.223652 0.761897 0.014452
15677 0.613869 0.115769 0.270363
15675 0.295083 0.157930 0.546987
28887 0.153296 0.123357 0.723347
28889 0.460191 0.286705 0.253103
940 0.527203 0.035520 0.437277
22142 0.655719 0.261317 0.082964
955 0.762853 0.101468 0.135679
958 0.176291 0.238698 0.585012
1009 0.503142 0.106078 0.390780
21933 0.667573 0.022315 0.310111
1841 0.473645 0.361447 0.164908
1880 0.212816 0.655535 0.131649
23417 0.155011 0.054692 0.790297
318 0.166132 0.132697 0.701172
22239 0.210718 0.135158 0.654124
22229 0.166313 0.668258 0.165429
85 0.082589 0.181343 0.736068
26 0.044446 0.073018 0.882536
23 0.076778 0.651244 0.271978
121 0.481489 0.235118 0.283393
23482 0.390330 0.057340 0.552331
21958 0.285539 0.303528 0.410933
21755 0.106216 0.102530 0.791255
74 0.375534 0.154415 0.470051
131 0.546688 0.046159 0.407153
28789 0.183502 0.801551 0.014946
16067 0.268773 0.464560 0.266667
19611 0.441156 0.326969 0.231875
24446 0.561541 0.108624 0.329836
80 0.438783 0.057844 0.503373
19247 0.160173 0.624518 0.215309
13105 0.848769 0.150031 0.001199
1847 0.713222 0.275661 0.011117
23424 0.269689 0.404789 0.325522
901 0.273657 0.135829 0.590514
22233 0.417360 0.336247 0.246393
426 0.303638 0.398143 0.298218
432 0.557667 0.278744 0.163589
23438 0.476023 0.133903 0.390074
419 0.154722 0.202591 0.642687
13859 0.342177 0.129641 0.528182
22054 0.059742 0.382431 0.557827
22123 0.030921 0.301657 0.667422
22003 0.462497 0.374290 0.163213
17375 0.051833 0.614464 0.333704
14082 0.462969 0.476447 0.060584
23626 0.264999 0.256319 0.478682
16677 0.213697 0.181223 0.605081
16660 0.027380 0.847745 0.124876
22607 0.192783 0.716125 0.091093
1310 0.177877 0.571948 0.250175
418 0.040173 0.428712 0.531115
13871 0.413854 0.072755 0.513390
44 0.052377 0.049994 0.897630
22121 0.045036 0.701722 0.253242
926 0.299960 0.233360 0.466680
14006 0.113687 0.034621 0.851692
1818 0.125781 0.742100 0.132119
16722 0.218980 0.644805 0.136215
18326 0.072022 0.759071 0.168907
23851 0.225026 0.171641 0.603333
14092 0.154585 0.226658 0.618757
21841 0.406047 0.147255 0.446698
21838 0.289255 0.261948 0.448797
462 0.195708 0.640016 0.164276
13486 0.638873 0.145134 0.215992
201 0.635201 0.091760 0.273038
21266 0.624011 0.046166 0.329823
18481 0.590042 0.267852 0.142107
17395 0.263008 0.484173 0.252820
13881 0.292647 0.336869 0.370484
17443 0.106547 0.457010 0.436443
469 0.209611 0.028356 0.762033
465 0.318162 0.452866 0.228972
23455 0.315839 0.596715 0.087446
23411 0.127611 0.468277 0.404112
23467 0.134871 0.706913 0.158216
7096 0.363705 0.487108 0.149188
28767 0.796477 0.017815 0.185708
21744 0.784411 0.170629 0.044960
21769 0.494797 0.122057 0.383146
350 0.633325 0.128946 0.237729
23827 0.878413 0.054995 0.066592
1083 0.267544 0.055788 0.676668
921 0.156042 0.774580 0.069378
919 0.143103 0.323760 0.533137
17411 0.171640 0.299198 0.529162
23840 0.157141 0.760253 0.082605
1811 0.350854 0.311557 0.337589
1798 0.239599 0.220143 0.540258
22155 0.133303 0.176914 0.689783
22163 0.522966 0.169636 0.307398
22179 0.185410 0.244224 0.570366
13576 0.875939 0.033313 0.090748
140 0.362319 0.089212 0.548469
17787 0.021618 0.803450 0.174932
22153 0.178614 0.390688 0.430698
21982 0.487490 0.358795 0.153715
837 0.129510 0.082361 0.788128
17540 0.056561 0.698554 0.244885
139 0.907432 0.092568 0.000000
13961 0.426244 0.260059 0.313697
872 0.394761 0.286181 0.319058
846 0.543848 0.079167 0.376985
332 0.238953 0.178064 0.582983
303 0.633763 0.130266 0.235971
19024 0.879603 0.051349 0.069048
17793 0.223012 0.456419 0.320569
870 0.775180 0.222951 0.001869
868 0.746139 0.196510 0.057352
23782 0.007117 0.856910 0.135973
278 0.491398 0.357395 0.151206
851 0.179911 0.216794 0.603295
21987 0.467933 0.098477 0.433590
22013 0.087488 0.049869 0.862644
22010 0.376285 0.097552 0.526164
14089 0.000676 0.067301 0.932023
14091 0.295931 0.226494 0.477575
1892 0.115685 0.779053 0.105261
21786 0.409153 0.486051 0.104796
247 0.100681 0.735527 0.163792
23645 0.219744 0.394035 0.386221
23663 0.630588 0.099051 0.270361
1783 0.769113 0.156223 0.074664
23622 0.756613 0.204859 0.038528
14000 0.736417 0.013196 0.250386
21777 0.171439 0.361969 0.466592
13163 0.625228 0.111657 0.263114
1765 0.244323 0.481992 0.273684
23673 0.321649 0.227268 0.451082
23660 0.409906 0.128268 0.461825
1878 0.037413 0.327191 0.635397
1871 0.104382 0.763166 0.132452
17489 0.344409 0.332689 0.322902
23810 0.394415 0.460485 0.145100
17851 0.019995 0.109833 0.870171
22101 0.560673 0.061839 0.377488
22114 0.609149 0.063118 0.327732
16777 0.105359 0.026258 0.868382
16775 0.355877 0.081151 0.562972
23849 0.309892 0.161431 0.528677
23771 0.567711 0.113901 0.318388
22111 0.721083 0.049785 0.229132
17473 0.184872 0.418921 0.396207
289 0.058467 0.138064 0.803468
13203 0.081292 0.699000 0.219709
2793 0.385615 0.192868 0.421517
17782 0.699458 0.171968 0.128574
17901 0.544418 0.025258 0.430324
24126 0.215815 0.420970 0.363215
17897 0.279774 0.120423 0.599804
17903 0.152145 0.195755 0.652100
17475 0.169056 0.500754 0.330190
22097 0.704004 0.101708 0.194288
23769 0.526147 0.190887 0.282966
23767 0.289565 0.138487 0.571948
16664 0.243932 0.569550 0.186518
641 0.407125 0.541523 0.051351
677 0.516438 0.148898 0.334664
16637 0.292930 0.516150 0.190920
16790 0.094058 0.777895 0.128047
18031 0.101101 0.787586 0.111313
390 0.281519 0.041748 0.676733
393 0.074689 0.749279 0.176032
17916 0.118928 0.150554 0.730518
16815 0.237311 0.231058 0.531631
17928 0.235868 0.678386 0.085746
23364 0.210376 0.276140 0.513484
14040 0.401001 0.363713 0.235287
18024 0.366106 0.396859 0.237035
13976 0.607516 0.195716 0.196768
14036 0.652003 0.061414 0.286583
22043 0.326467 0.414744 0.258789
17429 0.471557 0.365194 0.163250
18037 0.272712 0.564770 0.162517
16594 0.134367 0.252617 0.613016
18390 0.394324 0.289793 0.315883
18401 0.066854 0.812917 0.120230
23349 0.211674 0.235325 0.553001
16641 0.336104 0.521304 0.142592
16604 0.902500 0.001756 0.095744
523 0.122384 0.472330 0.405286
18260 0.676864 0.296435 0.026701
528 0.208858 0.224062 0.567080
16766 0.032889 0.646584 0.320527
17926 0.618186 0.227870 0.153944
2938 0.448229 0.234764 0.317007
16581 0.232088 0.562166 0.205746
13589 0.157229 0.009013 0.833758
17545 0.096600 0.645217 0.258183
13641 0.123196 0.638502 0.238302
13597 0.764528 0.230809 0.004663
17507 0.020982 0.072634 0.906384
18215 0.854981 0.120247 0.024771
16622 0.142474 0.483788 0.373738
2847 0.674240 0.193944 0.131815
17528 0.043490 0.625593 0.330917
17524 0.509155 0.383465 0.107379
22599 0.523088 0.426701 0.050211
598 0.082393 0.458785 0.458822
22622 0.835980 0.034298 0.129722
22251 0.076841 0.296659 0.626500
777 0.069582 0.522448 0.407970
13772 0.848206 0.110798 0.040996
657 0.166551 0.823129 0.010320
14361 0.379347 0.423313 0.197340
22562 0.518511 0.325626 0.155863
16615 0.767723 0.112081 0.120196
204 0.528869 0.064553 0.406578
13798 0.176151 0.539248 0.284601
21864 0.162850 0.001758 0.835392
643 0.026373 0.874188 0.099438
706 0.663609 0.268147 0.068244
685 0.567524 0.060872 0.371603
18354 0.059791 0.007245 0.932964
16573 0.475135 0.307854 0.217012
18317 0.701968 0.177884 0.120148
22537 0.290825 0.162570 0.546605
22549 0.343511 0.529596 0.126892
711 0.111272 0.866451 0.022277
488 0.269679 0.713886 0.016435
13639 0.244772 0.351870 0.403358
545 0.191628 0.712256 0.096115
602 0.198816 0.569733 0.231451
21903 0.046053 0.775154 0.178793
13804 0.265814 0.002350 0.731836
18774 0.181590 0.220865 0.597545
22590 0.220149 0.665025 0.114827
13761 0.175017 0.360726 0.464257
18222 0.201927 0.471188 0.326886
797 0.213246 0.661579 0.125174
17533 0.302435 0.092359 0.605207
605 0.087310 0.235158 0.677532
18197 0.500578 0.414921 0.084501
13813 0.098567 0.503438 0.397995
556 0.245654 0.406637 0.347709
16632 0.135343 0.004759 0.859898
18429 0.011089 0.749323 0.239587
18192 0.352729 0.569117 0.078154
13816 0.045833 0.389084 0.565082
21885 0.144382 0.746937 0.108682
17516 0.103352 0.332182 0.564466
16628 0.481377 0.098067 0.420556
18421 0.535191 0.111639 0.353170
13689 0.087639 0.254279 0.658082
13678 0.498776 0.048490 0.452734
13688 0.245380 0.749196 0.005424
475 0.336034 0.484090 0.179877
18241 0.586487 0.257035 0.156478
13754 0.340978 0.187277 0.471745
13756 0.783139 0.049892 0.166969
22555 0.690823 0.086896 0.222281
13699 0.564922 0.273764 0.161315
548 0.020990 0.620037 0.358973
22525 0.762114 0.011287 0.226599
18250 0.089919 0.787977 0.122104
18202 0.054913 0.843530 0.101557
14350 0.474385 0.141861 0.383754
22571 0.089313 0.673581 0.237107
22622 0.306692 0.447533 0.245775
544 0.050634 0.586119 0.363248
22531 0.280850 0.653115 0.066035
18249 0.163002 0.364781 0.472216
660 0.099284 0.126449 0.774267
18733 0.514728 0.346175 0.139097
17999 0.088708 0.375757 0.535535
22092 0.370599 0.360669 0.268732
22588 0.261432 0.061814 0.676754
13783 0.791356 0.040510 0.168135
651 0.213487 0.370007 0.416506
14356 0.251655 0.726899 0.021446
16614 0.402139 0.584738 0.013123
218 0.348833 0.490112 0.161055
13797 0.513103 0.039099 0.447798
18302 0.069474 0.797431 0.133095
21873 0.661483 0.108980 0.229537
22578 0.336547 0.518090 0.145363
16615 0.122947 0.552354 0.324699
205 0.765749 0.122269 0.111983
13799 0.076207 0.247592 0.676201
21864 0.253658 0.718283 0.028059
21874 0.121040 0.745654 0.133306
22575 0.010261 0.783686 0.206053
18365 0.278463 0.163155 0.558383
16567 0.478214 0.194333 0.327453
13704 0.586720 0.032741 0.380539
22536 0.266639 0.105814 0.627547
792 0.035590 0.066531 0.897879
736 0.140891 0.672236 0.186873
18371 0.199108 0.024549 0.776343
16571 0.717084 0.195990 0.086926
18248 0.621974 0.272949 0.105077
810 0.069676 0.199226 0.731099
22548 0.181970 0.716301 0.101729
22758 0.151418 0.802438 0.046145
501 0.045407 0.274808 0.679785
23042 0.012713 0.976266 0.011021
17700 0.632344 0.220374 0.147281
23056 0.700448 0.187287 0.112265
29141 0.147791 0.478129 0.374080
28954 0.840529 0.141589 0.017882
20905 0.512785 0.321648 0.165567
1149 0.000990 0.526703 0.472307
1132 0.532982 0.195711 0.271307
28380 0.605915 0.370726 0.023360
22960 0.019299 0.788085 0.192616
13179 0.044766 0.521865 0.433369
23053 0.535373 0.019288 0.445339
1220 0.089846 0.901366 0.008788
7520 0.337883 0.011261 0.650856
20903 0.520229 0.216107 0.263664
1699 0.219103 0.360649 0.420248
1263 0.452575 0.305234 0.242190
1265 0.096744 0.301758 0.601498
17726 0.603121 0.168431 0.228448
28964 0.602145 0.140827 0.257028
22955 0.516026 0.387796 0.096178
29046 0.156494 0.686762 0.156744
29048 0.009450 0.122552 0.867998
21597 0.176807 0.390050 0.433142
22936 0.034136 0.697121 0.268743
1736 0.217944 0.105661 0.676395
22951 0.571994 0.169369 0.258636
1181 0.444693 0.335294 0.220013
1544 0.931818 0.022670 0.045512
17714 0.710287 0.224451 0.065262
1621 0.248778 0.559952 0.191270
23137 0.224631 0.627453 0.147916
14014 0.104912 0.240998 0.654090
13292 0.083386 0.485466 0.431148
1259 0.562499 0.413898 0.023603
23211 0.155952 0.011412 0.832636
1914 0.553536 0.402093 0.044371
2073 0.241130 0.750247 0.008623
13258 0.254298 0.564171 0.181531
23174 0.054255 0.179699 0.766046
23268 0.249428 0.133135 0.617437
1909 0.440014 0.490207 0.069779
28936 0.338703 0.294265 0.367032
17766 0.029938 0.932736 0.037327
1300 0.061933 0.021162 0.916905
23263 0.171017 0.530135 0.298849
29119 0.569655 0.071339 0.359006
7470 0.938042 0.051932 0.010025
13229 0.221379 0.324193 0.454428
23321 0.198056 0.580043 0.221901
1923 0.006585 0.953784 0.039631
29122 0.234727 0.420653 0.344620
28922 0.084377 0.018816 0.896808
23034 0.831756 0.044184 0.124061
13237 0.110643 0.319229 0.570129
14438 0.281729 0.508607 0.209664
1593 0.333529 0.333622 0.332849
14334 0.000000 0.732216 0.267784
23291 0.365937 0.186804 0.447259
17749 0.704227 0.251778 0.043994
24508 0.204076 0.425280 0.370644
21661 0.023690 0.055072 0.921239
29058 0.853380 0.011203 0.135417
23281 0.329611 0.536469 0.133921
17707 0.139750 0.324184 0.536066
14416 0.908955 0.091045 0.000000
15537 0.028223 0.763915 0.207861
29006 0.372584 0.202592 0.424824
13083 0.611525 0.284417 0.104058
29133 0.188592 0.218202 0.593206
21678 0.395913 0.005932 0.598155
21681 0.731201 0.223867 0.044932
1555 0.614005 0.007054 0.378941
1495 0.031678 0.335992 0.632330
22892 0.027617 0.776442 0.195941
1933 0.009697 0.784489 0.205814
21602 0.550861 0.197584 0.251555
17717 0.271820 0.718787 0.009393
29134 0.037548 0.521136 0.441316
23224 0.088770 0.055076 0.856154
13279 0.159467 0.301618 0.538915
23328 0.575512 0.382611 0.041876
1968 0.587108 0.137554 0.275337
17644 0.515475 0.084717 0.399808
1503 0.093844 0.149702 0.756454
1970 0.325429 0.006294 0.668277
22965 0.022116 0.591780 0.386105
18676 0.825603 0.028577 0.145821
28418 0.069718 0.074597 0.855685
2080 0.168801 0.117356 0.713843
20915 0.318720 0.489745 0.191534
22781 0.366644 0.219252 0.414104
3607 0.536932 0.006752 0.456316
1517 0.431211 0.194250 0.374539
21477 0.269481 0.207860 0.522659
28413 0.292728 0.223953 0.483319
28415 0.186858 0.625205 0.187937
23000 0.623461 0.050076 0.326463
1952 0.035249 0.326778 0.637973
21685 0.231357 0.216504 0.552139
14405 0.139345 0.185682 0.674973
14403 0.002946 0.497835 0.499219
24882 0.579254 0.034095 0.386651
23108 0.373672 0.545415 0.080913
1562 0.137626 0.751627 0.110746
29148 0.053048 0.558552 0.388400
1128 0.134013 0.094040 0.771948
1902 0.043069 0.208927 0.748005
23247 0.014881 0.346170 0.638949
1907 0.346420 0.113139 0.540441
23152 0.106534 0.372272 0.521194
18050 0.370879 0.143977 0.485145
22803 0.528477 0.467548 0.003975
13440 0.553620 0.369054 0.077326
19037 0.847097 0.048511 0.104392
21164 0.416235 0.290258 0.293507
16540 0.300224 0.674983 0.024793
20953 0.450542 0.485990 0.063468
16430 0.203432 0.502920 0.293648
21161 0.221518 0.661178 0.117304
17182 0.314115 0.201868 0.484017
21107 0.403780 0.543299 0.052921
22739 0.036498 0.113060 0.850442
722 0.899312 0.095482 0.005205
16334 0.194536 0.769842 0.035622
22680 0.782507 0.102569 0.114924
3596 0.352934 0.514198 0.132868
13523 0.319729 0.181530 0.498742
19033 0.407868 0.472209 0.119924
22741 0.699232 0.113466 0.187302
16333 0.912099 0.017666 0.070235
20968 0.023099 0.923596 0.053305
3647 0.276705 0.529470 0.193825
22760 0.128991 0.627561 0.243447
22809 0.870726 0.102909 0.026365
22808 0.238168 0.050375 0.711457
22667 0.141097 0.037759 0.821143
3635 0.180341 0.768720 0.050939
22782 0.060475 0.317009 0.622516
16286 0.250420 0.680020 0.069560
22694 0.166460 0.342923 0.490617
22811 0.603156 0.000194 0.396650
22816 0.011923 0.386279 0.601798
22790 0.418601 0.361645 0.219754
718 0.863766 0.031649 0.104585
21001 0.050596 0.642220 0.307184
16738 0.382408 0.229575 0.388017
19129 0.619086 0.146714 0.234200
19126 0.562085 0.134477 0.303438
13435 0.034267 0.573602 0.392131
23154 0.068282 0.080783 0.850935
1142 0.182810 0.810580 0.006610
16343 0.183289 0.576923 0.239789
22789 0.179068 0.586422 0.234510
22733 0.631761 0.054954 0.313285
20926 0.249180 0.397288 0.353532
18177 0.096973 0.368935 0.534091
19114 0.260386 0.012070 0.727544
16458 0.007784 0.858754 0.133463
16749 0.292988 0.514303 0.192709
16740 0.173040 0.190240 0.636721
16496 0.664943 0.049276 0.285781
16506 0.135110 0.249765 0.615124
19111 0.140445 0.466387 0.393168
16460 0.405265 0.346508 0.248227
18130 0.107327 0.302705 0.589968
21017 0.069977 0.762258 0.167764
17226 0.047793 0.746591 0.205616
21058 0.351629 0.416885 0.231486
2150 0.079190 0.051588 0.869222
21060 0.494385 0.259323 0.246292
18057 0.097699 0.271694 0.630608
16387 0.280105 0.533419 0.186476
16345 0.304196 0.621696 0.074107
22791 0.659554 0.246042 0.094404
22777 0.347584 0.329875 0.322541
16547 0.517412 0.255426 0.227162
18115 0.767057 0.020150 0.212792
13519 0.099631 0.653956 0.246414
19125 0.466435 0.076961 0.456604
19043 0.398173 0.103656 0.498171
22739 0.090734 0.689741 0.219525
22736 0.457313 0.059879 0.482808
16328 0.225813 0.237940 0.536247
3652 0.367946 0.632054 0.000000
13520 0.009594 0.382840 0.607566
19119 0.189509 0.206058 0.604433
732 0.115872 0.286541 0.597587
20976 0.466496 0.103497 0.430007
16334 0.128665 0.363578 0.507757
3658 0.430872 0.477877 0.091250
3628 0.679185 0.230407 0.090408
13523 0.051599 0.761628 0.186774
734 0.066692 0.083091 0.850218
20977 0.589362 0.280402 0.130235
16325 0.478459 0.450613 0.070928
3659 0.547897 0.084514 0.367589
22768 0.224312 0.255397 0.520291
2154 0.531747 0.453903 0.014350
22742 0.251726 0.214192 0.534082
20978 0.294797 0.012048 0.693155
20968 0.104545 0.387912 0.507543
3647 0.239835 0.000837 0.759328
22722 0.339806 0.414235 0.245959
2155 0.424922 0.369827 0.205251
3639 0.395942 0.388814 0.215243
22664 0.756491 0.000000 0.243509
22776 0.088622 0.199616 0.711762
18995 0.024641 0.708354 0.267005
22721 0.058763 0.677594 0.263643
2156 0.435775 0.263925 0.300300
16537 0.400326 0.034675 0.564998
3616 0.557518 0.208213 0.234269
22783 0.089433 0.722316 0.188250
19540 0.564189 0.150076 0.285735
20991 0.269393 0.332780 0.397827
22812 0.420029 0.264419 0.315552
2147 0.756697 0.167913 0.075390
14622 0.077685 0.582198 0.340117
14190 0.394991 0.350049 0.254959
29204 0.016801 0.178843 0.804355
2834 0.217825 0.274021 0.508154
24918 0.710549 0.104302 0.185149
2901 0.135079 0.621615 0.243306
24554 0.078048 0.006939 0.915013
24540 0.356388 0.067933 0.575679
2083 0.692097 0.287364 0.020539
1418 0.690650 0.254920 0.054430
14494 0.210226 0.438938 0.350836
2903 0.057424 0.624319 0.318257
23025 0.006479 0.929439 0.064082
29281 0.223118 0.057814 0.719068
1384 0.423561 0.301728 0.274711
29262 0.245848 0.259409 0.494743
21594 0.257603 0.369810 0.372588
19533 0.057268 0.337292 0.605440
29269 0.620248 0.244967 0.134785
29075 0.186855 0.069896 0.743249
1366 0.246545 0.214312 0.539143
23727 0.359214 0.434363 0.206423
1861 0.408463 0.360719 0.230818
1426 0.215927 0.004483 0.779589
29103 0.736625 0.031557 0.231818
1367 0.656263 0.038590 0.305147
24503 0.173976 0.228005 0.598019
24496 0.143397 0.746428 0.110175
890 0.290785 0.044897 0.664318
15527 0.004734 0.010518 0.984749
21258 0.250686 0.164846 0.584468
21260 0.675377 0.178829 0.145794
1664 0.331918 0.501307 0.166775
21297 0.295481 0.311894 0.392625
21286 0.193241 0.280553 0.526206
21248 0.027083 0.807636 0.165281
988 0.030656 0.799099 0.170245
21922 0.025611 0.751190 0.223198
21976 0.437083 0.524739 0.038178
23680 0.025840 0.725424 0.248736
2831 0.145852 0.069738 0.784411
2830 0.164022 0.006294 0.829684
29099 0.028168 0.208090 0.763742
1284 0.088315 0.301969 0.609716
23297 0.791889 0.070776 0.137334
23294 0.156593 0.443979 0.399427
29285 0.560641 0.085976 0.353383
1269 0.288182 0.593868 0.117950
1221 0.215447 0.130887 0.653666
23202 0.673853 0.140258 0.185889
1372 0.707686 0.193718 0.098596
29265 0.415077 0.224926 0.359996
1344 0.003808 0.566441 0.429751
1338 0.126091 0.863766 0.010143
23072 0.685066 0.208109 0.106825
2044 0.327088 0.394301 0.278611
22831 0.036244 0.601363 0.362393
24910 0.170384 0.709914 0.119701
21589 0.274272 0.551752 0.173975
15589 0.441936 0.489541 0.068523
29053 0.402172 0.238358 0.359469
1590 0.382109 0.313894 0.303998
28955 0.350830 0.338711 0.310459
17636 0.592643 0.351163 0.056195
17575 0.099186 0.406853 0.493961
7463 0.451095 0.269750 0.279156
7527 0.492572 0.486663 0.020765
1589 0.577650 0.394821 0.027529
1396 0.844680 0.021386 0.133934
1422 0.670628 0.206773 0.122598
21600 0.219232 0.694194 0.086574
1740 0.190558 0.428549 0.380893
1743 0.065594 0.570912 0.363494
1756 0.058716 0.659165 0.282118
28375 0.351861 0.262220 0.385920
23191 0.259842 0.221890 0.518267
23193 0.105670 0.496946 0.397385
29114 0.328927 0.290084 0.380989
23708 0.669223 0.174931 0.155847
23131 0.452020 0.426178 0.121802
1305 0.308396 0.232278 0.459326
1605 0.030729 0.828081 0.141190
1686 0.513278 0.127607 0.359115
1424 0.036544 0.467302 0.496154
1430 0.552752 0.438585 0.008663
24737 0.071935 0.011347 0.916718
24905 0.178001 0.817100 0.004899
14613 0.125549 0.466421 0.408029
24746 0.061012 0.238271 0.700717
29256 0.159654 0.668144 0.172202
29303 0.722644 0.191171 0.086186
23123 0.619983 0.007099 0.372918
23116 0.671871 0.212405 0.115725
24451 0.895940 0.090095 0.013965
24527 0.580319 0.174145 0.245536
1689 0.213915 0.684273 0.101812
29305 0.692728 0.167336 0.139937
24472 0.875996 0.101824 0.022180
23061 0.230369 0.253469 0.516162
14603 0.675365 0.099915 0.224720
24545 0.532947 0.344334 0.122719
14486 0.245572 0.558650 0.195779
24506 0.723682 0.015144 0.261175
2091 0.437912 0.397678 0.164410
23015 0.549839 0.338068 0.112093
2070 0.101448 0.577771 0.320781
22852 0.070636 0.093318 0.836046
22847 0.340736 0.358137 0.301127
22845 0.767732 0.122850 0.109418
24866 0.403671 0.033004 0.563325
2049 0.254995 0.319967 0.425037
22986 0.172166 0.294736 0.533097
24868 0.082856 0.109439 0.807705
1147 0.084402 0.638631 0.276967
16404 0.633638 0.155819 0.210543
21708 0.687479 0.009021 0.303500
14392 0.223753 0.742230 0.034017
23165 0.151967 0.797577 0.050456
17066 0.899060 0.053543 0.047398
1164 0.645076 0.049728 0.305195
18157 0.175599 0.515575 0.308826
1945 0.042388 0.673054 0.284558
15563 0.617539 0.308545 0.073916
22870 0.315588 0.524848 0.159564
1904 0.457524 0.542476 0.000000
18169 0.308524 0.303385 0.388091
13338 0.753044 0.133036 0.113919
22868 0.355635 0.239430 0.404935
21702 0.016880 0.391299 0.591821
28489 0.252819 0.112973 0.634208
21665 0.000000 0.491236 0.508764
28486 0.149288 0.573232 0.277480
20959 0.688871 0.051773 0.259356
20957 0.926571 0.012585 0.060844
21099 0.101958 0.009397 0.888645
20936 0.656884 0.219086 0.124030
21124 0.071738 0.731161 0.197101
16476 0.239771 0.021728 0.738500
16513 0.214651 0.696111 0.089238
16691 0.226896 0.746036 0.027068
18171 0.076008 0.537425 0.386567
16723 0.498995 0.423395 0.077610
28477 0.148783 0.736422 0.114795
18164 0.132531 0.608723 0.258746
16697 0.186158 0.709204 0.104638
1642 0.596898 0.282296 0.120806
22979 0.727467 0.019205 0.253328
22911 0.474971 0.292057 0.232972
22820 0.228855 0.490760 0.280385
21142 0.448265 0.533208 0.018527
20898 0.091174 0.798243 0.110583
16522 0.001163 0.441031 0.557806
17957 0.021685 0.699679 0.278637
21668 0.136256 0.083001 0.780743
16995 0.768830 0.217754 0.013415
16977 0.675236 0.280104 0.044660
15554 0.014876 0.567132 0.417993
16293 0.902053 0.080756 0.017191
16288 0.267551 0.208888 0.523561
28448 0.440760 0.025005 0.534236
22861 0.637329 0.244214 0.118457
2114 0.260588 0.005969 0.733443
1638 0.770201 0.214919 0.014880
