11032 0.642515 0.287445 0.070041
11022 0.416178 0.456395 0.127427
23621 0.005311 0.263459 0.731229
10852 0.131886 0.199282 0.668833
10883 0.187463 0.256624 0.555913
23644 0.230948 0.166395 0.602657
8666 0.077778 0.045009 0.877213
23631 0.243108 0.266331 0.490561
24768 0.045090 0.820908 0.134002
24757 0.181518 0.502715 0.315767
24673 0.426307 0.289911 0.283782
10146 0.694962 0.279095 0.025943
10147 0.163633 0.697526 0.138841
10148 0.038039 0.407211 0.554750
10148 0.117633 0.865373 0.016994
24714 0.070848 0.516477 0.412675
10112 0.314986 0.021138 0.663877
24707 0.621809 0.374101 0.004090
8730 0.310783 0.302393 0.386824
8733 0.128506 0.049801 0.821693
23470 0.431821 0.505672 0.062508
23548 0.393597 0.284724 0.321679
8778 0.207282 0.214292 0.578426
8771 0.165028 0.699065 0.135907
10903 0.325479 0.482994 0.191527
22331 0.286068 0.662991 0.050941
9900 0.223181 0.352315 0.424505
9760 0.211466 0.517111 0.271422
9621 0.387831 0.381286 0.230882
23014 0.504536 0.006849 0.488615
22960 0.095500 0.850674 0.053826
22705 0.086082 0.223307 0.690612
22707 0.046238 0.153276 0.800486
24816 0.065074 0.289418 0.645508
12234 0.118185 0.856935 0.024880
12239 0.147744 0.534888 0.317368
24509 0.176877 0.792531 0.030592
12222 0.645756 0.224638 0.129605
12353 0.384785 0.248234 0.366981
24540 0.113651 0.470724 0.415624
12356 0.422482 0.511185 0.066332
20213 0.633893 0.180227 0.185880
23751 0.070418 0.850566 0.079017
11648 0.222111 0.418648 0.359242
11782 0.302127 0.018541 0.679332
11489 0.429542 0.134126 0.436332
11467 0.934760 0.048503 0.016737
12504 0.230776 0.465265 0.303959
12505 0.083136 0.000000 0.916864
12566 0.810653 0.185775 0.003572
12566 0.259216 0.191866 0.548918
12527 0.470500 0.129727 0.399773
11415 0.662219 0.041920 0.295862
12531 0.654326 0.066114 0.279560
23752 0.029850 0.920262 0.049889
23744 0.571012 0.175516 0.253472
23744 0.223910 0.263456 0.512634
23743 0.800391 0.058355 0.141254
20213 0.292791 0.407893 0.299316
20208 0.866500 0.072017 0.061483
12609 0.671510 0.033641 0.294849
11689 0.000000 0.625681 0.374319
11689 0.513326 0.316165 0.170510
11649 0.370373 0.089022 0.540606
19898 0.611668 0.364198 0.024134
23886 0.121705 0.027154 0.851141
11448 0.589981 0.000000 0.410019
23818 0.042475 0.637670 0.319855
23820 0.073225 0.244304 0.682471
23787 0.251778 0.071419 0.676803
12566 0.162151 0.556041 0.281808
12527 0.284777 0.463849 0.251374
25039 0.634393 0.232965 0.132642
12531 0.362372 0.397884 0.239743
12523 0.609755 0.308299 0.081946
12523 0.213590 0.015762 0.770648
12522 0.238593 0.505142 0.256266
23743 0.340500 0.324131 0.335369
11650 0.107986 0.010814 0.881200
11768 0.068044 0.314956 0.617000
19903 0.115333 0.865944 0.018723
23883 0.587972 0.042648 0.369379
11446 0.425078 0.155243 0.419679
23792 0.042227 0.490046 0.467727
12505 0.686642 0.208243 0.105115
12542 0.187668 0.242641 0.569691
23790 0.280073 0.167673 0.552254
11438 0.311287 0.662436 0.026277
23746 0.085589 0.416731 0.497680
11680 0.045171 0.475160 0.479668
11682 0.215916 0.538547 0.245537
11665 0.041588 0.705908 0.252503
11668 0.120556 0.048668 0.830777
25069 0.544481 0.270454 0.185065
12666 0.676367 0.278634 0.044999
19895 0.060358 0.617731 0.321910
19913 0.076012 0.081457 0.842530
19975 0.377400 0.272253 0.350347
19990 0.093913 0.613172 0.292914
11621 0.111644 0.525924 0.362432
12514 0.311429 0.533856 0.154715
23786 0.553954 0.373478 0.072568
23798 0.306388 0.644403 0.049209
7453 0.334123 0.423442 0.242435
20196 0.255284 0.475915 0.268800
11686 0.780000 0.215640 0.004360
11684 0.289589 0.356165 0.354246
24451 0.149045 0.823256 0.027699
24452 0.089813 0.768599 0.141588
12373 0.126746 0.363256 0.509998
12643 0.165240 0.711275 0.123485
25115 0.042259 0.186860 0.770882
23896 0.488769 0.407982 0.103249
23900 0.272190 0.240417 0.487393
23810 0.090594 0.389183 0.520223
23783 0.273816 0.682976 0.043208
19985 0.224320 0.228230 0.547451
12507 0.544584 0.380768 0.074648
12579 0.221927 0.379703 0.398369
7483 0.889614 0.021745 0.088641
20235 0.412635 0.578599 0.008767
11674 0.001332 0.712894 0.285774
12347 0.174073 0.602801 0.223126
24450 0.618707 0.130809 0.250484
24461 0.026972 0.155064 0.817964
12376 0.309571 0.323222 0.367207
12366 0.424704 0.565958 0.009338
24486 0.191022 0.149344 0.659634
24478 0.278483 0.601891 0.119626
12374 0.693635 0.003945 0.302421
12307 0.880690 0.115116 0.004194
24474 0.460830 0.394492 0.144677
12317 0.294908 0.276402 0.428691
25066 0.653250 0.260380 0.086370
24565 0.155916 0.197660 0.646424
12682 0.162831 0.812671 0.024497
24925 0.109025 0.477646 0.413329
24996 0.221776 0.316128 0.462095
12142 0.403403 0.529142 0.067455
12180 0.204529 0.343602 0.451870
24646 0.261707 0.014663 0.723630
24941 0.431010 0.406583 0.162407
12591 0.315272 0.486593 0.198135
12123 0.052294 0.589650 0.358056
12090 0.079103 0.661486 0.259410
12685 0.047398 0.076572 0.876029
12664 0.086846 0.745089 0.168064
12653 0.596915 0.268122 0.134963
24636 0.092290 0.893896 0.013814
12060 0.257922 0.742078 0.000000
12058 0.386227 0.283898 0.329875
12057 0.643676 0.101892 0.254432
12056 0.212921 0.071866 0.715213
24659 0.395436 0.206409 0.398154
12320 0.112103 0.538314 0.349583
12062 0.066537 0.254311 0.679153
24643 0.589319 0.253545 0.157136
12067 0.183432 0.090793 0.725775
24643 0.175447 0.690402 0.134150
24898 0.507238 0.418252 0.074509
24911 0.722649 0.048707 0.228644
24970 0.916065 0.006489 0.077446
24635 0.405457 0.281941 0.312602
24633 0.053315 0.609189 0.337497
12089 0.512380 0.325931 0.161690
24634 0.253881 0.171741 0.574378
24658 0.569193 0.130554 0.300252
24632 0.041406 0.942078 0.016516
24922 0.052651 0.283910 0.663439
12656 0.415111 0.206441 0.378448
12654 0.376160 0.163366 0.460474
12059 0.209945 0.342876 0.447179
24615 0.301590 0.244835 0.453575
24616 0.539703 0.460297 0.000000
12193 0.205595 0.197512 0.596892
24661 0.595719 0.246895 0.157386
24637 0.635911 0.095169 0.268919
12060 0.837957 0.162043 0.000000
12061 0.142939 0.628679 0.228382
12061 0.300349 0.522901 0.176750
12291 0.478721 0.386927 0.134352
24615 0.142554 0.609973 0.247473
12193 0.203808 0.589078 0.207114
12058 0.760176 0.000000 0.239824
12059 0.466492 0.533508 0.000000
12060 0.709740 0.290260 0.000000
24573 0.031818 0.225925 0.742257
25123 0.150803 0.265217 0.583980
12541 0.631322 0.238884 0.129794
11808 0.602520 0.248076 0.149405
24203 0.665529 0.297421 0.037050
20096 0.478169 0.086555 0.435276
20124 0.371324 0.316416 0.312260
12035 0.133155 0.511431 0.355414
12029 0.816437 0.133649 0.049914
22323 0.635031 0.083534 0.281435
24202 0.017240 0.288431 0.694329
20125 0.261823 0.494870 0.243307
24602 0.168778 0.207980 0.623242
12016 0.109947 0.111302 0.778751
20599 0.468767 0.101528 0.429705
20673 0.744356 0.051388 0.204257
20348 0.654670 0.057900 0.287430
20391 0.842004 0.129230 0.028766
20376 0.453409 0.378213 0.168378
7264 0.000000 0.451710 0.548290
20299 0.151958 0.463597 0.384446
20332 0.245937 0.240730 0.513333
7559 0.541204 0.252768 0.206028
11211 0.236928 0.567809 0.195264
11269 0.298499 0.428026 0.273474
20538 0.568570 0.303796 0.127634
20635 0.190519 0.325041 0.484440
7587 0.624913 0.037777 0.337310
24374 0.344498 0.428902 0.226600
11213 0.184116 0.555038 0.260846
11302 0.542998 0.403545 0.053457
24093 0.789847 0.112939 0.097214
24096 0.061475 0.675338 0.263187
20561 0.313656 0.277107 0.409237
20570 0.021078 0.049193 0.929729
7406 0.166839 0.609988 0.223173
20676 0.420296 0.132884 0.446821
7540 0.557792 0.079490 0.362718
24370 0.167335 0.442536 0.390129
11216 0.005604 0.017210 0.977186
24130 0.068739 0.847883 0.083378
24101 0.311642 0.435090 0.253268
24096 0.249691 0.025280 0.725029
11253 0.054824 0.329925 0.615251
11775 0.614526 0.275728 0.109747
7405 0.678075 0.035786 0.286139
7415 0.829814 0.155220 0.014967
19996 0.787854 0.185814 0.026331
7488 0.052061 0.541791 0.406148
9593 0.552086 0.167486 0.280428
12710 0.697323 0.141799 0.160878
11207 0.174328 0.612394 0.213278
20547 0.800483 0.054817 0.144700
20670 0.701686 0.046766 0.251547
7363 0.478722 0.251655 0.269623
7354 0.446301 0.032541 0.521158
7357 0.181702 0.634521 0.183777
20692 0.645094 0.230232 0.124674
7250 0.000000 0.988826 0.011174
7267 0.019545 0.155926 0.824529
11282 0.000000 0.426238 0.573762
11212 0.353767 0.431988 0.214245
11303 0.175031 0.694143 0.130826
24094 0.233657 0.755875 0.010468
20556 0.677182 0.128537 0.194281
7438 0.140637 0.343008 0.516355
7400 0.247054 0.569595 0.183350
20653 0.723786 0.231335 0.044880
20664 0.090186 0.177378 0.732436
20598 0.076939 0.235817 0.687244
20682 0.174930 0.778697 0.046373
20700 0.627404 0.359380 0.013216
7521 0.495370 0.504630 0.000000
20374 0.284252 0.000000 0.715748
7360 0.334106 0.428295 0.237600
20345 0.139216 0.087871 0.772913
7529 0.083829 0.802952 0.113219
7442 0.026044 0.685551 0.288405
7440 0.268361 0.367649 0.363990
7425 0.436290 0.167420 0.396290
7563 0.032814 0.867188 0.099998
7358 0.058682 0.429568 0.511751
7293 0.234315 0.070402 0.695283
7260 0.745596 0.225941 0.028463
7220 0.106461 0.112658 0.780881
7235 0.089819 0.605424 0.304757
20449 0.704868 0.264753 0.030379
20423 0.224026 0.089669 0.686305
7392 0.316776 0.292429 0.390795
20344 0.252887 0.204286 0.542827
7305 0.075035 0.181287 0.743678
7299 0.277366 0.231786 0.490848
11210 0.216121 0.266628 0.517251
20495 0.241532 0.005098 0.753370
20624 0.688579 0.126173 0.185247
20326 0.123901 0.698145 0.177954
12775 0.375111 0.526447 0.098443
25013 0.578700 0.251159 0.170142
25016 0.113350 0.149882 0.736768
11452 0.325960 0.237239 0.436802
23775 0.771763 0.113027 0.115209
7861 0.417559 0.238285 0.344156
23910 0.681401 0.276091 0.042509
23878 0.394916 0.220616 0.384468
11456 0.556260 0.182314 0.261425
25044 0.633542 0.061118 0.305340
25051 0.178955 0.159867 0.661178
23892 0.458550 0.525306 0.016144
7342 0.252463 0.000000 0.747537
20450 0.258618 0.526300 0.215082
11476 0.349480 0.548846 0.101673
11479 0.450657 0.310267 0.239075
7326 0.771048 0.128792 0.100160
20123 0.416396 0.465513 0.118091
20136 0.677369 0.196172 0.126459
11982 0.404841 0.518314 0.076845
11975 0.101017 0.362783 0.536199
24339 0.248694 0.071083 0.680224
24041 0.213997 0.273731 0.512272
12590 0.724890 0.275110 0.000000
12077 0.079519 0.842132 0.078349
24944 0.323225 0.191523 0.485252
12019 0.318932 0.596011 0.085057
11566 0.084950 0.120994 0.794056
11979 0.390031 0.573401 0.036568
11980 0.157402 0.533300 0.309298
8533 0.163036 0.050306 0.786659
12547 0.538907 0.402288 0.058804
11543 0.069828 0.360829 0.569343
11976 0.211341 0.139201 0.649458
11984 0.615524 0.270970 0.113506
4190 0.217580 0.030646 0.751773
4794 0.550480 0.263707 0.185813
23356 0.558865 0.337164 0.103971
11904 0.086380 0.815432 0.098187
11987 0.291611 0.267703 0.440685
20114 0.323031 0.113434 0.563535
11945 0.540800 0.240118 0.219082
24288 0.155543 0.077838 0.766619
11520 0.214818 0.713137 0.072045
12584 0.008854 0.827286 0.163860
11996 0.511954 0.244275 0.243772
25119 0.355606 0.641100 0.003294
12760 0.506240 0.344813 0.148947
24219 0.873103 0.042740 0.084158
24596 0.788343 0.122330 0.089326
12602 0.447154 0.385744 0.167102
24448 0.166215 0.516583 0.317202
24490 0.152394 0.009700 0.837906
24568 0.004009 0.146249 0.849741
24328 0.677295 0.124972 0.197733
24416 0.314560 0.260305 0.425135
24271 0.204530 0.172157 0.623313
20109 0.728548 0.101010 0.170442
11990 0.014406 0.966892 0.018702
20179 0.041363 0.898103 0.060535
20180 0.037926 0.369403 0.592670
11912 0.068001 0.403592 0.528406
20160 0.530461 0.199646 0.269893
24299 0.003449 0.574815 0.421736
24292 0.353055 0.630889 0.016056
11586 0.304112 0.527869 0.168020
20166 0.837962 0.076344 0.085694
11891 0.417731 0.540554 0.041715
23922 0.061309 0.740672 0.198019
23917 0.217457 0.700312 0.082231
24176 0.396955 0.544431 0.058614
24197 0.508645 0.097233 0.394122
11827 0.742939 0.089133 0.167927
20177 0.654342 0.218598 0.127061
20250 0.221012 0.412987 0.366001
20194 0.385806 0.425348 0.188846
11938 0.343917 0.211492 0.444591
11691 0.176578 0.633435 0.189987
23946 0.337759 0.254851 0.407390
24175 0.627303 0.030734 0.341963
23894 0.208145 0.660723 0.131132
7403 0.326543 0.211059 0.462398
20033 0.135288 0.678014 0.186698
24515 0.009612 0.520771 0.469617
7468 0.266682 0.652398 0.080920
11602 0.416898 0.094506 0.488596
11610 0.239379 0.351499 0.409122
20240 0.276225 0.098073 0.625702
19994 0.100050 0.538572 0.361378
19960 0.584435 0.122829 0.292736
11598 0.105395 0.589775 0.304829
11431 0.017994 0.373591 0.608415
11422 0.358242 0.014915 0.626842
12515 0.246900 0.604321 0.148779
12540 0.243256 0.646439 0.110305
19955 0.046525 0.666926 0.286549
12714 0.582829 0.345069 0.072102
20148 0.689044 0.160046 0.150910
23861 0.900839 0.012712 0.086450
11933 0.179509 0.462355 0.358136
20293 0.634003 0.114255 0.251742
20260 0.030019 0.591401 0.378580
23998 0.571180 0.101259 0.327561
12723 0.302013 0.565540 0.132447
23986 0.442200 0.034003 0.523797
23930 0.015767 0.432731 0.551501
23990 0.123219 0.567572 0.309209
24144 0.185434 0.400087 0.414479
11219 0.148712 0.712970 0.138318
24145 0.435295 0.229160 0.335546
11218 0.477988 0.433792 0.088221
20150 0.256054 0.391882 0.352064
23850 0.325058 0.003401 0.671541
23981 0.035509 0.634152 0.330339
12705 0.212830 0.570249 0.216921
12727 0.026096 0.788494 0.185410
23966 0.495577 0.097817 0.406606
12715 0.050450 0.855480 0.094070
24366 0.146624 0.051164 0.802212
11201 0.169247 0.088481 0.742272
24386 0.223726 0.720761 0.055513
11337 0.090105 0.024134 0.885761
11334 0.113929 0.742811 0.143260
11320 0.041235 0.795037 0.163728
11232 0.035855 0.862283 0.101862
11361 0.093060 0.434683 0.472257
24140 0.068131 0.625916 0.305953
24141 0.427606 0.127520 0.444874
11344 0.210065 0.693177 0.096758
24198 0.039931 0.070413 0.889655
24251 0.582309 0.302245 0.115446
24257 0.085620 0.375913 0.538467
24224 0.396216 0.288934 0.314851
11326 0.085139 0.232284 0.682577
24225 0.168483 0.089271 0.742246
24179 0.600602 0.149812 0.249586
11298 0.027249 0.866268 0.106482
11245 0.234834 0.248466 0.516700
24097 0.496875 0.226760 0.276365
24113 0.032334 0.634388 0.333277
10004 0.288839 0.210868 0.500293
24730 0.541525 0.110824 0.347651
10382 0.268977 0.416310 0.314713
22687 0.326784 0.663808 0.009408
10259 0.503661 0.242864 0.253475
10248 0.207004 0.639378 0.153618
9631 0.018863 0.292865 0.688272
22451 0.117151 0.546294 0.336555
10891 0.501005 0.267385 0.231611
23156 0.369140 0.050550 0.580310
10911 0.226146 0.504198 0.269656
9980 0.078763 0.280069 0.641168
9983 0.056438 0.521206 0.422356
23415 0.748961 0.233476 0.017564
8715 0.093049 0.171280 0.735672
23410 0.049893 0.895021 0.055086
23426 0.016743 0.584023 0.399234
10338 0.571606 0.232345 0.196049
10299 0.664870 0.134444 0.200686
10269 0.103485 0.367450 0.529066
22947 0.123356 0.211152 0.665493
9752 0.201223 0.529061 0.269717
9754 0.086677 0.713522 0.199801
9931 0.261706 0.297632 0.440662
22334 0.013935 0.357157 0.628909
23033 0.326197 0.307781 0.366022
11154 0.152338 0.499968 0.347694
23564 0.592349 0.087388 0.320264
10815 0.061695 0.785937 0.152368
10837 0.133728 0.762844 0.103428
23603 0.548142 0.178420 0.273438
8667 0.338282 0.172187 0.489531
10964 0.600219 0.146775 0.253006
10115 0.126889 0.059159 0.813952
10131 0.089064 0.307401 0.603536
24682 0.215506 0.289491 0.495003
24776 0.324873 0.176470 0.498657
11367 0.210555 0.358367 0.431078
11372 0.070755 0.405474 0.523770
24123 0.020595 0.582618 0.396787
24117 0.185999 0.587844 0.226158
24232 0.308014 0.623535 0.068451
11324 0.642157 0.097960 0.259883
10076 0.041526 0.627564 0.330910
10012 0.507960 0.263569 0.228471
24740 0.079053 0.144723 0.776224
24726 0.035706 0.895184 0.069110
10008 0.024319 0.541273 0.434408
11646 0.233156 0.000000 0.766844
11646 0.590159 0.000000 0.409841
11647 0.098935 0.901065 0.000000
23740 0.456677 0.151557 0.391766
11468 0.807556 0.192444 0.000000
11447 0.597858 0.000000 0.402142
12504 0.000000 0.675586 0.324414
12504 0.000000 1.000000 0.000000
12566 0.797722 0.001634 0.200644
12566 0.328601 0.116973 0.554426
12527 0.536545 0.231293 0.232163
23747 0.057694 0.143949 0.798357
12531 0.202287 0.133471 0.664241
12529 0.010245 0.856892 0.132863
12529 0.000000 0.527330 0.472670
11651 0.774762 0.000000 0.225238
11646 0.000000 0.000000 1.000000
10323 0.265572 0.427774 0.306654
10325 0.620025 0.302239 0.077736
9786 0.073303 0.022677 0.904020
9788 0.144656 0.232741 0.622603
9741 0.464782 0.276324 0.258894
22360 0.429229 0.339019 0.231752
23178 0.073079 0.911247 0.015674
11157 0.255177 0.077902 0.666921
23572 0.356571 0.273127 0.370302
23569 0.519042 0.105034 0.375924
10834 0.070228 0.221053 0.708720
10830 0.913223 0.009332 0.077445
8678 0.820536 0.076651 0.102813
23586 0.304369 0.111002 0.584630
22558 0.232460 0.190638 0.576902
10127 0.087837 0.199964 0.712199
11192 0.615642 0.190443 0.193915
22975 0.172364 0.760234 0.067403
22964 0.682677 0.289425 0.027898
9755 0.129245 0.441450 0.429305
9744 0.053959 0.677104 0.268937
9934 0.307006 0.258897 0.434097
10329 0.358872 0.591805 0.049323
10091 0.357729 0.245557 0.396714
22354 0.724580 0.147920 0.127501
22773 0.152702 0.522459 0.324839
22785 0.623057 0.055274 0.321669
22748 0.408728 0.301850 0.289422
22745 0.666631 0.330053 0.003316
22691 0.270309 0.385745 0.343946
10345 0.123893 0.701839 0.174268
22695 0.489361 0.378136 0.132503
10378 0.125579 0.288137 0.586284
22718 0.443874 0.197448 0.358677
22698 0.090982 0.726033 0.182985
24728 0.138154 0.369108 0.492738
10043 0.292571 0.481318 0.226111
22791 0.323660 0.043094 0.633246
10014 0.404036 0.512768 0.083197
22697 0.584376 0.235982 0.179643
10086 0.695218 0.110040 0.194742
22775 0.000981 0.863076 0.135943
22769 0.654191 0.238169 0.107640
22784 0.407028 0.268164 0.324808
10332 0.206430 0.694794 0.098776
10353 0.075476 0.010276 0.914248
10083 0.240668 0.627203 0.132129
22787 0.181313 0.486958 0.331729
10053 0.074518 0.779005 0.146478
10320 0.017113 0.563239 0.419648
10330 0.791485 0.072256 0.136259
9650 0.349213 0.289470 0.361316
9653 0.820791 0.114546 0.064663
22460 0.085302 0.866814 0.047884
22486 0.164785 0.614165 0.221050
11112 0.205760 0.710480 0.083760
11097 0.151744 0.741684 0.106572
11137 0.667143 0.332857 0.000000
10951 0.242858 0.545751 0.211391
23382 0.292538 0.291124 0.416337
10992 0.232065 0.265117 0.502818
22451 0.786846 0.190193 0.022961
9637 0.668761 0.180611 0.150628
23018 0.351315 0.112852 0.535833
23007 0.373822 0.316093 0.310084
22899 0.145323 0.588429 0.266248
22871 0.199453 0.126540 0.674007
9646 0.167313 0.468905 0.363783
9682 0.486266 0.499830 0.013904
22493 0.115949 0.132032 0.752019
22490 0.101964 0.294637 0.603399
9781 0.050743 0.624408 0.324849
9775 0.293797 0.446520 0.259683
22872 0.163432 0.435854 0.400714
22886 0.529555 0.048736 0.421709
9708 0.320527 0.321712 0.357761
19322 0.600527 0.055614 0.343859
10239 0.061599 0.914177 0.024225
22735 0.791112 0.138907 0.069980
10223 0.042193 0.686683 0.271124
10230 0.460145 0.102631 0.437224
10358 0.247522 0.258673 0.493804
22754 0.125643 0.333508 0.540849
7985 0.245368 0.071498 0.683134
7950 0.193463 0.013355 0.793183
21655 0.644367 0.185771 0.169863
7947 0.552050 0.397560 0.050389
10290 0.662335 0.117074 0.220591
10273 0.414331 0.133106 0.452563
23738 0.277124 0.711807 0.011069
22969 0.196580 0.012181 0.791239
10217 0.007745 0.246789 0.745466
10194 0.179748 0.381679 0.438573
10226 0.568454 0.240349 0.191197
9700 0.120189 0.829771 0.050040
7916 0.394048 0.555981 0.049971
19327 0.640016 0.293461 0.066523
9094 0.184809 0.345641 0.469550
7910 0.014180 0.276599 0.709221
9169 0.713424 0.217138 0.069438
19586 0.480873 0.071206 0.447921
19683 0.778181 0.185560 0.036259
7743 0.851244 0.030794 0.117962
19155 0.817439 0.085841 0.096720
6804 0.024312 0.661299 0.314389
7994 0.417795 0.577333 0.004872
21675 0.094066 0.465122 0.440812
19264 0.124549 0.627431 0.248020
6780 0.635705 0.020529 0.343766
19710 0.710437 0.242410 0.047153
6777 0.892045 0.074008 0.033947
21239 0.117027 0.566893 0.316080
19835 0.444432 0.349994 0.205574
19656 0.070312 0.399383 0.530305
19149 0.009686 0.288723 0.701591
7627 0.808478 0.130424 0.061098
21825 0.020947 0.178926 0.800127
6808 0.500471 0.371544 0.127984
21548 0.066098 0.010570 0.923332
6657 0.124146 0.111625 0.764228
19257 0.519445 0.170015 0.310540
9028 0.751257 0.106319 0.142424
22205 0.203049 0.690380 0.106571
9062 0.093769 0.066439 0.839792
7841 0.328883 0.027563 0.643554
23123 0.142182 0.405735 0.452084
19317 0.693574 0.117626 0.188800
7816 0.009274 0.115436 0.875290
7812 0.633089 0.171989 0.194922
23155 0.023037 0.857713 0.119251
19552 0.323856 0.672888 0.003256
19728 0.913883 0.035420 0.050697
9087 0.221938 0.586436 0.191626
7800 0.429696 0.188957 0.381346
11130 0.214162 0.590971 0.194866
22449 0.138822 0.617838 0.243340
22453 0.238370 0.026385 0.735245
9634 0.143411 0.470875 0.385714
9633 0.782395 0.184663 0.032942
7943 0.286311 0.241011 0.472677
21648 0.099360 0.722132 0.178508
19812 0.132747 0.341819 0.525434
6406 0.111838 0.782126 0.106036
6794 0.061480 0.034865 0.903654
19147 0.144425 0.799267 0.056308
19145 0.053150 0.609205 0.337645
21823 0.375147 0.516343 0.108510
21821 0.520143 0.448826 0.031030
6935 0.688819 0.087990 0.223191
6534 0.150333 0.294847 0.554821
7598 0.327351 0.579985 0.092664
19424 0.295951 0.379961 0.324089
6880 0.323016 0.210609 0.466375
6887 0.079455 0.603161 0.317384
21835 0.860769 0.110181 0.029050
19803 0.129799 0.176834 0.693367
6497 0.844931 0.007178 0.147891
7674 0.242123 0.161902 0.595975
21911 0.218501 0.017383 0.764116
21893 0.034671 0.860111 0.105218
6870 0.022621 0.141204 0.836175
6456 0.207995 0.388036 0.403969
19500 0.323341 0.528759 0.147900
7685 0.079897 0.531451 0.388652
19403 0.727387 0.015961 0.256652
21892 0.018884 0.173566 0.807551
21890 0.041976 0.188052 0.769972
6446 0.598163 0.007305 0.394532
6513 0.172145 0.080787 0.747068
7688 0.034864 0.135385 0.829751
21874 0.865356 0.108647 0.025997
21872 0.495648 0.208120 0.296231
21595 0.131342 0.117068 0.751590
7049 0.242928 0.391593 0.365479
7761 0.276508 0.582601 0.140890
7763 0.131890 0.586640 0.281470
6801 0.208247 0.075135 0.716618
6923 0.048406 0.828749 0.122845
6691 0.068612 0.147747 0.783640
19713 0.298702 0.104877 0.596421
19550 0.107631 0.249232 0.643137
19449 0.035041 0.284728 0.680230
7927 0.471508 0.311850 0.216642
21726 0.231253 0.673882 0.094865
6840 0.033705 0.560698 0.405598
7759 0.001546 0.701455 0.297000
6681 0.738469 0.193720 0.067811
19547 0.380258 0.065976 0.553766
19451 0.367330 0.073754 0.558916
7925 0.716505 0.248847 0.034648
21762 0.331973 0.616083 0.051944
21852 0.549255 0.016660 0.434085
19176 0.737956 0.109426 0.152619
19200 0.462097 0.149456 0.388448
19862 0.591267 0.033569 0.375164
19461 0.856531 0.007515 0.135954
19458 0.226205 0.279865 0.493930
7102 0.314036 0.254673 0.431292
21575 0.819954 0.060532 0.119515
19103 0.175685 0.201248 0.623067
19227 0.014773 0.251250 0.733977
21815 0.600863 0.250182 0.148955
21817 0.278859 0.052964 0.668177
7138 0.162490 0.819150 0.018360
21694 0.509383 0.449488 0.041129
6584 0.144905 0.115957 0.739138
19476 0.596905 0.402102 0.000993
9080 0.653190 0.235120 0.111691
6579 0.080315 0.470176 0.449509
7670 0.117250 0.826144 0.056606
9077 0.225718 0.333834 0.440448
19567 0.112890 0.124840 0.762270
7653 0.428324 0.405962 0.165714
21632 0.222816 0.571278 0.205906
21578 0.373086 0.217148 0.409766
6952 0.556303 0.341518 0.102178
7125 0.498830 0.158426 0.342744
6650 0.319380 0.471833 0.208787
6776 0.184692 0.797252 0.018056
6775 0.379029 0.378207 0.242764
6710 0.447459 0.163046 0.389495
19276 0.086133 0.203670 0.710197
7789 0.588300 0.385934 0.025767
6949 0.446898 0.436040 0.117062
6957 0.537752 0.438817 0.023431
6933 0.282967 0.649353 0.067679
6908 0.299380 0.605520 0.095100
6912 0.018686 0.741854 0.239460
21562 0.373588 0.301796 0.324617
21593 0.073947 0.109991 0.816062
19098 0.477070 0.469312 0.053618
19085 0.181568 0.373165 0.445267
19089 0.501886 0.225720 0.272394
6672 0.010629 0.332120 0.657251
7046 0.388140 0.154158 0.457702
7016 0.435008 0.341543 0.223449
19207 0.256873 0.161994 0.581133
6706 0.358676 0.476608 0.164715
7179 0.106571 0.477574 0.415855
22483 0.369681 0.220754 0.409565
9602 0.152815 0.111070 0.736115
9604 0.382604 0.230523 0.386873
19213 0.161296 0.487789 0.350915
19129 0.071898 0.422086 0.506016
19122 0.186532 0.742141 0.071327
21563 0.063043 0.251847 0.685110
21534 0.629049 0.006526 0.364426
6909 0.506543 0.284934 0.208523
6932 0.540568 0.170667 0.288765
21730 0.317277 0.012587 0.670136
9641 0.591500 0.194071 0.214429
9614 0.292229 0.020337 0.687434
22999 0.411497 0.077401 0.511102
9598 0.366810 0.450858 0.182332
6624 0.345382 0.609747 0.044872
19272 0.235016 0.160095 0.604889
21556 0.661521 0.066350 0.272129
21523 0.031153 0.846570 0.122277
7739 0.208869 0.695700 0.095431
7710 0.044465 0.927453 0.028082
19751 0.372120 0.090403 0.537477
7731 0.251569 0.314819 0.433612
7733 0.329104 0.556878 0.114017
6753 0.305262 0.512857 0.181882
19780 0.064777 0.876658 0.058564
21782 0.066116 0.565743 0.368141
22997 0.101386 0.878948 0.019666
23006 0.377020 0.260148 0.362833
7727 0.271137 0.281223 0.447640
6666 0.167835 0.323438 0.508728
19787 0.539607 0.359428 0.100965
19766 0.081401 0.639241 0.279358
21774 0.337083 0.331762 0.331155
22897 0.668494 0.019260 0.312247
22941 0.190569 0.548899 0.260532
19241 0.888186 0.029109 0.082705
7726 0.403403 0.263266 0.333331
19737 0.399418 0.300114 0.300468
6789 0.118821 0.210232 0.670946
7159 0.319054 0.353152 0.327794
9715 0.760276 0.155857 0.083867
9717 0.591324 0.166396 0.242280
7738 0.819098 0.019593 0.161309
7742 0.100581 0.002304 0.897115
6762 0.027739 0.349957 0.622304
19783 0.586512 0.262864 0.150624
7143 0.196808 0.337999 0.465193
9891 0.462352 0.386004 0.151645
9726 0.060429 0.255335 0.684237
21798 0.912487 0.049820 0.037693
19697 0.884297 0.112933 0.002771
6773 0.168647 0.700136 0.131217
7738 0.028607 0.728135 0.243258
7737 0.309269 0.280690 0.410041
6761 0.283409 0.624654 0.091937
19744 0.006241 0.030598 0.963161
7039 0.269487 0.307739 0.422775
7700 0.925859 0.037932 0.036209
7699 0.527763 0.000000 0.472237
19754 0.781107 0.199375 0.019517
6643 0.579786 0.216143 0.204071
6621 0.427667 0.366161 0.206172
19620 0.133190 0.659711 0.207098
6634 0.055548 0.336439 0.608013
6694 0.025784 0.089860 0.884356
19746 0.541164 0.074417 0.384419
19747 0.047491 0.174975 0.777534
7019 0.146086 0.196267 0.657648
6639 0.657021 0.119682 0.223297
7008 0.017664 0.104867 0.877469
7167 0.743366 0.136059 0.120575
7151 0.320070 0.111271 0.568659
7188 0.759748 0.128841 0.111410
7717 0.608896 0.133626 0.257478
19252 0.876642 0.031949 0.091409
19764 0.010546 0.104472 0.884983
19782 0.455236 0.389739 0.155025
7033 0.053740 0.343021 0.603239
9719 0.216328 0.595265 0.188407
23002 0.501032 0.257947 0.241021
19112 0.595299 0.245307 0.159395
7734 0.803260 0.065513 0.131227
6743 0.827614 0.083367 0.089019
19781 0.195108 0.361133 0.443759
7032 0.466815 0.040532 0.492653
9720 0.157300 0.386414 0.456287
19248 0.689016 0.219037 0.091946
19249 0.000000 0.123968 0.876032
19762 0.074554 0.126017 0.799429
19780 0.127437 0.269446 0.603116
7025 0.072149 0.629079 0.298772
9721 0.106758 0.555668 0.337574
7194 0.152311 0.777128 0.070561
6993 0.064109 0.802446 0.133445
19769 0.851109 0.141291 0.007600
19767 0.180918 0.270005 0.549077
21810 0.090189 0.680478 0.229333
9734 0.494410 0.293656 0.211934
19246 0.140187 0.615098 0.244716
19256 0.045635 0.693572 0.260793
6752 0.709607 0.290393 0.000000
19766 0.036706 0.035554 0.927740
7095 0.074868 0.435747 0.489385
9735 0.436031 0.095168 0.468800
19241 0.235970 0.235128 0.528903
6665 0.422220 0.534873 0.042906
19777 0.092090 0.267642 0.640268
6790 0.028919 0.024254 0.946827
7166 0.119540 0.255871 0.624588
9736 0.231193 0.042231 0.726577
6652 0.328785 0.182443 0.488772
19270 0.155412 0.311505 0.533083
19700 0.021989 0.739668 0.238343
19698 0.080795 0.237062 0.682143
7187 0.778655 0.119752 0.101593
9738 0.608411 0.089920 0.301669
22896 0.355041 0.416794 0.228165
9234 0.142972 0.794635 0.062393
20900 0.039821 0.058045 0.902134
8957 0.062005 0.803170 0.134825
8955 0.014905 0.042106 0.942989
23465 0.336830 0.323718 0.339452
9481 0.364772 0.222062 0.413167
9509 0.672943 0.130593 0.196464
20924 0.039114 0.389791 0.571095
22606 0.143858 0.526704 0.329438
9237 0.161439 0.648785 0.189775
20873 0.474918 0.290391 0.234690
22121 0.515824 0.014767 0.469409
21978 0.753702 0.024954 0.221344
24828 0.125395 0.692451 0.182154
9468 0.224223 0.136767 0.639010
22608 0.168948 0.009387 0.821665
10100 0.212280 0.743040 0.044680
9532 0.282701 0.365738 0.351561
9520 0.534438 0.226332 0.239230
21059 0.439880 0.527451 0.032669
22616 0.034781 0.805116 0.160103
21061 0.350039 0.063179 0.586781
9280 0.418507 0.435695 0.145798
9912 0.256561 0.173633 0.569806
22396 0.343236 0.088798 0.567966
9967 0.225676 0.194362 0.579962
22501 0.357781 0.460808 0.181411
22609 0.281596 0.617072 0.101332
9200 0.281902 0.698002 0.020096
20861 0.218173 0.411879 0.369948
8963 0.782125 0.199000 0.018875
8961 0.533801 0.286659 0.179540
24781 0.151560 0.506740 0.341700
9205 0.219226 0.009994 0.770780
8263 0.020347 0.447139 0.532514
22262 0.528168 0.067526 0.404306
22122 0.354279 0.311281 0.334439
12290 0.057528 0.174925 0.767546
21028 0.335219 0.307433 0.357348
20804 0.251807 0.656330 0.091863
8828 0.038573 0.063778 0.897649
8802 0.820770 0.126995 0.052235
12267 0.546126 0.040672 0.413202
9272 0.485879 0.316732 0.197389
20739 0.300522 0.301304 0.398174
8804 0.192547 0.754879 0.052574
21505 0.332342 0.040864 0.626795
12260 0.154376 0.373822 0.471802
21020 0.105008 0.522488 0.372504
8815 0.022580 0.919655 0.057764
8843 0.218032 0.131686 0.650282
21471 0.055975 0.036919 0.907105
10177 0.198609 0.222230 0.579161
21036 0.632125 0.325893 0.041982
20893 0.299649 0.546963 0.153388
21973 0.041145 0.203554 0.755301
22014 0.072540 0.445638 0.481823
24677 0.593365 0.046632 0.360003
20937 0.007321 0.934566 0.058113
9356 0.021386 0.873943 0.104671
22287 0.001852 0.652525 0.345624
22290 0.019670 0.833892 0.146438
24862 0.119329 0.125794 0.754877
20931 0.022093 0.830043 0.147864
20793 0.371078 0.470915 0.158007
8846 0.653184 0.063049 0.283767
8866 0.362257 0.366399 0.271344
24686 0.350419 0.381653 0.267928
9257 0.142710 0.121621 0.735669
20801 0.920145 0.058363 0.021492
22276 0.373063 0.406589 0.220349
8891 0.259332 0.099596 0.641072
9828 0.405523 0.362194 0.232283
22594 0.741307 0.138049 0.120644
22231 0.375491 0.036670 0.587839
22274 0.077009 0.740010 0.182981
22301 0.136369 0.728681 0.134950
9370 0.596364 0.359884 0.043752
9315 0.184474 0.482459 0.333067
22303 0.133449 0.326580 0.539971
9301 0.331536 0.533222 0.135242
20706 0.417590 0.008611 0.573799
8810 0.082958 0.665777 0.251264
20782 0.200641 0.395666 0.403693
9313 0.371881 0.358355 0.269764
22322 0.073107 0.301312 0.625581
9945 0.680418 0.319582 0.000000
10155 0.173792 0.614036 0.212172
9876 0.869097 0.070333 0.060569
24788 0.203337 0.634625 0.162039
9483 0.126191 0.717495 0.156314
9507 0.000000 0.434441 0.565559
9506 0.224107 0.354945 0.420949
8085 0.253164 0.261194 0.485642
8091 0.244930 0.682191 0.072879
10108 0.228254 0.180456 0.591290
24694 0.901514 0.038692 0.059794
12265 0.050339 0.024129 0.925532
21478 0.387504 0.047101 0.565395
21337 0.400016 0.010568 0.589416
8061 0.101604 0.550822 0.347573
21356 0.027034 0.833163 0.139803
8328 0.192584 0.100594 0.706822
21321 0.511166 0.081897 0.406937
8033 0.156476 0.541028 0.302497
21453 0.051679 0.155365 0.792956
8006 0.011311 0.772080 0.216609
21417 0.594823 0.145883 0.259294
21494 0.047051 0.142819 0.810130
21497 0.265106 0.073339 0.661555
20921 0.239382 0.163355 0.597263
8375 0.274221 0.315212 0.410567
22157 0.436509 0.210691 0.352799
22152 0.071871 0.782892 0.145237
22294 0.171588 0.806132 0.022280
20973 0.175485 0.666855 0.157661
22077 0.358351 0.469537 0.172111
9453 0.353025 0.117268 0.529707
22005 0.636933 0.227323 0.135744
8922 0.438364 0.129915 0.431721
8929 0.254126 0.148434 0.597440
21953 0.280685 0.047483 0.671832
22086 0.621134 0.081368 0.297498
20994 0.658996 0.094302 0.246702
21375 0.020678 0.558950 0.420372
21377 0.329053 0.104189 0.566758
21378 0.272423 0.240054 0.487524
22149 0.191444 0.195048 0.613507
9131 0.063589 0.330040 0.606371
22082 0.447386 0.423065 0.129549
21003 0.449714 0.495760 0.054526
8388 0.413067 0.056787 0.530147
21364 0.338828 0.121292 0.539879
22162 0.742702 0.117383 0.139915
9119 0.645532 0.084521 0.269948
9140 0.645368 0.119691 0.234941
22079 0.235783 0.326590 0.437627
9580 0.138502 0.653910 0.207587
20955 0.576472 0.151938 0.271590
8391 0.453748 0.514338 0.031914
22164 0.401262 0.119816 0.478921
22146 0.489937 0.343365 0.166698
9102 0.188761 0.365831 0.445408
21947 0.013108 0.408250 0.578643
9566 0.690808 0.260458 0.048733
20957 0.193297 0.490777 0.315926
8352 0.275866 0.692641 0.031493
8362 0.348834 0.636597 0.014569
22208 0.024980 0.311392 0.663628
22153 0.104619 0.044293 0.851088
20928 0.358624 0.194750 0.446626
20913 0.551384 0.405213 0.043402
8371 0.317763 0.670626 0.011611
22091 0.808179 0.104845 0.086976
21002 0.917456 0.034062 0.048482
21001 0.430034 0.130329 0.439637
21372 0.341470 0.323303 0.335226
8224 0.160815 0.812464 0.026720
8931 0.698443 0.062397 0.239160
9568 0.154336 0.069772 0.775893
9591 0.362101 0.000000 0.637899
20960 0.076372 0.043988 0.879640
20834 0.220930 0.652486 0.126584
20836 0.287239 0.544761 0.168000
20969 0.081092 0.221455 0.697453
9552 0.509462 0.428838 0.061699
9553 0.164539 0.000000 0.835461
20972 0.117740 0.707483 0.174777
20843 0.423385 0.102946 0.473670
22159 0.485272 0.239017 0.275711
8293 0.018052 0.425922 0.556026
8383 0.049649 0.537542 0.412809
8384 0.278635 0.368008 0.353356
21404 0.065754 0.501961 0.432285
21948 0.014031 0.586045 0.399924
20979 0.307554 0.386998 0.305448
9548 0.298155 0.023101 0.678744
8364 0.405946 0.515311 0.078744
8361 0.119823 0.762204 0.117973
22148 0.029451 0.313309 0.657240
22155 0.436848 0.083340 0.479812
9464 0.419639 0.301623 0.278738
9585 0.461686 0.426571 0.111744
9587 0.160461 0.322599 0.516941
8365 0.523316 0.379880 0.096803
8360 0.479788 0.315320 0.204892
9128 0.685688 0.030050 0.284262
22072 0.348040 0.386657 0.265303
9576 0.030564 0.615130 0.354306
8356 0.007758 0.471961 0.520282
8359 0.000000 0.782417 0.217583
21378 0.700157 0.171637 0.128206
22149 0.598024 0.101453 0.300523
9450 0.632373 0.354728 0.012899
9581 0.710995 0.190078 0.098927
8387 0.067840 0.660511 0.271648
21365 0.106426 0.695916 0.197658
9141 0.442046 0.546187 0.011767
9119 0.263441 0.626163 0.110396
9460 0.599797 0.299409 0.100794
21003 0.025217 0.268215 0.706568
20982 0.077370 0.782960 0.139670
21364 0.319218 0.594850 0.085932
9118 0.398203 0.314161 0.287636
9099 0.118195 0.503763 0.378042
22084 0.660176 0.254469 0.085355
20993 0.390007 0.044482 0.565511
20981 0.196833 0.287587 0.515579
21363 0.107530 0.789336 0.103134
9116 0.376214 0.294877 0.328909
9101 0.096756 0.420017 0.483227
22079 0.751425 0.200586 0.047989
9580 0.028137 0.300686 0.671177
9570 0.143905 0.000000 0.856095
21389 0.220046 0.099040 0.680914
22165 0.408122 0.281634 0.310244
9096 0.337075 0.121186 0.541739
9097 0.169183 0.283903 0.546914
23055 0.046394 0.133215 0.820390
23058 0.110834 0.155464 0.733702
23182 0.037140 0.935865 0.026995
10959 0.416425 0.455850 0.127726
23482 0.023514 0.460907 0.515579
23512 0.355487 0.098923 0.545590
10990 0.004223 0.043064 0.952713
21260 0.118907 0.600309 0.280784
10913 0.505672 0.401739 0.092589
22561 0.653339 0.122248 0.224413
12261 0.302658 0.546412 0.150931
23514 0.676242 0.011299 0.312459
10899 0.041833 0.389849 0.568319
22567 0.041297 0.892452 0.066251
22535 0.258662 0.647369 0.093969
9852 0.164901 0.518563 0.316537
9904 0.000000 0.710225 0.289775
22655 0.026747 0.572748 0.400505
22616 0.170708 0.218093 0.611199
9956 0.000000 0.540353 0.459647
22369 0.578924 0.305136 0.115941
11128 0.173049 0.303585 0.523366
23141 0.156439 0.763977 0.079584
9959 0.291229 0.443950 0.264821
9958 0.096146 0.653150 0.250704
22392 0.397633 0.050023 0.552345
23174 0.127799 0.611295 0.260906
11184 0.815037 0.081755 0.103208
23190 0.806582 0.089350 0.104067
23204 0.830419 0.167667 0.001914
11138 0.635537 0.218056 0.146407
23138 0.076969 0.019660 0.903371
23130 0.454380 0.539718 0.005902
23185 0.105605 0.604982 0.289413
23183 0.045200 0.140524 0.814276
23191 0.164538 0.425082 0.410380
11142 0.335115 0.019969 0.644917
11139 0.148466 0.357633 0.493902
23136 0.511280 0.318592 0.170128
11125 0.318566 0.649164 0.032271
10952 0.725722 0.225673 0.048605
10906 0.542195 0.369960 0.087845
22522 0.613565 0.087014 0.299421
9857 0.445713 0.431076 0.123211
23132 0.014478 0.862279 0.123243
9808 0.784559 0.186450 0.028991
22624 0.557949 0.425642 0.016408
9863 0.045892 0.421174 0.532934
9800 0.531347 0.053139 0.415515
9814 0.066202 0.473284 0.460514
22629 0.115726 0.056455 0.827818
22617 0.000000 0.046598 0.953402
22674 0.558382 0.407500 0.034118
9854 0.315258 0.212494 0.472248
22502 0.300785 0.377048 0.322167
10902 0.156708 0.324141 0.519151
10909 0.061270 0.534360 0.404370
23474 0.809721 0.042193 0.148086
23394 0.831951 0.071583 0.096466
8782 0.196473 0.335227 0.468300
23557 0.576813 0.253967 0.169220
23552 0.476081 0.126766 0.397153
8462 0.337382 0.360592 0.302026
23397 0.669613 0.115808 0.214578
10170 0.140543 0.000582 0.858875
10172 0.037132 0.279008 0.683860
23459 0.367098 0.588671 0.044231
8748 0.010196 0.551789 0.438016
23556 0.174460 0.238109 0.587431
23527 0.016961 0.571890 0.411149
23387 0.098316 0.070045 0.831639
9966 0.380695 0.205381 0.413925
22385 0.196386 0.164616 0.638998
9947 0.166834 0.423650 0.409516
22660 0.939290 0.033038 0.027673
22603 0.109575 0.829267 0.061159
23517 0.460636 0.163579 0.375785
9822 0.635722 0.171288 0.192991
22664 0.028147 0.860262 0.111591
22529 0.035837 0.908915 0.055247
8742 0.184466 0.429116 0.386418
9823 0.127725 0.848538 0.023738
22526 0.635391 0.130555 0.234054
22528 0.096676 0.125125 0.778200
22579 0.644886 0.136278 0.218836
22580 0.110905 0.198428 0.690666
23505 0.223210 0.199011 0.577780
23503 0.004815 0.908781 0.086404
10931 0.116866 0.680904 0.202229
10917 0.197342 0.070295 0.732362
10936 0.521707 0.182841 0.295452
22533 0.174542 0.429382 0.396076
22589 0.281381 0.171129 0.547490
21254 0.499429 0.396999 0.103572
9879 0.338069 0.194632 0.467299
9889 0.452374 0.395584 0.152042
8618 0.394820 0.194469 0.410711
8640 0.536627 0.324193 0.139180
9873 0.257941 0.379607 0.362452
21220 0.057392 0.102386 0.840222
8639 0.016327 0.013406 0.970267
10928 0.227516 0.014879 0.757605
8613 0.690528 0.093000 0.216472
21232 0.464169 0.260712 0.275118
22507 0.123174 0.197454 0.679372
24830 0.262667 0.211894 0.525439
21446 0.185515 0.554874 0.259611
22011 0.125995 0.866222 0.007783
22030 0.265107 0.503258 0.231635
8149 0.045017 0.362092 0.592890
21997 0.061882 0.089251 0.848867
22021 0.277351 0.448513 0.274136
21176 0.256623 0.093935 0.649442
21995 0.087990 0.442044 0.469966
9397 0.248970 0.364097 0.386933
8168 0.641596 0.169008 0.189396
8912 0.099009 0.724741 0.176249
22066 0.138834 0.172679 0.688487
8655 0.172130 0.292551 0.535319
22097 0.642071 0.248247 0.109682
9407 0.336734 0.346459 0.316808
8095 0.589377 0.305577 0.105045
8105 0.565280 0.184413 0.250308
21111 0.667587 0.074593 0.257821
8134 0.036812 0.812736 0.150452
8106 0.179503 0.200567 0.619931
8103 0.026387 0.122948 0.850666
8138 0.304861 0.367658 0.327481
8136 0.293202 0.685378 0.021419
8663 0.580316 0.180771 0.238913
21147 0.067156 0.510718 0.422126
9469 0.180049 0.238094 0.581857
20951 0.294360 0.024587 0.681053
20948 0.822139 0.059168 0.118693
22172 0.169180 0.048701 0.782120
9174 0.696563 0.181021 0.122416
22130 0.439711 0.001977 0.558312
22128 0.460662 0.056320 0.483018
20850 0.206341 0.788075 0.005584
9558 0.284335 0.715665 0.000000
8939 0.786470 0.136077 0.077452
8919 0.119586 0.336552 0.543863
8173 0.329183 0.535456 0.135361
8937 0.036035 0.048303 0.915661
21943 0.057470 0.313646 0.628884
22052 0.076645 0.104872 0.818483
9106 0.157946 0.057909 0.784144
22138 0.724718 0.087746 0.187536
22202 0.093945 0.678711 0.227344
9180 0.297646 0.691381 0.010973
9502 0.397559 0.166793 0.435647
9417 0.686459 0.040506 0.273035
22056 0.224039 0.670954 0.105007
21428 0.459358 0.023676 0.516966
21275 0.029382 0.244633 0.725985
8177 0.183286 0.495372 0.321342
8188 0.317902 0.156284 0.525814
21921 0.578273 0.012200 0.409528
9424 0.139178 0.274454 0.586367
22026 0.013130 0.517148 0.469721
8274 0.728819 0.087893 0.183288
