4591 0.583600 0.385064 0.031336
4589 0.335113 0.657064 0.007823
4731 0.441160 0.520900 0.037940
4733 0.682539 0.308386 0.009075
17090 0.051236 0.783337 0.165427
17088 0.077309 0.585021 0.337670
17089 0.138573 0.585340 0.276087
4599 0.118764 0.598865 0.282371
4603 0.075615 0.678399 0.245986
4605 0.046789 0.509277 0.443933
17098 0.771645 0.010214 0.218141
17094 0.175731 0.021012 0.803257
4569 0.049290 0.208581 0.742129
4567 0.093196 0.528780 0.378024
17105 0.112741 0.866540 0.020719
17107 0.574005 0.038470 0.387524
4723 0.027296 0.967803 0.004900
4574 0.234284 0.185325 0.580391
4717 0.444598 0.538952 0.016450
4675 0.088729 0.901799 0.009472
17078 0.002748 0.053529 0.943723
4726 0.238121 0.318301 0.443579
4690 0.604064 0.393809 0.002127
4729 0.102197 0.856390 0.041413
4593 0.761980 0.225261 0.012759
17085 0.028078 0.176927 0.794995
17152 0.219678 0.592906 0.187416
17123 0.561297 0.003097 0.435605
17149 0.024769 0.724920 0.250312
15764 0.059125 0.561386 0.379489
5292 0.102446 0.344880 0.552675
5294 0.410305 0.285583 0.304112
5227 0.303792 0.309254 0.386954
17356 0.298487 0.161900 0.539613
17357 0.345628 0.640506 0.013866
5226 0.002858 0.116587 0.880555
15765 0.776096 0.092595 0.131309
959 0.154736 0.243574 0.601691
15765 0.089232 0.005748 0.905020
959 0.498774 0.425526 0.075700
5170 0.147102 0.381838 0.471060
16902 0.504723 0.324597 0.170680
16903 0.068913 0.385144 0.545943
16903 0.160623 0.801102 0.038275
15771 0.018962 0.567618 0.413419
15771 0.501118 0.304172 0.194710
16900 0.370261 0.104615 0.525124
5171 0.149793 0.630258 0.219950
5539 0.828422 0.025727 0.145851
5141 0.226898 0.349124 0.423978
5134 0.027425 0.675689 0.296886
5240 0.428730 0.199903 0.371367
17457 0.006681 0.413053 0.580267
17437 0.166122 0.396728 0.437150
17452 0.205271 0.250998 0.543732
5179 0.071336 0.044756 0.883908
16976 0.028884 0.848791 0.122325
16970 0.073617 0.846145 0.080238
956 0.090426 0.676413 0.233161
5537 0.491807 0.002677 0.505517
5606 0.118471 0.257650 0.623879
17418 0.412331 0.075775 0.511894
15766 0.260760 0.341129 0.398111
5300 0.462103 0.056309 0.481588
5302 0.133859 0.488015 0.378126
958 0.624858 0.368315 0.006826
17415 0.327672 0.584035 0.088293
957 0.734582 0.150921 0.114497
5310 0.131393 0.225328 0.643279
5289 0.015322 0.760653 0.224025
961 0.749005 0.175591 0.075405
16915 0.239770 0.082864 0.677366
16929 0.680745 0.152714 0.166541
5275 0.675549 0.198258 0.126194
5277 0.396712 0.478144 0.125144
16913 0.081202 0.512793 0.406005
16904 0.041631 0.133574 0.824796
16886 0.176576 0.164104 0.659320
16888 0.653589 0.268342 0.078069
16888 0.067321 0.449071 0.483609
16890 0.107753 0.611973 0.280274
16898 0.233797 0.503133 0.263071
5164 0.144785 0.086109 0.769106
16931 0.205669 0.016374 0.777957
5152 0.068888 0.650032 0.281080
16912 0.075841 0.378071 0.546088
5282 0.156628 0.544672 0.298701
17379 0.381994 0.286419 0.331587
17381 0.337290 0.368472 0.294238
16927 0.638079 0.256667 0.105255
16926 0.586026 0.258367 0.155607
5308 0.404807 0.095323 0.499870
17555 0.502999 0.443992 0.053010
5291 0.234230 0.457688 0.308082
5315 0.493642 0.334290 0.172068
5293 0.323503 0.163325 0.513173
5314 0.439375 0.049040 0.511584
5313 0.726494 0.100676 0.172830
17284 0.297643 0.485503 0.216854
5276 0.460349 0.424603 0.115048
4975 0.190456 0.151118 0.658425
16954 0.196142 0.106361 0.697497
16958 0.567788 0.051387 0.380825
5173 0.188018 0.003989 0.807993
17519 0.418654 0.058948 0.522398
5014 0.033758 0.302000 0.664243
5016 0.100427 0.143556 0.756018
16885 0.036602 0.736596 0.226802
16887 0.229557 0.630585 0.139858
5201 0.469879 0.403796 0.126325
5157 0.579360 0.299286 0.121354
16897 0.288034 0.657357 0.054608
5163 0.060204 0.222106 0.717690
16899 0.303596 0.190433 0.505971
5169 0.636132 0.027895 0.335972
5169 0.076322 0.632463 0.291215
17387 0.156034 0.025374 0.818592
5024 0.356905 0.277762 0.365333
5255 0.496461 0.451234 0.052305
4962 0.306220 0.289624 0.404156
5225 0.246820 0.670575 0.082606
5132 0.017972 0.241793 0.740235
5008 0.040339 0.542600 0.417061
17388 0.004649 0.192212 0.803139
17407 0.562308 0.129106 0.308586
963 0.011394 0.479902 0.508704
5004 0.344599 0.260718 0.394682
5011 0.280764 0.360429 0.358807
17398 0.256942 0.707164 0.035893
17467 0.560076 0.164197 0.275728
17397 0.600769 0.225732 0.173498
17394 0.158680 0.680030 0.161291
4990 0.582800 0.185067 0.232133
4967 0.283420 0.057781 0.658800
4999 0.139817 0.305152 0.555031
5234 0.431196 0.548261 0.020542
5233 0.260563 0.340030 0.399407
17459 0.866796 0.063470 0.069734
17441 0.502168 0.002467 0.495365
17528 0.616538 0.080347 0.303115
17413 0.057794 0.066534 0.875671
17526 0.575185 0.331706 0.093109
5195 0.532198 0.432125 0.035677
5199 0.451003 0.503230 0.045767
5198 0.432216 0.500813 0.066971
5194 0.527584 0.396024 0.076391
16792 0.000623 0.381824 0.617553
4681 0.180059 0.780072 0.039869
5205 0.294895 0.688768 0.016337
16793 0.044839 0.194102 0.761060
16795 0.086726 0.047201 0.866074
16794 0.029005 0.210190 0.760805
16797 0.132098 0.034504 0.833398
16796 0.058021 0.144315 0.797664
4701 0.214899 0.008284 0.776817
16800 0.698331 0.127479 0.174190
4693 0.220338 0.231673 0.547989
16802 0.467304 0.144350 0.388346
16804 0.364784 0.138263 0.496954
4695 0.210164 0.285455 0.504381
16810 0.068178 0.832698 0.099123
16808 0.788833 0.086105 0.125062
4678 0.155542 0.611673 0.232785
16836 0.041749 0.080702 0.877549
4658 0.089570 0.431752 0.478678
16862 0.300349 0.093548 0.606103
4660 0.099692 0.496438 0.403870
16864 0.286121 0.091714 0.622165
4662 0.100018 0.590581 0.309402
16866 0.085726 0.731037 0.183237
4663 0.049455 0.473897 0.476648
4665 0.030637 0.477945 0.491418
5200 0.042365 0.828513 0.129122
5191 1.000000 0.000000 0.000000
17526 0.499548 0.145103 0.355349
5030 0.511527 0.410386 0.078087
17390 0.143516 0.565256 0.291228
5104 0.475450 0.476696 0.047854
4873 0.005642 0.505702 0.488656
17044 0.048084 0.084907 0.867008
4913 0.439831 0.292730 0.267439
18077 0.049072 0.465320 0.485608
4910 0.528346 0.104683 0.366971
6011 0.501258 0.245917 0.252824
6030 0.233844 0.273298 0.492858
18154 0.360947 0.260129 0.378924
6010 0.485175 0.027285 0.487540
18155 0.610282 0.371091 0.018628
17951 0.392893 0.375540 0.231567
18022 0.272933 0.333484 0.393584
18285 0.479968 0.103420 0.416611
5788 0.070763 0.544868 0.384370
5868 0.081507 0.806165 0.112328
18007 0.542305 0.040704 0.416991
990 0.004952 0.180464 0.814584
18289 0.850272 0.120787 0.028941
18298 0.486204 0.148148 0.365648
18296 0.733092 0.154139 0.112769
5835 1.000000 0.000000 0.000000
5835 0.304815 0.000000 0.695185
17964 0.199810 0.250216 0.549975
5835 1.000000 0.000000 0.000000
5840 0.000000 0.122423 0.877577
5840 0.000000 0.414574 0.585426
4820 0.000000 0.133171 0.866829
5804 0.103489 0.866599 0.029912
18019 0.342465 0.125787 0.531749
5721 0.164244 0.311202 0.524555
6029 0.098302 0.653308 0.248390
6025 0.416103 0.332221 0.251676
18314 0.462273 0.048810 0.488917
5716 0.425653 0.371952 0.202396
5715 0.548393 0.296063 0.155544
5713 0.030426 0.115022 0.854552
18309 0.061589 0.006531 0.931880
18253 0.509809 0.036529 0.453662
5712 0.023896 0.659926 0.316178
18305 0.305613 0.049150 0.645237
18247 0.040305 0.086557 0.873138
5706 0.715915 0.264443 0.019642
18254 0.166207 0.456679 0.377114
4573 0.068184 0.817100 0.114717
4725 0.019024 0.963373 0.017603
5759 0.217395 0.235175 0.547430
18226 0.594773 0.115227 0.290001
18225 0.034788 0.781823 0.183389
18295 0.213896 0.754973 0.031131
4962 0.100408 0.316615 0.582977
17468 0.090998 0.724918 0.184083
17368 0.000979 0.951648 0.047373
4966 0.855876 0.000677 0.143446
4966 0.054212 0.778856 0.166932
4977 0.255042 0.081818 0.663140
4979 0.654377 0.064836 0.280786
17373 0.094674 0.760264 0.145062
17427 0.621976 0.063560 0.314464
17434 0.457477 0.354297 0.188227
5305 0.420825 0.047080 0.532094
5001 0.136375 0.333707 0.529918
5002 0.099796 0.629774 0.270429
17410 0.468617 0.235839 0.295543
17458 0.118568 0.336347 0.545085
17445 0.458288 0.391091 0.150622
5138 0.184417 0.037539 0.778044
17440 0.047470 0.795441 0.157090
5270 0.329078 0.098940 0.571982
5021 0.154847 0.776389 0.068764
17374 0.392018 0.186528 0.421454
17429 0.456342 0.365372 0.178285
5309 0.290181 0.071759 0.638060
5306 0.020387 0.336594 0.643019
5303 0.459436 0.143468 0.397096
17401 0.330003 0.587204 0.082793
4996 0.310543 0.396579 0.292878
17450 0.394550 0.438469 0.166981
16967 0.046400 0.680722 0.272878
16964 0.753554 0.045477 0.200970
16962 0.593801 0.140577 0.265622
17385 0.229706 0.153756 0.616539
5018 0.113896 0.523670 0.362434
17289 0.064495 0.864271 0.071234
5768 0.253494 0.393364 0.353143
18207 0.418555 0.106975 0.474470
5764 0.675776 0.063221 0.261003
18187 0.230383 0.378265 0.391353
18185 0.011482 0.689151 0.299367
15751 0.079046 0.832552 0.088402
15738 0.221227 0.624875 0.153898
5621 0.394520 0.005054 0.600426
17826 0.061113 0.745257 0.193630
17828 0.719471 0.160202 0.120327
5546 0.126215 0.766851 0.106934
5548 0.045195 0.440351 0.514454
17836 0.537241 0.276633 0.186126
17833 0.295152 0.653805 0.051042
17834 0.030181 0.181871 0.787947
17824 0.136506 0.670822 0.192672
5392 0.356656 0.365236 0.278109
17820 0.248907 0.266407 0.484686
17795 0.126821 0.678747 0.194432
5632 0.343352 0.485117 0.171531
5324 0.847415 0.108487 0.044098
17862 0.417921 0.331117 0.250962
17700 0.479056 0.394575 0.126369
17613 0.499853 0.466686 0.033461
5501 0.778970 0.221030 0.000000
17653 0.125243 0.437027 0.437730
17596 0.851640 0.028808 0.119552
5950 0.112878 0.607503 0.279619
17878 0.298270 0.476901 0.224829
17877 0.238298 0.607677 0.154024
5461 0.386851 0.420125 0.193024
5453 0.738325 0.093953 0.167723
5483 0.669962 0.050194 0.279844
5455 0.769968 0.200621 0.029411
17891 0.822478 0.101603 0.075919
17904 0.370471 0.553086 0.076443
17916 0.505647 0.079256 0.415097
5417 0.087239 0.688485 0.224276
5417 0.827956 0.068140 0.103905
5611 0.206741 0.455397 0.337863
5609 0.830708 0.053016 0.116276
17765 0.336364 0.402150 0.261486
5685 0.544059 0.014591 0.441349
5689 0.335294 0.441089 0.223618
17789 0.255360 0.060936 0.683704
5691 0.335220 0.289281 0.375499
5634 0.574658 0.420280 0.005063
5326 0.051171 0.635574 0.313255
5326 0.633307 0.259654 0.107039
17800 0.108663 0.711657 0.179680
5412 0.130947 0.580080 0.288973
5393 0.742727 0.093962 0.163311
5486 0.020420 0.961869 0.017711
5393 0.022800 0.018492 0.958709
17883 0.089065 0.252489 0.658446
5403 0.360305 0.593804 0.045891
5399 0.093822 0.635153 0.271025
5479 0.596044 0.045623 0.358332
17918 0.711028 0.246621 0.042351
5963 0.278902 0.668981 0.052117
17723 0.209482 0.158623 0.631895
5627 0.012200 0.838207 0.149594
5628 0.439534 0.088794 0.471672
5408 0.775233 0.065022 0.159745
5416 0.543847 0.225126 0.231027
17776 0.834561 0.084519 0.080920
17844 0.304777 0.110796 0.584427
5622 0.245688 0.332316 0.421996
17907 0.129315 0.064076 0.806609
5379 0.424929 0.432990 0.142082
5495 0.589696 0.158015 0.252289
17718 0.008198 0.749758 0.242044
5700 0.421850 0.358381 0.219769
5443 0.118851 0.738340 0.142809
5458 0.208712 0.525557 0.265730
17674 0.334097 0.355080 0.310823
17701 0.326776 0.265165 0.408059
5460 0.171111 0.520444 0.308445
5915 0.081003 0.770196 0.148801
17672 0.149969 0.558912 0.291120
5456 0.365819 0.567713 0.066468
17562 0.158858 0.255064 0.586078
17560 0.314932 0.274442 0.410626
17559 0.124220 0.216338 0.659442
17665 0.722695 0.129156 0.148149
5929 0.010708 0.507706 0.481586
17662 0.230592 0.004288 0.765121
5928 0.010527 0.026192 0.963281
17711 0.261520 0.635740 0.102739
5936 0.053995 0.175119 0.770887
5980 0.544962 0.402284 0.052754
17709 0.590413 0.066605 0.342982
5979 0.787829 0.094118 0.118053
17642 0.032712 0.051846 0.915443
5356 0.299675 0.368762 0.331563
17702 0.304354 0.432888 0.262758
5439 0.326768 0.372622 0.300610
5437 0.602688 0.097548 0.299764
5901 0.301536 0.370994 0.327470
17575 0.377716 0.088279 0.534005
17576 0.111972 0.565292 0.322735
5420 0.470712 0.252174 0.277114
5421 0.615513 0.041613 0.342875
17580 0.492673 0.153130 0.354197
5347 0.655395 0.192343 0.152262
5349 0.267404 0.201020 0.531577
5377 0.414952 0.395119 0.189929
5350 0.738761 0.151727 0.109512
17796 0.117778 0.193507 0.688715
17856 0.125395 0.844978 0.029628
5353 0.290447 0.250802 0.458751
17612 0.357504 0.200684 0.441812
17612 0.171021 0.803193 0.025786
5508 0.204464 0.482644 0.312893
5498 0.020208 0.821210 0.158582
17583 0.168940 0.050540 0.780521
17584 0.010185 0.326557 0.663258
5948 0.379257 0.536018 0.084725
17583 0.056767 0.860754 0.082480
17932 0.535361 0.258544 0.206094
5368 0.453825 0.238109 0.308066
17929 0.214275 0.277655 0.508070
5367 0.052042 0.486547 0.461412
17594 0.246787 0.355681 0.397532
17585 0.349976 0.615830 0.034194
17757 0.094101 0.811692 0.094206
17314 0.738745 0.034456 0.226800
5644 0.852263 0.137244 0.010493
5644 0.010321 0.513725 0.475954
17302 0.300765 0.217427 0.481808
17304 0.497814 0.181588 0.320599
18134 0.770535 0.104524 0.124941
17301 0.199110 0.218069 0.582821
2470 0.044590 0.773024 0.182386
5665 1.000000 0.000000 0.000000
17793 0.246018 0.745357 0.008625
17793 0.398194 0.041766 0.560040
5699 0.076655 0.105723 0.817623
17799 0.457093 0.242701 0.300205
17794 0.062953 0.765280 0.171767
17794 0.150372 0.094998 0.754630
17803 0.825983 0.051584 0.122433
5694 0.170362 0.710656 0.118982
17892 0.034921 0.628507 0.336572
17892 0.143540 0.009454 0.847006
5506 0.450613 0.484662 0.064725
5332 0.124068 0.097135 0.778797
17619 0.120038 0.490876 0.389086
17620 0.230344 0.575077 0.194579
5474 0.073571 0.272158 0.654271
17618 0.733858 0.111306 0.154837
5952 0.267294 0.142487 0.590218
5957 0.038153 0.324917 0.636930
17588 0.639343 0.062423 0.298234
17586 0.524863 0.005854 0.469282
5468 0.881071 0.051329 0.067600
5467 0.402381 0.305263 0.292356
1131 0.084040 0.020042 0.895918
1130 0.556562 0.291145 0.152293
5338 0.463490 0.096058 0.440452
1132 0.019023 0.114002 0.866974
2345 0.193374 0.087193 0.719434
2592 0.210587 0.691707 0.097706
17305 0.058185 0.354910 0.586906
17752 0.381889 0.079713 0.538399
5643 0.230307 0.174934 0.594759
1136 0.134237 0.138552 0.727212
3591 0.828550 0.043565 0.127884
3596 0.167761 0.489937 0.342302
3595 0.394143 0.297594 0.308263
15681 0.209991 0.477454 0.312555
15683 0.218564 0.473866 0.307570
3599 0.569347 0.311617 0.119036
15687 0.148939 0.222800 0.628261
5525 0.567993 0.215650 0.216357
3606 0.058644 0.127400 0.813956
5526 0.142068 0.723072 0.134861
3587 0.032497 0.187330 0.780173
3607 0.858500 0.098683 0.042817
15692 0.792663 0.138483 0.068855
3586 0.007166 0.216049 0.776785
15694 0.329297 0.262019 0.408684
3564 0.092491 0.141828 0.765681
3565 0.587185 0.097132 0.315684
3566 0.215220 0.018483 0.766298
3569 0.441023 0.523188 0.035789
3498 0.788843 0.111742 0.099414
15726 0.369704 0.214930 0.415366
15823 0.589491 0.088534 0.321975
15384 0.560907 0.390158 0.048934
15823 0.328661 0.510301 0.161038
15945 0.175178 0.120812 0.704010
3574 0.632960 0.090002 0.277038
3509 0.404933 0.142621 0.452446
15633 0.001239 0.135534 0.863226
15946 0.290614 0.586185 0.123201
5692 0.542785 0.214666 0.242550
17805 0.218662 0.368987 0.412351
17806 0.034700 0.309131 0.656169
17774 0.212922 0.446779 0.340299
5328 0.427947 0.219876 0.352177
17919 0.466241 0.328650 0.205109
5488 0.317868 0.191815 0.490317
17621 0.542679 0.317148 0.140174
5951 0.329311 0.020653 0.650036
5954 0.207225 0.456732 0.336043
5955 0.314240 0.086757 0.599002
2369 0.027495 0.403115 0.569390
14705 0.075665 0.555764 0.368571
14692 0.298072 0.400938 0.300989
15971 0.356660 0.209090 0.434250
3576 0.166085 0.746190 0.087725
2329 0.065527 0.160031 0.774443
17603 0.189393 0.354891 0.455716
6079 0.164394 0.175873 0.659733
6059 0.393875 0.368877 0.237248
6058 0.295735 0.488190 0.216076
6069 0.223804 0.092556 0.683640
6036 0.383263 0.368104 0.248634
6045 0.092211 0.209257 0.698533
6038 0.670929 0.112634 0.216437
5902 0.170394 0.597134 0.232471
17942 0.791559 0.050820 0.157622
5904 0.463723 0.201379 0.334897
17941 0.717011 0.188762 0.094227
17733 0.184428 0.288729 0.526843
6046 0.394704 0.196814 0.408482
17737 0.177982 0.755104 0.066914
17739 0.194622 0.192957 0.612421
17632 0.088309 0.509136 0.402555
17741 0.749194 0.031659 0.219147
5429 0.792177 0.002873 0.204950
17745 0.862556 0.011746 0.125698
5434 0.064954 0.862560 0.072486
5969 0.056477 0.631758 0.311765
5435 0.083882 0.596910 0.319208
5970 0.064775 0.413347 0.521878
17712 0.023321 0.403086 0.573593
5998 0.070192 0.062231 0.867577
5920 0.150654 0.821383 0.027963
6001 0.175356 0.427114 0.397530
5926 0.613044 0.332523 0.054432
18215 0.192766 0.031655 0.775579
17657 0.032228 0.859056 0.108716
6005 0.811634 0.002074 0.186292
6002 0.186850 0.232804 0.580346
5935 0.651070 0.113325 0.235604
17675 0.132276 0.307751 0.559973
18220 0.504966 0.284585 0.210449
986 0.338038 0.364301 0.297661
985 0.008222 0.176234 0.815545
17669 0.150430 0.604876 0.244694
6078 0.627789 0.274038 0.098173
5894 0.039657 0.800465 0.159878
5449 0.849980 0.122892 0.027128
5445 0.360472 0.523378 0.116150
6015 0.633145 0.272219 0.094637
18159 0.848072 0.060656 0.091272
18146 0.158359 0.191078 0.650563
18138 0.603853 0.363225 0.032923
17682 0.105321 0.635759 0.258919
17684 0.433311 0.297891 0.268798
6052 0.082691 0.529092 0.388217
17699 0.291126 0.275724 0.433150
17691 0.499208 0.283776 0.217016
5961 0.180434 0.117814 0.701752
18210 0.125362 0.143045 0.731594
5790 0.166724 0.348960 0.484317
18292 0.851054 0.020781 0.128166
18293 0.090497 0.872331 0.037172
6009 0.742869 0.069876 0.187254
17812 0.446415 0.099120 0.454465
6080 0.361483 0.474566 0.163951
18191 0.232856 0.635323 0.131821
5892 0.893095 0.050129 0.056775
6013 0.585672 0.397165 0.017163
18290 0.094874 0.155524 0.749602
5867 0.545607 0.335764 0.118630
5878 0.145916 0.708857 0.145227
18299 0.114329 0.193563 0.692108
18300 0.115220 0.239433 0.645347
5754 0.187729 0.689318 0.122953
18162 0.406797 0.157083 0.436120
18165 0.137742 0.616779 0.245480
17963 0.126508 0.370000 0.503492
15755 0.050901 0.089737 0.859362
18250 0.025246 0.631413 0.343341
5725 0.000000 0.678301 0.321699
18243 0.040202 0.185426 0.774373
18239 0.122072 0.507810 0.370118
18242 0.728719 0.252558 0.018723
18319 0.312005 0.635618 0.052377
5847 0.592441 0.011504 0.396055
18005 0.362392 0.343330 0.294279
973 0.386970 0.305815 0.307215
17342 0.680520 0.279203 0.040277
18230 0.104814 0.822919 0.072267
17291 0.694118 0.251230 0.054652
17961 0.709961 0.179759 0.110280
17990 0.151052 0.257269 0.591679
15754 0.144024 0.319389 0.536587
5723 0.944586 0.029108 0.026306
18245 0.160687 0.182249 0.657064
5811 0.354854 0.534404 0.110742
5731 0.342108 0.012540 0.645353
17166 0.070130 0.611301 0.318568
953 0.533630 0.087649 0.378721
17146 0.688001 0.201255 0.110744
4635 0.100731 0.621771 0.277497
17126 0.043349 0.840414 0.116236
17129 0.010779 0.738071 0.251150
4881 0.052649 0.868118 0.079234
4642 0.572812 0.357622 0.069566
4882 0.594922 0.206856 0.198222
4654 0.727834 0.184758 0.087408
4884 0.742321 0.018466 0.239213
4648 0.369700 0.586031 0.044269
4888 0.392757 0.331018 0.276225
4890 0.185319 0.549735 0.264946
4650 0.168601 0.784459 0.046940
4867 0.825017 0.147213 0.027770
17144 0.917848 0.010819 0.071332
17075 0.933637 0.035327 0.031036
4849 0.862159 0.058909 0.078932
17055 0.001265 0.050366 0.948369
4614 0.012426 0.505628 0.481946
17056 0.291667 0.033536 0.674797
4616 0.063238 0.515830 0.420933
4615 0.052364 0.241564 0.706072
4618 0.097471 0.139984 0.762545
4617 0.064791 0.512272 0.422938
4621 0.183300 0.812567 0.004133
4620 0.137345 0.719996 0.142659
17162 0.295688 0.492946 0.211366
17164 0.069825 0.342697 0.587478
4657 0.636524 0.064919 0.298557
4638 1.000000 0.000000 0.000000
17130 0.034932 0.709673 0.255395
4590 0.542586 0.429490 0.027924
4592 0.721680 0.242084 0.036235
17138 0.025584 0.615774 0.358641
17140 0.007941 0.833314 0.158745
4602 0.005314 0.113795 0.880891
4604 0.028243 0.092606 0.879152
17151 0.512150 0.078825 0.409025
17153 0.462066 0.067919 0.470015
17155 0.802605 0.088735 0.108659
17159 0.081469 0.167459 0.751072
4576 0.251513 0.142263 0.606224
16936 0.015275 0.550892 0.433833
5165 0.437113 0.493681 0.069206
5177 0.565256 0.416433 0.018312
16937 0.133488 0.156790 0.709722
5209 0.040863 0.094028 0.865109
16941 0.332787 0.502407 0.164806
16953 0.472877 0.341002 0.186121
5211 0.137340 0.087134 0.775526
5216 0.531675 0.107120 0.361204
16944 0.152247 0.301917 0.545836
5218 0.529083 0.400201 0.070716
5215 0.622252 0.257373 0.120375
16949 0.236318 0.517180 0.246503
5217 0.641263 0.003338 0.355399
16950 0.660969 0.319588 0.019443
16951 0.173929 0.574925 0.251146
5202 0.327208 0.496298 0.176494
16834 0.056896 0.256697 0.686407
5180 0.325121 0.246134 0.428745
16814 0.406330 0.242885 0.350785
16817 0.201774 0.778286 0.019940
16819 0.253800 0.563065 0.183135
16818 0.476665 0.140575 0.382760
5186 0.021572 0.196097 0.782331
16820 0.153266 0.705566 0.141168
16821 0.100166 0.015912 0.883922
16823 0.063776 0.640450 0.295773
16824 0.032191 0.654810 0.312999
5143 0.275558 0.710041 0.014401
5149 0.217439 0.704766 0.077795
5148 0.395333 0.513327 0.091340
4667 0.893655 0.053688 0.052657
16869 0.018237 0.475746 0.506017
4707 0.779891 0.167994 0.052114
4706 0.057132 0.731659 0.211209
4714 0.059655 0.756519 0.183826
4748 0.055005 0.075615 0.869380
4746 0.054207 0.321905 0.623888
4742 0.110345 0.617726 0.271929
4740 0.116104 0.469235 0.414661
4739 0.092659 0.245243 0.662098
4736 0.056668 0.054868 0.888464
4684 0.698760 0.279835 0.021405
4682 0.402246 0.530751 0.067004
16798 0.903234 0.075104 0.021662
16879 0.103280 0.274624 0.622096
4671 0.486858 0.412276 0.100866
17956 0.413535 0.000000 0.586465
5840 0.000000 0.564417 0.435583
17108 0.022144 0.501149 0.476708
4666 0.908991 0.042040 0.048969
17106 0.063198 0.887228 0.049574
17102 0.090857 0.083673 0.825470
16856 0.672748 0.058987 0.268266
16850 0.260729 0.127560 0.611711
4732 0.583476 0.377300 0.039225
16839 0.759492 0.078734 0.161774
16859 0.176768 0.076531 0.746701
16860 0.779573 0.071416 0.149011
4670 0.445991 0.488217 0.065792
17067 0.508383 0.462819 0.028798
17073 0.122178 0.711214 0.166608
17061 0.105671 0.685640 0.208689
4853 0.259176 0.449946 0.290878
17057 0.049058 0.740247 0.210696
18068 0.002966 0.623907 0.373127
18066 0.064088 0.729293 0.206619
4897 0.073508 0.152048 0.774444
17557 0.218234 0.712169 0.069596
17047 0.633234 0.105727 0.261039
4891 0.751607 0.044421 0.203973
4879 0.589193 0.359714 0.051093
5032 0.635220 0.107810 0.256970
15054 0.191229 0.564621 0.244150
15054 0.915473 0.023008 0.061519
15034 0.102330 0.328516 0.569154
2248 0.239019 0.708935 0.052046
15244 0.891704 0.041178 0.067119
14928 0.704908 0.255114 0.039978
1668 0.166344 0.030117 0.803539
1888 0.809014 0.099380 0.091606
1888 0.071695 0.788943 0.139363
14002 0.263729 0.106987 0.629284
15005 0.444075 0.185218 0.370707
1852 0.249040 0.723790 0.027170
1880 0.364424 0.216392 0.419184
1879 0.231308 0.483188 0.285504
1735 0.191691 0.150497 0.657812
15033 0.609198 0.281398 0.109404
14986 0.225310 0.580602 0.194088
1881 0.225126 0.643209 0.131665
14015 0.586042 0.093285 0.320673
14007 0.718594 0.268792 0.012615
1896 0.223742 0.491782 0.284475
1670 0.203117 0.741169 0.055713
1549 0.553811 0.345792 0.100397
1551 0.394882 0.232435 0.372683
2811 0.266911 0.141199 0.591890
14072 0.113366 0.886489 0.000146
2807 0.397013 0.339218 0.263768
15151 0.572504 0.003481 0.424015
1674 0.573931 0.124152 0.301917
14080 0.764513 0.220726 0.014761
1883 0.229201 0.746572 0.024227
1897 0.040779 0.951215 0.008006
13740 0.165901 0.365531 0.468568
1538 0.390345 0.078486 0.531170
1537 0.253998 0.160581 0.585420
1537 0.032895 0.147317 0.819788
14059 0.772106 0.149171 0.078723
14059 0.031900 0.069611 0.898490
14056 0.229321 0.699868 0.070811
14057 0.465594 0.247112 0.287295
1537 0.444183 0.346262 0.209555
14059 0.440594 0.454832 0.104574
13894 0.368922 0.336546 0.294532
14060 0.090895 0.443691 0.465414
1629 0.000000 0.654309 0.345691
1630 0.213336 0.433752 0.352912
13894 0.538248 0.392399 0.069353
13894 0.374649 0.496403 0.128948
2699 0.450025 0.049954 0.500021
14953 0.037378 0.396708 0.565914
2237 0.350407 0.213753 0.435841
13811 0.591597 0.072981 0.335422
13813 0.197905 0.655509 0.146586
15017 0.437952 0.509782 0.052265
1724 0.026625 0.708794 0.264581
1723 0.172395 0.198947 0.628658
15014 0.325500 0.555638 0.118862
1726 0.053596 0.870367 0.076037
1726 0.660900 0.203698 0.135402
15018 0.208139 0.249132 0.542729
1725 0.202707 0.104873 0.692420
1849 0.619010 0.074060 0.306930
14948 0.781457 0.113960 0.104584
2795 1.000000 0.000000 0.000000
2795 0.056418 0.432535 0.511047
14948 0.052842 0.786538 0.160620
1630 0.460657 0.413932 0.125411
13768 0.586276 0.263146 0.150577
1841 0.235083 0.183655 0.581262
13986 0.082979 0.559174 0.357846
13982 0.587518 0.110677 0.301805
13985 0.560376 0.318152 0.121472
13978 0.594657 0.035624 0.369719
1836 0.144704 0.389068 0.466228
2791 0.809472 0.112088 0.078440
14945 0.329147 0.418600 0.252253
15020 0.519729 0.369479 0.110792
1728 0.000000 0.493019 0.506981
15021 0.465029 0.375378 0.159593
1745 0.158890 0.105100 0.736010
15044 0.930256 0.061952 0.007792
1746 0.008480 0.883881 0.107639
1754 0.184518 0.374724 0.440758
13819 0.075535 0.883205 0.041260
1751 0.000855 0.943884 0.055260
2105 0.573218 0.105832 0.320950
13998 0.547850 0.378424 0.073726
13802 0.313378 0.488735 0.197886
2106 0.273528 0.295235 0.431237
14474 0.673038 0.283607 0.043355
14035 0.315132 0.079949 0.604919
1704 0.033273 0.309787 0.656940
14037 0.361070 0.265010 0.373920
1823 0.171802 0.005544 0.822654
1705 0.133534 0.023929 0.842537
14017 0.137180 0.552077 0.310743
13868 0.227931 0.276378 0.495691
14086 0.458513 0.418511 0.122977
1560 0.076659 0.504803 0.418538
14084 0.668033 0.058536 0.273432
15171 0.867725 0.086449 0.045826
14916 0.409528 0.310631 0.279841
2768 0.181260 0.254858 0.563882
2823 0.007705 0.648080 0.344215
2769 0.084069 0.142060 0.773871
14923 0.174848 0.054564 0.770588
15166 0.687046 0.291418 0.021536
1663 0.419104 0.528383 0.052513
2102 0.193443 0.007120 0.799438
14946 0.337018 0.550388 0.112595
14944 0.158226 0.795925 0.045848
2704 0.474764 0.148265 0.376970
2697 0.498086 0.175426 0.326489
2698 0.511778 0.019243 0.468979
15232 0.193544 0.371816 0.434640
8093 0.024024 0.479758 0.496218
2738 0.102397 0.078508 0.819096
13825 0.753696 0.162609 0.083695
2677 0.379201 0.069920 0.550879
3223 0.040097 0.919082 0.040821
3223 0.251861 0.585224 0.162915
2674 0.513797 0.122338 0.363865
15209 0.526340 0.369667 0.103993
1767 0.137342 0.715389 0.147270
1770 0.578913 0.222337 0.198750
3223 0.366234 0.056818 0.576948
13781 0.764462 0.094120 0.141418
2114 0.495088 0.377885 0.127027
2159 0.597764 0.050051 0.352185
13785 0.670953 0.091827 0.237220
13797 0.309451 0.043586 0.646963
1709 0.148171 0.179730 0.672099
13786 0.561454 0.414837 0.023709
1642 0.167243 0.540451 0.292306
1613 0.068628 0.098170 0.833201
2254 0.079167 0.213627 0.707205
2184 0.115449 0.407884 0.476667
16307 0.488971 0.422159 0.088871
16321 0.038534 0.490847 0.470619
1965 0.146848 0.641586 0.211566
14331 0.686423 0.013830 0.299747
16312 0.277093 0.078416 0.644491
15087 0.240088 0.443554 0.316358
3838 0.096000 0.337644 0.566355
16096 0.333008 0.618169 0.048823
3913 0.169185 0.742708 0.088107
3908 0.103929 0.841757 0.054315
13903 0.342852 0.521099 0.136050
15080 0.538654 0.409536 0.051810
14863 0.009789 0.689300 0.300910
1761 0.428236 0.274470 0.297294
13881 0.417833 0.431362 0.150805
1568 0.040873 0.634845 0.324282
13908 0.001349 0.117288 0.881363
2118 0.134297 0.349595 0.516108
1606 0.049134 0.851947 0.098919
13937 0.725285 0.189355 0.085360
2679 0.786496 0.168659 0.044846
15216 0.105232 0.395504 0.499264
13935 0.295041 0.031310 0.673649
1604 0.134044 0.329982 0.535974
13764 0.289127 0.510285 0.200588
13788 0.920539 0.047795 0.031666
14331 0.026164 0.050340 0.923496
3841 0.052644 0.446615 0.500740
1762 0.232081 0.646648 0.121270
2676 0.565689 0.130348 0.303963
14866 0.356372 0.275789 0.367839
13936 0.267494 0.101234 0.631273
3913 0.150128 0.221634 0.628238
3908 0.598422 0.082036 0.319543
2735 0.444161 0.147469 0.408370
13922 0.251162 0.263805 0.485033
2155 0.580903 0.101057 0.318040
2120 0.042124 0.741530 0.216346
15300 0.238516 0.021206 0.740277
15299 0.409356 0.147657 0.442987
14902 0.534499 0.000000 0.465501
1801 0.048490 0.736109 0.215401
1799 0.568307 0.340480 0.091214
3213 0.068721 0.673646 0.257633
13911 0.588655 0.000000 0.411345
1588 0.487462 0.375673 0.136866
13916 0.237011 0.449632 0.313357
2185 0.082304 0.298183 0.619514
1583 0.177193 0.744545 0.078261
1646 0.542426 0.134400 0.323174
3222 0.400492 0.241835 0.357674
3213 0.471362 0.269603 0.259035
1646 0.000000 0.108435 0.891565
1646 0.000000 0.000000 1.000000
13875 0.483264 0.000000 0.516736
13875 0.786855 0.070439 0.142705
3837 0.494715 0.327600 0.177685
2184 0.000000 0.702083 0.297917
2184 0.000000 0.896502 0.103498
2184 0.000000 0.481710 0.518290
13875 0.515827 0.000000 0.484173
13875 1.000000 0.000000 0.000000
15335 0.080912 0.379198 0.539890
15335 0.427821 0.090186 0.481993
15335 0.000000 0.608225 0.391775
3821 0.267877 0.721129 0.010994
4446 0.151498 0.615807 0.232695
3802 0.021417 0.858329 0.120254
16324 1.000000 0.000000 0.000000
3207 0.290356 0.638683 0.070961
3936 0.448300 0.482400 0.069300
4354 0.483119 0.002753 0.514128
4444 0.722764 0.218625 0.058611
16328 0.049107 0.546557 0.404335
16308 0.291403 0.632602 0.075994
4368 0.289798 0.289463 0.420739
3837 0.050951 0.319649 0.629400
16379 0.218054 0.618220 0.163725
16353 0.319832 0.501827 0.178341
16308 0.470747 0.244973 0.284281
3829 0.000000 0.688900 0.311100
16347 0.081833 0.057556 0.860611
16381 0.589482 0.255331 0.155187
16306 0.504119 0.221103 0.274778
3212 0.630708 0.000000 0.369292
3208 0.263830 0.081530 0.654639
16345 0.022449 0.374685 0.602866
3215 0.542339 0.000000 0.457661
16070 0.343195 0.458384 0.198421
15337 0.084540 0.421168 0.494292
14088 0.318562 0.665900 0.015539
14351 0.004257 0.188885 0.806858
2230 0.071141 0.067845 0.861014
13832 0.470894 0.379529 0.149576
3903 0.016378 0.882332 0.101290
16032 0.123067 0.670927 0.206006
3898 0.126373 0.242979 0.630648
15303 0.211645 0.159760 0.628595
3824 0.263853 0.077127 0.659019
15302 0.422110 0.384814 0.193076
3916 0.591989 0.349570 0.058441
2260 0.287646 0.045124 0.667230
13838 0.725866 0.057476 0.216658
2201 0.368724 0.197082 0.434194
2231 0.531823 0.269216 0.198962
2740 0.043034 0.576120 0.380845
16311 0.296846 0.537096 0.166058
1573 0.420929 0.401959 0.177112
16288 0.157247 0.607839 0.234914
16090 0.555085 0.253646 0.191270
3869 0.795641 0.088830 0.115529
16303 0.388734 0.402007 0.209258
13938 0.394890 0.538318 0.066792
13722 0.391853 0.219554 0.388594
15215 0.245316 0.407456 0.347227
1759 0.501106 0.304358 0.194536
16087 0.728986 0.010745 0.260269
14305 0.295812 0.624379 0.079808
1964 0.264402 0.567036 0.168562
3907 0.041123 0.717566 0.241311
15100 0.324681 0.462982 0.212336
1611 0.135242 0.304342 0.560416
2154 0.439451 0.254782 0.305767
2152 0.334015 0.413446 0.252539
3963 0.523003 0.174057 0.302941
3962 0.237299 0.069131 0.693569
2377 0.002915 0.093562 0.903523
2144 0.125329 0.835315 0.039356
1600 0.208194 0.089248 0.702559
13928 0.211628 0.127917 0.660454
13713 0.934953 0.018044 0.047003
2145 0.025289 0.719264 0.255447
13715 0.185989 0.006947 0.807064
13727 0.685238 0.035658 0.279104
13891 0.223803 0.065301 0.710896
2146 0.147005 0.207789 0.645206
2126 0.145620 0.060986 0.793394
13886 0.222758 0.482400 0.294843
1621 0.740509 0.039950 0.219541
13758 0.181784 0.099098 0.719118
13759 0.144422 0.516947 0.338631
1835 0.402197 0.575762 0.022041
13755 0.505511 0.254985 0.239505
13927 0.625803 0.223199 0.150998
1599 0.308095 0.371849 0.320056
2669 0.035596 0.591472 0.372932
2666 0.002404 0.206874 0.790723
15203 0.353527 0.365630 0.280843
2665 0.762061 0.024789 0.213150
14877 0.401238 0.263086 0.335676
1898 0.257463 0.332750 0.409787
14881 0.339381 0.147395 0.513224
2779 0.274172 0.237633 0.488195
2279 0.052008 0.509306 0.438686
14909 0.410724 0.299683 0.289593
14889 0.266048 0.661164 0.072788
2242 0.237916 0.257007 0.505076
1787 0.153574 0.511450 0.334976
1785 0.111610 0.875813 0.012577
1803 0.131564 0.799966 0.068470
14955 0.787682 0.034847 0.177471
1783 0.142760 0.048510 0.808729
1757 0.859026 0.019377 0.121597
13976 0.384428 0.270497 0.345075
13974 0.473058 0.093879 0.433063
1830 0.606301 0.071671 0.322028
13973 0.404955 0.539573 0.055472
2797 0.000000 0.055168 0.944832
15231 0.023500 0.813903 0.162597
2695 0.016223 0.208270 0.775506
1846 1.000000 0.000000 0.000000
1625 0.029315 0.932399 0.038286
2129 0.086725 0.300941 0.612334
2174 0.259457 0.486094 0.254448
2178 0.649832 0.106799 0.243370
14055 0.324272 0.426437 0.249291
2110 0.543854 0.434132 0.022014
13745 0.024657 0.290948 0.684395
2182 0.169549 0.029002 0.801449
13742 0.149088 0.820578 0.030334
13743 0.455296 0.099368 0.445336
2169 0.077390 0.456521 0.466088
1809 0.335005 0.361981 0.303014
1660 0.389947 0.440554 0.169500
13853 0.712611 0.059149 0.228240
13948 0.507881 0.214020 0.278098
13956 0.644507 0.045665 0.309828
1848 0.544394 0.084910 0.370696
1711 0.515876 0.057512 0.426612
1713 0.687665 0.151878 0.160457
15009 0.248411 0.239535 0.512055
1531 0.163720 0.550788 0.285492
2161 0.265138 0.239057 0.495805
13741 0.066275 0.033555 0.900170
1529 0.109685 0.814694 0.075622
14046 0.279450 0.025909 0.694640
14050 0.601782 0.112666 0.285552
2690 0.031776 0.671712 0.296512
14045 0.629437 0.109535 0.261027
2689 0.051050 0.815196 0.133754
1521 0.225667 0.607107 0.167227
2687 0.034317 0.150126 0.815557
2686 0.218663 0.581863 0.199474
2239 0.276830 0.007102 0.716068
2757 0.780974 0.026566 0.192460
2776 0.542176 0.184290 0.273534
14943 0.145654 0.541524 0.312821
2685 0.329352 0.403965 0.266683
14952 0.293804 0.312464 0.393732
1595 0.622047 0.319248 0.058705
2139 0.732230 0.116560 0.151209
2140 0.036670 0.117711 0.845619
13890 0.056461 0.023023 0.920516
2126 0.115754 0.822195 0.062051
13763 0.182885 0.192047 0.625067
13758 0.762886 0.078355 0.158759
1835 0.321799 0.044024 0.634177
13975 0.419692 0.325517 0.254791
1755 0.205949 0.040111 0.753940
15025 0.934953 0.021429 0.043618
1757 0.096370 0.037146 0.866484
14956 0.133364 0.833530 0.033106
14936 0.176125 0.231300 0.592575
14935 0.326062 0.341127 0.332811
2280 0.395302 0.267851 0.336848
15220 0.271292 0.331804 0.396904
15208 0.170176 0.784142 0.045681
1593 0.141640 0.776410 0.081950
1594 0.156376 0.302414 0.541210
2127 0.856864 0.114190 0.028946
2147 0.257408 0.223993 0.518599
13894 0.858449 0.037286 0.104264
1630 0.000000 0.265340 0.734660
1627 0.292674 0.173137 0.534190
13890 0.803253 0.106892 0.089855
1624 0.052313 0.401284 0.546404
1626 0.048260 0.253252 0.698489
1623 0.026530 0.313430 0.660040
13761 0.805447 0.188890 0.005662
1839 0.127554 0.594181 0.278266
1839 0.229839 0.032127 0.738034
13979 0.164234 0.262895 0.572871
13979 0.633580 0.241474 0.124946
1729 0.250536 0.737560 0.011903
1729 0.178571 0.317429 0.504000
1743 0.061641 0.574106 0.364253
15024 0.148929 0.177146 0.673925
15023 0.720155 0.093347 0.186497
1755 0.683619 0.307791 0.008590
13809 0.291615 0.286232 0.422153
15025 0.182801 0.635783 0.181416
2799 0.404462 0.093664 0.501874
13808 0.250870 0.640809 0.108321
14941 0.432665 0.430283 0.137053
2786 0.701191 0.110587 0.188221
2784 0.204951 0.407116 0.387932
2785 0.732168 0.187714 0.080118
2701 0.329465 0.637065 0.033470
14934 0.113927 0.760886 0.125188
15239 0.243404 0.153804 0.602792
15243 0.764322 0.151828 0.083850
2702 0.069097 0.375790 0.555113
15242 0.040758 0.591944 0.367298
1566 0.448360 0.099520 0.452120
14062 0.229473 0.270527 0.500000
13993 0.076403 0.450434 0.473163
14061 0.066024 0.630941 0.303035
13707 0.669490 0.197445 0.133065
2180 0.074887 0.546181 0.378932
13943 0.429190 0.352966 0.217844
15205 0.194672 0.623692 0.181636
2671 0.672461 0.178606 0.148934
14874 0.108111 0.196869 0.695020
14876 0.853099 0.049059 0.097842
2256 0.072474 0.294338 0.633188
13804 0.083056 0.314350 0.602594
14891 0.208450 0.282614 0.508936
14890 0.234865 0.497885 0.267249
13918 0.728543 0.137987 0.133471
13968 0.099265 0.259474 0.641261
13971 0.332198 0.538424 0.129378
1657 0.000000 0.604561 0.395439
13756 0.453516 0.460860 0.085624
13757 0.173940 0.286708 0.539352
2122 0.185567 0.495433 0.319000
13720 0.478294 0.146048 0.375658
13719 0.564961 0.083615 0.351424
2148 0.020473 0.661756 0.317770
13933 0.000000 0.222313 0.777687
1697 0.295334 0.535649 0.169017
1815 0.230196 0.488770 0.281034
1814 0.050048 0.939499 0.010453
1732 0.128820 0.063876 0.807304
1731 0.681111 0.024974 0.293915
2241 0.241917 0.412373 0.345710
2759 0.845890 0.132105 0.022004
2824 0.565249 0.416072 0.018679
15172 0.084344 0.348003 0.567653
1543 0.252187 0.639537 0.108276
14064 0.075097 0.293983 0.630920
1540 0.543587 0.438803 0.017609
13734 0.717443 0.105891 0.176666
2164 0.203048 0.691740 0.105213
13871 0.545516 0.318579 0.135905
13858 0.254629 0.505511 0.239860
2788 0.760976 0.068223 0.170801
2246 0.313600 0.104778 0.581623
2770 0.154082 0.760304 0.085614
15159 0.648959 0.087337 0.263704
2815 0.077416 0.514583 0.408001
14082 0.147015 0.759551 0.093434
14007 0.008666 0.161399 0.829935
1671 0.046274 0.017768 0.935958
14003 0.000366 0.787753 0.211880
1666 0.197593 0.722892 0.079515
1696 0.140478 0.859522 0.000000
1706 0.149990 0.630992 0.219018
14982 0.249748 0.395447 0.354805
13966 0.454067 0.094352 0.451581
15035 0.352783 0.364499 0.282718
1742 0.364498 0.450112 0.185390
15176 0.728599 0.149212 0.122188
15177 0.524281 0.237563 0.238157
1549 0.010723 0.526899 0.462378
1876 0.110906 0.341603 0.547490
14999 0.075599 0.046411 0.877990
14996 0.056248 0.040888 0.902865
1892 0.864626 0.097257 0.038117
1890 0.887071 0.029797 0.083132
1887 0.064439 0.051713 0.883848
14972 0.840805 0.022981 0.136215
14971 0.781662 0.058958 0.159380
14979 0.735498 0.016310 0.248193
1804 0.028911 0.204063 0.767026
2249 0.215738 0.679118 0.105144
13954 0.018108 0.969971 0.011921
13967 0.016893 0.016602 0.966505
1701 0.142492 0.404592 0.452916
1702 0.275229 0.187755 0.537016
2098 0.632965 0.247567 0.119468
2123 0.209948 0.271471 0.518580
13801 0.401943 0.526419 0.071639
2108 0.281969 0.012075 0.705956
14066 0.254716 0.639845 0.105439
14087 0.267074 0.462921 0.270005
15169 0.333389 0.212591 0.454020
2761 0.403706 0.145670 0.450625
2766 0.278005 0.074244 0.647751
13817 0.797198 0.152921 0.049881
15046 0.926466 0.040828 0.032707
2830 0.401588 0.078290 0.520122
15179 0.304475 0.274101 0.421424
14013 0.121438 0.514125 0.364437
15001 0.109598 0.216777 0.673625
1856 0.357713 0.437985 0.204302
1855 0.531831 0.381261 0.086908
1858 0.401002 0.233357 0.365641
14966 0.184741 0.812278 0.002981
1873 0.189433 0.490601 0.319966
1864 0.394194 0.068458 0.537348
14973 0.405114 0.495051 0.099835
14974 0.382574 0.202258 0.415167
13872 0.332204 0.023727 0.644069
2250 0.172086 0.058417 0.769497
16038 0.197118 0.534837 0.268046
2376 0.177143 0.791514 0.031343
16391 0.444230 0.329197 0.226573
16390 0.718428 0.168736 0.112836
4416 0.119360 0.706738 0.173902
4111 0.000000 0.853410 0.146590
3991 0.608269 0.277655 0.114076
3934 0.425557 0.093367 0.481076
14568 0.421551 0.089191 0.489258
3894 0.738810 0.179740 0.081450
16021 0.297638 0.664660 0.037702
3868 0.026056 0.380286 0.593658
16038 0.700726 0.042120 0.257154
16484 0.252753 0.202157 0.545090
4418 0.889249 0.040243 0.070508
16247 0.148569 0.812210 0.039222
4184 0.118205 0.533979 0.347816
4039 0.616020 0.351131 0.032849
4040 0.054483 0.751401 0.194116
16742 0.085861 0.296664 0.617475
4269 0.153623 0.520515 0.325861
4183 0.695803 0.256499 0.047698
16242 0.451118 0.418359 0.130522
16460 0.195983 0.568460 0.235557
4362 0.167217 0.810498 0.022285
16455 0.321962 0.211441 0.466596
5397 0.359076 0.389243 0.251681
5630 0.028109 0.825461 0.146430
5663 0.653606 0.267971 0.078423
5665 0.537914 0.253639 0.208447
5471 0.148870 0.608997 0.242133
17749 0.190989 0.781459 0.027552
5702 0.121389 0.373540 0.505071
17591 0.531931 0.125492 0.342576
13194 0.102953 0.662176 0.234871
17589 0.622151 0.028807 0.349042
2328 0.674747 0.306306 0.018947
15699 0.249260 0.558452 0.192288
3567 0.363199 0.292458 0.344342
5395 0.060601 0.368479 0.570920
5485 0.427485 0.468988 0.103527
5473 0.245537 0.637027 0.117436
17759 0.007928 0.696017 0.296055
4810 1.000000 0.000000 0.000000
15882 0.058843 0.287496 0.653661
4128 0.333419 0.503464 0.163117
14812 0.150794 0.771155 0.078051
16213 0.096369 0.603566 0.300066
