16273 0.002833 0.025872 0.971295
5297 0.229576 0.754859 0.015565
5219 0.221338 0.742439 0.036222
11942 0.803963 0.064912 0.131125
123 0.874669 0.063892 0.061439
4882 0.084277 0.732731 0.182992
1100 0.011035 0.148970 0.839995
5500 0.086247 0.215615 0.698137
15544 0.126513 0.701599 0.171888
5301 0.141787 0.083703 0.774510
4647 0.046710 0.765980 0.187310
16143 0.716725 0.040655 0.242620
11838 0.181440 0.728854 0.089706
11842 0.335007 0.307161 0.357832
556 0.580953 0.120847 0.298200
9159 0.087865 0.661994 0.250142
42 0.116565 0.813088 0.070346
4533 0.457192 0.344479 0.198329
9152 0.349018 0.132416 0.518567
19025 0.852327 0.042589 0.105084
11218 0.246830 0.051622 0.701548
4645 0.726376 0.125775 0.147849
19490 0.690235 0.120015 0.189750
4483 0.620117 0.235385 0.144498
1268 0.669744 0.158649 0.171607
19477 0.016774 0.242508 0.740717
1138 0.068543 0.359074 0.572383
11930 0.111371 0.873302 0.015327
19647 0.121720 0.459153 0.419128
1304 0.408290 0.168245 0.423465
1023 0.639028 0.289758 0.071214
11706 0.953013 0.014930 0.032057
1463 0.256298 0.325524 0.418178
1989 0.215096 0.069782 0.715122
4786 0.260183 0.695116 0.044701
2 0.842485 0.124946 0.032569
11877 0.365714 0.526076 0.108210
11973 0.146076 0.782369 0.071555
14600 0.154178 0.293512 0.552310
14605 0.484468 0.331034 0.184498
8326 0.132694 0.363420 0.503886
14778 0.221788 0.559711 0.218501
2523 0.163058 0.127973 0.708969
14613 0.278420 0.013756 0.707824
13619 0.588161 0.373118 0.038721
1609 0.595822 0.107639 0.296539
14871 0.622903 0.099135 0.277962
13429 0.017035 0.293331 0.689634
14860 0.399127 0.585174 0.015699
1904 0.102540 0.624578 0.272882
4860 0.016221 0.725963 0.257816
19300 0.103722 0.758902 0.137376
4893 0.963870 0.000168 0.035962
15668 0.330472 0.605284 0.064244
18685 0.010469 0.230001 0.759530
4516 0.511126 0.378817 0.110056
1162 0.794125 0.081775 0.124100
8552 0.142746 0.208673 0.648582
1952 0.487022 0.064474 0.448504
1948 0.236477 0.214387 0.549136
1921 0.384465 0.200431 0.415104
15538 0.217659 0.555494 0.226847
19513 0.335786 0.119784 0.544431
5323 0.288940 0.564863 0.146198
19542 0.385427 0.410711 0.203862
11211 0.110549 0.059998 0.829453
11155 0.896502 0.043565 0.059933
4792 0.156739 0.790647 0.052614
19657 0.002757 0.552066 0.445177
24 0.715234 0.230727 0.054038
15510 0.230534 0.659771 0.109695
4432 0.029785 0.692272 0.277943
4334 0.154201 0.042525 0.803274
4329 0.485423 0.268492 0.246085
16246 0.593583 0.165463 0.240954
12088 0.268059 0.299017 0.432925
16253 0.628446 0.324160 0.047394
12060 0.274129 0.665750 0.060121
4761 0.635150 0.060721 0.304130
4402 0.511893 0.469415 0.018692
4468 0.565198 0.030101 0.404701
12065 0.716910 0.110777 0.172313
4405 0.839782 0.074613 0.085606
16195 0.032184 0.275773 0.692043
4310 0.346170 0.093403 0.560427
4180 0.789746 0.021351 0.188902
16352 0.066562 0.364682 0.568756
15979 0.281287 0.036883 0.681830
15983 0.123791 0.564402 0.311808
5252 0.436588 0.463881 0.099531
4708 0.528914 0.193547 0.277539
4718 0.676883 0.114250 0.208868
4661 0.381268 0.066950 0.551782
15864 0.369662 0.202217 0.428121
15868 0.517236 0.170322 0.312442
15770 0.598927 0.009241 0.391832
15672 0.730752 0.145537 0.123712
4825 0.621934 0.151365 0.226701
5337 0.629875 0.344543 0.025581
4218 0.622496 0.256509 0.120995
4872 0.137738 0.767553 0.094708
15656 0.767583 0.141944 0.090474
4869 0.525967 0.187331 0.286701
4865 0.106064 0.286594 0.607342
4878 0.170064 0.611768 0.218168
18738 0.597052 0.186834 0.216114
18687 0.423987 0.190469 0.385544
11957 0.741591 0.220424 0.037985
15515 0.245954 0.194851 0.559195
5368 0.272481 0.029177 0.698341
748 0.247724 0.076446 0.675830
18755 0.193723 0.096725 0.709552
1029 0.297856 0.654696 0.047449
19473 0.109544 0.028606 0.861850
1242 0.069496 0.893198 0.037305
19569 0.123371 0.214908 0.661721
19566 0.001084 0.878063 0.120854
19698 0.010603 0.041241 0.948156
18808 0.329336 0.045079 0.625585
813 0.261768 0.263796 0.474435
845 0.235652 0.226986 0.537363
849 0.366529 0.482622 0.150849
19149 0.145246 0.224287 0.630467
9219 0.533975 0.253996 0.212029
9196 0.431850 0.462808 0.105342
714 0.792398 0.057047 0.150555
19102 0.132392 0.510364 0.357244
19140 0.478814 0.360261 0.160925
925 0.623352 0.128880 0.247768
19097 0.956787 0.006779 0.036434
1070 0.004101 0.712960 0.282940
18673 0.655181 0.266108 0.078711
1206 0.270952 0.373780 0.355269
1324 0.022288 0.726445 0.251267
15851 0.232713 0.705431 0.061856
4690 0.838256 0.132709 0.029035
4707 0.005975 0.975116 0.018909
5436 0.072089 0.146620 0.781291
15961 0.278130 0.595990 0.125880
15860 0.136963 0.159522 0.703515
15823 0.712868 0.093519 0.193613
15431 0.510870 0.178591 0.310539
4250 0.288391 0.214286 0.497323
15848 0.202475 0.190306 0.607219
15681 0.026984 0.618190 0.354826
15738 0.068770 0.672167 0.259063
4939 0.063476 0.926014 0.010511
4940 0.763023 0.202118 0.034859
4923 0.382294 0.522940 0.094765
4905 0.056177 0.812946 0.130877
4908 0.019073 0.851352 0.129575
15638 0.606456 0.354886 0.038658
4891 0.086134 0.742545 0.171321
4973 0.010897 0.897833 0.091270
15677 0.027623 0.296946 0.675430
15673 0.054966 0.022961 0.922073
4948 0.096515 0.870513 0.032972
15840 0.802807 0.065902 0.131290
4961 0.567670 0.212747 0.219582
4685 0.205871 0.748878 0.045251
4699 0.033041 0.835212 0.131747
19693 0.594241 0.034259 0.371501
18720 0.897203 0.093030 0.009767
5461 0.302643 0.602575 0.094782
5462 0.678419 0.118831 0.202750
19555 0.318070 0.551303 0.130627
755 0.520380 0.042400 0.437221
15929 0.101239 0.076113 0.822649
15949 0.441200 0.291662 0.267138
5399 0.180710 0.111035 0.708255
15450 0.069461 0.072150 0.858388
19591 0.278902 0.173733 0.547366
15469 0.390100 0.489642 0.120258
15393 0.229192 0.743036 0.027772
5371 0.472775 0.106042 0.421183
15856 0.456790 0.374927 0.168284
5374 0.613393 0.254280 0.132327
15496 0.325723 0.467293 0.206983
15446 0.480153 0.150316 0.369531
5484 0.077232 0.876137 0.046631
5468 0.013008 0.175600 0.811391
15370 0.058303 0.852677 0.089020
759 0.353332 0.211254 0.435414
4266 0.015180 0.910127 0.074693
5424 0.076765 0.807628 0.115607
13493 0.455241 0.484717 0.060042
15619 0.032157 0.021177 0.946667
16006 0.057601 0.246919 0.695480
15407 0.021812 0.113512 0.864676
16003 0.774158 0.069835 0.156007
15555 0.209172 0.500774 0.290054
5171 0.788168 0.016610 0.195222
15575 0.119204 0.417630 0.463167
15579 0.184076 0.110924 0.705000
15584 0.025985 0.698519 0.275497
15588 0.006379 0.186137 0.807484
5203 0.131428 0.747302 0.121270
4320 0.120639 0.292058 0.587303
15571 0.162946 0.175042 0.662013
5167 0.724361 0.107662 0.167977
5446 0.298366 0.625379 0.076255
5442 0.663416 0.268930 0.067653
15609 0.902924 0.061647 0.035429
8295 0.231742 0.365819 0.402439
15620 0.178978 0.684970 0.136052
8277 0.204317 0.149724 0.645959
15536 0.261927 0.633497 0.104575
15522 0.844431 0.090525 0.065044
15517 0.273526 0.149735 0.576739
5196 0.097827 0.695974 0.206199
5200 0.255391 0.719088 0.025521
15528 0.223901 0.065730 0.710369
15532 0.351494 0.631615 0.016891
2289 0.551878 0.002022 0.446099
15505 0.129231 0.166652 0.704117
15537 0.316306 0.275246 0.408448
5256 0.113256 0.777290 0.109454
15556 0.180648 0.679568 0.139783
15549 0.187997 0.740069 0.071934
15547 0.249349 0.395315 0.355335
16276 0.833886 0.064368 0.101746
11595 0.737354 0.025510 0.237136
12096 0.189541 0.341662 0.468797
12084 0.644826 0.124911 0.230263
5287 0.564893 0.040062 0.395045
16257 0.457903 0.521909 0.020188
12092 0.127040 0.326525 0.546435
5282 0.483830 0.058351 0.457819
16308 0.627326 0.357523 0.015151
4471 0.590736 0.234302 0.174962
16304 0.608483 0.263437 0.128079
16291 0.487318 0.184291 0.328391
4347 0.797639 0.019223 0.183137
16287 0.206754 0.246334 0.546912
4316 0.706702 0.057632 0.235667
4428 0.415743 0.569342 0.014914
16190 0.170104 0.743586 0.086310
4376 0.146704 0.021054 0.832241
4373 0.107331 0.785378 0.107291
16199 0.321204 0.554881 0.123915
16184 0.420120 0.137816 0.442064
4305 0.629473 0.141529 0.228998
16225 0.112610 0.035260 0.852130
4326 0.115845 0.393717 0.490438
4332 0.067919 0.897198 0.034883
16219 0.481375 0.189486 0.329139
16021 0.103967 0.467411 0.428622
4139 0.288967 0.697735 0.013298
672 0.147597 0.572065 0.280338
685 0.112688 0.719152 0.168159
16391 0.355389 0.644499 0.000112
4461 0.496833 0.118298 0.384869
12040 0.784243 0.080871 0.134886
4456 0.400893 0.217403 0.381704
538 0.364594 0.371341 0.264065
16438 0.302818 0.326084 0.371098
16417 0.156771 0.431217 0.412011
4424 0.062756 0.359272 0.577971
4408 0.020132 0.245875 0.733993
4390 0.363514 0.497972 0.138514
4420 0.166667 0.002389 0.830944
4196 0.231368 0.062608 0.706024
16334 0.007198 0.144878 0.847924
4174 0.217973 0.356165 0.425863
4412 0.323968 0.485649 0.190382
4414 0.001182 0.913518 0.085300
16324 0.274163 0.452719 0.273118
16320 0.259012 0.171918 0.569070
4192 0.088005 0.283240 0.628755
16374 0.414046 0.462192 0.123762
4209 0.126518 0.414560 0.458922
4200 0.272084 0.436711 0.291204
15992 0.105836 0.251414 0.642750
2292 0.151410 0.793316 0.055274
4295 0.421753 0.209794 0.368453
16129 0.818516 0.173788 0.007696
4273 0.126604 0.009472 0.863924
4262 0.013622 0.899299 0.087079
16026 0.425577 0.023864 0.550559
16046 0.176056 0.348610 0.475333
4236 0.499099 0.222116 0.278786
15935 0.409264 0.288612 0.302124
15826 0.512748 0.206313 0.280938
15941 0.294161 0.527225 0.178614
5362 0.664602 0.243423 0.091975
5413 0.641873 0.032205 0.325922
15447 0.075161 0.837732 0.087107
15924 0.844528 0.097733 0.057739
19595 0.152450 0.259105 0.588446
15931 0.330817 0.438340 0.230843
15974 0.208512 0.541420 0.250068
15833 0.306662 0.176918 0.516420
5383 0.102648 0.789776 0.107576
16132 0.744497 0.224309 0.031194
4723 0.071509 0.324380 0.604111
15836 0.856046 0.025899 0.118055
4239 0.142586 0.184592 0.672822
15809 0.283115 0.306821 0.410064
4704 0.251261 0.189427 0.559312
18652 0.754591 0.048495 0.196914
19005 0.869991 0.092285 0.037724
15437 0.433643 0.442887 0.123470
4244 0.138625 0.070080 0.791294
4711 0.037365 0.848955 0.113680
4672 0.532923 0.367463 0.099614
16176 0.728182 0.006071 0.265747
16062 0.205437 0.257329 0.537234
16174 0.231089 0.364441 0.404470
4649 0.129179 0.830361 0.040460
41 0.056325 0.786430 0.157245
11164 0.587430 0.411696 0.000874
1110 0.370503 0.280124 0.349373
9576 0.051733 0.783349 0.164918
555 0.428133 0.472409 0.099458
13901 0.427867 0.476057 0.096076
13878 0.366021 0.270617 0.363362
4752 0.210407 0.447741 0.341852
11860 0.183993 0.460287 0.355720
605 0.229837 0.355105 0.415058
631 0.436520 0.063408 0.500072
13981 0.310574 0.342310 0.347116
11846 0.326142 0.442746 0.231111
420 0.247827 0.702009 0.050164
529 0.355753 0.203507 0.440740
551 0.646601 0.051690 0.301709
16091 0.104917 0.209713 0.685369
401 0.084361 0.226558 0.689081
598 0.255719 0.232379 0.511903
4733 0.689585 0.237853 0.072562
4774 0.251660 0.197079 0.551261
4745 0.669858 0.117386 0.212756
4764 0.370912 0.426350 0.202738
9254 0.807709 0.009105 0.183186
9145 0.054469 0.920184 0.025347
11222 0.119989 0.120787 0.759224
9248 0.391171 0.360669 0.248160
4754 0.097725 0.824268 0.078007
13359 0.842221 0.136302 0.021477
283 0.260011 0.371019 0.368970
11243 0.069754 0.462067 0.468179
4757 0.035705 0.454898 0.509397
9136 0.495728 0.429776 0.074496
14182 0.052805 0.178046 0.769149
19030 0.478653 0.353181 0.168166
9045 0.600165 0.172927 0.226908
9065 0.822703 0.106365 0.070932
18919 0.129688 0.014614 0.855698
14084 0.796935 0.129861 0.073204
14130 0.144394 0.616617 0.238990
4550 0.205049 0.607924 0.187027
286 0.008054 0.965439 0.026508
11051 0.168318 0.197362 0.634320
19487 0.649306 0.019226 0.331468
19499 0.778195 0.166003 0.055801
15696 0.015544 0.038477 0.945979
19446 0.154574 0.056004 0.789422
4525 0.006386 0.704650 0.288964
14207 0.015523 0.895733 0.088744
11112 0.822990 0.084560 0.092451
11148 0.129312 0.098768 0.771919
9189 0.687124 0.299019 0.013856
13365 0.229751 0.088929 0.681321
9197 0.111764 0.413101 0.475135
11062 0.396027 0.575046 0.028927
4522 0.138692 0.432211 0.429097
9184 0.215080 0.496768 0.288152
7 0.277621 0.488524 0.233855
4507 0.037343 0.858657 0.104000
4492 0.057768 0.871396 0.070836
14180 0.787439 0.093096 0.119465
4611 0.136178 0.341265 0.522556
11050 0.410143 0.116133 0.473724
18963 0.146645 0.582012 0.271343
4603 0.358354 0.141503 0.500143
19118 0.344747 0.559973 0.095280
4623 0.411691 0.045239 0.543070
18936 0.193141 0.270863 0.535996
19115 0.212098 0.724724 0.063178
18964 0.755621 0.128761 0.115618
2753 0.775636 0.220467 0.003897
4561 0.121827 0.789416 0.088757
4565 0.117313 0.726726 0.155961
920 0.185000 0.168933 0.646067
4596 0.241722 0.258944 0.499334
4579 0.412057 0.396160 0.191783
19142 0.302280 0.556592 0.141128
4588 0.328769 0.375503 0.295728
4592 0.332238 0.412216 0.255546
876 0.359148 0.531790 0.109061
903 0.090506 0.652283 0.257211
19057 0.234459 0.633000 0.132541
938 0.503118 0.382125 0.114757
19096 0.456262 0.038584 0.505154
943 0.308205 0.441224 0.250571
19046 0.572389 0.025927 0.401684
19041 0.103117 0.858468 0.038416
864 0.238981 0.546563 0.214456
878 0.614355 0.368994 0.016651
770 0.245612 0.126974 0.627414
13294 0.195764 0.175425 0.628811
945 0.683701 0.082138 0.234161
19070 0.230995 0.151740 0.617265
881 0.156430 0.686079 0.157491
19526 0.351524 0.129240 0.519236
805 0.626755 0.040289 0.332957
777 0.204913 0.780871 0.014217
2300 0.087796 0.761245 0.150960
18741 0.102642 0.858648 0.038709
1001 0.226588 0.665291 0.108121
872 0.089332 0.368244 0.542424
1017 0.476549 0.262725 0.260726
18695 0.118590 0.819875 0.061535
989 0.226328 0.035446 0.738226
962 0.824427 0.029672 0.145900
15454 0.008015 0.470561 0.521424
980 0.414771 0.379290 0.205939
18700 0.397325 0.136207 0.466468
1014 0.034779 0.593111 0.372110
986 0.107575 0.026485 0.865940
18729 0.051235 0.691918 0.256846
984 0.876445 0.051861 0.071694
954 0.211549 0.467945 0.320506
18631 0.206431 0.575712 0.217857
5408 0.500313 0.342340 0.157347
1205 0.159929 0.712020 0.128051
718 0.299792 0.573824 0.126383
18669 0.133680 0.087205 0.779115
1133 0.408954 0.217833 0.373213
19121 0.314363 0.309431 0.376207
4602 0.323751 0.122497 0.553752
4627 0.106501 0.410069 0.483431
797 0.414559 0.499465 0.085976
18894 0.190161 0.520071 0.289767
4583 0.944034 0.033011 0.022955
19534 0.497401 0.420236 0.082363
19530 0.323955 0.356384 0.319661
1257 0.105904 0.407162 0.486934
18798 0.035396 0.352966 0.611638
1261 0.080384 0.372573 0.547043
724 0.376775 0.208485 0.414739
693 0.188661 0.290166 0.521173
697 0.295525 0.171627 0.532848
18845 0.266450 0.728910 0.004640
18838 0.097750 0.833499 0.068751
18842 0.137679 0.738507 0.123814
18790 0.120357 0.260660 0.618983
832 0.088422 0.888846 0.022732
18886 0.066707 0.178428 0.754865
830 0.488929 0.397427 0.113644
18773 0.101473 0.656278 0.242249
826 0.579889 0.285646 0.134465
822 0.229105 0.202380 0.568515
18778 0.247381 0.322159 0.430459
818 0.232906 0.301779 0.465315
18764 0.141858 0.080692 0.777450
18821 0.640470 0.317462 0.042068
18767 0.098342 0.834228 0.067430
809 0.190416 0.248304 0.561280
1269 0.020599 0.563059 0.416342
18643 0.959749 0.034178 0.006073
1239 0.791554 0.020677 0.187770
763 0.055572 0.299297 0.645130
1292 0.322134 0.255273 0.422593
19584 0.141201 0.243290 0.615509
19493 0.074274 0.279108 0.646618
1298 0.247212 0.466876 0.285911
19653 0.532686 0.445424 0.021890
19682 0.389655 0.054980 0.555365
1048 0.787386 0.033980 0.178633
19483 0.855444 0.137390 0.007167
1109 0.701285 0.018645 0.280070
19503 0.766725 0.135915 0.097360
1355 0.232409 0.083677 0.683914
1116 0.343790 0.015862 0.640347
19006 0.089662 0.510656 0.399682
1087 0.724088 0.015228 0.260684
18681 0.179816 0.561145 0.259039
19706 0.162869 0.602515 0.234616
11082 0.036793 0.567251 0.395956
1214 0.698730 0.031309 0.269960
1233 0.211726 0.239145 0.549129
18704 0.048455 0.114058 0.837487
5434 0.878420 0.064175 0.057405
5486 0.945338 0.023533 0.031128
14555 0.888536 0.045373 0.066090
19271 0.758181 0.017442 0.224377
2385 0.180403 0.346080 0.473517
11710 0.493795 0.090112 0.416094
2418 0.001510 0.884495 0.113995
2414 0.465884 0.117929 0.416187
1145 0.498310 0.164856 0.336834
19283 0.371283 0.262669 0.366048
14581 0.617674 0.105809 0.276516
11808 0.173490 0.124635 0.701875
2372 0.079944 0.008759 0.911296
1197 0.456034 0.424223 0.119744
1164 0.949045 0.017356 0.033599
1165 0.272403 0.359785 0.367812
1159 0.162019 0.104748 0.733233
11063 0.307132 0.454512 0.238357
19626 0.643764 0.256005 0.100232
19639 0.146131 0.314811 0.539058
19624 0.170482 0.636516 0.193002
2373 0.411524 0.553070 0.035406
1057 0.381598 0.547177 0.071225
1185 0.014811 0.791531 0.193659
1161 0.750686 0.061295 0.188018
14904 0.030365 0.760876 0.208759
2109 0.320011 0.216141 0.463848
11803 0.640792 0.092160 0.267048
1156 0.072278 0.778049 0.149673
13942 0.492403 0.216841 0.290755
222 0.068934 0.043138 0.887927
304 0.046722 0.651259 0.302019
19188 0.951055 0.037784 0.011161
228 0.335115 0.316050 0.348835
231 0.597210 0.310681 0.092109
11076 0.331579 0.270410 0.398011
11023 0.254499 0.383637 0.361864
19175 0.274172 0.252331 0.473497
19184 0.257863 0.363190 0.378947
2328 0.155616 0.233781 0.610603
2327 0.185109 0.268863 0.546028
11737 0.112031 0.521172 0.366797
212 0.166875 0.590897 0.242228
19179 0.290996 0.522244 0.186761
215 0.808927 0.103663 0.087410
208 0.412885 0.247654 0.339460
249 0.170349 0.531391 0.298259
2248 0.162001 0.837999 0.000000
13954 0.532974 0.197961 0.269065
175 0.558593 0.240732 0.200675
19231 0.064523 0.540413 0.395065
8331 0.030378 0.861869 0.107753
13772 0.762469 0.085606 0.151924
11031 0.030741 0.571023 0.398236
11771 0.071689 0.858832 0.069480
13771 0.324051 0.618506 0.057444
13769 0.125786 0.723412 0.150802
9632 0.183140 0.331293 0.485567
2088 0.351785 0.524261 0.123955
11079 0.029672 0.068479 0.901848
1759 0.749572 0.230500 0.019927
1499 0.147660 0.823640 0.028700
15065 0.008233 0.931477 0.060290
13528 0.129138 0.568903 0.301958
16067 0.771469 0.059304 0.169227
8292 0.452874 0.185597 0.361529
331 0.391512 0.303105 0.305384
145 0.268841 0.181268 0.549892
215 0.192477 0.178179 0.629344
223 0.040688 0.727459 0.231853
11909 0.113510 0.818021 0.068469
309 0.203741 0.662918 0.133341
9546 0.367254 0.612422 0.020324
9541 0.389738 0.536723 0.073539
290 0.000472 0.476909 0.522619
13757 0.425153 0.071135 0.503711
13760 0.557652 0.034691 0.407657
858 0.639753 0.348450 0.011797
13853 0.092591 0.463076 0.444333
9529 0.410539 0.565798 0.023662
11256 0.036353 0.813302 0.150346
11260 0.014567 0.854910 0.130523
18931 0.062912 0.564445 0.372643
14195 0.856200 0.138598 0.005202
45 0.075102 0.402667 0.522231
14097 0.269870 0.557514 0.172616
9128 0.080186 0.228773 0.691040
4600 0.179866 0.380067 0.440068
11058 0.337253 0.020264 0.642483
69 0.296855 0.508760 0.194386
74 0.172083 0.282929 0.544988
50 0.381900 0.388374 0.229726
65 0.158184 0.082775 0.759041
53 0.123940 0.434133 0.441927
11235 0.167121 0.400560 0.432319
18911 0.127059 0.483133 0.389808
84 0.155808 0.326517 0.517675
15813 0.143645 0.001185 0.855170
0 0.041073 0.902739 0.056188
15942 0.746867 0.146741 0.106393
11168 0.018834 0.817029 0.164137
15814 0.443186 0.469390 0.087424
37 0.108599 0.705515 0.185886
15812 0.145778 0.789817 0.064405
761 0.601899 0.032546 0.365555
5358 0.502389 0.157510 0.340100
4934 0.315779 0.550557 0.133664
5073 0.425619 0.464134 0.110247
328 0.240678 0.656838 0.102485
15374 0.346221 0.246247 0.407532
4298 0.323776 0.480187 0.196037
134 0.157258 0.809664 0.033078
15387 0.023971 0.259897 0.716131
15440 0.312509 0.379270 0.308222
19267 0.460217 0.120409 0.419374
14578 0.085081 0.813372 0.101546
11722 0.028713 0.508741 0.462545
14500 0.011298 0.762362 0.226340
8304 0.640365 0.268068 0.091568
11190 0.632700 0.264251 0.103048
13965 0.466470 0.367911 0.165619
19304 0.859793 0.046794 0.093413
149 0.017484 0.116361 0.866154
14677 0.268298 0.625903 0.105800
2144 0.235769 0.443058 0.321173
9564 0.570309 0.112261 0.317430
11923 0.171082 0.529250 0.299669
11913 0.366554 0.140289 0.493157
575 0.914907 0.010730 0.074364
19496 0.737790 0.086066 0.176144
19017 0.012252 0.085863 0.901885
11899 0.035772 0.138233 0.825995
19605 0.073205 0.251513 0.675282
11944 0.956221 0.030685 0.013094
741 0.216790 0.623513 0.159696
11934 0.289030 0.479889 0.231081
591 0.137037 0.133575 0.729388
11890 0.513840 0.354645 0.131514
361 0.198216 0.252944 0.548840
389 0.036162 0.507193 0.456645
407 0.020877 0.552724 0.426400
413 0.620763 0.215129 0.164108
11884 0.497853 0.321291 0.180856
378 0.590690 0.352578 0.056732
385 0.549261 0.115665 0.335073
638 0.380319 0.476913 0.142768
377 0.147304 0.453737 0.398960
11988 0.170527 0.219879 0.609594
11984 0.268017 0.617430 0.114553
11989 0.147081 0.549101 0.303818
16298 0.328619 0.343869 0.327511
11867 0.570423 0.117938 0.311639
12046 0.590097 0.320739 0.089164
12050 0.466848 0.292398 0.240754
12054 0.512864 0.180177 0.306958
4396 0.370413 0.316939 0.312649
11964 0.251832 0.343472 0.404696
11863 0.172469 0.341142 0.486389
613 0.679159 0.239806 0.081035
667 0.201819 0.509752 0.288429
644 0.611145 0.257602 0.131253
609 0.204961 0.434301 0.360738
617 0.638957 0.178955 0.182088
12034 0.058072 0.695970 0.245958
676 0.142587 0.597580 0.259833
679 0.098578 0.670962 0.230460
412 0.202381 0.364018 0.433601
12013 0.293873 0.272448 0.433679
16092 0.202776 0.673220 0.124004
12068 0.150946 0.562721 0.286334
11966 0.214052 0.201477 0.584471
11677 0.135337 0.007174 0.857490
11830 0.441055 0.102058 0.456887
620 0.017500 0.017781 0.964719
621 0.664742 0.077029 0.258229
11646 0.933949 0.065000 0.001051
523 0.318193 0.470885 0.210922
424 0.143839 0.842194 0.013968
12001 0.066026 0.048388 0.885585
2295 0.808641 0.085485 0.105874
629 0.650340 0.279077 0.070583
428 0.584956 0.334804 0.080240
624 0.219677 0.081178 0.699144
12022 0.021107 0.612879 0.366014
415 0.037770 0.083951 0.878279
11560 0.924398 0.056052 0.019551
349 0.113000 0.761345 0.125655
11654 0.004444 0.691064 0.304493
454 0.121739 0.603021 0.275240
11607 0.239050 0.217785 0.543165
11566 0.008534 0.081843 0.909623
11633 0.053402 0.055899 0.890699
366 0.824996 0.081384 0.093621
11681 0.365749 0.370404 0.263846
456 0.015757 0.336120 0.648123
451 0.683979 0.165571 0.150449
11662 0.018558 0.841313 0.140129
11660 0.695463 0.204340 0.100196
497 0.425876 0.530069 0.044056
11614 0.145158 0.087959 0.766883
460 0.103031 0.521991 0.374978
11585 0.190551 0.113876 0.695573
511 0.017927 0.172402 0.809671
11668 0.545107 0.041104 0.413789
11571 0.857541 0.102336 0.040123
443 0.857692 0.057274 0.085034
5307 0.359383 0.457667 0.182950
5306 0.156507 0.438711 0.404782
11758 0.154336 0.123758 0.721906
2319 0.017509 0.827292 0.155199
11778 0.194998 0.400990 0.404012
11774 0.461944 0.171865 0.366191
2309 0.889623 0.045408 0.064969
13955 0.273248 0.342884 0.383868
9617 0.559677 0.006202 0.434120
2252 0.360022 0.464165 0.175813
11775 0.134369 0.349817 0.515814
19287 0.279949 0.600665 0.119386
11823 0.239358 0.687276 0.073366
13941 0.078681 0.066588 0.854731
11815 0.272199 0.183908 0.543893
2274 0.017214 0.934384 0.048402
11816 0.867483 0.001296 0.131221
11811 0.026257 0.115896 0.857847
11798 0.587257 0.253355 0.159388
11194 0.325045 0.089636 0.585318
2398 0.151188 0.111212 0.737599
2394 0.356639 0.372438 0.270923
2390 0.019668 0.830760 0.149572
11717 0.252891 0.042386 0.704723
2401 0.480993 0.491818 0.027188
14576 0.564271 0.105989 0.329740
2075 0.651705 0.068162 0.280133
2079 0.507588 0.465153 0.027259
11743 0.695133 0.150896 0.153971
14661 0.278962 0.362788 0.358250
1479 0.080656 0.381691 0.537653
14895 0.162004 0.136334 0.701662
1995 0.706367 0.224688 0.068945
13591 0.224721 0.539903 0.235376
2145 0.018322 0.909767 0.071911
14678 0.226697 0.072365 0.700938
14634 0.064888 0.846586 0.088527
2116 0.235444 0.034465 0.730091
14623 0.224167 0.024025 0.751808
14306 0.156096 0.501120 0.342783
14333 0.298214 0.438645 0.263142
14666 0.200671 0.105713 0.693616
2126 0.139886 0.143502 0.716612
2146 0.543854 0.281999 0.174147
14670 0.120363 0.175364 0.704272
2194 0.025382 0.435629 0.538989
14773 0.002315 0.082445 0.915241
2074 0.046120 0.771666 0.182214
2070 0.040127 0.672080 0.287792
11699 0.038937 0.675726 0.285336
2084 0.030602 0.737242 0.232156
14785 0.773359 0.100280 0.126362
15213 0.171558 0.265484 0.562958
15226 0.146601 0.394714 0.458685
14612 0.783556 0.144207 0.072237
14609 0.365805 0.554338 0.079857
14582 0.644471 0.051754 0.303775
14729 0.725818 0.210477 0.063705
2192 0.094935 0.725599 0.179466
2215 0.588568 0.215093 0.196339
2537 0.886570 0.001584 0.111846
2158 0.043445 0.606338 0.350217
2154 0.042571 0.473351 0.484078
2066 0.051076 0.577108 0.371815
2189 0.086894 0.646169 0.266937
14815 0.008915 0.783433 0.207652
1643 0.211621 0.658704 0.129674
15350 0.273130 0.563115 0.163754
14751 0.682020 0.025351 0.292629
13796 0.358692 0.191669 0.449639
13652 0.651102 0.283322 0.065576
2179 0.647513 0.269314 0.083173
13790 0.353795 0.024189 0.622016
13794 0.295391 0.248462 0.456148
2728 0.238056 0.140906 0.621039
13597 0.137785 0.436042 0.426173
13607 0.101422 0.195581 0.702997
15100 0.023767 0.736333 0.239900
9481 0.072249 0.000000 0.927751
9467 0.063266 0.067887 0.868847
9471 0.325939 0.024668 0.649393
14787 0.209025 0.204173 0.586802
2635 0.077907 0.574473 0.347620
2638 0.981330 0.009684 0.008986
1512 0.075258 0.687294 0.237447
8583 0.028102 0.959242 0.012656
9497 0.566610 0.210563 0.222827
13700 0.395866 0.140907 0.463227
2406 0.387369 0.302940 0.309691
2174 0.435640 0.137189 0.427171
2178 0.373017 0.368489 0.258494
1399 0.870638 0.096388 0.032974
14740 0.592845 0.140567 0.266588
14706 0.005550 0.239690 0.754760
14702 0.620294 0.115174 0.264532
8546 0.951818 0.017231 0.030951
13746 0.583196 0.203538 0.213266
15144 0.447268 0.061006 0.491726
1704 0.752083 0.188292 0.059624
14687 0.047138 0.237598 0.715265
14698 0.031442 0.030960 0.937598
2589 0.495654 0.127216 0.377130
14546 0.295071 0.113017 0.591912
14371 0.417103 0.081521 0.501376
14367 0.281305 0.185116 0.533579
2724 0.727585 0.239891 0.032524
8523 0.922959 0.074615 0.002426
13740 0.210059 0.621146 0.168795
2649 0.866689 0.045667 0.087644
2730 0.175464 0.276175 0.548360
14348 0.619689 0.325734 0.054577
14719 0.009260 0.504681 0.486059
14295 0.005791 0.764295 0.229914
2558 0.094483 0.792526 0.112992
14519 0.765818 0.122920 0.111262
2574 0.453843 0.123542 0.422615
2705 0.027812 0.137482 0.834706
14379 0.109245 0.462004 0.428750
14445 0.065667 0.273228 0.661105
14472 0.215120 0.116662 0.668218
14468 0.245642 0.449349 0.305008
14457 0.338441 0.355736 0.305823
15173 0.264965 0.367970 0.367065
14308 0.084860 0.204577 0.710563
2456 0.548914 0.380875 0.070211
8526 0.843688 0.089118 0.067194
15171 0.579364 0.409370 0.011266
2424 0.146785 0.386236 0.466979
2363 0.716609 0.101384 0.182007
15351 0.780352 0.110330 0.109318
15233 0.900900 0.071083 0.028018
15237 0.634827 0.205537 0.159635
14530 0.663201 0.235748 0.101051
2543 0.507534 0.436601 0.055865
2425 0.588838 0.030781 0.380381
2472 0.023036 0.203675 0.773289
2409 0.285626 0.046750 0.667624
14667 0.154676 0.744450 0.100874
14325 0.117578 0.751606 0.130816
14320 0.179674 0.482325 0.338001
2480 0.793825 0.069135 0.137040
14317 0.632769 0.259771 0.107460
2451 0.563662 0.121554 0.314784
2427 0.425676 0.336405 0.237919
14538 0.331124 0.368971 0.299905
1453 0.354680 0.388797 0.256524
2555 0.028070 0.846716 0.125214
2453 0.478428 0.170554 0.351018
14522 0.681939 0.180859 0.137202
2422 0.484217 0.358809 0.156974
14498 0.550824 0.041430 0.407746
2551 0.088397 0.184436 0.727167
1547 0.149722 0.464515 0.385763
15239 0.135465 0.819839 0.044696
14511 0.479187 0.275475 0.245338
14486 0.194402 0.520706 0.284893
2435 0.564233 0.254334 0.181433
1618 0.317516 0.529825 0.152659
1578 0.403673 0.020618 0.575709
1561 0.073019 0.910182 0.016800
15223 0.040671 0.480786 0.478543
14442 0.012576 0.815005 0.172419
2502 0.481136 0.369251 0.149612
15095 0.694368 0.259038 0.046594
15179 0.111943 0.580651 0.307406
1595 0.220821 0.487347 0.291832
1433 0.030816 0.592325 0.376859
1603 0.103453 0.726102 0.170444
1607 0.216243 0.726738 0.057019
2499 0.563917 0.316704 0.119378
14439 0.895818 0.067169 0.037013
1582 0.237217 0.484641 0.278143
1588 0.098216 0.774641 0.127144
15305 0.834084 0.132577 0.033339
15120 0.662146 0.050893 0.286961
15116 0.064090 0.173951 0.761960
1559 0.134346 0.794844 0.070810
15201 0.393861 0.070134 0.536006
15346 0.456973 0.011346 0.531681
15119 0.079245 0.770513 0.150242
15115 0.184716 0.761881 0.053403
15126 0.423079 0.110371 0.466550
15140 0.218066 0.553968 0.227966
15106 0.096093 0.626363 0.277544
15156 0.782908 0.011973 0.205118
1664 0.032577 0.637949 0.329474
15154 0.258120 0.638584 0.103297
15345 0.134199 0.623928 0.241873
15335 0.397745 0.322105 0.280149
1670 0.415583 0.215108 0.369309
15231 0.138120 0.481139 0.380741
1416 0.340979 0.280567 0.378454
2532 0.027873 0.153109 0.819018
14448 0.676461 0.136215 0.187324
15197 0.883102 0.051423 0.065475
15247 0.308790 0.157773 0.533437
15194 0.167670 0.669624 0.162706
1655 0.041074 0.885781 0.073146
1419 0.386702 0.003529 0.609769
1406 0.248592 0.708831 0.042577
15252 0.731429 0.213853 0.054718
15254 0.556668 0.349810 0.093522
15276 0.799776 0.031087 0.169137
15231 0.653387 0.245799 0.100814
1410 0.269567 0.713305 0.017128
1405 0.338191 0.443098 0.218711
1385 0.151284 0.640394 0.208322
1384 0.000000 0.667042 0.332958
15289 0.121024 0.580238 0.298738
14745 0.838902 0.019096 0.142002
1533 0.199617 0.120808 0.679575
1537 0.169995 0.081502 0.748504
1541 0.101080 0.524505 0.374415
8550 0.956471 0.012021 0.031508
15262 0.618622 0.139638 0.241740
13612 0.080175 0.634254 0.285572
15270 0.038234 0.042333 0.919433
15274 0.241323 0.082013 0.676664
15278 0.738498 0.089783 0.171719
15284 0.186294 0.778092 0.035614
1745 0.146473 0.173521 0.680006
1883 0.233075 0.754786 0.012139
13356 0.798360 0.021239 0.180402
1739 0.350367 0.327287 0.322346
14890 0.630862 0.235620 0.133518
15070 0.144629 0.237127 0.618244
1986 0.781491 0.138968 0.079541
14848 0.227611 0.286836 0.485553
1803 0.500272 0.059974 0.439754
2038 0.386238 0.303678 0.310084
15046 0.645177 0.111118 0.243704
1917 0.620189 0.073679 0.306132
1925 0.554150 0.025836 0.420014
1926 0.238487 0.040814 0.720698
2033 0.067274 0.665751 0.266975
15054 0.292094 0.222250 0.485656
15035 0.234598 0.246248 0.519154
15031 0.000262 0.137670 0.862067
1973 0.812288 0.010618 0.177094
14838 0.397784 0.339311 0.262905
2058 0.260942 0.592103 0.146955
15082 0.063379 0.164819 0.771802
1486 0.059404 0.344967 0.595629
13391 0.600900 0.256858 0.142242
14880 0.434218 0.431685 0.134097
14855 0.156665 0.315781 0.527555
2034 0.047540 0.289438 0.663022
14822 0.212089 0.280870 0.507041
1726 0.239443 0.511920 0.248637
13552 0.379576 0.030313 0.590110
1735 0.137391 0.322760 0.539850
1762 0.307609 0.031460 0.660932
14273 0.348901 0.317320 0.333779
1941 0.002616 0.827491 0.169893
8310 0.793824 0.179207 0.026968
2049 0.474983 0.046089 0.478927
1977 0.061705 0.566033 0.372262
1916 0.056251 0.694145 0.249604
14959 0.746460 0.224017 0.029523
1924 0.100106 0.621642 0.278252
15004 0.373807 0.196471 0.429722
1778 0.159327 0.159726 0.680946
15017 0.193974 0.448520 0.357506
2001 0.130802 0.684520 0.184678
15024 0.232899 0.675807 0.091294
2059 0.563751 0.177238 0.259011
2055 0.077967 0.210867 0.711165
14980 0.277236 0.197945 0.524818
13666 0.056124 0.262152 0.681724
1770 0.751112 0.000000 0.248888
14979 0.651036 0.025316 0.323648
14974 0.663615 0.082804 0.253582
14971 0.544656 0.441461 0.013884
2005 0.059171 0.249743 0.691086
14997 0.150003 0.313182 0.536814
1799 0.354547 0.389876 0.255577
1766 0.736580 0.096511 0.166908
1782 0.220790 0.313100 0.466110
1996 0.119142 0.631399 0.249460
1891 0.189348 0.704276 0.106376
14957 0.075722 0.618185 0.306093
1788 0.101114 0.579974 0.318912
13582 0.106306 0.099527 0.794166
1806 0.409645 0.348186 0.242170
1863 0.162550 0.619641 0.217810
1859 0.069895 0.454579 0.475526
1855 0.233166 0.538437 0.228397
13559 0.391012 0.246202 0.362785
13584 0.149094 0.797941 0.052965
1877 0.204213 0.018626 0.777161
9183 0.010549 0.557847 0.431604
13326 0.682402 0.205967 0.111632
1805 0.080974 0.114703 0.804323
13592 0.209229 0.529170 0.261601
1849 0.211648 0.741201 0.047151
1823 0.167954 0.343364 0.488681
1819 0.394175 0.232920 0.372904
13436 0.658592 0.212398 0.129010
1876 0.179298 0.275234 0.545468
1873 0.447225 0.016857 0.535918
9179 0.145950 0.773424 0.080625
13329 0.876695 0.082813 0.040491
1831 0.008606 0.150939 0.840454
13435 0.245031 0.727456 0.027513
1851 0.205133 0.000000 0.794867
13437 0.313060 0.444115 0.242825
13430 0.289760 0.527421 0.182819
13336 0.253149 0.550213 0.196638
1834 0.322192 0.355009 0.322800
13378 0.337642 0.528072 0.134286
1837 0.655230 0.007051 0.337719
1840 0.435630 0.043564 0.520806
13385 0.073043 0.363844 0.563113
9210 0.146931 0.404404 0.448665
13369 0.218831 0.112100 0.669069
14117 0.024954 0.095243 0.879803
9122 0.513022 0.376003 0.110975
14088 0.242298 0.047347 0.710355
14093 0.177693 0.025065 0.797242
9545 0.503849 0.408562 0.087589
13835 0.215196 0.648145 0.136659
13847 0.178892 0.529475 0.291632
13843 0.212112 0.743116 0.044772
13839 0.216953 0.765614 0.017434
9474 0.054707 0.451271 0.494022
9477 0.109831 0.607493 0.282675
13798 0.213415 0.617238 0.169347
14150 0.326821 0.257792 0.415386
9088 0.150230 0.429467 0.420304
4479 0.560450 0.355126 0.084423
9142 0.943939 0.010943 0.045119
9146 0.763964 0.082670 0.153365
13271 0.146570 0.849140 0.004291
4760 0.261385 0.624533 0.114082
63 0.154834 0.093427 0.751739
9524 0.388036 0.445665 0.166298
9116 0.051064 0.937849 0.011088
13311 0.146657 0.315864 0.537480
8473 0.551855 0.270633 0.177512
9057 0.302574 0.646558 0.050868
9230 0.550076 0.262977 0.186947
18905 0.251919 0.569611 0.178470
9124 0.162159 0.208414 0.629426
9125 0.323011 0.605247 0.071742
14048 0.820566 0.120675 0.058759
18906 0.071493 0.074139 0.854368
14110 0.180467 0.006411 0.813122
14222 0.662408 0.301573 0.036019
14253 0.627534 0.249336 0.123131
14096 0.787176 0.116318 0.096505
14102 0.637288 0.064343 0.298369
14237 0.170767 0.160243 0.668990
14126 0.164934 0.440444 0.394622
14029 0.141472 0.031863 0.826665
9025 0.121758 0.650187 0.228055
9276 0.244230 0.643999 0.111771
14030 0.004146 0.674116 0.321738
8951 0.145900 0.685004 0.169096
14255 0.104274 0.327087 0.568639
14229 0.071051 0.201702 0.727247
9244 0.256694 0.374004 0.369302
14061 0.112771 0.385787 0.501442
14056 0.416321 0.150321 0.433358
14263 0.158389 0.817456 0.024156
9020 0.368258 0.148030 0.483713
14038 0.162466 0.812692 0.024843
14138 0.433374 0.147567 0.419059
14059 0.286494 0.200402 0.513104
8952 0.327769 0.143958 0.528273
14230 0.193818 0.801271 0.004911
14233 0.786969 0.123935 0.089095
14252 0.086664 0.129710 0.783626
14044 0.648212 0.061934 0.289853
8962 0.707993 0.205356 0.086651
14225 0.814633 0.131501 0.053866
14167 0.343164 0.197977 0.458858
8500 0.062577 0.395879 0.541544
14177 0.049964 0.162977 0.787058
13307 0.316467 0.100229 0.583305
8442 0.808193 0.101429 0.090378
9518 0.911373 0.041376 0.047251
9051 0.027464 0.086558 0.885978
9068 0.142733 0.776361 0.080906
8511 0.147212 0.101539 0.751250
9510 0.152480 0.834262 0.013258
14153 0.081549 0.815083 0.103368
9513 0.068851 0.098595 0.832554
9041 0.049087 0.877660 0.073253
8445 0.216718 0.637946 0.145336
9517 0.041853 0.896130 0.062018
13630 0.038412 0.602649 0.358939
13637 0.741049 0.085086 0.173865
13389 0.109219 0.356091 0.534689
8466 0.340601 0.497826 0.161572
8571 0.775540 0.075991 0.148469
8470 0.506717 0.281384 0.211899
13640 0.800430 0.164516 0.035054
9034 0.946027 0.049582 0.004390
8451 0.228201 0.008830 0.762969
9603 0.711867 0.199850 0.088283
13785 0.057243 0.524445 0.418312
14723 0.238850 0.217032 0.544118
9504 0.302665 0.014728 0.682607
9488 0.100519 0.228501 0.670981
14364 0.724415 0.149814 0.125772
9495 0.174073 0.153457 0.672471
8520 0.424181 0.369331 0.206488
1508 0.019767 0.639454 0.340779
14353 0.128807 0.810583 0.060609
14349 0.219062 0.701888 0.079051
9558 0.039923 0.828457 0.131620
9567 0.574104 0.309011 0.116885
13950 0.106587 0.550627 0.342786
11199 0.530027 0.112344 0.357629
13942 0.194254 0.123022 0.682724
13944 0.240455 0.684088 0.075457
11769 0.716971 0.200356 0.082673
14645 0.720381 0.086299 0.193320
14641 0.259791 0.230739 0.509471
8339 0.956745 0.024118 0.019137
14646 0.206111 0.243883 0.550006
2123 0.400085 0.255552 0.344363
9585 0.675014 0.294481 0.030505
13996 0.119813 0.649709 0.230479
9342 0.373006 0.403251 0.223743
9323 0.585023 0.188714 0.226263
9330 0.697866 0.137243 0.164891
13220 0.584853 0.325467 0.089680
9349 0.436415 0.302293 0.261292
13967 0.392738 0.078102 0.529160
9353 0.233218 0.710530 0.056252
13425 0.371819 0.251231 0.376950
13226 0.043836 0.940786 0.015378
9457 0.295627 0.161252 0.543120
13412 0.176371 0.353296 0.470333
9431 0.001002 0.068101 0.930896
13406 0.325165 0.587181 0.087654
9424 0.612982 0.178202 0.208816
9421 0.556895 0.337685 0.105421
8945 0.529576 0.134557 0.335867
9401 0.579089 0.235134 0.185778
9409 0.026323 0.880196 0.093481
9390 0.161796 0.812217 0.025987
13910 0.331619 0.552312 0.116069
9383 0.711505 0.192759 0.095736
13397 0.439414 0.316685 0.243902
9419 0.809402 0.144710 0.045888
13419 0.417719 0.057844 0.524437
9407 0.804895 0.148082 0.047023
9444 0.876755 0.037058 0.086187
13252 0.631753 0.311754 0.056493
9459 0.235788 0.161661 0.602551
13237 0.562952 0.003663 0.433385
9460 0.648656 0.006392 0.344952
9392 0.782488 0.192317 0.025195
9408 0.398806 0.311923 0.289271
8480 0.499701 0.213749 0.286550
13193 0.523227 0.022258 0.454516
13292 0.426121 0.368803 0.205075
9399 0.244187 0.570216 0.185596
8946 0.130400 0.500340 0.369260
13189 0.008364 0.914600 0.077036
8489 0.000000 0.150460 0.849540
8490 0.306116 0.242050 0.451835
13216 0.424303 0.417844 0.157853
8432 0.039627 0.078486 0.881888
19463 0.630195 0.032152 0.337653
19451 0.414773 0.525724 0.059503
19450 0.061275 0.510764 0.427961
8397 0.104745 0.494995 0.400260
1347 0.622599 0.357432 0.019969
1245 0.179490 0.437091 0.383418
11952 0.701085 0.295595 0.003320
13735 0.135608 0.608963 0.255429
1685 0.264975 0.021792 0.713233
15108 0.548333 0.101756 0.349911
1693 0.201242 0.793168 0.005590
14356 0.404855 0.476631 0.118514
14360 0.113939 0.710751 0.175310
8532 0.710075 0.258259 0.031666
8534 0.136508 0.367920 0.495572
13719 0.432830 0.513269 0.053901
13611 0.027795 0.518002 0.454203
11090 0.252935 0.629405 0.117660
8542 0.093696 0.792478 0.113826
11088 0.154797 0.247513 0.597690
8535 0.098805 0.647353 0.253842
8522 0.152763 0.772975 0.074261
8318 0.077119 0.021941 0.900940
14978 0.414472 0.374516 0.211012
1468 0.172728 0.712191 0.115082
11203 0.594488 0.290521 0.114991
8340 0.130059 0.390233 0.479708
8342 0.604060 0.009680 0.386260
2231 0.380532 0.383705 0.235763
13693 0.020834 0.242003 0.737163
13461 0.275647 0.277594 0.446759
13460 0.411117 0.487709 0.101174
13661 0.060184 0.624076 0.315741
8344 0.537398 0.379186 0.083416
4156 0.058144 0.347776 0.594080
15987 0.337517 0.035175 0.627307
13460 0.068164 0.893535 0.038301
13460 0.133829 0.579154 0.287017
8286 0.641759 0.141510 0.216731
8286 0.176528 0.085424 0.738048
13460 0.194309 0.405762 0.399929
8286 0.892363 0.050261 0.057376
13460 0.508670 0.137137 0.354193
12701 0.429365 0.132154 0.438481
8763 0.857548 0.003046 0.139406
13076 0.026918 0.466082 0.507000
6851 0.064578 0.894640 0.040783
8350 0.028852 0.065892 0.905256
8365 0.431026 0.461030 0.107944
18164 0.802900 0.150360 0.046741
8612 0.290463 0.673682 0.035855
12657 0.360456 0.526838 0.112706
10525 0.032457 0.357796 0.609747
10712 0.222926 0.284551 0.492523
10744 0.439837 0.081762 0.478401
6830 0.000000 0.256868 0.743132
6833 0.381840 0.512842 0.105318
17684 0.082844 0.172260 0.744897
18562 0.269146 0.521558 0.209296
10833 0.276637 0.061593 0.661770
6294 0.641172 0.068549 0.290279
10818 0.497722 0.133714 0.368564
12222 0.275610 0.026510 0.697879
12233 0.344083 0.168369 0.487548
12182 0.091392 0.486762 0.421847
17574 0.887344 0.007762 0.104894
18575 0.049085 0.457216 0.493699
2821 0.296772 0.180729 0.522499
10011 0.286648 0.006208 0.707144
18119 0.095485 0.388709 0.515806
6842 0.340577 0.501980 0.157444
10069 0.162092 0.273213 0.564695
17605 0.432860 0.093175 0.473965
10111 0.514883 0.421999 0.063118
17173 0.101426 0.856554 0.042020
8172 0.417612 0.271116 0.311272
7943 0.709845 0.045628 0.244528
12326 0.723663 0.082788 0.193549
6708 0.083958 0.443011 0.473031
17737 0.496122 0.207648 0.296230
17941 0.981588 0.005481 0.012930
