17984 0.520630 0.079852 0.399518
17983 0.138011 0.453982 0.408007
24067 0.267320 0.102427 0.630253
24063 0.417490 0.370499 0.212011
3253 0.221785 0.617883 0.160332
12429 0.356854 0.162930 0.480216
747 0.320828 0.484358 0.194815
21129 0.260317 0.004142 0.735541
24143 0.122190 0.513426 0.364384
11818 0.216222 0.300153 0.483625
19384 0.130615 0.548977 0.320408
21105 0.332410 0.272233 0.395357
12835 0.067477 0.828600 0.103923
11802 0.104389 0.492724 0.402888
19340 0.492833 0.158990 0.348178
20107 0.452774 0.008361 0.538864
13886 0.723617 0.063377 0.213005
210 0.209768 0.439684 0.350548
19538 0.522795 0.347788 0.129418
1398 0.154991 0.016853 0.828156
11996 0.256574 0.173958 0.569468
746 0.522845 0.042374 0.434781
16349 0.197045 0.241823 0.561132
12448 0.132688 0.486890 0.380422
13785 0.858514 0.000193 0.141294
13788 0.235029 0.359650 0.405320
15916 0.257257 0.565273 0.177470
19253 0.027597 0.431541 0.540863
10096 0.255736 0.572006 0.172258
19570 0.422235 0.482342 0.095424
3461 0.000000 0.468257 0.531743
20667 0.091447 0.764059 0.144494
20748 0.300348 0.012795 0.686857
20855 0.051230 0.164203 0.784566
20856 0.570693 0.352067 0.077240
19099 0.478275 0.279347 0.242378
19092 0.093720 0.499649 0.406631
23485 0.522757 0.069441 0.407802
8809 0.046787 0.289602 0.663611
12449 0.367375 0.303714 0.328911
15925 0.970237 0.010678 0.019085
13790 0.053778 0.397743 0.548479
15906 0.006191 0.475668 0.518141
19224 0.017716 0.598470 0.383814
2895 0.199098 0.281190 0.519712
2887 0.288144 0.375402 0.336455
18185 0.727350 0.015578 0.257073
20668 0.022174 0.894221 0.083605
2338 0.163390 0.167207 0.669402
11917 0.050518 0.026269 0.923213
20806 0.741256 0.023170 0.235575
754 0.446287 0.035596 0.518116
12130 0.032258 0.417183 0.550560
3244 0.011186 0.162040 0.826773
3293 0.010637 0.063110 0.926253
3269 0.358727 0.045080 0.596193
337 0.197579 0.634836 0.167585
23977 0.443777 0.154927 0.401296
18305 0.114625 0.534197 0.351178
18317 0.136768 0.097558 0.765674
24186 0.106363 0.449293 0.444344
21174 0.116556 0.446681 0.436764
11794 0.654516 0.161552 0.183932
367 0.216351 0.277066 0.506583
232 0.059153 0.783557 0.157291
21194 0.254490 0.392395 0.353115
19064 0.371382 0.571872 0.056745
11440 0.084081 0.144579 0.771340
176 0.303988 0.412499 0.283513
23505 0.804161 0.112133 0.083707
169 0.200448 0.448238 0.351314
94 0.345405 0.245577 0.409018
23493 0.150211 0.145780 0.704009
2670 0.917120 0.007419 0.075461
15396 0.132366 0.737280 0.130354
19111 0.472616 0.420649 0.106735
641 0.611859 0.129175 0.258966
10771 0.011984 0.750007 0.238008
10737 0.191194 0.744936 0.063870
11395 0.265412 0.278046 0.456542
12202 0.304478 0.181479 0.514043
19781 0.174913 0.129757 0.695330
12228 0.472804 0.274612 0.252584
19838 0.342689 0.303130 0.354181
2570 0.215817 0.059197 0.724986
2106 0.639426 0.245900 0.114674
2111 0.242662 0.399023 0.358315
18632 0.741467 0.089248 0.169285
2604 0.697168 0.207365 0.095467
20885 0.095183 0.463779 0.441038
8771 0.313320 0.542165 0.144515
12197 0.251895 0.010900 0.737206
8760 0.415779 0.554777 0.029444
19784 0.074799 0.798805 0.126396
1795 0.763509 0.139449 0.097042
18825 0.328999 0.231745 0.439256
18693 0.783178 0.213365 0.003457
18694 0.175731 0.770585 0.053684
12227 0.054043 0.788304 0.157653
18818 0.060837 0.527300 0.411863
18823 0.112485 0.217819 0.669696
18749 0.013433 0.844138 0.142429
18748 0.649423 0.233916 0.116661
1777 0.258282 0.669907 0.071811
2601 0.005568 0.875813 0.118620
19840 0.059011 0.861786 0.079204
2088 0.338722 0.478528 0.182750
18826 0.407390 0.106865 0.485745
2112 0.189610 0.802297 0.008093
2600 0.259529 0.191266 0.549206
20882 0.121256 0.131931 0.746813
19734 0.102017 0.531430 0.366553
11393 0.109577 0.086651 0.803772
20577 0.453127 0.543576 0.003298
24023 0.160776 0.592953 0.246271
24011 0.635377 0.332198 0.032425
23999 0.661751 0.176936 0.161313
11426 0.636006 0.041208 0.322786
20331 0.021642 0.125945 0.852412
24034 0.058857 0.833046 0.108096
24042 0.255958 0.409408 0.334634
23983 0.236324 0.154886 0.608790
23507 0.041700 0.822127 0.136173
12152 0.369708 0.462385 0.167907
24082 0.160421 0.820097 0.019482
24045 0.363364 0.300793 0.335843
24036 0.026185 0.862819 0.110996
20096 0.391563 0.168474 0.439963
12172 0.006500 0.847754 0.145746
12156 0.107831 0.711840 0.180328
12159 0.792832 0.142885 0.064283
17947 0.199085 0.153783 0.647131
20152 0.494625 0.192804 0.312571
12133 0.642714 0.221638 0.135648
92 0.508827 0.304931 0.186242
20092 0.341120 0.323406 0.335474
12131 0.179984 0.581431 0.238585
20126 0.632851 0.009869 0.357280
20155 0.490651 0.160593 0.348756
1978 0.359145 0.309871 0.330984
2620 0.733208 0.047219 0.219573
18455 0.726712 0.165140 0.108148
1771 0.275588 0.702490 0.021921
20738 0.261759 0.702530 0.035711
23513 0.244300 0.458460 0.297240
23341 0.957111 0.032233 0.010656
20693 0.103678 0.635556 0.260766
18813 0.216908 0.689503 0.093590
1786 0.021489 0.823811 0.154700
18791 0.276118 0.662091 0.061791
17655 0.178152 0.541455 0.280393
18793 0.289540 0.226552 0.483907
1789 0.777247 0.130335 0.092419
2110 0.258854 0.080059 0.661087
1793 0.198757 0.758191 0.043051
1808 0.148341 0.195956 0.655703
23353 0.878919 0.056473 0.064608
23355 0.763919 0.120364 0.115717
296 0.629150 0.002534 0.368316
305 0.076496 0.770428 0.153076
24001 0.556762 0.292071 0.151166
342 0.379251 0.493416 0.127334
307 0.468182 0.385801 0.146017
23988 0.346029 0.535018 0.118953
20339 0.504511 0.179141 0.316347
3096 0.674714 0.291885 0.033400
3099 0.439189 0.430431 0.130380
330 0.874909 0.125091 0.000000
23995 0.716049 0.066818 0.217133
18769 0.086271 0.283299 0.630430
18751 0.595230 0.160957 0.243813
2124 0.560352 0.026796 0.412852
19764 0.218674 0.752550 0.028776
2170 0.422973 0.499598 0.077429
12178 0.134177 0.225680 0.640143
17542 0.547580 0.044093 0.408328
17582 0.245765 0.558856 0.195380
8221 0.376143 0.025228 0.598629
8218 0.587086 0.138438 0.274476
10976 0.410668 0.438788 0.150543
19771 0.321001 0.225015 0.453984
2102 0.222535 0.005338 0.772127
18776 0.115108 0.186740 0.698151
17497 0.099826 0.804392 0.095781
17528 0.017419 0.815826 0.166756
1825 0.008673 0.656909 0.334419
2098 0.454006 0.023129 0.522865
18773 0.536471 0.035222 0.428307
20683 0.685302 0.048048 0.266650
2625 0.170249 0.649060 0.180691
2631 0.292403 0.291720 0.415877
8772 0.087952 0.818239 0.093809
18731 0.778621 0.022701 0.198678
1831 0.105691 0.699110 0.195199
8749 0.705664 0.057992 0.236344
18739 0.288778 0.299255 0.411967
18736 0.059128 0.259488 0.681385
8756 0.090369 0.571396 0.338235
697 0.213788 0.104810 0.681402
708 0.772011 0.000000 0.227989
18728 0.585401 0.360242 0.054357
18718 0.181269 0.169318 0.649413
20878 0.415315 0.310683 0.274003
23354 0.316578 0.147569 0.535853
111 0.249515 0.152425 0.598060
18723 0.510320 0.284126 0.205555
1811 0.037109 0.022157 0.940734
20876 0.637711 0.147823 0.214466
71 0.127618 0.701109 0.171273
23527 0.364419 0.206693 0.428888
23524 0.515559 0.368232 0.116209
20171 0.479188 0.255431 0.265381
20169 0.465194 0.259074 0.275732
317 0.183078 0.602808 0.214114
318 0.605083 0.087767 0.307150
18303 0.173597 0.594416 0.231987
3094 0.009258 0.518738 0.472004
3092 0.592243 0.321116 0.086641
21327 0.125004 0.721935 0.153062
218 0.548576 0.385717 0.065707
11822 0.525302 0.131491 0.343206
24194 0.319022 0.368284 0.312693
24180 0.471572 0.185540 0.342888
18265 0.220388 0.292906 0.486706
18311 0.070803 0.765328 0.163869
21324 0.103623 0.049175 0.847202
197 0.618943 0.312605 0.068452
19708 0.103782 0.758132 0.138085
11624 0.214150 0.036994 0.748856
11616 0.202081 0.319855 0.478065
18307 0.071618 0.495085 0.433296
3089 0.140338 0.068032 0.791631
346 0.513718 0.454926 0.031357
24108 0.045931 0.327942 0.626127
19715 0.383865 0.567290 0.048845
2848 0.419234 0.548986 0.031780
19703 0.681040 0.230146 0.088813
3013 0.288819 0.242903 0.468278
19135 0.707991 0.149581 0.142429
19132 0.265871 0.382984 0.351146
18149 0.730593 0.157992 0.111414
3118 0.387567 0.169882 0.442551
385 0.176108 0.027382 0.796510
391 0.130253 0.207319 0.662427
21138 0.438731 0.496640 0.064629
24169 0.082210 0.167546 0.750245
21316 0.151781 0.688808 0.159411
21339 0.082527 0.201893 0.715580
12036 0.033508 0.893770 0.072722
11972 0.029324 0.654142 0.316534
18449 0.534981 0.353235 0.111785
18466 0.019673 0.782785 0.197543
18470 0.582024 0.042117 0.375859
20676 0.267926 0.609995 0.122079
20640 0.110070 0.816058 0.073871
2681 0.112973 0.556851 0.330176
675 0.042888 0.559469 0.397643
18643 0.578387 0.310724 0.110889
689 0.652999 0.125433 0.221567
23391 0.288070 0.381279 0.330651
14795 0.044693 0.545425 0.409882
14954 0.042911 0.063914 0.893175
14959 0.692518 0.069658 0.237825
14944 0.229163 0.111587 0.659249
17250 0.283041 0.540130 0.176828
12672 0.192377 0.505646 0.301977
12674 0.214127 0.646634 0.139238
14788 0.008327 0.941803 0.049870
12855 0.131824 0.868176 0.000000
14791 0.110672 0.442425 0.446903
13482 0.754542 0.027001 0.218457
13478 0.177085 0.188481 0.634433
17586 0.717524 0.083152 0.199325
20660 0.105443 0.414134 0.480423
1939 0.019323 0.312389 0.668288
18397 0.378802 0.224049 0.397149
18459 0.688028 0.108941 0.203031
2147 0.074373 0.107252 0.818375
18653 0.883875 0.051420 0.064705
2165 0.574529 0.152446 0.273025
13499 0.133530 0.415743 0.450728
16028 0.238276 0.621707 0.140017
13517 0.108730 0.099184 0.792086
12376 0.631405 0.231193 0.137402
16031 0.149793 0.361196 0.489012
16018 0.229801 0.217480 0.552719
16053 0.027565 0.069122 0.903314
15748 0.057758 0.608169 0.334073
16037 0.433168 0.293425 0.273407
16036 0.776767 0.063709 0.159524
16094 0.199732 0.198293 0.601974
13513 0.849517 0.081351 0.069132
13520 0.768409 0.223287 0.008304
21217 0.102471 0.423482 0.474047
21207 0.128763 0.106932 0.764306
13427 0.716798 0.025773 0.257428
16055 0.189531 0.567806 0.242663
13449 0.349542 0.125392 0.525066
16039 0.023122 0.574858 0.402020
13440 0.470819 0.484770 0.044411
12319 0.174562 0.509737 0.315701
12473 0.683261 0.297818 0.018921
12476 0.719536 0.238750 0.041714
12458 0.502920 0.262631 0.234449
12460 0.648107 0.054641 0.297252
12499 0.245778 0.069286 0.684936
12501 0.141397 0.725522 0.133081
21230 0.412181 0.534110 0.053709
21247 0.011641 0.246830 0.741529
21245 0.036446 0.127208 0.836346
20034 0.124372 0.228148 0.647480
12324 0.071916 0.500282 0.427802
12480 0.046578 0.239889 0.713533
12470 0.568247 0.221136 0.210617
20058 0.377483 0.602669 0.019848
12483 0.004470 0.048286 0.947245
12502 0.012392 0.916959 0.070649
12291 0.541842 0.451042 0.007115
21249 0.269034 0.034313 0.696653
12310 0.066794 0.060858 0.872348
17819 0.056671 0.877455 0.065874
8021 0.388332 0.504048 0.107620
17861 0.628585 0.262620 0.108795
17551 0.317942 0.543779 0.138279
8054 0.137353 0.068246 0.794401
8207 0.107982 0.352540 0.539478
17540 0.027640 0.705870 0.266490
8103 0.656406 0.117262 0.226332
17900 0.005589 0.883852 0.110560
8106 0.161058 0.800047 0.038895
14924 0.013588 0.196654 0.789758
14929 0.712336 0.158436 0.129228
13219 0.530208 0.461781 0.008011
13221 0.414129 0.287573 0.298298
17301 0.119197 0.462895 0.417908
12526 0.108354 0.247105 0.644541
15153 0.242792 0.018418 0.738790
12716 0.519273 0.360316 0.120411
12651 0.067841 0.870195 0.061964
14995 0.219768 0.641110 0.139122
2996 0.070075 0.339549 0.590376
11633 0.334338 0.560991 0.104671
21431 0.000871 0.666452 0.332677
11628 0.159783 0.570764 0.269452
21461 0.536611 0.162521 0.300869
694 0.149428 0.754376 0.096196
23401 0.637445 0.068687 0.293868
21473 0.560720 0.269769 0.169511
722 0.772585 0.029054 0.198361
729 0.288765 0.484758 0.226476
23675 0.073736 0.492761 0.433503
13821 0.274067 0.195882 0.530050
11260 0.156140 0.525645 0.318215
11264 0.189386 0.779362 0.031251
19660 0.099755 0.065370 0.834875
2993 0.295657 0.492012 0.212330
1756 0.157854 0.631346 0.210799
19725 0.705781 0.258559 0.035660
2992 0.912568 0.062143 0.025288
17996 0.361386 0.048836 0.589778
17998 0.661395 0.213691 0.124913
21361 0.776077 0.024939 0.198984
387 0.095961 0.339156 0.564882
390 0.196685 0.500334 0.302981
21069 0.758340 0.047907 0.193752
2196 0.550079 0.087618 0.362302
2194 0.141689 0.600031 0.258280
2180 0.201766 0.646398 0.151835
2178 0.529714 0.215597 0.254689
2239 0.523066 0.416589 0.060346
2253 0.536645 0.120445 0.342911
20972 0.210349 0.041242 0.748409
21034 0.116971 0.389894 0.493135
2552 0.420376 0.378823 0.200801
21055 0.018147 0.873915 0.107938
19921 0.037528 0.392247 0.570224
19829 0.038059 0.100342 0.861599
12246 0.050126 0.501661 0.448214
12203 0.100381 0.681046 0.218573
19783 0.102946 0.763252 0.133802
19924 0.432793 0.222870 0.344338
19793 0.124523 0.730879 0.144597
19780 0.654332 0.331004 0.014664
12260 0.546815 0.396842 0.056343
19843 0.192213 0.197346 0.610441
12182 0.412113 0.441405 0.146482
1928 0.659759 0.328693 0.011548
11023 0.166627 0.675552 0.157821
19855 0.091762 0.076409 0.831829
19863 0.037256 0.229719 0.733025
18383 0.047109 0.442629 0.510262
19856 0.189912 0.135183 0.674906
18404 0.075705 0.690448 0.233847
12193 0.041510 0.842709 0.115782
11036 0.241705 0.149029 0.609266
19931 0.294926 0.433796 0.271278
1856 0.504578 0.169645 0.325777
18517 0.045216 0.113723 0.841061
18430 0.253003 0.224510 0.522487
12270 0.790182 0.047345 0.162472
11597 0.528366 0.329787 0.141848
11556 0.662190 0.234232 0.103579
19822 0.411102 0.090502 0.498396
12265 0.127451 0.561504 0.311045
12259 0.499068 0.383804 0.117128
12275 0.563408 0.235365 0.201227
19903 0.230926 0.116377 0.652697
11044 0.217879 0.670742 0.111379
19886 0.426581 0.235841 0.337577
20183 0.031637 0.462096 0.506267
19939 0.074032 0.565523 0.360446
20069 0.157131 0.162669 0.680200
19895 0.640103 0.160066 0.199831
19927 0.227175 0.098838 0.673986
12257 0.054645 0.661447 0.283908
12238 0.124175 0.670944 0.204881
19832 0.498551 0.407634 0.093815
2212 0.822000 0.095797 0.082203
12277 0.322144 0.115026 0.562830
18551 0.327379 0.142382 0.530238
2174 0.374900 0.577240 0.047861
19733 0.271314 0.092103 0.636583
20940 0.309770 0.603853 0.086377
18569 0.025735 0.153709 0.820556
15046 0.343117 0.319452 0.337431
20996 0.365741 0.056239 0.578020
2265 0.103384 0.323676 0.572940
2543 0.280636 0.069830 0.649534
2206 0.330576 0.092214 0.577209
1866 0.063277 0.701274 0.235449
18414 0.027714 0.708879 0.263406
19279 0.159683 0.535314 0.305003
20310 0.015100 0.297538 0.687362
1886 0.517982 0.202387 0.279631
15053 0.174589 0.216068 0.609343
2505 0.286287 0.586325 0.127388
2493 0.583038 0.203061 0.213901
2218 0.948884 0.021877 0.029239
2461 0.404536 0.403668 0.191796
18597 0.238283 0.609690 0.152026
2528 0.048402 0.562745 0.388853
20945 0.105476 0.601473 0.293051
20569 0.204683 0.166203 0.629115
20574 0.653785 0.272912 0.073304
15054 0.497821 0.231190 0.270989
20299 0.422689 0.049404 0.527907
2491 0.214989 0.239085 0.545926
21005 0.284105 0.374649 0.341246
18546 0.243604 0.097957 0.658440
18573 0.224022 0.720415 0.055563
20869 0.444078 0.545656 0.010266
20971 0.288363 0.289998 0.421639
10720 0.162892 0.474953 0.362155
20576 0.408256 0.049902 0.541842
12909 0.300064 0.501192 0.198744
11410 0.199119 0.738031 0.062850
12871 0.098397 0.521113 0.380490
2201 0.343316 0.333115 0.323568
11051 0.785957 0.111820 0.102223
812 0.142240 0.518193 0.339567
852 0.522916 0.044281 0.432803
13708 0.259076 0.384534 0.356390
19345 0.663517 0.111346 0.225138
8809 0.605933 0.324579 0.069488
12437 0.427821 0.534501 0.037677
15922 0.424931 0.081825 0.493243
13802 0.061372 0.614723 0.323904
13804 0.554851 0.269837 0.175312
19243 0.228792 0.006732 0.764476
2893 0.348694 0.295645 0.355661
2889 0.000000 0.851797 0.148203
3422 0.749753 0.186987 0.063260
2330 0.580725 0.390096 0.029179
2314 0.351131 0.034971 0.613898
20850 0.271118 0.296369 0.432513
20832 0.459301 0.000990 0.539709
19228 0.462451 0.293891 0.243658
19230 0.683793 0.229465 0.086742
15941 0.002150 0.164088 0.833762
13776 0.005755 0.007488 0.986757
15900 0.417391 0.407793 0.174816
19252 0.589712 0.021506 0.388782
19575 0.419600 0.236319 0.344081
3037 0.033232 0.461914 0.504853
18326 0.121255 0.543385 0.335361
20810 0.823326 0.047520 0.129154
2318 0.088876 0.197934 0.713190
20846 0.325695 0.214337 0.459967
11902 0.067022 0.273413 0.659565
18076 0.058430 0.294040 0.647530
183 0.898378 0.016198 0.085424
17032 0.074195 0.830435 0.095370
17030 0.743645 0.177235 0.079120
17112 0.129665 0.667620 0.202716
13166 0.821120 0.151502 0.027378
17089 0.491000 0.206691 0.302309
15570 0.044776 0.751739 0.203485
9922 0.226808 0.672624 0.100568
26848 0.165196 0.698911 0.135893
7585 0.341779 0.332599 0.325622
19628 0.484109 0.410943 0.104947
19150 0.584702 0.149494 0.265804
19143 0.518052 0.178505 0.303443
103 0.224347 0.272812 0.502841
11122 0.767103 0.225536 0.007362
721 0.817715 0.169169 0.013116
23484 0.111580 0.276047 0.612373
23486 0.251907 0.265304 0.482790
17065 0.353996 0.180153 0.465851
13076 0.004124 0.106591 0.889285
17069 0.940373 0.029528 0.030099
20479 0.552884 0.064735 0.382381
11112 0.351024 0.360453 0.288523
1965 0.290267 0.261322 0.448410
84 0.140910 0.263107 0.595983
163 0.233057 0.284684 0.482259
23495 0.085574 0.110493 0.803933
23378 0.678850 0.289836 0.031314
18081 0.294299 0.417200 0.288501
1966 0.647236 0.190564 0.162200
20857 0.621717 0.107011 0.271273
2860 0.255306 0.676029 0.068665
19590 0.365441 0.043622 0.590937
2880 0.115545 0.025079 0.859377
3459 0.059079 0.168758 0.772163
13860 0.000000 0.684443 0.315557
20815 0.378994 0.168766 0.452240
19267 0.498964 0.105317 0.395719
15945 0.312437 0.302861 0.384702
13764 0.358641 0.300689 0.340670
19227 0.336537 0.221861 0.441602
784 0.662361 0.255270 0.082369
15943 0.512582 0.434318 0.053100
20848 0.618898 0.070475 0.310627
10993 0.622358 0.206619 0.171023
130 0.091897 0.282032 0.626071
23472 0.632692 0.319359 0.047950
155 0.283186 0.687454 0.029360
2931 0.590412 0.081167 0.328421
23467 0.123916 0.312713 0.563372
153 0.679812 0.155243 0.164944
3003 0.540770 0.095759 0.363472
21298 0.488940 0.054781 0.456278
13676 0.301779 0.265151 0.433069
21148 0.761450 0.200817 0.037733
11786 0.098057 0.488950 0.412993
12371 0.662598 0.170248 0.167154
21295 0.392409 0.212584 0.395007
13668 0.679301 0.211853 0.108846
15971 0.101191 0.558878 0.339931
11791 0.367492 0.464650 0.167858
15954 0.556388 0.145725 0.297887
15956 0.583681 0.176128 0.240192
13806 0.403198 0.305759 0.291043
8124 0.252564 0.054894 0.692543
18913 0.019174 0.399314 0.581512
7578 0.420274 0.367924 0.211802
26324 0.716368 0.198258 0.085374
28448 0.133816 0.848062 0.018122
12394 0.669400 0.295219 0.035381
18899 0.221004 0.325045 0.453951
2925 0.087134 0.549756 0.363109
510 0.299698 0.056328 0.643974
586 0.232730 0.689700 0.077570
21255 0.040388 0.276309 0.683303
21222 0.175607 0.773985 0.050408
18893 0.755686 0.146579 0.097735
10796 0.149327 0.051027 0.799646
12063 0.651265 0.078107 0.270628
18933 0.487689 0.051843 0.460469
488 0.285663 0.221288 0.493049
13833 0.240148 0.495105 0.264746
840 0.367780 0.167308 0.464912
3261 0.646211 0.193494 0.160295
8794 0.234199 0.724556 0.041245
17694 0.460305 0.353132 0.186563
17232 0.454084 0.014540 0.531376
17239 0.129314 0.355434 0.515252
843 0.184126 0.451316 0.364558
18017 0.722350 0.205769 0.071881
21332 0.891558 0.069650 0.038793
12057 0.670201 0.261150 0.068648
24123 0.004430 0.036171 0.959400
12067 0.421185 0.394771 0.184044
274 0.213913 0.724987 0.061100
20281 0.286046 0.464452 0.249502
24118 0.482152 0.288451 0.229398
23832 0.376574 0.120276 0.503150
13955 0.036672 0.282156 0.681172
18492 0.045129 0.123321 0.831549
15092 0.821879 0.131475 0.046646
2222 0.207749 0.372169 0.420082
20716 0.229029 0.551958 0.219013
2186 0.630684 0.098364 0.270952
21006 0.348113 0.095184 0.556703
20710 0.204535 0.027193 0.768273
12919 0.206313 0.654332 0.139355
15097 0.343796 0.357903 0.298301
15052 0.255165 0.309718 0.435117
15098 0.005832 0.257767 0.736401
12911 0.075258 0.724357 0.200385
12872 0.021755 0.932605 0.045640
14998 0.068163 0.827988 0.103849
11402 0.032184 0.610721 0.357095
12938 0.363857 0.632184 0.003959
15003 0.038580 0.193325 0.768095
15004 0.011109 0.143045 0.845847
20861 0.270493 0.128962 0.600545
20965 0.752729 0.031120 0.216150
20963 0.157439 0.361960 0.480601
15063 0.333775 0.274586 0.391639
12771 0.096550 0.316284 0.587166
12769 0.268024 0.669916 0.062060
15067 0.327456 0.385127 0.287418
12928 0.159767 0.332691 0.507542
2453 0.092868 0.654536 0.252596
12775 0.051196 0.208974 0.739830
2535 0.193591 0.725994 0.080415
20874 0.841127 0.149962 0.008910
2537 0.440179 0.294424 0.265396
2465 0.617074 0.201948 0.180978
2466 0.645467 0.160354 0.194179
18598 0.356789 0.603396 0.039814
15045 0.492148 0.264643 0.243209
15044 0.397461 0.425130 0.177410
15076 0.841349 0.115377 0.043274
15077 0.390581 0.436240 0.173178
15009 0.509467 0.243975 0.246559
2571 0.041301 0.201647 0.757051
20968 0.349856 0.095972 0.554172
20967 0.065894 0.207590 0.726516
2583 0.744281 0.106159 0.149560
12767 0.554529 0.149335 0.296136
14763 0.395584 0.376062 0.228354
12770 0.606940 0.233097 0.159963
15070 0.825802 0.022239 0.151959
14455 0.396985 0.598478 0.004537
14463 0.120989 0.740110 0.138901
14477 0.446610 0.235609 0.317781
14460 0.044181 0.112449 0.843370
12783 0.509869 0.241030 0.249100
20564 0.648921 0.230816 0.120263
10716 0.120297 0.671914 0.207788
10727 0.500361 0.250027 0.249612
10764 0.177566 0.688155 0.134280
12950 0.285346 0.670304 0.044350
12908 0.571624 0.081374 0.347002
21008 0.115246 0.192213 0.692540
20964 0.403689 0.178383 0.417928
12772 0.695575 0.209743 0.094682
2466 0.284679 0.709037 0.006284
18593 0.200804 0.713058 0.086138
15074 0.442486 0.300476 0.257038
18598 0.704457 0.245658 0.049885
15075 0.740534 0.128020 0.131446
20553 0.012075 0.843619 0.144306
20552 0.047657 0.729497 0.222846
20552 0.010891 0.013139 0.975969
20410 0.013380 0.236072 0.750548
12781 0.247090 0.677839 0.075072
12780 0.162665 0.331387 0.505948
12779 0.172534 0.707281 0.120184
12790 0.410377 0.352331 0.237291
14458 0.137240 0.735986 0.126773
14462 0.419738 0.294927 0.285335
14465 0.297041 0.303238 0.399720
12787 0.710641 0.124227 0.165133
14459 0.375119 0.539645 0.085235
20409 0.356928 0.128638 0.514434
20561 0.215393 0.322933 0.461674
10742 0.012451 0.227398 0.760151
20560 0.232357 0.652476 0.115167
10763 0.252585 0.091536 0.655879
12951 0.344313 0.180219 0.475469
15093 0.331308 0.640548 0.028144
12917 0.157578 0.033946 0.808476
14947 0.832497 0.081353 0.086150
14796 0.312522 0.064119 0.623359
14933 0.598398 0.116823 0.284779
13286 0.786940 0.108248 0.104811
14975 0.141062 0.390984 0.467954
14815 0.005286 0.926711 0.068002
14806 0.148126 0.049915 0.801959
12961 0.747254 0.207695 0.045050
12633 0.113245 0.752418 0.134337
12645 0.373610 0.518896 0.107494
12603 0.025652 0.065137 0.909211
14875 0.267383 0.660727 0.071889
13244 0.477563 0.119743 0.402694
14980 0.123666 0.824001 0.052332
12549 0.027165 0.346627 0.626208
14810 0.450890 0.229467 0.319643
14808 0.529849 0.358295 0.111855
14938 0.219392 0.084158 0.696449
13258 0.060272 0.605482 0.334247
12638 0.132017 0.240911 0.627071
12605 0.810508 0.006005 0.183487
14879 0.145152 0.083472 0.771376
12589 0.098132 0.745962 0.155905
14841 0.751570 0.073374 0.175056
15131 0.176634 0.005968 0.817398
17462 0.031237 0.015172 0.953592
17465 0.288537 0.645619 0.065843
12613 0.021542 0.772056 0.206403
15124 0.778188 0.155124 0.066688
14894 0.361589 0.312836 0.325575
15116 0.182107 0.150458 0.667435
12582 0.257766 0.096831 0.645403
12718 0.165486 0.159402 0.675111
12896 0.696180 0.191223 0.112597
13376 0.160662 0.089630 0.749709
17460 0.339205 0.589114 0.071681
17466 0.023987 0.459384 0.516629
13388 0.176674 0.284599 0.538728
17373 0.174306 0.325172 0.500521
13276 0.966746 0.011953 0.021300
12532 0.433681 0.486275 0.080044
17449 0.812578 0.173653 0.013769
14896 0.825998 0.006308 0.167694
13213 0.641831 0.322140 0.036029
14931 0.783734 0.117353 0.098913
14893 0.290609 0.273529 0.435862
13209 0.734406 0.205885 0.059709
14892 0.615236 0.041772 0.342992
13241 0.118230 0.848532 0.033238
15021 0.114517 0.874052 0.011432
13023 0.630433 0.086735 0.282833
17464 0.159635 0.353529 0.486836
12965 0.100363 0.131322 0.768315
13242 0.486040 0.406839 0.107121
15127 0.398985 0.040617 0.560398
13017 0.876666 0.043189 0.080145
17372 0.520557 0.092795 0.386648
12978 0.502910 0.137407 0.359683
14845 0.201467 0.263520 0.535013
14846 0.654418 0.001902 0.343680
14872 0.353498 0.000000 0.646502
13032 0.750008 0.201810 0.048183
14964 0.102099 0.598839 0.299062
17423 0.935113 0.032851 0.032036
13043 0.280180 0.422843 0.296976
17421 0.125455 0.358852 0.515693
17313 0.183543 0.802692 0.013765
14824 0.734814 0.116835 0.148350
14860 0.054485 0.104332 0.841183
14862 0.137613 0.575213 0.287174
14862 0.172079 0.158525 0.669395
14857 0.131125 0.197834 0.671042
15207 0.236367 0.083237 0.680396
12585 0.304420 0.040801 0.654779
17453 0.770645 0.149806 0.079549
17447 0.558302 0.390287 0.051411
17378 0.789717 0.043462 0.166820
12986 0.225685 0.396837 0.377478
17369 0.885300 0.011599 0.103102
12721 0.000000 0.120898 0.879102
12691 0.144231 0.171208 0.684561
14831 0.135686 0.707543 0.156771
12690 0.301212 0.563677 0.135111
13034 0.789047 0.189034 0.021919
17426 0.093827 0.383612 0.522562
17431 0.341253 0.257385 0.401362
13026 0.307312 0.646586 0.046102
12703 0.364452 0.623240 0.012308
12723 0.006341 0.325849 0.667811
14855 0.200561 0.763144 0.036294
12725 0.232663 0.625970 0.141367
12726 0.391169 0.538726 0.070104
12572 0.304840 0.215184 0.479976
15209 0.393914 0.023815 0.582271
12573 0.466953 0.048320 0.484727
12594 0.233608 0.180976 0.585416
15161 0.816850 0.072372 0.110779
15185 0.157651 0.655617 0.186732
13209 0.009550 0.898894 0.091556
14900 0.410711 0.052462 0.536827
15020 0.212954 0.640616 0.146429
15207 0.637209 0.027013 0.335778
12579 0.092674 0.124748 0.782579
17454 0.687467 0.172756 0.139777
12585 0.661284 0.078674 0.260042
13049 0.881744 0.092926 0.025330
17332 0.133493 0.685066 0.181441
13364 0.458008 0.284031 0.257961
13365 0.149819 0.057655 0.792527
17307 0.038924 0.088018 0.873058
13330 0.283158 0.625183 0.091659
17441 0.048663 0.872210 0.079127
17277 0.284314 0.626819 0.088867
17360 0.170912 0.325962 0.503125
14827 0.118062 0.255010 0.626929
13041 0.096075 0.241085 0.662840
13040 0.154674 0.165362 0.679963
17471 0.051637 0.787951 0.160412
15143 0.333488 0.249185 0.417328
13332 0.028917 0.751850 0.219233
13363 0.108282 0.023523 0.868194
17316 0.277363 0.504657 0.217980
17330 0.576256 0.054589 0.369155
12574 0.002859 0.279712 0.717429
12576 0.369489 0.337836 0.292675
15186 0.895607 0.045871 0.058522
13057 0.329173 0.210673 0.460154
17321 0.328594 0.538751 0.132655
17314 0.419699 0.512869 0.067432
12444 0.816319 0.073233 0.110448
12446 0.068793 0.918015 0.013192
15924 0.407848 0.113346 0.478806
13800 0.802771 0.057640 0.139589
15929 0.243396 0.326980 0.429624
13844 0.571905 0.295518 0.132577
13842 0.729348 0.102214 0.168438
15909 0.516177 0.291551 0.192272
15898 0.309359 0.228352 0.462289
15903 0.055913 0.031687 0.912400
19167 0.756817 0.235174 0.008009
19087 0.498150 0.222041 0.279808
19085 0.067988 0.217753 0.714258
19276 0.563694 0.171033 0.265273
19236 0.420040 0.152830 0.427131
479 0.253777 0.050197 0.696026
459 0.114885 0.099349 0.785765
19265 0.722959 0.145356 0.131685
19183 0.374796 0.029126 0.596078
503 0.242603 0.662013 0.095384
20289 0.595379 0.189453 0.215169
20277 0.054993 0.385871 0.559135
247 0.528591 0.226764 0.244645
14742 0.063946 0.191681 0.744373
13918 0.042324 0.234508 0.723168
14745 0.406165 0.291993 0.301842
2750 0.027097 0.412160 0.560743
2827 0.264061 0.482815 0.253123
21351 0.834827 0.075236 0.089937
15655 0.066572 0.901207 0.032222
15652 0.351130 0.146624 0.502246
12020 0.257720 0.738050 0.004230
8392 0.212568 0.085503 0.701929
3147 0.464980 0.278596 0.256424
3154 0.137672 0.506949 0.355378
11512 0.511535 0.442796 0.045669
11508 0.115448 0.771451 0.113101
18861 0.009034 0.750033 0.240932
553 0.035187 0.213396 0.751417
558 0.000000 0.606783 0.393217
8291 0.128986 0.245011 0.626003
2004 0.236999 0.095260 0.667740
18065 0.867070 0.060204 0.072726
2034 0.107166 0.092706 0.800127
11540 0.697492 0.018444 0.284065
17186 0.512755 0.454444 0.032801
17724 0.268423 0.026822 0.704755
18858 0.235480 0.403392 0.361128
19017 0.780544 0.149613 0.069843
560 0.263034 0.443840 0.293126
17180 0.302248 0.333218 0.364534
8287 0.810762 0.035960 0.153278
18078 0.326730 0.300731 0.372539
2037 0.015413 0.114237 0.870350
15632 0.051474 0.458649 0.489877
15627 0.374718 0.560668 0.064614
10913 0.345399 0.474375 0.180226
18882 0.141165 0.347866 0.510969
532 0.201355 0.744322 0.054323
8331 0.400235 0.163876 0.435889
8275 0.626521 0.247525 0.125954
8352 0.034254 0.872799 0.092947
8264 0.135874 0.467366 0.396759
17155 0.618311 0.097332 0.284356
8247 0.411801 0.047921 0.540277
8270 0.601614 0.064667 0.333719
8378 0.565007 0.056051 0.378942
21421 0.461009 0.325440 0.213551
11212 0.398102 0.497680 0.104218
11169 0.579373 0.161887 0.258740
20247 0.653967 0.288701 0.057332
14755 0.256273 0.262968 0.480758
17806 0.329804 0.632534 0.037661
20270 0.218376 0.144754 0.636870
14696 0.492091 0.183105 0.324805
2756 0.018896 0.192422 0.788682
17776 0.063315 0.874325 0.062360
11240 0.178034 0.518478 0.303488
17800 0.258719 0.202213 0.539068
8256 0.457545 0.475562 0.066893
10750 0.157604 0.234538 0.607858
20254 0.408811 0.237869 0.353321
19554 0.312536 0.570652 0.116812
2975 0.154212 0.574099 0.271690
3055 0.108447 0.847196 0.044357
18133 0.630043 0.075161 0.294796
17759 0.621384 0.215178 0.163438
17762 0.761435 0.112573 0.125991
17728 0.698570 0.031575 0.269855
8367 0.571391 0.346945 0.081664
19595 0.162682 0.264673 0.572644
3016 0.663769 0.185666 0.150564
3015 0.173573 0.475728 0.350699
19601 0.262670 0.597335 0.139995
19602 0.259012 0.345206 0.395781
17748 0.043853 0.010495 0.945652
2050 0.120262 0.825243 0.054495
18131 0.055927 0.771730 0.172344
8424 0.280986 0.200251 0.518763
11531 0.760967 0.101004 0.138029
19543 0.546652 0.130734 0.322613
19600 0.024472 0.809626 0.165902
15442 0.221195 0.762796 0.016009
8463 0.649559 0.175795 0.174646
18058 0.302704 0.015362 0.681934
2053 0.035161 0.643059 0.321780
19526 0.322583 0.458664 0.218752
19508 0.009891 0.706257 0.283852
18064 0.045065 0.352650 0.602284
15658 0.155102 0.200367 0.644531
21408 0.601428 0.126919 0.271653
21412 0.027569 0.956869 0.015561
20611 0.143339 0.741941 0.114720
10776 0.491096 0.120957 0.387946
11548 0.604820 0.344090 0.051089
11541 0.330701 0.431230 0.238069
19196 0.370836 0.211070 0.418094
18908 0.079360 0.815738 0.104901
395 0.223293 0.036810 0.739897
23775 0.061232 0.713783 0.224985
23808 0.210898 0.780077 0.009026
11861 0.265262 0.004634 0.730104
20751 0.238266 0.735907 0.025827
20752 0.213098 0.368395 0.418507
11352 0.041139 0.653330 0.305531
14362 0.711997 0.109327 0.178676
13979 0.165868 0.286362 0.547770
10938 0.119188 0.555448 0.325365
20460 0.090912 0.284131 0.624957
19002 0.251710 0.079162 0.669127
23853 0.580880 0.260697 0.158423
1437 0.266020 0.277146 0.456834
1404 0.452609 0.255893 0.291498
23773 0.190498 0.098708 0.710794
23793 0.189720 0.266787 0.543493
20761 0.063682 0.573632 0.362686
10789 0.083553 0.279943 0.636504
11089 0.560809 0.039612 0.399579
12015 0.578811 0.014779 0.406410
21404 0.112936 0.553119 0.333945
11247 0.581858 0.299982 0.118160
11180 0.295516 0.421499 0.282984
18115 0.465459 0.328432 0.206109
17955 0.417861 0.226562 0.355577
18037 0.933415 0.063518 0.003067
3233 0.437202 0.151273 0.411525
3232 0.573384 0.386168 0.040448
3229 0.249484 0.480337 0.270179
18116 0.654680 0.012988 0.332332
3237 0.852007 0.136905 0.011089
15773 0.510720 0.284889 0.204391
2872 0.651890 0.152887 0.195224
18990 0.076794 0.904389 0.018817
3214 0.303599 0.332224 0.364177
18105 0.061820 0.193023 0.745157
3221 0.423189 0.426715 0.150095
13536 0.048872 0.783019 0.168110
15846 0.062789 0.311385 0.625826
15714 0.096412 0.288183 0.615405
21516 0.346130 0.264955 0.388915
21451 0.197989 0.540909 0.261102
13622 0.086839 0.017999 0.895162
15356 0.435179 0.458485 0.106337
15340 0.135505 0.795998 0.068497
13720 0.452894 0.313280 0.233826
15428 0.466743 0.350389 0.182868
18120 0.602971 0.144526 0.252503
3275 0.166531 0.285582 0.547886
15840 0.869636 0.125261 0.005103
3188 0.653615 0.146708 0.199677
3191 0.025592 0.322572 0.651836
21453 0.354009 0.141749 0.504242
15361 0.354171 0.166223 0.479605
2930 0.037428 0.147253 0.815319
18944 0.245168 0.717845 0.036986
3215 0.233182 0.712219 0.054599
18099 0.688240 0.189937 0.121823
15683 0.210823 0.638538 0.150638
13570 0.454098 0.341254 0.204648
14156 0.130144 0.838279 0.031577
13539 0.270358 0.686062 0.043580
15780 0.007079 0.638949 0.353973
15689 0.720089 0.106669 0.173241
13620 0.112220 0.303585 0.584196
15375 0.008108 0.735107 0.256785
15330 0.455699 0.245265 0.299036
13721 0.051895 0.162612 0.785493
15423 0.116264 0.645906 0.237829
15432 0.138981 0.209290 0.651728
20294 0.092525 0.515547 0.391928
10832 0.297385 0.330601 0.372014
17965 0.253438 0.227849 0.518713
17962 0.695380 0.143564 0.161056
21483 0.637346 0.187467 0.175186
13681 0.947951 0.003444 0.048606
15581 0.326821 0.470145 0.203033
8901 0.663684 0.153177 0.183138
8912 0.235519 0.218744 0.545737
8907 0.678048 0.156087 0.165865
17623 0.573679 0.296095 0.130226
17622 0.132204 0.762904 0.104892
16424 0.176670 0.697200 0.126130
10855 0.392247 0.360237 0.247516
17874 0.955556 0.015046 0.029398
8079 0.205395 0.439395 0.355210
11452 0.281578 0.370056 0.348367
20361 0.180848 0.785897 0.033255
20375 0.043896 0.434273 0.521831
15367 0.900042 0.011269 0.088688
11171 0.500624 0.058568 0.440808
19366 0.432528 0.079649 0.487823
14388 0.370566 0.603184 0.026250
14046 0.160450 0.484573 0.354977
14573 0.317473 0.026757 0.655770
14577 0.133599 0.179534 0.686867
14211 0.773988 0.135308 0.090704
17398 0.476644 0.335249 0.188107
17407 0.436326 0.457044 0.106630
13740 0.411286 0.079002 0.509712
13734 0.424847 0.358603 0.216550
17477 0.094571 0.688207 0.217222
17594 0.080043 0.431342 0.488614
23914 0.460156 0.090114 0.449731
11709 0.188038 0.736113 0.075849
20320 0.197708 0.363781 0.438512
1454 0.302486 0.005219 0.692295
1420 0.077300 0.254255 0.668445
23966 0.022019 0.658416 0.319565
15352 0.883270 0.068240 0.048491
1340 0.384276 0.039426 0.576298
23929 0.251962 0.600031 0.148007
8528 0.332217 0.646151 0.021632
12999 0.341559 0.332053 0.326388
23772 0.232735 0.059977 0.707288
1438 0.004502 0.475880 0.519617
1432 0.700350 0.265327 0.034323
546 0.244652 0.285265 0.470083
11138 0.545469 0.300063 0.154468
1445 0.205159 0.649491 0.145351
23843 0.714484 0.144798 0.140718
23855 0.160878 0.286242 0.552879
11931 0.261993 0.551091 0.186916
2941 0.103084 0.260636 0.636279
8835 0.548625 0.394751 0.056624
20432 0.444737 0.223978 0.331285
20436 0.561526 0.044805 0.393669
21379 0.220375 0.004706 0.774919
21395 0.244866 0.675330 0.079805
11878 0.326903 0.000790 0.672307
20779 0.571583 0.040693 0.387725
20797 0.764962 0.033988 0.201050
2765 0.000000 0.858303 0.141697
3368 0.000000 0.077304 0.922696
13074 0.242135 0.301838 0.456026
15268 0.205826 0.426678 0.367495
11297 0.181108 0.657155 0.161737
15220 0.657071 0.135358 0.207571
15226 0.661000 0.009176 0.329824
23776 0.319209 0.581751 0.099039
23843 0.286289 0.231421 0.482291
1431 0.749141 0.014498 0.236361
7118 0.232300 0.176262 0.591438
19453 0.230596 0.119873 0.649531
18948 0.454801 0.207895 0.337304
2767 0.835707 0.114475 0.049819
3373 0.674136 0.141345 0.184519
3358 0.358858 0.531888 0.109254
20757 0.047553 0.734629 0.217818
23776 0.511645 0.437453 0.050902
23843 0.148184 0.251268 0.600548
14349 0.371631 0.054690 0.573679
19475 0.118757 0.509734 0.371508
18233 0.201476 0.595797 0.202727
3408 0.254701 0.182837 0.562462
19483 0.462380 0.232924 0.304696
19481 0.062741 0.289654 0.647606
3393 0.107603 0.465329 0.427068
19402 0.310869 0.270219 0.418912
15230 0.376700 0.612771 0.010529
15232 0.022734 0.931744 0.045522
3382 0.370753 0.376562 0.252685
15227 0.547107 0.088349 0.364544
11332 0.083569 0.528685 0.387746
11370 0.037347 0.111565 0.851088
18233 0.596816 0.272788 0.130396
14320 0.465406 0.025767 0.508827
14317 0.311222 0.035343 0.653435
14352 0.518410 0.131858 0.349732
14021 0.338996 0.543482 0.117522
2779 0.000060 0.670327 0.329614
18219 0.102382 0.688440 0.209179
18208 0.305413 0.078565 0.616022
3352 0.195210 0.464129 0.340661
3376 0.141975 0.712613 0.145413
3355 0.129804 0.230081 0.640115
19408 0.173154 0.689096 0.137750
11363 0.197611 0.598236 0.204153
3354 0.923467 0.000000 0.076533
3392 0.186294 0.536572 0.277134
18885 0.353917 0.408967 0.237116
18831 0.533721 0.357455 0.108823
603 0.129951 0.233227 0.636822
604 0.179754 0.319609 0.500637
18842 0.336593 0.073002 0.590406
601 0.143834 0.494154 0.362013
19997 0.702577 0.292247 0.005175
20006 0.215373 0.348302 0.436325
20001 0.028928 0.665906 0.305167
12404 0.618550 0.315489 0.065961
18837 0.437811 0.382325 0.179864
18836 0.568551 0.198254 0.233195
615 0.670175 0.245901 0.083924
18841 0.389276 0.207724 0.403000
23757 0.743933 0.201001 0.055066
625 0.607697 0.278337 0.113967
603 0.246243 0.480852 0.272905
18854 0.077553 0.558706 0.363741
18830 0.137202 0.635746 0.227052
12408 0.071799 0.166146 0.762055
602 0.470125 0.436989 0.092885
19995 0.850591 0.016144 0.133266
19991 0.032273 0.069136 0.898591
20002 0.143918 0.315743 0.540339
18915 0.924891 0.023009 0.052101
20009 0.761906 0.181929 0.056165
18144 0.751158 0.181569 0.067273
23798 0.648491 0.258684 0.092824
23789 0.296448 0.385661 0.317891
15353 0.696754 0.189159 0.114087
1493 0.004462 0.400934 0.594605
12797 0.029985 0.839713 0.130302
3160 0.144673 0.726880 0.128447
1323 0.385298 0.100100 0.514603
12083 0.025393 0.087449 0.887158
12812 0.299075 0.467291 0.233634
11892 0.310411 0.172309 0.517280
11054 0.060425 0.053730 0.885845
11091 0.632443 0.078426 0.289131
11095 0.362242 0.191010 0.446747
8874 0.076217 0.888360 0.035423
23815 0.023127 0.068328 0.908544
16369 0.408410 0.497580 0.094010
16415 0.833671 0.012958 0.153371
8868 0.300542 0.451789 0.247669
17638 0.338364 0.205987 0.455650
8743 0.617046 0.224436 0.158518
17890 0.092764 0.110285 0.796951
8814 0.384025 0.570358 0.045617
8887 0.052208 0.059042 0.888751
14227 0.142131 0.185965 0.671904
8738 0.359498 0.563838 0.076665
8385 0.193758 0.600805 0.205437
8314 0.148067 0.707161 0.144773
17213 0.368899 0.630854 0.000247
11674 0.117566 0.042439 0.839995
21530 0.021527 0.328389 0.650084
14055 0.809215 0.174637 0.016147
17887 0.047458 0.146882 0.805660
17736 0.928907 0.010704 0.060389
8405 0.527124 0.140264 0.332612
14451 0.541243 0.164274 0.294483
18366 0.601646 0.042842 0.355512
14680 0.667785 0.064806 0.267409
14050 0.266825 0.107869 0.625306
12738 0.376191 0.275536 0.348272
17723 0.472418 0.468904 0.058678
18846 0.113044 0.359421 0.527535
616 0.671261 0.166916 0.161823
1486 0.052732 0.744061 0.203207
14118 0.216036 0.178237 0.605728
14133 0.690853 0.120375 0.188772
14987 0.052356 0.156603 0.791041
14184 0.121122 0.301797 0.577081
15888 0.657187 0.113710 0.229103
14170 0.431355 0.031603 0.537042
14256 0.657433 0.316504 0.026064
14306 0.401136 0.127440 0.471424
14288 0.180660 0.819340 0.000000
15807 0.432884 0.356580 0.210536
14627 0.357539 0.081503 0.560958
14544 0.194514 0.520808 0.284678
14620 0.283427 0.317977 0.398596
14199 0.313409 0.381012 0.305579
13991 0.154277 0.333376 0.512348
13982 0.181842 0.233526 0.584632
3341 0.189606 0.172842 0.637552
14040 0.478657 0.079202 0.442141
19468 0.536832 0.448828 0.014340
3479 0.248817 0.439576 0.311607
3476 0.010018 0.241620 0.748362
3333 0.137865 0.006906 0.855229
3404 0.583803 0.167593 0.248605
19440 0.000683 0.167362 0.831955
3315 0.836294 0.080835 0.082871
19434 0.391542 0.199455 0.409003
14364 0.204290 0.458597 0.337114
3300 0.714005 0.212157 0.073839
19433 0.385663 0.331434 0.282903
18229 0.428932 0.256179 0.314890
14033 0.302088 0.213442 0.484470
3471 0.171967 0.548881 0.279152
18244 0.605358 0.091994 0.302648
18240 0.441524 0.262447 0.296029
3489 0.135845 0.505945 0.358210
2743 0.134387 0.299836 0.565777
19401 0.052102 0.093987 0.853911
19396 0.037566 0.270619 0.691815
3386 0.402876 0.113314 0.483811
19397 0.474052 0.315963 0.209985
14363 0.318486 0.200342 0.481172
13980 0.191157 0.061581 0.747262
3301 0.071988 0.266378 0.661634
19427 0.636705 0.261560 0.101735
3305 0.030115 0.123665 0.846220
13980 0.197604 0.793467 0.008929
3300 0.389906 0.236501 0.373594
3314 0.333230 0.484271 0.182499
3326 0.164189 0.306076 0.529735
