11730 0.113440 0.260801 0.625759
21104 0.570431 0.291095 0.138474
15507 0.076427 0.215829 0.707744
24145 0.431228 0.417358 0.151414
11794 0.204668 0.754481 0.040851
24141 0.681030 0.180155 0.138815
24139 0.036354 0.001412 0.962234
366 0.413509 0.494816 0.091675
21364 0.311185 0.088027 0.600788
390 0.859043 0.032922 0.108036
23463 0.134174 0.745186 0.120639
2909 0.542937 0.288809 0.168255
17118 0.072333 0.031360 0.896307
17084 0.062076 0.878252 0.059673
3184 0.179515 0.757336 0.063149
18010 0.599396 0.199448 0.201156
18303 0.076549 0.064568 0.858883
3129 0.184334 0.632511 0.183155
18307 0.513899 0.342095 0.144006
3101 0.179352 0.489804 0.330843
23436 0.546275 0.147072 0.306653
23443 0.137764 0.280594 0.581643
11740 0.972096 0.012357 0.015547
24169 0.201151 0.602496 0.196353
21318 0.195957 0.121198 0.682845
21320 0.665414 0.108524 0.226063
21359 0.048781 0.515744 0.435475
23447 0.379576 0.455565 0.164860
13159 0.318860 0.110906 0.570234
24061 0.239748 0.356875 0.403376
24002 0.016495 0.976587 0.006917
10977 0.159172 0.679186 0.161642
17070 0.773701 0.106272 0.120027
814 0.182603 0.306010 0.511387
19381 0.560042 0.115094 0.324864
24176 0.070730 0.086304 0.842966
2721 0.214287 0.537684 0.248029
2643 0.395232 0.162304 0.442463
9894 0.038190 0.841350 0.120461
11646 0.560240 0.011566 0.428194
11662 0.154720 0.541156 0.304124
11785 0.750977 0.021694 0.227329
11756 0.257165 0.146999 0.595836
26313 0.020488 0.120808 0.858704
19341 0.317139 0.269337 0.413524
834 0.132429 0.357832 0.509739
18019 0.186148 0.646952 0.166900
3258 0.306404 0.685192 0.008404
13850 0.350612 0.049948 0.599439
19174 0.678147 0.016951 0.304902
7619 0.220420 0.002218 0.777362
19957 0.016754 0.146591 0.836654
12099 0.186839 0.071448 0.741713
20112 0.828043 0.112375 0.059582
283 0.911926 0.069450 0.018623
21340 0.566656 0.352486 0.080858
12049 0.356208 0.326951 0.316842
17690 0.631575 0.128525 0.239900
12392 0.423938 0.428978 0.147084
209 0.296528 0.441439 0.262032
212 0.217329 0.154328 0.628343
11191 0.609563 0.094848 0.295589
11231 0.395923 0.077079 0.526998
20275 0.192757 0.159521 0.647722
20283 0.666628 0.147604 0.185768
17234 0.356196 0.643633 0.000170
21288 0.423328 0.252705 0.323967
19332 0.745372 0.121185 0.133443
2961 0.033503 0.896891 0.069606
18050 0.173549 0.784197 0.042255
21382 0.334748 0.427117 0.238136
20444 0.762767 0.190023 0.047210
20613 0.189623 0.491868 0.318509
17237 0.035462 0.953063 0.011475
444 0.190964 0.641145 0.167891
2838 0.264748 0.483038 0.252214
17940 0.127949 0.104260 0.767791
14564 0.282606 0.220519 0.496875
11100 0.841256 0.127168 0.031576
10811 0.493647 0.203040 0.303313
10773 0.403972 0.595136 0.000891
2913 0.418065 0.156482 0.425452
15581 0.075882 0.115818 0.808300
8727 0.221029 0.417543 0.361428
8913 0.562087 0.394963 0.042950
8874 0.058737 0.049112 0.892150
10790 0.003717 0.516680 0.479603
20622 0.261338 0.400634 0.338028
19037 0.028477 0.334521 0.637002
26015 0.643958 0.023523 0.332518
8858 0.511265 0.072163 0.416572
5543 0.090122 0.015695 0.894182
13736 0.701138 0.008393 0.290469
17402 0.149305 0.352667 0.498028
20416 0.396011 0.528949 0.075040
1418 0.020958 0.486939 0.492103
10825 0.110607 0.669948 0.219446
15485 0.318389 0.163438 0.518173
-1 0.000000 0.000000 0.000000
8910 0.764452 0.036733 0.198814
23887 0.197476 0.505934 0.296590
20464 0.388043 0.307821 0.304136
20421 0.299509 0.115839 0.584652
11061 0.794577 0.192306 0.013117
404 0.727205 0.246082 0.026714
7628 0.117603 0.121973 0.760424
-1 0.000000 0.000000 0.000000
15603 0.074542 0.755362 0.170096
13734 0.372000 0.234306 0.393693
12807 0.012997 0.327827 0.659176
17099 0.562421 0.085184 0.352395
11310 0.471793 0.528207 0.000000
19026 0.364364 0.494224 0.141411
-1 0.000000 0.000000 0.000000
-1 0.000000 0.000000 0.000000
27493 0.592202 0.041605 0.366193
12825 0.162783 0.069398 0.767819
12084 0.846597 0.098871 0.054532
11333 0.000000 0.821147 0.178853
1462 0.297128 0.451103 0.251769
12836 0.087582 0.288084 0.624334
12795 0.013429 0.107694 0.878877
1486 0.539967 0.460033 0.000000
20010 0.758314 0.153625 0.088061
8633 0.927295 0.072705 0.000000
1091 0.193936 0.330182 0.475883
-1 0.000000 0.000000 0.000000
-1 0.000000 0.000000 0.000000
-1 0.000000 0.000000 0.000000
-1 0.000000 0.000000 0.000000
-1 0.000000 0.000000 0.000000
-1 0.000000 0.000000 0.000000
-1 0.000000 0.000000 0.000000
-1 0.000000 0.000000 0.000000
-1 0.000000 0.000000 0.000000
-1 0.000000 0.000000 0.000000
-1 0.000000 0.000000 0.000000
-1 0.000000 0.000000 0.000000
-1 0.000000 0.000000 0.000000
-1 0.000000 0.000000 0.000000
-1 0.000000 0.000000 0.000000
-1 0.000000 0.000000 0.000000
-1 0.000000 0.000000 0.000000
-1 0.000000 0.000000 0.000000
-1 0.000000 0.000000 0.000000
-1 0.000000 0.000000 0.000000
-1 0.000000 0.000000 0.000000
-1 0.000000 0.000000 0.000000
-1 0.000000 0.000000 0.000000
-1 0.000000 0.000000 0.000000
24105 0.016885 0.468139 0.514976
11618 0.654292 0.279903 0.065805
8125 0.525700 0.425965 0.048335
13857 0.505382 0.209882 0.284736
2697 0.068555 0.015764 0.915681
11641 0.496991 0.202741 0.300268
15439 0.525328 0.066705 0.407967
13826 0.101551 0.810125 0.088324
2998 0.792305 0.013792 0.193903
19689 0.509180 0.119848 0.370972
18471 0.777176 0.143377 0.079446
21439 0.182560 0.493333 0.324107
12353 0.798121 0.004895 0.196983
19638 0.847523 0.144998 0.007479
23685 0.282782 0.262138 0.455080
23695 0.165408 0.783305 0.051287
17820 0.410735 0.087379 0.501886
17851 0.672149 0.068674 0.259176
13480 0.594746 0.200219 0.205035
13509 0.329427 0.492777 0.177795
8063 0.089289 0.229823 0.680887
21210 0.075754 0.720552 0.203694
21236 0.041525 0.129053 0.829422
15743 0.136414 0.076118 0.787468
21213 0.060345 0.536663 0.402992
13440 0.012511 0.397953 0.589537
12463 0.609282 0.131341 0.259377
12314 0.153269 0.334624 0.512107
12484 0.290975 0.412128 0.296897
16057 0.161578 0.231853 0.606568
21229 0.215557 0.120913 0.663530
13462 0.089397 0.591403 0.319199
13214 0.141958 0.672724 0.185318
13235 0.199890 0.067806 0.732304
15665 0.213096 0.193696 0.593207
12714 0.432815 0.044206 0.522979
14993 0.009803 0.580107 0.410090
17287 0.062181 0.281628 0.656191
12515 0.421475 0.390614 0.187911
12862 0.393079 0.327651 0.279270
14795 0.518290 0.016662 0.465048
14955 0.198440 0.255452 0.546108
14944 0.889049 0.070868 0.040083
14942 0.019742 0.128992 0.851266
14773 0.961496 0.005687 0.032818
14973 0.788182 0.034590 0.177229
14812 0.449728 0.416638 0.133635
14769 0.342019 0.310021 0.347960
14948 0.007192 0.617003 0.375805
14986 0.198049 0.126474 0.675478
14980 0.140302 0.458558 0.401139
12598 0.257995 0.184265 0.557740
17371 0.066101 0.228458 0.705441
12551 0.592324 0.141475 0.266201
17421 0.421148 0.153566 0.425285
14871 0.388082 0.170513 0.441405
20900 0.887231 0.064789 0.047980
18647 0.354966 0.366098 0.278936
18465 0.138428 0.723696 0.137877
18444 0.596336 0.180685 0.222980
15725 0.335737 0.264566 0.399698
20650 0.223852 0.455013 0.321135
15747 0.000496 0.466134 0.533369
18609 0.100274 0.035119 0.864608
16035 0.212456 0.118140 0.669404
18618 0.785054 0.121869 0.093077
11776 0.143704 0.758982 0.097314
1942 0.489898 0.305105 0.204997
16051 0.604511 0.021879 0.373610
18461 0.284286 0.055530 0.660184
1910 0.012109 0.429367 0.558524
18477 0.084440 0.524952 0.390608
15157 0.739656 0.128665 0.131679
14877 0.045200 0.678161 0.276639
15166 0.579569 0.117774 0.302657
13386 0.359818 0.172770 0.467412
17415 0.585199 0.281183 0.133618
13405 0.235802 0.388041 0.376157
13409 0.739014 0.167584 0.093403
17352 0.309412 0.590132 0.100456
15199 0.074973 0.380742 0.544285
12591 0.527225 0.330887 0.141888
12877 0.019008 0.666099 0.314892
12541 0.922161 0.059670 0.018170
13042 0.037616 0.932990 0.029394
17305 0.199022 0.538333 0.262645
17452 0.057236 0.762621 0.180143
14858 0.569981 0.158417 0.271602
15196 0.076189 0.828255 0.095556
19731 0.182397 0.742821 0.074782
24077 0.236282 0.345655 0.418063
24025 0.813363 0.156988 0.029648
20540 0.104846 0.730351 0.164803
20346 0.971048 0.008618 0.020334
20482 0.056858 0.888689 0.054453
10733 0.599799 0.267597 0.132604
3290 0.545537 0.003779 0.450685
24041 0.057006 0.728621 0.214373
12170 0.188830 0.642778 0.168392
1953 0.558909 0.178541 0.262549
12136 0.637148 0.101274 0.261579
20156 0.293044 0.014840 0.692116
166 0.916691 0.053229 0.030080
23504 0.028078 0.006507 0.965415
652 0.027166 0.043884 0.928950
19140 0.434188 0.291998 0.273814
11112 0.552945 0.024034 0.423021
11160 0.329686 0.113390 0.556923
19654 0.539233 0.394633 0.066134
23508 0.445990 0.426808 0.127202
15508 0.376258 0.483828 0.139914
18759 0.808769 0.042167 0.149064
1805 0.359723 0.386561 0.253715
20338 0.309799 0.111361 0.578840
8220 0.094562 0.863313 0.042124
634 0.771144 0.077062 0.151794
17568 0.201304 0.312695 0.486002
23517 0.122996 0.347468 0.529536
20741 0.103812 0.433219 0.462969
23420 0.829660 0.094660 0.075679
23352 0.381629 0.103825 0.514546
23331 0.114016 0.585725 0.300258
710 0.278068 0.151566 0.570366
2002 0.145702 0.122248 0.732050
17664 0.085862 0.069476 0.844662
1728 0.663304 0.127414 0.209283
18698 0.404902 0.346554 0.248543
1926 0.826076 0.029063 0.144861
12217 0.029328 0.778512 0.192159
17582 0.028044 0.550102 0.421854
19847 0.004546 0.693242 0.302212
18774 0.808821 0.166923 0.024257
10956 0.346871 0.027411 0.625718
18807 0.700771 0.053030 0.246198
2105 0.922944 0.054603 0.022452
1782 0.002246 0.092727 0.905027
2112 0.373407 0.613742 0.012851
18737 0.165747 0.655810 0.178444
2611 0.144043 0.220162 0.635795
1829 0.116731 0.748189 0.135080
19737 0.737311 0.139240 0.123449
11016 0.138857 0.211265 0.649878
10952 0.324107 0.639048 0.036845
2286 0.553746 0.432541 0.013714
2196 0.341613 0.228452 0.429935
10979 0.283384 0.082674 0.633942
20934 0.047142 0.120140 0.832718
2277 0.066065 0.339004 0.594931
18545 0.180658 0.040888 0.778454
2219 0.080296 0.831831 0.087873
15077 0.086756 0.651207 0.262037
2179 0.299106 0.262818 0.438076
20310 0.188085 0.260734 0.551182
12913 0.039291 0.664608 0.296100
12928 0.344673 0.199949 0.455378
15048 0.723688 0.058594 0.217718
20961 0.031360 0.669948 0.298692
2208 0.052040 0.115377 0.832583
18551 0.340390 0.398170 0.261440
18520 0.035612 0.053363 0.911024
11405 0.107594 0.812301 0.080105
15083 0.469160 0.254656 0.276183
20919 0.008317 0.046753 0.944930
14462 0.042238 0.658961 0.298802
10758 0.015318 0.636238 0.348444
18577 0.363211 0.238337 0.398452
1866 0.154680 0.311359 0.533961
18415 0.242222 0.117927 0.639852
18546 0.010121 0.555822 0.434058
12908 0.189887 0.744392 0.065721
2530 0.294661 0.413116 0.292223
14761 0.194732 0.744610 0.060658
10743 0.158810 0.571204 0.269986
18586 0.011622 0.546588 0.441789
19849 0.408200 0.170768 0.421032
1930 0.633245 0.100654 0.266102
11036 0.000000 0.889572 0.110428
11041 0.439679 0.149479 0.410842
19815 0.638928 0.338677 0.022395
18716 0.322654 0.491824 0.185522
12238 0.599008 0.338694 0.062299
19908 0.085444 0.537075 0.377481
2253 0.230925 0.743579 0.025496
18422 0.041688 0.765939 0.192373
15534 0.052975 0.358475 0.588550
10985 0.770416 0.194722 0.034863
19933 0.653716 0.306189 0.040094
19949 0.124560 0.723612 0.151829
11019 0.298698 0.655418 0.045884
21054 0.840325 0.057006 0.102669
65 0.235641 0.474739 0.289620
1769 0.036692 0.047155 0.916153
18761 0.002952 0.965110 0.031937
17562 0.552311 0.010962 0.436727
20678 0.075424 0.279201 0.645375
1788 0.483138 0.005040 0.511822
1821 0.201833 0.666261 0.131906
18729 0.907700 0.013310 0.078990
8769 0.541091 0.124405 0.334504
18542 0.164384 0.249658 0.585958
1846 0.164824 0.037918 0.797257
11586 0.635099 0.165218 0.199684
11039 0.020189 0.578015 0.401796
12275 0.289197 0.531222 0.179581
19831 0.082861 0.273579 0.643560
19826 0.702437 0.292263 0.005300
19922 0.562280 0.305234 0.132485
2664 0.732612 0.031662 0.235726
2632 0.107256 0.797660 0.095084
19654 0.912773 0.008756 0.078471
17489 0.088062 0.456891 0.455047
8147 0.267446 0.711859 0.020695
24084 0.313206 0.089062 0.597732
3269 0.429199 0.191410 0.379392
1960 0.321291 0.420191 0.258518
20132 0.095810 0.621379 0.282811
23374 0.643628 0.078495 0.277877
829 0.067133 0.105590 0.827277
20507 0.435688 0.443447 0.120864
13116 0.174580 0.493601 0.331819
15435 0.663914 0.025346 0.310740
13719 0.061731 0.685740 0.252529
23790 0.701508 0.275923 0.022569
18884 0.311893 0.173759 0.514347
26335 0.620547 0.271067 0.108386
17720 0.099751 0.073368 0.826881
8463 0.064331 0.810877 0.124792
20249 0.508671 0.239636 0.251693
14701 0.039864 0.704325 0.255812
3148 0.739326 0.040038 0.220636
14451 0.564267 0.419191 0.016542
11510 0.370757 0.000524 0.628719
20189 0.372166 0.497958 0.129876
11885 0.793189 0.020737 0.186074
15228 0.207637 0.511215 0.281148
16383 0.408187 0.298178 0.293635
11327 0.767595 0.232405 0.000000
1442 0.596825 0.034301 0.368873
15231 0.094354 0.901798 0.003848
15227 0.238767 0.716495 0.044738
21575 0.471413 0.342064 0.186524
11336 0.784881 0.142011 0.073108
11280 0.181212 0.602237 0.216551
11943 0.732730 0.092582 0.174688
15268 0.212729 0.492384 0.294887
26624 0.190609 0.608691 0.200700
3357 0.757088 0.115441 0.127471
3398 0.646870 0.111286 0.241844
19404 0.550101 0.379306 0.070593
15231 0.762621 0.222295 0.015085
10590 0.631208 0.043802 0.324989
26613 0.231143 0.299492 0.469364
14014 0.030468 0.101993 0.867539
1457 0.510267 0.321858 0.167875
20766 0.148035 0.216714 0.635251
18346 0.278181 0.444081 0.277738
11242 0.394664 0.274136 0.331200
10769 0.168184 0.673451 0.158366
13876 0.645574 0.120724 0.233701
599 0.236028 0.470198 0.293774
516 0.235293 0.337552 0.427155
19602 0.128933 0.670005 0.201062
10853 0.152606 0.350797 0.496597
8248 0.164878 0.575955 0.259167
19542 0.233826 0.457713 0.308461
2981 0.702038 0.222724 0.075237
20273 0.122893 0.049048 0.828059
8351 0.111335 0.056390 0.832275
566 0.110773 0.304414 0.584813
19509 0.082302 0.660257 0.257442
11544 0.191530 0.759802 0.048668
8262 0.898349 0.091076 0.010575
8266 0.001186 0.683003 0.315811
8255 0.328603 0.581583 0.089814
8273 0.095906 0.734868 0.169226
17171 0.045333 0.061598 0.893069
8290 0.363032 0.368712 0.268256
1975 0.063477 0.659411 0.277111
2037 0.013277 0.760090 0.226634
2044 0.065292 0.799663 0.135045
18062 0.647071 0.051779 0.301150
3065 0.581754 0.103063 0.315183
3069 0.537441 0.315564 0.146994
18090 0.106596 0.094389 0.799014
1973 0.216620 0.191513 0.591868
8421 0.138969 0.661813 0.199218
2030 0.397898 0.444870 0.157232
19838 0.165522 0.403544 0.430934
12248 0.295591 0.381681 0.322728
19912 0.351758 0.066399 0.581843
19926 0.402582 0.494979 0.102439
12195 0.271572 0.136366 0.592062
12272 0.222441 0.237801 0.539758
11000 0.075452 0.776566 0.147981
19946 0.381826 0.387002 0.231171
19942 0.838914 0.127649 0.033437
16346 0.193034 0.117810 0.689155
20145 0.085309 0.562239 0.352453
776 0.653609 0.330182 0.016209
11898 0.124863 0.472920 0.402217
11897 0.380021 0.152310 0.467669
27797 0.140200 0.395836 0.463964
20856 0.247592 0.359839 0.392569
2851 0.009069 0.676186 0.314745
11902 0.329243 0.103114 0.567643
15911 0.372987 0.476371 0.150642
506 0.596248 0.022174 0.381578
2883 0.299707 0.599977 0.100316
9500 0.644862 0.062793 0.292345
13766 0.176391 0.353693 0.469916
19193 0.300091 0.217083 0.482825
2882 0.442053 0.549165 0.008782
27843 0.491264 0.458103 0.050633
13765 0.081618 0.319651 0.598730
19267 0.120313 0.077646 0.802041
10044 0.146442 0.409971 0.443586
27836 0.452490 0.471562 0.075948
28331 0.090066 0.895257 0.014677
11733 0.296113 0.645069 0.058818
22710 0.025070 0.224060 0.750871
28349 0.152328 0.142286 0.705387
7372 0.126033 0.236558 0.637409
28309 0.578479 0.353137 0.068384
16873 0.371652 0.516468 0.111881
7350 0.247433 0.579046 0.173521
1685 0.184007 0.122969 0.693024
7532 0.468965 0.441387 0.089648
1537 0.264156 0.716133 0.019712
25997 0.017469 0.267887 0.714643
1550 0.080487 0.186243 0.733270
24216 0.056715 0.284124 0.659161
7205 0.605846 0.310908 0.083246
5041 0.490337 0.039891 0.469772
4917 0.106534 0.071658 0.821809
25458 0.643984 0.184072 0.171944
17988 0.787604 0.030954 0.181442
25502 0.452868 0.420773 0.126359
25512 0.003353 0.436929 0.559718
10323 0.611884 0.222419 0.165697
10287 0.636995 0.110116 0.252888
10289 0.254249 0.345727 0.400024
7126 0.036144 0.754519 0.209337
4899 0.572230 0.304890 0.122880
25465 0.261381 0.384558 0.354061
10363 0.220568 0.671459 0.107973
16884 0.104012 0.644939 0.251049
16887 0.041674 0.230977 0.727349
25429 0.398617 0.213024 0.388359
10347 0.378002 0.094199 0.527799
7132 0.135986 0.594188 0.269826
24382 0.123154 0.716302 0.160544
16846 0.434991 0.127286 0.437723
24075 0.042546 0.121775 0.835679
7477 0.295852 0.487245 0.216903
7492 0.040913 0.323950 0.635137
25083 0.130739 0.227089 0.642172
5480 0.299677 0.072259 0.628064
6210 0.279053 0.468929 0.252018
6201 0.250602 0.458453 0.290945
24365 0.137670 0.635638 0.226692
10306 0.466701 0.279972 0.253327
16977 0.050732 0.363955 0.585314
16979 0.158834 0.022060 0.819106
5924 0.120799 0.509955 0.369246
16684 0.022911 0.101767 0.875322
16754 0.194703 0.242456 0.562841
4964 0.416993 0.219788 0.363219
24165 0.087548 0.507218 0.405234
16879 0.120122 0.768333 0.111546
9844 0.155380 0.005113 0.839507
16281 0.585176 0.214607 0.200217
16784 0.182366 0.034037 0.783597
10039 0.057534 0.576356 0.366110
990 0.082145 0.600465 0.317390
28457 0.306524 0.624061 0.069414
28505 0.646294 0.060458 0.293249
23147 0.597253 0.332445 0.070302
951 0.799079 0.107855 0.093066
958 0.388054 0.558645 0.053301
19057 0.683666 0.048785 0.267549
26250 0.115668 0.721472 0.162860
9825 0.024349 0.029172 0.946479
7905 0.048288 0.870694 0.081019
24977 0.161869 0.511199 0.326932
25448 0.552431 0.376207 0.071362
7101 0.102016 0.663428 0.234556
25443 0.217463 0.073841 0.708696
23110 0.595738 0.357544 0.046718
26373 0.109700 0.193352 0.696948
26343 0.407872 0.164526 0.427603
5975 0.250305 0.537796 0.211900
27226 0.003848 0.838352 0.157799
5885 0.576912 0.317173 0.105916
16319 0.754016 0.108215 0.137769
7452 0.369847 0.600990 0.029163
1673 0.900797 0.016717 0.082486
24784 0.032314 0.748072 0.219614
28452 0.728506 0.008640 0.262854
7358 0.697560 0.123520 0.178920
4136 0.273451 0.349547 0.377002
22809 0.161573 0.639982 0.198445
7401 0.569279 0.301047 0.129674
5507 0.378684 0.041435 0.579881
27878 0.048637 0.703260 0.248103
4497 0.559137 0.032981 0.407883
28429 0.050039 0.297477 0.652484
10243 0.558863 0.375584 0.065553
25287 0.188080 0.382370 0.429550
5259 0.799513 0.006672 0.193815
24639 0.230705 0.058343 0.710952
25290 0.084312 0.168111 0.747577
25276 0.044073 0.484958 0.470969
24958 0.559169 0.143798 0.297033
1638 0.032486 0.496782 0.470732
1706 0.055993 0.563963 0.380045
27397 0.565360 0.042888 0.391752
27389 0.683995 0.177167 0.138838
24332 0.009504 0.323035 0.667461
26388 0.615046 0.289656 0.095297
1594 0.112971 0.650392 0.236636
21605 0.895247 0.063907 0.040846
5315 0.733234 0.254147 0.012619
24962 0.145280 0.101498 0.753221
24928 0.410475 0.390325 0.199200
23630 0.428958 0.343254 0.227788
6011 0.700120 0.258313 0.041568
27719 0.382096 0.462702 0.155202
6076 0.868233 0.055223 0.076545
5237 0.125674 0.419799 0.454527
26321 0.264080 0.734021 0.001899
16480 0.030720 0.017283 0.951997
25104 0.035929 0.313914 0.650157
5407 0.574225 0.175244 0.250532
23621 0.684447 0.248507 0.067046
23633 0.024958 0.150317 0.824726
6077 0.341592 0.325861 0.332547
6070 0.342673 0.302162 0.355165
6054 0.447518 0.457764 0.094718
7726 0.538089 0.244971 0.216940
23575 0.243646 0.442050 0.314304
4861 0.505020 0.071503 0.423477
23538 0.897513 0.038573 0.063913
23549 0.208266 0.068443 0.723292
27702 0.309587 0.492093 0.198319
6093 0.114744 0.135714 0.749542
5600 0.109026 0.713452 0.177522
22683 0.042387 0.284399 0.673214
-1 0.000000 0.000000 0.000000
-1 0.000000 0.000000 0.000000
23571 0.227767 0.683360 0.088873
24262 0.638482 0.206934 0.154583
23718 0.395239 0.513915 0.090846
6040 0.222973 0.194767 0.582261
16127 0.580673 0.080383 0.338944
26363 0.232751 0.357741 0.409509
-1 0.000000 0.000000 0.000000
-1 0.000000 0.000000 0.000000
-1 0.000000 0.000000 0.000000
-1 0.000000 0.000000 0.000000
-1 0.000000 0.000000 0.000000
22562 0.220878 0.015202 0.763919
7116 0.431338 0.536295 0.032366
4077 0.383862 0.358708 0.257431
6030 0.157341 0.443239 0.399420
7406 0.291169 0.117497 0.591334
7697 0.660966 0.083191 0.255843
7625 0.023836 0.093001 0.883163
-1 0.000000 0.000000 0.000000
-1 0.000000 0.000000 0.000000
4771 0.066353 0.324105 0.609541
23560 0.183250 0.587951 0.228798
23650 0.168701 0.047043 0.784256
22536 0.184882 0.203563 0.611555
23691 0.503706 0.048989 0.447305
23644 0.033171 0.202332 0.764497
16225 0.162072 0.135245 0.702683
7665 0.473646 0.057980 0.468374
4353 0.163298 0.139577 0.697125
23662 0.511609 0.024697 0.463694
21658 0.055481 0.466008 0.478511
27094 0.273008 0.593830 0.133161
-1 0.000000 0.000000 0.000000
-1 0.000000 0.000000 0.000000
-1 0.000000 0.000000 0.000000
-1 0.000000 0.000000 0.000000
-1 0.000000 0.000000 0.000000
-1 0.000000 0.000000 0.000000
-1 0.000000 0.000000 0.000000
-1 0.000000 0.000000 0.000000
-1 0.000000 0.000000 0.000000
-1 0.000000 0.000000 0.000000
-1 0.000000 0.000000 0.000000
-1 0.000000 0.000000 0.000000
-1 0.000000 0.000000 0.000000
-1 0.000000 0.000000 0.000000
-1 0.000000 0.000000 0.000000
-1 0.000000 0.000000 0.000000
-1 0.000000 0.000000 0.000000
-1 0.000000 0.000000 0.000000
-1 0.000000 0.000000 0.000000
-1 0.000000 0.000000 0.000000
-1 0.000000 0.000000 0.000000
-1 0.000000 0.000000 0.000000
-1 0.000000 0.000000 0.000000
-1 0.000000 0.000000 0.000000
-1 0.000000 0.000000 0.000000
10196 0.256692 0.378969 0.364339
28462 0.732299 0.021619 0.246083
7106 0.027995 0.397855 0.574150
26656 0.482597 0.156899 0.360503
10173 0.033148 0.405867 0.560986
16771 0.031042 0.632583 0.336375
997 0.033911 0.124554 0.841535
964 0.080200 0.912180 0.007619
25894 0.424290 0.522039 0.053671
7896 0.497973 0.076629 0.425398
28422 0.127959 0.623883 0.248158
23287 0.133205 0.456011 0.410784
23220 0.177548 0.369529 0.452923
28388 0.071334 0.659092 0.269574
1289 0.027842 0.968140 0.004018
23223 0.128001 0.534409 0.337590
4619 0.000000 0.866244 0.133756
6432 0.462853 0.238986 0.298160
4552 0.038677 0.612322 0.349000
1233 0.764863 0.191286 0.043851
24715 0.338718 0.147706 0.513577
24734 0.243556 0.328764 0.427680
27134 0.254077 0.518365 0.227558
4618 0.709241 0.189854 0.100905
1261 0.684547 0.026932 0.288520
4587 0.702121 0.179235 0.118644
1230 0.162942 0.582817 0.254241
3614 0.238585 0.595251 0.166164
22105 0.357755 0.059888 0.582357
22114 0.365350 0.129607 0.505043
3565 0.797438 0.099807 0.102755
4210 0.719988 0.088088 0.191923
24604 0.529443 0.114208 0.356349
3660 0.458783 0.276976 0.264241
22391 0.195156 0.135494 0.669350
22148 0.042413 0.606665 0.350922
22108 0.113019 0.055575 0.831406
3892 0.183338 0.655336 0.161326
22190 0.388831 0.206622 0.404547
22091 0.077020 0.566179 0.356801
3747 0.163578 0.296123 0.540300
22164 0.000531 0.021581 0.977887
3533 0.652135 0.091893 0.255972
3969 0.319185 0.594214 0.086601
22422 0.158486 0.685475 0.156039
22064 0.164580 0.198687 0.636734
3785 0.392227 0.471793 0.135980
5011 0.255617 0.049349 0.695035
4292 0.250865 0.006508 0.742626
24540 0.463819 0.288320 0.247861
3712 0.247556 0.079997 0.672447
25594 0.298723 0.153645 0.547632
25882 0.701771 0.018090 0.280139
23259 0.137806 0.750348 0.111847
6955 0.270690 0.125608 0.603702
28250 0.643595 0.174592 0.181813
22969 0.000594 0.782518 0.216888
7233 0.083783 0.661739 0.254477
25804 0.028930 0.416655 0.554415
16607 0.792918 0.183827 0.023255
6354 0.224420 0.107957 0.667623
6384 0.265134 0.354948 0.379918
25899 0.095632 0.359404 0.544963
23246 0.799423 0.173996 0.026582
8918 0.695931 0.161567 0.142502
23089 0.020804 0.260572 0.718624
16605 0.132925 0.371065 0.496010
22327 0.009576 0.696552 0.293872
4279 0.076577 0.302669 0.620755
3653 0.198495 0.774141 0.027365
3682 0.206168 0.172598 0.621234
24388 0.156957 0.374857 0.468186
24506 0.079887 0.641671 0.278442
24617 0.164918 0.706318 0.128764
3705 0.165419 0.165569 0.669012
22332 0.149030 0.585119 0.265851
21988 0.077198 0.747635 0.175167
3656 0.758253 0.159418 0.082329
22078 0.153613 0.811185 0.035203
3805 0.142552 0.204722 0.652727
24554 0.683289 0.096332 0.220379
24435 0.411362 0.072056 0.516582
22008 0.641513 0.340765 0.017723
4268 0.454850 0.011112 0.534038
5712 0.056245 0.686527 0.257227
27641 0.069752 0.103871 0.826377
5682 0.001180 0.726253 0.272567
16629 0.060788 0.714248 0.224965
27290 0.448913 0.205079 0.346008
7149 0.469982 0.231743 0.298276
16636 0.329012 0.042502 0.628486
7871 0.069669 0.396557 0.533774
16947 0.637394 0.035402 0.327204
6172 0.007213 0.732145 0.260641
6185 0.706262 0.282532 0.011206
4449 0.134601 0.011023 0.854376
26764 0.687335 0.231678 0.080987
26758 0.636604 0.360493 0.002903
25242 0.191191 0.259089 0.549720
26839 0.088700 0.241533 0.669767
25778 0.277349 0.339943 0.382708
25788 0.242615 0.275734 0.481651
16911 0.650778 0.280909 0.068313
22718 0.044219 0.589574 0.366207
25947 0.219046 0.218266 0.562688
25880 0.098681 0.774221 0.127098
24672 0.440301 0.187775 0.371924
4460 0.255592 0.323740 0.420668
28128 0.419895 0.573067 0.007038
7333 0.674612 0.073122 0.252266
9168 0.121462 0.793753 0.084785
7326 0.685961 0.156014 0.158025
4506 0.450126 0.310009 0.239865
16583 0.110562 0.602004 0.287434
24768 0.084735 0.829118 0.086148
9151 0.166767 0.077047 0.756186
5791 0.115250 0.203142 0.681607
5939 0.519542 0.326469 0.153989
9012 0.002481 0.054396 0.943123
25816 0.077376 0.379846 0.542778
26900 0.102026 0.335166 0.562808
25524 0.734480 0.095961 0.169559
26863 0.476476 0.459102 0.064422
9269 0.332642 0.067214 0.600144
9287 0.219087 0.376130 0.404784
9628 0.361667 0.270635 0.367698
9279 0.022869 0.547553 0.429578
25754 0.044241 0.251218 0.704541
25959 0.357653 0.210323 0.432023
9782 0.096426 0.118005 0.785568
25919 0.147088 0.492413 0.360498
24753 0.231838 0.309728 0.458433
26870 0.367922 0.472532 0.159546
8994 0.268380 0.194870 0.536751
28207 0.140703 0.444476 0.414822
9739 0.290546 0.112970 0.596484
26965 0.715001 0.082636 0.202363
9794 0.385646 0.279748 0.334606
9464 0.293426 0.643595 0.062980
5738 0.248767 0.545277 0.205956
22239 0.000436 0.709235 0.290329
27997 0.451447 0.398566 0.149988
22227 0.498727 0.020281 0.480992
9722 0.243998 0.362398 0.393604
9111 0.291171 0.003981 0.704847
22701 0.229786 0.301224 0.468990
22303 0.814687 0.150915 0.034398
28050 0.852863 0.096503 0.050634
9635 0.285916 0.365159 0.348926
9751 0.045194 0.682518 0.272288
9667 0.409394 0.199844 0.390762
9039 0.026850 0.388079 0.585071
25659 0.144807 0.686378 0.168815
27407 0.230314 0.670687 0.098999
4385 0.302762 0.563139 0.134098
5444 0.605167 0.000435 0.394398
4399 0.095831 0.567891 0.336278
5456 0.738950 0.095775 0.165275
28136 0.380796 0.266872 0.352332
9039 0.156173 0.482206 0.361621
9054 0.391143 0.466719 0.142138
25733 0.130700 0.134181 0.735119
25633 0.014100 0.884332 0.101568
9600 0.113919 0.034509 0.851572
4333 0.139379 0.809246 0.051376
5453 0.263904 0.666151 0.069945
28101 0.194243 0.328959 0.476798
25629 0.100953 0.771774 0.127273
25632 0.168510 0.508922 0.322568
6152 0.284841 0.591989 0.123169
27052 0.057304 0.883700 0.058996
26938 0.426474 0.258635 0.314891
9780 0.152215 0.309696 0.538089
26942 0.404326 0.351356 0.244318
26910 0.443127 0.221002 0.335871
26952 0.099830 0.001234 0.898937
26912 0.183439 0.584170 0.232390
9098 0.066772 0.192725 0.740503
25607 0.027502 0.086359 0.886139
6157 0.592354 0.255968 0.151679
9675 0.499021 0.199565 0.301414
6134 0.428417 0.471845 0.099737
25722 0.283455 0.446596 0.269949
27072 0.018514 0.926698 0.054789
22659 0.365319 0.418408 0.216273
27064 0.132858 0.460590 0.406552
5845 0.792475 0.008669 0.198857
5811 0.039659 0.751859 0.208482
5956 0.104552 0.601564 0.293884
5827 0.551009 0.305490 0.143502
5835 0.672413 0.105380 0.222207
26955 0.524102 0.223079 0.252819
27034 0.746645 0.252691 0.000664
5869 0.011997 0.208199 0.779804
27040 0.381478 0.310150 0.308372
5863 0.276009 0.122443 0.601548
26885 0.385359 0.322716 0.291925
6162 0.216405 0.210945 0.572650
7293 0.510394 0.313223 0.176383
26827 0.281977 0.254305 0.463718
9907 0.074646 0.045457 0.879898
25872 0.044976 0.053480 0.901544
25870 0.212836 0.166163 0.621002
9177 0.312072 0.427172 0.260756
4607 0.592460 0.370482 0.037057
25936 0.550013 0.385647 0.064340
8982 0.243887 0.532571 0.223542
24763 0.542733 0.026837 0.430430
4481 0.148202 0.138188 0.713609
9921 0.769400 0.055249 0.175351
9907 0.449194 0.237396 0.313410
1178 0.010621 0.334198 0.655181
22593 0.121936 0.515477 0.362587
26256 0.016678 0.714593 0.268729
25212 0.483506 0.382004 0.134490
16736 0.234772 0.731353 0.033875
6730 0.243540 0.394302 0.362157
16624 0.806007 0.041237 0.152755
1170 0.036487 0.012377 0.951135
20837 0.017781 0.330000 0.652219
20807 0.605077 0.039806 0.355117
20855 0.675784 0.262495 0.061721
7837 0.393101 0.084284 0.522615
23315 0.074097 0.301647 0.624256
1173 0.393521 0.606479 0.000000
20470 0.133753 0.155197 0.711049
18068 0.114175 0.842343 0.043482
21734 0.021753 0.398740 0.579507
8669 0.610718 0.169667 0.219616
23740 0.028616 0.737826 0.233558
27963 0.030438 0.602716 0.366846
22440 0.856098 0.003073 0.140829
8643 0.006607 0.260939 0.732455
22454 0.444683 0.101147 0.454169
1399 0.077086 0.429916 0.492998
16167 0.565447 0.258269 0.176284
22454 0.199613 0.103710 0.696677
22457 0.201655 0.368936 0.429409
6717 0.255193 0.592057 0.152750
22470 0.275969 0.149391 0.574640
6870 0.294296 0.705704 0.000000
9507 0.442914 0.240057 0.317029
3977 0.413214 0.450587 0.136199
6839 0.799709 0.200291 0.000000
6713 0.094932 0.329057 0.576010
6716 0.302002 0.384517 0.313481
10558 0.453630 0.013666 0.532703
10561 0.393321 0.235378 0.371301
26589 0.694689 0.158420 0.146891
22454 0.468136 0.494171 0.037694
22604 0.147575 0.619684 0.232741
26625 0.395433 0.095265 0.509302
26442 0.152085 0.457115 0.390801
4747 0.000000 0.052720 0.947280
10589 0.505817 0.196105 0.298078
25354 0.223289 0.659297 0.117414
24905 0.190060 0.682283 0.127657
22814 0.031000 0.715254 0.253745
10605 0.712291 0.150258 0.137451
5525 0.194603 0.236290 0.569107
27373 0.493666 0.081321 0.425012
21952 0.209334 0.611669 0.178997
21908 0.101096 0.793956 0.104948
10629 0.406754 0.468809 0.124437
7747 0.147681 0.575060 0.277259
4323 0.092945 0.454566 0.452489
7778 0.126341 0.691577 0.182082
22651 0.265757 0.129073 0.605169
5553 0.334142 0.388248 0.277610
24898 0.227142 0.411224 0.361635
5364 0.113646 0.615560 0.270794
10235 0.216983 0.762437 0.020580
5233 0.124419 0.165339 0.710242
26714 0.027987 0.072215 0.899798
5350 0.153992 0.053164 0.792844
24352 0.236564 0.130268 0.633168
26056 0.144629 0.537353 0.318018
25275 0.148664 0.816604 0.034732
10409 0.286787 0.049454 0.663759
26696 0.390021 0.358685 0.251294
25114 0.326466 0.512183 0.161352
26113 0.371302 0.618539 0.010159
10093 0.095910 0.876242 0.027848
5630 0.006291 0.701138 0.292571
9202 0.096042 0.054508 0.849450
24874 0.090056 0.390648 0.519296
26688 0.067286 0.011682 0.921032
4666 0.227069 0.327714 0.445217
27116 0.243245 0.735961 0.020794
26212 0.383154 0.241313 0.375533
7923 0.551421 0.171388 0.277190
8811 0.143962 0.412280 0.443758
7956 0.118103 0.553708 0.328190
10051 0.455738 0.308462 0.235799
10051 0.582706 0.247563 0.169732
7954 0.064398 0.418119 0.517483
7915 0.447366 0.411962 0.140672
10056 0.599808 0.137293 0.262899
7913 0.246243 0.375398 0.378359
10054 0.448310 0.193041 0.358649
2883 0.172983 0.082962 0.744054
19253 0.508565 0.154255 0.337180
2333 0.143888 0.751387 0.104725
2333 0.574613 0.362655 0.062732
23094 0.220032 0.639905 0.140063
23268 0.091255 0.246253 0.662492
9533 0.038602 0.796671 0.164727
23118 0.113127 0.763934 0.122939
9571 0.310954 0.289210 0.399835
23135 0.002612 0.705122 0.292265
20749 0.102861 0.535990 0.361149
15913 0.323731 0.328967 0.347301
6753 0.297444 0.180905 0.521651
11730 0.083263 0.914478 0.002258
21140 0.021214 0.593677 0.385109
11733 0.846066 0.122772 0.031162
21131 0.263088 0.550257 0.186656
15499 0.289332 0.355579 0.355089
11501 0.009698 0.860479 0.129823
11577 0.469060 0.037515 0.493425
21091 0.020475 0.125686 0.853839
21092 0.336069 0.535405 0.128526
21104 0.106069 0.074524 0.819407
21141 0.261373 0.061156 0.677471
21141 0.622741 0.191521 0.185737
21102 0.152111 0.028082 0.819807
11829 0.483979 0.058760 0.457261
21179 0.219960 0.122310 0.657730
21181 0.150955 0.508127 0.340919
21174 0.292811 0.143667 0.563522
11832 0.226814 0.160796 0.612389
352 0.332083 0.374274 0.293643
353 0.083687 0.904499 0.011814
24142 0.288262 0.060429 0.651309
11784 0.514219 0.169519 0.316263
21177 0.404983 0.184115 0.410902
24105 0.861272 0.105834 0.032895
199 0.535910 0.331253 0.132837
200 0.315254 0.459841 0.224906
234 0.065006 0.648463 0.286531
24102 0.372367 0.105663 0.521970
24190 0.913234 0.015370 0.071397
24190 0.169625 0.197592 0.632783
24106 0.050455 0.136738 0.812807
197 0.147063 0.134216 0.718721
238 0.317007 0.295524 0.387469
345 0.039678 0.876064 0.084258
345 0.663815 0.281748 0.054437
346 0.314834 0.671302 0.013863
24139 0.669151 0.074351 0.256498
24140 0.308703 0.148777 0.542520
235 0.803013 0.184860 0.012126
24152 0.201257 0.553246 0.245498
349 0.402570 0.118850 0.478580
347 0.230362 0.570504 0.199134
24149 0.053470 0.225946 0.720583
24148 0.267590 0.467098 0.265312
386 0.283822 0.211396 0.504782
21365 0.738309 0.120506 0.141185
21365 0.155548 0.107845 0.736607
21366 0.576871 0.062665 0.360465
150 0.066716 0.733766 0.199518
23467 0.255711 0.139397 0.604893
18965 0.299060 0.682488 0.018452
23469 0.085254 0.605149 0.309596
26 0.028778 0.628458 0.342764
61 0.223788 0.362096 0.414116
153 0.187200 0.144837 0.667963
24159 0.400434 0.084272 0.515294
21364 0.919927 0.015382 0.064691
19030 0.564431 0.396312 0.039257
18997 0.313062 0.385740 0.301198
13132 0.256465 0.662272 0.081264
13135 0.027904 0.863731 0.108366
13131 0.226715 0.553564 0.219721
17128 0.238068 0.366950 0.394983
156 0.166978 0.760531 0.072491
155 0.243785 0.650314 0.105901
154 0.277915 0.709143 0.012942
17083 0.044768 0.895869 0.059363
13139 0.157691 0.736579 0.105730
24211 0.309648 0.289565 0.400787
24233 0.165625 0.802740 0.031635
13165 0.766777 0.133783 0.099440
13166 0.844506 0.133143 0.022351
21129 0.557036 0.261185 0.181779
11729 0.382839 0.324926 0.292235
11740 0.160892 0.681558 0.157550
21137 0.619395 0.007036 0.373570
17987 0.823332 0.010386 0.166282
17987 0.299476 0.019631 0.680893
24186 0.417112 0.152871 0.430017
295 0.042494 0.321034 0.636472
365 0.226960 0.027754 0.745286
357 0.248889 0.100826 0.650285
356 0.138279 0.402834 0.458887
21138 0.249706 0.069782 0.680513
21325 0.327865 0.600776 0.071360
21330 0.307325 0.389940 0.302735
21328 0.252649 0.229752 0.517599
21317 0.524987 0.187160 0.287854
359 0.718351 0.087954 0.193695
24193 0.034543 0.432084 0.533373
12037 0.278792 0.621968 0.099240
12036 0.528293 0.298965 0.172742
12035 0.732684 0.011232 0.256084
21320 0.066679 0.078896 0.854425
21319 0.450604 0.070251 0.479145
21318 0.835333 0.082134 0.082533
11966 0.041773 0.169242 0.788985
11971 0.132001 0.039802 0.828197
21342 0.148490 0.762484 0.089025
21358 0.396528 0.366400 0.237073
11959 0.747563 0.057849 0.194588
21357 0.236845 0.166014 0.597140
23422 0.183570 0.287558 0.528872
23445 0.322852 0.307291 0.369857
23446 0.330977 0.333812 0.335212
143 0.693431 0.295472 0.011096
11963 0.147307 0.358372 0.494321
11961 0.258065 0.538837 0.203098
17110 0.041282 0.809094 0.149624
17043 0.081499 0.655181 0.263320
13130 0.177724 0.392474 0.429802
134 0.608345 0.141762 0.249893
133 0.551535 0.248528 0.199937
132 0.515948 0.148448 0.335604
4913 0.156961 0.822912 0.020127
13161 0.096688 0.054646 0.848666
17046 0.238799 0.680845 0.080356
3184 0.793986 0.105945 0.100069
3185 0.350115 0.516243 0.133643
18022 0.834994 0.123059 0.041947
3104 0.207616 0.738097 0.054286
3109 0.407249 0.510739 0.082013
3107 0.089902 0.583012 0.327086
18305 0.043139 0.168827 0.788033
18151 0.007341 0.318160 0.674499
3183 0.474368 0.499664 0.025967
18300 0.177349 0.434981 0.387671
18317 0.152581 0.262461 0.584958
3083 0.864567 0.027116 0.108317
3094 0.473152 0.383803 0.143045
18297 0.115639 0.734575 0.149786
3083 0.062859 0.034955 0.902187
3091 0.027216 0.847060 0.125724
18311 0.918581 0.068472 0.012947
3128 0.098429 0.761130 0.140441
3087 0.069159 0.511333 0.419508
3158 0.473809 0.188144 0.338046
18265 0.748261 0.147151 0.104589
12006 0.029684 0.568942 0.401374
18309 0.428268 0.181323 0.390409
3088 0.581666 0.079052 0.339282
18149 0.655243 0.272655 0.072102
3121 0.265026 0.352454 0.382519
18003 0.549909 0.207897 0.242195
18000 0.077457 0.758518 0.164025
18000 0.206656 0.063343 0.730001
3125 0.233307 0.118823 0.647870
3126 0.498758 0.120178 0.381064
3124 0.092366 0.571881 0.335753
3124 0.631314 0.047633 0.321053
191 0.300277 0.347773 0.351949
192 0.865794 0.109458 0.024748
23437 0.257016 0.067650 0.675334
17029 0.109410 0.477564 0.413026
23442 0.040136 0.749464 0.210400
23442 0.147153 0.000741 0.852106
159 0.211795 0.118603 0.669602
131 0.203264 0.184874 0.611862
162 0.091958 0.368436 0.539606
13094 0.406484 0.425758 0.167757
17041 0.155433 0.793529 0.051038
13089 0.243498 0.729497 0.027005
18009 0.232962 0.712477 0.054561
34 0.386096 0.199012 0.414893
127 0.488143 0.427911 0.083946
24060 0.215370 0.699655 0.084974
24060 0.169326 0.129629 0.701045
24075 0.107294 0.612444 0.280262
24075 0.726018 0.235241 0.038741
24064 0.354448 0.360703 0.284849
3265 0.066268 0.416397 0.517335
18295 0.282787 0.017436 0.699777
23978 0.518086 0.015130 0.466784
24001 0.752405 0.013482 0.234112
336 0.034140 0.108226 0.857634
23987 0.221218 0.000078 0.778704
24068 0.246529 0.121300 0.632171
3096 0.302392 0.474864 0.222744
24019 0.207959 0.513977 0.278063
24012 0.096527 0.820439 0.083034
24011 0.229309 0.035508 0.735183
24016 0.556058 0.016132 0.427810
299 0.006236 0.815138 0.178626
18304 0.402698 0.177452 0.419850
23992 0.609070 0.103404 0.287527
293 0.370848 0.107161 0.521992
320 0.422807 0.501131 0.076062
24023 0.081271 0.712631 0.206098
341 0.013485 0.024257 0.962258
17995 0.898441 0.011608 0.089952
17995 0.029858 0.418045 0.552097
325 0.671067 0.098258 0.230676
324 0.071720 0.390798 0.537482
332 0.039189 0.658938 0.301873
23991 0.723348 0.147023 0.129629
161 0.653048 0.171111 0.175841
23435 0.035320 0.722278 0.242402
10968 0.371701 0.491079 0.137219
10976 0.696869 0.257919 0.045212
20487 0.192698 0.625909 0.181394
10978 0.218170 0.365182 0.416648
185 0.064992 0.543571 0.391437
17069 0.087723 0.903203 0.009074
13102 0.430979 0.442651 0.126370
13114 0.096780 0.652698 0.250522
11050 0.362843 0.370923 0.266234
10977 0.703761 0.053513 0.242725
13079 0.597812 0.234746 0.167442
13084 0.654952 0.157369 0.187679
13082 0.735829 0.063431 0.200740
24063 0.602257 0.183046 0.214698
42 0.012819 0.913663 0.073518
24072 0.220679 0.734015 0.045306
18008 0.329819 0.665472 0.004709
3268 0.259482 0.466106 0.274412
23451 0.098268 0.114020 0.787712
300 0.147952 0.150839 0.701209
339 0.349499 0.264720 0.385780
24041 0.384409 0.049785 0.565806
24040 0.047324 0.581927 0.370749
3293 0.520937 0.408262 0.070801
3294 0.486529 0.344723 0.168748
24031 0.034114 0.187991 0.777896
56 0.549151 0.159376 0.291472
24079 0.366839 0.557422 0.075740
54 0.232302 0.565159 0.202539
24044 0.116710 0.371598 0.511692
24043 0.001036 0.091080 0.907884
13081 0.424547 0.408434 0.167019
17052 0.114070 0.007842 0.878088
13124 0.440476 0.370029 0.189495
811 0.072574 0.758129 0.169297
19156 0.413132 0.462961 0.123907
819 0.055464 0.944536 0.000000
17055 0.310477 0.634657 0.054867
19137 0.234669 0.353101 0.412230
10980 0.916613 0.001174 0.082213
24407 0.140296 0.488877 0.370827
13117 0.455061 0.195578 0.349361
17059 0.163450 0.647357 0.189193
381 0.618097 0.291048 0.090855
375 0.745105 0.043026 0.211869
19373 0.685333 0.170754 0.143913
2803 0.512074 0.008573 0.479353
11814 0.015785 0.523903 0.460312
21103 0.036311 0.539197 0.424492
19383 0.405343 0.070669 0.523988
19378 0.246288 0.025217 0.728495
24176 0.909073 0.024096 0.066831
24170 0.875726 0.008065 0.116209
21112 0.384009 0.021636 0.594355
11826 0.025545 0.653138 0.321318
24171 0.257474 0.149369 0.593157
24173 0.469477 0.208424 0.322099
24182 0.708348 0.273548 0.018105
11619 0.465351 0.343250 0.191399
11620 0.274747 0.415722 0.309531
19709 0.230274 0.189536 0.580190
15646 0.240825 0.165471 0.593704
2310 0.465515 0.356673 0.177811
20640 0.095585 0.615948 0.288467
2710 0.300647 0.619223 0.080131
19661 0.117853 0.416678 0.465469
