4669 0.056536 0.389444 0.554020
17608 0.042538 0.953489 0.003973
17533 0.776927 0.095917 0.127156
9981 0.146148 0.843613 0.010240
4292 0.102403 0.596475 0.301122
5156 0.123018 0.086949 0.790033
18241 0.140089 0.573539 0.286372
295 0.089561 0.764320 0.146119
326 0.343479 0.133202 0.523320
165 0.028137 0.849678 0.122185
641 0.317641 0.110534 0.571824
17074 0.667180 0.077731 0.255089
4504 0.219174 0.629961 0.150865
18063 0.106898 0.376038 0.517064
4503 0.322958 0.372173 0.304869
16941 0.169495 0.439385 0.391120
250 0.185954 0.438343 0.375703
4232 0.333670 0.025737 0.640593
17701 0.039748 0.421970 0.538282
3999 0.016735 0.885733 0.097532
4246 0.494578 0.160713 0.344709
727 0.394687 0.433692 0.171621
17925 0.619091 0.188802 0.192107
4336 0.563349 0.318522 0.118129
359 0.506862 0.211845 0.281293
17040 0.624064 0.367050 0.008886
20389 0.076159 0.341839 0.582002
17914 0.548351 0.418283 0.033366
17975 0.311479 0.267364 0.421158
17937 0.325139 0.069508 0.605353
17099 0.494711 0.134372 0.370917
4474 0.487777 0.470031 0.042191
555 0.689973 0.261805 0.048222
632 0.000000 0.454225 0.545775
4519 0.259972 0.680822 0.059206
905 0.416321 0.165531 0.418148
17138 0.128381 0.359928 0.511690
17079 0.064620 0.864028 0.071352
332 0.061786 0.611943 0.326271
17109 0.252345 0.134320 0.613335
20436 0.207136 0.466963 0.325901
17953 0.691202 0.105766 0.203032
4572 0.641705 0.166761 0.191535
18363 0.112526 0.811563 0.075911
535 0.277819 0.014563 0.707618
938 0.206096 0.087660 0.706244
17491 0.064886 0.633788 0.301326
17479 0.002289 0.389302 0.608409
16187 0.047835 0.497655 0.454510
804 0.211339 0.190333 0.598328
18358 0.768758 0.169572 0.061670
1470 0.000000 0.414550 0.585450
16325 0.074792 0.803712 0.121496
5107 0.716341 0.074514 0.209145
1022 0.746030 0.234788 0.019182
18188 0.574181 0.123722 0.302097
308 0.534709 0.102491 0.362800
5227 0.628380 0.267951 0.103670
17454 0.015513 0.741353 0.243135
1343 0.231873 0.757401 0.010726
20103 0.492660 0.324318 0.183023
2432 0.544572 0.296060 0.159368
1621 0.285800 0.454400 0.259800
20123 0.114393 0.314889 0.570718
1583 0.039193 0.710529 0.250278
19870 0.366140 0.523163 0.110697
4180 0.301566 0.002203 0.696230
4728 0.469334 0.492511 0.038156
4533 0.616330 0.209349 0.174320
16898 0.566260 0.396074 0.037666
4148 0.687400 0.298584 0.014017
3987 0.403550 0.481728 0.114722
4040 0.382366 0.559227 0.058407
4138 0.343916 0.159223 0.496861
5243 0.056731 0.712912 0.230357
4251 0.753144 0.072275 0.174581
17697 0.322336 0.187452 0.490212
18391 0.061113 0.881147 0.057740
4575 0.109157 0.605392 0.285451
17918 0.679547 0.124168 0.196285
2484 0.382137 0.298832 0.319031
17950 0.233639 0.286628 0.479733
20450 0.361550 0.218836 0.419614
336 0.000000 0.425650 0.574350
4611 0.446368 0.145890 0.407742
17050 0.035491 0.185668 0.778841
17915 0.173572 0.483904 0.342524
18457 0.096025 0.203152 0.700823
17169 0.311977 0.026649 0.661374
1231 0.274458 0.028023 0.697520
15947 0.249427 0.726202 0.024371
15995 0.373433 0.322367 0.304201
2531 0.132500 0.527496 0.340004
20397 0.922857 0.037694 0.039449
15969 0.091395 0.424793 0.483811
2039 0.102082 0.786727 0.111191
16823 0.729198 0.004329 0.266473
16195 0.347672 0.610393 0.041935
765 0.186859 0.524445 0.288696
16739 0.411844 0.515256 0.072900
736 0.294537 0.044505 0.660958
17344 0.543495 0.453995 0.002510
1198 0.312566 0.164753 0.522680
16463 0.235925 0.652844 0.111230
16455 0.341055 0.056048 0.602897
1206 0.076838 0.554485 0.368676
5018 0.099165 0.829168 0.071667
5074 0.884076 0.098898 0.017026
5026 0.103936 0.774974 0.121090
17256 0.171442 0.013113 0.815445
4341 0.315373 0.374661 0.309966
826 0.071755 0.728386 0.199859
18148 0.104566 0.550215 0.345219
18126 0.337224 0.193426 0.469350
838 0.385285 0.069162 0.545553
16489 0.632274 0.156205 0.211521
705 0.041670 0.213993 0.744336
16235 0.152179 0.253521 0.594300
16592 0.075499 0.466775 0.457727
16471 0.671736 0.066069 0.262195
717 0.199453 0.778019 0.022528
710 0.084801 0.164027 0.751172
1182 0.251951 0.556761 0.191287
1156 0.457921 0.429841 0.112239
284 0.329907 0.340487 0.329606
20380 0.430008 0.491875 0.078117
20467 0.292773 0.235042 0.472185
20370 0.311771 0.589557 0.098672
20335 0.357295 0.625123 0.017582
15855 0.086572 0.286623 0.626804
17772 0.226017 0.149935 0.624048
16845 0.135191 0.516086 0.348723
127 0.468422 0.089393 0.442185
79 0.339627 0.443256 0.217117
1090 0.753864 0.059781 0.186355
8261 0.456522 0.347823 0.195655
14281 0.202187 0.168031 0.629782
1730 0.740093 0.092261 0.167646
1805 0.971878 0.005219 0.022902
14398 0.144120 0.548092 0.307787
14015 0.484849 0.100664 0.414487
14025 0.351255 0.451695 0.197050
14157 0.168708 0.145662 0.685630
1689 0.078232 0.605949 0.315819
14276 0.815279 0.047562 0.137159
8627 0.613395 0.331441 0.055164
8938 0.588194 0.274918 0.136889
14383 0.398946 0.188466 0.412587
13346 0.152283 0.382981 0.464736
9005 0.029461 0.108201 0.862338
8694 0.026217 0.312568 0.661216
13418 0.265005 0.141149 0.593846
8735 0.400481 0.229629 0.369890
15228 0.171036 0.053977 0.774987
8675 0.266157 0.262858 0.470984
14229 0.843053 0.075049 0.081898
13447 0.613208 0.251791 0.135001
13433 0.307878 0.416456 0.275666
14237 0.353771 0.366033 0.280195
14167 0.315268 0.633779 0.050953
9198 0.444232 0.198572 0.357196
13373 0.245523 0.644596 0.109881
13653 0.165254 0.581653 0.253093
8313 0.139100 0.445928 0.414972
13223 0.202996 0.045049 0.751955
8397 0.348511 0.329709 0.321780
8235 0.127008 0.408691 0.464301
13545 0.419590 0.369512 0.210898
13861 0.278042 0.091887 0.630071
15344 0.352805 0.063476 0.583719
10156 0.442236 0.312024 0.245740
8126 0.222759 0.373222 0.404019
8727 0.735829 0.093035 0.171136
13510 0.040297 0.253440 0.706263
13631 0.145635 0.130228 0.724137
13499 0.096558 0.015813 0.887629
13560 0.054584 0.068562 0.876854
9165 0.035939 0.617171 0.346890
13261 0.307803 0.343509 0.348687
9181 0.255663 0.656264 0.088073
15479 0.056425 0.383903 0.559672
9164 0.720945 0.036753 0.242303
9111 0.333741 0.334318 0.331942
8441 0.379065 0.529302 0.091633
8518 0.019739 0.752774 0.227487
9208 0.197360 0.721639 0.081001
8533 0.411603 0.508894 0.079504
9103 0.848699 0.019973 0.131328
9147 0.192247 0.717711 0.090042
13452 0.123334 0.118193 0.758474
8794 0.314116 0.633976 0.051908
8700 0.688674 0.241750 0.069576
9087 0.467935 0.407829 0.124236
8554 0.160980 0.220132 0.618888
14191 0.794626 0.188360 0.017014
1919 0.058705 0.335446 0.605849
9202 0.169409 0.600994 0.229597
15365 0.171359 0.388563 0.440078
13876 0.237207 0.519979 0.242814
13905 0.100141 0.762191 0.137668
8376 0.067780 0.279806 0.652414
8225 0.119052 0.063722 0.817226
9016 0.257868 0.696889 0.045243
15280 0.982476 0.000774 0.016750
8406 0.056492 0.042807 0.900700
8935 0.330295 0.087432 0.582273
9042 0.154968 0.237753 0.607279
8866 0.777791 0.174281 0.047928
14494 0.209329 0.734297 0.056374
8789 0.828900 0.145151 0.025949
13695 0.378593 0.123879 0.497528
8816 0.016861 0.910697 0.072442
1742 0.290780 0.689004 0.020216
13663 0.622507 0.244297 0.133196
8073 0.356681 0.009409 0.633910
13660 0.072435 0.650512 0.277053
13671 0.079490 0.023202 0.897308
15446 0.344115 0.188320 0.467564
14409 0.176637 0.249194 0.574168
14166 0.667034 0.298583 0.034383
13930 0.615818 0.036456 0.347726
14469 0.110723 0.297126 0.592151
416 0.473126 0.264925 0.261949
14124 0.634781 0.313254 0.051965
9009 0.732437 0.097358 0.170206
13769 0.129362 0.226874 0.643764
8782 0.254231 0.147457 0.598312
14498 0.154542 0.531811 0.313647
14501 0.120133 0.072556 0.807310
14245 0.524880 0.175466 0.299653
8418 0.202268 0.146706 0.651026
13297 0.655337 0.093685 0.250978
8031 0.571862 0.197225 0.230913
8045 0.214807 0.457109 0.328084
10225 0.671097 0.075356 0.253547
15759 0.713757 0.122957 0.163286
8103 0.880861 0.062533 0.056606
7931 0.098070 0.860970 0.040960
10230 0.106081 0.869705 0.024214
9023 0.007658 0.323527 0.668814
414 0.035899 0.114747 0.849354
15359 0.059197 0.531025 0.409778
8009 0.785760 0.139045 0.075194
16609 0.320848 0.238874 0.440278
16632 0.224932 0.606300 0.168768
1748 0.177130 0.073218 0.749652
16561 0.724444 0.156361 0.119196
16511 0.107561 0.000658 0.891781
446 0.699805 0.024007 0.276188
492 0.259398 0.070481 0.670121
430 0.038885 0.116080 0.845034
14009 0.786697 0.120926 0.092377
15442 0.001550 0.797760 0.200689
8581 0.087248 0.707905 0.204847
487 0.149909 0.057634 0.792457
520 0.228797 0.647701 0.123502
5141 0.160490 0.503879 0.335630
14002 0.603854 0.362721 0.033425
17820 0.190206 0.181170 0.628624
5119 0.807250 0.152216 0.040533
17795 0.611418 0.018197 0.370386
17798 0.656294 0.200077 0.143629
13782 0.058872 0.132705 0.808422
13296 0.118823 0.031935 0.849242
9074 0.088269 0.705242 0.206489
9068 0.467221 0.035854 0.496926
13773 0.131438 0.863737 0.004825
13235 0.854717 0.010856 0.134427
5076 0.010116 0.584588 0.405297
14111 0.057663 0.783924 0.158413
14078 0.064044 0.444236 0.491720
8773 0.043735 0.843674 0.112591
14362 0.194470 0.615275 0.190255
15425 0.761704 0.176476 0.061820
1643 0.347766 0.549814 0.102420
1578 0.695676 0.078860 0.225463
19849 0.942665 0.055204 0.002131
20454 0.471400 0.219793 0.308807
2260 0.171045 0.392523 0.436432
8777 0.141680 0.456127 0.402192
14495 0.480434 0.196890 0.322676
1835 0.066385 0.150653 0.782962
8037 0.499714 0.214437 0.285849
18319 0.021332 0.679700 0.298968
17462 0.249847 0.353741 0.396412
17692 0.571435 0.054026 0.374539
4280 0.579975 0.161545 0.258479
814 0.258019 0.233919 0.508062
16309 0.186624 0.353348 0.460028
1215 0.228711 0.562403 0.208887
989 0.057715 0.713619 0.228666
16219 0.083094 0.225565 0.691342
683 0.093501 0.200471 0.706028
1250 0.169555 0.123676 0.706770
1317 0.720480 0.132714 0.146805
16385 0.398845 0.277036 0.324118
1312 0.442006 0.342785 0.215209
1243 0.221102 0.746383 0.032515
16790 0.601868 0.073971 0.324161
2596 0.105684 0.135115 0.759201
2371 0.613166 0.191277 0.195557
2580 0.265533 0.334476 0.399991
1456 0.214726 0.044096 0.741178
19956 0.268267 0.105369 0.626364
19970 0.214490 0.320294 0.465215
4413 0.907607 0.043811 0.048582
17972 0.353169 0.389772 0.257060
17905 0.255121 0.006486 0.738393
17891 0.180746 0.265197 0.554056
17890 0.141118 0.053223 0.805659
4423 0.026685 0.893278 0.080037
17958 0.259525 0.078543 0.661932
17987 0.747902 0.072357 0.179741
4358 0.048132 0.845180 0.106688
667 0.295123 0.391619 0.313258
16304 0.537113 0.071119 0.391768
674 0.176425 0.067891 0.755684
16102 0.025584 0.003703 0.970713
10177 0.159782 0.798403 0.041816
9948 0.169392 0.665542 0.165066
15647 0.353317 0.270429 0.376254
4969 0.040100 0.666586 0.293315
9940 0.897101 0.070733 0.032166
18537 0.149402 0.330646 0.519952
18941 0.202034 0.349150 0.448816
14477 0.130399 0.532996 0.336605
19389 0.478701 0.058980 0.462319
16172 0.762784 0.138584 0.098631
17525 0.545420 0.003878 0.450702
11128 0.090732 0.307099 0.602169
4782 0.809371 0.111622 0.079006
222 0.274732 0.514393 0.210875
16615 0.328150 0.482813 0.189036
17513 0.060116 0.014027 0.925857
88 0.534326 0.465674 0.000000
1 0.309178 0.255180 0.435642
11011 0.750409 0.081174 0.168417
14466 0.378321 0.439646 0.182033
8870 0.042183 0.252472 0.705345
18566 0.649604 0.145721 0.204675
20593 0.664239 0.166730 0.169032
13613 0.060366 0.020962 0.918671
14520 0.079609 0.854596 0.065795
17628 0.080459 0.021596 0.897946
3187 0.733301 0.010328 0.256370
8786 0.817625 0.018185 0.164190
13715 0.117748 0.070210 0.812042
3544 0.120146 0.834664 0.045191
3515 0.756461 0.214562 0.028977
3516 0.055417 0.543565 0.401018
15776 0.294668 0.631049 0.074283
15537 0.057657 0.239657 0.702686
15590 0.869711 0.050037 0.080252
10997 0.042954 0.423451 0.533595
16962 0.305564 0.040923 0.653513
8 0.258803 0.033037 0.708160
10402 0.068830 0.648511 0.282659
11463 0.853574 0.008975 0.137451
11441 0.005910 0.123548 0.870542
14727 0.277318 0.147749 0.574932
14707 0.368222 0.077552 0.554226
14698 0.438304 0.329095 0.232601
9370 0.646424 0.104672 0.248904
10310 0.619100 0.297576 0.083324
10940 0.367580 0.372102 0.260319
11206 0.755213 0.048031 0.196757
11205 0.029693 0.051733 0.918575
6244 0.353714 0.404046 0.242240
11869 0.051006 0.514665 0.434329
5808 0.666155 0.307410 0.026435
6234 0.827166 0.060163 0.112671
9519 0.117138 0.210100 0.672762
14938 0.651393 0.137825 0.210782
9276 0.625306 0.219828 0.154866
9266 0.749662 0.197567 0.052771
9450 0.311533 0.675720 0.012747
15175 0.163207 0.290568 0.546225
11301 0.675991 0.072998 0.251012
9589 0.250652 0.293643 0.455705
11364 0.146458 0.088679 0.764863
9644 0.139601 0.522638 0.337760
11275 0.107203 0.007453 0.885345
11293 0.252765 0.221900 0.525335
11534 0.909541 0.044856 0.045602
11549 0.166402 0.420731 0.412867
11269 0.181828 0.302700 0.515472
9828 0.006669 0.787373 0.205958
11537 0.240723 0.726490 0.032788
12566 0.677064 0.180396 0.142541
5877 0.815828 0.000590 0.183582
11471 0.168182 0.117581 0.714238
14831 0.278625 0.686159 0.035216
14775 0.597826 0.277428 0.124746
11459 0.110559 0.076915 0.812527
5837 0.760684 0.016195 0.223120
12723 0.059978 0.866742 0.073280
6209 0.925087 0.009288 0.065625
9749 0.235824 0.695044 0.069132
5879 0.034105 0.476664 0.489231
12697 0.369655 0.535117 0.095228
12690 0.321419 0.414797 0.263784
9900 0.128016 0.056739 0.815245
5924 0.089884 0.742438 0.167678
5772 0.096713 0.858954 0.044333
11499 0.119726 0.302206 0.578068
12870 0.599913 0.140511 0.259576
5790 0.121406 0.520097 0.358497
11818 0.136808 0.568379 0.294813
11815 0.193620 0.429281 0.377099
5818 0.266866 0.698016 0.035118
11233 0.357019 0.332314 0.310666
9601 0.014691 0.216145 0.769165
11607 0.159857 0.757763 0.082380
9421 0.292116 0.227675 0.480209
15053 0.256865 0.038938 0.704198
10535 0.010112 0.827618 0.162270
14847 0.591319 0.204710 0.203971
6487 0.247780 0.195781 0.556439
10799 0.318286 0.410755 0.270958
6101 0.093930 0.454422 0.451648
11702 0.665620 0.132973 0.201407
5796 0.072905 0.521631 0.405465
16164 0.085868 0.858176 0.055956
6433 0.345514 0.141695 0.512791
10393 0.763108 0.096969 0.139923
10542 0.110435 0.758140 0.131425
14614 0.582586 0.060597 0.356817
14890 0.006958 0.762863 0.230179
5521 0.634721 0.333966 0.031313
5579 0.043788 0.000000 0.956212
11644 0.616152 0.220467 0.163382
11640 0.137348 0.615667 0.246985
6019 0.741714 0.097013 0.161273
15023 0.033445 0.398835 0.567720
9270 0.047914 0.133727 0.818359
12306 0.524583 0.100060 0.375357
10025 0.297011 0.516522 0.186467
9856 0.267781 0.015298 0.716922
11608 0.039228 0.094101 0.866671
11177 0.148433 0.329595 0.521972
5330 0.546915 0.177099 0.275985
11567 0.219464 0.341443 0.439094
9419 0.011037 0.947640 0.041323
11558 0.041802 0.046307 0.911890
15093 0.439833 0.213222 0.346945
9424 0.063376 0.658875 0.277749
14844 0.384643 0.053604 0.561752
14585 0.140030 0.584321 0.275649
15118 0.024942 0.364952 0.610106
15146 0.116922 0.046485 0.836593
6188 0.095618 0.109415 0.794968
9757 0.191343 0.277507 0.531149
11135 0.128854 0.105271 0.765875
12579 0.526765 0.334477 0.138759
17621 0.067039 0.760610 0.172351
11195 0.786353 0.085608 0.128039
5401 0.333548 0.292519 0.373934
11209 0.224619 0.631480 0.143901
6744 0.229771 0.597480 0.172749
7759 0.181560 0.716426 0.102014
12258 0.645155 0.200112 0.154732
12390 0.357424 0.094996 0.547581
12388 0.345205 0.026335 0.628459
12029 0.242466 0.276584 0.480950
12204 0.843202 0.000000 0.156798
7637 0.350746 0.458308 0.190946
12509 0.448145 0.427636 0.124219
6669 0.184488 0.523047 0.292465
12437 0.647265 0.060341 0.292394
12155 0.029688 0.285132 0.685180
7627 0.848563 0.033851 0.117586
14744 0.166518 0.206660 0.626822
1868 0.157165 0.635292 0.207543
19376 0.109373 0.283523 0.607104
16119 0.113860 0.059848 0.826292
11807 0.731873 0.223889 0.044238
12572 0.045702 0.271087 0.683211
9722 0.551822 0.418948 0.029231
11298 0.472931 0.348792 0.178277
9868 0.823319 0.146024 0.030657
7603 0.392441 0.565407 0.042152
6123 0.172375 0.712961 0.114664
12178 0.443783 0.393203 0.163014
12073 0.594858 0.151226 0.253916
6119 0.628067 0.362261 0.009672
6863 0.159018 0.631306 0.209676
10423 0.194158 0.003978 0.801864
11617 0.053886 0.612012 0.334102
11712 0.030621 0.008529 0.960850
11708 0.099062 0.896282 0.004656
11604 0.002775 0.589483 0.407742
6455 0.069894 0.800711 0.129395
10795 0.168974 0.573025 0.258001
6335 0.269985 0.640390 0.089625
10636 0.020478 0.070394 0.909128
12982 0.179352 0.267274 0.553374
7592 0.128868 0.233036 0.638097
11629 0.358306 0.018393 0.623300
10820 0.189825 0.434061 0.376113
6559 0.614221 0.038609 0.347170
6530 0.679814 0.315909 0.004277
10829 0.393420 0.276949 0.329631
6311 0.034057 0.145874 0.820069
13126 0.481277 0.101640 0.417083
12059 0.594127 0.218059 0.187813
13044 0.082003 0.725280 0.192717
6565 0.233263 0.201367 0.565370
10878 0.785900 0.193683 0.020417
11673 0.098590 0.874956 0.026455
11659 0.111352 0.820539 0.068109
6097 0.759891 0.003761 0.236348
6094 0.027653 0.675181 0.297166
6445 0.062705 0.881872 0.055422
5988 0.074651 0.212881 0.712468
7451 0.209799 0.688726 0.101475
5980 0.038122 0.894408 0.067470
7543 0.068344 0.208480 0.723176
5959 0.178185 0.250532 0.571282
5951 0.043521 0.622220 0.334259
10360 0.355925 0.223903 0.420172
10302 0.575493 0.350930 0.073576
9327 0.207747 0.253819 0.538434
5566 0.453030 0.339839 0.207131
9581 0.025738 0.290296 0.683966
11241 0.234009 0.613428 0.152563
9704 0.857454 0.084628 0.057918
11853 0.136203 0.163084 0.700713
11860 0.222746 0.299190 0.478064
6183 0.155078 0.085493 0.759429
11754 0.693524 0.196547 0.109929
6128 0.834356 0.158506 0.007138
11756 0.011295 0.792243 0.196462
11739 0.137749 0.662402 0.199850
10784 0.007867 0.935461 0.056672
10812 0.364050 0.352613 0.283338
10866 0.400089 0.456442 0.143469
5691 0.057040 0.604350 0.338610
10755 0.578675 0.379183 0.042142
14736 0.072206 0.313905 0.613888
11906 0.352022 0.058592 0.589386
12089 0.213380 0.737760 0.048860
70 0.378168 0.349550 0.272281
12311 0.235283 0.744743 0.019973
6692 0.201627 0.456031 0.342342
10905 0.384433 0.185059 0.430507
5296 0.603528 0.149398 0.247074
19363 0.517391 0.315731 0.166877
5377 0.428226 0.553720 0.018054
19370 0.405639 0.520693 0.073668
5 0.206737 0.019275 0.773989
6766 0.176085 0.597452 0.226464
3448 0.000000 0.790572 0.209428
19640 0.355113 0.416040 0.228847
2985 0.506500 0.203399 0.290100
4910 0.081093 0.861358 0.057549
7058 0.321372 0.525918 0.152710
19248 0.295712 0.093678 0.610609
4911 0.055688 0.223568 0.720744
7003 0.434240 0.244352 0.321408
4936 0.304537 0.014878 0.680585
19279 0.066183 0.481215 0.452602
7207 0.598217 0.179914 0.221868
19194 0.812841 0.072257 0.114902
19202 0.337717 0.035602 0.626681
19178 0.326913 0.470174 0.202913
7015 0.693556 0.021887 0.284557
19283 0.373052 0.269663 0.357285
6948 0.485655 0.121457 0.392888
18615 0.016200 0.057529 0.926270
3061 0.790863 0.148844 0.060293
3072 0.182141 0.777176 0.040683
18821 0.656883 0.141593 0.201524
19036 0.292953 0.330739 0.376309
2834 0.183189 0.796836 0.019975
19544 0.082812 0.073556 0.843632
18623 0.032324 0.474169 0.493507
19588 0.333797 0.460992 0.205210
18701 0.120060 0.738797 0.141143
18793 0.302215 0.359175 0.338610
3278 0.145611 0.106668 0.747722
18713 0.159462 0.301880 0.538658
3422 0.773749 0.016800 0.209451
2972 0.808367 0.144757 0.046876
19572 0.291283 0.104705 0.604012
2980 0.431681 0.274597 0.293723
15658 0.321032 0.076023 0.602945
19452 0.034348 0.942192 0.023460
19215 0.116973 0.460725 0.422303
20606 0.083358 0.185804 0.730838
3868 0.156715 0.199350 0.643935
20559 0.719017 0.019760 0.261223
3878 0.362855 0.452460 0.184685
18539 0.324188 0.516402 0.159410
3180 0.140241 0.268563 0.591196
18549 0.657759 0.287311 0.054929
18538 0.377976 0.363172 0.258852
20747 0.358359 0.626447 0.015194
20730 0.374529 0.167138 0.458333
18569 0.823900 0.143729 0.032371
3411 0.108783 0.787186 0.104032
8231 0.126816 0.652363 0.220821
2732 0.391367 0.370343 0.238290
21046 0.109461 0.240810 0.649729
3729 0.387791 0.307314 0.304895
2844 0.538023 0.076852 0.385125
20641 0.060463 0.928444 0.011093
21118 0.075829 0.630617 0.293554
20471 0.395125 0.112157 0.492718
3468 0.202609 0.655109 0.142282
2933 0.394514 0.268347 0.337140
8899 0.274018 0.367362 0.358620
8907 0.651777 0.090305 0.257919
8891 0.923344 0.065531 0.011125
19552 0.918582 0.038983 0.042435
13248 0.825973 0.042941 0.131085
3240 0.324221 0.022247 0.653532
20723 0.105519 0.292339 0.602143
3252 0.104056 0.677452 0.218492
3158 0.480221 0.144997 0.374783
20790 0.138339 0.071760 0.789901
3195 0.023857 0.722966 0.253177
3244 0.158538 0.266501 0.574961
18545 0.020424 0.101209 0.878367
3266 0.025490 0.680626 0.293884
18751 0.958184 0.008749 0.033067
3848 0.262136 0.444305 0.293559
18693 0.554761 0.238715 0.206524
18663 0.604902 0.131602 0.263496
19715 0.240193 0.687697 0.072110
3293 0.608613 0.138843 0.252543
20626 0.199014 0.540115 0.260872
3694 0.637709 0.349154 0.013137
20477 0.359983 0.194153 0.445864
18770 0.191218 0.484939 0.323843
20787 0.046422 0.220597 0.732981
21085 0.479017 0.503983 0.016999
19030 0.191271 0.039787 0.768942
3315 0.669701 0.183001 0.147298
20851 0.529233 0.318708 0.152059
19137 0.245553 0.027920 0.726527
3577 0.027760 0.259589 0.712652
19526 0.631987 0.097640 0.270374
4832 0.656523 0.005396 0.338080
19533 0.325050 0.200079 0.474871
3920 0.051906 0.422085 0.526009
3681 0.308500 0.294264 0.397236
3832 0.070561 0.067192 0.862247
19694 0.118562 0.283384 0.598054
19265 0.098643 0.161318 0.740039
19244 0.654668 0.121790 0.223542
20727 0.647939 0.165939 0.186122
18551 0.172366 0.766592 0.061042
3784 0.746982 0.237033 0.015984
3790 0.164536 0.038705 0.796759
20775 0.980203 0.009412 0.010385
19442 0.020982 0.084358 0.894660
19159 0.533459 0.356544 0.109997
19292 0.099809 0.719331 0.180860
7249 0.657335 0.116887 0.225779
9919 0.960500 0.033514 0.005986
15554 0.087141 0.041530 0.871329
5702 0.207866 0.309690 0.482444
12654 0.768357 0.016006 0.215637
20573 0.652639 0.043815 0.303546
20532 0.717760 0.123764 0.158476
9007 0.002514 0.872959 0.124527
18598 0.063832 0.153962 0.782206
2704 0.571699 0.338792 0.089509
8785 0.397136 0.402986 0.199878
377 0.681888 0.039923 0.278189
12551 0.101185 0.256593 0.642222
4917 0.368721 0.147597 0.483682
19728 0.816912 0.120174 0.062913
19809 0.328852 0.666415 0.004734
19540 0.762746 0.054687 0.182567
19555 0.716483 0.210784 0.072733
3796 0.654086 0.259722 0.086191
20779 0.194510 0.011396 0.794094
2646 0.823973 0.007173 0.168854
18571 0.224869 0.491364 0.283767
18581 0.518577 0.294731 0.186693
19116 0.064585 0.038647 0.896768
19065 0.186644 0.806155 0.007201
2925 0.353022 0.535250 0.111728
18995 0.097255 0.727352 0.175393
13719 0.107727 0.633452 0.258821
18593 0.044896 0.758048 0.197056
3483 0.769637 0.088933 0.141430
19525 0.388421 0.031976 0.579603
19806 0.155268 0.438768 0.405964
19805 0.125676 0.414572 0.459752
12877 0.454178 0.428773 0.117050
5715 0.088651 0.806674 0.104675
3532 0.429326 0.480286 0.090389
3511 0.267948 0.641798 0.090254
5746 0.437412 0.496895 0.065693
20538 0.713330 0.275966 0.010704
20912 0.045026 0.942363 0.012612
3531 0.569432 0.355092 0.075476
10996 0.495237 0.128276 0.376488
19791 0.204934 0.111038 0.684028
4869 0.072001 0.873954 0.054045
5950 0.263039 0.532959 0.204002
4484 0.302711 0.332879 0.364410
4481 0.335797 0.012990 0.651213
18437 0.003235 0.720422 0.276343
4047 0.243059 0.552297 0.204644
4048 0.278804 0.614203 0.106993
17820 0.882212 0.015513 0.102275
17824 0.152249 0.179363 0.668388
18349 0.580052 0.210937 0.209011
4538 0.777199 0.063456 0.159344
5119 0.027216 0.912820 0.059964
4078 0.182063 0.731694 0.086243
4079 0.282755 0.604749 0.112496
5058 0.078921 0.185205 0.735874
17443 0.177743 0.278769 0.543489
18161 0.279320 0.608430 0.112251
5218 0.043810 0.611090 0.345100
5094 0.104946 0.142007 0.753047
17278 0.044123 0.886819 0.069058
5025 0.041708 0.878228 0.080064
5029 0.004914 0.981336 0.013750
17257 0.083300 0.003357 0.913343
17333 0.257761 0.039908 0.702330
17273 0.432017 0.036144 0.531839
5205 0.176280 0.791868 0.031852
271 0.347003 0.313119 0.339878
16147 0.096051 0.201725 0.702224
16142 0.688153 0.080431 0.231416
16045 0.113594 0.855242 0.031164
305 0.014382 0.973631 0.011987
247 0.085760 0.902680 0.011560
11087 0.479426 0.100330 0.420243
5454 0.897927 0.082458 0.019616
16175 0.530720 0.029054 0.440226
16173 0.761882 0.045079 0.193039
174 0.033875 0.814166 0.151959
16945 0.080716 0.893312 0.025972
18435 0.401000 0.127835 0.471165
4455 0.351993 0.538868 0.109139
4114 0.554336 0.070522 0.375143
5157 0.178412 0.536606 0.284982
5132 0.110421 0.529639 0.359940
17821 0.384993 0.532507 0.082500
962 0.234984 0.672243 0.092772
955 0.226252 0.503509 0.270238
958 0.826757 0.045687 0.127556
18030 0.289775 0.174618 0.535607
954 0.223059 0.504756 0.272185
17023 0.195551 0.409150 0.395299
590 0.633572 0.100734 0.265694
587 0.263429 0.548769 0.187802
633 0.739357 0.059777 0.200866
4585 0.343861 0.611613 0.044526
4602 0.162462 0.726625 0.110913
4578 0.126799 0.844567 0.028634
3976 0.332009 0.494750 0.173241
3975 0.158245 0.693767 0.147988
18300 0.004870 0.907406 0.087724
18295 0.060681 0.259950 0.679369
3994 0.003487 0.854671 0.141842
3995 0.032119 0.894666 0.073215
18305 0.006669 0.928588 0.064743
18307 0.085298 0.001916 0.912786
18244 0.371438 0.187513 0.441049
18250 0.473392 0.515621 0.010987
18245 0.105633 0.233867 0.660500
4039 0.078124 0.919337 0.002539
17336 0.012738 0.810200 0.177062
17336 0.108452 0.302400 0.589149
4251 0.198910 0.131357 0.669733
4212 0.221213 0.460871 0.317916
4214 0.112470 0.396549 0.490981
4234 0.066698 0.388405 0.544897
4226 0.366403 0.388133 0.245464
17412 0.331402 0.092595 0.576004
17338 0.095823 0.659233 0.244944
17974 0.417035 0.183240 0.399724
17992 0.147180 0.365117 0.487703
4428 0.470321 0.331877 0.197803
4389 0.854665 0.103890 0.041444
4380 0.806528 0.186471 0.007001
17906 0.083446 0.228551 0.688002
4454 0.174984 0.616403 0.208613
4322 0.117275 0.390764 0.491961
4321 0.085108 0.478349 0.436543
17928 0.827339 0.132037 0.040624
4359 0.630119 0.121796 0.248085
17916 0.339655 0.648596 0.011749
4361 0.155228 0.822490 0.022282
17930 0.165126 0.365679 0.469196
4334 0.067188 0.305949 0.626863
4341 0.031790 0.236643 0.731566
17919 0.013161 0.093274 0.893565
17918 0.836261 0.126370 0.037369
4351 0.582593 0.155857 0.261551
4335 0.183410 0.586170 0.230420
17931 0.739203 0.145614 0.115183
17937 0.686134 0.197627 0.116238
4349 0.732800 0.192965 0.074235
17975 0.115922 0.289452 0.594626
17943 0.308005 0.078031 0.613964
4343 0.062306 0.270743 0.666951
4340 0.282404 0.084444 0.633152
17914 0.563309 0.228504 0.208187
17914 0.621027 0.030397 0.348576
4572 0.237704 0.444432 0.317864
18405 0.317972 0.450173 0.231855
18387 0.312979 0.649393 0.037627
4349 0.163869 0.149677 0.686454
647 0.072228 0.013370 0.914402
17018 0.229607 0.280886 0.489506
4518 0.414379 0.123291 0.462330
18323 0.099528 0.656364 0.244107
4069 0.149495 0.177307 0.673198
18302 0.522073 0.000407 0.477520
5144 0.307752 0.064142 0.628107
17803 0.556190 0.071339 0.372472
5145 0.565785 0.170214 0.264001
343 0.232254 0.560924 0.206823
344 0.140395 0.402597 0.457008
17079 0.060192 0.142334 0.797474
18445 0.000165 0.421830 0.578005
18426 0.417026 0.329791 0.253183
4515 0.587857 0.186116 0.226028
5120 0.853076 0.120586 0.026338
5136 0.893926 0.007975 0.098099
17790 0.774383 0.062505 0.163112
5152 0.142892 0.249002 0.608106
18217 0.151840 0.750725 0.097435
4076 0.331932 0.596469 0.071599
17124 0.081934 0.457896 0.460169
17123 0.064931 0.433768 0.501300
18055 0.055955 0.455536 0.488509
4461 0.367590 0.295148 0.337262
4462 0.235141 0.217963 0.546896
18458 0.120361 0.303134 0.576505
940 0.562347 0.030290 0.407362
941 0.197458 0.510119 0.292423
556 0.620051 0.283832 0.096116
537 0.242876 0.197284 0.559840
544 0.177413 0.654404 0.168183
544 0.057494 0.134510 0.807996
18415 0.100482 0.271961 0.627557
18416 0.360916 0.262349 0.376735
18411 0.582001 0.400258 0.017742
5154 0.000827 0.414359 0.584813
17799 0.193095 0.010171 0.796734
5148 0.924831 0.028208 0.046960
17047 0.550107 0.246161 0.203732
16638 0.305631 0.594915 0.099454
16639 0.364693 0.052336 0.582971
16518 0.708088 0.246899 0.045013
16518 0.187323 0.434919 0.377758
16511 0.655145 0.315775 0.029080
16512 0.585557 0.128256 0.286188
16640 0.207772 0.410067 0.382162
16641 0.145296 0.653125 0.201579
18399 0.618867 0.028603 0.352531
4565 0.036780 0.777707 0.185514
4564 0.294778 0.517773 0.187449
4361 0.134435 0.083297 0.782268
4576 0.515671 0.477457 0.006872
18372 0.836263 0.140791 0.022946
18372 0.193249 0.661515 0.145235
4574 0.430526 0.281825 0.287649
4617 0.194205 0.085159 0.720636
4467 0.443340 0.242626 0.314034
18421 0.470528 0.376125 0.153347
18420 0.577494 0.110592 0.311914
4505 0.143974 0.037192 0.818834
4488 0.118739 0.576052 0.305209
4487 0.060441 0.256593 0.682966
16665 0.947057 0.046010 0.006933
347 0.022536 0.638624 0.338840
16519 0.464065 0.060034 0.475902
16520 0.337891 0.542829 0.119280
16515 0.668031 0.272446 0.059523
16515 0.013269 0.052265 0.934466
350 0.635376 0.257458 0.107166
17066 0.113539 0.355868 0.530594
642 0.504320 0.150437 0.345243
644 0.050776 0.791897 0.157327
17045 0.321392 0.289222 0.389387
646 0.372763 0.386059 0.241177
17932 0.112919 0.463616 0.423465
17976 0.141622 0.501179 0.357199
17979 0.044833 0.539324 0.415843
626 0.089684 0.221601 0.688715
626 0.368917 0.368364 0.262720
17040 0.170611 0.459340 0.370049
4558 0.754924 0.245076 0.000000
4557 0.951631 0.048369 0.000000
4557 0.165833 0.787080 0.047087
18327 0.059688 0.893284 0.047027
18328 0.082935 0.862917 0.054147
4614 0.236228 0.614321 0.149451
18337 0.497940 0.179892 0.322167
4614 0.038502 0.585308 0.376190
17108 0.754123 0.052322 0.193554
329 0.681926 0.112261 0.205812
17155 0.026699 0.126746 0.846556
511 0.311850 0.251155 0.436995
533 0.154716 0.544251 0.301032
17154 0.219098 0.745092 0.035811
18358 0.372168 0.130176 0.497656
17969 0.294707 0.048523 0.656770
4319 0.020837 0.211689 0.767474
17833 0.087122 0.563844 0.349033
17872 0.505613 0.053123 0.441264
17881 0.761709 0.043240 0.195051
17884 0.898264 0.050578 0.051158
4342 0.235021 0.360672 0.404308
4350 0.178294 0.466334 0.355372
4354 0.083668 0.585785 0.330548
17918 0.509723 0.114056 0.376221
17918 0.300396 0.079043 0.620561
17918 0.053874 0.007741 0.938385
17093 0.086561 0.170050 0.743389
572 0.700359 0.020913 0.278729
17090 0.329493 0.331796 0.338711
4491 0.143300 0.479019 0.377681
18048 0.117093 0.283041 0.599866
936 0.299464 0.346456 0.354080
17115 0.725395 0.181360 0.093245
547 0.409516 0.155650 0.434834
571 0.089911 0.446686 0.463403
17497 0.621424 0.270406 0.108170
4195 0.479977 0.161654 0.358370
4198 0.290792 0.374521 0.334687
17700 0.707422 0.129429 0.163149
17700 0.135134 0.111157 0.753709
17701 0.613586 0.194062 0.192353
17434 0.022670 0.431281 0.546049
17427 0.055545 0.241733 0.702722
4200 0.016106 0.050983 0.932911
4134 0.256635 0.291523 0.451842
4133 0.175423 0.758473 0.066104
4133 0.076751 0.178156 0.745093
1193 0.224596 0.236340 0.539064
1171 0.123133 0.576769 0.300098
16496 0.099039 0.011191 0.889770
818 0.314050 0.192439 0.493511
818 0.397622 0.545209 0.057169
16186 0.481304 0.485923 0.032772
1223 0.181603 0.439589 0.378808
1224 0.268305 0.633143 0.098552
16490 0.146413 0.651038 0.202548
16445 0.213360 0.237503 0.549137
16445 0.192361 0.743766 0.063873
16446 0.254572 0.185012 0.560416
613 0.694641 0.000000 0.305359
610 0.268146 0.000000 0.731854
612 0.207325 0.737615 0.055061
17071 0.083385 0.756572 0.160043
593 0.407579 0.088199 0.504222
17049 0.224996 0.335674 0.439331
18365 0.285285 0.636385 0.078330
17935 0.646895 0.278532 0.074573
4456 0.109944 0.068489 0.821567
4541 0.099032 0.745990 0.154977
18386 0.169329 0.505817 0.324854
4600 0.228361 0.280467 0.491172
4592 0.227618 0.248118 0.524264
18366 0.042746 0.775596 0.181657
4603 0.214572 0.368717 0.416711
269 0.069053 0.670926 0.260021
16949 0.235489 0.083600 0.680911
16166 0.200395 0.349413 0.450192
16165 0.247005 0.262317 0.490678
244 0.438596 0.558482 0.002922
16950 0.302745 0.428962 0.268293
16952 0.363993 0.141422 0.494585
142 0.438448 0.270814 0.290737
57 0.211633 0.366897 0.421470
17197 0.145943 0.161388 0.692669
17196 0.294003 0.166674 0.539322
17698 0.327720 0.162844 0.509436
17696 0.042825 0.177473 0.779702
17696 0.837260 0.134132 0.028608
17693 0.687753 0.098517 0.213729
17691 0.822967 0.128303 0.048730
17204 0.242606 0.264288 0.493106
5082 0.569804 0.348191 0.082005
5102 0.062550 0.030046 0.907404
5106 0.176589 0.413205 0.410206
17185 0.231160 0.578018 0.190822
5278 0.195404 0.318683 0.485913
16460 0.254976 0.052595 0.692429
1205 0.043039 0.177567 0.779393
822 0.274937 0.140151 0.584912
17706 0.180254 0.757797 0.061949
5266 0.295615 0.696607 0.007778
5062 0.305533 0.270010 0.424457
17312 0.193163 0.774579 0.032258
5043 0.133121 0.532345 0.334534
17126 0.024823 0.205582 0.769595
17102 0.063021 0.090580 0.846399
16106 0.060906 0.037607 0.901487
16102 0.672158 0.000293 0.327549
11100 0.000000 0.299298 0.700702
11100 0.002602 0.941073 0.056325
237 0.631758 0.259101 0.109141
16107 0.397108 0.180839 0.422052
17100 0.438445 0.184092 0.377463
18044 0.341176 0.414844 0.243980
18072 0.124717 0.593314 0.281970
18070 0.332951 0.371365 0.295684
18226 0.386485 0.493141 0.120374
18222 0.053014 0.162095 0.784891
4113 0.525184 0.116195 0.358622
1212 0.748805 0.005464 0.245731
16452 0.227500 0.359999 0.412501
1209 0.685503 0.128205 0.186292
16244 0.737540 0.180099 0.082361
780 0.748926 0.200073 0.051000
16255 0.096525 0.860138 0.043337
746 0.262866 0.566216 0.170918
16221 0.239618 0.295266 0.465117
16259 0.314002 0.175931 0.510067
16184 0.111210 0.801373 0.087417
16238 0.258006 0.551365 0.190629
1207 0.186377 0.433333 0.380290
807 0.032873 0.224388 0.742740
5210 0.089164 0.345368 0.565469
5211 0.814223 0.030502 0.155274
4015 0.735155 0.183533 0.081312
18255 0.701739 0.000880 0.297381
4034 0.218329 0.200353 0.581318
16010 0.957573 0.017224 0.025203
17570 0.139004 0.326932 0.534064
4643 0.352293 0.622649 0.025058
9931 0.116207 0.278383 0.605409
9932 0.015141 0.249697 0.735162
4962 0.734683 0.242674 0.022643
4961 0.103027 0.585653 0.311319
17753 0.291741 0.237783 0.470476
17754 0.254615 0.461215 0.284171
18242 0.046272 0.839985 0.113743
16884 0.444622 0.139970 0.415408
248 0.465110 0.167150 0.367740
1471 0.332901 0.334800 0.332299
15979 0.292436 0.169710 0.537853
15983 0.891975 0.100216 0.007809
4739 0.608084 0.303105 0.088811
4724 0.472921 0.372951 0.154128
17536 0.667370 0.153425 0.179204
17529 0.348869 0.047191 0.603940
17530 0.768588 0.017485 0.213927
19014 0.129421 0.013783 0.856796
17528 0.556632 0.173257 0.270110
4709 0.600357 0.010638 0.389005
17560 0.475909 0.168854 0.355237
18375 0.180572 0.428674 0.390754
4571 0.422365 0.117860 0.459775
17993 0.805137 0.166540 0.028323
17993 0.144453 0.645702 0.209845
18158 0.136885 0.156096 0.707018
18336 0.097372 0.224185 0.678443
17997 0.707659 0.083756 0.208585
17998 0.058927 0.137026 0.804047
513 0.565936 0.224653 0.209412
18046 0.367074 0.327718 0.305207
18046 0.447107 0.049168 0.503725
934 0.282550 0.297121 0.420329
18060 0.289791 0.166697 0.543511
949 0.507032 0.002505 0.490463
18000 0.041704 0.169509 0.788787
252 0.202088 0.441380 0.356532
42 0.705685 0.089807 0.204508
16942 0.053688 0.793528 0.152784
16941 0.654856 0.010897 0.334247
16959 0.145502 0.587740 0.266758
46 0.654855 0.079915 0.265230
277 0.022992 0.812579 0.164429
16068 0.572804 0.255799 0.171396
251 0.594282 0.045501 0.360217
4190 0.120707 0.462249 0.417044
4189 0.284884 0.369774 0.345342
4146 0.508304 0.153731 0.337965
17463 0.234509 0.230967 0.534524
4159 0.241162 0.561478 0.197360
4162 0.523476 0.321726 0.154797
16303 0.158094 0.201443 0.640462
16301 0.350858 0.013198 0.635944
16302 0.364492 0.244453 0.391055
729 0.283125 0.693116 0.023759
5199 0.074619 0.252515 0.672866
17689 0.549385 0.044681 0.405934
17472 0.000212 0.212729 0.787059
17471 0.299546 0.043164 0.657291
4156 0.086459 0.359193 0.554348
17421 0.594798 0.182933 0.222268
17424 0.479311 0.062435 0.458254
5242 0.055675 0.598597 0.345728
5226 0.106495 0.526833 0.366672
5225 0.146816 0.442795 0.410389
17720 0.405131 0.142868 0.452001
5230 0.357024 0.355009 0.287967
17436 0.499617 0.113211 0.387172
4173 0.076738 0.640825 0.282437
4008 0.733273 0.110770 0.155958
18278 0.759517 0.166520 0.073963
18275 0.922046 0.011922 0.066032
4243 0.627498 0.058976 0.313526
17402 0.003588 0.079028 0.917384
4279 0.390311 0.494186 0.115503
4281 0.357092 0.425807 0.217101
4284 0.123647 0.658959 0.217394
17352 0.705127 0.141858 0.153015
4286 0.390090 0.264888 0.345022
4216 0.248904 0.667958 0.083139
4235 0.752696 0.023017 0.224287
4495 0.153120 0.587687 0.259193
4495 0.110012 0.029236 0.860752
4473 0.192903 0.420852 0.386246
4472 0.263537 0.152542 0.583921
18477 0.783209 0.047887 0.168904
18428 0.142621 0.408919 0.448460
4502 0.564758 0.344868 0.090374
18017 0.085966 0.083293 0.830742
906 0.254864 0.029740 0.715396
16116 0.184123 0.410693 0.405184
16115 0.264666 0.457455 0.277880
574 0.344282 0.055400 0.600317
163 0.799187 0.023865 0.176949
16134 0.538027 0.226369 0.235603
16131 0.255743 0.167962 0.576295
11132 0.144891 0.042723 0.812386
5495 0.100938 0.073521 0.825541
11131 0.160618 0.643674 0.195708
16512 0.053198 0.111543 0.835259
362 0.467278 0.006526 0.526196
16644 0.010497 0.325545 0.663957
16645 0.097194 0.887507 0.015300
614 0.654328 0.069607 0.276065
597 0.195496 0.189639 0.614865
17607 0.039275 0.878958 0.081767
17814 0.179708 0.015240 0.805051
5155 0.036438 0.185685 0.777877
17758 0.223599 0.056691 0.719710
17757 0.249114 0.089337 0.661549
4689 0.084549 0.658784 0.256667
17604 0.072696 0.745407 0.181897
17605 0.060625 0.603413 0.335962
17755 0.045131 0.282441 0.672427
111 0.348706 0.473065 0.178229
114 0.318094 0.564265 0.117641
567 0.603037 0.128130 0.268834
5522 0.343171 0.598584 0.058244
11196 0.088517 0.154716 0.756767
5477 0.107473 0.005327 0.887199
16154 0.240538 0.737458 0.022004
16096 0.292337 0.596921 0.110742
16887 0.348249 0.496903 0.154848
4148 0.216721 0.777606 0.005673
17340 0.078792 0.267842 0.653366
4288 0.177915 0.119609 0.702477
17359 0.548217 0.371222 0.080561
17360 0.622758 0.356577 0.020665
4131 0.627766 0.155907 0.216328
4144 0.049032 0.217697 0.733271
4150 0.020291 0.069412 0.910298
17374 0.017358 0.080772 0.901871
4684 0.046837 0.625146 0.328018
4663 0.046820 0.612842 0.340338
17620 0.051879 0.703543 0.244578
17255 0.139599 0.045680 0.814721
17330 0.141132 0.141776 0.717091
17329 0.141923 0.273921 0.584156
294 0.029795 0.521016 0.449189
294 0.157539 0.827582 0.014879
18224 0.355011 0.458885 0.186103
17435 0.149071 0.106273 0.744657
17452 0.447485 0.072197 0.480318
4178 0.781793 0.134233 0.083974
327 0.187989 0.661208 0.150802
16024 0.084946 0.032144 0.882910
16028 0.387938 0.418750 0.193311
318 0.386943 0.217539 0.395518
16024 0.316255 0.172609 0.511135
325 0.000000 0.043056 0.956944
16020 0.141098 0.361611 0.497291
16020 0.104385 0.041379 0.854236
308 0.190350 0.085153 0.724497
313 0.494700 0.387146 0.118154
16029 0.143349 0.193190 0.663462
16030 0.358771 0.364415 0.276814
2411 0.778346 0.103465 0.118189
2410 0.406391 0.001377 0.592232
1573 0.152843 0.066456 0.780701
20053 0.002667 0.691688 0.305645
1617 0.004497 0.549206 0.446297
1620 0.182493 0.749279 0.068228
18950 0.282418 0.469261 0.248321
18948 0.268525 0.113313 0.618162
20124 0.790582 0.171915 0.037503
2461 0.433720 0.050626 0.515655
19827 0.496216 0.034099 0.469685
19876 0.602053 0.092606 0.305341
20099 0.146885 0.064052 0.789063
20127 0.028481 0.045326 0.926193
18894 0.778249 0.028469 0.193283
20007 0.781142 0.123758 0.095101
1622 0.662467 0.222528 0.115005
20122 0.045491 0.369238 0.585270
19927 0.398811 0.100833 0.500356
19928 0.390769 0.100255 0.508976
2368 0.013067 0.480351 0.506582
2580 0.177511 0.001557 0.820932
2474 0.074079 0.643702 0.282219
19917 0.061723 0.876378 0.061899
1402 0.310820 0.512066 0.177114
1400 0.248463 0.397908 0.353629
1458 0.429139 0.205300 0.365561
20134 0.173506 0.177225 0.649269
20101 0.147729 0.648120 0.204151
20104 0.815103 0.000809 0.184088
1567 0.270789 0.226454 0.502757
19999 0.307177 0.540357 0.152466
19995 0.092070 0.735959 0.171971
1582 0.174871 0.798936 0.026193
1575 0.316368 0.081782 0.601850
1585 0.783857 0.090548 0.125595
20708 0.077545 0.210894 0.711561
20113 0.298122 0.391890 0.309988
1487 0.020264 0.835480 0.144256
19865 0.095264 0.703514 0.201222
2339 0.278981 0.575781 0.145238
19950 0.312183 0.609095 0.078722
1493 0.463565 0.107151 0.429284
2388 0.176689 0.529709 0.293601
