22537 0.412196 0.202088 0.385716
3257 0.244209 0.341857 0.413934
8459 0.682393 0.252315 0.065292
12646 0.225995 0.647662 0.126343
8475 0.588880 0.062997 0.348123
21669 0.309670 0.528415 0.161915
12534 0.268067 0.541232 0.190701
15157 0.701185 0.098084 0.200730
3008 0.291639 0.186653 0.521708
8390 0.274200 0.191632 0.534168
12625 0.567922 0.053865 0.378213
3266 0.153827 0.811294 0.034878
8942 0.629365 0.065127 0.305508
4956 1.000000 0.000000 0.000000
8384 0.200654 0.184627 0.614719
9566 0.219855 0.642820 0.137325
16166 0.355811 0.116092 0.528097
15145 0.606242 0.015846 0.377912
9545 0.180997 0.473769 0.345234
22643 0.046137 0.439888 0.513975
22658 0.127914 0.274530 0.597556
16247 0.370596 0.614174 0.015231
22820 0.189250 0.621388 0.189361
20322 0.384358 0.500040 0.115602
20322 0.618150 0.180353 0.201497
2547 0.004837 0.148194 0.846970
8459 0.193524 0.471243 0.335233
16021 0.072659 0.590980 0.336361
9256 0.425054 0.545989 0.028957
22537 0.011950 0.925422 0.062628
22526 0.428618 0.365358 0.206024
3259 0.249931 0.618082 0.131987
3257 0.096011 0.703139 0.200851
15147 0.242860 0.028165 0.728975
10571 0.632950 0.099901 0.267149
22697 0.001390 0.635115 0.363495
22708 0.196806 0.084377 0.718818
20807 0.862413 0.000000 0.137587
22970 0.334408 0.244204 0.421388
12513 0.683162 0.092169 0.224669
12477 0.045348 0.140398 0.814254
12478 0.394991 0.334502 0.270507
4093 0.713330 0.063625 0.223044
4071 0.603262 0.131893 0.264846
21790 0.061372 0.575393 0.363235
22649 0.101705 0.372760 0.525534
19709 0.546815 0.132724 0.320461
8479 0.013492 0.971061 0.015448
24195 0.415023 0.392793 0.192184
22494 0.325900 0.579083 0.095017
23440 0.770554 0.012912 0.216534
23376 0.254083 0.584007 0.161910
22494 0.769318 0.140760 0.089922
23375 0.034447 0.093077 0.872476
9546 0.236918 0.610588 0.152493
22668 0.140384 0.059243 0.800373
22821 0.255698 0.728643 0.015659
12157 0.856942 0.036539 0.106519
11441 0.169866 0.768987 0.061147
22780 0.877088 0.118208 0.004704
4093 0.065061 0.156228 0.778711
12533 0.402833 0.416715 0.180451
12534 0.343019 0.576536 0.080445
10568 0.004238 0.082098 0.913665
13255 0.255192 0.636834 0.107974
13255 0.800229 0.133315 0.066456
12984 0.353866 0.628237 0.017897
10440 0.379306 0.285247 0.335447
6001 0.445575 0.426974 0.127451
16035 0.813175 0.172979 0.013845
2949 0.336763 0.301578 0.361660
6804 0.350746 0.649254 0.000000
20787 0.209605 0.357022 0.433373
5021 0.047401 0.705506 0.247093
12666 0.770649 0.010557 0.218794
21908 0.166366 0.110621 0.723013
3943 0.576652 0.149481 0.273867
8696 0.673541 0.298942 0.027518
22737 0.252733 0.289909 0.457358
12626 0.532428 0.245884 0.221688
22736 0.463414 0.437783 0.098803
8395 0.483193 0.301341 0.215466
8406 0.554095 0.419466 0.026439
11483 0.475958 0.014212 0.509830
11483 0.275746 0.700977 0.023276
3235 0.602324 0.261797 0.135878
3266 0.127346 0.263002 0.609651
3266 0.502803 0.154040 0.343157
12501 0.003972 0.231978 0.764049
12587 0.157428 0.189422 0.653150
12501 0.179625 0.367156 0.453219
10751 0.092234 0.715487 0.192279
10488 0.101549 0.797909 0.100542
10489 0.414532 0.016221 0.569247
22701 0.611660 0.370438 0.017902
22712 0.510437 0.380994 0.108568
12504 0.402548 0.004895 0.592556
9365 0.054967 0.631645 0.313388
20789 0.360161 0.541126 0.098713
8429 0.236860 0.164786 0.598354
8420 0.172279 0.318862 0.508859
3279 0.770005 0.198005 0.031990
16869 0.612941 0.198903 0.188155
17414 0.623065 0.093747 0.283189
16299 0.673572 0.081187 0.245241
4751 0.228005 0.417142 0.354853
16012 0.194190 0.367414 0.438396
23367 0.218363 0.729165 0.052471
3303 0.365428 0.331556 0.303016
22481 0.125669 0.739834 0.134496
11533 0.538085 0.198816 0.263099
4088 0.179091 0.043086 0.777823
12615 0.331581 0.221463 0.446955
8497 0.465230 0.385324 0.149446
22010 0.757385 0.151375 0.091240
8950 0.344070 0.356139 0.299791
12499 0.384059 0.603493 0.012448
12590 0.633909 0.234882 0.131209
23044 0.230556 0.688150 0.081294
22657 0.663505 0.106046 0.230449
22657 0.367188 0.359088 0.273724
16861 0.275800 0.621056 0.103144
5481 0.253682 0.164096 0.582222
16029 0.615074 0.227665 0.157261
16027 0.692541 0.059864 0.247595
16026 0.289762 0.210910 0.499328
5533 0.471532 0.182514 0.345954
17426 0.327765 0.481539 0.190696
16286 0.626756 0.057734 0.315509
16286 0.586479 0.322930 0.090592
5963 0.367684 0.214527 0.417790
16203 0.138156 0.722949 0.138894
5964 0.295878 0.532398 0.171724
5956 0.434088 0.123244 0.442668
16202 0.589954 0.335547 0.074499
5939 0.149546 0.542872 0.307582
5939 0.288059 0.683779 0.028162
5938 0.314492 0.264742 0.420765
16467 0.280855 0.123744 0.595401
16483 0.233889 0.194005 0.572105
16482 0.165628 0.830942 0.003430
5943 0.190836 0.434013 0.375151
5943 0.002501 0.918637 0.078863
5938 0.609360 0.193145 0.197496
16485 0.217939 0.610303 0.171759
5936 0.317331 0.682669 0.000000
13229 0.079190 0.843717 0.077093
13229 0.123307 0.494680 0.382013
13231 0.466189 0.090704 0.443107
6031 0.921652 0.031181 0.047167
16181 0.587157 0.142380 0.270462
13229 0.374809 0.222810 0.402381
16180 0.048128 0.620764 0.331108
15516 0.480388 0.389078 0.130535
15516 0.665500 0.087420 0.247079
5916 0.123227 0.159747 0.717026
2898 0.119163 0.121136 0.759701
12944 0.445487 0.030719 0.523794
12954 0.030354 0.880855 0.088792
12944 0.025902 0.381643 0.592455
2911 0.217906 0.033422 0.748672
10616 0.196145 0.199670 0.604185
10614 0.046616 0.922313 0.031071
12951 0.939531 0.046960 0.013508
10625 0.564137 0.333559 0.102304
15482 0.300508 0.476127 0.223364
10612 0.658353 0.209847 0.131800
6242 0.206098 0.006087 0.787815
13204 0.582293 0.146069 0.271638
13191 0.172011 0.494784 0.333205
2762 0.188215 0.086839 0.724946
15480 0.098617 0.234416 0.666967
13193 0.395865 0.037627 0.566508
16513 0.655840 0.300605 0.043555
10656 0.029998 0.136405 0.833597
15477 0.569244 0.187294 0.243462
4908 0.034403 0.363899 0.601699
16493 0.336163 0.627219 0.036618
13003 0.893936 0.055726 0.050338
15486 0.403926 0.287496 0.308578
10755 0.265909 0.025012 0.709079
4969 0.842612 0.022338 0.135050
15998 0.458103 0.097457 0.444440
16016 0.531222 0.245853 0.222925
10617 0.169312 0.442922 0.387766
15287 0.348873 0.131037 0.520090
4900 0.038311 0.737599 0.224090
4905 0.690559 0.022007 0.287434
15434 0.017151 0.325263 0.657586
15440 0.177268 0.062487 0.760246
16821 0.155499 0.372213 0.472289
4968 0.564390 0.006252 0.429358
2751 0.049832 0.746099 0.204070
16840 0.571953 0.097981 0.330067
16816 0.038363 0.815487 0.146150
4968 0.184788 0.188465 0.626747
4910 0.760900 0.162997 0.076103
16803 0.452400 0.087820 0.459780
16836 0.218895 0.199972 0.581133
4910 0.474833 0.407216 0.117951
16803 0.331032 0.403524 0.265444
4913 0.159845 0.765055 0.075100
4910 0.130037 0.630861 0.239102
15980 0.247561 0.477226 0.275212
3996 0.045607 0.753938 0.200455
12969 0.424473 0.159904 0.415623
21736 0.113433 0.303752 0.582815
13097 0.349666 0.367871 0.282462
12982 0.430772 0.110859 0.458369
3078 0.068373 0.271679 0.659949
10405 0.018841 0.282000 0.699159
10568 0.333290 0.486156 0.180555
16038 0.008554 0.457386 0.534060
10574 0.040913 0.359109 0.599978
10448 0.271689 0.436416 0.291895
5920 0.330909 0.569811 0.099280
3072 0.096795 0.822833 0.080371
16079 0.053926 0.142611 0.803462
10577 0.259635 0.171885 0.568480
13172 0.000000 0.007790 0.992210
15949 0.213954 0.772340 0.013707
16145 0.115671 0.543170 0.341159
13113 0.281190 0.457792 0.261017
2798 0.156580 0.185228 0.658191
13259 0.005804 0.634694 0.359502
15711 0.565946 0.332734 0.101320
15711 0.380323 0.065128 0.554549
16227 0.078693 0.186332 0.734975
3041 0.609459 0.074857 0.315684
16253 0.046589 0.080840 0.872571
16146 0.658771 0.314597 0.026631
5899 0.086034 0.869111 0.044855
2016 0.532298 0.213022 0.254680
3040 0.384141 0.286232 0.329627
13135 0.059223 0.000000 0.940777
16147 0.148470 0.666266 0.185264
15562 0.094632 0.743359 0.162009
16228 0.365093 0.315219 0.319688
5882 0.034595 0.725932 0.239473
10480 0.025991 0.795524 0.178485
15562 0.898199 0.075220 0.026580
5901 0.568575 0.307527 0.123898
6243 0.686690 0.258489 0.054821
6243 0.228280 0.090121 0.681599
16255 0.216099 0.319472 0.464428
16229 0.105960 0.022956 0.871084
16149 0.554060 0.030636 0.415304
16149 0.024311 0.131570 0.844119
6244 0.422192 0.479954 0.097854
17435 0.167422 0.609709 0.222869
5902 0.104171 0.641326 0.254503
5902 0.052988 0.165534 0.781479
6241 0.489663 0.302756 0.207581
6241 0.162150 0.635728 0.202122
6244 0.185179 0.742912 0.071909
5903 0.384116 0.507860 0.108024
6183 0.247593 0.099658 0.652750
16536 0.321827 0.133610 0.544563
17431 0.607069 0.313539 0.079392
10724 0.073627 0.131260 0.795113
6184 0.047420 0.096667 0.855914
16537 0.302731 0.219053 0.478216
10725 0.523957 0.053527 0.422516
5536 0.663214 0.194776 0.142010
5487 0.331877 0.280440 0.387682
16538 0.500966 0.305780 0.193254
10719 0.320281 0.177470 0.502249
10726 0.136296 0.142619 0.721085
15986 0.839641 0.127749 0.032610
17557 0.582747 0.268711 0.148542
5537 0.503515 0.051916 0.444570
10727 0.100992 0.281854 0.617153
5020 0.066413 0.000000 0.933587
16934 0.407918 0.384117 0.207965
5019 0.715117 0.173424 0.111458
15987 0.147355 0.113174 0.739471
10728 0.893129 0.070888 0.035983
4750 0.291587 0.072870 0.635543
16162 0.821750 0.097826 0.080423
17689 0.341617 0.506696 0.151687
10729 0.488142 0.377664 0.134194
5541 0.170585 0.211745 0.617670
5541 0.437611 0.310265 0.252124
15989 0.703267 0.167390 0.129343
5540 0.353621 0.411353 0.235026
16258 0.268963 0.586777 0.144260
5814 0.258923 0.734890 0.006187
5813 0.045805 0.155196 0.798999
5575 0.290510 0.685838 0.023652
6030 0.727266 0.078262 0.194472
5555 0.310963 0.576304 0.112733
5803 0.268422 0.436968 0.294609
5016 0.000000 0.581677 0.418323
5546 0.541941 0.000000 0.458059
17557 0.423358 0.296326 0.280316
5487 0.135618 0.656857 0.207525
5487 0.149119 0.479228 0.371654
17431 0.253322 0.378527 0.368152
17431 0.027700 0.396865 0.575435
15984 0.133007 0.624505 0.242488
10724 0.085632 0.636800 0.277568
10724 0.175488 0.782617 0.041894
6244 0.046182 0.884571 0.069246
10723 0.179328 0.000000 0.820672
17435 0.092404 0.185655 0.721942
17435 0.086002 0.312201 0.601797
17436 0.158656 0.648813 0.192531
5502 0.309723 0.032582 0.657695
5502 0.422587 0.310026 0.267387
16246 0.583618 0.141723 0.274659
13248 0.121215 0.060652 0.818132
16098 0.302592 0.031274 0.666134
13252 0.278909 0.308024 0.413067
13253 0.122800 0.779207 0.097993
13109 0.087906 0.332043 0.580051
4962 0.387826 0.563774 0.048400
16260 0.600558 0.105665 0.293776
16102 0.137508 0.321829 0.540663
2788 0.227864 0.398657 0.373480
10453 0.033789 0.885755 0.080456
2797 0.340679 0.334377 0.324944
16239 0.271815 0.535805 0.192381
10489 0.672298 0.233286 0.094416
10740 0.540492 0.184672 0.274836
15980 0.657045 0.086794 0.256161
10502 0.576355 0.295745 0.127901
10466 0.139822 0.860034 0.000144
13284 0.327049 0.633272 0.039679
15935 0.189842 0.222720 0.587439
15935 0.689415 0.002834 0.307751
10468 0.371078 0.117170 0.511752
16246 0.381580 0.194575 0.423846
2833 0.518754 0.075352 0.405894
2825 0.384779 0.202182 0.413039
15129 0.269631 0.150461 0.579908
13250 0.206587 0.693401 0.100012
2832 0.591892 0.263184 0.144924
2829 0.350036 0.625051 0.024913
13246 0.017261 0.595184 0.387555
15959 0.786978 0.151847 0.061175
15974 0.592548 0.383154 0.024298
10457 0.147499 0.610423 0.242077
16175 0.380605 0.134960 0.484435
15121 0.094787 0.440131 0.465082
5816 0.147051 0.269180 0.583769
17452 0.363633 0.076826 0.559541
14636 0.277463 0.151400 0.571137
4975 0.432092 0.126649 0.441259
16268 0.336439 0.056917 0.606644
16816 0.168156 0.301315 0.530530
4984 0.056097 0.194019 0.749884
4767 0.141983 0.645513 0.212505
4755 0.051915 0.546055 0.402030
16266 0.324778 0.618615 0.056607
16300 0.160428 0.754208 0.085363
16305 0.116410 0.853308 0.030282
5815 0.149646 0.469599 0.380756
6056 0.435202 0.115769 0.449029
6056 0.036291 0.900484 0.063225
17451 0.038460 0.635620 0.325920
5486 0.664313 0.307472 0.028215
5815 0.185758 0.177338 0.636904
16236 0.574614 0.100355 0.325032
16309 0.224296 0.242940 0.532763
17450 0.874086 0.113408 0.012506
4753 0.733389 0.146206 0.120404
4753 0.335503 0.566554 0.097943
16287 0.492084 0.102010 0.405907
16258 0.139492 0.217712 0.642796
16258 0.353048 0.019297 0.627655
16257 0.119658 0.506949 0.373393
13238 0.050261 0.576461 0.373278
1859 0.396752 0.195419 0.407829
5531 0.446005 0.077284 0.476711
1858 0.321629 0.587530 0.090841
10732 0.229227 0.673122 0.097651
10793 0.363642 0.507887 0.128470
2741 1.000000 0.000000 0.000000
10793 0.031857 0.379919 0.588224
10731 0.136042 0.794663 0.069295
6206 0.252661 0.388033 0.359307
6242 0.425392 0.083554 0.491054
15498 0.466269 0.418433 0.115298
2931 0.815973 0.098422 0.085605
15520 0.467584 0.502192 0.030223
15444 0.266060 0.080567 0.653373
13226 0.524557 0.067007 0.408436
13215 0.511549 0.218757 0.269694
5892 0.727374 0.220820 0.051806
2930 0.155384 0.043820 0.800796
15513 0.803174 0.027020 0.169806
16214 0.130088 0.686661 0.183251
15518 0.697963 0.074232 0.227805
13231 0.110871 0.324691 0.564438
2899 0.000000 0.736208 0.263792
16487 0.808271 0.082903 0.108827
16201 0.271353 0.153739 0.574908
16201 0.216526 0.508021 0.275453
5968 0.240802 0.055297 0.703901
5963 0.054218 0.491248 0.454534
15565 0.385920 0.199144 0.414936
5962 0.045809 0.118235 0.835956
16286 0.057442 0.678437 0.264121
5951 0.326709 0.659156 0.014134
16207 0.653041 0.021282 0.325676
5950 0.441929 0.525876 0.032195
2002 0.076166 0.706177 0.217658
5960 0.216432 0.572482 0.211086
5022 0.703812 0.294412 0.001776
16924 0.761188 0.235591 0.003221
16204 0.031760 0.098201 0.870038
14405 0.544941 0.222194 0.232865
16193 0.697908 0.103769 0.198322
2966 1.000000 0.000000 0.000000
14276 0.219935 0.142023 0.638042
14228 0.720633 0.098502 0.180864
3092 0.299002 0.439627 0.261371
5949 0.544651 0.230869 0.224479
5949 0.234024 0.044362 0.721614
2968 0.524862 0.188616 0.286522
5950 0.155940 0.371418 0.472642
15715 0.035733 0.842750 0.121517
16141 0.147638 0.096543 0.755820
5951 0.663582 0.307812 0.028607
16197 0.784802 0.141782 0.073416
3031 0.221096 0.587388 0.191516
2007 0.570816 0.086177 0.343008
2007 0.243303 0.505459 0.251238
16197 1.000000 0.000000 0.000000
5953 0.030497 0.032106 0.937397
5922 0.030705 0.767460 0.201835
5922 0.374489 0.566266 0.059245
16199 0.041725 0.582794 0.375481
16191 0.442686 0.382860 0.174454
16215 0.246537 0.752448 0.001014
2099 0.261332 0.382668 0.356000
10653 0.034824 0.638357 0.326820
10653 0.278257 0.493206 0.228537
5918 0.021709 0.143037 0.835254
5891 0.078603 0.781012 0.140385
2928 0.008804 0.490957 0.500240
12945 0.677420 0.066733 0.255847
5909 0.635294 0.077736 0.286970
17687 0.453635 0.037299 0.509066
6206 0.550810 0.268626 0.180564
5539 0.725557 0.074499 0.199944
6262 0.107586 0.814156 0.078258
6205 0.195418 0.692597 0.111986
6262 0.255472 0.199288 0.545240
5907 0.070879 0.897005 0.032116
16155 0.250327 0.092798 0.656875
5907 0.189693 0.027061 0.783246
16154 0.373942 0.039323 0.586735
5889 0.180951 0.113884 0.705165
16153 0.582443 0.021420 0.396137
5888 0.185855 0.125113 0.689032
2099 0.070453 0.480644 0.448903
16233 0.330817 0.635389 0.033794
16232 0.479419 0.086237 0.434345
5883 0.126533 0.323101 0.550366
15407 0.733344 0.040675 0.225981
2094 0.757088 0.035785 0.207127
5874 0.577266 0.017128 0.405606
5875 0.699806 0.065014 0.235180
5875 0.403966 0.487147 0.108887
15573 0.105191 0.200907 0.693902
5876 0.039086 0.919376 0.041539
9650 0.332917 0.043077 0.624005
16223 0.376230 0.052725 0.571045
2088 0.282949 0.331831 0.385220
15710 0.568177 0.415245 0.016577
5912 0.269802 0.550661 0.179537
15282 0.385460 0.307955 0.306585
16140 0.069731 0.038274 0.891995
15404 0.097337 0.285755 0.616908
15411 0.251598 0.034346 0.714056
15286 0.048490 0.285355 0.666154
15975 0.031382 0.303898 0.664719
2955 0.534318 0.042203 0.423479
14259 0.099716 0.812333 0.087950
5914 0.166937 0.708672 0.124391
5970 0.239258 0.130613 0.630129
16193 0.060309 0.075479 0.864212
2313 0.144826 0.620999 0.234175
14232 0.457120 0.080184 0.462696
13882 0.169271 0.618830 0.211899
8394 0.121995 0.648103 0.229902
20391 0.263068 0.144231 0.592702
20098 0.042157 0.230355 0.727488
11316 0.047054 0.427843 0.525104
20098 0.083716 0.584087 0.332197
11304 0.497807 0.278345 0.223848
12481 0.658957 0.069109 0.271934
12512 0.163008 0.691046 0.145946
12501 0.191785 0.643196 0.165019
22709 0.880808 0.075122 0.044070
12502 0.763182 0.204700 0.032117
22698 0.162710 0.168854 0.668437
22972 0.012966 0.893858 0.093176
22710 0.044962 0.899180 0.055858
22699 0.041356 0.056148 0.902496
22699 0.268263 0.051505 0.680232
22698 0.452505 0.121392 0.426103
22845 0.143847 0.082469 0.773683
22707 0.085789 0.019304 0.894907
22995 0.079354 0.287200 0.633446
22705 0.247884 0.663516 0.088600
8937 0.244673 0.227649 0.527678
8499 0.590449 0.385815 0.023736
22072 0.331231 0.280918 0.387850
20800 0.196682 0.162216 0.641102
21792 0.300028 0.232854 0.467117
21909 0.542798 0.358098 0.099104
21916 0.063370 0.425520 0.511110
22217 0.086571 0.627153 0.286276
21917 0.039436 0.135784 0.824780
22740 0.152471 0.402215 0.445314
8702 0.082494 0.379352 0.538154
22690 0.160897 0.154932 0.684170
22732 0.020540 0.639633 0.339827
22069 0.444707 0.492470 0.062823
12630 0.120928 0.779224 0.099848
22070 0.264556 0.634664 0.100781
12654 0.023926 0.616007 0.360067
8549 0.331893 0.642373 0.025733
12633 0.103503 0.512167 0.384329
8547 0.338786 0.443150 0.218063
22655 0.115803 0.303582 0.580615
22735 0.778356 0.163169 0.058475
22655 0.606917 0.332312 0.060771
22656 0.018757 0.795550 0.185693
22737 0.766271 0.114675 0.119054
12656 0.360294 0.424409 0.215297
12636 0.018984 0.916414 0.064602
12533 0.222805 0.340785 0.436410
12641 0.109862 0.589282 0.300856
22019 0.846561 0.037930 0.115508
12642 0.355010 0.191054 0.453935
12673 0.652885 0.007176 0.339938
12663 0.177565 0.651341 0.171094
8358 0.329186 0.262542 0.408271
19456 0.645768 0.094316 0.259916
12673 0.009132 0.955455 0.035413
22965 0.068792 0.423610 0.507598
8407 0.912629 0.030868 0.056504
9491 0.610283 0.020087 0.369630
9491 0.085509 0.848422 0.066069
9473 0.280208 0.120986 0.598806
19706 0.549886 0.240610 0.209504
21995 0.004439 0.880821 0.114740
12595 0.535910 0.088676 0.375414
19477 0.133635 0.634824 0.231540
8364 0.212477 0.217168 0.570355
19511 0.371169 0.526872 0.101959
21983 0.602169 0.177897 0.219935
19511 0.187737 0.164481 0.647782
8363 0.229419 0.177267 0.593315
3262 0.315150 0.672145 0.012705
22520 0.046280 0.382276 0.571444
21992 0.634832 0.085201 0.279968
19526 0.496111 0.466853 0.037036
19577 0.550212 0.080424 0.369364
9348 0.856267 0.014796 0.128937
8530 0.439051 0.231461 0.329489
19540 0.826584 0.165774 0.007642
9349 0.144558 0.817849 0.037592
21940 0.267772 0.706293 0.025935
11295 0.182896 0.667306 0.149798
21946 0.055061 0.433060 0.511879
21939 0.203822 0.589176 0.207002
23344 0.091911 0.732901 0.175188
23344 0.200766 0.532663 0.266571
23317 0.679043 0.138607 0.182350
15432 0.052480 0.520652 0.426868
15433 0.226255 0.299701 0.474044
1784 0.946634 0.050418 0.002947
10634 0.554478 0.217285 0.228236
1784 0.386099 0.204639 0.409262
10735 0.024941 0.913483 0.061577
16813 0.473518 0.337804 0.188678
15464 0.198269 0.081682 0.720049
6826 0.365534 0.170244 0.464222
8437 0.617476 0.233888 0.148636
11472 0.081176 0.640021 0.278803
3257 0.754462 0.230787 0.014751
9255 0.328871 0.313198 0.357931
6785 0.752810 0.011560 0.235631
19464 0.274490 0.133710 0.591800
22998 0.163242 0.130680 0.706078
19484 0.289873 0.348787 0.361340
22998 0.622770 0.045579 0.331651
19705 0.624401 0.306003 0.069596
19441 0.866581 0.041779 0.091640
21855 0.583759 0.218498 0.197743
19457 0.183106 0.558443 0.258451
22001 0.758788 0.163170 0.078041
9520 0.126768 0.739904 0.133328
9512 0.659867 0.069230 0.270902
9505 0.136383 0.115407 0.748210
19722 0.108281 0.688275 0.203444
19455 0.244604 0.647301 0.108095
22720 0.007174 0.485737 0.507089
8505 0.619645 0.084524 0.295831
8488 0.831902 0.076928 0.091170
22024 0.039580 0.736219 0.224201
8488 0.310331 0.315374 0.374296
22688 0.356276 0.074782 0.568942
9515 0.150797 0.271811 0.577393
12586 0.356958 0.308779 0.334263
22992 0.134245 0.244760 0.620995
22687 0.345657 0.513496 0.140846
11511 0.562816 0.268174 0.169010
12481 0.011617 0.445619 0.542764
20393 0.169065 0.672501 0.158434
22823 0.788734 0.070368 0.140898
11522 0.515976 0.166497 0.317528
12481 0.471760 0.263619 0.264621
11522 0.295237 0.425731 0.279032
2558 0.005583 0.437296 0.557121
6783 0.361340 0.487700 0.150960
16316 0.260664 0.336158 0.403179
16483 0.594842 0.164430 0.240727
5937 0.675621 0.080458 0.243921
16486 0.591577 0.395842 0.012582
16486 0.144733 0.370431 0.484836
16316 0.497756 0.206207 0.296037
6012 0.612291 0.282144 0.105565
6011 0.603715 0.092969 0.303316
2558 0.117373 0.013180 0.869447
2620 0.332865 0.404052 0.263083
6031 0.009213 0.782972 0.207815
6786 0.228153 0.585388 0.186458
15515 0.015137 0.561877 0.422986
8508 0.812755 0.142474 0.044771
20387 0.633163 0.248559 0.118277
2892 0.083375 0.732571 0.184053
13213 0.362238 0.070807 0.566955
9500 0.053660 0.467194 0.479146
9500 0.511266 0.279552 0.209182
2923 0.209426 0.362302 0.428272
10686 0.518777 0.372782 0.108441
19720 0.589104 0.227317 0.183579
12941 0.661440 0.307066 0.031494
15495 0.028401 0.655044 0.316555
12951 0.192219 0.031532 0.776248
19592 0.786269 0.035799 0.177932
13236 0.195693 0.061176 0.743131
12934 0.750699 0.186738 0.062564
13210 0.130191 0.125230 0.744579
19591 0.507524 0.340693 0.151782
2186 0.150655 0.042867 0.806478
12937 0.544704 0.164533 0.290763
13189 0.186906 0.762145 0.050949
19481 0.080091 0.750135 0.169773
2857 0.108788 0.208212 0.683000
12977 0.258376 0.654640 0.086984
12970 0.458379 0.242447 0.299174
13407 0.238043 0.332179 0.429779
2560 0.378162 0.235965 0.385873
12980 0.075347 0.868493 0.056160
16002 0.256064 0.574298 0.169638
10795 0.231472 0.530128 0.238399
16020 0.321571 0.337371 0.341058
1783 0.124917 0.133037 0.742046
22509 0.176549 0.252908 0.570543
20382 0.262250 0.474211 0.263539
6822 0.377489 0.075990 0.546522
20385 0.726615 0.037931 0.235454
9224 0.309198 0.204298 0.486504
19720 0.346834 0.518950 0.134216
12669 0.237152 0.046502 0.716345
16840 0.358062 0.492417 0.149521
16840 0.143706 0.748441 0.107853
16836 0.006481 0.494108 0.499411
4078 0.343083 0.152423 0.504494
22443 0.074047 0.758243 0.167710
4067 0.690018 0.133708 0.176273
21673 0.229289 0.203922 0.566789
19763 0.229848 0.560743 0.209409
21650 0.009522 0.643474 0.347004
22519 0.688001 0.224788 0.087211
3317 0.091539 0.844191 0.064270
21663 0.050213 0.637601 0.312186
22563 0.693113 0.024172 0.282715
9540 0.678102 0.056331 0.265566
3154 0.207579 0.111250 0.681171
3147 0.403207 0.105867 0.490926
9190 0.182714 0.606572 0.210714
22567 0.513012 0.438803 0.048185
10442 0.123248 0.041799 0.834953
13410 0.275726 0.123384 0.600890
13116 0.732226 0.101386 0.166388
10443 0.466064 0.149300 0.384636
3035 0.031789 0.052590 0.915621
13104 0.750880 0.142091 0.107029
16052 0.288953 0.413296 0.297751
16049 0.563930 0.241320 0.194750
16080 0.050408 0.827658 0.121934
13101 0.452791 0.398393 0.148816
10460 0.113752 0.567752 0.318495
15977 0.210043 0.230952 0.559005
16224 0.834296 0.072307 0.093397
1999 0.834229 0.028498 0.137273
16159 0.126368 0.204431 0.669201
5911 0.032829 0.476825 0.490346
16225 0.558244 0.346475 0.095281
16225 0.166715 0.488930 0.344354
15563 0.362191 0.259174 0.378635
2028 0.334543 0.322886 0.342571
5884 0.059151 0.492910 0.447939
16229 0.288210 0.496358 0.215433
5894 0.118814 0.286525 0.594661
16230 0.218261 0.321190 0.460549
5885 0.692110 0.033848 0.274042
5885 0.029316 0.813439 0.157245
5886 0.301996 0.419520 0.278484
5904 0.635411 0.206038 0.158551
16152 0.742281 0.122854 0.134865
5905 0.106529 0.582845 0.310627
5906 0.198425 0.255884 0.545691
6186 0.620405 0.065621 0.313975
16516 0.033378 0.406323 0.560300
17686 0.080459 0.392087 0.527454
17686 0.493315 0.063489 0.443196
15334 0.176568 0.790697 0.032734
10602 0.136843 0.777311 0.085847
2564 0.551568 0.033828 0.414604
3219 0.622403 0.216928 0.160669
19920 0.094293 0.660644 0.245063
9448 0.278467 0.321253 0.400280
22591 0.838131 0.077402 0.084468
19611 0.274905 0.070001 0.655094
22587 0.272562 0.123365 0.604073
3278 0.591520 0.408480 0.000000
3205 0.270980 0.206208 0.522812
8938 0.051146 0.599851 0.349003
3206 0.422563 0.434118 0.143319
22484 0.657061 0.170279 0.172660
3146 0.681630 0.256046 0.062324
22731 0.149672 0.774977 0.075352
22463 0.138923 0.717775 0.143302
22652 0.314212 0.377585 0.308203
22219 0.251250 0.373897 0.374854
9394 0.109660 0.541612 0.348728
22218 0.363786 0.076163 0.560051
9396 0.145560 0.163225 0.691215
22211 0.510299 0.189988 0.299713
22654 0.664534 0.071022 0.264444
19642 0.286171 0.471854 0.241975
8550 0.206090 0.391580 0.402330
9416 0.142841 0.652531 0.204628
9403 0.378401 0.063006 0.558593
22606 0.039911 0.152472 0.807617
9403 0.615958 0.083887 0.300155
22735 0.092865 0.764282 0.142854
19641 0.944647 0.039318 0.016035
22182 0.238144 0.406291 0.355565
22735 0.398291 0.026973 0.574736
8584 0.345460 0.284666 0.369874
12542 0.916126 0.069154 0.014720
23003 0.682138 0.313802 0.004060
23003 0.205816 0.358195 0.435989
12542 0.295754 0.543466 0.160780
23003 0.058512 0.838614 0.102874
12540 0.572094 0.390004 0.037902
23043 0.639461 0.166898 0.193641
23043 0.215117 0.380558 0.404325
23044 0.479661 0.436696 0.083643
12543 0.752642 0.074318 0.173041
22514 0.072573 0.528488 0.398938
12088 0.616044 0.291930 0.092026
12088 0.159630 0.542558 0.297812
24194 0.473157 0.166658 0.360185
24194 0.274346 0.339750 0.385904
19729 0.067101 0.078441 0.854458
12089 0.801916 0.064954 0.133130
22497 0.609093 0.314139 0.076768
19704 0.146945 0.562170 0.290885
22502 0.654926 0.025892 0.319183
8461 0.327608 0.107829 0.564563
19536 0.149891 0.128953 0.721156
9482 0.077007 0.031124 0.891869
11482 0.638415 0.276334 0.085251
4010 0.482265 0.321454 0.196281
9268 0.071855 0.086481 0.841664
9268 0.255197 0.484091 0.260712
11611 0.104214 0.199885 0.695902
11607 0.403279 0.134057 0.462664
21794 0.269219 0.153989 0.576791
22794 0.530662 0.444516 0.024821
19514 0.536625 0.028987 0.434389
23919 0.624915 0.250964 0.124121
23929 0.399263 0.304252 0.296485
9554 0.390998 0.318758 0.290244
11471 0.286987 0.206310 0.506703
23326 0.441208 0.436602 0.122190
11609 0.435038 0.426082 0.138880
21947 0.155777 0.699711 0.144512
8362 0.001996 0.269667 0.728337
11509 0.692108 0.037830 0.270063
9479 0.541056 0.012086 0.446858
12539 0.716531 0.204496 0.078973
19701 0.199579 0.114719 0.685701
19702 0.826542 0.136257 0.037201
12558 0.128456 0.664162 0.207382
9485 1.000000 0.000000 0.000000
12558 0.263434 0.426287 0.310279
24194 0.106729 0.454342 0.438929
22966 0.237033 0.016141 0.746826
22999 0.182093 0.583161 0.234746
8407 0.154130 0.752439 0.093431
8366 0.206351 0.477666 0.315982
11457 0.106704 0.836476 0.056820
11475 0.180033 0.070449 0.749518
23317 0.414732 0.221985 0.363284
11476 0.012817 0.419236 0.567947
11461 0.037865 0.868218 0.093917
23315 0.745673 0.184109 0.070218
22612 0.279164 0.558640 0.162195
9564 0.436652 0.546120 0.017227
3311 0.313780 0.324429 0.361791
11452 0.494796 0.193327 0.311877
19785 0.138350 0.698846 0.162805
22766 0.141120 0.432272 0.426608
22454 0.590662 0.376705 0.032633
9565 0.473671 0.046129 0.480200
22748 0.650533 0.268536 0.080931
22453 0.827616 0.071308 0.101076
3267 0.379141 0.104063 0.516797
3302 0.033424 0.118126 0.848450
3307 0.005004 0.966078 0.028918
11519 0.431336 0.547668 0.020996
3234 0.562837 0.226371 0.210792
21653 0.032411 0.815195 0.152394
19670 0.147399 0.511334 0.341267
9442 0.951876 0.030704 0.017419
19606 0.202442 0.413266 0.384292
9413 0.739508 0.007282 0.253210
9385 0.449025 0.394124 0.156851
22733 0.112958 0.768078 0.118964
9523 0.658550 0.239262 0.102187
9533 0.119243 0.675616 0.205141
22609 0.231361 0.183670 0.584969
22760 0.077628 0.715388 0.206984
22608 0.661442 0.162471 0.176087
22606 0.770667 0.216426 0.012907
19640 0.028621 0.388964 0.582415
22605 0.577840 0.202423 0.219737
22133 0.786905 0.014611 0.198484
11523 0.182572 0.564428 0.253000
11525 0.040228 0.922146 0.037626
22762 0.465872 0.419961 0.114167
12250 0.135765 0.737433 0.126802
23004 0.343602 0.289864 0.366533
12250 0.520666 0.095295 0.384039
12622 0.358600 0.181410 0.459990
23001 0.138051 0.851995 0.009954
12540 0.313411 0.167014 0.519575
8470 0.051764 0.030662 0.917573
8470 0.055741 0.928345 0.015914
22492 0.276795 0.064906 0.658300
8470 0.200477 0.701907 0.097616
23938 0.052368 0.495194 0.452438
8465 0.753879 0.137468 0.108653
22514 0.550068 0.373700 0.076232
23938 0.176820 0.549535 0.273645
12087 0.130450 0.829811 0.039739
23938 0.274285 0.570069 0.155647
12087 0.337438 0.398726 0.263836
12246 0.294054 0.026143 0.679803
24064 0.869974 0.024966 0.105060
24196 0.034381 0.908047 0.057572
12618 0.174512 0.126851 0.698637
22806 0.090269 0.638644 0.271087
12597 0.430682 0.406921 0.162397
23921 0.544150 0.418280 0.037570
12227 0.223688 0.722722 0.053591
22743 0.470918 0.232773 0.296309
11306 0.286049 0.457229 0.256721
23357 0.255195 0.167559 0.577246
22830 0.270786 0.588564 0.140651
9556 0.111807 0.758913 0.129280
22794 0.292709 0.546727 0.160564
9550 0.270036 0.516691 0.213274
11308 0.335038 0.633431 0.031531
11308 0.345205 0.416961 0.237833
19772 0.433791 0.207916 0.358293
11310 0.056303 0.813544 0.130153
11310 0.708106 0.264943 0.026951
9553 0.652572 0.335736 0.011692
23361 0.732410 0.228026 0.039564
9557 0.667051 0.158788 0.174160
22771 0.358817 0.159131 0.482052
9558 0.486015 0.285190 0.228795
22843 0.116871 0.431764 0.451365
23312 0.372654 0.611759 0.015587
4306 0.057905 0.867639 0.074456
4306 0.056103 0.158154 0.785744
23312 0.047385 0.790831 0.161784
11597 0.289249 0.033411 0.677340
11598 0.134086 0.535310 0.330604
11603 0.625550 0.038617 0.335833
11466 0.013461 0.828347 0.158192
11603 0.533342 0.314833 0.151825
23321 0.164656 0.797557 0.037787
11442 0.079683 0.858485 0.061832
11449 0.306126 0.181853 0.512021
22789 0.663330 0.284042 0.052628
23321 0.495714 0.180474 0.323811
11445 0.398226 0.432829 0.168945
11453 0.220105 0.709338 0.070556
3314 0.116853 0.662996 0.220151
22604 0.567195 0.266559 0.166246
22445 0.233193 0.027706 0.739101
22439 0.611407 0.159644 0.228950
9567 0.011070 0.461477 0.527453
3236 0.163558 0.613957 0.222486
9567 0.303951 0.424886 0.271163
3236 0.650082 0.330807 0.019111
22765 0.364669 0.043428 0.591903
19791 0.060943 0.814895 0.124162
19768 0.227545 0.770625 0.001830
22488 0.434772 0.438586 0.126641
9537 0.099955 0.144983 0.755062
22201 0.078293 0.529513 0.392194
19758 0.365328 0.106018 0.528654
22611 0.544051 0.171192 0.284758
11516 0.337151 0.165769 0.497080
22759 0.115074 0.131403 0.753522
12251 0.542791 0.124535 0.332675
22536 0.198661 0.797319 0.004020
24011 0.452402 0.025880 0.521718
23942 0.557569 0.153954 0.288478
24011 0.430587 0.316464 0.252949
22490 0.061861 0.566967 0.371172
23879 0.674088 0.091930 0.233981
12622 0.097380 0.534967 0.367654
22491 0.000000 0.801496 0.198504
23879 0.696789 0.066104 0.237107
22491 0.000000 0.819252 0.180748
8470 0.214314 0.630184 0.155502
12622 0.001836 0.052875 0.945289
8470 0.137266 0.596165 0.266569
12622 0.094794 0.122376 0.782830
8470 0.107988 0.480001 0.412011
12069 0.487976 0.252629 0.259395
24213 0.013111 0.378264 0.608625
12059 0.781334 0.015916 0.202751
24174 0.462480 0.065326 0.472195
12059 0.149430 0.313960 0.536610
24174 0.065092 0.742394 0.192515
22808 0.256464 0.385696 0.357840
12608 0.187623 0.380449 0.431928
22808 0.159535 0.808262 0.032203
12605 0.354502 0.275921 0.369576
12605 0.041584 0.445236 0.513180
11311 0.221294 0.334693 0.444013
23362 0.045051 0.739116 0.215833
23362 0.152452 0.562269 0.285278
23362 0.330089 0.224509 0.445402
23363 0.192832 0.128576 0.678592
11436 0.345674 0.290809 0.363517
23313 0.627885 0.252342 0.119773
21633 0.240796 0.355965 0.403239
23340 0.003356 0.646325 0.350319
11468 0.342987 0.577512 0.079501
3304 0.472179 0.019078 0.508743
11515 0.222251 0.459727 0.318021
3304 0.026626 0.173579 0.799795
11515 0.651997 0.181042 0.166961
22478 0.065676 0.350591 0.583733
22440 0.006762 0.957083 0.036155
9528 0.756062 0.124391 0.119547
9536 0.223460 0.292692 0.483848
22755 0.142377 0.175321 0.682303
22755 0.209638 0.609435 0.180927
22536 0.199653 0.351792 0.448555
11318 0.735419 0.052772 0.211809
22536 0.175339 0.206133 0.618529
24011 0.464172 0.316575 0.219253
22536 0.100328 0.309350 0.590322
24011 0.549183 0.075997 0.374820
23942 0.449966 0.189005 0.361029
22490 0.035264 0.535031 0.429705
12622 0.136331 0.663643 0.200026
23942 0.227881 0.424638 0.347480
12622 0.327172 0.649475 0.023353
23936 0.247085 0.022753 0.730162
12244 0.328383 0.556421 0.115195
23936 0.096827 0.758154 0.145019
23937 0.120408 0.515845 0.363747
21694 0.312831 0.586234 0.100935
12605 0.824247 0.054363 0.121390
21694 0.761426 0.092075 0.146498
12611 0.396670 0.478774 0.124556
23364 0.514174 0.153227 0.332600
23363 0.277106 0.363486 0.359409
12063 0.885031 0.062696 0.052274
12063 0.067996 0.885483 0.046521
21628 0.388635 0.153699 0.457667
22681 0.020253 0.594625 0.385122
24183 0.694413 0.050846 0.254740
22533 0.453503 0.406596 0.139901
11318 0.204556 0.403499 0.391945
11318 0.409242 0.321113 0.269645
11518 0.610291 0.327009 0.062700
23943 0.241863 0.205653 0.552484
8703 0.112424 0.618227 0.269350
22844 0.050695 0.677814 0.271491
8703 0.068832 0.190972 0.740196
22703 0.610406 0.351746 0.037849
8703 0.104986 0.015789 0.879225
12496 0.454862 0.085955 0.459183
22702 0.377245 0.196277 0.426478
8704 0.366026 0.522805 0.111169
12495 0.209800 0.287551 0.502649
20733 0.564103 0.291643 0.144254
8896 0.155651 0.301248 0.543101
22713 0.288154 0.469055 0.242791
8897 0.528062 0.027862 0.444076
22713 0.224914 0.174772 0.600314
20732 0.187289 0.061638 0.751073
23431 0.799927 0.092740 0.107333
20731 0.165616 0.687398 0.146986
22995 0.209122 0.317829 0.473048
12508 0.308731 0.010670 0.680599
8552 0.064675 0.331225 0.604100
16172 0.616181 0.328024 0.055794
16173 0.092737 0.443256 0.464007
16171 0.157329 0.284047 0.558624
16028 0.128788 0.012014 0.859198
17434 0.461507 0.473207 0.065286
17702 0.508294 0.397604 0.094102
17708 0.366447 0.355472 0.278081
5526 0.000000 0.936772 0.063228
6241 0.000000 0.542863 0.457137
10723 0.783174 0.019802 0.197024
17372 0.369607 0.059435 0.570958
10733 0.226482 0.038061 0.735458
12533 0.341251 0.344504 0.314245
12534 0.020868 0.124808 0.854324
22661 0.467946 0.297993 0.234061
12640 0.363300 0.542022 0.094678
22714 0.430665 0.026571 0.542764
22714 0.064716 0.766247 0.169036
8434 0.180073 0.670506 0.149421
8510 0.408711 0.257108 0.334181
12650 0.235245 0.368711 0.396044
8398 0.009671 0.987911 0.002418
12639 0.799516 0.058654 0.141831
22716 0.039484 0.599070 0.361445
22660 0.710078 0.079090 0.210832
12588 0.301971 0.606891 0.091138
21919 0.052782 0.095863 0.851355
8391 0.125184 0.627489 0.247327
22717 0.344661 0.552735 0.102604
12659 0.166861 0.742687 0.090452
22666 0.356042 0.484822 0.159137
8494 0.170140 0.221775 0.608085
8392 0.166226 0.263324 0.570450
12649 0.641151 0.141304 0.217545
22725 0.052828 0.557122 0.390050
12637 0.203872 0.185990 0.610138
8393 0.397210 0.491133 0.111656
22726 0.304761 0.578991 0.116249
12647 0.265265 0.423041 0.311694
22011 0.174788 0.213172 0.612040
12592 0.429117 0.413814 0.157068
5874 0.064875 0.801384 0.133741
15406 0.439340 0.308239 0.252421
15405 0.377144 0.327635 0.295221
5874 0.238316 0.523035 0.238648
15406 0.575993 0.057119 0.366888
15405 0.366169 0.062809 0.571022
16198 0.240983 0.457830 0.301187
5952 0.151325 0.136166 0.712510
15504 0.116699 0.648160 0.235141
16158 0.036084 0.289322 0.674594
16160 0.197805 0.246854 0.555342
10645 0.311075 0.009892 0.679033
6034 0.428584 0.071597 0.499820
10655 0.206585 0.233536 0.559879
15501 0.309975 0.155207 0.534818
16161 0.299798 0.153137 0.547065
16182 0.142336 0.186716 0.670947
10649 0.223974 0.750688 0.025338
2096 0.037920 0.926491 0.035589
15506 0.160185 0.395842 0.443973
2089 0.086952 0.467228 0.445820
15285 0.772260 0.045372 0.182368
2590 0.616750 0.274014 0.109236
13880 0.617468 0.060889 0.321642
2893 0.190461 0.451704 0.357835
2903 0.159625 0.745002 0.095373
5893 0.073799 0.231535 0.694666
12954 0.439789 0.032653 0.527558
12949 0.317011 0.568043 0.114945
12507 0.132597 0.038748 0.828655
12496 0.068930 0.529688 0.401381
8704 0.660053 0.058004 0.281943
22222 0.321055 0.170347 0.508599
12517 0.187745 0.280755 0.531500
8897 0.173134 0.484918 0.341948
22712 0.032299 0.526471 0.441230
20202 0.264373 0.346161 0.389466
19654 0.108970 0.593729 0.297301
8879 0.317443 0.617714 0.064843
2967 0.474788 0.066249 0.458964
16204 0.255760 0.632948 0.111292
16205 0.179053 0.713506 0.107440
20384 0.329854 0.653394 0.016752
3097 0.012997 0.849730 0.137273
2085 0.546939 0.126416 0.326645
5023 0.032660 0.137756 0.829584
15726 0.049090 0.577823 0.373087
16207 0.175913 0.060468 0.763619
5963 0.633745 0.196530 0.169726
5964 0.589078 0.355572 0.055350
16203 0.196114 0.462520 0.341366
5966 0.265310 0.271417 0.463273
5967 0.145160 0.414441 0.440398
16926 0.977562 0.000670 0.021768
5963 0.171805 0.048451 0.779744
16206 0.236979 0.727427 0.035594
15726 0.376150 0.432503 0.191347
5960 0.235738 0.185657 0.578606
2002 0.416292 0.181301 0.402407
2008 0.900120 0.075125 0.024755
5021 0.067744 0.506928 0.425328
16925 0.192363 0.668702 0.138936
5963 0.831692 0.098993 0.069315
5965 0.068558 0.098605 0.832837
16203 0.175925 0.242159 0.581916
5956 0.252411 0.405317 0.342272
5966 0.325696 0.440830 0.233475
16924 0.463979 0.181705 0.354317
23430 0.349509 0.501368 0.149123
12478 0.625756 0.056480 0.317763
12483 0.523033 0.055995 0.420972
22974 0.613845 0.131305 0.254850
12512 0.381050 0.422057 0.196892
22709 0.730757 0.011034 0.258209
5967 0.254528 0.532071 0.213401
16483 0.834037 0.090833 0.075129
11290 0.147624 0.030983 0.821393
12503 0.035194 0.253809 0.710996
22845 0.297912 0.082098 0.619990
22995 0.377705 0.310133 0.312162
12508 0.377911 0.189468 0.432621
8552 0.118116 0.583329 0.298555
12507 0.935331 0.021920 0.042750
15708 0.494090 0.222865 0.283045
4443 0.054183 0.352951 0.592866
4444 0.017720 0.071657 0.910623
2619 0.143377 0.826070 0.030552
11133 0.140409 0.132795 0.726797
11139 0.215246 0.748538 0.036216
11141 0.234847 0.544133 0.221021
16479 0.372683 0.062145 0.565172
5946 0.210377 0.641993 0.147631
5945 0.650173 0.124520 0.225307
16488 0.667923 0.212418 0.119659
5927 0.229483 0.100116 0.670401
16475 0.173504 0.746090 0.080406
5925 0.151366 0.028997 0.819637
11175 0.155551 0.663765 0.180684
11131 0.070845 0.537907 0.391248
16472 0.286946 0.019412 0.693643
14224 0.520792 0.083509 0.395699
16470 0.059949 0.355785 0.584266
13430 0.533313 0.396194 0.070493
20402 0.314093 0.431626 0.254281
8033 0.343946 0.000000 0.656054
12516 0.526876 0.206829 0.266295
22154 0.239456 0.203106 0.557437
20783 0.239949 0.191197 0.568854
22979 0.606703 0.093520 0.299777
12492 0.120990 0.375967 0.503043
22074 0.156501 0.491772 0.351727
12491 0.370117 0.258555 0.371328
12470 0.326527 0.143531 0.529942
12471 0.298546 0.054179 0.647275
22984 0.221926 0.682347 0.095727
22976 0.027408 0.609851 0.362741
22985 0.399355 0.325019 0.275625
22986 0.242110 0.662820 0.095070
4436 0.002530 0.923685 0.073785
4438 0.072943 0.375588 0.551469
11488 0.532051 0.306316 0.161633
22991 0.453543 0.364343 0.182114
2619 0.118840 0.351822 0.529338
5995 0.450687 0.314440 0.234872
16481 0.325008 0.015511 0.659480
16480 0.235725 0.385930 0.378345
5930 0.423716 0.000000 0.576284
5946 0.127160 0.275845 0.596995
16469 0.310432 0.400059 0.289509
16488 0.235186 0.246613 0.518200
5927 0.240394 0.537075 0.222531
5926 0.276305 0.275857 0.447838
5925 0.119756 0.431912 0.448332
16473 0.791829 0.151068 0.057102
1981 0.155811 0.301057 0.543133
16472 0.248742 0.140535 0.610723
14224 0.228512 0.102463 0.669025
16470 0.034293 0.289112 0.676595
2947 0.519376 0.379375 0.101249
20402 0.415675 0.573043 0.011282
8033 0.307369 0.055632 0.636999
12516 0.523399 0.267463 0.209138
22154 0.224317 0.154869 0.620814
20783 0.263029 0.188163 0.548808
22979 0.527794 0.114600 0.357607
12492 0.093042 0.271674 0.635284
22074 0.078193 0.288288 0.633518
12491 0.142908 0.543208 0.313884
20725 0.454938 0.183165 0.361897
20724 0.358338 0.420384 0.221278
20723 0.242035 0.216525 0.541440
12515 0.024972 0.040528 0.934500
12473 0.707154 0.068164 0.224682
12474 0.440823 0.266826 0.292351
9177 0.461792 0.322857 0.215350
12476 0.364136 0.135747 0.500117
