17207 0.036460 0.395722 0.567818
8732 0.366721 0.575676 0.057603
21405 0.088490 0.647745 0.263765
20595 0.768364 0.072454 0.159182
21412 0.324317 0.637900 0.037783
11084 0.167311 0.580060 0.252629
20624 0.889113 0.024069 0.086818
8731 0.110163 0.354640 0.535197
2766 0.112743 0.127266 0.759991
11202 0.016273 0.900187 0.083540
23956 0.331628 0.053190 0.615182
3368 0.328319 0.385801 0.285880
23870 0.417714 0.153492 0.428794
15369 0.777505 0.074203 0.148291
3137 0.697356 0.161870 0.140774
17140 0.175634 0.076360 0.748006
3167 0.118907 0.503413 0.377680
14531 0.334122 0.453016 0.212861
3394 0.700118 0.058614 0.241268
15294 0.181834 0.240147 0.578018
18999 0.097206 0.869112 0.033682
18350 0.040156 0.829899 0.129945
19404 0.144760 0.388545 0.466695
11335 0.191046 0.413393 0.395560
23843 0.835925 0.116699 0.047376
11528 0.052858 0.406522 0.540620
19045 0.340743 0.438577 0.220679
19215 0.081442 0.149344 0.769214
402 0.108653 0.303281 0.588066
18233 0.212469 0.297639 0.489892
12072 0.045854 0.930760 0.023386
835 0.682759 0.204346 0.112894
12057 0.695271 0.042289 0.262440
17691 0.847967 0.069950 0.082083
433 0.144638 0.836538 0.018824
11627 0.135673 0.215981 0.648346
391 0.178981 0.759273 0.061746
11617 0.199039 0.195824 0.605137
11822 0.797702 0.059477 0.142821
349 0.517091 0.234069 0.248840
24103 0.124002 0.407233 0.468765
21354 0.760060 0.184457 0.055483
11976 0.966027 0.014742 0.019231
2817 0.095105 0.722499 0.182396
19379 0.361114 0.177783 0.461103
21144 0.742260 0.218986 0.038754
356 0.551659 0.309012 0.139330
23334 0.077733 0.308047 0.614221
19132 0.810996 0.045786 0.143219
18965 0.483398 0.160700 0.355902
23470 0.740383 0.163301 0.096316
24018 0.227913 0.736332 0.035755
23992 0.491918 0.413011 0.095070
336 0.300077 0.459157 0.240767
19139 0.112139 0.359292 0.528569
24026 0.653720 0.329189 0.017091
196 0.361099 0.303479 0.335423
5 0.733300 0.231393 0.035307
10803 0.183120 0.474504 0.342376
11428 0.149742 0.259839 0.590419
12146 0.074351 0.692496 0.233153
20089 0.107747 0.312849 0.579404
23518 0.592636 0.172988 0.234375
84 0.006483 0.183569 0.809949
165 0.556662 0.162300 0.281038
69 0.642786 0.346692 0.010523
2148 0.422803 0.575251 0.001946
23416 0.821135 0.100703 0.078163
15990 0.105236 0.529534 0.365231
18625 0.463923 0.258287 0.277790
19354 0.307785 0.604190 0.088025
11114 0.723070 0.127099 0.149830
652 0.808267 0.026357 0.165376
856 0.275354 0.059548 0.665098
19149 0.541137 0.425339 0.033524
12063 0.109048 0.795451 0.095501
18029 0.025362 0.800800 0.173838
837 0.040303 0.923485 0.036212
20179 0.776115 0.155847 0.068037
1974 0.278433 0.148188 0.573379
19093 0.284887 0.463112 0.252000
19243 0.174089 0.636574 0.189337
13802 0.181834 0.037863 0.780303
580 0.416433 0.058041 0.525526
7617 0.252986 0.182991 0.564023
611 0.180502 0.263940 0.555559
8395 0.779224 0.123339 0.097437
8445 0.583302 0.371047 0.045651
19007 0.050010 0.432884 0.517106
18062 0.170514 0.555891 0.273596
14389 0.717848 0.173333 0.108819
11066 0.375816 0.153145 0.471039
23945 0.310656 0.446425 0.242918
20278 0.600182 0.378703 0.021115
8300 0.397006 0.449592 0.153402
21390 0.069223 0.486717 0.444061
12993 0.282229 0.221384 0.496387
21387 0.091841 0.625578 0.282581
8813 0.584019 0.121154 0.294827
11074 0.340409 0.595274 0.064318
14249 0.623838 0.063647 0.312515
10871 0.214041 0.139018 0.646941
21135 0.105145 0.347037 0.547818
19588 0.017823 0.768125 0.214053
19591 0.028633 0.841930 0.129437
18182 0.049977 0.948036 0.001987
3143 0.672727 0.224935 0.102338
8353 0.072380 0.445418 0.482203
13872 0.546083 0.139071 0.314846
18871 0.423771 0.505453 0.070775
13483 0.031184 0.856617 0.112199
2994 0.069170 0.061371 0.869459
2697 0.464114 0.302135 0.233751
2731 0.387919 0.013138 0.598943
2706 0.738201 0.224314 0.037485
217 0.114218 0.839160 0.046622
19341 0.080132 0.708434 0.211434
21170 0.066336 0.674585 0.259079
19372 0.793577 0.099078 0.107345
2802 0.100761 0.728851 0.170388
20357 0.570798 0.353768 0.075434
23899 0.327441 0.067829 0.604730
19699 0.269085 0.104868 0.626047
2345 0.085758 0.513921 0.400321
14004 0.164867 0.459139 0.375994
18255 0.522183 0.171742 0.306075
19313 0.007177 0.306955 0.685868
19503 0.011394 0.360348 0.628257
17605 0.797106 0.056943 0.145952
3403 0.276917 0.044467 0.678616
3317 0.245687 0.424988 0.329325
2784 0.281094 0.503848 0.215057
14066 0.312621 0.246809 0.440570
14366 0.048614 0.196019 0.755367
11904 0.627110 0.049381 0.323508
27799 0.702944 0.053774 0.243281
19957 0.239355 0.353032 0.407614
13953 0.789520 0.041104 0.169376
14475 0.678932 0.182419 0.138650
21534 0.284036 0.095238 0.620726
8891 0.247907 0.246204 0.505889
13645 0.379189 0.619675 0.001136
18313 0.702798 0.042240 0.254962
3100 0.054344 0.809368 0.136288
161 0.242830 0.708183 0.048987
242 0.438466 0.478730 0.082805
13856 0.341778 0.366772 0.291450
15667 0.159305 0.376672 0.464023
19718 0.265202 0.591841 0.142957
24107 0.194170 0.661143 0.144687
238 0.878399 0.117537 0.004064
3088 0.160031 0.305164 0.534805
309 0.194010 0.580313 0.225677
17981 0.457824 0.029761 0.512415
8178 0.192579 0.583390 0.224032
11488 0.780918 0.131738 0.087344
26015 0.298700 0.431047 0.270253
15581 0.092263 0.135946 0.771791
15766 0.368082 0.033953 0.597965
15875 0.111348 0.858970 0.029682
15676 0.838387 0.140284 0.021328
15706 0.126038 0.159409 0.714553
10841 0.314860 0.451501 0.233639
17957 0.430051 0.066892 0.503056
13561 0.479184 0.413407 0.107409
15756 0.410721 0.038425 0.550854
13623 0.024551 0.167875 0.807574
8423 0.022823 0.337638 0.639540
3056 0.575842 0.383679 0.040479
15444 0.631830 0.289486 0.078684
8370 0.217649 0.461033 0.321318
19604 0.124703 0.126728 0.748569
3044 0.452222 0.204305 0.343473
12157 0.373728 0.502996 0.123276
12164 0.270554 0.217577 0.511869
18074 0.543278 0.200575 0.256147
12149 0.395896 0.166809 0.437295
23314 0.736749 0.130522 0.132729
17483 0.794767 0.019069 0.186164
1738 0.634809 0.137194 0.227997
23331 0.261822 0.480686 0.257492
18721 0.121231 0.639137 0.239633
1817 0.132892 0.140836 0.726272
12227 0.276161 0.230241 0.493599
11765 0.076548 0.597548 0.325905
16035 0.272051 0.034457 0.693493
13353 0.257395 0.579915 0.162690
13589 0.096222 0.073516 0.830262
18639 0.874849 0.096130 0.029021
8164 0.828115 0.024603 0.147282
17328 0.587583 0.119706 0.292711
16098 0.189426 0.132224 0.678350
18398 0.694162 0.190708 0.115130
17563 0.455716 0.472812 0.071472
18716 0.692725 0.233303 0.073972
18795 0.263125 0.566168 0.170707
19782 0.066489 0.402419 0.531092
8198 0.067089 0.616272 0.316638
1798 0.212034 0.328960 0.459006
14967 0.377618 0.355421 0.266960
14792 0.338207 0.576395 0.085398
14984 0.081553 0.875063 0.043384
14791 0.011375 0.053115 0.935511
14778 0.890908 0.072075 0.037017
15208 0.109944 0.046587 0.843469
17340 0.407255 0.327626 0.265119
12892 0.180087 0.106489 0.713424
14870 0.159855 0.279975 0.560170
12618 0.267943 0.064830 0.667228
12598 0.549292 0.033308 0.417400
19649 0.100798 0.885525 0.013677
2094 0.060357 0.314227 0.625417
18759 0.798768 0.008690 0.192541
18745 0.426504 0.155734 0.417762
13232 0.446587 0.504827 0.048586
1913 0.593564 0.332710 0.073726
12521 0.556627 0.008750 0.434623
18486 0.563466 0.320380 0.116154
21216 0.116522 0.384373 0.499105
18378 0.318284 0.429508 0.252208
18532 0.296100 0.006823 0.697078
19915 0.395413 0.583267 0.021319
18584 0.694718 0.182339 0.122943
18412 0.309381 0.134387 0.556232
2429 0.000000 0.748324 0.251676
20561 0.809583 0.114026 0.076391
20866 0.095328 0.164631 0.740041
20535 0.176001 0.216319 0.607680
15012 0.734334 0.169424 0.096242
21004 0.741009 0.135475 0.123515
11016 0.034653 0.106154 0.859194
19941 0.568773 0.199209 0.232018
15094 0.026780 0.234551 0.738669
11555 0.297221 0.236657 0.466122
1949 0.249492 0.153032 0.597476
2594 0.597911 0.309375 0.092715
1775 0.004026 0.670046 0.325929
12269 0.187336 0.207526 0.605138
17651 0.007050 0.077890 0.915060
1772 0.104646 0.005375 0.889979
2517 0.150028 0.032081 0.817891
8034 0.580221 0.307126 0.112653
17550 0.271443 0.466139 0.262419
17849 0.068037 0.062742 0.869221
17912 0.094233 0.615420 0.290347
17819 0.209570 0.380596 0.409834
10949 0.560009 0.074799 0.365193
1848 0.096511 0.852966 0.050523
2412 0.196123 0.340706 0.463171
2198 0.044687 0.797637 0.157676
10989 0.309088 0.379115 0.311797
11608 0.157721 0.465179 0.377100
2242 0.188093 0.572004 0.239903
21036 0.021487 0.641643 0.336871
21011 0.014513 0.000000 0.985487
2246 0.438321 0.492120 0.069559
18552 0.574843 0.116111 0.309047
1872 0.108460 0.065119 0.826421
13228 0.126625 0.608752 0.264623
13209 0.012048 0.404560 0.583391
14940 0.370210 0.609303 0.020487
13289 0.963237 0.010162 0.026601
14810 0.319498 0.454354 0.226148
14921 0.680514 0.210610 0.108877
12334 0.407385 0.316461 0.276154
12472 0.072137 0.694808 0.233055
12468 0.553400 0.367860 0.078740
20046 0.745519 0.132176 0.122304
23344 0.351813 0.123394 0.524793
11239 0.224817 0.417761 0.357422
17783 0.016050 0.617378 0.366572
17808 0.342007 0.527271 0.130723
8408 0.322801 0.214011 0.463188
20246 0.589401 0.017893 0.392705
12375 0.149119 0.767658 0.083222
13596 0.149414 0.640466 0.210120
20650 0.335040 0.227356 0.437604
2305 0.451313 0.152118 0.396569
13404 0.522284 0.415810 0.061906
13382 0.210517 0.454947 0.334536
13386 0.282756 0.603099 0.114145
18733 0.277472 0.388348 0.334180
17661 0.393229 0.166555 0.440216
18263 0.075258 0.139436 0.785306
20824 0.243588 0.493716 0.262696
11940 0.179837 0.674515 0.145648
11929 0.575028 0.021740 0.403232
23933 0.600747 0.034593 0.364661
253 0.039935 0.419779 0.540286
2942 0.053963 0.271084 0.674953
11887 0.502790 0.297011 0.200199
16397 0.391546 0.575233 0.033220
16562 0.021055 0.250773 0.728172
2943 0.110063 0.784782 0.105154
14613 0.721600 0.142675 0.135726
15877 0.531996 0.175421 0.292583
13548 0.015188 0.077875 0.906937
15709 0.488092 0.386449 0.125459
14165 0.118340 0.512366 0.369294
13539 0.296088 0.163815 0.540097
15851 0.395433 0.556095 0.048471
15855 0.613419 0.306596 0.079985
15722 0.090410 0.273309 0.636281
15658 0.036843 0.237936 0.725221
20282 0.059218 0.614502 0.326280
17233 0.477687 0.361275 0.161038
10799 0.003312 0.697259 0.299428
12040 0.518287 0.357420 0.124293
24188 0.172021 0.137663 0.690317
154 0.037554 0.528042 0.434404
21323 0.215629 0.095700 0.688671
11973 0.420374 0.528520 0.051107
24189 0.076317 0.132690 0.790994
3091 0.021816 0.724630 0.253554
3082 0.538533 0.326106 0.135361
24017 0.036902 0.866485 0.096613
337 0.304981 0.212178 0.482841
3094 0.736584 0.111394 0.152022
3085 0.072145 0.552053 0.375801
3120 0.103343 0.070174 0.826484
21322 0.283011 0.040590 0.676400
12035 0.202063 0.190963 0.606974
18266 0.312078 0.011116 0.676805
315 0.038312 0.921588 0.040100
21365 0.098766 0.274491 0.626742
21537 0.157710 0.001743 0.840547
14686 0.025312 0.113602 0.861086
20381 0.353749 0.249266 0.396985
18019 0.159280 0.644607 0.196113
12068 0.561578 0.293561 0.144861
12112 0.875107 0.051577 0.073316
6984 0.786901 0.112205 0.100894
7949 0.160372 0.826638 0.012989
11621 0.110410 0.004567 0.885023
15969 0.139134 0.331664 0.529202
17917 0.046164 0.953058 0.000778
11785 0.546617 0.244203 0.209180
11646 0.009315 0.104809 0.885875
21148 0.022513 0.584576 0.392911
11725 0.414998 0.472976 0.112026
24178 0.026211 0.703368 0.270422
21142 0.414853 0.244019 0.341127
21108 0.180284 0.219841 0.599875
237 0.749087 0.098710 0.152203
350 0.464049 0.238624 0.297326
60 0.561945 0.432050 0.006005
3089 0.213953 0.172889 0.613159
3118 0.034985 0.586494 0.378520
23438 0.026089 0.497336 0.476575
18000 0.717418 0.247841 0.034741
192 0.175424 0.335709 0.488866
16018 0.122536 0.489068 0.388397
13465 0.475980 0.217895 0.306124
13448 0.082589 0.598432 0.318979
18917 0.241516 0.677882 0.080601
15996 0.372137 0.228386 0.399477
15950 0.382031 0.331331 0.286638
21297 0.776651 0.222062 0.001288
57 0.196847 0.467127 0.336026
27 0.283820 0.317014 0.399166
3246 0.166553 0.646272 0.187175
20578 0.552649 0.425721 0.021630
23471 0.539159 0.244147 0.216694
18898 0.696476 0.067833 0.235691
445 0.101572 0.626413 0.272014
12312 0.120962 0.205379 0.673659
15743 0.944309 0.009384 0.046306
16009 0.689711 0.229304 0.080985
13512 0.203351 0.127086 0.669563
13472 0.308025 0.041682 0.650293
21211 0.389663 0.204632 0.405705
13462 0.018018 0.013454 0.968528
16061 0.279628 0.692032 0.028340
13495 0.137072 0.518578 0.344350
21210 0.095177 0.018034 0.886789
12460 0.208392 0.503079 0.288529
19982 0.192712 0.738643 0.068645
18839 0.818761 0.028755 0.152484
12425 0.125928 0.666750 0.207322
19978 0.176248 0.627443 0.196308
8914 0.468414 0.006747 0.524839
14437 0.150263 0.248141 0.601595
23902 0.507644 0.093104 0.399252
209 0.649113 0.011981 0.338905
14751 0.344028 0.468066 0.187906
19696 0.048624 0.168124 0.783252
20177 0.147205 0.724745 0.128050
1 0.289333 0.634515 0.076153
51 0.428028 0.319028 0.252944
15426 0.898710 0.004671 0.096619
10869 0.181670 0.258448 0.559882
14046 0.263702 0.351471 0.384827
12065 0.192706 0.758728 0.048566
20100 0.022340 0.819308 0.158352
12251 0.831463 0.107316 0.061221
19831 0.017699 0.075022 0.907279
12278 0.007027 0.513374 0.479599
19738 0.266628 0.139253 0.594119
19949 0.131040 0.744275 0.124686
19900 0.235655 0.350033 0.414312
19912 0.091667 0.128116 0.780217
19858 0.031687 0.876592 0.091721
1928 0.105341 0.324393 0.570266
11000 0.165847 0.468840 0.365312
18404 0.370241 0.610633 0.019126
11024 0.072515 0.063090 0.864395
11043 0.265547 0.587946 0.146507
1765 0.537583 0.204961 0.257456
19886 0.055137 0.043868 0.900995
12165 0.091088 0.225443 0.683468
12168 0.520225 0.106892 0.372883
93 0.594341 0.340664 0.064995
23353 0.779758 0.107953 0.112289
18813 0.714117 0.226509 0.059374
18807 0.121071 0.037678 0.841251
11443 0.159860 0.826784 0.013357
15516 0.073362 0.335748 0.590890
20485 0.328009 0.006861 0.665130
23995 0.544499 0.424468 0.031033
3122 0.020377 0.548290 0.431333
20487 0.243555 0.124638 0.631808
19684 0.262106 0.717470 0.020425
20702 0.121672 0.544325 0.334003
1866 0.440595 0.314343 0.245062
20505 0.220231 0.712345 0.067424
14379 0.234198 0.371872 0.393930
17739 0.287331 0.388803 0.323866
8388 0.066059 0.537572 0.396369
11053 0.325570 0.531245 0.143185
20463 0.131796 0.257907 0.610298
8240 0.001058 0.284674 0.714268
17745 0.562010 0.394685 0.043306
14566 0.064634 0.392143 0.543222
14207 0.217256 0.206146 0.576598
8882 0.403600 0.437519 0.158880
1417 0.541842 0.377166 0.080992
8876 0.034989 0.697240 0.267770
16453 0.247658 0.058967 0.693375
20610 0.137148 0.223889 0.638963
20599 0.308121 0.595431 0.096448
11082 0.149529 0.063655 0.786816
15488 0.365903 0.017643 0.616453
10792 0.190790 0.421300 0.387910
10823 0.344571 0.547404 0.108025
20608 0.021658 0.217075 0.761267
15501 0.094786 0.354638 0.550576
7502 0.718066 0.220129 0.061805
24209 0.201764 0.202238 0.595999
7839 0.507393 0.047919 0.444689
20129 0.077373 0.139411 0.783216
26685 0.324749 0.035803 0.639448
25401 0.861807 0.001198 0.136995
21584 0.023458 0.897957 0.078585
10704 0.302033 0.461353 0.236614
19809 0.652791 0.162412 0.184798
4905 0.045546 0.916728 0.037726
12734 0.495330 0.497222 0.007447
17428 0.244888 0.581555 0.173558
13186 0.473606 0.186342 0.340052
17370 0.350542 0.636904 0.012555
15186 0.643333 0.006590 0.350077
17454 0.177859 0.780338 0.041803
12787 0.147572 0.244976 0.607452
2223 0.881963 0.056743 0.061293
12848 0.587327 0.014198 0.398474
10762 0.290504 0.608004 0.101492
14348 0.270904 0.297825 0.431272
14421 0.653954 0.143230 0.202816
15641 0.466610 0.431294 0.102096
9923 0.082528 0.061249 0.856222
15058 0.096681 0.194906 0.708413
2583 0.098092 0.677185 0.224723
12944 0.620099 0.132054 0.247847
15055 0.151501 0.569021 0.279478
15008 0.073641 0.068088 0.858271
16553 0.386801 0.083012 0.530188
16555 0.093277 0.076806 0.829916
7753 0.067157 0.487617 0.445226
371 0.287851 0.030239 0.681911
21089 0.020738 0.729099 0.250163
24213 0.076822 0.043734 0.879443
23317 0.279780 0.211965 0.508254
11663 0.271361 0.613896 0.114743
13750 0.255661 0.739982 0.004357
465 0.376766 0.615635 0.007599
7666 0.515050 0.262576 0.222374
7584 0.873190 0.114990 0.011820
19996 0.078183 0.301803 0.620014
619 0.324641 0.076047 0.599312
18832 0.016953 0.221263 0.761784
25322 0.436854 0.131022 0.432124
3458 0.050188 0.794033 0.155779
9873 0.070575 0.674430 0.254995
9534 0.020204 0.673492 0.306304
17209 0.018617 0.909084 0.072299
20723 0.289168 0.385092 0.325740
20818 0.540869 0.090625 0.368506
6889 0.589467 0.123274 0.287259
11836 0.608471 0.329815 0.061715
1528 0.052611 0.641163 0.306226
765 0.387973 0.067577 0.544450
380 0.907200 0.027317 0.065483
21452 0.627898 0.365882 0.006220
2904 0.204260 0.567989 0.227750
3216 0.174556 0.616945 0.208499
17944 0.073266 0.031662 0.895072
8099 0.850546 0.107248 0.042205
21481 0.092577 0.754624 0.152799
15360 0.600041 0.310204 0.089755
15797 0.388729 0.550610 0.060661
15775 0.518906 0.200709 0.280386
17965 0.844755 0.130603 0.024643
3192 0.083259 0.307859 0.608882
8084 0.550011 0.144005 0.305984
20374 0.387760 0.061647 0.550592
23915 0.525008 0.082268 0.392724
11707 0.438742 0.053542 0.507716
2819 0.341823 0.165263 0.492914
17193 0.289345 0.669818 0.040837
19014 0.422864 0.285668 0.291468
8333 0.136352 0.200230 0.663418
519 0.284758 0.022670 0.692572
567 0.737273 0.150918 0.111808
18859 0.647429 0.019915 0.332656
18360 0.179643 0.331274 0.489082
11451 0.112553 0.536960 0.350487
2840 0.360264 0.639736 0.000000
14131 0.133025 0.373082 0.493894
14092 0.355787 0.017668 0.626546
14639 0.675113 0.260241 0.064646
14253 0.170287 0.464577 0.365136
14112 0.599278 0.119868 0.280855
14625 0.369478 0.354578 0.275944
14593 0.599484 0.052725 0.347790
14541 0.112811 0.663313 0.223875
14261 0.821698 0.118045 0.060257
20337 0.277744 0.189344 0.532911
11405 0.078002 0.140910 0.781088
18491 0.214240 0.747787 0.037972
18595 0.138210 0.537472 0.324318
20865 0.853908 0.034909 0.111183
20868 0.045748 0.493804 0.460448
2402 0.616266 0.205270 0.178464
11474 0.210531 0.196086 0.593383
11566 0.394830 0.188537 0.416632
13348 0.399833 0.408227 0.191940
13326 0.064085 0.158455 0.777459
17293 0.102486 0.809571 0.087943
8199 0.160387 0.755811 0.083801
16547 0.135095 0.604278 0.260627
8561 0.130965 0.053400 0.815635
23639 0.432952 0.164970 0.402078
27569 0.051139 0.480009 0.468852
25057 0.434491 0.057181 0.508328
25064 0.311580 0.374357 0.314064
27545 0.203746 0.385196 0.411058
6104 0.176433 0.455243 0.368324
6099 0.416770 0.378866 0.204364
6071 0.127176 0.033183 0.839641
6090 0.105737 0.295365 0.598898
14722 0.345899 0.350429 0.303671
1183 0.021537 0.421303 0.557160
1293 0.227529 0.368396 0.404075
14724 0.734754 0.158384 0.106862
8523 0.562685 0.155458 0.281857
8487 0.928250 0.070141 0.001609
14718 0.215024 0.739575 0.045401
16482 0.921044 0.016790 0.062165
5421 0.386706 0.453919 0.159374
7041 0.518445 0.374859 0.106696
27988 0.336539 0.497280 0.166181
4673 0.613579 0.251914 0.134507
23628 0.371032 0.397817 0.231152
6748 0.508144 0.469179 0.022677
22579 0.028376 0.573100 0.398524
23562 0.112831 0.837832 0.049337
12843 0.444275 0.555006 0.000719
10346 0.264465 0.630216 0.105318
4044 0.357941 0.132837 0.509222
24294 0.268517 0.442845 0.288638
4337 0.043900 0.840209 0.115891
7686 0.185249 0.409427 0.405324
6000 0.522453 0.376355 0.101191
1349 0.693144 0.271498 0.035358
14310 0.141949 0.703839 0.154213
16182 0.144815 0.688937 0.166248
27866 0.729124 0.188620 0.082256
26182 0.039274 0.471210 0.489516
8624 0.469097 0.379059 0.151843
22497 0.566051 0.427396 0.006554
6862 0.314322 0.207117 0.478561
16207 0.686241 0.039658 0.274101
1124 0.182866 0.770018 0.047116
4750 0.508230 0.047409 0.444361
25414 0.792968 0.063480 0.143552
22676 0.586198 0.250248 0.163554
27706 0.457058 0.236573 0.306368
8594 0.650592 0.011623 0.337784
5569 0.630457 0.162016 0.207527
26405 0.445831 0.134700 0.419469
7664 0.180216 0.813572 0.006212
23554 0.556134 0.344311 0.099555
4847 0.147151 0.041343 0.811506
21794 0.096689 0.365668 0.537644
9931 0.267600 0.502774 0.229626
10504 0.301002 0.336081 0.362917
27540 0.219123 0.157786 0.623092
6026 0.106982 0.628361 0.264656
5901 0.459553 0.257512 0.282935
21897 0.570630 0.134608 0.294762
21883 0.109910 0.005883 0.884207
7403 0.102998 0.610138 0.286864
5615 0.277030 0.547401 0.175569
16326 0.352619 0.253174 0.394207
16318 0.545976 0.437584 0.016439
27895 0.313733 0.597221 0.089046
27388 0.087665 0.087498 0.824836
202 0.167529 0.135422 0.697049
7398 0.764972 0.111604 0.123424
5980 0.025457 0.046109 0.928435
12099 0.298354 0.506616 0.195030
24800 0.496228 0.244895 0.258877
1676 0.015097 0.975719 0.009184
27391 0.094706 0.420784 0.484510
28492 0.364646 0.258605 0.376749
1013 0.184372 0.625416 0.190212
7106 0.384353 0.326574 0.289073
7097 0.595622 0.175822 0.228555
16242 0.205916 0.358567 0.435518
7353 0.014218 0.377260 0.608522
7519 0.339722 0.629187 0.031091
16858 0.880260 0.004149 0.115590
1692 0.232050 0.313819 0.454131
27926 0.666844 0.108572 0.224584
27908 0.641414 0.142347 0.216239
27906 0.115249 0.008095 0.876657
28306 0.148879 0.003049 0.848072
9843 0.412858 0.415684 0.171458
7385 0.070715 0.507883 0.421401
1027 0.098733 0.666812 0.234455
967 0.077568 0.117807 0.804625
28310 0.248878 0.538470 0.212652
16873 0.192681 0.502950 0.304369
28340 0.647468 0.322945 0.029587
22709 0.763670 0.053518 0.182811
16774 0.194651 0.782152 0.023197
7713 0.636281 0.239514 0.124206
7174 0.014944 0.403209 0.581848
16935 0.786832 0.168437 0.044732
344 0.641157 0.227783 0.131061
7514 0.288712 0.443685 0.267603
893 0.382192 0.217816 0.399992
28344 0.470773 0.424192 0.105035
11581 0.360387 0.615786 0.023827
16896 0.098902 0.350174 0.550924
10372 0.267093 0.205254 0.527653
7465 0.238218 0.384142 0.377641
16803 0.535396 0.098979 0.365625
16837 0.037022 0.094220 0.868758
10362 0.019252 0.061928 0.918820
16882 0.491151 0.053030 0.455820
16819 0.375057 0.054861 0.570082
16807 0.417733 0.367689 0.214578
25419 0.053418 0.198800 0.747782
10347 0.495135 0.227970 0.276895
6207 0.680451 0.005066 0.314483
3265 0.290806 0.196213 0.512981
24075 0.223840 0.126537 0.649623
5746 0.601293 0.268515 0.130192
16891 0.208554 0.482154 0.309292
16983 0.128350 0.105410 0.766241
7343 0.109844 0.840119 0.050037
16908 0.364645 0.500344 0.135011
7191 0.480743 0.157247 0.362009
7804 0.713201 0.259640 0.027160
27641 0.065337 0.212758 0.721906
25304 0.586824 0.385872 0.027304
16991 0.014770 0.706614 0.278616
24221 0.377340 0.076113 0.546547
16994 0.821094 0.032976 0.145930
7225 0.056127 0.728282 0.215591
4877 0.083036 0.841124 0.075840
4876 0.116529 0.156798 0.726673
25425 0.722739 0.099763 0.177498
5711 0.509876 0.146882 0.343242
5712 0.226619 0.686660 0.086721
16831 0.116843 0.623105 0.260053
22716 0.215143 0.101640 0.683217
27292 0.468628 0.302431 0.228941
5914 0.547340 0.406486 0.046174
7166 0.741891 0.115815 0.142294
7131 0.191061 0.206505 0.602434
27275 0.215701 0.733333 0.050966
25879 0.465603 0.021905 0.512492
9302 0.446773 0.219860 0.333366
16943 0.180143 0.357273 0.462584
16641 0.042363 0.954450 0.003187
6180 0.878324 0.024649 0.097027
16793 0.162242 0.709103 0.128655
16646 0.636987 0.077436 0.285576
25207 0.008059 0.180714 0.811227
16679 0.382332 0.198065 0.419603
7247 0.276825 0.722202 0.000972
9368 0.140299 0.517194 0.342507
25225 0.292918 0.650851 0.056231
7255 0.144945 0.253789 0.601267
11131 0.642530 0.012384 0.345086
27579 0.729249 0.235782 0.034969
6730 0.663043 0.274791 0.062166
24819 0.088012 0.422266 0.489722
25848 0.031770 0.185237 0.782993
23293 0.144911 0.108690 0.746399
26643 0.444532 0.369326 0.186142
16582 0.836807 0.053323 0.109869
9325 0.716687 0.220078 0.063234
7273 0.334242 0.539869 0.125889
27574 0.573099 0.149943 0.276958
24685 0.336936 0.377218 0.285846
7861 0.183124 0.064065 0.752811
8921 0.122118 0.506896 0.370986
28283 0.345845 0.052141 0.602014
24838 0.177935 0.808003 0.014062
9555 0.261176 0.135211 0.603613
9539 0.037846 0.138995 0.823159
4965 0.342337 0.302856 0.354807
4927 0.438393 0.285528 0.276079
16688 0.236262 0.469308 0.294429
9164 0.169448 0.661160 0.169391
26836 0.074041 0.208425 0.717534
7004 0.842726 0.102068 0.055206
23179 0.145220 0.546721 0.308059
24997 0.101788 0.136019 0.762193
10311 0.629608 0.054624 0.315767
1063 0.170018 0.654213 0.175768
992 0.209708 0.271279 0.519014
28507 0.083017 0.505254 0.411729
21540 0.142677 0.266229 0.591094
11664 0.673727 0.272122 0.054151
978 0.506962 0.067453 0.425585
976 0.211788 0.675608 0.112604
16719 0.448872 0.494698 0.056429
26750 0.745054 0.030231 0.224715
802 0.204567 0.314962 0.480471
26264 0.365739 0.046982 0.587280
13713 0.294094 0.041528 0.664379
25248 0.234772 0.501699 0.263529
1156 0.773480 0.156988 0.069532
16372 0.085645 0.647693 0.266662
4665 0.700359 0.195451 0.104191
26293 0.164030 0.142409 0.693561
6941 0.096096 0.142462 0.761442
23119 0.186873 0.389474 0.423652
7916 0.240771 0.099432 0.659797
10053 0.261114 0.505218 0.233668
7954 0.142665 0.242082 0.615253
24788 0.212994 0.779216 0.007790
7640 0.607774 0.164674 0.227551
26344 0.171254 0.103630 0.725115
7626 0.115243 0.808769 0.075988
5565 0.216677 0.238502 0.544821
24333 0.529773 0.281123 0.189104
7726 0.378321 0.620212 0.001467
26355 0.747373 0.112475 0.140153
7575 0.000309 0.999241 0.000450
7615 0.065865 0.689879 0.244256
7623 0.262404 0.464877 0.272719
26045 0.021245 0.201503 0.777251
6526 0.014016 0.311142 0.674842
21941 0.380590 0.260560 0.358850
24864 0.573411 0.228923 0.197666
26026 0.070496 0.730762 0.198743
25341 0.085578 0.504857 0.409565
7773 0.114975 0.690521 0.194505
26048 0.310079 0.241734 0.448186
7766 0.295318 0.236416 0.468266
26069 0.041903 0.694902 0.263195
25111 0.315035 0.059846 0.625119
5269 0.882054 0.107552 0.010394
24953 0.310892 0.190671 0.498437
24972 0.617925 0.118123 0.263952
5100 0.336112 0.102867 0.561021
22693 0.125369 0.068820 0.805811
25075 0.857333 0.041466 0.101201
25039 0.339164 0.389188 0.271649
25069 0.196586 0.631992 0.171422
27687 0.193070 0.770945 0.035985
9546 0.444462 0.230843 0.324696
20796 0.242925 0.201693 0.555382
27963 0.319633 0.500298 0.180069
23743 0.614773 0.357869 0.027359
5066 0.864622 0.059936 0.075442
10113 0.017162 0.663816 0.319022
9983 0.142343 0.747657 0.110000
22895 0.139720 0.433888 0.426393
22987 0.611489 0.136094 0.252417
25098 0.279200 0.325185 0.395615
25134 0.228043 0.599551 0.172406
4187 0.299045 0.319032 0.381923
5162 0.437218 0.504096 0.058686
21633 0.371657 0.067436 0.560907
22274 0.155148 0.471861 0.372991
9527 0.307808 0.323950 0.368242
27753 0.658720 0.308167 0.033113
10128 0.355690 0.545304 0.099006
25316 0.387879 0.066788 0.545333
27339 0.477265 0.006289 0.516446
27332 0.046979 0.438620 0.514401
21628 0.723156 0.275575 0.001269
10647 0.315126 0.016888 0.667985
10052 0.291707 0.047480 0.660813
10407 0.053065 0.219325 0.727610
26107 0.084793 0.609112 0.306096
7778 0.518292 0.385295 0.096414
26691 0.092886 0.107547 0.799567
24335 0.128670 0.468387 0.402943
22817 0.350778 0.294790 0.354432
21904 0.358271 0.134225 0.507505
20721 0.147200 0.155498 0.697303
26718 0.045117 0.880567 0.074317
10246 0.277763 0.663894 0.058343
10154 0.256866 0.500570 0.242565
26650 0.440260 0.350987 0.208753
10180 0.013427 0.118654 0.867920
10191 0.424606 0.518728 0.056667
8947 0.084325 0.807772 0.107903
9886 0.332669 0.627106 0.040225
27244 0.197663 0.117810 0.684527
7226 0.262474 0.463210 0.274317
5538 0.439369 0.203248 0.357383
5972 0.029819 0.394301 0.575880
26774 0.508905 0.230803 0.260292
27464 0.576937 0.041387 0.381676
5385 0.583690 0.338469 0.077841
21888 0.219191 0.646785 0.134024
26556 0.002394 0.564166 0.433440
26466 0.570177 0.102595 0.327227
21709 0.155854 0.129506 0.714640
4066 0.364822 0.402272 0.232906
10013 0.270323 0.271686 0.457991
25360 0.590874 0.192610 0.216516
26444 0.651816 0.253168 0.095016
23602 0.116112 0.764879 0.119009
10263 0.811409 0.032406 0.156185
26599 0.275497 0.682031 0.042472
10562 0.158159 0.474214 0.367627
10552 0.335182 0.418927 0.245892
3324 0.042988 0.939880 0.017132
3995 0.103002 0.182574 0.714424
21551 0.373878 0.058265 0.567857
21572 0.281821 0.344622 0.373557
4151 0.113160 0.627638 0.259202
10681 0.006396 0.071320 0.922284
14010 0.009460 0.582914 0.407626
10625 0.125753 0.308805 0.565442
18331 0.136532 0.331829 0.531639
5278 0.169999 0.016155 0.813846
1559 0.054428 0.742263 0.203309
1597 0.470687 0.406968 0.122345
22808 0.509669 0.262728 0.227603
25497 0.304284 0.460027 0.235689
10330 0.165336 0.513576 0.321088
25420 0.363230 0.431481 0.205289
10270 0.071351 0.770916 0.157733
25512 0.203788 0.113285 0.682927
25467 0.002112 0.662792 0.335096
25462 0.213307 0.719742 0.066951
3106 0.288413 0.611206 0.100381
3264 0.536864 0.145945 0.317191
4894 0.117254 0.076659 0.806086
27209 0.324405 0.540590 0.135006
7389 0.663718 0.107594 0.228689
16237 0.188521 0.384551 0.426929
27927 0.671490 0.117880 0.210629
10376 0.606452 0.042157 0.351391
10456 0.018841 0.351836 0.629323
5392 0.129375 0.813757 0.056868
5177 0.061027 0.646228 0.292745
5383 0.836234 0.130158 0.033608
7024 0.118201 0.829574 0.052224
28589 0.604900 0.340878 0.054222
10436 0.209197 0.681076 0.109727
22571 0.472897 0.416015 0.111088
6592 0.331732 0.589132 0.079136
22953 0.235704 0.730900 0.033396
6599 0.180138 0.795048 0.024814
6272 0.639955 0.341271 0.018774
22921 0.198740 0.106751 0.694508
5324 0.574084 0.391994 0.033922
23076 0.475255 0.079857 0.444888
25171 0.021984 0.903162 0.074855
6227 0.017718 0.438054 0.544228
1587 0.246075 0.513517 0.240409
23042 0.070007 0.365089 0.564904
25183 0.131485 0.428248 0.440267
6250 0.908042 0.003633 0.088325
25182 0.281285 0.151313 0.567403
23026 0.760369 0.089612 0.150020
28593 0.008663 0.983673 0.007664
1106 0.266389 0.150326 0.583285
5216 0.321980 0.311876 0.366144
16796 0.180573 0.303558 0.515869
7289 0.044143 0.909326 0.046532
16962 0.966834 0.007587 0.025579
16673 0.529453 0.379917 0.090630
28126 0.051370 0.044431 0.904199
1951 0.127138 0.476731 0.396131
24834 0.141793 0.590705 0.267502
8981 0.770672 0.130147 0.099180
8999 0.334415 0.273300 0.392284
25871 0.030355 0.967894 0.001751
24664 0.754372 0.220671 0.024957
25795 0.192671 0.651111 0.156218
25813 0.291358 0.097804 0.610838
6356 0.550205 0.376376 0.073419
24716 0.764826 0.073441 0.161733
22232 0.035420 0.257991 0.706589
22167 0.459876 0.392280 0.147844
3591 0.363530 0.188782 0.447687
25886 0.387525 0.410781 0.201694
1075 0.599910 0.292423 0.107667
23232 0.489057 0.287040 0.223902
25832 0.220372 0.275028 0.504600
6392 0.577960 0.215052 0.206988
23208 0.668186 0.320482 0.011332
23290 0.341041 0.233177 0.425782
6973 0.665024 0.279840 0.055135
6371 0.252626 0.351181 0.396193
4471 0.404692 0.285287 0.310021
25878 0.098849 0.535111 0.366040
9342 0.719817 0.220955 0.059228
25755 0.403070 0.160950 0.435980
25959 0.037406 0.296238 0.666356
9004 0.641650 0.284556 0.073795
9270 0.539435 0.364287 0.096277
25791 0.026754 0.820177 0.153069
9293 0.323115 0.017592 0.659293
9254 0.375111 0.405251 0.219638
9412 0.766991 0.017007 0.216002
25936 0.310356 0.525320 0.164324
25919 0.077340 0.783846 0.138813
24757 0.186628 0.662757 0.150615
25770 0.578541 0.076639 0.344819
27805 0.047010 0.364452 0.588538
22140 0.936653 0.010433 0.052914
22183 0.268019 0.573529 0.158452
3659 0.301481 0.310558 0.387961
22378 0.346209 0.275662 0.378129
3738 0.116044 0.357464 0.526492
24472 0.395986 0.100498 0.503515
3943 0.279386 0.288015 0.432599
3542 0.091760 0.453088 0.455152
24535 0.465793 0.488446 0.045760
3732 0.340958 0.139359 0.519683
3618 0.084181 0.157056 0.758763
22325 0.658609 0.012867 0.328524
24554 0.398480 0.312565 0.288955
3920 0.174266 0.234757 0.590977
3870 0.167526 0.340155 0.492319
3624 0.392669 0.421084 0.186247
3669 0.288571 0.094882 0.616547
22348 0.787619 0.008536 0.203845
6340 0.060613 0.107639 0.831748
3915 0.033231 0.370813 0.595956
24481 0.118908 0.093503 0.787589
3852 0.152393 0.753446 0.094161
24617 0.875269 0.082508 0.042223
24272 0.051701 0.839126 0.109173
4987 0.670638 0.115353 0.214009
28255 0.027486 0.097498 0.875017
5794 0.046522 0.594827 0.358652
26981 0.065080 0.022482 0.912438
6151 0.656240 0.315256 0.028504
9105 0.768186 0.164988 0.066826
28089 0.946001 0.012785 0.041214
9687 0.455061 0.473101 0.071838
25611 0.248347 0.029098 0.722555
28218 0.576887 0.153111 0.270003
28124 0.021525 0.670216 0.308258
25536 0.639078 0.297845 0.063077
9617 0.036795 0.354268 0.608938
9743 0.733507 0.198036 0.068457
27630 0.696720 0.114067 0.189213
22300 0.664822 0.329917 0.005260
28043 0.112915 0.229490 0.657595
6126 0.394539 0.597420 0.008042
26971 0.255149 0.028638 0.716212
28035 0.384786 0.211831 0.403383
9064 0.364963 0.344601 0.290436
9082 0.652695 0.168352 0.178952
25717 0.276895 0.107062 0.616043
25741 0.165883 0.578851 0.255266
25693 0.202347 0.785158 0.012495
28197 0.660690 0.162438 0.176872
9794 0.332553 0.456648 0.210800
28003 0.130898 0.429995 0.439107
9664 0.362552 0.610904 0.026544
6217 0.689012 0.106057 0.204932
5587 0.298878 0.126532 0.574590
5953 0.047058 0.827218 0.125724
5805 0.009579 0.237096 0.753324
26883 0.105743 0.486254 0.408003
27033 0.613388 0.230142 0.156470
27035 0.490103 0.424394 0.085503
9676 0.231875 0.556103 0.212022
5821 0.453742 0.287917 0.258341
25687 0.672993 0.277654 0.049353
4394 0.257816 0.731311 0.010873
22264 0.411354 0.259646 0.329000
25679 0.248787 0.220472 0.530741
9643 0.315595 0.381022 0.303383
27663 0.037455 0.317610 0.644935
4388 0.589951 0.024855 0.385193
4236 0.693224 0.009345 0.297431
6429 0.953072 0.030278 0.016650
6430 0.452865 0.238144 0.308992
23059 0.038563 0.478662 0.482775
24483 0.088801 0.464483 0.446717
3590 0.007735 0.643639 0.348626
3959 0.048152 0.345062 0.606786
24487 0.659245 0.216363 0.124393
27038 0.198519 0.248965 0.552516
5837 0.144417 0.647947 0.207636
27025 0.337520 0.097136 0.565344
6161 0.037326 0.810634 0.152040
3813 0.531874 0.393216 0.074909
28383 0.074348 0.401432 0.524219
28390 0.626331 0.014057 0.359612
28381 0.252348 0.099776 0.647876
24889 0.558257 0.011661 0.430082
28181 0.128652 0.009939 0.861409
7358 0.599475 0.106677 0.293848
24110 0.205319 0.570156 0.224524
27135 0.572454 0.151713 0.275833
1219 0.638574 0.130794 0.230632
23222 0.514159 0.043123 0.442718
24636 0.639537 0.187075 0.173387
3698 0.427615 0.466245 0.106141
3712 0.114113 0.258138 0.627749
27803 0.620842 0.100423 0.278735
27848 0.331451 0.641682 0.026866
27538 0.718034 0.207213 0.074752
22862 0.631519 0.249321 0.119160
27868 0.238911 0.750122 0.010967
6069 0.764741 0.171186 0.064072
6010 0.208950 0.646387 0.144663
1720 0.442113 0.543249 0.014637
7528 0.191293 0.467126 0.341581
7535 0.082182 0.037288 0.880530
28330 0.088602 0.876058 0.035340
28304 0.345405 0.614062 0.040533
16874 0.166101 0.574310 0.259589
21134 0.289752 0.097290 0.612958
4924 0.036189 0.276655 0.687156
21133 0.146202 0.117047 0.736751
24322 0.826718 0.065935 0.107347
21485 0.050561 0.312807 0.636632
9848 0.262234 0.221972 0.515794
21614 0.019756 0.774596 0.205648
9829 0.093738 0.774300 0.131963
26254 0.391172 0.060931 0.547897
26781 0.182088 0.668560 0.149353
7559 0.071115 0.276292 0.652593
25421 0.444857 0.174587 0.380556
25424 0.838717 0.121759 0.039524
24225 0.029566 0.011014 0.959420
6346 0.104765 0.134966 0.760269
1262 0.267311 0.075783 0.656906
6414 0.350892 0.120024 0.529084
7074 0.133964 0.012226 0.853810
27267 0.867496 0.043502 0.089003
1143 0.019302 0.790218 0.190480
27183 0.418059 0.117460 0.464481
6374 0.559898 0.008743 0.431360
6431 0.364732 0.257426 0.377842
27132 0.360881 0.278094 0.361025
22342 0.477925 0.342306 0.179769
22099 0.218689 0.451412 0.329899
26896 0.151908 0.362483 0.485609
26925 0.025297 0.645802 0.328901
5958 0.128279 0.726491 0.145230
5808 0.226273 0.256570 0.517157
26877 0.031475 0.178558 0.789967
26878 0.115219 0.605535 0.279246
6141 0.130791 0.100773 0.768436
4893 0.070533 0.752621 0.176846
27592 0.692040 0.251931 0.056029
6462 0.637441 0.234839 0.127720
4815 0.147232 0.632234 0.220534
9057 0.562345 0.350685 0.086970
5455 0.233146 0.174885 0.591970
27676 0.323029 0.288522 0.388449
4383 0.822585 0.143663 0.033751
22213 0.127372 0.257788 0.614840
23006 0.476507 0.151423 0.372070
6660 0.398719 0.567851 0.033430
6630 0.708751 0.049319 0.241930
21809 0.394284 0.216045 0.389671
23082 0.378792 0.020222 0.600986
21773 0.056186 0.689440 0.254374
6471 0.519841 0.117568 0.362591
21798 0.363946 0.008359 0.627695
21846 0.074641 0.780086 0.145273
27056 0.251719 0.535835 0.212446
3894 0.334059 0.416986 0.248955
22142 0.641494 0.213073 0.145433
23907 0.753430 0.069350 0.177221
1395 0.075152 0.502165 0.422682
1394 0.333678 0.040212 0.626110
23900 0.360657 0.053361 0.585982
1392 0.166524 0.262252 0.571224
23901 0.488107 0.509043 0.002850
23904 0.616507 0.260631 0.122862
1388 0.631019 0.109898 0.259083
1387 0.603562 0.248469 0.147969
16554 0.833474 0.089097 0.077430
16554 0.256152 0.102692 0.641156
16555 0.660953 0.092112 0.246935
20451 0.373086 0.513402 0.113511
11054 0.614133 0.345513 0.040355
20463 0.553784 0.314106 0.132111
21396 0.610590 0.341854 0.047557
21371 0.255389 0.483076 0.261535
8240 0.686565 0.291554 0.021881
17890 0.188409 0.791301 0.020290
17890 0.050497 0.563002 0.386501
8386 0.699278 0.169184 0.131538
17891 0.041566 0.361035 0.597399
8242 0.242934 0.221728 0.535337
17892 0.825392 0.066219 0.108389
11052 0.557243 0.038115 0.404642
11063 0.641337 0.053031 0.305632
20447 0.745766 0.186448 0.067786
20446 0.714496 0.253747 0.031757
11058 0.054048 0.724429 0.221523
11060 0.097392 0.689917 0.212690
20604 0.003366 0.789561 0.207074
10792 0.251936 0.615939 0.132126
10792 0.232766 0.520985 0.246249
20582 0.380986 0.051444 0.567570
20581 0.085470 0.301270 0.613260
20616 0.585914 0.265992 0.148094
10823 0.559237 0.248874 0.191888
20614 0.730790 0.241147 0.028063
20614 0.680132 0.000401 0.319467
20600 0.619310 0.284351 0.096339
20581 0.888910 0.110759 0.000330
10790 0.012495 0.073758 0.913746
14084 0.091655 0.095609 0.812736
21436 0.655519 0.074525 0.269956
21448 0.059656 0.290097 0.650247
11707 0.009967 0.032643 0.957390
11723 0.688051 0.110953 0.200995
11723 0.283633 0.406653 0.309715
21440 0.216816 0.026082 0.757102
14717 0.164523 0.245824 0.589652
14727 0.534357 0.173923 0.291719
14723 0.208809 0.224251 0.566939
14723 0.595229 0.230785 0.173987
14087 0.708531 0.229207 0.062263
23913 0.392252 0.124600 0.483149
23914 0.770602 0.016702 0.212696
1378 0.448435 0.210400 0.341165
1383 0.051037 0.410164 0.538798
1381 0.170717 0.077721 0.751562
14708 0.599141 0.248077 0.152782
13925 0.444040 0.151847 0.404113
13927 0.152483 0.263142 0.584376
14733 0.302531 0.209548 0.487920
1316 0.001060 0.024156 0.974784
23867 0.189490 0.060693 0.749816
23868 0.358881 0.041529 0.599590
17590 0.555985 0.376437 0.067578
8704 0.274262 0.519455 0.206284
1299 0.841313 0.148754 0.009933
23881 0.801697 0.039456 0.158847
23882 0.043300 0.160224 0.796476
13689 0.679995 0.143476 0.176529
20370 0.263186 0.149450 0.587365
20377 0.584680 0.173586 0.241733
10880 0.833059 0.149373 0.017568
23887 0.098058 0.377474 0.524468
14484 0.099843 0.242559 0.657598
21384 0.711586 0.256970 0.031444
12806 0.690381 0.001823 0.307796
12814 0.072756 0.269978 0.657266
13009 0.344897 0.628748 0.026355
17409 0.002071 0.060343 0.937585
17412 0.060108 0.045573 0.894318
8723 0.398334 0.239794 0.361872
8725 0.066790 0.819987 0.113223
13736 0.679620 0.136024 0.184356
15416 0.578503 0.076347 0.345149
17620 0.093205 0.794472 0.112323
13721 0.223569 0.114695 0.661736
15425 0.407777 0.312049 0.280174
13662 0.428376 0.311294 0.260330
13655 0.687575 0.055062 0.257363
13653 0.627794 0.225954 0.146252
13643 0.058958 0.939184 0.001858
16440 0.494737 0.369263 0.136000
16398 0.243127 0.190684 0.566189
1329 0.282561 0.314530 0.402909
15382 0.628002 0.124955 0.247042
13737 0.732886 0.260555 0.006559
20320 0.414344 0.192893 0.392764
20384 0.767053 0.217827 0.015120
11493 0.775111 0.114674 0.110215
11487 0.077659 0.863613 0.058728
1477 0.383867 0.578951 0.037182
1475 0.700713 0.276086 0.023201
12834 0.137271 0.671946 0.190784
12846 0.251013 0.558684 0.190302
12835 0.183291 0.584159 0.232551
14443 0.411598 0.367453 0.220949
14445 0.186947 0.794074 0.018980
12826 0.892262 0.004917 0.102821
23886 0.612898 0.176088 0.211014
23948 0.112044 0.548730 0.339226
16518 0.224877 0.151084 0.624039
15336 0.077694 0.413587 0.508718
13722 0.265149 0.115174 0.619677
13660 0.268242 0.533675 0.198084
12994 0.486343 0.223261 0.290396
17098 0.041718 0.268342 0.689939
21383 0.620035 0.080938 0.299027
23958 0.045415 0.728045 0.226540
