16335 0.032527 0.612359 0.355113
2980 0.384388 0.087006 0.528605
2984 0.524862 0.185349 0.289789
2988 0.691640 0.167677 0.140683
2975 0.686953 0.271725 0.041322
16273 0.154229 0.275156 0.570614
16610 0.098075 0.526940 0.374985
3089 0.486058 0.258436 0.255506
16346 0.278196 0.532928 0.188875
3078 0.011148 0.574429 0.414423
16312 0.717657 0.061059 0.221283
16330 0.791838 0.163987 0.044174
1928 0.533638 0.394328 0.072034
3101 0.045842 0.110037 0.844121
16215 0.099239 0.511519 0.389242
15100 0.198743 0.588720 0.212537
2133 0.090406 0.736726 0.172869
2122 0.004060 0.333229 0.662711
19688 0.534443 0.275639 0.189918
19691 0.735340 0.124643 0.140016
19695 0.209881 0.435898 0.354220
2605 0.768312 0.218367 0.013322
2545 0.097818 0.722176 0.180006
2530 0.390436 0.268171 0.341393
16662 0.624417 0.297439 0.078144
16764 0.753084 0.188345 0.058571
2506 0.708120 0.220193 0.071687
2503 0.072415 0.831534 0.096051
16775 0.360842 0.442814 0.196345
16741 0.085373 0.031907 0.882720
2526 0.602467 0.211429 0.186104
2523 0.187253 0.363129 0.449618
2522 0.710137 0.080001 0.209862
16753 0.638900 0.354528 0.006572
2791 0.419165 0.160464 0.420370
16295 0.528115 0.183113 0.288772
2970 0.174068 0.659988 0.165944
16290 0.000000 0.956950 0.043050
16577 0.060301 0.486259 0.453440
16554 0.235023 0.041670 0.723307
16801 0.013649 0.499373 0.486978
16765 0.232907 0.345671 0.421422
16769 0.510772 0.429296 0.059932
16773 0.455505 0.084751 0.459744
2613 0.363028 0.512235 0.124736
16781 0.668609 0.198914 0.132477
16785 0.306401 0.603430 0.090170
2638 0.133753 0.753239 0.113008
16788 0.040657 0.209684 0.749659
16793 0.913370 0.086630 0.000000
16752 0.194263 0.062158 0.743579
2996 0.536659 0.158297 0.305044
16212 0.085061 0.681822 0.233117
3068 0.074091 0.911185 0.014723
3069 0.964412 0.020245 0.015343
2992 0.712277 0.230039 0.057684
16201 0.873613 0.124777 0.001610
3041 0.082638 0.503089 0.414273
3045 0.033177 0.200734 0.766089
3043 0.217937 0.546262 0.235802
3063 0.052028 0.186174 0.761798
2878 0.081207 0.570786 0.348008
2851 0.151334 0.125944 0.722721
2847 0.090950 0.516238 0.392812
2843 0.252293 0.349740 0.397967
2873 0.352859 0.213436 0.433705
16248 0.407614 0.225115 0.367271
4487 0.048921 0.831718 0.119361
17434 0.280980 0.227805 0.491215
4436 0.396061 0.177206 0.426733
17423 0.697435 0.250615 0.051949
17401 0.599098 0.397258 0.003644
4389 0.058472 0.774366 0.167162
16951 0.718061 0.210017 0.071922
19913 0.068758 0.105805 0.825437
16882 0.102982 0.335718 0.561299
4927 0.320579 0.321939 0.357482
4969 0.086124 0.778838 0.135038
17412 0.293622 0.424924 0.281454
4399 0.474117 0.117148 0.408735
4441 0.049797 0.166606 0.783596
3791 0.497108 0.248596 0.254295
4372 0.060220 0.453325 0.486455
17064 0.228196 0.062014 0.709790
17095 0.248207 0.094658 0.657134
16974 0.035254 0.863286 0.101461
15343 0.496747 0.406379 0.096874
3947 0.449137 0.407225 0.143638
15409 0.140615 0.478634 0.380751
4021 0.543351 0.189522 0.267127
4731 0.064031 0.132956 0.803013
15534 0.661652 0.227107 0.111241
15511 0.666776 0.155633 0.177591
17336 0.428965 0.245162 0.325873
4916 0.777032 0.056736 0.166232
4432 0.018345 0.343912 0.637743
4428 0.166267 0.575256 0.258477
4424 0.591220 0.349365 0.059415
17384 0.884265 0.086734 0.029002
4914 0.114963 0.506249 0.378788
16890 0.010939 0.922468 0.066593
4679 0.140586 0.229901 0.629513
4675 0.478745 0.234159 0.287097
17055 0.711924 0.158966 0.129110
3822 0.249626 0.032877 0.717498
17100 0.795006 0.079029 0.125965
4784 0.219070 0.701697 0.079232
3948 0.047336 0.488737 0.463926
15345 0.023317 0.116971 0.859713
15270 0.175872 0.374287 0.449841
3989 0.364754 0.497369 0.137878
3739 0.259524 0.591204 0.149272
4407 0.228252 0.340849 0.430898
4667 0.047178 0.155231 0.797591
17253 0.787180 0.142961 0.069859
16397 0.245040 0.209502 0.545458
16458 0.557428 0.070183 0.372389
17197 0.089418 0.301076 0.609506
4663 0.368921 0.342711 0.288369
4590 0.067746 0.164357 0.767896
16401 0.703298 0.064647 0.232055
16461 0.126750 0.748535 0.124715
4515 0.082828 0.229736 0.687436
4660 0.614142 0.250603 0.135255
4578 0.221684 0.101935 0.676381
2931 0.062642 0.756893 0.180465
16446 0.048925 0.642020 0.309055
4616 0.295408 0.093239 0.611354
4655 0.707647 0.185230 0.107123
4574 0.249382 0.028422 0.722195
16502 0.245206 0.745251 0.009544
2803 0.056158 0.499235 0.444607
16292 0.776659 0.156242 0.067099
16253 0.457236 0.173029 0.369735
4621 0.175641 0.100394 0.723966
4632 0.580653 0.268357 0.150990
4542 0.121464 0.158338 0.720198
2937 0.626200 0.013700 0.360100
2926 0.236553 0.662085 0.101362
16833 0.101824 0.048099 0.850077
17091 0.355384 0.286499 0.358117
17109 0.363013 0.544380 0.092607
17121 0.024249 0.146811 0.828940
16874 0.329644 0.105874 0.564482
4942 0.242157 0.656393 0.101450
4957 0.701971 0.232782 0.065247
16858 0.601630 0.241647 0.156723
17009 0.105607 0.264268 0.630125
17006 0.211918 0.277506 0.510576
16991 0.167078 0.100980 0.731942
15274 0.551877 0.358304 0.089819
17031 0.025824 0.554794 0.419381
17044 0.058582 0.448997 0.492421
15339 0.159660 0.120093 0.720248
3940 0.034454 0.718928 0.246618
17048 0.588531 0.183455 0.228015
16862 0.800977 0.187212 0.011811
16964 0.000852 0.364658 0.634490
2861 0.460235 0.135170 0.404595
16455 0.486827 0.398499 0.114674
2817 0.188962 0.302983 0.508055
16398 0.244223 0.286063 0.469714
4634 0.734714 0.032250 0.233036
17435 0.197637 0.196958 0.605405
4405 0.638659 0.106075 0.255266
16393 0.206456 0.267295 0.526249
17249 0.597105 0.158833 0.244063
17436 0.264146 0.200756 0.535098
4483 0.031953 0.045840 0.922207
17172 0.094703 0.249936 0.655361
17400 0.360898 0.063779 0.575323
17306 0.113499 0.285988 0.600513
4445 0.160115 0.796324 0.043561
4449 0.443542 0.534462 0.021996
4900 0.182586 0.273383 0.544032
4883 0.736980 0.161431 0.101589
4869 0.981101 0.008698 0.010202
4498 0.106346 0.105048 0.788606
4502 0.165804 0.491679 0.342516
17410 0.088385 0.442707 0.468908
3779 0.169136 0.428754 0.402110
3783 0.141530 0.524848 0.333622
3787 0.097539 0.855998 0.046463
17357 0.100367 0.061891 0.837742
17353 0.022770 0.230763 0.746468
3857 0.118622 0.309171 0.572207
15565 0.083934 0.026755 0.889311
3866 0.062361 0.640995 0.296644
17077 0.704107 0.080293 0.215599
4698 0.042574 0.522980 0.434446
16884 0.064997 0.849490 0.085514
4681 0.446597 0.544320 0.009083
15560 0.388904 0.378037 0.233059
15557 0.065430 0.590309 0.344261
3748 0.396166 0.328767 0.275067
3775 0.048297 0.847900 0.103803
3994 0.017950 0.662413 0.319638
15297 0.380800 0.001863 0.617337
16828 0.501661 0.229689 0.268650
16870 0.100182 0.666769 0.233050
15376 0.084260 0.710172 0.205568
15400 0.588342 0.161310 0.250349
15405 0.422449 0.129439 0.448112
4953 0.322171 0.101836 0.575993
4743 0.715771 0.029802 0.254427
15367 0.270286 0.422657 0.307057
15373 0.624426 0.284554 0.091020
15354 0.703438 0.191699 0.104863
17142 0.304898 0.176702 0.518400
17158 0.094384 0.340797 0.564819
17151 0.486189 0.063449 0.450363
16414 0.006702 0.224151 0.769148
2957 0.130441 0.225297 0.644262
16488 0.483284 0.455770 0.060946
16487 0.479179 0.411712 0.109110
16448 0.492133 0.262994 0.244872
2832 0.544757 0.400798 0.054445
16442 0.262132 0.066890 0.670978
2819 0.055453 0.152109 0.792438
16477 0.451633 0.123619 0.424748
16428 0.503857 0.437092 0.059051
2942 0.461634 0.102819 0.435547
16374 0.465428 0.489904 0.044669
4571 0.610968 0.124010 0.265022
4557 0.249674 0.150577 0.599749
16421 0.006064 0.108962 0.884974
17213 0.047758 0.841851 0.110391
4546 0.120909 0.845552 0.033539
17222 0.828814 0.039663 0.131523
17246 0.484764 0.103575 0.411662
17263 0.000184 0.219553 0.780263
4642 0.517029 0.335273 0.147699
4647 0.202660 0.653813 0.143528
15058 0.176580 0.339366 0.484053
4214 0.303411 0.420631 0.275957
15125 0.053739 0.636019 0.310243
15127 0.160744 0.485747 0.353508
4195 0.131567 0.838195 0.030238
15232 0.029951 0.404753 0.565295
4166 0.620052 0.379948 0.000000
17418 0.561742 0.026032 0.412226
15478 0.067944 0.043537 0.888518
15261 0.466222 0.294356 0.239422
4235 0.126119 0.668505 0.205376
16336 0.370680 0.537256 0.092064
16226 0.302602 0.053623 0.643776
16438 0.239085 0.045340 0.715575
4561 0.046836 0.074359 0.878805
17276 0.000129 0.692984 0.306887
4247 0.781487 0.005157 0.213356
4148 0.617974 0.264940 0.117086
4146 0.886346 0.066557 0.047097
4166 1.000000 0.000000 0.000000
15224 0.035920 0.166965 0.797115
824 0.596902 0.403098 0.000000
1242 0.282154 0.000000 0.717846
15962 0.297754 0.512596 0.189650
4152 0.464911 0.502925 0.032164
15117 0.079317 0.881396 0.039287
841 0.440393 0.000000 0.559607
1233 0.131160 0.054119 0.814721
1178 0.215800 0.664366 0.119834
1170 0.267643 0.410681 0.321676
1212 0.669681 0.093327 0.236992
16124 0.219908 0.162034 0.618058
15674 0.168807 0.759463 0.071730
1217 0.169265 0.129333 0.701401
1232 0.141364 0.648336 0.210300
15590 0.229625 0.302217 0.468158
15601 0.234175 0.613472 0.152354
15992 0.154686 0.274101 0.571213
809 0.551701 0.260129 0.188170
799 0.086725 0.306739 0.606536
854 0.012103 0.935683 0.052214
908 0.059266 0.784482 0.156253
784 1.000000 0.000000 0.000000
15963 0.301611 0.167902 0.530487
16017 0.291703 0.118020 0.590277
16022 0.122124 0.024325 0.853550
16027 0.037366 0.021995 0.940639
922 0.751812 0.138269 0.109919
15909 0.367164 0.268428 0.364408
861 0.071975 0.703512 0.224513
873 0.284962 0.514502 0.200537
897 0.654613 0.092954 0.252433
16007 0.085851 0.220946 0.693202
15886 0.426041 0.278253 0.295706
15914 0.213875 0.218686 0.567439
15918 0.469691 0.227226 0.303084
15906 0.706571 0.250926 0.042503
15898 0.734014 0.186186 0.079800
15945 0.735578 0.230988 0.033434
673 0.280576 0.396639 0.322784
665 0.586724 0.057674 0.355602
15927 0.598963 0.078130 0.322907
16009 0.372218 0.249005 0.378777
15957 0.666882 0.256004 0.077114
15935 0.064245 0.170876 0.764879
15958 0.614253 0.231554 0.154192
880 0.723374 0.163690 0.112936
16129 0.671119 0.046052 0.282829
16176 0.056961 0.066653 0.876386
753 0.500057 0.400688 0.099255
16141 0.900587 0.049510 0.049903
636 0.349986 0.565633 0.084381
889 0.867966 0.018508 0.113526
16189 0.734326 0.107919 0.157755
16136 0.034650 0.008615 0.956735
16181 0.455386 0.014456 0.530158
16155 0.575484 0.024349 0.400166
16157 0.445261 0.412726 0.142013
772 0.543627 0.146336 0.310036
16116 0.740549 0.076194 0.183257
714 0.483277 0.410550 0.106172
16071 0.065994 0.159235 0.774771
16133 0.294871 0.117209 0.587920
754 0.537800 0.242689 0.219511
16056 0.103386 0.151082 0.745533
16170 0.319506 0.068910 0.611584
16162 0.122107 0.158750 0.719143
1136 0.023224 0.137011 0.839765
1129 0.127408 0.438550 0.434042
718 0.010339 0.211183 0.778478
16051 0.195844 0.440350 0.363806
16066 0.135513 0.074641 0.789846
748 0.056009 0.462234 0.481757
1153 0.699462 0.290554 0.009984
933 0.055885 0.877131 0.066984
1147 0.078089 0.237138 0.684772
1133 0.012289 0.315315 0.672395
1116 0.233651 0.675667 0.090682
1097 0.331588 0.238794 0.429618
15654 0.285373 0.632834 0.081793
1115 0.210815 0.636324 0.152861
15710 0.011973 0.765213 0.222814
720 0.338566 0.658192 0.003243
1124 0.026842 0.736572 0.236586
1151 0.196056 0.375634 0.428310
15650 0.142256 0.811385 0.046358
15681 0.108041 0.380572 0.511387
15133 0.318233 0.166239 0.515528
4165 0.152778 0.352307 0.494915
15135 0.231627 0.429730 0.338643
4164 0.012642 0.114069 0.873289
15028 0.896472 0.012589 0.090938
4158 0.267990 0.237246 0.494764
4136 0.527128 0.080215 0.392656
4133 0.092126 0.816964 0.090910
841 0.459401 0.168831 0.371768
839 0.532751 0.155426 0.311823
15977 0.161662 0.120948 0.717391
788 0.001578 0.270877 0.727545
4170 1.000000 0.000000 0.000000
4172 0.000000 0.631825 0.368175
15150 0.050532 0.877010 0.072458
4191 0.004874 0.676474 0.318652
4200 0.668258 0.331742 0.000000
4188 0.200085 0.526367 0.273547
4190 0.156454 0.709022 0.134524
17404 0.675598 0.180404 0.143998
3848 0.135842 0.149018 0.715140
4245 0.053101 0.083084 0.863815
15037 0.025020 0.188693 0.786287
15235 0.326810 0.596847 0.076344
541 0.287278 0.401988 0.310734
18997 0.092768 0.543332 0.363900
525 0.281755 0.291954 0.426291
493 0.543983 0.154307 0.301710
476 0.500218 0.280136 0.219646
19180 0.387441 0.180336 0.432223
86 0.127004 0.547999 0.324997
540 0.186703 0.779014 0.034283
19212 0.284786 0.147446 0.567768
311 0.634126 0.064325 0.301549
16997 0.372162 0.559674 0.068164
16996 0.708691 0.026947 0.264362
4812 0.414884 0.419264 0.165852
17104 0.205317 0.558296 0.236388
4438 0.149234 0.184275 0.666492
4894 0.145285 0.075134 0.779581
4370 0.000000 0.554611 0.445389
17089 0.561671 0.396033 0.042297
15308 0.050477 0.796508 0.153016
3886 0.351358 0.158815 0.489827
17292 0.435279 0.021046 0.543676
16915 0.118436 0.066655 0.814909
17112 0.009948 0.116351 0.873701
3974 0.391480 0.118613 0.489907
15313 0.202250 0.282741 0.515008
3889 0.209694 0.360701 0.429606
17296 0.554670 0.059090 0.386240
16919 0.217019 0.045833 0.737148
17116 0.015037 0.035023 0.949940
3772 0.213804 0.071798 0.714398
15415 0.048580 0.048866 0.902554
15453 0.270466 0.039429 0.690105
4473 0.041735 0.600863 0.357403
16931 0.327969 0.010949 0.661083
4395 0.192059 0.731261 0.076680
3986 0.268740 0.694302 0.036958
3799 0.085770 0.860462 0.053768
3841 0.821645 0.068937 0.109418
3925 0.277244 0.099622 0.623133
15432 0.232600 0.612470 0.154930
17026 0.414170 0.039022 0.546808
4016 0.069952 0.603918 0.326130
15361 0.322137 0.096981 0.580881
4025 0.377001 0.475821 0.147178
15364 0.570871 0.187158 0.241971
4028 0.212047 0.178487 0.609466
15508 0.751634 0.046434 0.201931
3828 0.189357 0.518060 0.292583
4360 0.586201 0.242434 0.171366
17034 0.073059 0.050534 0.876408
17039 0.224961 0.654295 0.120744
16988 0.106810 0.849952 0.043238
3965 0.469912 0.030185 0.499902
581 0.042873 0.018134 0.938993
15448 0.381524 0.282311 0.336165
613 0.892925 0.023167 0.083907
617 0.154299 0.701901 0.143800
18812 0.100749 0.168849 0.730402
18776 0.121251 0.244261 0.634488
468 0.282776 0.336115 0.381109
18782 0.223964 0.079900 0.696136
596 0.262585 0.375499 0.361916
592 0.589984 0.270557 0.139459
586 0.264344 0.043760 0.691896
606 0.446986 0.430245 0.122769
611 0.451936 0.548064 0.000000
18815 0.332153 0.022879 0.644967
601 0.171038 0.589404 0.239558
574 0.079541 0.344437 0.576022
578 0.838778 0.056227 0.104994
549 0.766701 0.096137 0.137162
18711 0.101999 0.385981 0.512020
582 0.009150 0.653147 0.337703
18721 0.408307 0.100824 0.490869
18761 0.039311 0.797361 0.163328
18749 0.030320 0.843612 0.126068
566 0.846647 0.139110 0.014243
570 0.894299 0.069460 0.036241
351 0.275137 0.002104 0.722759
18736 0.241289 0.400627 0.358083
18688 0.029107 0.353705 0.617188
18757 0.078187 0.518969 0.402844
571 0.066460 0.205401 0.728138
554 0.094534 0.369632 0.535834
19751 0.438437 0.240087 0.321476
19727 0.111861 0.068669 0.819469
18843 0.253248 0.465416 0.281335
18948 0.495291 0.283644 0.221066
18732 0.104135 0.061571 0.834294
19220 0.209608 0.055021 0.735371
18689 0.091009 0.402742 0.506250
361 0.399425 0.375670 0.224905
358 0.271595 0.598821 0.129585
18705 0.208719 0.457446 0.333835
16947 0.893682 0.025378 0.080940
16877 0.718057 0.063923 0.218020
4845 0.330498 0.621440 0.048062
3317 0.400256 0.061245 0.538498
4828 0.567210 0.405210 0.027580
16563 0.030934 0.730490 0.238576
16559 0.077088 0.561091 0.361820
16800 0.405063 0.389141 0.205796
2568 0.500139 0.457391 0.042470
16808 0.129779 0.571436 0.298786
2615 0.730756 0.021405 0.247839
2610 0.176366 0.153172 0.670461
16782 0.183307 0.404017 0.412677
2584 0.688157 0.144716 0.167127
2999 0.085616 0.819356 0.095028
16703 0.075832 0.486394 0.437774
3032 0.432884 0.011805 0.555310
16779 0.075202 0.321701 0.603097
2538 0.569346 0.327530 0.103124
2561 0.609855 0.127653 0.262492
2630 0.676654 0.140961 0.182385
2627 0.397793 0.152386 0.449821
2595 0.377725 0.182160 0.440115
2579 0.615295 0.227027 0.157678
2574 0.014785 0.485888 0.499327
16678 0.394852 0.599597 0.005551
2570 0.012810 0.028688 0.958502
3008 0.903780 0.062136 0.034084
3013 0.952672 0.045057 0.002270
14736 0.063097 0.615875 0.321028
14749 0.544160 0.023186 0.432655
4569 0.263332 0.232893 0.503775
16928 0.126495 0.654761 0.218744
4834 0.420170 0.381267 0.198563
10993 0.666661 0.144519 0.188820
15460 0.507592 0.200612 0.291796
4229 0.949995 0.045270 0.004735
4241 0.023656 0.888991 0.087353
4052 0.111273 0.879396 0.009331
4178 0.695447 0.298126 0.006426
15258 0.501587 0.184820 0.313592
4063 0.706511 0.124479 0.169010
849 0.327370 0.621277 0.051353
4846 0.299065 0.651064 0.049870
15002 0.809247 0.070311 0.120442
16896 0.009650 0.528298 0.462052
4609 0.055551 0.612978 0.331470
17130 0.573188 0.357161 0.069651
17148 0.368108 0.083438 0.548454
4517 0.507417 0.283845 0.208738
16855 0.115897 0.671741 0.212362
16843 0.453275 0.156645 0.390079
4978 0.094123 0.648892 0.256985
17324 0.894464 0.045098 0.060438
4392 0.005501 0.565819 0.428679
4523 0.355149 0.474944 0.169907
17157 0.183247 0.721542 0.095211
17155 0.705272 0.119416 0.175312
4627 0.385557 0.351597 0.262846
4612 0.830796 0.047485 0.121719
17159 0.233679 0.581623 0.184698
4521 0.145063 0.368840 0.486096
2793 1.000000 0.000000 0.000000
16778 0.410555 0.301487 0.287958
16723 0.051060 0.557256 0.391684
16730 0.371604 0.533758 0.094638
2802 0.528157 0.245746 0.226097
14717 0.189465 0.771433 0.039102
7982 0.000000 0.174855 0.825145
2589 0.255025 0.402757 0.342217
16689 0.399103 0.511404 0.089492
2598 0.441357 0.297171 0.261472
16562 0.118847 0.393576 0.487576
16560 0.214472 0.255742 0.529787
16670 0.537583 0.281634 0.180782
7997 0.469603 0.106055 0.424341
4458 0.296566 0.129360 0.574075
15428 0.023569 0.238638 0.737793
15456 0.486448 0.081088 0.432464
4228 0.304516 0.506545 0.188939
15231 0.225944 0.095577 0.678479
4200 0.379158 0.440500 0.180342
15042 0.023695 0.336828 0.639478
4200 1.000000 0.000000 0.000000
4132 0.441913 0.099205 0.458882
15031 0.084135 0.529817 0.386049
3105 0.027574 0.373150 0.599276
16239 0.259480 0.111973 0.628547
4129 0.141767 0.369236 0.488997
15111 0.030351 0.891543 0.078106
15030 0.314875 0.118687 0.566439
17269 0.004553 0.208298 0.787148
2895 0.479571 0.003893 0.516535
15115 0.301163 0.155070 0.543768
15222 0.304999 0.356635 0.338365
4223 0.251152 0.461385 0.287463
17268 0.231479 0.562053 0.206468
4125 0.299120 0.126779 0.574101
4109 0.198063 0.437722 0.364215
4111 0.314121 0.452082 0.233797
4316 0.652770 0.340577 0.006652
4344 0.251978 0.575509 0.172513
1845 0.689254 0.250537 0.060209
1848 0.142042 0.017725 0.840233
15193 0.271780 0.255944 0.472277
4116 0.091964 0.467331 0.440705
15013 0.868710 0.069616 0.061673
14951 0.505294 0.064464 0.430242
4357 0.648127 0.002037 0.349835
8229 0.325206 0.277950 0.396844
4071 0.128450 0.486647 0.384903
15242 0.242881 0.009563 0.747556
15198 0.650832 0.061043 0.288125
4090 0.105006 0.059105 0.835889
16381 0.358523 0.148165 0.493312
4093 0.149622 0.014900 0.835478
4305 0.270201 0.381330 0.348469
14969 0.089656 0.527808 0.382537
15077 0.293568 0.662224 0.044207
13496 0.207445 0.378125 0.414430
2908 0.079874 0.723126 0.197000
14964 0.008739 0.188041 0.803220
4310 0.162853 0.196307 0.640840
4291 0.222416 0.754615 0.022969
14978 0.027737 0.168623 0.803639
4334 0.393357 0.244079 0.362564
15094 0.021057 0.728060 0.250883
15073 0.007696 0.983790 0.008513
4339 0.000341 0.808110 0.191549
2902 0.232463 0.180650 0.586887
16348 0.437661 0.001908 0.560431
2172 0.504128 0.156420 0.339451
19657 0.007967 0.230064 0.761969
556 0.046664 0.677522 0.275814
18719 0.658902 0.177955 0.163143
552 0.207959 0.086794 0.705247
18706 0.132316 0.342522 0.525162
18690 0.249043 0.460733 0.290225
18703 0.200450 0.527132 0.272417
19213 0.124426 0.063350 0.812224
18694 0.815189 0.148539 0.036272
101 0.518140 0.064332 0.417528
18693 0.332835 0.283803 0.383362
2067 0.637649 0.137440 0.224910
18720 0.456604 0.484355 0.059041
19643 0.244323 0.160585 0.595092
18728 0.053914 0.118454 0.827632
2069 0.234556 0.137950 0.627493
2073 0.686658 0.274251 0.039092
18884 0.001501 0.504312 0.494186
2065 0.646588 0.019839 0.333573
18971 0.374182 0.537019 0.088799
462 0.318875 0.040731 0.640393
18987 0.137521 0.206343 0.656136
18984 0.666137 0.137806 0.196057
19171 0.061561 0.868883 0.069555
18928 0.175006 0.540021 0.284973
320 0.145065 0.328555 0.526381
18922 0.132206 0.420325 0.447469
18940 0.368106 0.460692 0.171202
440 0.302003 0.552583 0.145414
18876 0.434639 0.032557 0.532804
18848 0.182641 0.643518 0.173841
2084 0.526854 0.286785 0.186360
19715 0.874135 0.010519 0.115346
2139 0.087532 0.082825 0.829644
19645 0.004497 0.764478 0.231025
19658 0.211773 0.309555 0.478672
2149 0.397946 0.365447 0.236607
19726 0.156247 0.448673 0.395080
2052 0.519133 0.480867 0.000000
1243 0.545495 0.356719 0.097787
2096 0.534005 0.085718 0.380276
18853 0.307935 0.414600 0.277464
452 0.033243 0.441235 0.525523
437 0.617956 0.345354 0.036690
85 0.249442 0.134094 0.616463
18930 0.348280 0.477833 0.173887
385 0.276116 0.326889 0.396995
18739 0.408250 0.184058 0.407692
431 0.067286 0.840143 0.092570
429 0.542192 0.228270 0.229538
18870 0.547884 0.257099 0.195017
18908 0.033585 0.893261 0.073154
2098 0.090455 0.356461 0.553084
19775 0.150412 0.030815 0.818773
19704 0.051632 0.099220 0.849148
19706 0.794383 0.038201 0.167416
19766 0.862456 0.025324 0.112221
552 0.313423 0.489691 0.196887
18974 0.203902 0.523615 0.272483
18993 0.012989 0.526759 0.460252
2033 0.536412 0.383235 0.080353
2154 0.762974 0.208659 0.028366
2147 0.548533 0.226738 0.224729
2029 0.287662 0.368923 0.343416
2057 0.022050 0.977739 0.000211
2074 0.029834 0.066095 0.904071
2077 0.037734 0.922575 0.039691
18894 0.009134 0.388555 0.602311
18857 0.677006 0.063627 0.259366
449 0.033408 0.936743 0.029849
432 0.823255 0.013714 0.163031
334 0.036420 0.677936 0.285644
18801 0.157635 0.271870 0.570494
449 0.904308 0.059296 0.036396
18842 0.123766 0.000000 0.876234
434 0.004032 0.898298 0.097669
428 0.792282 0.033061 0.174657
18868 0.073047 0.099180 0.827774
447 1.000000 0.000000 0.000000
18869 0.656377 0.107362 0.236261
2093 0.658027 0.186796 0.155178
2092 0.010297 0.824449 0.165254
2075 0.090063 0.200505 0.709433
2041 0.092325 0.559212 0.348463
2138 0.029458 0.970542 0.000000
19743 0.247553 0.087337 0.665110
15635 0.025307 0.437337 0.537356
1009 0.428982 0.450323 0.120696
984 0.114972 0.702033 0.182995
980 0.488031 0.351422 0.160547
15615 0.369170 0.042639 0.588190
1155 0.019582 0.639520 0.340898
15617 0.338877 0.059326 0.601797
15589 0.245032 0.494625 0.260343
15812 0.671694 0.283569 0.044737
967 0.803873 0.086529 0.109598
942 0.483957 0.325652 0.190391
15837 0.127841 0.222891 0.649268
15833 0.002595 0.015483 0.981922
15829 0.971255 0.005521 0.023224
996 0.361817 0.356473 0.281710
15622 0.432007 0.332431 0.235562
990 0.250097 0.130226 0.619676
949 0.333042 0.072816 0.594142
15860 0.725475 0.111237 0.163288
965 0.032384 0.006313 0.961303
15873 0.652970 0.223136 0.123894
15869 0.181491 0.103012 0.715496
959 0.004326 0.031628 0.964046
15843 0.011812 0.108558 0.879630
15747 0.230055 0.507564 0.262381
15858 0.280618 0.009430 0.709953
15854 0.405780 0.065103 0.529117
15861 0.101051 0.359332 0.539618
15847 0.162572 0.437997 0.399431
1067 0.562930 0.259047 0.178023
1020 0.044364 0.691146 0.264490
15761 0.296885 0.140770 0.562345
15757 0.041852 0.179882 0.778267
1071 0.335256 0.259184 0.405560
15739 0.813435 0.182848 0.003718
19106 0.239190 0.463896 0.296914
19103 0.351167 0.534981 0.113851
15734 0.452955 0.014694 0.532352
19006 0.026699 0.839509 0.133792
266 0.306511 0.053891 0.639598
27 0.019723 0.194350 0.785928
19271 0.661086 0.279285 0.059629
19001 0.209563 0.472002 0.318435
15851 0.261971 0.430820 0.307209
19007 0.532834 0.445216 0.021950
1066 0.684429 0.097414 0.218157
19115 0.581689 0.401184 0.017127
1084 0.149606 0.788754 0.061640
15793 0.075133 0.048700 0.876167
15766 0.196195 0.361948 0.441858
19095 0.183394 0.264167 0.552439
15859 0.005616 0.089153 0.905231
234 0.187333 0.527975 0.284692
15846 0.318264 0.540036 0.141700
129 0.771603 0.159672 0.068725
75 0.507988 0.460448 0.031564
19257 0.118093 0.464607 0.417300
19253 0.067539 0.384629 0.547832
19017 0.033696 0.296305 0.669998
19025 0.118293 0.159113 0.722594
19144 0.110676 0.631866 0.257458
19141 0.600556 0.065822 0.333622
1008 0.691971 0.197265 0.110765
19111 0.276251 0.079729 0.644020
166 0.742788 0.108691 0.148520
169 0.011133 0.188220 0.800647
15770 0.324973 0.435537 0.239490
204 0.665467 0.130164 0.204369
307 0.118861 0.800531 0.080608
19124 0.165116 0.403463 0.431421
19123 0.015893 0.278890 0.705217
290 0.631607 0.291866 0.076527
47 0.334281 0.179726 0.485993
48 0.283059 0.128827 0.588114
121 0.034835 0.319506 0.645658
122 0.422208 0.099897 0.477895
76 0.126205 0.591074 0.282721
2 0.120539 0.666250 0.213211
37 0.008967 0.763498 0.227535
18999 0.529445 0.087933 0.382622
19060 0.099954 0.298993 0.601052
294 0.094309 0.905691 0.000000
19148 0.059988 0.628742 0.311270
173 0.000000 0.051569 0.948431
159 0.112407 0.539349 0.348245
19097 0.614163 0.201375 0.184462
230 0.331880 0.405711 0.262409
15769 0.191859 0.026366 0.781775
15797 0.851478 0.092020 0.056502
15796 0.343987 0.488741 0.167272
161 0.255782 0.244152 0.500066
19132 0.230346 0.516482 0.253172
19128 0.142266 0.334225 0.523509
50 0.198525 0.753353 0.048122
19040 0.119659 0.475935 0.404406
19047 0.386678 0.373549 0.239774
118 0.176073 0.166376 0.657551
8 0.078078 0.517512 0.404409
19115 0.019097 0.309162 0.671741
308 0.090684 0.851527 0.057789
15805 0.086850 0.576500 0.336651
47 0.698302 0.021041 0.280657
19294 0.394669 0.241937 0.363395
18 0.178611 0.319962 0.501428
48 0.512746 0.338144 0.149110
17 0.453221 0.344739 0.202040
19029 0.228380 0.768077 0.003543
19065 0.138457 0.253627 0.607916
19034 0.055065 0.872827 0.072107
19133 0.109030 0.227769 0.663201
19088 0.086150 0.272354 0.641496
171 0.086651 0.768781 0.144568
621 0.063762 0.102126 0.834112
15774 0.264417 0.125985 0.609597
15741 0.591422 0.342866 0.065712
15800 0.389782 0.343445 0.266773
216 0.671153 0.278319 0.050528
190 0.102739 0.298915 0.598346
1043 0.120170 0.495800 0.384029
282 0.054301 0.729251 0.216448
272 0.605492 0.050801 0.343708
253 0.351362 0.000000 0.648638
19027 0.056547 0.012102 0.931351
248 0.164497 0.769213 0.066289
12 1.000000 0.000000 0.000000
33 0.057076 0.614381 0.328543
32 0.197902 0.686005 0.116092
1039 0.068750 0.405698 0.525552
15742 0.559538 0.106394 0.334067
2552 0.587743 0.016515 0.395742
16802 0.173987 0.341143 0.484870
16799 0.783565 0.154275 0.062161
16777 0.350865 0.028764 0.620371
2555 0.093730 0.873469 0.032802
2549 0.764582 0.104386 0.131032
16766 0.399594 0.384683 0.215723
16803 0.074721 0.536094 0.389185
2628 0.395567 0.234714 0.369719
2599 0.443677 0.307611 0.248712
2508 0.876393 0.087812 0.035795
16770 0.562038 0.277789 0.160173
16815 0.012170 0.448087 0.539743
16687 0.193101 0.512547 0.294352
2604 0.000000 0.524146 0.475854
2498 0.324470 0.347614 0.327916
2497 0.128838 0.031345 0.839817
16814 0.518117 0.057422 0.424462
16694 0.636717 0.191372 0.171910
2592 0.370384 0.485522 0.144094
1343 0.268682 0.468393 0.262924
12655 0.461697 0.392397 0.145906
1746 0.287159 0.036547 0.676294
12621 0.037383 0.944775 0.017842
1843 0.400717 0.558872 0.040411
12492 0.432680 0.171938 0.395382
12515 0.415193 0.495152 0.089654
1569 0.350137 0.122569 0.527293
13520 0.493063 0.047341 0.459596
1748 0.047748 0.878896 0.073356
1859 0.755493 0.239536 0.004971
8293 0.588466 0.384861 0.026673
12539 0.446204 0.391137 0.162659
1815 0.060531 0.475082 0.464387
1699 0.643475 0.333585 0.022941
8321 0.123605 0.343783 0.532613
8323 0.107273 0.767881 0.124846
12613 0.309228 0.621820 0.068952
1819 1.000000 0.000000 0.000000
1823 0.257765 0.212514 0.529722
12753 0.018099 0.661832 0.320069
12607 0.412674 0.404685 0.182641
12762 0.511971 0.172388 0.315642
12749 0.477711 0.408954 0.113336
1817 0.279220 0.027151 0.693628
12735 0.075333 0.321465 0.603202
12739 0.400269 0.274958 0.324773
1694 0.547442 0.390769 0.061789
12580 0.590914 0.276949 0.132137
12591 0.790262 0.053859 0.155879
1645 0.287837 0.687755 0.024408
8259 0.789780 0.159665 0.050555
8255 0.115981 0.724977 0.159043
12594 0.288507 0.347283 0.364210
1666 0.443642 0.219597 0.336761
1670 0.592238 0.181749 0.226013
12543 0.225717 0.288566 0.485717
1630 0.365613 0.586934 0.047452
12712 0.671911 0.088537 0.239552
12611 0.322386 0.497742 0.179872
1624 0.044536 0.955464 0.000000
12503 0.835687 0.117437 0.046876
12498 0.457765 0.490963 0.051272
12719 0.640326 0.126689 0.232985
12722 0.220203 0.577386 0.202411
1606 0.070292 0.109718 0.819990
1854 0.056023 0.151005 0.792972
12744 0.243406 0.643136 0.113457
1811 0.396922 0.408654 0.194423
1589 0.326367 0.661680 0.011953
1576 0.318092 0.290709 0.391199
1681 0.471734 0.095351 0.432915
1632 0.151899 0.049465 0.798636
12532 0.434905 0.206780 0.358315
12522 0.083329 0.833128 0.083543
12526 0.311372 0.590067 0.098560
12520 0.189429 0.197966 0.612604
12476 0.449602 0.543471 0.006927
12461 0.022062 0.600101 0.377837
12586 0.381872 0.132129 0.485999
12486 0.029538 0.042387 0.928075
12481 0.742323 0.194333 0.063343
12523 0.162987 0.492387 0.344626
1574 0.517886 0.100675 0.381439
8291 0.402601 0.225041 0.372359
12966 0.166144 0.798411 0.035445
12998 0.399186 0.306658 0.294156
12994 0.120305 0.843060 0.036635
8275 0.240524 0.265119 0.494357
8276 0.213473 0.337820 0.448707
8289 0.574934 0.017818 0.407248
8285 0.441502 0.244356 0.314143
12984 0.189446 0.586247 0.224307
8405 0.101648 0.746341 0.152011
8318 0.127751 0.226888 0.645361
8378 0.388234 0.290731 0.321035
8402 0.340429 0.380462 0.279109
8398 0.912676 0.015382 0.071943
8374 0.109950 0.865914 0.024136
12469 0.746490 0.187519 0.065991
1690 0.410231 0.345317 0.244451
8316 0.246897 0.458332 0.294771
12960 0.056067 0.722946 0.220987
12471 0.486013 0.418587 0.095400
8339 0.446543 0.411125 0.142333
8393 0.215048 0.694465 0.090487
8391 0.612978 0.058180 0.328841
8350 0.623601 0.187765 0.188634
13061 0.181335 0.071272 0.747393
12624 0.027569 0.897691 0.074740
1726 0.125362 0.544838 0.329801
13487 0.442619 0.508731 0.048650
12786 0.165281 0.657808 0.176911
12800 0.105678 0.251133 0.643189
8215 0.412197 0.406957 0.180846
12797 0.024635 0.694587 0.280778
8123 0.509426 0.425005 0.065569
12783 0.405856 0.299558 0.294586
8132 0.917907 0.056451 0.025642
13023 0.253180 0.450665 0.296155
13477 0.595082 0.177529 0.227389
1251 0.314853 0.589991 0.095156
13522 0.106291 0.534596 0.359113
13703 0.128509 0.323037 0.548454
14483 0.153917 0.137895 0.708188
14619 0.383082 0.528016 0.088902
14599 0.219403 0.323596 0.457001
12896 0.407523 0.241838 0.350639
12830 0.233797 0.122049 0.644154
12836 0.900149 0.025276 0.074575
12841 0.210169 0.591575 0.198256
8113 0.121554 0.007178 0.871268
12812 0.055832 0.748831 0.195338
1351 0.822627 0.132389 0.044984
1257 0.328749 0.545126 0.126125
13429 0.174116 0.218860 0.607024
12847 0.107269 0.269789 0.622942
8252 0.168086 0.027194 0.804720
12658 0.127801 0.451009 0.421190
1722 0.002751 0.879349 0.117901
12674 0.093148 0.460949 0.445902
18001 0.495511 0.275853 0.228636
1996 0.000000 0.197589 0.802411
1973 0.521783 0.243159 0.235058
1969 0.303196 0.513216 0.183588
1995 0.384785 0.154064 0.461151
18051 0.592384 0.015933 0.391683
18053 0.571702 0.178241 0.250057
1997 0.714296 0.176511 0.109194
13277 0.028742 0.734952 0.236306
1969 0.000000 0.189778 0.810222
1998 0.259927 0.508237 0.231836
19918 0.296383 0.214262 0.489355
19914 0.410237 0.055130 0.534633
1896 0.155550 0.469099 0.375351
18018 0.167735 0.224635 0.607630
19862 0.798563 0.076951 0.124486
1871 0.133808 0.414458 0.451734
19856 0.538112 0.068500 0.393388
1876 0.517167 0.349421 0.133412
2400 0.850699 0.095555 0.053746
2396 0.077999 0.655966 0.266035
17998 0.059870 0.313062 0.627068
17994 0.470070 0.416891 0.113039
17990 0.515395 0.154146 0.330459
1972 0.292470 0.372228 0.335301
1958 0.029236 0.692467 0.278297
18021 0.039820 0.244130 0.716050
1870 0.161018 0.491686 0.347297
19872 0.191793 0.795045 0.013163
1877 0.208057 0.687579 0.104364
1881 0.447702 0.400935 0.151362
1987 0.668298 0.303321 0.028381
18055 0.119777 0.436612 0.443610
18059 0.028421 0.017804 0.953774
19921 0.004870 0.249116 0.746013
19869 0.294844 0.343495 0.361662
18031 0.106703 0.059476 0.833821
2377 0.211280 0.241066 0.547654
18040 0.305404 0.217843 0.476753
10020 0.397714 0.298347 0.303939
13289 0.257997 0.253791 0.488212
2397 0.033714 0.562020 0.404266
2374 0.000000 0.582610 0.417390
1947 0.421352 0.295567 0.283081
2353 0.532972 0.397917 0.069111
2368 0.160122 0.706880 0.132998
2371 0.631540 0.113803 0.254657
13250 0.981544 0.011626 0.006830
18020 0.211480 0.478537 0.309984
2012 0.729204 0.203049 0.067747
18007 0.477956 0.233978 0.288066
2018 0.797271 0.153990 0.048738
2001 0.411413 0.294307 0.294279
2348 0.516055 0.161888 0.322057
1978 0.032704 0.385510 0.581785
2351 0.300839 0.388049 0.311112
13698 0.645323 0.168158 0.186519
1457 0.457731 0.290294 0.251975
13183 0.556133 0.196469 0.247397
1448 0.271159 0.077996 0.650845
13177 0.033072 0.175189 0.791739
2372 0.546632 0.332110 0.121258
13252 0.714216 0.133136 0.152648
13271 0.497632 0.193013 0.309355
2457 0.374521 0.606877 0.018603
13268 0.336522 0.580005 0.083473
1923 0.373682 0.039612 0.586706
19670 0.064942 0.768438 0.166620
13311 0.429628 0.326611 0.243761
13170 0.088957 0.796446 0.114597
13167 0.249635 0.629236 0.121128
13162 0.203211 0.173871 0.622918
13658 0.456682 0.066980 0.476338
1288 0.159492 0.349224 0.491283
13650 0.614261 0.326955 0.058784
1301 0.118720 0.254017 0.627263
1508 0.292388 0.703029 0.004583
1483 0.427313 0.045488 0.527199
1543 0.146523 0.720640 0.132837
1472 0.072427 0.726626 0.200947
1942 0.226640 0.246970 0.526390
19232 0.383925 0.042091 0.573984
19664 0.577981 0.095526 0.326493
1930 0.169092 0.538275 0.292634
2306 0.308974 0.482234 0.208792
13107 0.221670 0.210100 0.568230
13601 0.050804 0.492466 0.456729
13684 0.236755 0.205466 0.557780
13677 0.316171 0.245429 0.438399
1932 0.903982 0.052811 0.043208
13680 0.113207 0.852792 0.034001
1424 0.454057 0.252653 0.293290
13482 0.180105 0.165520 0.654375
13497 0.491999 0.115931 0.392069
13529 0.098735 0.715161 0.186103
13539 0.511333 0.194091 0.294576
1332 0.159264 0.735070 0.105667
1256 0.025040 0.658712 0.316248
13485 0.018729 0.206552 0.774718
13434 0.047527 0.709297 0.243176
1372 0.788634 0.146264 0.065102
1265 0.417500 0.510956 0.071545
13397 0.202148 0.351281 0.446570
13526 0.669898 0.290031 0.040071
13613 0.152994 0.424946 0.422060
13564 0.409449 0.404531 0.186019
1420 0.203230 0.205578 0.591192
1436 0.372318 0.579904 0.047779
1432 0.090537 0.557810 0.351653
2424 0.026129 0.374721 0.599150
13399 0.438973 0.529577 0.031450
13403 0.738317 0.105791 0.155891
1409 0.443188 0.025206 0.531606
13606 0.538506 0.194150 0.267344
1459 0.100882 0.695606 0.203512
13593 0.078638 0.510085 0.411277
2439 0.004605 0.784421 0.210974
13464 0.617521 0.129479 0.253000
13414 0.191518 0.053486 0.754997
1362 0.334319 0.427217 0.238464
8409 0.710657 0.184964 0.104379
8195 0.333309 0.595470 0.071221
1265 0.062017 0.403258 0.534726
13411 0.476064 0.152422 0.371514
8206 0.285233 0.386183 0.328585
8209 0.517103 0.355657 0.127240
12871 0.186261 0.625219 0.188519
12870 0.350272 0.404125 0.245603
12875 0.067902 0.438787 0.493310
12877 0.532692 0.293408 0.173900
8205 0.333103 0.525270 0.141626
8408 0.062432 0.626803 0.310765
8407 0.350450 0.421350 0.228201
8600 0.492371 0.349179 0.158450
8596 1.000000 0.000000 0.000000
8625 0.636813 0.255566 0.107621
14532 0.770272 0.013655 0.216073
8183 0.591655 0.252264 0.156081
2416 0.148929 0.541644 0.309427
12910 0.319433 0.214773 0.465794
8180 0.091254 0.814455 0.094291
1249 0.493852 0.469572 0.036576
2420 0.065229 0.801227 0.133544
12858 0.594029 0.227728 0.178243
14489 0.113418 0.787981 0.098601
14488 0.201454 0.711937 0.086609
8591 0.179879 0.716131 0.103990
14495 0.418006 0.184844 0.397150
8600 0.527918 0.287332 0.184751
8576 0.561575 0.215194 0.223231
8572 1.000000 0.000000 0.000000
14554 0.278717 0.330979 0.390304
14597 0.139863 0.709076 0.151060
8565 0.281963 0.702239 0.015797
8698 0.379673 0.561307 0.059020
2430 0.222265 0.315164 0.462571
14536 0.588410 0.199940 0.211650
14531 0.028551 0.255873 0.715575
2436 0.328376 0.407212 0.264412
2452 0.667121 0.122840 0.210039
13356 0.019255 0.520535 0.460210
13361 0.305825 0.556767 0.137408
13132 0.429233 0.533199 0.037568
2205 0.178418 0.538997 0.282585
13091 0.457681 0.450416 0.091904
2202 0.638188 0.133435 0.228378
13152 0.696468 0.132360 0.171172
2318 0.653719 0.107951 0.238330
13173 0.147145 0.003192 0.849663
2289 0.080919 0.603631 0.315450
2253 0.514271 0.185043 0.300685
2182 0.310186 0.303662 0.386151
13365 0.643043 0.075235 0.281722
2312 0.213590 0.189792 0.596618
2479 0.532457 0.186537 0.281006
2214 0.452490 0.102276 0.445234
2212 0.000000 0.702330 0.297670
2444 0.297206 0.302881 0.399912
2213 0.252704 0.196371 0.550925
2210 0.069153 0.197240 0.733607
2203 0.118309 0.624680 0.257011
13342 0.337174 0.110513 0.552313
13345 0.611909 0.266217 0.121874
13209 0.129290 0.288823 0.581887
13223 0.321066 0.498291 0.180643
1528 0.327672 0.189027 0.483302
13571 0.465329 0.338117 0.196553
13585 0.318402 0.460154 0.221444
1524 0.194141 0.704248 0.101611
13692 0.608480 0.350424 0.041096
1480 0.030546 0.788328 0.181126
13671 0.526932 0.236514 0.236553
1544 0.036815 0.645752 0.317433
1504 0.022405 0.613294 0.364301
12671 0.013511 0.735681 0.250808
1723 0.705888 0.206656 0.087457
13504 0.095019 0.153723 0.751258
8250 0.798362 0.100188 0.101450
12846 0.606339 0.008603 0.385058
8157 0.094593 0.435425 0.469982
1337 0.136487 0.571492 0.292021
12822 0.142394 0.135916 0.721690
1782 0.383107 0.337691 0.279202
1762 0.090509 0.105399 0.804092
1763 0.499011 0.496682 0.004307
1719 0.144404 0.662065 0.193532
1361 0.012413 0.969798 0.017789
13080 0.063060 0.234765 0.702175
12666 0.247857 0.269720 0.482423
13503 0.403375 0.378982 0.217644
13500 0.006189 0.633648 0.360163
19676 0.219956 0.381396 0.398648
13258 0.190451 0.377196 0.432353
13632 0.800777 0.024269 0.174954
1400 0.055719 0.560049 0.384232
1836 0.758094 0.001451 0.240455
1713 0.343827 0.038460 0.617713
12566 0.091215 0.604717 0.304068
8297 0.123633 0.595766 0.280601
12536 0.313496 0.607528 0.078975
12648 0.072297 0.362243 0.565460
1399 0.358687 0.625241 0.016073
1294 0.463770 0.180610 0.355620
1834 0.030175 0.500686 0.469139
12743 0.270542 0.111797 0.617661
13387 0.193956 0.653841 0.152202
1526 0.865493 0.017185 0.117322
13112 0.245325 0.677963 0.076712
1970 0.000000 0.608630 0.391370
1970 0.000000 0.868862 0.131138
1970 0.000000 0.313366 0.686634
1965 0.000000 0.595710 0.404290
2179 0.156005 0.025521 0.818474
18026 0.028333 0.909735 0.061932
2382 0.000000 0.821139 0.178861
2378 0.000000 0.693088 0.306912
18037 0.000000 0.176257 0.823743
17986 0.000000 0.793956 0.206044
19931 0.000000 0.628773 0.371227
13288 0.000000 0.203075 0.796925
13283 0.000000 0.641417 0.358583
1969 0.000000 1.000000 0.000000
8644 0.312740 0.417286 0.269974
14625 0.408147 0.235609 0.356245
14441 0.232698 0.125448 0.641854
14616 0.133947 0.549713 0.316339
8704 1.000000 0.000000 0.000000
8453 0.299170 0.700830 0.000000
14579 0.054290 0.748301 0.197410
8462 0.216875 0.151765 0.631360
8641 0.113404 0.108366 0.778230
8668 0.934860 0.051137 0.014003
8673 0.006602 0.483040 0.510358
14501 0.051202 0.948628 0.000171
8661 0.214924 0.358736 0.426339
14375 0.241687 0.493682 0.264631
8530 0.265874 0.371620 0.362506
14392 0.184823 0.552670 0.262507
14402 0.416311 0.552911 0.030778
8440 0.866861 0.133139 0.000000
8440 0.563417 0.436583 0.000000
8556 0.737518 0.262482 0.000000
14406 0.209555 0.563712 0.226733
14410 0.080815 0.081540 0.837644
14442 0.076307 0.155496 0.768197
8488 0.559961 0.036022 0.404017
8674 0.318343 0.640413 0.041244
14474 0.008774 0.099655 0.891571
14599 0.062784 0.816060 0.121156
14367 0.125494 0.001614 0.872892
8418 0.649948 0.137042 0.213009
14394 0.617099 0.119511 0.263390
8425 0.016193 0.567322 0.416484
14372 0.639581 0.292636 0.067783
14359 0.141573 0.511958 0.346469
8533 0.727198 0.042606 0.230196
14347 0.205888 0.437557 0.356555
14346 0.093995 0.118898 0.787108
14330 0.296470 0.240354 0.463176
8499 0.507738 0.319035 0.173227
8526 0.098307 0.123358 0.778336
8552 0.721740 0.240732 0.037528
8441 0.183876 0.816124 0.000000
8430 0.000000 0.000000 1.000000
14341 0.151724 0.730284 0.117992
14426 0.410879 0.053113 0.536009
14421 0.089742 0.478986 0.431272
14419 0.248545 0.571513 0.179942
8504 0.718543 0.133611 0.147845
