8966 0.820820 0.034250 0.144930
15916 0.131926 0.582462 0.285612
9618 0.368749 0.596596 0.034655
9624 0.237163 0.442493 0.320344
16560 0.455576 0.425712 0.118712
16680 0.043535 0.655528 0.300937
9965 0.050540 0.531870 0.417591
7278 0.601990 0.174597 0.223413
7260 0.154330 0.089373 0.756297
20013 0.031668 0.687733 0.280600
7241 0.162978 0.020422 0.816600
9997 0.090950 0.489798 0.419252
7299 0.331936 0.579566 0.088498
19915 0.273591 0.473983 0.252427
13669 0.284265 0.016232 0.699503
7319 0.108766 0.016218 0.875015
7355 0.156795 0.667817 0.175388
13997 0.312843 0.173394 0.513762
10002 0.018925 0.753805 0.227270
11881 0.133820 0.318936 0.547243
10221 0.627664 0.341195 0.031142
10205 0.562425 0.047631 0.389944
11431 0.341391 0.042293 0.616316
20916 0.648403 0.049595 0.302003
7692 0.970937 0.013150 0.015913
11904 0.227922 0.738559 0.033519
19790 0.476469 0.263352 0.260180
20258 0.250619 0.219285 0.530096
6117 0.756145 0.105813 0.138042
7580 0.810707 0.042116 0.147177
20235 0.020028 0.909114 0.070858
7808 0.344206 0.476755 0.179039
7634 0.536305 0.322580 0.141115
7710 0.225389 0.202978 0.571633
6121 0.075511 0.909589 0.014899
7190 0.630944 0.088325 0.280731
19978 0.076848 0.317207 0.605944
19959 0.045575 0.115166 0.839259
17417 0.210274 0.384985 0.404740
6358 0.274299 0.259704 0.465997
9872 0.358413 0.129966 0.511621
8636 0.224999 0.525207 0.249794
11934 0.013945 0.085273 0.900781
11948 0.101663 0.435655 0.462683
6408 0.053149 0.266605 0.680246
13645 0.179003 0.476214 0.344783
6407 0.399547 0.154146 0.446306
5988 0.160278 0.264942 0.574780
6686 0.069453 0.180461 0.750086
11338 0.508370 0.268852 0.222778
15902 0.242000 0.169372 0.588628
6518 0.750615 0.154666 0.094719
11711 0.032287 0.924632 0.043081
13563 0.143664 0.499440 0.356896
6612 0.699254 0.153795 0.146951
6615 0.374517 0.065786 0.559697
6657 0.015343 0.533832 0.450825
13576 0.545446 0.320378 0.134176
11332 0.414837 0.082145 0.503018
8897 0.078107 0.826970 0.094923
10451 0.074862 0.725090 0.200048
10263 0.165655 0.083385 0.750959
10228 0.708426 0.249897 0.041678
11666 0.770069 0.155321 0.074610
10349 0.027298 0.183857 0.788845
11378 0.707470 0.249917 0.042613
11608 0.307557 0.045583 0.646859
4311 0.008851 0.040822 0.950327
8927 0.139159 0.727210 0.133631
11260 0.166967 0.142185 0.690848
11772 0.638945 0.247093 0.113962
6510 0.066394 0.001420 0.932186
11728 0.049554 0.784973 0.165474
6537 0.276020 0.714057 0.009923
11752 0.127577 0.846951 0.025473
10322 0.153274 0.156606 0.690121
11289 0.896625 0.007399 0.095976
3064 0.651381 0.266511 0.082108
8678 0.825407 0.154700 0.019893
3067 0.079697 0.348794 0.571509
10464 0.704680 0.041276 0.254043
3006 0.041650 0.170923 0.787427
14748 0.049329 0.682548 0.268124
3003 0.410049 0.274387 0.315564
7178 0.227206 0.225666 0.547128
16640 0.602864 0.091750 0.305385
7192 0.681785 0.221396 0.096819
11364 0.747205 0.061561 0.191234
15838 0.425425 0.072343 0.502232
9856 0.368443 0.555650 0.075907
15854 0.604809 0.173778 0.221413
12359 0.505815 0.069560 0.424625
15866 0.606865 0.321157 0.071978
8912 0.310762 0.545276 0.143962
15517 0.176031 0.231245 0.592724
8561 0.569257 0.264439 0.166304
15648 0.454125 0.055252 0.490623
15567 0.029842 0.195424 0.774734
9052 0.772658 0.188852 0.038490
16074 0.643325 0.355871 0.000804
16052 0.113354 0.696978 0.189668
9108 0.561919 0.298210 0.139871
9067 0.755927 0.088090 0.155983
3495 0.870758 0.023978 0.105264
15578 0.307122 0.216880 0.475999
3190 0.714354 0.059043 0.226604
16131 0.312086 0.066102 0.621812
5534 0.287070 0.075447 0.637483
22157 0.356140 0.469259 0.174600
12503 0.316927 0.053423 0.629650
15879 0.255299 0.653212 0.091489
15877 0.311284 0.033869 0.654847
16094 0.139017 0.213060 0.647923
11133 0.000000 0.632985 0.367015
12129 0.407457 0.011386 0.581156
11232 0.015723 0.348255 0.636022
12555 0.310287 0.379146 0.310567
22161 0.167523 0.393652 0.438825
12099 0.091308 0.879303 0.029390
9000 0.428674 0.017692 0.553634
8992 0.073412 0.428748 0.497840
9008 0.608231 0.101623 0.290145
8519 0.278475 0.212668 0.508857
15742 0.187984 0.120202 0.691814
12463 0.877118 0.117597 0.005285
8944 0.240687 0.386583 0.372729
8594 0.195663 0.494793 0.309544
12218 0.236203 0.292424 0.471373
11976 0.337545 0.270749 0.391706
12249 0.934162 0.047276 0.018562
12474 0.365088 0.210256 0.424656
10121 0.088559 0.279675 0.631766
11499 0.297953 0.254591 0.447456
11453 0.031117 0.559333 0.409550
10181 0.121255 0.574713 0.304031
10175 0.025688 0.235728 0.738584
10046 0.084231 0.319979 0.595790
12428 0.262827 0.161321 0.575852
12424 0.688090 0.002560 0.309350
19315 0.337609 0.024292 0.638099
19339 0.638341 0.005609 0.356050
15887 0.182509 0.790544 0.026947
10554 0.692056 0.102488 0.205457
12463 0.210928 0.170030 0.619042
12565 0.364635 0.308340 0.327025
11190 0.394001 0.475720 0.130279
8830 0.832619 0.033451 0.133930
16126 0.153363 0.789282 0.057355
11232 0.785750 0.155195 0.059055
21990 0.360982 0.206352 0.432667
11226 0.168638 0.189246 0.642116
12122 0.033329 0.737199 0.229472
5570 0.218536 0.438438 0.343026
5625 0.082392 0.256182 0.661427
8743 0.011928 0.671679 0.316393
8786 0.649436 0.282477 0.068087
12322 0.377105 0.140331 0.482563
11064 0.226653 0.087570 0.685777
10081 0.192498 0.790542 0.016960
15546 0.603666 0.111405 0.284928
10094 0.006790 0.823963 0.169247
11026 0.230735 0.464807 0.304458
12470 0.133454 0.844646 0.021899
12591 0.459499 0.230094 0.310407
10957 0.039799 0.569231 0.390970
12524 0.053887 0.234168 0.711945
12595 0.784679 0.079824 0.135497
19275 0.524501 0.051752 0.423747
9953 0.721460 0.017175 0.261365
15973 0.233110 0.516889 0.250001
12211 0.610181 0.346356 0.043462
11570 0.609097 0.103064 0.287839
11463 0.115792 0.845409 0.038800
10140 0.109038 0.473434 0.417528
11589 0.199191 0.625141 0.175667
19310 0.946728 0.036032 0.017240
8945 0.086100 0.247414 0.666486
12552 0.795760 0.111156 0.093084
10953 0.009639 0.953411 0.036951
12609 0.098160 0.300267 0.601573
11124 0.595772 0.391995 0.012233
12134 0.211680 0.691930 0.096389
10967 0.127412 0.483386 0.389202
10946 0.141339 0.060748 0.797914
12413 0.213955 0.568997 0.217047
10982 0.345115 0.644181 0.010705
10547 0.742890 0.134405 0.122705
8708 0.147423 0.762713 0.089864
15688 0.048368 0.189075 0.762557
8457 0.001993 0.556424 0.441583
12401 0.064350 0.158242 0.777409
12340 0.043920 0.223503 0.732577
15780 0.816160 0.071552 0.112288
15793 0.054726 0.933770 0.011503
12191 0.036219 0.018050 0.945730
12220 0.272908 0.288994 0.438098
12214 0.038210 0.745670 0.216120
10598 0.220298 0.597941 0.181761
15938 0.756761 0.025256 0.217983
10748 0.819878 0.033702 0.146420
15927 0.004000 0.373373 0.622626
12201 0.084138 0.754043 0.161819
10610 0.384850 0.193193 0.421957
10608 0.291574 0.170558 0.537869
12306 0.369365 0.037518 0.593117
12238 0.579812 0.030033 0.390155
11970 0.274554 0.506666 0.218780
11985 0.131555 0.318630 0.549815
10680 0.200976 0.173997 0.625026
12155 0.448053 0.323946 0.228001
10560 0.580230 0.012917 0.406853
10770 0.346537 0.112598 0.540865
15955 0.558284 0.117178 0.324537
12237 0.825919 0.009469 0.164611
11968 0.192758 0.282668 0.524574
11993 0.291821 0.426172 0.282007
11997 0.184115 0.499816 0.316068
12027 0.162606 0.333534 0.503860
12008 0.595771 0.161659 0.242569
10563 0.594040 0.144200 0.261760
12017 0.332979 0.478746 0.188275
12020 0.148804 0.139766 0.711430
11982 0.744219 0.053516 0.202265
11978 0.921649 0.015043 0.063308
10658 0.138981 0.699779 0.161241
10690 0.102960 0.021331 0.875710
5970 0.707432 0.074315 0.218253
13835 0.032808 0.506358 0.460834
5912 0.180312 0.538001 0.281687
5663 0.107094 0.358363 0.534543
5759 0.365848 0.534548 0.099604
12769 0.791799 0.027269 0.180932
13263 0.179886 0.043611 0.776503
13316 0.158802 0.791138 0.050060
6962 0.077288 0.206161 0.716551
14067 0.056664 0.813120 0.130216
6696 0.188634 0.267393 0.543973
6724 0.725938 0.171427 0.102635
6447 0.094519 0.292305 0.613175
13399 0.074022 0.405000 0.520978
13396 0.679311 0.060811 0.259878
13418 0.172380 0.729392 0.098228
6980 0.224988 0.193898 0.581113
14057 0.209087 0.624738 0.166175
6842 0.317402 0.083190 0.599408
13793 0.268993 0.626550 0.104457
13950 0.363894 0.057380 0.578726
13528 0.209928 0.218710 0.571362
6889 0.029564 0.064710 0.905727
5808 0.335380 0.549664 0.114955
13842 0.412531 0.579783 0.007685
5822 0.009959 0.518447 0.471595
12857 0.618543 0.059390 0.322066
12946 0.023191 0.374546 0.602263
12713 0.280230 0.304126 0.415644
12764 0.124280 0.463634 0.412086
6319 0.337562 0.336103 0.326335
5653 0.186324 0.310141 0.503535
6967 0.004697 0.115899 0.879404
6765 0.884951 0.033974 0.081075
13987 0.202361 0.606063 0.191576
13802 0.155000 0.692178 0.152822
7006 0.252751 0.017047 0.730202
13534 0.918221 0.067607 0.014172
6896 0.400236 0.596346 0.003417
13435 0.118248 0.222351 0.659400
6961 0.058456 0.775097 0.166448
14064 0.760414 0.190678 0.048908
6695 0.643558 0.087884 0.268559
13787 0.258272 0.311367 0.430361
6445 0.234112 0.680355 0.085533
6925 0.429440 0.053482 0.517078
6900 0.086732 0.802922 0.110346
13414 0.081900 0.164821 0.753279
12913 0.069301 0.727788 0.202911
13822 0.053481 0.187473 0.759047
12855 0.168445 0.235617 0.595938
5647 0.616161 0.305659 0.078181
12681 0.025742 0.228228 0.746029
6224 0.035573 0.130944 0.833483
13265 0.703384 0.243195 0.053421
13362 0.305505 0.369642 0.324852
13934 0.154453 0.151003 0.694544
13999 0.126775 0.833215 0.040010
12936 0.212951 0.341870 0.445178
5903 0.180941 0.125773 0.693286
12719 0.745196 0.177260 0.077545
6169 0.148317 0.063615 0.788068
6034 0.139040 0.010262 0.850698
13740 0.678831 0.249985 0.071184
6983 0.375982 0.552863 0.071155
14003 0.454527 0.244083 0.301391
6795 0.286263 0.178954 0.534782
5851 0.023660 0.156822 0.819518
12890 0.052962 0.680667 0.266370
5943 0.842908 0.127663 0.029429
5875 0.050588 0.851916 0.097496
13723 0.627174 0.087277 0.285549
13454 0.270181 0.669831 0.059988
13413 0.272584 0.691983 0.035434
6701 0.804140 0.105201 0.090659
14022 0.111059 0.737917 0.151024
6421 0.623810 0.362514 0.013675
13578 0.281223 0.137924 0.580853
13572 0.532526 0.072026 0.395448
6413 0.551344 0.083473 0.365182
20166 0.414214 0.335014 0.250772
22074 0.113820 0.200497 0.685682
7496 0.263737 0.638570 0.097693
20765 0.397587 0.385376 0.217038
22036 0.086917 0.784376 0.128707
7482 0.232890 0.181880 0.585230
21002 0.307703 0.247894 0.444403
8094 0.496018 0.172478 0.331504
20410 0.277456 0.500934 0.221610
8065 0.346257 0.341310 0.312433
8056 0.216202 0.695314 0.088484
13110 0.318747 0.214698 0.466556
13181 0.218795 0.590182 0.191023
19789 0.403910 0.513330 0.082761
20622 0.156255 0.173961 0.669783
20598 0.307488 0.569579 0.122933
20600 0.318406 0.592478 0.089116
7034 0.697967 0.089402 0.212631
13159 0.109310 0.592826 0.297863
13094 0.197143 0.374060 0.428797
6145 0.103019 0.229677 0.667305
13023 0.004267 0.013019 0.982714
13020 0.757847 0.153784 0.088369
6021 0.636804 0.120896 0.242300
13079 0.371924 0.551926 0.076150
7404 0.518146 0.019786 0.462067
7402 0.212280 0.161806 0.625913
22005 0.076819 0.369530 0.553652
7454 0.046706 0.943145 0.010149
20146 0.597339 0.363704 0.038957
21999 0.564486 0.305632 0.129883
20151 0.062594 0.726901 0.210505
20226 0.122213 0.622465 0.255322
7535 0.565164 0.391981 0.042855
20423 0.398564 0.322349 0.279088
20952 0.410576 0.261764 0.327660
20948 0.771873 0.199797 0.028331
7427 0.014812 0.677220 0.307968
21031 0.271021 0.556887 0.172092
4034 0.094326 0.291877 0.613796
20127 0.040469 0.217324 0.742207
7407 0.092679 0.150703 0.756618
4016 0.140512 0.124240 0.735248
22042 0.274740 0.549818 0.175442
20091 0.208018 0.096759 0.695223
20415 0.283687 0.050245 0.666067
20997 0.841644 0.131830 0.026526
8098 0.602942 0.145571 0.251486
8321 0.142740 0.571518 0.285742
20640 0.494468 0.385687 0.119845
8004 0.140267 0.187291 0.672442
7982 0.253191 0.072648 0.674162
13120 0.028828 0.293407 0.677765
20582 0.948546 0.035782 0.015671
19838 0.453014 0.373959 0.173026
20620 0.385031 0.520502 0.094467
19728 0.194748 0.754191 0.051061
19836 0.061746 0.855472 0.082782
7146 0.286967 0.612560 0.100472
7645 0.413954 0.508295 0.077751
7125 0.544863 0.372923 0.082213
19741 0.315639 0.329508 0.354853
13028 0.807790 0.116496 0.075713
19708 0.002761 0.804370 0.192869
6016 0.745088 0.033005 0.221906
20535 0.211408 0.696601 0.091992
20710 0.075423 0.748472 0.176104
20581 0.010943 0.363264 0.625793
20463 0.145906 0.239517 0.614577
20905 0.347039 0.012969 0.639991
20887 0.935881 0.002289 0.061830
20458 0.285586 0.605693 0.108720
20700 0.705526 0.233677 0.060797
16684 0.169856 0.450846 0.379298
11910 0.811084 0.036761 0.152155
20861 0.961681 0.007113 0.031207
7474 0.194548 0.435579 0.369873
20247 0.456391 0.105002 0.438607
20303 0.173581 0.652363 0.174056
8625 0.292528 0.611397 0.096076
7075 0.027672 0.796342 0.175986
11554 0.634093 0.337660 0.028247
8683 0.111518 0.257125 0.631356
8009 0.289574 0.364578 0.345848
16359 0.410105 0.253757 0.336138
22157 0.092847 0.522274 0.384879
3914 0.299610 0.150585 0.549805
11151 0.320422 0.253664 0.425915
4185 0.032066 0.007588 0.960345
22107 0.351723 0.109365 0.538912
22137 0.092746 0.714246 0.193008
4056 0.471260 0.528740 0.000000
3629 0.730177 0.269823 0.000000
11190 0.545003 0.238939 0.216058
21842 0.148834 0.009669 0.841496
21897 0.186631 0.168049 0.645321
11227 0.352484 0.266297 0.381219
22477 0.023817 0.260490 0.715693
16193 0.033483 0.062001 0.904516
16188 0.694343 0.157180 0.148477
8832 0.098970 0.306714 0.594316
16129 0.255287 0.552547 0.192166
16126 0.227661 0.622851 0.149488
22514 0.641222 0.204978 0.153800
22206 0.498213 0.125012 0.376775
22190 0.737319 0.185695 0.076986
22371 0.233873 0.336755 0.429372
4105 0.257947 0.382528 0.359525
11147 0.139652 0.065088 0.795260
11171 0.027233 0.242366 0.730401
12528 0.459968 0.334547 0.205486
5582 0.347371 0.319437 0.333192
5358 0.456566 0.537467 0.005967
9715 0.079302 0.795951 0.124747
9708 0.443623 0.420863 0.135514
22239 0.027112 0.955033 0.017855
3839 0.908002 0.074452 0.017547
22171 0.030586 0.083448 0.885966
3816 0.456305 0.521172 0.022523
5570 0.253064 0.168280 0.578656
16985 0.572807 0.173861 0.253333
16976 0.552622 0.092168 0.355210
1648 0.370886 0.358877 0.270237
1631 0.720174 0.060853 0.218974
1711 0.011008 0.640417 0.348575
15243 0.465657 0.182623 0.351720
14280 0.446283 0.175517 0.378200
1670 0.021965 0.748141 0.229894
1671 0.260502 0.712666 0.026831
704 0.271425 0.578049 0.150526
1678 0.645446 0.212607 0.141947
18147 0.671000 0.146714 0.182286
1586 0.105810 0.668347 0.225843
1097 0.271537 0.023407 0.705056
4828 0.124741 0.633098 0.242161
17045 0.391499 0.497452 0.111049
17049 0.412795 0.382446 0.204759
4792 0.659884 0.089995 0.250121
15287 0.551976 0.065797 0.382227
1650 0.739766 0.257958 0.002276
15232 0.297448 0.637362 0.065189
4723 0.467035 0.142858 0.390108
14341 0.028461 0.344320 0.627219
14630 0.201831 0.018709 0.779460
14770 0.166569 0.136917 0.696514
1598 0.114060 0.297558 0.588382
14170 0.327919 0.357039 0.315042
2036 0.337327 0.218648 0.444025
2089 0.058459 0.303042 0.638499
14637 0.537754 0.322117 0.140130
1978 0.032157 0.412382 0.555462
14679 0.029265 0.780693 0.190042
22263 0.800092 0.066944 0.132963
2102 0.188677 0.239826 0.571496
14228 0.100028 0.580718 0.319254
474 0.410405 0.386347 0.203248
21972 0.679985 0.125033 0.194982
22264 0.260717 0.581662 0.157621
1604 0.303937 0.625450 0.070614
21324 0.459448 0.110015 0.430538
1441 0.340937 0.230186 0.428877
14098 0.324589 0.061327 0.614084
17012 0.143317 0.755425 0.101258
4590 0.577358 0.204564 0.218078
771 0.154159 0.065108 0.780733
18211 0.655148 0.093459 0.251393
787 0.697999 0.136521 0.165480
210 0.534193 0.119341 0.346465
21503 0.446513 0.509623 0.043864
21430 0.139785 0.375495 0.484720
432 0.588629 0.165768 0.245603
198 0.082910 0.150276 0.766814
21660 0.588509 0.071942 0.339549
17629 0.119446 0.072168 0.808385
919 0.331037 0.047463 0.621500
882 0.164088 0.678491 0.157421
1010 0.356441 0.614839 0.028720
18008 0.040881 0.433032 0.526088
17987 0.027796 0.530670 0.441534
599 0.698884 0.101375 0.199740
406 0.074041 0.677379 0.248580
21665 0.404845 0.509485 0.085670
18000 0.559478 0.095625 0.344897
17239 0.137291 0.837397 0.025312
18110 0.225349 0.462929 0.311722
17967 0.007362 0.535878 0.456760
909 0.148692 0.282008 0.569300
18037 0.512049 0.134387 0.353563
17974 0.987420 0.000989 0.011591
17591 0.081856 0.869635 0.048508
4687 0.472002 0.499872 0.028126
17028 0.302264 0.221079 0.476657
4657 0.177640 0.211491 0.610870
17066 0.148699 0.018057 0.833245
4709 0.062013 0.020704 0.917283
4726 0.164475 0.362495 0.473030
16920 0.556077 0.327900 0.116023
4888 0.366152 0.465152 0.168696
4766 0.617182 0.162409 0.220409
17050 0.186024 0.679596 0.134380
482 0.258637 0.305188 0.436174
6093 0.213741 0.143060 0.643200
15048 0.273321 0.272043 0.454637
2295 0.185604 0.481635 0.332761
4349 0.602843 0.253380 0.143777
17502 0.711705 0.231799 0.056496
19252 0.586059 0.202713 0.211227
19220 0.010711 0.049619 0.939670
19232 0.203640 0.670306 0.126054
2824 0.154336 0.093284 0.752380
3385 0.551853 0.275661 0.172486
3359 0.396671 0.384774 0.218555
18339 0.273711 0.133470 0.592819
18356 0.302367 0.242998 0.454635
18445 0.223238 0.750731 0.026031
18504 0.009677 0.658387 0.331936
9193 0.618262 0.145156 0.236582
5550 0.259901 0.424946 0.315153
18482 0.411873 0.142875 0.445252
5615 0.005827 0.684996 0.309178
18537 0.708994 0.207661 0.083344
18471 0.064957 0.177037 0.758006
3314 0.902315 0.008826 0.088860
5521 0.070293 0.585725 0.343983
5586 0.969668 0.004061 0.026271
16501 0.747796 0.236049 0.016155
18505 0.156743 0.489442 0.353814
18334 0.259444 0.706410 0.034146
3366 0.784036 0.136561 0.079403
3429 0.433100 0.548800 0.018100
2952 0.976961 0.012872 0.010167
18840 0.387522 0.415318 0.197160
4443 0.059529 0.384329 0.556142
5605 0.049819 0.130994 0.819188
19546 0.037332 0.503975 0.458693
19543 0.310669 0.589181 0.100150
5097 0.435873 0.211545 0.352581
19580 0.251173 0.348812 0.400015
19572 0.196282 0.748210 0.055508
19350 0.604332 0.380546 0.015123
17398 0.042392 0.285555 0.672053
19091 0.596144 0.206732 0.197124
17285 0.758621 0.227473 0.013905
4559 0.095077 0.803846 0.101076
17297 0.560542 0.127972 0.311486
4554 0.203977 0.581304 0.214719
4550 0.342462 0.558602 0.098936
4484 0.515142 0.356208 0.128651
4542 0.176451 0.689129 0.134419
17263 0.058562 0.334138 0.607301
17359 0.493659 0.273494 0.232847
19083 0.836842 0.088926 0.074232
17332 0.402425 0.538730 0.058845
4446 0.057693 0.398333 0.543973
5611 0.382745 0.083184 0.534071
19059 0.685392 0.082663 0.231945
3316 0.003682 0.849496 0.146821
3308 0.137982 0.165806 0.696212
19134 0.388983 0.010464 0.600553
16397 0.003075 0.551166 0.445759
19009 0.296228 0.008024 0.695748
5463 0.152344 0.479734 0.367921
2904 0.402318 0.011628 0.586053
3094 0.385564 0.614436 0.000000
2987 0.273051 0.228467 0.498482
17352 0.263524 0.107713 0.628763
18900 0.052853 0.085020 0.862127
18850 0.391378 0.606237 0.002385
4402 0.086247 0.630310 0.283444
18889 0.177870 0.571011 0.251119
4476 0.265484 0.153092 0.581424
4853 0.053976 0.773478 0.172545
18706 0.203251 0.173041 0.623707
5086 0.684329 0.262048 0.053623
5451 0.094350 0.277898 0.627752
18927 0.137227 0.095685 0.767088
19121 0.277532 0.231934 0.490534
4409 0.064825 0.907348 0.027827
5278 0.411008 0.308999 0.279993
5309 0.141839 0.411995 0.446167
19316 0.731338 0.031594 0.237068
5520 0.045708 0.754733 0.199560
5590 0.383874 0.508382 0.107744
19005 0.784921 0.099411 0.115669
5016 0.000000 0.304141 0.695859
19502 0.356021 0.228177 0.415802
19644 0.301284 0.584328 0.114388
17533 0.062664 0.103811 0.833525
4281 0.790382 0.118853 0.090765
4285 0.655928 0.300162 0.043909
4240 0.298137 0.043902 0.657961
18489 0.689394 0.066756 0.243850
5365 0.629072 0.103008 0.267920
4406 0.186125 0.132314 0.681561
5541 0.463532 0.249520 0.286947
5319 0.171332 0.576463 0.252205
18946 0.644531 0.042609 0.312860
19481 0.769523 0.160342 0.070135
5266 0.140005 0.102758 0.757237
19619 0.314396 0.503051 0.182553
5065 0.779277 0.188679 0.032044
19493 0.630002 0.163163 0.206835
4479 0.194514 0.140158 0.665328
5140 0.524916 0.470955 0.004129
19443 0.189205 0.211359 0.599435
4997 0.435045 0.279285 0.285670
5006 0.114379 0.666446 0.219175
4969 0.254665 0.689741 0.055594
5061 0.006906 0.547680 0.445413
5105 0.595943 0.283706 0.120351
19108 0.166477 0.742272 0.091251
5072 0.138794 0.223061 0.638146
5199 0.417329 0.091279 0.491392
19391 0.114146 0.471125 0.414729
4957 0.235866 0.208573 0.555561
19379 0.471568 0.197089 0.331343
19666 0.336967 0.461249 0.201784
19092 0.388790 0.216565 0.394645
19600 0.102121 0.510494 0.387385
5084 0.620259 0.047800 0.331942
19553 0.473472 0.385033 0.141495
18189 0.337110 0.462109 0.200781
707 0.034349 0.475927 0.489724
17801 0.079476 0.863851 0.056673
1094 0.050837 0.145598 0.803565
826 0.090569 0.769865 0.139566
1000 0.289859 0.187721 0.522420
997 0.009592 0.759326 0.231082
965 0.132036 0.349644 0.518320
17873 0.059526 0.432945 0.507528
17928 0.371025 0.139068 0.489907
1357 0.689118 0.086843 0.224039
1324 0.038261 0.554871 0.406868
1058 0.465853 0.509643 0.024504
17775 0.623549 0.229878 0.146573
17791 0.477603 0.357503 0.164894
1081 0.183108 0.008869 0.808023
1282 0.167101 0.802607 0.030292
1290 0.535608 0.204351 0.260041
17748 0.115371 0.075730 0.808899
17693 0.138420 0.543301 0.318279
1241 0.298706 0.361782 0.339511
17761 0.689617 0.081716 0.228666
18134 0.070147 0.046455 0.883398
840 0.108823 0.151249 0.739928
17934 0.138893 0.558912 0.302195
17938 0.174263 0.632428 0.193310
1348 0.477727 0.323383 0.198890
1352 0.433947 0.539231 0.026822
21553 0.453581 0.411463 0.134955
21630 0.083825 0.577906 0.338269
324 0.131014 0.507143 0.361843
21536 0.179331 0.250384 0.570285
266 0.115939 0.696251 0.187811
21759 0.253103 0.009607 0.737290
534 0.558694 0.075162 0.366144
21279 0.157053 0.228587 0.614361
21403 0.524521 0.427899 0.047581
21636 0.316024 0.296489 0.387487
21574 0.418771 0.573552 0.007677
1146 0.072764 0.760948 0.166289
187 0.002529 0.648498 0.348973
197 0.527175 0.035759 0.437067
198 0.660191 0.198548 0.141261
21776 0.221528 0.672674 0.105799
21745 0.458206 0.180014 0.361780
21274 0.109125 0.574502 0.316373
21411 0.171112 0.535840 0.293048
86 0.210018 0.263325 0.526657
17885 0.090254 0.538718 0.371028
1138 0.207325 0.730763 0.061912
1327 0.002408 0.428792 0.568800
18187 0.510892 0.200042 0.289066
17797 0.085690 0.593847 0.320463
17799 0.078532 0.772262 0.149206
1094 0.699490 0.275516 0.024995
1089 0.853016 0.135611 0.011373
1229 0.024767 0.646355 0.328878
877 0.326288 0.407543 0.266169
1296 0.203179 0.234250 0.562571
832 0.068184 0.155022 0.776794
17759 0.010932 0.926041 0.063027
818 0.027924 0.357131 0.614945
845 0.111729 0.094916 0.793355
848 0.232847 0.562034 0.205120
1124 0.302863 0.620792 0.076345
1356 0.307804 0.576886 0.115310
1207 0.647603 0.197578 0.154819
21578 0.043190 0.676432 0.280377
21592 0.087481 0.112687 0.799832
21617 0.206972 0.723742 0.069287
17742 0.463246 0.325819 0.210935
17833 0.062166 0.023684 0.914150
9346 0.148292 0.240917 0.610791
9491 0.048713 0.915143 0.036144
14432 0.017770 0.098577 0.883653
1914 0.176060 0.397211 0.426729
16414 0.673495 0.132946 0.193559
14433 0.329669 0.203876 0.466455
15326 0.133272 0.826132 0.040597
15205 0.034733 0.680306 0.284960
14939 0.089206 0.672044 0.238750
2319 0.545145 0.440096 0.014759
15069 0.233100 0.271884 0.495016
2148 0.002152 0.451583 0.546266
21980 0.248861 0.193407 0.557732
15020 0.038708 0.471239 0.490053
2142 0.746889 0.083808 0.169303
2196 0.157035 0.611992 0.230972
2133 0.675106 0.277535 0.047359
22256 0.749714 0.054677 0.195609
22292 0.040214 0.017303 0.942483
2180 0.787978 0.140361 0.071661
491 0.341364 0.439047 0.219589
2249 0.547393 0.084035 0.368572
443 0.288027 0.117943 0.594029
2112 0.079839 0.029796 0.890366
21315 0.079816 0.047552 0.872632
14694 0.087411 0.045561 0.867028
1766 0.093488 0.172722 0.733790
14537 0.756827 0.154699 0.088474
14759 0.226298 0.768181 0.005521
9325 0.257522 0.529246 0.213232
14549 0.367235 0.039168 0.593598
16412 0.505666 0.159290 0.335044
14590 0.300160 0.561119 0.138722
14454 0.001362 0.922099 0.076539
2282 0.151698 0.767781 0.080521
14483 0.290226 0.180163 0.529611
15318 0.119089 0.317209 0.563701
2614 0.061239 0.665296 0.273465
14503 0.514031 0.357386 0.128583
1922 0.038837 0.201947 0.759217
14447 0.218500 0.038097 0.743403
16445 0.216607 0.567766 0.215626
9353 0.343535 0.621217 0.035248
9462 0.231910 0.326009 0.442081
1848 0.151329 0.594340 0.254331
2272 0.071014 0.502828 0.426158
2793 0.619619 0.227717 0.152664
15137 0.010616 0.152326 0.837059
1918 0.688551 0.195711 0.115738
2323 0.156233 0.532424 0.311343
21977 0.237350 0.683484 0.079166
14141 0.243327 0.470747 0.285927
2451 0.088493 0.538460 0.373047
14160 0.076468 0.726038 0.197494
2402 0.220351 0.572341 0.207308
2394 0.123030 0.818651 0.058319
495 0.662013 0.114289 0.223698
21331 0.019476 0.385671 0.594853
380 0.323498 0.517589 0.158912
1829 0.089472 0.175315 0.735213
1839 0.575089 0.027121 0.397790
9331 0.070938 0.009771 0.919292
9360 0.058457 0.504957 0.436586
9342 0.039084 0.794743 0.166172
1904 0.157540 0.485840 0.356620
14510 0.016268 0.727352 0.256380
9482 0.031999 0.255766 0.712235
1550 0.041728 0.206880 0.751392
18505 0.202555 0.099688 0.697757
3313 0.652802 0.186424 0.160774
19104 0.124286 0.142510 0.733204
9186 0.607147 0.331343 0.061510
16473 0.103043 0.391336 0.505621
9635 0.371211 0.467373 0.161416
16721 0.015902 0.775810 0.208288
9640 0.368063 0.604466 0.027471
9809 0.208152 0.791848 0.000000
16251 0.547420 0.409616 0.042963
5522 0.000000 0.371029 0.628971
19005 0.147791 0.069180 0.783029
16382 0.084910 0.192284 0.722806
16381 0.250539 0.733792 0.015669
9195 0.055628 0.798189 0.146183
16447 0.024585 0.030989 0.944425
9317 0.311351 0.000000 0.688649
5608 0.081681 0.437120 0.481199
5410 0.000000 0.446910 0.553090
18501 0.487051 0.377090 0.135859
5569 0.785612 0.104292 0.110096
9181 0.496874 0.480372 0.022753
5607 0.528080 0.360488 0.111432
15915 0.149979 0.482495 0.367526
16570 0.098198 0.404683 0.497119
16569 0.065067 0.366670 0.568263
16574 0.011492 0.665957 0.322551
11404 0.037222 0.630766 0.332012
11403 0.006445 0.549575 0.443980
10272 0.789186 0.091667 0.119147
10025 0.034489 0.713855 0.251656
9966 0.080482 0.522273 0.397245
11345 0.690653 0.062069 0.247278
11346 0.783404 0.188535 0.028061
15898 0.146939 0.687642 0.165419
10223 0.832382 0.092732 0.074886
10223 0.054008 0.825831 0.120161
7296 0.303903 0.534649 0.161448
20929 0.576149 0.105081 0.318769
7265 0.060512 0.291420 0.648068
7263 0.063634 0.182446 0.753920
20920 0.394216 0.136062 0.469722
11938 0.458701 0.430353 0.110946
10273 0.259561 0.217004 0.523436
20010 0.692047 0.171446 0.136507
20040 0.571160 0.083968 0.344872
20012 0.080149 0.560380 0.359471
7333 0.871184 0.115291 0.013525
19892 0.168231 0.327204 0.504566
19893 0.222863 0.555331 0.221807
20871 0.043520 0.719091 0.237389
19896 0.062954 0.415559 0.521487
20910 0.154472 0.610044 0.235484
7099 0.199610 0.768085 0.032305
7093 0.146732 0.764744 0.088524
7094 0.134180 0.647176 0.218644
7331 0.248865 0.274628 0.476507
7373 0.171226 0.697381 0.131393
7374 0.198407 0.801427 0.000166
7236 0.161531 0.642926 0.195543
7237 0.134525 0.455590 0.409885
7240 0.146482 0.212557 0.640961
9998 0.298530 0.686272 0.015198
7301 0.002330 0.051404 0.946266
19916 0.141447 0.191730 0.666823
7303 0.592942 0.303347 0.103711
19950 0.308378 0.065547 0.626075
7357 0.464242 0.393835 0.141923
19934 0.692408 0.045753 0.261839
19933 0.295988 0.237022 0.466990
19938 0.051581 0.475841 0.472579
7305 0.167399 0.268141 0.564460
19898 0.644617 0.228975 0.126408
7304 0.398433 0.484030 0.117537
19956 0.394090 0.603084 0.002825
19957 0.634839 0.266633 0.098529
7352 0.019034 0.888245 0.092720
6367 0.284954 0.109877 0.605168
6353 0.531336 0.179255 0.289409
6363 0.597091 0.346630 0.056279
19881 0.370482 0.008389 0.621128
19882 0.610254 0.019552 0.370194
19885 0.816687 0.057883 0.125430
19943 0.622251 0.182156 0.195593
13429 0.252017 0.694989 0.052994
6490 0.287294 0.122438 0.590268
13387 0.573380 0.404388 0.022232
6494 0.949074 0.023842 0.027084
13660 0.767941 0.203749 0.028310
20847 0.279538 0.254254 0.466207
7223 0.506389 0.055825 0.437786
6355 0.391893 0.042764 0.565343
6357 0.141345 0.125385 0.733270
7096 0.207609 0.736721 0.055670
9993 0.379834 0.452480 0.167686
13655 0.128642 0.173006 0.698353
6464 0.508692 0.154187 0.337120
6463 0.262311 0.549046 0.188643
16575 0.666091 0.006098 0.327810
9616 0.052287 0.627912 0.319800
9621 0.169750 0.509446 0.320804
9623 0.198624 0.573996 0.227380
11396 0.184884 0.708549 0.106567
11395 0.160119 0.541252 0.298630
11878 0.124048 0.362235 0.513716
11885 0.084960 0.440043 0.474998
11882 0.040537 0.481537 0.477926
9589 0.246044 0.414689 0.339267
9592 0.158970 0.464286 0.376743
16557 0.552458 0.055894 0.391647
9619 0.541006 0.071093 0.387900
10424 0.353655 0.197729 0.448616
10425 0.445304 0.127040 0.427656
10213 0.464589 0.452688 0.082723
11877 0.085513 0.516583 0.397905
11883 0.149114 0.411316 0.439570
11426 0.671857 0.169449 0.158694
11425 0.244666 0.416214 0.339121
16685 0.241747 0.465903 0.292350
16684 0.120870 0.015312 0.863818
16624 0.088101 0.572919 0.338981
16624 0.063952 0.116937 0.819111
8681 0.391384 0.574857 0.033758
8969 0.472871 0.366758 0.160371
11422 0.649594 0.334111 0.016295
10461 0.406296 0.199894 0.393811
11427 0.798580 0.130764 0.070656
10444 0.337656 0.594969 0.067374
11880 0.109573 0.120278 0.770149
10215 0.042379 0.040143 0.917478
20918 0.030990 0.788341 0.180669
7294 0.599338 0.328674 0.071988
7293 0.532115 0.416938 0.050947
7287 0.371711 0.551004 0.077285
11896 0.658259 0.329249 0.012492
20863 0.731904 0.228416 0.039680
20865 0.843481 0.121858 0.034661
20262 0.121407 0.104438 0.774155
19828 0.145938 0.064008 0.790054
7285 0.070902 0.838187 0.090911
20862 0.599188 0.309857 0.090954
11912 0.276436 0.625873 0.097691
11913 0.016434 0.861118 0.122447
10462 0.414167 0.516485 0.069348
11909 0.368437 0.029387 0.602176
10237 0.605567 0.179685 0.214748
10238 0.523502 0.186769 0.289730
20392 0.027462 0.241223 0.731315
7437 0.053262 0.738025 0.208713
7567 0.421046 0.352337 0.226617
19811 0.594559 0.358569 0.046873
19798 0.563290 0.384780 0.051930
7055 0.666016 0.251078 0.082906
20044 0.187922 0.283395 0.528683
20014 0.176156 0.283481 0.540363
7673 0.044362 0.102599 0.853038
7683 0.107037 0.223049 0.669913
20259 0.464666 0.181808 0.353526
20270 0.210986 0.287835 0.501179
19830 0.329427 0.658751 0.011822
19824 0.403684 0.308101 0.288216
20359 0.476530 0.382414 0.141056
20317 0.530746 0.409558 0.059696
20383 0.603750 0.260533 0.135717
11904 0.734533 0.034604 0.230864
20864 0.322466 0.269865 0.407669
7232 0.455940 0.519752 0.024307
20366 0.174226 0.274076 0.551698
20367 0.309272 0.520152 0.170576
7450 0.437443 0.022780 0.539778
7578 0.068021 0.559898 0.372081
19794 0.714400 0.091807 0.193793
19808 0.782959 0.179555 0.037485
19987 0.005986 0.573698 0.420316
20037 0.054666 0.581779 0.363555
11310 0.171088 0.127825 0.701087
7686 0.076716 0.112234 0.811049
7685 0.005581 0.124918 0.869502
7662 0.002649 0.943787 0.053564
7664 0.008109 0.168875 0.823016
7596 0.064204 0.318270 0.617527
7598 0.302727 0.346451 0.350822
20250 0.413203 0.000678 0.586120
7656 0.016047 0.330267 0.653686
7563 0.036843 0.634109 0.329047
7447 0.043427 0.270898 0.685676
20750 0.130552 0.847428 0.022020
7807 0.209610 0.761028 0.029362
7728 0.542919 0.432020 0.025061
7724 0.555524 0.270990 0.173486
20246 0.641890 0.316478 0.041632
7628 0.864352 0.129328 0.006320
19803 0.265819 0.024692 0.709490
7584 0.194002 0.400789 0.405209
20001 0.910002 0.033080 0.056918
7109 0.108489 0.125333 0.766179
20026 0.551713 0.332936 0.115351
20240 0.071924 0.823121 0.104955
20248 0.191891 0.691474 0.116635
7707 0.481201 0.156087 0.362713
20279 0.081256 0.734369 0.184375
20275 0.344298 0.140063 0.515640
7633 0.142558 0.553611 0.303831
20298 0.733595 0.008685 0.257721
20302 0.514232 0.008048 0.477721
7732 0.127634 0.194870 0.677496
20287 0.279706 0.436349 0.283945
20286 0.367669 0.279481 0.352850
20249 0.439223 0.189652 0.371125
13188 0.250437 0.524181 0.225382
13189 0.176959 0.653973 0.169068
13099 0.062425 0.762972 0.174603
19809 0.152394 0.098527 0.749080
19767 0.477042 0.345718 0.177240
19783 0.120519 0.810378 0.069103
7103 0.705710 0.195615 0.098675
20855 0.594100 0.086851 0.319049
10001 0.004375 0.815487 0.180138
20311 0.228699 0.059517 0.711784
20312 0.052963 0.401424 0.545613
7698 0.258224 0.540583 0.201193
19860 0.102037 0.840492 0.057471
19853 0.677868 0.145607 0.176525
7635 0.799423 0.127303 0.073274
7142 0.696915 0.144032 0.159052
19712 0.610981 0.247720 0.141299
19709 0.384173 0.139649 0.476178
7135 0.373942 0.227761 0.398297
7717 0.744160 0.114626 0.141214
20305 0.035135 0.933186 0.031679
7730 0.843279 0.064454 0.092267
19715 0.304365 0.504368 0.191267
19714 0.615497 0.081874 0.302629
7199 0.102836 0.227938 0.669226
7100 0.018248 0.805458 0.176295
19984 0.095352 0.243953 0.660695
7054 0.794408 0.022140 0.183452
19922 0.223545 0.213570 0.562886
19883 0.571748 0.186687 0.241565
19723 0.180838 0.396995 0.422167
19737 0.070733 0.241363 0.687904
19737 0.004425 0.955210 0.040365
7644 0.373510 0.398912 0.227578
7609 0.057327 0.078805 0.863868
7205 0.412189 0.170465 0.417346
7243 0.014378 0.116862 0.868759
11432 0.061536 0.772700 0.165764
11434 0.109132 0.615067 0.275802
4356 0.647685 0.006059 0.346256
17421 0.257260 0.606637 0.136103
9874 0.095456 0.734503 0.170040
20877 0.156459 0.160767 0.682774
7249 0.529728 0.133062 0.337210
7250 0.105093 0.141843 0.753065
7648 0.170861 0.651971 0.177168
19866 0.214952 0.696247 0.088801
7647 0.507470 0.105537 0.386993
19868 0.189049 0.210826 0.600125
7073 0.171085 0.457916 0.370999
20006 0.305187 0.325830 0.368983
9971 0.011761 0.632699 0.355539
10254 0.023137 0.242235 0.734627
11874 0.833763 0.038791 0.127447
11286 0.011674 0.134534 0.853793
11285 0.046972 0.164901 0.788127
8963 0.154147 0.726330 0.119523
8965 0.797953 0.096142 0.105905
8948 0.762003 0.136816 0.101181
8958 0.687808 0.195353 0.116839
7267 0.341074 0.069581 0.589344
20891 0.607235 0.186037 0.206728
11950 0.238716 0.177814 0.583469
11947 0.080959 0.260204 0.658837
10490 0.124212 0.802344 0.073444
10379 0.927831 0.040477 0.031692
20874 0.056205 0.120598 0.823197
7247 0.602918 0.254753 0.142329
6417 0.317648 0.289511 0.392842
6406 0.105419 0.136432 0.758149
6409 0.781207 0.042178 0.176615
6412 0.626506 0.240226 0.133268
19937 0.546287 0.358621 0.095092
13644 0.494746 0.263787 0.241467
6349 0.140650 0.247345 0.612006
6376 0.574395 0.308721 0.116883
13697 0.549155 0.372191 0.078654
13676 0.179347 0.369415 0.451238
6337 0.192650 0.449757 0.357594
6340 0.279164 0.668673 0.052163
13634 0.230976 0.156074 0.612950
13708 0.594608 0.081156 0.324237
6346 0.204458 0.385168 0.410374
6352 0.401992 0.028144 0.569864
5963 0.071059 0.475269 0.453672
12905 0.197909 0.357576 0.444515
5841 0.281970 0.564759 0.153271
12909 0.572048 0.068267 0.359686
5965 0.542092 0.307808 0.150100
5984 0.647093 0.217476 0.135430
5982 0.083277 0.400486 0.516237
13320 0.346775 0.647441 0.005785
6002 0.282823 0.698004 0.019173
13317 0.229068 0.735035 0.035897
5969 0.345961 0.504967 0.149072
12912 0.191084 0.464875 0.344040
5845 0.125406 0.611259 0.263334
12884 0.302829 0.403346 0.293826
5962 0.077365 0.729014 0.193621
12855 0.303010 0.685897 0.011092
5667 0.475702 0.159179 0.365119
5664 0.276851 0.460548 0.262601
12741 0.159280 0.061913 0.778807
13284 0.193594 0.762400 0.044005
5994 0.034376 0.209009 0.756615
11303 0.687106 0.093473 0.219421
9989 0.432824 0.125572 0.441603
9984 0.268548 0.267816 0.463636
6581 0.321229 0.306514 0.372257
13371 0.101473 0.460107 0.438420
6686 0.247991 0.654531 0.097478
6821 0.737722 0.146195 0.116083
13780 0.573740 0.272098 0.154162
13807 0.745945 0.132380 0.121675
9978 0.945166 0.024462 0.030371
9977 0.898901 0.024878 0.076221
6527 0.827950 0.083840 0.088210
11701 0.035884 0.394700 0.569416
11700 0.120952 0.583504 0.295544
8955 0.730756 0.121506 0.147738
15901 0.402027 0.173382 0.424591
15906 0.601361 0.172686 0.225953
15905 0.758493 0.171708 0.069798
10283 0.365347 0.620954 0.013699
10269 0.059524 0.171212 0.769264
10287 0.064831 0.062815 0.872354
11709 0.317396 0.007640 0.674964
11705 0.561387 0.091792 0.346821
11704 0.750116 0.167815 0.082068
13688 0.831936 0.049135 0.118928
6393 0.175377 0.431981 0.392642
6394 0.358201 0.006759 0.635040
6669 0.612451 0.122281 0.265268
13613 0.514910 0.291119 0.193971
6528 0.178807 0.570454 0.250740
6388 0.844062 0.090263 0.065675
6388 0.128140 0.512807 0.359053
13682 0.279534 0.594508 0.125958
13562 0.615813 0.250937 0.133250
13559 0.345293 0.291570 0.363137
13609 0.172731 0.378016 0.449253
13714 0.043672 0.839539 0.116789
6379 0.248757 0.682655 0.068588
13550 0.575615 0.340535 0.083850
6604 0.075850 0.135215 0.788936
13555 0.135151 0.632044 0.232805
13551 0.023993 0.427511 0.548496
12826 0.282114 0.442304 0.275581
6236 0.314571 0.303302 0.382128
12822 0.576517 0.090870 0.332612
12789 0.075677 0.115886 0.808437
13197 0.326643 0.182388 0.490969
6321 0.740754 0.086105 0.173141
6242 0.231507 0.260964 0.507529
13296 0.029640 0.019039 0.951321
13292 0.018953 0.218075 0.762972
5660 0.388042 0.457944 0.154013
5799 0.703056 0.095810 0.201133
12746 0.238884 0.493408 0.267708
5780 0.048433 0.057076 0.894490
12697 0.825895 0.085336 0.088770
12799 0.021335 0.117700 0.860965
10014 0.483976 0.056434 0.459590
10020 0.220899 0.684558 0.094544
10022 0.057152 0.177650 0.765198
11933 0.057181 0.868750 0.074068
10378 0.060751 0.487499 0.451749
13567 0.220119 0.274630 0.505251
6441 0.779282 0.079053 0.141664
13390 0.653846 0.291290 0.054863
6902 0.604755 0.119616 0.275629
9960 0.616152 0.252708 0.131140
9970 0.327933 0.388921 0.283146
9942 0.026050 0.399928 0.574022
11261 0.389359 0.163192 0.447450
8947 0.176087 0.193452 0.630461
15849 0.121863 0.825626 0.052511
8954 0.110016 0.740940 0.149044
8953 0.842186 0.110423 0.047392
11707 0.085047 0.164340 0.750614
6525 0.051734 0.893934 0.054331
11955 0.832057 0.155727 0.012216
10249 0.260543 0.328682 0.410776
6585 0.174985 0.466849 0.358166
6586 0.123274 0.234905 0.641820
9946 0.886764 0.053122 0.060114
13589 0.036055 0.596326 0.367619
13595 0.384806 0.158875 0.456319
13599 0.515303 0.191169 0.293527
11737 0.692435 0.261521 0.046044
11736 0.283436 0.529860 0.186705
11783 0.463338 0.233693 0.302969
13556 0.354804 0.078449 0.566747
6640 0.878953 0.070941 0.050106
6644 0.483635 0.437271 0.079093
11730 0.024148 0.642135 0.333716
11732 0.225613 0.492666 0.281721
11733 0.588611 0.306076 0.105313
13621 0.065929 0.686840 0.247231
6680 0.433225 0.333764 0.233012
13625 0.692499 0.265586 0.041915
6549 0.565582 0.052283 0.382135
11725 0.326844 0.170164 0.502992
6541 0.044708 0.112313 0.842978
6638 0.334774 0.510259 0.154967
13605 0.457613 0.392133 0.150254
11749 0.534958 0.074738 0.390304
6566 0.246867 0.717131 0.036002
8443 0.171449 0.591368 0.237183
6540 0.019076 0.529193 0.451730
13619 0.367611 0.058188 0.574201
13617 0.166236 0.482623 0.351141
6675 0.181745 0.738741 0.079514
11779 0.713225 0.072732 0.214042
11764 0.482465 0.261663 0.255873
10292 0.008269 0.320221 0.671510
10293 0.423946 0.100024 0.476030
10296 0.701687 0.147034 0.151279
11611 0.394323 0.038979 0.566698
13600 0.577363 0.019027 0.403610
13566 0.703579 0.168833 0.127587
6618 0.430796 0.357140 0.212064
11329 0.517425 0.252659 0.229916
10015 0.395801 0.250972 0.353227
10011 0.196650 0.550499 0.252851
10009 0.006772 0.529900 0.463328
11645 0.755639 0.049531 0.194830
10331 0.857370 0.109481 0.033149
10451 0.812422 0.036211 0.151367
8896 0.127707 0.386461 0.485832
8897 0.110870 0.093822 0.795308
8903 0.140765 0.764271 0.094963
8901 0.171093 0.727188 0.101719
8950 0.164904 0.718501 0.116595
11277 0.009945 0.226189 0.763867
9951 0.737729 0.176530 0.085741
9949 0.746045 0.136696 0.117260
11937 0.406423 0.141929 0.451648
11929 0.570927 0.415022 0.014051
10450 0.322052 0.387408 0.290540
11768 0.166522 0.536045 0.297433
10259 0.274953 0.210012 0.515035
10258 0.228439 0.130698 0.640863
10229 0.667384 0.307936 0.024680
10229 0.063654 0.858800 0.077546
10230 0.461510 0.391725 0.146766
11637 0.419173 0.184260 0.396567
10363 0.659677 0.203181 0.137142
11677 0.346657 0.349791 0.303552
6547 0.182589 0.499040 0.318371
11697 0.455991 0.287782 0.256227
11626 0.510054 0.316137 0.173809
