4764 0.210296 0.509522 0.280183
4594 0.387906 0.571291 0.040804
4676 0.368895 0.217599 0.413506
17614 0.079625 0.454127 0.466248
5161 0.079255 0.703127 0.217618
4890 0.057308 0.720667 0.222025
17598 0.002164 0.248802 0.749034
17622 0.707484 0.151426 0.141090
17752 0.283443 0.008096 0.708461
17539 0.189789 0.206701 0.603510
17527 0.393207 0.080800 0.525992
4755 0.449326 0.133731 0.416943
15848 0.178554 0.496608 0.324838
14108 0.031958 0.802387 0.165654
17503 0.300616 0.578106 0.121278
17506 0.439080 0.047150 0.513770
4779 0.533039 0.325419 0.141542
15614 0.684126 0.182854 0.133020
17562 0.407843 0.315187 0.276970
16929 0.130983 0.409681 0.459336
17591 0.610520 0.309041 0.080438
4681 0.003260 0.558739 0.438002
17602 0.220433 0.418685 0.360882
17086 0.515862 0.115738 0.368400
17647 0.314010 0.001191 0.684799
4637 0.030875 0.110312 0.858813
4635 0.647644 0.255744 0.096612
4626 0.368294 0.423547 0.208160
4627 0.398727 0.116697 0.484576
4630 0.590033 0.019343 0.390624
17627 0.036408 0.682076 0.281516
4642 0.356873 0.243443 0.399684
17827 0.627132 0.108002 0.264866
4081 0.042360 0.666393 0.291247
18442 0.305224 0.033439 0.661337
4498 0.968809 0.019232 0.011959
18450 0.389213 0.349309 0.261477
17112 0.833448 0.052212 0.114340
17093 0.198956 0.337968 0.463076
16101 0.001151 0.942824 0.056025
16011 0.388519 0.421342 0.190139
15856 0.095760 0.231327 0.672913
153 0.548387 0.286460 0.165153
17575 0.143781 0.454215 0.402004
15991 0.121608 0.659354 0.219038
157 0.569681 0.104347 0.325972
17560 0.244157 0.623279 0.132564
15862 0.757864 0.218912 0.023224
1478 0.032723 0.153264 0.814013
15979 0.153194 0.094873 0.751933
19777 0.309557 0.035372 0.655071
14076 0.255605 0.407209 0.337187
15932 0.732450 0.165027 0.102523
17642 0.094954 0.752387 0.152659
17769 0.578591 0.290812 0.130597
17770 0.205214 0.773102 0.021684
17780 0.571612 0.129368 0.299020
1152 0.526278 0.220997 0.252725
1137 0.167186 0.589275 0.243538
1406 0.230152 0.192904 0.576944
14080 0.006891 0.138385 0.854723
1874 0.166926 0.270126 0.562948
1082 0.651421 0.115464 0.233115
15878 0.222644 0.748985 0.028372
1126 0.098125 0.026684 0.875191
1117 0.108647 0.666426 0.224928
1102 0.675620 0.149861 0.174519
16843 0.682545 0.194082 0.123373
16858 0.711600 0.182745 0.105655
131 0.069543 0.891937 0.038519
135 0.650682 0.004525 0.344792
16986 0.488600 0.475796 0.035604
16995 0.950668 0.012204 0.037129
15893 0.030916 0.023234 0.945850
1106 0.585773 0.347560 0.066667
15898 0.264922 0.069741 0.665337
4539 0.874607 0.098776 0.026616
17825 0.046232 0.937888 0.015880
17816 0.105377 0.428279 0.466343
17812 0.259873 0.251110 0.489017
17787 0.088671 0.251437 0.659892
17762 0.024559 0.256956 0.718485
5189 0.657811 0.327939 0.014250
4965 0.279661 0.335364 0.384975
18242 0.284439 0.373256 0.342305
101 0.331820 0.141198 0.526982
16059 0.360897 0.069659 0.569444
1134 1.000000 0.000000 0.000000
17790 0.932285 0.053666 0.014049
17800 0.095153 0.872296 0.032552
5150 0.098237 0.831026 0.070738
17802 0.150574 0.157671 0.691755
17144 0.518253 0.202448 0.279299
5141 0.439955 0.220810 0.339235
16588 0.394790 0.562836 0.042375
419 0.716268 0.223698 0.060035
4496 0.076731 0.910837 0.012433
18205 0.031875 0.826863 0.141262
4058 0.633299 0.156356 0.210345
17439 0.101328 0.201100 0.697573
17726 0.213545 0.144407 0.642048
5222 0.264575 0.714241 0.021184
17256 0.009512 0.891745 0.098743
4956 0.789245 0.156533 0.054222
18240 0.028640 0.786748 0.184612
16084 0.267184 0.351544 0.381272
4077 0.465731 0.344142 0.190127
4073 0.709999 0.157394 0.132607
4069 0.744285 0.001398 0.254317
650 0.331377 0.133631 0.534992
346 0.466530 0.400552 0.132918
16523 0.329278 0.006803 0.663919
415 0.012388 0.552658 0.434954
14066 0.134597 0.427532 0.437870
18464 0.014322 0.972217 0.013461
18439 0.535226 0.117379 0.347396
18435 0.185074 0.527176 0.287750
18238 0.142651 0.603647 0.253703
4121 0.507703 0.467417 0.024880
4123 0.006745 0.440042 0.553213
17279 0.186327 0.042101 0.771572
5028 0.012979 0.293197 0.693824
17332 0.156795 0.549157 0.294048
18174 0.529617 0.292819 0.177564
5208 0.234912 0.374061 0.391028
5094 0.032660 0.184836 0.782504
17263 0.207120 0.114883 0.677997
17295 0.336671 0.243131 0.420198
4001 0.133494 0.519892 0.346615
18185 0.154724 0.119178 0.726098
4076 0.399706 0.184314 0.415980
4072 0.394352 0.133232 0.472415
4068 0.370721 0.213988 0.415291
17017 0.310726 0.553188 0.136086
345 0.290602 0.570363 0.139035
18428 0.227675 0.176257 0.596068
18409 0.193843 0.130979 0.675178
18413 0.429140 0.084861 0.485999
17020 0.911015 0.010771 0.078214
10194 0.767584 0.124377 0.108039
489 0.096306 0.003969 0.899725
16553 0.134009 0.812665 0.053326
14061 0.082517 0.316805 0.600678
4486 0.911488 0.036389 0.052123
4522 0.738408 0.217871 0.043721
4526 0.390246 0.524466 0.085288
18417 0.375658 0.059489 0.564853
17446 0.698286 0.187263 0.114451
18476 0.862476 0.135742 0.001782
18016 0.937086 0.059595 0.003319
656 0.143771 0.247555 0.608673
17082 0.045495 0.663233 0.291272
338 0.378082 0.342281 0.279637
17284 0.768507 0.091773 0.139720
5020 0.704749 0.047137 0.248115
4988 0.705540 0.080196 0.214264
18189 0.718800 0.103633 0.177566
16085 0.650495 0.151915 0.197590
16082 0.049365 0.126810 0.823824
283 0.581480 0.298775 0.119745
16950 0.304367 0.328971 0.366662
4490 0.379865 0.424269 0.195866
4462 0.427952 0.395679 0.176369
4474 0.927779 0.032070 0.040150
18478 0.136101 0.836687 0.027213
17453 0.523425 0.157962 0.318614
17721 0.481744 0.351808 0.166447
4996 0.237434 0.108383 0.654182
4993 0.011008 0.305385 0.683607
4981 0.093600 0.256322 0.650078
18196 0.249003 0.505931 0.245066
56 0.324686 0.092118 0.583196
16944 0.118965 0.306758 0.574277
16958 0.257708 0.473066 0.269226
16068 0.069946 0.380377 0.549676
4493 0.225488 0.033493 0.741019
18021 0.031270 0.738157 0.230573
657 0.625942 0.041042 0.333016
579 0.160644 0.212577 0.626779
16639 0.082966 0.133343 0.783691
16033 0.344317 0.128786 0.526897
542 0.059146 0.299813 0.641041
18224 0.216867 0.401846 0.381287
16896 0.485027 0.327441 0.187532
5224 0.602268 0.005213 0.392519
5011 0.791581 0.157937 0.050483
17320 0.413316 0.173084 0.413600
17310 0.267151 0.233421 0.499427
18178 0.602150 0.178222 0.219628
16930 0.414977 0.573406 0.011618
17471 0.660089 0.115326 0.224585
17489 0.057790 0.568024 0.374186
17491 0.302312 0.116874 0.580814
4196 0.077744 0.604340 0.317916
4192 0.278879 0.606545 0.114577
17457 0.003610 0.415201 0.581189
17486 0.040318 0.909849 0.049833
17484 0.690058 0.036908 0.273034
16300 0.211701 0.136132 0.652168
664 0.006307 0.518378 0.475315
16320 0.600938 0.037804 0.361257
16216 0.678763 0.054090 0.267146
967 0.193976 0.447471 0.358553
4656 0.167377 0.127145 0.705478
4176 0.169563 0.823343 0.007094
17423 0.334390 0.617636 0.047975
17434 0.126344 0.092010 0.781646
17700 0.557218 0.019936 0.422846
17696 0.237236 0.165122 0.597643
17692 0.103318 0.575336 0.321346
17687 0.789321 0.088414 0.122265
5138 0.183064 0.010659 0.806277
16276 0.196518 0.045235 0.758247
16338 0.890535 0.104912 0.004553
16262 0.031975 0.049601 0.918424
16212 0.966330 0.001539 0.032132
716 0.388614 0.556399 0.054987
4975 0.020364 0.397782 0.581854
5095 0.071476 0.813029 0.115495
5039 0.052806 0.560736 0.386457
3988 0.175435 0.550212 0.274354
18315 0.179737 0.552082 0.268181
18044 0.038679 0.611040 0.350281
114 0.177644 0.412724 0.409632
192 0.351595 0.555542 0.092864
16037 0.235504 0.212226 0.552270
17099 0.279950 0.595137 0.124912
16107 0.319888 0.507314 0.172798
17417 0.256282 0.643787 0.099931
17416 0.130885 0.530099 0.339016
17357 0.118135 0.186629 0.695236
4131 0.009037 0.965912 0.025051
17459 0.091052 0.711619 0.197328
4164 0.134620 0.222721 0.642659
4162 0.582724 0.193286 0.223989
16325 0.227079 0.690935 0.081986
16321 0.042943 0.192651 0.764406
699 0.767409 0.192227 0.040364
784 0.607743 0.319661 0.072596
17169 0.118024 0.347854 0.534122
115 0.136634 0.138033 0.725333
16025 0.094622 0.086919 0.818459
17336 0.045624 0.211250 0.743126
17340 0.089175 0.052333 0.858492
4209 0.092002 0.876809 0.031189
4264 0.140396 0.581689 0.277915
4260 0.153026 0.420981 0.425992
17369 0.280699 0.316193 0.403107
733 0.096448 0.453871 0.449681
16334 0.949207 0.010259 0.040534
16312 0.922540 0.028814 0.048646
796 0.802229 0.143570 0.054201
16292 0.151688 0.160774 0.687538
301 0.559987 0.413019 0.026994
16030 0.317993 0.072735 0.609272
4104 0.881175 0.075913 0.042911
4037 0.421434 0.087586 0.490979
3975 0.118451 0.375271 0.506279
17667 0.274098 0.172875 0.553027
17194 0.100519 0.879289 0.020192
5112 0.053003 0.267254 0.679743
5042 0.013780 0.311067 0.675154
17192 0.159926 0.014802 0.825273
17174 0.451704 0.065232 0.483064
17229 0.668163 0.202762 0.129075
18293 0.816269 0.178248 0.005483
18314 0.241881 0.263991 0.494128
18248 0.177362 0.635505 0.187134
18246 0.952896 0.023111 0.023992
118 0.625660 0.359663 0.014677
296 0.534563 0.201799 0.263639
4252 0.064398 0.583485 0.352117
17341 0.763059 0.048722 0.188219
17195 0.877746 0.075762 0.046492
17179 0.188073 0.124806 0.687121
5053 0.590372 0.138785 0.270844
18289 0.641739 0.226422 0.131839
18310 0.248054 0.433536 0.318410
18244 0.050919 0.728385 0.220696
4005 0.024872 0.795797 0.179332
17498 0.344292 0.275481 0.380226
4230 0.395105 0.011456 0.593439
4211 0.013499 0.761931 0.224570
17409 0.273974 0.316468 0.409558
17199 0.548807 0.167146 0.284047
17203 0.362912 0.494370 0.142719
17189 0.521530 0.191814 0.286655
17668 0.393649 0.583968 0.022384
16229 0.204541 0.357531 0.437928
16339 0.381019 0.421755 0.197226
16317 0.607012 0.098709 0.294279
794 0.051421 0.345468 0.603110
16287 0.241445 0.394025 0.364530
5103 0.746492 0.119034 0.134475
5099 0.424978 0.261868 0.313155
17233 0.179039 0.150132 0.670829
5278 0.006090 0.907795 0.086115
1201 0.585291 0.197620 0.217089
16447 0.086833 0.600501 0.312666
16428 0.016012 0.172128 0.811860
1230 0.090663 0.720806 0.188530
1228 0.271994 0.067937 0.660069
17237 0.225166 0.760936 0.013898
5046 0.157486 0.656742 0.185772
5045 0.018223 0.298846 0.682931
17678 0.567517 0.054169 0.378314
1218 0.168823 0.164362 0.666814
16495 0.696122 0.222120 0.081758
1193 0.210205 0.011942 0.777853
16498 0.237404 0.245654 0.516942
16501 0.053072 0.901925 0.045003
16506 0.012543 0.758663 0.228794
18285 0.127954 0.612061 0.259985
17223 0.048501 0.111451 0.840048
5062 0.275830 0.430077 0.294094
17703 0.680478 0.241874 0.077648
1222 0.180404 0.438249 0.381347
16187 0.131968 0.420759 0.447273
16191 0.443213 0.291384 0.265403
811 0.057740 0.311828 0.630432
16282 0.347213 0.256521 0.396267
18306 0.283542 0.601894 0.114564
4027 0.135419 0.272892 0.591689
3969 0.384455 0.568490 0.047055
5263 0.603335 0.156397 0.240268
803 0.080371 0.011551 0.908078
18261 0.238717 0.760929 0.000355
4010 0.028640 0.579445 0.391915
4014 0.351579 0.070974 0.577447
17731 0.155030 0.454367 0.390603
16232 0.567932 0.083370 0.348698
16454 0.129161 0.452049 0.418790
16448 0.270676 0.453352 0.275972
16322 0.119099 0.335142 0.545759
768 0.192203 0.485317 0.322480
16465 0.437345 0.050361 0.512294
16185 0.388514 0.531668 0.079819
4236 0.033363 0.055720 0.910917
17386 0.472708 0.103995 0.423298
17382 0.485996 0.140214 0.373790
5210 0.121388 0.254555 0.624058
1206 0.111504 0.560654 0.327843
781 0.308333 0.155186 0.536481
756 0.053946 0.770609 0.175445
764 0.382422 0.279801 0.337776
16235 0.580740 0.155094 0.264166
765 0.235160 0.548808 0.216032
759 0.222758 0.357384 0.419858
754 0.121377 0.183157 0.695466
16344 0.345710 0.504377 0.149913
752 0.241692 0.393971 0.364337
4286 0.023480 0.483533 0.492987
4282 0.074844 0.240860 0.684296
4273 0.051095 0.358960 0.589945
16267 0.735871 0.133202 0.130927
736 0.394216 0.275027 0.330757
674 0.259024 0.515744 0.225232
695 0.311923 0.559133 0.128944
16203 0.011044 0.062965 0.925991
710 0.068223 0.220209 0.711568
4219 0.713294 0.176474 0.110231
4247 0.223843 0.555459 0.220698
17389 0.713830 0.282079 0.004091
4225 0.035981 0.371256 0.592763
4249 0.346831 0.086170 0.566999
17741 0.680966 0.187577 0.131457
16258 0.653828 0.117800 0.228372
16245 0.415947 0.026198 0.557855
755 0.602694 0.236174 0.161132
709 0.337801 0.130931 0.531269
774 0.548346 0.380634 0.071020
17089 0.074139 0.482416 0.443446
561 0.090427 0.217598 0.691974
241 0.201397 0.048807 0.749797
17105 0.019911 0.333132 0.646957
560 0.134207 0.069293 0.796499
16106 0.193634 0.793170 0.013197
17114 0.474717 0.055246 0.470037
557 0.000000 0.421005 0.578995
225 0.196517 0.138281 0.665202
513 0.483790 0.499132 0.017078
569 0.164118 0.409516 0.426366
499 0.016874 0.073913 0.909213
14057 0.245016 0.243636 0.511348
1850 0.830262 0.166241 0.003497
16530 0.411700 0.582797 0.005503
370 0.303694 0.285539 0.410767
16612 0.265397 0.082116 0.652487
365 0.395984 0.436503 0.167513
16549 0.190933 0.411715 0.397351
16599 0.482846 0.133872 0.383281
4639 0.092141 0.786587 0.121272
16548 0.633254 0.005871 0.360875
477 0.123393 0.657301 0.219306
428 0.194634 0.716807 0.088559
445 0.115997 0.870126 0.013877
16562 0.048366 0.256219 0.695415
16544 0.661329 0.210788 0.127884
16630 0.021588 0.602479 0.375932
16626 0.144176 0.277623 0.578200
16578 0.009805 0.779228 0.210967
429 0.732472 0.058829 0.208699
465 0.453762 0.034412 0.511825
397 0.014290 0.104175 0.881535
403 0.679191 0.265069 0.055740
474 0.117728 0.156978 0.725294
16518 0.698836 0.023456 0.277709
16511 0.041837 0.164253 0.793910
470 0.754109 0.013945 0.231945
402 0.232376 0.547636 0.219989
17109 0.930968 0.017610 0.051422
16130 0.178850 0.000259 0.820891
16126 0.227272 0.329807 0.442921
604 0.036662 0.745003 0.218334
389 0.196200 0.104748 0.699052
515 0.558745 0.363237 0.078018
17997 0.218711 0.382245 0.399044
18063 0.296858 0.157564 0.545578
955 0.023699 0.123873 0.852428
4617 0.961222 0.036535 0.002243
953 0.063516 0.780917 0.155567
634 0.210059 0.434516 0.355425
18361 0.397619 0.155838 0.446543
17052 0.236374 0.412855 0.350771
611 0.509355 0.135407 0.355238
597 0.572401 0.336542 0.091058
361 0.166012 0.558856 0.275132
16654 0.291899 0.306965 0.401136
332 0.691258 0.189949 0.118793
1096 0.556765 0.257328 0.185907
16111 0.345988 0.133197 0.520815
4612 0.562751 0.303453 0.133795
18328 0.150003 0.157647 0.692350
18358 0.380593 0.051227 0.568181
16649 0.072894 0.165651 0.761455
950 0.063925 0.308116 0.627959
4606 0.173845 0.799351 0.026803
4603 0.046334 0.447847 0.505819
4591 0.026203 0.329990 0.643807
16664 0.038522 0.895713 0.065765
4600 0.037903 0.797850 0.164247
18335 0.021179 0.965766 0.013056
4555 0.051146 0.889319 0.059535
4554 0.000000 0.871160 0.128840
15992 0.332850 0.580575 0.086575
605 0.017433 0.834004 0.148563
623 0.398896 0.412815 0.188289
624 0.459895 0.511206 0.028899
4559 0.245571 0.459369 0.295060
4565 0.232694 0.507379 0.259927
4569 0.326198 0.589288 0.084514
4566 0.315963 0.049077 0.634960
17938 0.811190 0.093520 0.095290
4544 0.094468 0.888817 0.016716
18375 0.263862 0.022403 0.713736
17993 0.032825 0.412952 0.554223
18400 0.813888 0.152492 0.033619
2616 0.570774 0.094460 0.334767
4545 0.468806 0.221952 0.309242
4552 0.244636 0.453384 0.301979
18384 0.091508 0.732830 0.175662
17931 0.801783 0.074456 0.123761
4364 0.581704 0.188551 0.229745
4351 0.201405 0.577406 0.221189
4365 0.568552 0.172756 0.258692
17975 0.715709 0.012708 0.271583
4343 0.223620 0.505645 0.270734
4352 0.311100 0.146867 0.542033
17926 0.637723 0.253473 0.108803
4347 0.302925 0.639098 0.057976
20460 0.642716 0.259296 0.097987
4344 0.302444 0.095239 0.602317
4371 0.268927 0.015933 0.715140
4336 0.287784 0.669908 0.042308
17988 0.950200 0.043345 0.006455
4328 0.094779 0.455406 0.449815
4296 0.207352 0.749427 0.043221
4329 0.623033 0.278343 0.098624
4320 0.068141 0.789108 0.142751
4307 0.430279 0.376666 0.193055
4295 0.227832 0.545649 0.226519
4300 0.065416 0.680919 0.253665
4321 0.352875 0.389982 0.257143
18138 0.299408 0.486665 0.213927
4374 0.228682 0.558839 0.212479
4316 0.126002 0.113072 0.760925
17984 0.075232 0.814054 0.110714
4432 0.074975 0.912181 0.012844
4420 0.024611 0.695074 0.280315
4429 0.177473 0.165248 0.657279
4421 0.220822 0.650111 0.129067
4436 0.145812 0.107699 0.746489
4442 0.137031 0.570751 0.292218
4439 0.086662 0.037965 0.875373
17860 0.526818 0.013421 0.459761
4454 0.950494 0.033732 0.015775
20459 0.512343 0.424100 0.063557
4446 0.364311 0.557176 0.078513
4450 0.679208 0.297209 0.023583
4438 0.104414 0.499636 0.395950
17994 0.898755 0.041789 0.059456
4384 0.675056 0.275222 0.049722
2641 0.458505 0.285671 0.255823
17898 0.047656 0.618970 0.333374
4376 0.247614 0.243973 0.508413
17872 0.007105 0.900784 0.092111
4402 0.040012 0.432963 0.527025
17896 0.779435 0.092702 0.127863
17907 0.197510 0.081160 0.721331
18156 0.387906 0.515411 0.096683
4409 0.083615 0.709915 0.206470
17873 0.819800 0.154971 0.025230
17888 0.111240 0.641493 0.247267
18105 0.154948 0.777245 0.067807
18104 0.181450 0.178554 0.639996
18092 0.731776 0.160517 0.107707
18100 0.255952 0.205769 0.538279
18112 0.590325 0.312084 0.097591
901 0.662272 0.283500 0.054228
18084 0.274171 0.666065 0.059764
18117 0.134218 0.424450 0.441332
18109 0.874246 0.050090 0.075665
838 0.280045 0.600906 0.119049
18079 0.211979 0.067161 0.720860
18096 0.676725 0.120156 0.203120
18087 0.569718 0.050295 0.379987
850 0.210344 0.481744 0.307912
847 0.160475 0.638875 0.200650
866 0.235378 0.016242 0.748380
10095 0.082531 0.348950 0.568519
842 0.360937 0.359615 0.279448
18155 0.600838 0.376098 0.023064
18157 0.047513 0.892616 0.059870
844 0.059477 0.014494 0.926029
18119 0.776402 0.001899 0.221699
20445 0.474578 0.183021 0.342401
862 0.048887 0.232815 0.718298
851 0.176063 0.189246 0.634690
855 0.063442 0.676393 0.260165
2618 0.137864 0.831295 0.030841
20451 0.344451 0.307129 0.348420
20329 0.065643 0.375539 0.558818
2486 0.065343 0.790358 0.144299
2495 0.910062 0.018319 0.071619
20447 0.192367 0.080919 0.726715
20461 0.442939 0.093196 0.463865
2477 0.064931 0.647590 0.287480
2467 0.648687 0.291039 0.060275
18152 0.099013 0.385200 0.515787
2504 0.024801 0.529818 0.445380
20439 0.275850 0.262756 0.461394
2496 0.161521 0.760330 0.078149
20327 0.028324 0.740873 0.230804
20324 0.080399 0.831536 0.088065
2622 0.166013 0.261929 0.572057
2608 0.505110 0.204613 0.290277
2615 0.006604 0.644119 0.349278
2626 0.519868 0.077453 0.402679
2322 0.581555 0.080140 0.338305
2377 0.882648 0.032099 0.085254
2597 0.619901 0.372244 0.007854
2595 0.276732 0.253753 0.469515
20353 0.157424 0.566724 0.275852
2588 0.282428 0.381131 0.336442
2569 0.025158 0.025640 0.949203
2559 0.032923 0.923669 0.043408
2590 0.844073 0.133327 0.022600
20377 0.136626 0.401715 0.461659
2584 0.078837 0.094817 0.826346
2317 0.558453 0.127457 0.314089
1455 0.570741 0.369641 0.059617
1451 0.228292 0.070544 0.701164
18900 0.152235 0.568427 0.279339
19926 0.582722 0.036116 0.381162
20090 0.415404 0.469139 0.115458
2380 0.538651 0.451394 0.009955
19911 0.108504 0.714318 0.177178
2352 0.267516 0.563567 0.168918
2353 0.127310 0.166140 0.706550
19898 0.063995 0.752020 0.183984
19917 0.062343 0.042201 0.895456
2358 0.178919 0.630390 0.190692
1343 0.361499 0.560939 0.077562
19827 0.447928 0.302657 0.249415
2432 0.713478 0.248425 0.038097
1486 0.030535 0.149443 0.820022
19950 0.003754 0.124432 0.871814
19949 0.194483 0.602751 0.202766
19893 0.301041 0.171942 0.527017
19833 0.407571 0.072915 0.519514
19837 0.543329 0.067119 0.389552
19845 0.796314 0.053621 0.150065
2439 0.356488 0.559062 0.084450
2312 0.741670 0.245330 0.013000
20098 0.233308 0.176570 0.590122
18835 0.138316 0.786104 0.075580
1342 0.087235 0.174533 0.738233
20005 0.032378 0.358651 0.608971
1621 0.060103 0.700922 0.238974
1373 0.089761 0.363161 0.547079
1372 0.002506 0.210593 0.786901
18975 0.805036 0.085114 0.109850
20009 0.022639 0.325548 0.651813
19889 0.226941 0.089884 0.683176
18957 0.258737 0.356352 0.384912
1564 0.131009 0.794404 0.074586
1625 0.736969 0.217133 0.045898
20013 0.108783 0.631265 0.259952
18974 0.169911 0.107486 0.722603
20138 0.419731 0.459476 0.120793
1390 0.616607 0.313358 0.070035
2396 0.122711 0.282147 0.595142
1485 0.696381 0.190496 0.113123
20050 0.772772 0.155961 0.071266
2454 0.000000 0.950590 0.049410
1396 0.446346 0.136496 0.417158
19985 0.153199 0.174147 0.672654
1528 0.412842 0.529533 0.057625
19855 0.324914 0.643658 0.031428
1648 0.299686 0.576051 0.124262
20096 0.881283 0.015784 0.102933
1629 0.840877 0.103430 0.055693
20121 0.321001 0.309391 0.369608
1388 0.050292 0.838247 0.111461
19994 0.801783 0.171091 0.027126
1536 0.375105 0.535342 0.089552
1360 0.116742 0.730320 0.152939
19989 0.164213 0.160549 0.675239
2413 0.056747 0.545901 0.397352
19841 0.633254 0.023561 0.343185
2349 0.067339 0.322701 0.609960
1507 0.520528 0.288763 0.190709
1361 0.497258 0.194206 0.308536
20112 0.595674 0.226428 0.177898
1980 0.016691 0.155557 0.827751
20702 0.285897 0.187403 0.526700
1634 0.135191 0.561672 0.303137
1571 0.316142 0.439548 0.244310
1335 0.520829 0.266780 0.212391
20002 0.328648 0.181294 0.490058
19995 0.078822 0.461399 0.459780
20045 0.387725 0.050702 0.561573
20041 0.136846 0.657579 0.205575
2424 0.494041 0.143957 0.362001
19862 0.897291 0.004049 0.098660
1174 0.638523 0.294941 0.066536
4652 0.416989 0.352781 0.230230
9195 0.249262 0.054377 0.696361
15492 0.308562 0.188934 0.502505
9167 0.685721 0.233045 0.081234
14070 0.757526 0.124902 0.117572
15435 0.204020 0.350693 0.445287
2169 0.156595 0.679856 0.163548
16290 0.049725 0.656172 0.294103
1189 0.697890 0.125807 0.176303
1229 0.405260 0.015243 0.579497
16505 0.044082 0.704476 0.251442
16281 0.247435 0.267383 0.485182
767 0.534493 0.136119 0.329388
720 0.175012 0.420932 0.404056
16265 0.381775 0.408579 0.209646
1186 0.311540 0.457183 0.231277
13372 0.150204 0.814329 0.035468
1235 0.094675 0.228395 0.676929
1177 0.134009 0.630333 0.235658
16375 0.035255 0.243344 0.721401
16483 0.192945 0.311675 0.495380
16371 0.675665 0.255742 0.068593
1156 0.435115 0.130616 0.434269
16507 0.442815 0.153913 0.403272
1286 0.518055 0.018720 0.463225
16474 0.098283 0.621583 0.280134
16791 0.579472 0.167864 0.252665
1306 0.240421 0.481494 0.278085
1308 0.187083 0.006011 0.806906
16353 0.314463 0.309749 0.375788
16414 0.798303 0.104204 0.097494
1192 0.041534 0.000814 0.957652
16484 0.139221 0.821213 0.039567
16372 0.152392 0.180586 0.667022
16486 0.040836 0.264585 0.694578
1315 0.187672 0.664551 0.147777
16349 0.299395 0.083124 0.617481
16424 0.338572 0.560794 0.100634
1132 0.109406 0.384277 0.506317
16394 0.149540 0.318336 0.532124
1267 0.174466 0.724507 0.101026
16807 0.590154 0.051883 0.357963
2247 0.599020 0.031370 0.369610
16836 0.324808 0.366990 0.308203
16771 0.893793 0.022705 0.083502
1239 0.301469 0.387639 0.310892
15953 0.172398 0.162292 0.665310
1044 0.238803 0.700745 0.060452
1257 0.000260 0.344605 0.655135
1265 0.036856 0.577166 0.385978
1031 0.345511 0.068083 0.586405
1063 0.677822 0.121775 0.200404
15952 0.168492 0.307498 0.524010
1005 0.259287 0.287300 0.453413
1054 0.053872 0.597440 0.348688
16796 0.643949 0.071987 0.284064
2224 0.328622 0.379149 0.292229
16753 0.529918 0.285513 0.184569
2236 0.722887 0.200120 0.076993
2255 0.566303 0.276429 0.157268
2250 0.493199 0.024430 0.482371
2036 0.781859 0.128761 0.089380
20252 0.136156 0.261595 0.602250
16700 0.035307 0.717674 0.247018
2280 0.011966 0.143233 0.844801
20232 0.527917 0.199549 0.272535
2041 0.243293 0.188388 0.568319
20234 0.291902 0.585964 0.122134
2056 0.247557 0.159077 0.593366
20417 0.169099 0.537296 0.293605
2012 0.045748 0.636702 0.317550
16706 0.827443 0.137696 0.034861
16688 0.390648 0.532575 0.076777
2277 0.181607 0.054661 0.763733
20230 0.078192 0.171622 0.750186
20280 0.112998 0.182431 0.704571
20416 0.859086 0.080303 0.060610
16676 0.092914 0.289148 0.617938
2046 0.392615 0.177943 0.429442
2272 0.241156 0.737654 0.021190
2296 0.466891 0.096163 0.436946
20196 0.179904 0.152199 0.667898
2128 0.113716 0.546471 0.339813
2292 0.222545 0.222282 0.555173
2517 0.243733 0.586920 0.169347
2132 0.203368 0.495229 0.301404
2293 0.130320 0.016266 0.853415
20247 0.534375 0.394022 0.071603
20165 0.501866 0.285220 0.212914
20394 0.459265 0.438620 0.102115
2304 0.105282 0.856815 0.037903
20263 0.048219 0.758875 0.192907
20403 0.146998 0.457598 0.395404
20170 0.072760 0.687665 0.239575
20299 0.264530 0.293528 0.441942
2542 0.273899 0.486480 0.239621
2113 0.034792 0.625118 0.340090
2258 0.103001 0.330920 0.566079
16749 0.229988 0.195872 0.574139
20297 0.185100 0.411114 0.403786
1988 0.776160 0.099847 0.123994
2052 0.876992 0.095266 0.027742
20160 0.067855 0.292853 0.639292
2100 0.280029 0.487229 0.232742
20161 0.551987 0.043859 0.404154
20209 0.012097 0.905428 0.082475
20269 0.046090 0.915392 0.038518
2020 0.283129 0.574049 0.142823
20268 0.116145 0.360356 0.523499
20181 0.127422 0.383974 0.488604
20143 0.166599 0.214555 0.618846
20148 0.665292 0.282857 0.051851
2267 0.113291 0.390688 0.496021
9192 0.552260 0.265224 0.182516
7928 0.251391 0.719744 0.028866
9080 0.046747 0.142520 0.810733
13253 0.191213 0.149026 0.659761
1880 0.297511 0.099441 0.603048
1856 0.426955 0.138153 0.434892
1831 0.431549 0.222296 0.346155
14173 0.633792 0.315061 0.051147
8443 0.163629 0.463353 0.373018
9214 0.155197 0.035479 0.809323
13480 0.207386 0.680997 0.111617
13502 0.099567 0.816780 0.083653
13485 0.555227 0.121025 0.323749
8064 0.035474 0.199652 0.764874
13660 0.432112 0.104250 0.463638
8017 0.095830 0.198973 0.705196
13653 0.363491 0.188858 0.447651
8575 0.624508 0.265600 0.109892
8571 0.247717 0.177585 0.574698
8525 0.203277 0.698037 0.098686
14422 0.056547 0.128578 0.814874
8580 0.206930 0.142229 0.650841
8536 0.268183 0.130177 0.601640
15407 0.032465 0.560466 0.407068
14473 0.154289 0.043079 0.802633
14123 0.047987 0.297050 0.654962
14119 0.144523 0.418678 0.436800
8588 0.008434 0.830133 0.161433
8587 0.008107 0.856093 0.135800
14226 0.524140 0.145610 0.330250
8704 0.183916 0.267260 0.548825
8739 0.693690 0.230560 0.075749
8735 0.807897 0.058243 0.133860
14286 0.693546 0.085497 0.220958
8730 0.154153 0.735939 0.109908
8683 0.546554 0.014549 0.438897
8679 0.000000 0.853030 0.146970
15228 0.234945 0.168635 0.596420
15217 0.050336 0.105401 0.844263
14304 0.552861 0.115732 0.331407
13415 0.146077 0.286616 0.567307
8689 0.821445 0.164921 0.013634
13424 0.656820 0.225153 0.118027
13428 0.259765 0.138487 0.601749
14329 0.045263 0.862958 0.091779
14300 0.558201 0.327676 0.114123
8724 0.022720 0.060588 0.916692
8718 0.783886 0.187973 0.028141
8714 0.336700 0.008751 0.654549
9148 0.346148 0.158132 0.495720
13445 0.852698 0.027684 0.119618
13448 0.603619 0.036018 0.360364
13434 0.235714 0.359653 0.404633
13505 0.387512 0.198367 0.414121
9109 0.006365 0.188439 0.805196
13511 0.840101 0.109920 0.049980
9100 0.028889 0.348918 0.622193
13398 0.114400 0.800746 0.084854
9088 0.370617 0.525983 0.103401
8699 0.009615 0.968273 0.022112
9142 0.143900 0.017335 0.838764
13413 0.111772 0.420306 0.467922
13376 0.625741 0.217112 0.157147
9146 0.239634 0.295379 0.464986
13499 0.571069 0.094599 0.334332
13447 0.228850 0.536753 0.234397
8601 0.250356 0.278915 0.470729
8726 0.000000 0.939713 0.060287
8745 0.221117 0.085981 0.692903
15219 0.724526 0.052224 0.223250
15209 0.321648 0.327503 0.350848
15206 0.208349 0.120086 0.671564
15202 0.302338 0.481862 0.215800
15252 0.392624 0.145482 0.461894
15256 0.283287 0.666230 0.050483
8291 0.125451 0.378365 0.496184
8290 0.000000 0.069823 0.930177
15224 0.000000 0.855162 0.144838
15191 0.667640 0.149870 0.182490
9173 0.557627 0.155304 0.287069
9120 0.322236 0.482973 0.194791
13392 0.581295 0.403388 0.015317
9090 0.102133 0.261335 0.636532
9086 0.018090 0.188104 0.793806
13493 0.215937 0.433757 0.350306
9225 0.177428 0.293365 0.529207
13523 0.659570 0.236189 0.104241
9210 0.432071 0.427893 0.140036
15375 0.165030 0.355573 0.479397
8446 0.182893 0.322558 0.494548
15470 0.000631 0.677643 0.321726
15465 0.086207 0.043516 0.870277
15462 0.571644 0.034698 0.393659
15382 0.392920 0.017515 0.589565
13469 0.254495 0.603166 0.142339
9232 0.356091 0.569957 0.073951
13462 0.355730 0.173107 0.471163
13458 0.621061 0.279732 0.099207
13696 0.409178 0.508347 0.082475
8051 0.168831 0.253115 0.578053
15502 0.576067 0.153681 0.270252
8236 0.200998 0.474407 0.324595
8207 0.230038 0.264876 0.505086
8251 0.178384 0.725804 0.095812
14146 0.180476 0.143074 0.676449
13309 0.182655 0.005952 0.811393
13741 0.077566 0.081226 0.841208
8155 0.196438 0.568598 0.234964
8280 0.485689 0.124712 0.389598
8277 0.057553 0.940768 0.001679
15304 0.887872 0.007778 0.104349
8204 0.483815 0.510318 0.005867
8182 0.563410 0.364110 0.072480
13862 0.238937 0.706720 0.054343
7997 0.308776 0.329291 0.361933
13546 0.069033 0.549090 0.381877
15233 0.376248 0.439923 0.183830
15238 0.152961 0.510120 0.336919
7948 0.017964 0.854502 0.127534
8077 0.523634 0.108080 0.368286
13668 0.307019 0.259934 0.433046
13573 0.335114 0.351503 0.313383
8562 0.577764 0.395305 0.026931
7968 0.209750 0.601182 0.189068
8988 0.386769 0.593459 0.019771
13806 0.086502 0.798979 0.114519
8220 0.037893 0.308414 0.653693
13551 0.876822 0.090860 0.032318
7963 0.774444 0.097228 0.128328
15232 0.684212 0.026633 0.289155
13574 0.920499 0.062522 0.016979
7948 0.490067 0.047871 0.462061
8179 0.358759 0.104907 0.536335
8179 0.135516 0.673869 0.190615
13817 0.092274 0.815743 0.091983
8001 0.139663 0.561761 0.298576
7969 0.502603 0.399289 0.098108
8197 0.897918 0.102082 0.000000
8189 0.557926 0.400479 0.041595
13655 0.383074 0.586881 0.030045
8313 0.137170 0.744046 0.118784
13792 0.167100 0.368156 0.464744
13656 0.317400 0.069422 0.613178
7987 0.463389 0.163866 0.372745
7992 0.226686 0.101156 0.672158
13547 0.157521 0.270189 0.572290
13861 0.492443 0.185090 0.322467
15267 0.359381 0.487226 0.153393
13688 0.684720 0.049250 0.266030
13636 0.267153 0.443395 0.289452
13625 0.118679 0.043779 0.837543
9037 0.395917 0.002987 0.601096
13293 0.363770 0.049691 0.586538
13297 0.171516 0.382298 0.446185
8929 0.000000 0.228502 0.771498
8925 0.416075 0.133580 0.450345
13240 0.586524 0.182030 0.231446
8924 0.458897 0.042980 0.498124
8984 0.260080 0.702438 0.037482
13212 0.766691 0.109085 0.124224
8953 0.078836 0.467461 0.453703
13245 0.284638 0.638774 0.076588
13623 0.191825 0.005637 0.802538
15364 0.457908 0.458559 0.083533
13237 0.324641 0.566439 0.108920
13568 0.571718 0.094047 0.334235
13649 0.492264 0.496691 0.011045
13560 0.687146 0.230788 0.082066
7947 0.231265 0.084874 0.683861
13622 0.122966 0.417204 0.459830
8489 0.366468 0.210012 0.423519
13671 0.057796 0.422616 0.519589
13635 0.445067 0.275704 0.279229
13684 0.003944 0.698422 0.297635
8056 0.209424 0.242556 0.548020
7955 0.002865 0.890485 0.106650
8469 0.027333 0.122280 0.850388
8494 0.007636 0.542313 0.450051
15384 0.236968 0.583145 0.179886
15379 0.043935 0.435468 0.520597
8556 0.105943 0.593248 0.300808
15456 0.074404 0.543046 0.382550
15444 0.139891 0.654321 0.205788
15401 0.047731 0.711428 0.240840
8933 0.465229 0.425781 0.108990
13366 0.173988 0.148662 0.677350
9045 0.221001 0.365769 0.413230
9050 0.280382 0.436010 0.283609
9054 0.075803 0.726914 0.197283
14211 0.326666 0.450210 0.223124
8923 0.445938 0.092002 0.462060
13247 0.601071 0.145345 0.253584
8949 0.207742 0.792258 0.000000
8946 0.138613 0.539926 0.321460
13370 0.841893 0.000928 0.157178
8659 0.286123 0.136084 0.577793
9036 0.373457 0.439656 0.186888
13294 0.716528 0.071142 0.212330
13299 0.211095 0.346040 0.442865
9068 0.273429 0.290063 0.436508
8144 0.339393 0.051736 0.608871
9040 0.000000 0.572768 0.427232
9040 0.000000 0.374284 0.625716
9043 0.421175 0.209780 0.369045
13759 0.081792 0.208045 0.710164
9026 0.233370 0.303432 0.463197
13538 0.547336 0.164023 0.288641
9017 0.588064 0.252437 0.159499
9001 0.111613 0.251905 0.636482
13619 0.891126 0.009957 0.098917
8993 0.572428 0.379597 0.047975
13276 0.730370 0.081585 0.188044
13274 0.079533 0.767564 0.152903
8961 0.655277 0.090167 0.254556
13283 0.073925 0.085032 0.841043
8645 0.010060 0.282008 0.707932
15368 0.334445 0.387044 0.278511
14490 0.200862 0.609872 0.189266
8866 0.040054 0.839023 0.120923
15516 0.035186 0.569976 0.394838
15356 0.768528 0.026404 0.205068
14253 0.451107 0.172882 0.376011
8772 0.510410 0.225314 0.264277
15413 0.438679 0.370775 0.190546
8860 0.168547 0.599794 0.231659
8777 0.065147 0.341788 0.593065
8478 0.684884 0.240322 0.074794
8026 0.080314 0.139289 0.780397
8778 0.445009 0.212287 0.342704
15508 0.438968 0.048906 0.512126
8523 0.419614 0.050817 0.529569
15509 0.094250 0.901196 0.004554
8039 0.398508 0.521134 0.080358
14469 0.077560 0.081872 0.840568
8886 0.014152 0.748778 0.237070
14068 0.290374 0.612382 0.097244
8782 0.337673 0.125575 0.536752
8784 0.604365 0.317605 0.078031
1845 0.145033 0.780074 0.074893
1854 0.377904 0.129847 0.492249
14157 0.040762 0.806804 0.152434
14177 0.081697 0.119299 0.799003
1921 0.192295 0.237907 0.569798
13919 0.038173 0.766698 0.195129
1945 0.254075 0.469334 0.276591
1941 0.670111 0.017347 0.312542
14180 0.573253 0.072762 0.353985
14155 0.600983 0.364331 0.034686
14168 0.437562 0.343133 0.219305
13945 0.190080 0.684998 0.124921
13927 0.724137 0.151303 0.124560
13913 0.105132 0.007877 0.886991
1921 0.400209 0.599791 0.000000
1924 0.366186 0.508491 0.125323
13922 0.101029 0.112990 0.785981
1931 0.483294 0.169536 0.347170
14136 0.777764 0.061427 0.160809
1779 0.171468 0.805590 0.022942
14012 0.140462 0.615828 0.243710
13937 0.573904 0.011422 0.414674
1662 0.056752 0.335675 0.607573
14024 0.396533 0.575803 0.027664
13897 0.029914 0.617523 0.352563
1657 0.607143 0.157424 0.235433
13891 0.311610 0.440626 0.247764
1719 0.182582 0.462476 0.354942
1672 0.169034 0.135602 0.695364
14431 0.101235 0.179378 0.719387
14403 0.687514 0.190468 0.122018
13882 0.196013 0.258627 0.545361
14007 0.125479 0.499884 0.374638
13908 0.084476 0.429381 0.486143
13993 0.574817 0.417396 0.007787
1666 0.798387 0.187598 0.014016
1678 0.698130 0.238135 0.063735
14439 0.219339 0.324497 0.456164
14440 0.347761 0.509688 0.142551
8794 0.374838 0.087601 0.537560
13961 0.653801 0.266978 0.079221
1809 0.330227 0.538162 0.131610
14015 0.423611 0.146450 0.429939
1776 0.930076 0.063469 0.006455
14190 0.320557 0.236444 0.442999
1799 0.056359 0.703704 0.239938
13952 0.381298 0.354339 0.264363
13969 0.238961 0.506732 0.254307
1743 0.439506 0.170568 0.389926
13981 0.841071 0.068381 0.090548
8552 0.474166 0.512567 0.013267
15499 0.308098 0.139003 0.552899
8529 0.581791 0.067561 0.350648
14410 0.070252 0.422642 0.507106
1736 0.212979 0.208055 0.578966
13977 0.324156 0.564791 0.111053
1769 0.888356 0.067871 0.043774
1762 0.264129 0.259185 0.476686
14421 0.024971 0.895573 0.079456
14420 0.223616 0.460159 0.316225
14366 0.297797 0.617123 0.085080
14381 0.411487 0.537846 0.050667
8761 0.586579 0.130422 0.282999
8825 0.595092 0.136157 0.268751
14372 0.873118 0.117249 0.009634
14370 0.173402 0.112870 0.713728
8818 0.159175 0.829024 0.011800
14376 0.427770 0.015808 0.556422
14387 0.075328 0.653152 0.271520
14398 0.018245 0.089670 0.892085
14413 0.132438 0.753960 0.113602
13901 0.537747 0.379814 0.082440
14391 0.665386 0.099465 0.235150
8759 0.069292 0.765522 0.165187
14390 0.262122 0.731374 0.006503
8754 0.315201 0.191905 0.492894
14395 0.018989 0.620820 0.360191
14266 0.098480 0.112232 0.789288
8027 0.940493 0.034133 0.025375
8909 0.153147 0.758620 0.088234
8912 0.251554 0.176585 0.571861
14515 0.071871 0.641466 0.286663
8876 0.023927 0.540914 0.435159
14522 0.103398 0.722593 0.174009
8028 0.590118 0.187933 0.221948
8020 0.222879 0.326495 0.450626
13577 0.510472 0.193921 0.295607
14247 0.748098 0.212197 0.039705
14276 0.862926 0.054412 0.082662
8635 0.651885 0.053183 0.294932
8630 0.624168 0.280309 0.095523
8627 0.519539 0.038583 0.441878
14243 0.062587 0.339670 0.597743
14244 0.843247 0.024102 0.132650
8780 0.421329 0.125176 0.453494
8011 0.293984 0.436321 0.269695
8854 0.313348 0.359185 0.327467
14248 0.314847 0.054581 0.630572
8856 0.111439 0.240053 0.648508
8139 0.257941 0.679588 0.062470
13771 0.236837 0.166463 0.596700
13774 0.561553 0.395431 0.043016
8119 0.551464 0.210759 0.237776
8092 0.319969 0.333416 0.346615
8108 0.097144 0.200830 0.702026
8108 0.005552 0.146061 0.848387
13785 0.098575 0.661692 0.239733
13840 0.753945 0.196765 0.049290
8117 0.303199 0.250543 0.446258
8114 0.851919 0.086393 0.061688
8129 0.831568 0.130578 0.037854
8225 0.118608 0.246178 0.635214
15316 0.164702 0.093885 0.741414
13722 0.280473 0.381292 0.338235
15284 0.069475 0.758397 0.172129
15286 0.478330 0.166695 0.354974
15342 0.161831 0.479134 0.359035
8382 0.236314 0.481907 0.281779
8415 0.891092 0.032897 0.076012
8413 0.099218 0.754483 0.146299
15287 0.627639 0.295535 0.076826
15284 0.351427 0.525198 0.123375
15283 0.065368 0.792296 0.142335
15278 0.262147 0.001510 0.736343
15273 0.156372 0.740659 0.102969
8276 0.184818 0.353370 0.461812
8395 0.214460 0.756584 0.028956
15350 0.100281 0.696343 0.203376
15346 0.234579 0.575566 0.189855
15343 0.642077 0.172789 0.185134
8381 0.412551 0.145105 0.442344
15762 0.138869 0.258543 0.602588
15759 0.247784 0.207467 0.544750
15745 0.000667 0.291437 0.707896
8410 0.408805 0.474948 0.116247
15728 0.203090 0.189227 0.607683
8360 0.075153 0.623293 0.301554
15686 0.324214 0.320891 0.354894
8342 0.642412 0.171515 0.186073
15296 0.079477 0.243251 0.677272
15294 0.088083 0.334701 0.577217
15517 0.165890 0.436494 0.397616
8369 0.184444 0.385575 0.429982
15709 0.221574 0.062986 0.715440
10086 0.335731 0.405152 0.259118
15727 0.229315 0.532683 0.238001
15746 0.418544 0.440400 0.141056
15764 0.558509 0.262676 0.178815
15769 0.012675 0.977645 0.009679
10120 0.316973 0.486794 0.196233
8368 0.235597 0.231106 0.533297
10108 0.411209 0.397562 0.191229
10104 0.890766 0.019669 0.089565
10110 0.436493 0.447661 0.115846
10162 0.232691 0.647358 0.119951
15801 0.193449 0.781252 0.025299
15804 0.131304 0.575945 0.292751
15795 0.525196 0.389721 0.085083
15792 0.250342 0.533248 0.216411
10103 0.573972 0.368459 0.057570
15821 0.022554 0.035835 0.941610
15814 0.087005 0.325083 0.587912
15779 0.440260 0.100924 0.458815
10233 0.587827 0.184976 0.227197
15836 0.183744 0.777527 0.038729
10198 0.649381 0.192483 0.158135
10206 0.827498 0.024562 0.147940
15826 0.280865 0.544421 0.174714
10176 0.018986 0.464394 0.516620
15788 0.035862 0.435930 0.528208
4786 0.075470 0.141276 0.783254
5176 0.073881 0.145851 0.780268
17609 0.158382 0.824296 0.017323
17613 0.109262 0.684274 0.206463
10048 0.223815 0.435801 0.340384
4669 0.099911 0.026203 0.873887
11536 0.041525 0.303958 0.654517
4593 0.837064 0.147142 0.015794
9960 0.406014 0.249341 0.344644
4686 0.056010 0.122227 0.821763
4684 0.065952 0.655826 0.278222
9932 0.085937 0.144650 0.769413
15650 0.302903 0.304180 0.392918
17589 0.099574 0.275106 0.625320
9955 0.003284 0.980075 0.016640
9964 0.308816 0.616082 0.075102
9951 0.259569 0.646091 0.094340
12839 0.090625 0.170383 0.738992
15537 0.063835 0.061954 0.874211
9922 0.007170 0.052821 0.940009
9920 0.692922 0.239828 0.067250
15549 0.610984 0.057845 0.331171
15550 0.377396 0.054456 0.568148
15545 0.205823 0.049348 0.744829
9926 0.143246 0.807845 0.048909
9925 0.629380 0.308394 0.062227
10445 0.100133 0.604555 0.295312
10174 0.110101 0.663670 0.226229
9973 0.078384 0.631688 0.289928
9969 0.571043 0.058977 0.369981
10462 0.007110 0.475817 0.517073
10001 0.446604 0.322611 0.230786
15663 0.664230 0.252546 0.083224
15678 0.119396 0.683399 0.197206
6720 0.007417 0.374044 0.618540
19390 0.030728 0.536885 0.432387
15668 0.267618 0.552354 0.180028
15641 0.373009 0.187924 0.439067
15617 0.054607 0.913191 0.032202
10235 0.394430 0.298944 0.306626
14767 0.664265 0.022364 0.313371
66 0.622701 0.248142 0.129157
9990 0.099333 0.844553 0.056114
15625 0.533542 0.348562 0.117897
12320 0.500015 0.278905 0.221079
19377 0.045539 0.041015 0.913446
10018 0.104862 0.130828 0.764310
14744 0.428078 0.315518 0.256404
10708 0.105719 0.852420 0.041860
6410 0.227487 0.481661 0.290852
6400 0.517896 0.287855 0.194249
11041 0.153514 0.243829 0.602657
15534 0.568645 0.305199 0.126156
15598 0.358906 0.003114 0.637980
9950 0.218455 0.143945 0.637600
12842 0.109373 0.274286 0.616341
15521 0.881598 0.005057 0.113345
12846 0.994261 0.005240 0.000499
10426 0.664774 0.274496 0.060730
9910 0.083686 0.544642 0.371672
9909 0.326243 0.212682 0.461075
9914 0.307747 0.117747 0.574506
9943 0.002744 0.211862 0.785394
15558 0.191829 0.455425 0.352747
10402 0.638437 0.334334 0.027229
