16635 0.600932 0.227551 0.171517
16718 0.604113 0.379925 0.015962
2436 0.151757 0.603543 0.244699
12271 0.600707 0.366565 0.032728
1932 0.136198 0.704080 0.159722
16798 0.095583 0.873482 0.030935
1494 0.144519 0.128187 0.727294
17609 0.179022 0.609273 0.211705
17606 0.261973 0.135840 0.602187
2287 0.089739 0.767833 0.142428
16653 0.812202 0.016015 0.171783
17547 0.045068 0.528147 0.426786
2017 0.312304 0.567906 0.119791
2043 0.572164 0.237439 0.190396
2034 0.542970 0.383227 0.073802
16796 0.071462 0.137548 0.790990
16769 0.110577 0.850586 0.038838
8291 0.085746 0.152151 0.762104
14712 0.017185 0.949166 0.033649
2529 0.617388 0.355356 0.027256
16782 0.145736 0.375828 0.478436
8260 0.081133 0.915975 0.002892
2344 0.252589 0.181239 0.566171
8276 0.261240 0.196074 0.542686
8264 0.198124 0.114905 0.686970
14976 0.507943 0.238384 0.253673
13559 0.651062 0.074715 0.274223
14727 0.494041 0.139823 0.366136
8135 0.515889 0.140016 0.344095
14833 0.395344 0.590206 0.014451
15277 0.713386 0.006485 0.280129
14783 0.096265 0.764839 0.138896
14765 0.046174 0.900582 0.053244
8006 0.671768 0.325449 0.002783
10780 0.093805 0.880004 0.026191
8110 0.550450 0.382939 0.066611
5337 0.290888 0.038319 0.670793
5325 0.028335 0.575453 0.396212
10768 0.292930 0.399252 0.307818
5281 0.331690 0.588672 0.079638
8219 0.237546 0.444175 0.318279
10800 0.725799 0.206591 0.067609
14796 0.062500 0.272523 0.664977
8094 0.201615 0.372746 0.425639
8124 0.646548 0.350393 0.003058
1428 0.183966 0.594546 0.221488
8157 0.512235 0.348093 0.139671
8163 0.315357 0.380072 0.304570
14740 0.221720 0.723890 0.054390
8286 0.189455 0.136154 0.674391
14735 0.345382 0.274767 0.379850
16750 0.249466 0.307046 0.443487
2385 0.708007 0.047385 0.244608
1482 0.044889 0.065028 0.890083
7957 0.742001 0.158842 0.099157
12337 0.020198 0.683861 0.295941
5843 0.254452 0.625521 0.120027
1358 0.258039 0.588182 0.153779
12314 0.922952 0.021554 0.055494
10847 0.851338 0.008936 0.139725
5181 0.107889 0.760946 0.131165
12327 0.715985 0.233718 0.050297
5236 0.041434 0.120497 0.838070
7960 0.526666 0.166304 0.307030
12347 0.159596 0.129546 0.710858
13098 0.653780 0.064432 0.281788
12338 0.336680 0.379579 0.283740
13209 0.309445 0.383146 0.307409
7910 0.590490 0.154268 0.255242
8604 0.031066 0.461775 0.507159
13755 0.865312 0.060300 0.074388
13420 0.068904 0.337702 0.593394
1754 0.780589 0.118878 0.100533
1641 0.484556 0.468093 0.047351
1752 0.261767 0.058253 0.679980
13532 0.334166 0.071860 0.593974
13549 0.305153 0.373187 0.321661
13721 0.040150 0.686357 0.273493
8356 0.116762 0.882736 0.000502
13848 0.254035 0.312684 0.433281
13540 0.901704 0.084209 0.014087
1673 0.033592 0.836670 0.129738
8472 0.272893 0.542895 0.184211
1631 0.066655 0.815977 0.117369
13977 0.508621 0.330701 0.160678
8838 0.989288 0.003815 0.006898
13502 0.344006 0.405025 0.250969
8508 0.183478 0.255672 0.560850
8424 0.478191 0.419405 0.102404
13944 0.370391 0.594554 0.035054
12981 0.755873 0.229812 0.014314
1632 0.476761 0.472980 0.050259
8562 0.351914 0.301780 0.346306
9801 0.372988 0.535192 0.091820
13796 0.090210 0.061814 0.847975
13728 0.209134 0.688152 0.102714
6441 0.009528 0.707104 0.283368
13602 0.466568 0.405795 0.127637
17767 0.018058 0.281317 0.700625
1538 0.406900 0.295097 0.298003
17854 0.129830 0.660255 0.209915
1322 0.164558 0.525898 0.309544
400 0.082080 0.536415 0.381505
1464 0.342118 0.592036 0.065846
7730 0.405174 0.503480 0.091346
1590 0.377104 0.367494 0.255402
403 0.160700 0.765116 0.074184
1517 0.443573 0.490204 0.066223
1545 0.504756 0.328201 0.167043
13182 0.743645 0.220211 0.036145
17126 0.146859 0.091636 0.761505
8843 0.296893 0.448495 0.254612
12973 0.287539 0.465388 0.247073
8896 0.178612 0.599502 0.221885
8415 0.178948 0.626427 0.194625
8917 0.204588 0.767604 0.027808
8394 0.670731 0.140519 0.188750
8406 0.875271 0.061918 0.062812
8925 0.398239 0.039571 0.562190
14961 0.554642 0.111878 0.333480
448 0.338610 0.529263 0.132128
14011 0.495499 0.014819 0.489682
13894 0.121938 0.139925 0.738137
17803 0.147458 0.455495 0.397047
1968 0.303309 0.669222 0.027469
2195 0.220284 0.636390 0.143326
7732 0.134830 0.619032 0.246137
1526 0.759098 0.076458 0.164444
2160 0.325533 0.451989 0.222478
8797 0.370258 0.595777 0.033965
13990 0.009747 0.241369 0.748884
17116 0.026899 0.711130 0.261971
13914 0.178665 0.637539 0.183796
8803 0.073168 0.266842 0.659990
13879 0.380661 0.142158 0.477181
10524 0.491376 0.396680 0.111944
13231 0.542315 0.295491 0.162194
5260 0.294062 0.331606 0.374333
5248 0.038730 0.158590 0.802680
12341 0.008699 0.208165 0.783136
13103 0.622197 0.377293 0.000510
10386 0.542670 0.172083 0.285247
10432 0.596350 0.201071 0.202579
6259 0.479294 0.137985 0.382721
5872 0.094279 0.311820 0.593901
10514 0.107794 0.701178 0.191028
5753 0.355758 0.437545 0.206697
1518 0.252716 0.533424 0.213861
2099 0.066352 0.839422 0.094227
2129 0.026802 0.286209 0.686989
14787 0.019770 0.532641 0.447589
8016 0.373867 0.340251 0.285882
15171 0.433231 0.068179 0.498591
8123 0.511427 0.251149 0.237424
7963 0.077048 0.135802 0.787150
1834 0.446783 0.158793 0.394424
1908 0.640362 0.221139 0.138498
13855 0.213487 0.041302 0.745211
13811 0.346015 0.084084 0.569901
10326 0.368440 0.472058 0.159502
8477 0.614103 0.177703 0.208195
8490 0.394944 0.595976 0.009080
1902 0.572056 0.114164 0.313780
13403 0.355967 0.373006 0.271026
13417 0.208422 0.181934 0.609643
1758 0.188739 0.590268 0.220993
13647 0.053943 0.852413 0.093643
13233 0.719996 0.037686 0.242318
7944 0.597230 0.116362 0.286408
2510 0.165976 0.360308 0.473716
8155 0.467398 0.350978 0.181625
2523 0.012030 0.498494 0.489476
2251 0.134981 0.645014 0.220005
2238 0.621507 0.257492 0.121001
17660 0.847140 0.109657 0.043203
16900 0.063812 0.859258 0.076930
14751 0.177310 0.134891 0.687799
17662 0.024285 0.745586 0.230129
2294 0.156225 0.107302 0.736473
17649 0.216196 0.333032 0.450773
2419 0.078005 0.386712 0.535283
8847 0.179422 0.254112 0.566466
16821 0.375863 0.277232 0.346905
2356 0.502677 0.236432 0.260890
17700 0.415258 0.058670 0.526072
2512 0.267896 0.496042 0.236062
17579 0.007044 0.732363 0.260593
17702 0.104912 0.261064 0.634024
2379 0.845445 0.010198 0.144357
2536 0.462864 0.415771 0.121366
13867 0.158080 0.770566 0.071354
13507 0.194860 0.089313 0.715827
13847 0.018036 0.031293 0.950671
13492 0.104437 0.283582 0.611981
1717 0.396729 0.510327 0.092943
13843 0.311386 0.182763 0.505852
17751 0.305284 0.682663 0.012054
5434 0.147824 0.007902 0.844273
18501 0.166784 0.082376 0.750840
109 0.646245 0.339946 0.013809
14968 0.801458 0.101598 0.096944
8647 0.022119 0.882443 0.095438
8445 0.133384 0.767688 0.098928
12898 0.730766 0.220910 0.048323
12895 0.470038 0.240808 0.289155
12853 0.097004 0.466738 0.436258
12818 0.153428 0.333520 0.513052
9827 0.206003 0.275947 0.518049
12785 0.024967 0.364949 0.610083
14893 0.305492 0.111966 0.582542
8737 0.175189 0.655355 0.169456
10034 0.286792 0.539177 0.174032
7840 0.137431 0.033569 0.829000
9861 0.003328 0.019363 0.977309
15045 0.107641 0.338980 0.553379
14885 0.602605 0.029966 0.367429
6172 0.008840 0.163082 0.828078
15061 0.129959 0.367053 0.502988
7788 0.407914 0.214339 0.377746
12161 0.157810 0.332504 0.509686
14900 0.261294 0.435132 0.303574
10707 0.236171 0.001766 0.762063
14373 0.230272 0.048988 0.720741
9188 0.094715 0.463612 0.441673
9617 0.312538 0.349416 0.338046
14885 0.579084 0.221042 0.199874
10016 0.172504 0.314961 0.512535
5733 0.031345 0.727963 0.240692
11061 0.043895 0.873444 0.082661
9969 0.688821 0.290189 0.020990
9242 0.702835 0.277163 0.020002
9203 0.074951 0.818968 0.106081
14671 0.142208 0.458435 0.399356
10040 0.584864 0.003355 0.411781
14648 0.652162 0.132120 0.215717
9190 0.101884 0.247040 0.651076
9098 0.442610 0.068068 0.489321
14556 0.003313 0.075303 0.921384
14657 0.609751 0.094747 0.295501
9106 0.501922 0.091731 0.406346
9222 0.424508 0.452567 0.122926
12165 0.539404 0.025316 0.435281
14406 0.109256 0.246557 0.644187
10124 0.761187 0.113923 0.124890
14395 0.217996 0.687987 0.094016
14272 0.095471 0.300072 0.604457
15002 0.651800 0.081130 0.267070
9844 0.822018 0.003922 0.174059
12874 0.263707 0.618397 0.117896
14241 0.308603 0.502282 0.189115
10896 0.077365 0.494720 0.427915
11425 0.024818 0.823844 0.151338
12189 0.414240 0.562870 0.022890
9602 0.862603 0.114446 0.022951
11402 0.628716 0.339748 0.031536
9489 0.063399 0.462137 0.474464
9674 0.383387 0.407837 0.208776
10919 0.059328 0.903882 0.036790
10192 0.144552 0.425576 0.429872
14605 0.289564 0.153915 0.556521
10198 0.267907 0.432640 0.299453
14623 0.600424 0.040168 0.359408
10902 0.327830 0.314039 0.358130
10169 0.051107 0.577903 0.370991
14051 0.546282 0.391491 0.062227
14472 0.089970 0.186453 0.723577
9681 0.251276 0.112972 0.635751
9413 0.874029 0.003756 0.122215
9487 0.909086 0.019468 0.071446
5597 0.012374 0.327102 0.660524
14497 0.093078 0.610628 0.296293
10085 0.150419 0.665925 0.183656
10742 0.282411 0.048113 0.669475
10183 0.705001 0.067708 0.227291
10153 0.880413 0.119587 0.000000
10140 0.000000 0.492198 0.507802
14169 0.057815 0.000000 0.942185
8985 0.000000 0.198214 0.801786
14065 0.203927 0.549946 0.246127
12280 0.767124 0.104502 0.128374
10731 0.225842 0.609082 0.165076
14094 0.181532 0.800945 0.017523
14278 0.214146 0.209385 0.576469
12197 0.661897 0.190213 0.147890
5590 0.126424 0.032093 0.841483
10063 0.496615 0.473684 0.029701
5617 0.527873 0.088047 0.384080
14562 0.463710 0.302372 0.233917
9686 0.247829 0.488492 0.263679
14332 0.083111 0.747463 0.169426
14230 0.344605 0.397353 0.258042
9665 0.750106 0.186901 0.062994
10908 0.192377 0.592876 0.214747
5484 0.176209 0.792525 0.031266
14203 0.304352 0.207507 0.488141
12221 0.548852 0.113282 0.337866
11214 0.147546 0.555196 0.297257
6056 0.850711 0.121889 0.027400
9527 0.038717 0.438389 0.522894
10969 0.925263 0.013538 0.061198
10950 0.491344 0.075595 0.433061
11468 0.471591 0.176896 0.351513
5947 0.245133 0.533431 0.221436
9326 0.407529 0.489236 0.103235
11165 0.122284 0.330496 0.547219
10985 0.644745 0.183534 0.171721
11173 0.221537 0.303462 0.475001
9281 0.137724 0.295118 0.567158
11479 0.672170 0.299339 0.028491
9355 0.817853 0.075375 0.106772
10938 0.312040 0.310634 0.377326
11459 0.418502 0.405774 0.175725
10932 0.266796 0.155962 0.577242
10966 0.671383 0.313462 0.015155
9274 0.195278 0.227815 0.576907
9548 0.631038 0.129480 0.239481
9557 0.024463 0.053720 0.921817
10849 0.119124 0.682226 0.198650
10989 0.348370 0.237453 0.414177
9301 0.063317 0.607062 0.329621
5990 0.510071 0.229289 0.260641
11420 0.375177 0.125810 0.499013
6004 0.014812 0.407881 0.577307
11298 0.037494 0.254481 0.708025
5967 0.598178 0.075600 0.326221
5983 0.293465 0.457847 0.248688
12779 0.669521 0.217976 0.112503
14235 0.133380 0.432812 0.433808
13380 0.007386 0.857833 0.134781
18000 0.350772 0.137825 0.511403
4353 0.107953 0.826762 0.065285
3955 0.288074 0.097265 0.614661
17057 0.343465 0.507507 0.149029
7743 0.008662 0.865579 0.125760
12864 0.135642 0.254834 0.609524
16908 0.108555 0.769118 0.122328
1929 0.533595 0.095817 0.370588
12764 0.160312 0.826561 0.013128
3631 0.113567 0.649870 0.236564
19242 0.055388 0.902771 0.041841
14153 0.697796 0.136756 0.165448
9942 0.925697 0.055645 0.018659
12149 0.008016 0.988905 0.003079
6423 0.311712 0.163817 0.524471
13002 0.502387 0.289888 0.207725
12748 0.214952 0.021894 0.763154
12686 0.032971 0.332186 0.634843
12842 0.536262 0.286214 0.177524
4201 0.182095 0.481391 0.336515
3632 0.517040 0.099048 0.383912
14136 0.096533 0.161334 0.742133
14181 0.728464 0.186541 0.084995
14218 0.361744 0.003077 0.635179
13371 0.173815 0.738372 0.087813
17882 0.435108 0.162182 0.402710
8788 0.268745 0.056623 0.674631
8810 0.678701 0.090199 0.231099
396 0.849043 0.143293 0.007663
1738 0.672560 0.023700 0.303740
17772 0.097054 0.332445 0.570501
13614 0.141625 0.294994 0.563381
1345 0.227686 0.392161 0.380152
406 0.210932 0.726055 0.063013
1291 0.201852 0.184585 0.613563
435 0.614791 0.147755 0.237454
419 0.185610 0.491119 0.323271
17180 0.243727 0.584622 0.171651
7195 0.812941 0.083059 0.104000
1327 0.130885 0.426973 0.442141
1183 0.032355 0.718754 0.248891
7069 0.131910 0.179121 0.688969
20355 0.070331 0.200123 0.729546
13933 0.203924 0.518514 0.277563
8314 0.631282 0.189523 0.179195
13033 0.144400 0.595421 0.260179
13072 0.077266 0.629475 0.293259
5220 0.204454 0.786360 0.009186
8440 0.007222 0.708143 0.284635
7230 0.018812 0.024383 0.956804
17531 0.231521 0.315563 0.452915
12742 0.145367 0.821050 0.033582
12697 0.307367 0.658756 0.033877
17950 0.086318 0.021262 0.892420
208 0.768282 0.160412 0.071307
17989 0.206353 0.032709 0.760938
17985 0.725089 0.018498 0.256412
20339 0.092337 0.699725 0.207938
19697 0.142023 0.206137 0.651841
9902 0.062859 0.494945 0.442196
14117 0.559642 0.155143 0.285215
14125 0.764289 0.173434 0.062277
9965 0.116419 0.644538 0.239043
14185 0.076651 0.187940 0.735408
14176 0.005070 0.000543 0.994387
3959 0.140228 0.154024 0.705747
17381 0.111415 0.014739 0.873846
9687 0.281514 0.718486 0.000000
9728 0.104191 0.384237 0.511571
8762 0.195503 0.644072 0.160425
5723 0.371984 0.332224 0.295792
984 0.631480 0.292157 0.076363
1026 0.032635 0.787042 0.180323
18474 0.788530 0.013961 0.197509
13371 0.048202 0.600088 0.351710
8645 0.155893 0.058494 0.785612
13309 0.518246 0.343229 0.138525
15117 0.340120 0.540466 0.119413
15116 0.740062 0.000000 0.259938
8726 0.067480 0.704433 0.228086
14899 0.593427 0.017887 0.388686
15909 0.068435 0.331802 0.599764
9687 0.525591 0.474409 0.000000
5210 0.291983 0.445583 0.262434
5191 0.451942 0.309648 0.238410
12413 0.133939 0.145938 0.720123
9262 0.718276 0.152674 0.129049
6024 0.517673 0.372660 0.109667
6032 0.356726 0.545572 0.097702
5981 0.363629 0.067697 0.568674
11408 0.814020 0.032515 0.153465
14317 0.313212 0.636944 0.049844
11391 0.323408 0.094280 0.582312
11441 0.111994 0.245085 0.642921
7562 0.293314 0.643615 0.063071
7056 0.088745 0.811015 0.100240
12542 0.116016 0.182206 0.701778
11753 0.136531 0.780055 0.083414
17369 0.390888 0.158475 0.450636
7438 0.427585 0.373818 0.198597
7405 0.275380 0.391801 0.332818
3389 0.043655 0.613706 0.342639
6598 0.339281 0.093504 0.567215
7452 0.677832 0.297978 0.024191
6596 0.003744 0.374486 0.621771
11992 0.443349 0.444011 0.112640
11607 0.672996 0.022582 0.304422
7150 0.043769 0.033362 0.922868
7550 0.016325 0.681471 0.302204
11663 0.162378 0.190973 0.646649
11775 0.259757 0.100191 0.640052
7172 0.100981 0.546683 0.352335
11504 0.209238 0.535174 0.255588
7382 0.069294 0.272766 0.657941
11487 0.148718 0.696104 0.155178
877 0.767750 0.229118 0.003133
7633 0.583074 0.170851 0.246075
19848 0.171442 0.813862 0.014695
926 0.966302 0.014662 0.019036
7482 0.268454 0.589602 0.141944
12093 0.969745 0.024668 0.005586
19783 0.036110 0.845445 0.118445
7634 0.201832 0.206513 0.591654
7643 0.231479 0.248990 0.519531
7457 0.236206 0.072888 0.690907
7595 0.690126 0.047626 0.262248
11555 0.035028 0.448754 0.516218
19852 0.054800 0.067549 0.877651
944 0.701163 0.173160 0.125677
7399 0.052030 0.442834 0.505136
922 0.060628 0.335372 0.604000
11554 0.171705 0.816983 0.011313
19837 0.571867 0.037487 0.390645
11525 0.647799 0.060124 0.292076
649 0.800280 0.106699 0.093022
15687 0.394552 0.104764 0.500685
15699 0.102525 0.044940 0.852535
18702 0.008038 0.089255 0.902707
19917 0.051541 0.293622 0.654837
20044 0.023380 0.777002 0.199618
4250 0.214923 0.785077 0.000000
4252 0.486969 0.249611 0.263419
845 0.015543 0.233905 0.750552
19862 0.259190 0.111713 0.629098
898 0.912875 0.073428 0.013696
15874 0.372510 0.139354 0.488136
4244 0.591726 0.124957 0.283317
3562 0.607570 0.017084 0.375346
15641 0.460744 0.023145 0.516112
15693 0.743000 0.040106 0.216894
829 0.417848 0.033033 0.549119
3769 0.113424 0.014736 0.871840
15910 0.159386 0.054852 0.785762
7338 0.050462 0.650617 0.298921
4280 0.064472 0.288270 0.647258
685 0.411955 0.513703 0.074342
4268 0.430462 0.306745 0.262793
20097 0.134207 0.686786 0.179007
19880 0.700252 0.114816 0.184932
6533 0.939959 0.044876 0.015165
896 0.696538 0.287475 0.015986
7348 0.022855 0.636245 0.340900
889 0.297128 0.492231 0.210641
947 0.086337 0.447688 0.465974
937 0.099915 0.702381 0.197704
7351 0.126861 0.786559 0.086580
894 0.128919 0.835842 0.035239
11722 0.832241 0.041237 0.126522
12030 0.023219 0.413657 0.563123
12038 0.432158 0.510642 0.057200
12034 0.430346 0.473090 0.096564
18333 0.026866 0.206039 0.767095
3316 0.185348 0.330793 0.483859
15368 0.147586 0.259022 0.593392
3285 0.641418 0.307229 0.051353
18207 0.279856 0.382204 0.337940
3324 0.244353 0.145597 0.610050
15328 0.871864 0.091784 0.036352
17452 0.040962 0.159986 0.799051
3279 0.197620 0.656962 0.145418
17412 0.355289 0.196102 0.448609
17450 0.086815 0.805870 0.107316
18747 0.063656 0.651185 0.285159
2788 0.279533 0.411775 0.308693
17522 0.388035 0.221425 0.390540
15531 0.084507 0.023160 0.892334
18570 0.312880 0.387375 0.299745
18514 0.693486 0.080239 0.226276
1265 0.190596 0.654570 0.154834
1178 0.212763 0.036718 0.750519
15435 0.180804 0.370714 0.448482
2838 0.126112 0.702414 0.171474
17437 0.324824 0.577183 0.097993
2789 0.235106 0.102228 0.662667
6859 0.125397 0.644079 0.230525
2563 0.274499 0.477494 0.248007
2697 0.122085 0.053009 0.824906
17433 0.597243 0.211348 0.191409
18913 0.304925 0.575784 0.119291
578 0.723668 0.119904 0.156428
560 0.672549 0.221482 0.105969
18959 0.326371 0.294506 0.379124
7007 0.839982 0.085920 0.074098
18532 0.556863 0.052362 0.390775
6962 0.853350 0.010602 0.136048
18572 0.626481 0.117795 0.255724
1256 0.194877 0.562722 0.242401
18520 0.191907 0.037472 0.770621
6858 0.378955 0.621045 0.000000
18860 0.394925 0.301479 0.303596
635 0.466538 0.529919 0.003543
6941 0.248950 0.517041 0.234009
6968 0.069583 0.571478 0.358939
6749 0.588452 0.342309 0.069239
2766 0.070014 0.760307 0.169679
3612 0.246189 0.192687 0.561125
632 0.532312 0.427268 0.040420
601 0.587269 0.407870 0.004861
615 0.387184 0.337830 0.274986
18655 0.762760 0.080782 0.156459
18636 0.540206 0.269762 0.190032
6754 0.808061 0.123838 0.068101
542 0.720277 0.007056 0.272667
19082 0.787529 0.114671 0.097800
18905 0.109676 0.869195 0.021128
18953 0.886771 0.068913 0.044317
372 0.687178 0.194844 0.117978
18643 0.004584 0.637130 0.358286
6764 0.039668 0.805294 0.155037
87 0.292468 0.013088 0.694444
6766 0.056050 0.937105 0.006846
18076 0.322237 0.008182 0.669582
6827 0.172773 0.463166 0.364061
18832 0.775864 0.194920 0.029216
4189 0.137830 0.215685 0.646485
19029 0.115010 0.578967 0.306023
18975 0.746494 0.011443 0.242062
11943 0.244065 0.392258 0.363677
6645 0.015882 0.390789 0.593329
11950 0.136558 0.603227 0.260215
18704 0.429376 0.415508 0.155116
5564 0.141341 0.166615 0.692044
11869 0.107377 0.292473 0.600150
7270 0.427820 0.018827 0.553353
12578 0.053507 0.385041 0.561452
12492 0.646507 0.008849 0.344644
7295 0.135149 0.159285 0.705566
12595 0.100863 0.827982 0.071155
7304 0.298912 0.658181 0.042906
6630 0.256982 0.608557 0.134461
7274 0.214756 0.414973 0.370271
11827 0.098389 0.882260 0.019351
6620 0.049130 0.378137 0.572733
11940 0.263227 0.282438 0.454335
11956 0.558909 0.105952 0.335138
1163 0.123503 0.168889 0.707608
7059 0.089430 0.827601 0.082969
18063 0.611854 0.173089 0.215057
145 0.463828 0.277931 0.258241
6935 0.096017 0.645291 0.258692
18119 0.390593 0.438890 0.170517
261 0.316267 0.644219 0.039514
274 0.151915 0.009467 0.838618
13 0.657744 0.333956 0.008300
17873 0.061141 0.368103 0.570756
17929 0.034745 0.283758 0.681497
18105 0.578647 0.227290 0.194063
278 0.131840 0.360619 0.507541
19077 0.842890 0.028015 0.129095
18025 0.387744 0.220604 0.391651
30 0.191588 0.547936 0.260476
19966 0.528899 0.136329 0.334771
18054 0.421231 0.106970 0.471799
18040 0.179855 0.261742 0.558403
305 0.756503 0.188036 0.055461
3191 0.182383 0.528594 0.289024
18028 0.407035 0.250740 0.342225
668 0.604571 0.050480 0.344949
20065 0.168236 0.083425 0.748339
6812 0.000760 0.344341 0.654899
6838 0.167055 0.690094 0.142851
6853 0.095498 0.351852 0.552649
12505 0.056673 0.036851 0.906476
6541 0.355945 0.056766 0.587289
12483 0.420558 0.532578 0.046865
12718 0.389772 0.298642 0.311586
17914 0.438874 0.167843 0.393283
150 0.211312 0.034876 0.753812
20375 0.049003 0.274568 0.676429
15570 0.056314 0.596342 0.347344
2691 0.238041 0.241376 0.520582
2607 0.625828 0.152467 0.221705
2709 0.356708 0.388341 0.254951
506 0.203535 0.117437 0.679028
517 0.343842 0.480207 0.175951
6714 0.199451 0.617529 0.183020
17892 0.006022 0.210963 0.783014
3615 0.048888 0.189293 0.761819
1055 0.699159 0.299372 0.001469
17516 0.649416 0.072537 0.278047
180 0.140126 0.331430 0.528444
235 0.464225 0.518138 0.017637
168 0.549884 0.272130 0.177987
17999 0.318642 0.662866 0.018492
17942 0.013290 0.266274 0.720436
20133 0.009519 0.974940 0.015541
4918 0.217910 0.189349 0.592741
4443 0.029417 0.872580 0.098002
17888 0.634969 0.012887 0.352145
1113 0.127244 0.826099 0.046657
733 0.510904 0.368589 0.120507
20169 0.024304 0.014061 0.961635
20255 0.878167 0.001429 0.120404
4390 0.129474 0.629011 0.241515
19995 0.347676 0.025439 0.626885
3514 0.818240 0.082736 0.099025
4425 0.051275 0.574194 0.374531
757 0.285251 0.584925 0.129824
3488 0.301161 0.534462 0.164377
20007 0.468074 0.053003 0.478923
4381 0.363728 0.446697 0.189575
20148 0.864931 0.102870 0.032199
19484 0.212759 0.167839 0.619402
19493 0.679624 0.024674 0.295702
3875 0.462202 0.470594 0.067203
3475 0.088840 0.056442 0.854718
723 0.412205 0.226947 0.360848
4931 0.452638 0.542434 0.004928
3479 0.091190 0.369530 0.539280
4523 0.245637 0.036601 0.717762
4950 0.054797 0.556504 0.388699
19464 0.450140 0.128142 0.421718
19503 0.639251 0.211878 0.148871
19773 0.103241 0.175511 0.721248
4847 0.004417 0.607347 0.388236
4787 0.172390 0.307639 0.519971
19765 0.422090 0.289748 0.288162
19720 0.622041 0.132640 0.245319
19736 0.692880 0.278554 0.028567
4858 0.366249 0.349844 0.283907
5043 0.388423 0.013028 0.598549
4568 0.292271 0.625172 0.082557
17289 0.323922 0.301415 0.374663
5028 0.129053 0.100739 0.770208
5100 0.253581 0.497298 0.249121
17283 0.618792 0.229060 0.152148
3900 0.637596 0.330723 0.031680
4943 0.750315 0.016849 0.232836
20099 0.535694 0.327623 0.136684
19348 0.099160 0.040508 0.860332
19705 0.572630 0.236057 0.191312
1057 0.228955 0.108298 0.662747
15996 0.827188 0.061710 0.111102
3908 0.347785 0.010056 0.642159
19143 0.314256 0.682757 0.002987
19455 0.462619 0.171745 0.365635
4119 0.328328 0.650123 0.021549
3013 0.371237 0.437953 0.190810
4720 0.422462 0.367295 0.210244
16027 0.750854 0.071092 0.178054
3837 0.147298 0.217216 0.635486
4713 0.189998 0.710066 0.099936
4126 0.019389 0.865540 0.115071
3832 0.622524 0.068562 0.308914
4078 0.524274 0.390844 0.084882
16109 0.889403 0.010624 0.099974
4100 0.155409 0.002428 0.842163
3453 0.339348 0.621319 0.039333
17271 0.488087 0.408590 0.103323
4873 0.460282 0.296583 0.243135
3239 0.113128 0.663252 0.223620
15803 0.616010 0.338281 0.045709
3596 0.224348 0.761021 0.014632
3879 0.037809 0.881398 0.080793
3597 0.964098 0.035902 0.000000
15805 0.000000 0.254014 0.745986
3999 0.000000 0.289492 0.710508
4016 0.096398 0.120805 0.782797
19264 0.603519 0.000000 0.396481
4984 0.864501 0.090458 0.045041
3598 0.579862 0.134209 0.285928
17293 0.251191 0.038057 0.710752
4007 0.045418 0.184233 0.770349
17280 0.811825 0.164954 0.023220
3985 0.161748 0.519954 0.318298
19426 0.233950 0.255868 0.510182
3845 0.154413 0.087815 0.757772
19330 0.533582 0.412828 0.053590
17341 0.178413 0.000047 0.821540
10047 0.514833 0.265299 0.219868
19331 0.807058 0.091023 0.101919
4777 0.247144 0.193171 0.559685
3953 0.303828 0.311304 0.384868
3116 0.214431 0.257336 0.528233
16280 0.832227 0.117029 0.050744
4637 0.773541 0.226459 0.000000
16072 0.015371 0.518888 0.465741
16188 0.090062 0.450218 0.459719
2943 0.497539 0.292225 0.210236
16067 0.755948 0.189988 0.054064
16270 0.324764 0.091544 0.583691
16549 0.210956 0.216727 0.572317
4684 0.427867 0.129252 0.442882
16550 0.772014 0.196535 0.031451
4641 0.556626 0.376229 0.067145
16039 0.343534 0.410816 0.245650
16275 0.287281 0.106766 0.605953
16486 0.168756 0.562410 0.268834
2934 0.647825 0.008854 0.343321
2874 0.353961 0.242724 0.403315
2961 0.482040 0.267770 0.250190
4682 0.389313 0.361048 0.249640
4760 0.649627 0.003858 0.346515
16044 0.444239 0.478556 0.077206
16294 0.327931 0.143299 0.528770
17287 0.690618 0.119685 0.189697
3029 0.020052 0.113174 0.866774
3499 0.584453 0.184116 0.231431
4756 0.033121 0.279736 0.687142
16099 0.061662 0.225160 0.713178
4697 0.230163 0.578804 0.191033
2911 0.441235 0.402868 0.155897
16394 0.049913 0.408724 0.541363
3032 0.021833 0.133530 0.844637
16349 0.248574 0.247499 0.503928
16517 0.635766 0.311819 0.052415
16342 0.424973 0.519842 0.055185
2923 0.819935 0.122247 0.057819
16308 0.470336 0.101338 0.428326
16336 0.319549 0.082724 0.597727
4321 0.007008 0.372007 0.620984
8873 0.371102 0.628898 0.000000
4318 0.436093 0.024079 0.539828
4346 0.000000 0.748012 0.251988
20237 0.130987 0.482012 0.387001
18413 0.537562 0.397456 0.064982
20363 0.490588 0.200836 0.308576
1039 0.435889 0.367798 0.196313
18360 0.152277 0.170675 0.677048
3484 0.334087 0.227765 0.438148
19307 0.521281 0.400466 0.078252
17893 0.364726 0.156473 0.478801
1029 0.216260 0.338520 0.445220
4346 0.000000 0.508549 0.491451
15983 0.595689 0.273103 0.131208
3028 0.059671 0.595705 0.344624
17121 0.198519 0.765519 0.035963
13349 0.364321 0.414202 0.221477
12159 0.347294 0.305491 0.347215
12149 0.893163 0.095793 0.011044
12156 0.070282 0.308221 0.621496
16907 0.672519 0.181350 0.146131
16711 0.193593 0.412184 0.394223
16748 0.195497 0.698092 0.106411
16634 0.446516 0.505250 0.048235
16645 0.314461 0.100619 0.584920
16676 0.347493 0.154094 0.498413
1953 0.142659 0.644590 0.212752
16725 0.019104 0.020411 0.960485
2065 0.433926 0.084957 0.481117
16703 0.126110 0.200707 0.673183
16696 0.059149 0.628768 0.312083
2451 0.290855 0.155231 0.553914
16648 0.311089 0.409594 0.279316
2397 0.056017 0.573725 0.370258
2453 0.359998 0.548171 0.091831
2465 0.080561 0.598552 0.320886
12265 0.635117 0.328974 0.035908
12146 0.023433 0.375792 0.600774
7819 0.424732 0.310308 0.264960
16690 0.252094 0.359439 0.388467
1928 0.722744 0.170217 0.107039
1477 0.149652 0.305925 0.544423
12268 0.168051 0.262340 0.569609
16702 0.893013 0.075366 0.031620
2070 0.332915 0.431086 0.235999
16688 0.573782 0.345222 0.080996
17561 0.334565 0.386096 0.279339
17560 0.215863 0.312350 0.471786
17606 0.018429 0.910712 0.070859
16805 0.133517 0.362427 0.504056
2301 0.186318 0.527881 0.285801
2297 0.040691 0.604913 0.354396
16662 0.325084 0.084713 0.590203
2435 0.066289 0.175705 0.758006
12275 0.752193 0.075689 0.172119
12276 0.104538 0.658139 0.237323
12277 0.479951 0.440154 0.079895
9775 0.049775 0.733865 0.216359
16698 0.098993 0.360447 0.540560
16704 0.208866 0.366809 0.424325
1509 0.244504 0.088648 0.666848
1510 0.045294 0.198732 0.755974
17588 0.130281 0.224941 0.644778
2058 0.360852 0.531951 0.107198
2055 0.390600 0.324184 0.285216
17610 0.485691 0.387446 0.126863
17819 0.490116 0.265004 0.244879
1447 0.156270 0.085910 0.757820
1444 0.214108 0.596285 0.189608
1489 0.462522 0.413024 0.124454
17608 0.601125 0.369270 0.029605
17618 0.356114 0.163047 0.480839
1492 0.932944 0.033907 0.033149
17614 0.781938 0.214792 0.003270
17583 0.546687 0.256319 0.196994
2231 0.075622 0.367817 0.556560
17568 0.250578 0.257458 0.491965
17569 0.095581 0.699249 0.205170
17576 0.350937 0.030091 0.618972
17572 0.595384 0.030370 0.374246
2324 0.018696 0.674196 0.307108
16763 0.140731 0.521908 0.337361
16787 0.117992 0.060037 0.821971
2331 0.880250 0.092788 0.026962
16738 0.003496 0.168578 0.827926
16740 0.048519 0.923734 0.027747
2037 0.319085 0.662643 0.018271
1483 0.066762 0.222566 0.710672
1999 0.057008 0.686268 0.256724
2010 0.248469 0.629642 0.121889
16612 0.251894 0.022941 0.725165
2005 0.091326 0.134292 0.774382
2044 0.743593 0.045218 0.211189
9789 0.038854 0.581505 0.379641
15294 0.849848 0.087717 0.062435
16616 0.023074 0.525638 0.451287
2441 0.632324 0.313045 0.054632
2449 0.940161 0.039517 0.020322
2033 0.706813 0.274608 0.018579
2061 0.293486 0.533120 0.173395
1950 0.002893 0.689574 0.307534
16685 0.479105 0.284915 0.235979
16660 0.029015 0.792590 0.178395
1938 0.792521 0.207479 0.000000
1935 0.710157 0.275104 0.014740
2018 0.307857 0.532365 0.159778
2459 0.315284 0.441097 0.243619
2456 0.125276 0.381527 0.493197
1971 0.565864 0.295272 0.138864
1991 0.147201 0.713710 0.139088
2069 0.040891 0.924094 0.035015
16716 0.317025 0.193502 0.489474
16727 0.606605 0.325825 0.067570
2041 0.570309 0.241144 0.188546
16807 0.101194 0.372219 0.526587
2275 0.408415 0.566658 0.024927
2488 0.236185 0.591816 0.171999
2490 0.040319 0.871778 0.087903
2047 0.250901 0.694545 0.054554
2048 0.400928 0.465295 0.133777
16811 0.031055 0.872585 0.096360
16814 0.160601 0.832269 0.007130
16825 0.271757 0.148618 0.579625
2390 0.388159 0.531244 0.080597
2350 0.309220 0.164272 0.526508
2308 0.814772 0.004826 0.180403
16760 0.549236 0.034935 0.415829
16881 0.361910 0.283185 0.354905
16882 0.123166 0.425573 0.451261
16883 0.675516 0.104156 0.220328
2535 0.285383 0.228632 0.485985
2486 0.301810 0.065588 0.632603
2518 0.157867 0.608297 0.233836
2519 0.164705 0.289921 0.545373
8263 0.842502 0.016649 0.140850
16842 0.147953 0.441980 0.410067
16841 0.153736 0.716737 0.129527
8283 0.132241 0.059085 0.808674
8291 0.054626 0.891914 0.053460
8253 0.038381 0.605536 0.356083
8275 0.035725 0.301096 0.663179
14689 0.028301 0.876955 0.094744
17226 0.017457 0.718588 0.263955
2424 0.560885 0.433780 0.005335
2481 0.269024 0.074692 0.656284
16779 0.223866 0.750840 0.025294
16753 0.854330 0.079671 0.065999
2381 0.260104 0.404909 0.334987
17682 0.678316 0.253281 0.068402
17551 0.552536 0.187292 0.260173
16755 0.179175 0.811087 0.009738
2480 0.037605 0.075778 0.886617
16776 0.874951 0.052284 0.072765
2520 0.478621 0.325307 0.196072
16887 0.589425 0.085903 0.324672
2531 0.075164 0.596830 0.328005
16866 0.164574 0.780953 0.054473
2533 0.218483 0.276145 0.505372
16822 0.689989 0.176891 0.133120
16815 0.229087 0.046053 0.724860
2514 0.966135 0.005431 0.028433
16901 0.791833 0.076804 0.131363
8280 0.125131 0.429410 0.445459
14680 0.832364 0.128311 0.039325
8279 0.159947 0.623043 0.217010
2541 0.940067 0.051180 0.008753
2530 0.259255 0.740054 0.000692
2530 0.680263 0.250589 0.069148
16775 0.658468 0.306578 0.034953
16775 0.102919 0.359521 0.537560
16777 0.509253 0.390137 0.100610
16773 0.008887 0.831632 0.159481
16773 0.049359 0.245647 0.704994
16750 0.166920 0.809347 0.023733
2508 0.696019 0.229444 0.074537
16749 0.494929 0.320292 0.184779
2492 0.591949 0.376563 0.031489
2421 0.020687 0.114025 0.865288
14747 0.843379 0.034715 0.121906
14744 0.516744 0.091272 0.391984
14751 0.123744 0.732815 0.143441
14743 0.105847 0.177350 0.716803
8260 0.404687 0.589275 0.006038
8260 0.102222 0.218483 0.679295
8265 0.134213 0.527101 0.338686
8264 0.159798 0.820723 0.019478
14745 0.403365 0.363124 0.233511
8267 0.053752 0.402398 0.543850
14748 0.467041 0.476683 0.056276
8277 0.334134 0.105568 0.560297
16840 0.444700 0.490759 0.064541
16839 0.467254 0.246850 0.285896
2428 0.136007 0.698207 0.165786
2428 0.188039 0.001492 0.810469
2427 0.521335 0.245432 0.233234
2294 0.224337 0.703104 0.072559
2295 0.249982 0.436251 0.313767
8285 0.235314 0.255536 0.509149
8228 0.319070 0.138016 0.542914
14694 0.136795 0.692555 0.170649
8232 0.291788 0.524858 0.183354
14733 0.308999 0.422175 0.268826
8252 0.578134 0.141065 0.280801
14716 0.166070 0.491737 0.342194
14715 0.238904 0.207347 0.553749
8172 0.770597 0.203699 0.025704
2471 0.202027 0.074509 0.723464
16868 0.756944 0.172474 0.070583
2413 0.308827 0.548270 0.142902
2413 0.728511 0.191814 0.079675
8261 0.059621 0.591653 0.348726
16898 0.709596 0.047061 0.243343
16898 0.053313 0.034784 0.911903
5280 0.553654 0.221196 0.225150
10529 0.639521 0.064489 0.295990
5415 0.860485 0.000651 0.138864
2526 0.080456 0.032480 0.887065
2526 0.066922 0.815405 0.117673
2527 0.114457 0.626212 0.259331
14754 0.202977 0.780148 0.016876
8248 0.003786 0.007565 0.988649
14705 0.241666 0.209347 0.548986
7756 0.339676 0.073876 0.586448
7757 0.466749 0.053830 0.479421
10785 0.405965 0.592901 0.001133
13566 0.661107 0.092889 0.246004
13578 0.658174 0.044457 0.297370
13594 0.677152 0.130577 0.192271
14802 0.606115 0.058256 0.335628
14795 0.284176 0.044046 0.671778
14938 0.561362 0.286518 0.152121
8191 0.048219 0.576262 0.375518
8176 0.057122 0.569652 0.373226
14977 0.600189 0.113415 0.286396
14979 0.295424 0.169719 0.534857
13560 0.066543 0.112614 0.820843
13560 0.875147 0.076875 0.047978
7984 0.333361 0.503416 0.163223
8049 0.641970 0.068309 0.289721
14824 0.327765 0.039322 0.632913
8021 0.058788 0.522890 0.418322
14821 0.060141 0.209420 0.730438
14816 0.403063 0.316238 0.280699
8033 0.742011 0.012445 0.245544
7986 0.041225 0.133917 0.824857
14786 0.065297 0.149672 0.785031
14787 0.298764 0.337627 0.363609
7987 0.611278 0.180755 0.207967
7982 0.299104 0.383602 0.317294
7981 0.109822 0.386711 0.503466
7978 0.796148 0.118664 0.085189
7980 0.100125 0.064238 0.835636
14765 0.708816 0.208932 0.082252
14767 0.246103 0.289687 0.464209
14817 0.149365 0.814285 0.036350
8007 0.302659 0.679825 0.017515
8148 0.603188 0.322130 0.074682
10780 0.088279 0.020181 0.891539
5322 0.747910 0.220262 0.031828
1411 0.144896 0.413936 0.441167
8141 0.577508 0.418803 0.003688
14758 0.576062 0.138221 0.285716
14759 0.009311 0.546726 0.443963
8041 0.094871 0.335437 0.569692
10777 0.081079 0.535214 0.383707
5338 0.006741 0.782203 0.211056
10782 0.110290 0.850529 0.039180
15194 0.037545 0.383291 0.579164
8192 0.356487 0.157722 0.485791
10769 0.548952 0.286799 0.164249
5325 0.011713 0.075153 0.913134
5335 0.027194 0.494476 0.478330
5336 0.068476 0.826254 0.105270
15206 0.568070 0.235920 0.196010
8005 0.821730 0.135824 0.042446
15195 0.305842 0.154625 0.539533
5326 0.482920 0.090592 0.426488
5303 0.197681 0.247177 0.555142
10775 0.499171 0.081599 0.419230
10784 0.159150 0.385227 0.455623
5340 0.703830 0.010238 0.285932
5332 0.596306 0.090206 0.313488
5387 0.190671 0.402414 0.406914
10592 0.384259 0.462880 0.152860
10604 0.751230 0.218881 0.029889
16897 0.108981 0.189231 0.701788
16897 0.031258 0.576104 0.392638
5300 0.020552 0.810677 0.168771
8053 0.687184 0.222542 0.090274
15212 0.222057 0.107493 0.670449
8219 0.156673 0.145050 0.698277
14696 0.659556 0.326462 0.013982
14827 0.320875 0.626630 0.052495
14828 0.198569 0.240242 0.561188
10787 0.159419 0.838688 0.001893
5328 0.074625 0.505069 0.420306
5328 0.038396 0.046347 0.915257
5277 0.594699 0.376005 0.029296
5273 0.073522 0.064844 0.861634
5273 0.177755 0.706587 0.115658
10799 0.704271 0.130924 0.164804
10795 0.454791 0.140378 0.404832
5324 0.075355 0.086896 0.837749
10541 0.251633 0.015632 0.732734
5301 0.027057 0.920877 0.052065
5399 0.242364 0.075750 0.681886
2252 0.482417 0.409314 0.108269
17633 0.954698 0.012740 0.032562
2251 0.102136 0.284976 0.612887
14698 0.125985 0.240376 0.633639
15211 0.281296 0.329165 0.389539
8115 0.717876 0.159022 0.123103
8093 0.733036 0.133273 0.133692
15172 0.055751 0.707830 0.236419
14798 0.220930 0.327430 0.451640
8209 0.037803 0.087695 0.874502
8205 0.820839 0.104187 0.074974
5279 0.653035 0.133789 0.213177
8103 0.261064 0.128022 0.610915
15166 0.034780 0.104084 0.861136
15166 0.027191 0.750833 0.221975
8117 0.758277 0.161285 0.080438
8116 0.791335 0.130053 0.078612
8237 0.776595 0.059183 0.164222
8123 0.206351 0.165055 0.628594
8247 0.187728 0.545325 0.266947
14807 0.104892 0.156323 0.738786
8124 0.057813 0.794085 0.148102
15169 0.095406 0.441510 0.463084
15171 0.003637 0.176150 0.820213
8130 0.432391 0.135978 0.431631
15163 0.638937 0.304908 0.056155
8131 0.009671 0.729657 0.260672
1407 0.101971 0.494286 0.403743
1406 0.833460 0.018108 0.148431
1406 0.017844 0.793654 0.188501
1425 0.250187 0.541140 0.208673
1432 0.253117 0.591553 0.155329
1421 0.237247 0.458190 0.304563
8193 0.266850 0.031395 0.701755
8182 0.784764 0.172792 0.042444
14975 0.231792 0.298407 0.469801
1427 0.280807 0.484585 0.234608
5320 0.300369 0.425036 0.274595
5312 0.307138 0.344234 0.348628
1396 0.064858 0.544599 0.390543
1402 0.236997 0.321118 0.441886
13635 0.316506 0.463745 0.219750
14832 0.161442 0.207255 0.631303
8154 0.003194 0.151248 0.845558
14729 0.142946 0.803603 0.053451
13573 0.779353 0.146154 0.074493
1431 0.013858 0.884514 0.101628
8187 0.054078 0.846091 0.099831
2266 0.111869 0.263865 0.624265
2265 0.673768 0.252410 0.073823
14717 0.024283 0.963577 0.012140
14717 0.582490 0.317552 0.099957
14718 0.042408 0.425136 0.532456
14718 0.468377 0.457097 0.074525
17630 0.088669 0.815937 0.095394
17630 0.055387 0.061914 0.882699
17627 0.036341 0.322899 0.640760
16905 0.647761 0.328378 0.023861
16905 0.223385 0.243911 0.532704
16900 0.146186 0.230617 0.623197
2239 0.460684 0.441066 0.098250
2234 0.324151 0.595724 0.080125
2235 0.173371 0.740631 0.085998
14739 0.258444 0.350519 0.391038
8258 0.016815 0.272408 0.710776
14736 0.323857 0.646453 0.029690
14714 0.492520 0.300183 0.207297
17648 0.672748 0.324189 0.003063
2246 0.666146 0.236210 0.097644
17650 0.172319 0.720604 0.107077
17650 0.125032 0.073108 0.801860
17654 0.074062 0.412625 0.513312
2241 0.170359 0.545716 0.283925
2244 0.169433 0.292600 0.537966
8256 0.204007 0.094018 0.701975
2321 0.115755 0.789436 0.094809
17632 0.131982 0.786902 0.081116
17631 0.181409 0.708834 0.109757
14740 0.178151 0.032665 0.789185
14702 0.130278 0.369743 0.499979
8274 0.084155 0.611272 0.304573
16873 0.000644 0.025804 0.973551
2545 0.033734 0.050857 0.915409
2542 0.053296 0.085932 0.860772
14731 0.233367 0.714012 0.052621
8171 0.295321 0.522493 0.182186
8171 0.301890 0.014708 0.683402
2246 0.065361 0.185302 0.749337
16906 0.273155 0.542233 0.184612
16804 0.278577 0.166225 0.555198
14728 0.226215 0.138412 0.635373
14728 0.693912 0.122898 0.183189
14727 0.063012 0.121862 0.815126
8166 0.233380 0.262472 0.504148
14726 0.571896 0.345989 0.082115
8165 0.000670 0.648166 0.351164
2315 0.598767 0.203081 0.198152
2359 0.280108 0.359811 0.360081
17695 0.068808 0.750159 0.181033
2257 0.709141 0.227418 0.063440
17637 0.108813 0.224983 0.666203
17638 0.241997 0.239581 0.518422
2353 0.073691 0.247980 0.678328
17701 0.364902 0.295587 0.339510
2354 0.295938 0.103501 0.600561
17639 0.161069 0.118917 0.720014
2255 0.870398 0.085037 0.044565
17640 0.795163 0.157903 0.046933
14687 0.340675 0.155139 0.504186
14688 0.353758 0.536263 0.109979
8262 0.100868 0.255508 0.643625
2385 0.307786 0.317625 0.374589
2387 0.201178 0.117653 0.681169
17667 0.133936 0.257786 0.608277
2388 0.441984 0.244280 0.313736
17673 0.561034 0.382317 0.056649
17676 0.615729 0.229232 0.155039
2379 0.335735 0.664265 0.000000
16767 0.096089 0.106773 0.797137
2491 0.052449 0.365257 0.582294
17671 0.292198 0.389198 0.318604
17672 0.326605 0.120852 0.552543
2382 0.200366 0.274397 0.525237
1482 0.221387 0.633964 0.144649
17694 0.476952 0.418458 0.104590
2361 0.149572 0.173950 0.676478
17702 0.854714 0.074258 0.071028
2366 0.637975 0.168231 0.193793
2313 0.518485 0.031140 0.450375
13230 0.120287 0.126849 0.752864
5257 0.099136 0.513940 0.386924
12299 0.059916 0.783219 0.156865
7705 0.219852 0.515353 0.264796
5781 0.189200 0.183644 0.627156
6298 0.426047 0.532818 0.041135
10523 0.949975 0.016080 0.033946
10516 0.070246 0.577924 0.351830
5779 0.473010 0.437405 0.089585
5222 0.474018 0.239349 0.286633
5222 0.132211 0.100691 0.767098
12318 0.546575 0.215336 0.238089
13100 0.695326 0.033408 0.271265
7896 0.040162 0.386275 0.573563
12285 0.020722 0.268724 0.710553
5245 0.257117 0.695279 0.047604
5126 0.301314 0.544146 0.154540
5126 0.834958 0.062294 0.102748
10343 0.244210 0.505528 0.250263
6254 0.111616 0.644157 0.244228
10220 0.543011 0.155367 0.301622
10302 0.164129 0.598764 0.237107
10306 0.666616 0.253855 0.079528
10236 0.190426 0.218740 0.590834
11262 0.358546 0.290639 0.350815
6242 0.583480 0.176161 0.240359
10249 0.233463 0.080041 0.686496
5197 0.493638 0.034128 0.472233
5237 0.049304 0.917964 0.032732
12358 0.501585 0.440699 0.057716
12342 0.039092 0.288808 0.672099
12342 0.190161 0.766264 0.043574
5236 0.652754 0.096903 0.250343
12357 0.083414 0.750814 0.165772
5238 0.323465 0.533449 0.143086
12315 0.482158 0.223789 0.294053
6364 0.229508 0.266115 0.504377
