9889 0.070188 0.305945 0.623867
14241 0.113201 0.639498 0.247301
9705 0.606302 0.148875 0.244823
12417 0.202453 0.468254 0.329293
14436 0.557657 0.339344 0.102999
5738 0.335432 0.377834 0.286734
9020 0.391759 0.132281 0.475961
9576 0.364387 0.122468 0.513145
11016 0.082541 0.287738 0.629721
10916 0.375576 0.555658 0.068766
11468 0.041427 0.273096 0.685476
14630 0.558129 0.183801 0.258070
14491 0.161830 0.223495 0.614675
15107 0.422462 0.071173 0.506365
9861 0.344445 0.537182 0.118373
9986 0.195184 0.248742 0.556074
12131 0.759608 0.223338 0.017054
13316 0.664623 0.240233 0.095144
9756 0.417824 0.284261 0.297915
12890 0.304940 0.010988 0.684072
12362 0.101123 0.300872 0.598005
8667 0.187156 0.534688 0.278157
13139 0.449526 0.264497 0.285977
7788 0.885906 0.000000 0.114094
12941 0.370211 0.551456 0.078334
13042 0.198393 0.148083 0.653524
1739 0.265162 0.054248 0.680591
1727 0.073579 0.698181 0.228240
14967 0.282023 0.322091 0.395886
1746 0.194480 0.408978 0.396542
17841 0.534442 0.012726 0.452833
1830 0.062091 0.116803 0.821106
14862 0.461538 0.375551 0.162911
13999 0.320019 0.064016 0.615965
12966 0.221655 0.275646 0.502700
8519 0.456938 0.138466 0.404595
12799 0.363993 0.068484 0.567523
2170 0.087540 0.034746 0.877714
8510 0.520161 0.447517 0.032323
2013 0.607225 0.051971 0.340804
2397 0.290933 0.399969 0.309098
17592 0.211898 0.246150 0.541951
17815 0.353603 0.008843 0.637554
13510 0.264658 0.460266 0.275076
13938 0.373789 0.096897 0.529314
12272 0.576198 0.351969 0.071833
17596 0.192963 0.583776 0.223261
17619 0.186026 0.670436 0.143537
2070 0.033403 0.897595 0.069002
8807 0.494781 0.460570 0.044648
17148 0.187849 0.691414 0.120738
17769 0.117790 0.290974 0.591236
17774 0.883994 0.030480 0.085526
-1 0.000000 0.000000 0.000000
-1 0.000000 0.000000 0.000000
13035 0.489227 0.230636 0.280137
8773 0.003930 0.457134 0.538936
9651 0.209437 0.092665 0.697898
5975 0.324714 0.257639 0.417647
9371 0.761417 0.144183 0.094400
6192 0.803656 0.164861 0.031483
8447 0.894720 0.015967 0.089313
8403 0.281322 0.371661 0.347017
8821 0.294818 0.109233 0.595948
10126 0.746557 0.253443 0.000000
-1 0.000000 0.000000 0.000000
-1 0.000000 0.000000 0.000000
6052 0.176440 0.053436 0.770124
11297 0.296258 0.033249 0.670493
9662 0.706792 0.048150 0.245058
13489 0.166048 0.645982 0.187970
13487 0.124505 0.274053 0.601442
8803 0.263198 0.440288 0.296514
13846 0.557835 0.249753 0.192412
8562 0.006117 0.252584 0.741298
12778 0.020371 0.831602 0.148027
16978 0.814918 0.017308 0.167774
16998 0.839311 0.043794 0.116895
5717 0.539833 0.207777 0.252390
5485 0.192683 0.505917 0.301400
12910 0.419985 0.267997 0.312018
15013 0.157991 0.244621 0.597388
14338 0.247574 0.648315 0.104111
14334 0.580524 0.255096 0.164380
8972 0.820644 0.000000 0.179356
14035 0.378511 0.000000 0.621489
8885 0.000000 0.559111 0.440889
12902 0.259086 0.644985 0.095929
8686 0.097930 0.098543 0.803527
10108 0.445898 0.263527 0.290575
-1 0.000000 0.000000 0.000000
14055 0.273172 0.019884 0.706944
9085 0.437679 0.509462 0.052859
5628 0.084845 0.066806 0.848349
1987 0.175193 0.407967 0.416840
464 0.081754 0.525344 0.392902
9345 0.297916 0.600103 0.101980
9297 0.000000 0.617495 0.382505
10854 0.167558 0.749075 0.083367
9407 0.355860 0.039856 0.604284
10998 0.641426 0.281443 0.077130
9348 0.575380 0.150934 0.273685
1552 0.070543 0.199379 0.730078
5475 0.292204 0.000000 0.707796
1511 0.480725 0.000000 0.519275
2038 0.000000 0.303700 0.696300
16721 0.002917 0.705517 0.291565
2390 0.337015 0.554933 0.108053
8550 0.614668 0.326203 0.059129
13509 0.671479 0.177956 0.150565
13800 0.250326 0.113932 0.635742
13844 0.505333 0.277832 0.216834
16752 0.659344 0.022013 0.318643
2297 0.211600 0.368969 0.419431
2064 0.365528 0.592075 0.042397
16787 0.338985 0.249742 0.411273
2402 0.591555 0.202544 0.205901
8349 0.229515 0.668119 0.102366
13852 0.215298 0.777551 0.007152
14751 0.304883 0.402900 0.292217
2518 0.203643 0.123311 0.673046
2419 0.227197 0.772803 0.000000
8020 0.232833 0.199990 0.567177
8152 0.534374 0.347297 0.118330
15215 0.068854 0.875667 0.055479
8066 0.127698 0.771789 0.100513
14926 0.460083 0.038120 0.501797
14831 0.130642 0.381029 0.488329
8182 0.022194 0.482063 0.495743
2427 0.009530 0.294941 0.695529
17649 0.591977 0.050403 0.357620
14779 0.548245 0.039249 0.412505
14717 0.047491 0.163441 0.789068
16697 0.639295 0.102867 0.257838
16884 0.550190 0.405422 0.044388
2366 0.059879 0.248672 0.691449
17558 0.001695 0.054715 0.943590
1943 0.257591 0.016682 0.725727
1786 0.251300 0.310104 0.438596
13443 0.262988 0.494187 0.242824
7757 0.027510 0.401458 0.571032
8224 0.595448 0.090349 0.314203
13627 0.715389 0.275105 0.009506
10584 0.509691 0.265598 0.224711
17660 0.081459 0.467270 0.451271
17656 0.250384 0.588587 0.161029
14959 0.804449 0.043506 0.152046
8177 0.081915 0.442188 0.475897
8188 0.045204 0.085279 0.869518
1407 0.029857 0.682340 0.287803
5330 0.753078 0.108788 0.138134
10799 0.738244 0.197101 0.064655
13235 0.443398 0.491466 0.065137
13647 0.285633 0.256692 0.457675
13668 0.835553 0.009975 0.154472
1758 0.007135 0.865932 0.126933
11292 0.192504 0.519177 0.288319
11407 0.252556 0.577941 0.169503
8452 0.159223 0.386844 0.453933
1673 0.000000 0.399027 0.600973
9774 0.568353 0.172580 0.259068
-1 0.000000 0.000000 0.000000
-1 0.000000 0.000000 0.000000
-1 0.000000 0.000000 0.000000
15034 0.605486 0.074662 0.319852
9857 0.042030 0.246010 0.711960
14259 0.696308 0.210792 0.092900
12127 0.847755 0.107546 0.044698
14592 0.225219 0.566847 0.207934
1956 0.720030 0.105073 0.174898
17838 0.134840 0.302275 0.562886
5741 0.156314 0.161453 0.682233
17085 0.401213 0.521601 0.077186
17093 0.159442 0.424440 0.416118
7698 0.063232 0.541367 0.395401
17008 0.882651 0.109795 0.007554
17161 0.535975 0.123235 0.340790
5436 0.015087 0.604430 0.380483
17178 0.817267 0.143462 0.039271
9678 0.766148 0.113339 0.120513
9914 0.507553 0.403175 0.089272
12195 0.410316 0.279530 0.310155
14861 0.454808 0.427530 0.117662
13709 0.209403 0.309491 0.481106
1801 0.062404 0.862415 0.075181
8851 0.665093 0.040191 0.294716
7748 0.139600 0.607889 0.252511
8383 0.020697 0.014393 0.964910
16975 0.439508 0.539178 0.021314
17847 0.356719 0.371173 0.272109
13539 0.166817 0.487918 0.345264
8325 0.654150 0.122295 0.223555
17711 0.487308 0.114960 0.397732
2104 0.674593 0.132409 0.192998
8813 0.515056 0.380323 0.104621
13768 0.149983 0.240239 0.609778
13472 0.097814 0.635758 0.266428
8475 0.167072 0.573955 0.258974
1881 0.397263 0.275519 0.327217
8585 0.318574 0.195810 0.485616
8485 0.491678 0.188871 0.319451
9072 0.660473 0.018869 0.320658
8952 0.423875 0.020564 0.555562
14613 0.090349 0.448290 0.461361
14377 0.445869 0.096380 0.457751
14402 0.771527 0.152894 0.075578
9726 0.553158 0.351494 0.095347
14216 0.410561 0.283507 0.305933
9720 0.083617 0.396482 0.519901
16938 0.712520 0.134601 0.152879
9487 0.055928 0.819209 0.124863
10068 0.050690 0.630346 0.318964
16970 0.232660 0.421167 0.346173
442 0.000000 0.550762 0.449238
2549 0.169236 0.764702 0.066062
17670 0.286110 0.087833 0.626057
2325 0.476264 0.111149 0.412588
17643 0.555036 0.166504 0.278461
16887 0.378242 0.230250 0.391508
2545 0.540555 0.103764 0.355680
16902 0.086644 0.806311 0.107045
2269 0.135220 0.353343 0.511437
17665 0.066226 0.703611 0.230163
2053 0.344867 0.605355 0.049779
400 0.007200 0.971488 0.021312
16678 0.231297 0.193882 0.574821
1997 0.633680 0.132310 0.234010
8006 0.394929 0.174690 0.430381
1493 0.330898 0.200809 0.468293
15123 0.203934 0.653642 0.142424
14268 0.090944 0.643412 0.265644
9825 0.522168 0.183444 0.294388
14995 0.026027 0.190351 0.783621
9837 0.052802 0.095233 0.851965
8631 0.126766 0.573728 0.299506
2022 0.557454 0.065495 0.377051
16747 0.000000 0.854234 0.145766
8243 0.685070 0.296857 0.018074
15160 0.553130 0.104769 0.342100
8042 0.183034 0.355979 0.460987
8616 0.012434 0.914683 0.072883
7863 0.099914 0.217042 0.683045
9387 0.013749 0.587434 0.398817
12320 0.288319 0.346708 0.364973
14281 0.056893 0.696858 0.246249
14411 0.051136 0.831316 0.117547
9214 0.228017 0.047711 0.724271
5602 0.015901 0.186018 0.798081
9419 0.018521 0.342420 0.639059
2249 0.000000 0.084436 0.915564
8620 0.635358 0.226576 0.138066
9282 0.047612 0.620080 0.332308
10870 0.530995 0.174203 0.294802
10899 0.339713 0.152457 0.507830
1672 0.358511 0.222679 0.418810
14476 0.431228 0.139539 0.429233
9218 0.030785 0.375680 0.593535
9626 0.000000 0.886776 0.113224
14907 0.636895 0.000000 0.363105
8720 0.182745 0.528258 0.288996
14882 0.248477 0.675597 0.075925
13250 0.188069 0.197363 0.614569
6171 0.186503 0.135053 0.678444
7788 0.458866 0.000000 0.541134
14288 0.757677 0.086828 0.155495
14456 0.727925 0.066455 0.205619
11051 0.254671 0.639939 0.105390
8790 0.079530 0.570537 0.349933
8785 0.914181 0.064623 0.021197
9744 0.198894 0.435580 0.365526
13352 0.095129 0.129134 0.775736
17962 0.302171 0.004985 0.692844
8820 0.227507 0.316455 0.456038
-1 0.000000 0.000000 0.000000
-1 0.000000 0.000000 0.000000
13518 0.086947 0.846329 0.066724
8332 0.129606 0.859014 0.011380
8342 0.064512 0.258936 0.676552
12706 0.168792 0.041432 0.789777
-1 0.000000 0.000000 0.000000
-1 0.000000 0.000000 0.000000
-1 0.000000 0.000000 0.000000
5213 0.504748 0.014154 0.481098
-1 0.000000 0.000000 0.000000
17962 0.175436 0.078324 0.746239
-1 0.000000 0.000000 0.000000
-1 0.000000 0.000000 0.000000
8600 0.072328 0.257328 0.670344
1640 0.230182 0.681576 0.088243
8610 0.793151 0.197604 0.009245
1866 0.548423 0.322535 0.129042
8359 0.176541 0.487040 0.336420
8536 0.086830 0.081079 0.832091
5632 0.477030 0.130379 0.392591
10133 0.000000 0.377875 0.622125
6094 0.465375 0.120199 0.414425
14498 0.735685 0.189684 0.074631
8973 0.263043 0.169652 0.567305
5605 0.000000 0.592557 0.407443
5651 0.307908 0.032203 0.659889
12391 0.265241 0.013710 0.721048
6077 0.295218 0.470785 0.233998
14505 0.238816 0.092794 0.668390
10140 0.000000 0.728864 0.271136
12433 0.346679 0.000000 0.653321
10127 0.617458 0.382542 0.000000
10152 0.157203 0.842797 0.000000
10160 0.000000 0.385696 0.614304
9421 0.654574 0.345426 0.000000
9423 0.335093 0.559414 0.105493
14509 0.000000 0.648955 0.351045
6183 0.000000 0.652789 0.347211
8983 0.000000 0.560790 0.439210
10152 0.532891 0.467109 0.000000
9792 0.330026 0.213433 0.456541
9446 0.642529 0.100557 0.256915
10175 0.758482 0.037785 0.203733
14075 0.516629 0.018552 0.464819
9239 0.804471 0.189362 0.006167
14179 0.077239 0.645560 0.277200
14204 0.184147 0.467100 0.348753
8615 0.248917 0.229084 0.521999
11169 0.193593 0.308797 0.497610
10075 0.005985 0.730034 0.263980
15052 0.267227 0.247500 0.485272
8879 0.295739 0.333677 0.370584
8888 0.306249 0.450997 0.242754
15239 0.063771 0.496507 0.439722
13283 0.208288 0.193875 0.597837
14625 0.558699 0.275349 0.165952
9209 0.363727 0.319584 0.316689
15220 0.488164 0.503946 0.007890
8119 0.591901 0.223957 0.184142
8207 0.223933 0.581330 0.194737
15279 0.397005 0.382616 0.220379
8033 0.356110 0.362393 0.281497
8198 0.725601 0.145368 0.129031
12279 0.085069 0.132545 0.782386
10287 0.118925 0.777153 0.103922
10363 0.836260 0.009617 0.154122
5802 0.157229 0.673673 0.169098
10392 0.128310 0.063081 0.808609
10494 0.684631 0.033034 0.282335
5259 0.351833 0.540687 0.107481
11281 0.270131 0.683751 0.046119
11247 0.337256 0.398737 0.264008
5252 0.180599 0.100403 0.718998
12284 0.296813 0.096587 0.606600
5880 0.920158 0.032237 0.047605
5772 0.315637 0.032519 0.651844
10377 0.241529 0.237260 0.521211
5821 0.049177 0.884259 0.066564
5744 0.183150 0.520027 0.296823
12302 0.095908 0.374971 0.529121
5192 0.221226 0.164491 0.614282
5771 0.132485 0.357379 0.510137
10328 0.568459 0.116048 0.315493
6298 0.402362 0.432454 0.165184
6060 0.021507 0.146566 0.831927
5979 0.400914 0.426215 0.172871
13108 0.179889 0.226956 0.593156
13436 0.463769 0.255599 0.280632
1774 0.424689 0.399344 0.175967
7900 0.103275 0.402282 0.494443
6373 0.327133 0.262828 0.410038
5189 0.967971 0.006505 0.025523
10366 0.157349 0.611008 0.231642
6299 0.636744 0.096647 0.266609
10214 0.925781 0.057082 0.017137
10014 0.549788 0.077025 0.373187
8310 0.410287 0.146303 0.443410
17137 0.652834 0.003236 0.343931
2173 0.114672 0.754668 0.130659
13225 0.095651 0.514358 0.389991
1974 0.428925 0.527697 0.043377
14572 0.153142 0.354177 0.492681
11202 0.149865 0.326502 0.523634
6025 0.345223 0.560538 0.094238
11436 0.122647 0.731098 0.146255
9295 0.477633 0.170486 0.351881
9552 0.097461 0.596822 0.305717
11182 0.134871 0.082662 0.782467
11375 0.000000 0.213747 0.786253
10105 0.890037 0.049553 0.060410
9439 0.071867 0.884008 0.044126
1775 0.790246 0.066535 0.143219
13812 0.378584 0.293640 0.327777
13474 0.606736 0.114353 0.278911
7955 0.018819 0.321146 0.660035
8335 0.740769 0.250268 0.008963
13807 0.676029 0.004258 0.319713
2334 0.027466 0.713774 0.258760
1915 0.158136 0.421296 0.420568
9099 0.552845 0.022452 0.424702
12949 0.123381 0.465451 0.411168
10098 0.293859 0.546886 0.159254
9154 0.588681 0.081655 0.329664
9194 0.044770 0.844705 0.110525
5686 0.664105 0.153894 0.182000
7249 0.138271 0.847259 0.014470
6600 0.382024 0.339507 0.278469
5498 0.420139 0.408625 0.171236
12753 0.194781 0.787049 0.018169
1323 0.364261 0.361653 0.274085
1345 0.162684 0.296568 0.540748
6430 0.497737 0.378605 0.123658
-1 0.000000 0.000000 0.000000
19245 0.205855 0.495333 0.298812
12868 0.234070 0.285489 0.480441
9724 0.628016 0.298304 0.073680
1023 0.000000 1.000000 0.000000
12840 0.134952 0.066309 0.798738
8678 0.000000 0.721755 0.278245
1023 0.000000 1.000000 0.000000
12060 0.685060 0.174898 0.140043
9967 0.888844 0.015901 0.095255
19285 0.069419 0.442859 0.487722
7238 0.097953 0.618468 0.283580
14180 0.188322 0.119864 0.691813
8303 0.474561 0.052928 0.472511
7036 0.817750 0.126267 0.055983
9650 0.785853 0.213323 0.000824
3402 0.895686 0.054366 0.049948
3952 0.856329 0.077995 0.065677
5032 0.113651 0.145856 0.740493
19505 0.199359 0.206102 0.594539
19278 0.381076 0.136566 0.482357
14156 0.038856 0.053923 0.907221
5060 0.279304 0.169518 0.551178
4589 0.000000 0.350835 0.649165
16120 0.561944 0.353984 0.084072
5088 0.314589 0.678438 0.006974
4492 0.562448 0.266680 0.170872
19591 0.135880 0.382481 0.481639
4971 0.224831 0.033600 0.741570
4576 0.235434 0.574460 0.190106
16156 0.051779 0.732175 0.216045
19533 0.464813 0.038370 0.496817
9961 0.635562 0.214701 0.149737
14117 0.170803 0.601250 0.227947
5049 0.000000 0.479680 0.520320
4392 0.599895 0.096359 0.303746
1045 0.058301 0.647324 0.294375
20169 0.276916 0.619177 0.103907
3518 0.162206 0.442111 0.395683
3481 0.321425 0.369910 0.308665
19682 0.107949 0.500058 0.391993
19537 0.051308 0.938692 0.010000
16232 0.085630 0.106967 0.807403
4857 0.439548 0.263991 0.296461
19736 0.581886 0.221038 0.197077
9929 0.790974 0.163499 0.045526
14152 0.763631 0.054509 0.181859
19373 0.557636 0.118904 0.323461
19366 0.006197 0.333061 0.660742
162 0.599806 0.116663 0.283531
20346 0.020948 0.911817 0.067235
17943 0.353404 0.305969 0.340627
19419 0.198791 0.789840 0.011369
20198 0.729771 0.087002 0.183227
3977 0.532642 0.371434 0.095924
19386 0.425141 0.047319 0.527540
120 0.112367 0.282748 0.604885
302 0.448872 0.374452 0.176675
3221 0.053942 0.924227 0.021831
18161 0.732492 0.186699 0.080810
18053 0.434910 0.210635 0.354455
19964 0.521219 0.278583 0.200198
294 0.882506 0.058679 0.058815
186 0.042140 0.217382 0.740478
12666 0.250955 0.643160 0.105885
12665 0.609550 0.379005 0.011445
18991 0.040875 0.919063 0.040063
6853 0.876463 0.026136 0.097401
6788 0.642093 0.336445 0.021462
19105 0.369125 0.261774 0.369101
6618 0.417755 0.305143 0.277102
19957 0.417378 0.367876 0.214746
311 0.156255 0.597932 0.245813
11837 0.116009 0.129970 0.754021
6674 0.015935 0.684693 0.299371
382 0.448195 0.262868 0.288937
19062 0.053360 0.638723 0.307917
17904 0.032221 0.273345 0.694434
12744 0.288105 0.117810 0.594085
5501 0.482579 0.128280 0.389141
12647 0.189305 0.269259 0.541436
12562 0.297261 0.590078 0.112661
6397 0.218021 0.485788 0.296191
18291 0.358845 0.474190 0.166965
6691 0.107657 0.151777 0.740566
1169 0.090155 0.302784 0.607061
7318 0.233873 0.093188 0.672939
18269 0.240454 0.513633 0.245913
385 0.099985 0.437507 0.462508
419 0.219721 0.119225 0.661054
6688 0.778217 0.009646 0.212137
7288 0.184722 0.785972 0.029306
11858 0.293774 0.327836 0.378389
5532 0.220483 0.438351 0.341166
435 0.204658 0.687491 0.107851
18925 0.217420 0.149224 0.633356
7076 0.447282 0.519705 0.033013
12576 0.511473 0.191470 0.297057
7061 0.298388 0.543326 0.158286
18719 0.341571 0.498842 0.159587
6626 0.496442 0.227679 0.275880
11646 0.113846 0.030388 0.855766
7108 0.175978 0.606910 0.217112
6667 0.500085 0.309533 0.190383
12487 0.498464 0.228427 0.273109
11926 0.389271 0.072493 0.538236
11925 0.063001 0.921952 0.015047
11952 0.383475 0.410096 0.206430
6401 0.339541 0.021512 0.638947
6609 0.271684 0.642406 0.085910
12059 0.016083 0.645242 0.338674
6605 0.125589 0.856011 0.018400
3416 0.156616 0.338113 0.505271
12556 0.849501 0.137331 0.013168
6553 0.436012 0.029603 0.534385
12078 0.551468 0.112962 0.335570
85 0.305217 0.241954 0.452829
98 0.458849 0.371510 0.169641
17916 0.002199 0.754932 0.242869
362 0.222577 0.511983 0.265440
247 0.152059 0.063522 0.784419
18022 0.325148 0.339515 0.335337
11955 0.238097 0.420579 0.341325
7554 0.613730 0.030323 0.355947
12544 0.300433 0.673487 0.026080
7025 0.226619 0.435413 0.337968
7560 0.823049 0.129283 0.047668
18948 0.073716 0.667152 0.259132
18131 0.260768 0.422508 0.316724
18110 0.342437 0.113057 0.544506
18934 0.242390 0.124651 0.632959
99 0.136645 0.564173 0.299183
7566 0.069814 0.831434 0.098752
6581 0.509926 0.461883 0.028190
18160 0.210253 0.687212 0.102535
19969 0.005774 0.910307 0.083919
6902 0.089283 0.885807 0.024911
7223 0.421715 0.432709 0.145576
18814 0.351023 0.303677 0.345300
12672 0.296150 0.544988 0.158862
12602 0.128107 0.570114 0.301779
-1 0.000000 0.000000 0.000000
-1 0.000000 0.000000 0.000000
-1 0.000000 0.000000 0.000000
-1 0.000000 0.000000 0.000000
-1 0.000000 0.000000 0.000000
-1 0.000000 0.000000 0.000000
-1 0.000000 0.000000 0.000000
18176 0.731740 0.139450 0.128810
91 0.092479 0.039452 0.868070
260 0.156449 0.463175 0.380376
8886 0.060405 0.148327 0.791268
12881 0.234156 0.303067 0.462777
17516 0.065850 0.174873 0.759277
73 0.121449 0.413140 0.465411
8779 0.664420 0.129733 0.205847
8783 0.483171 0.308447 0.208382
8778 0.268467 0.438041 0.293492
13070 0.237121 0.444932 0.317947
4901 0.323883 0.032550 0.643567
4897 0.523697 0.206288 0.270015
4596 0.087982 0.235449 0.676568
17256 0.732166 0.059752 0.208082
4772 0.000000 0.679610 0.320390
3160 0.225891 0.750441 0.023668
19327 0.300028 0.269282 0.430690
4769 0.058120 0.239115 0.702765
4694 0.679268 0.320732 0.000000
15984 0.295260 0.615822 0.088918
4698 0.525435 0.162230 0.312334
4446 0.625296 0.278571 0.096133
18183 0.261124 0.664513 0.074363
18927 0.155459 0.262506 0.582036
3926 0.184993 0.466687 0.348321
4003 0.222065 0.441496 0.336439
4624 0.170388 0.041763 0.787849
3231 0.771145 0.033766 0.195088
4094 0.256725 0.478366 0.264910
-1 0.000000 0.000000 0.000000
-1 0.000000 0.000000 0.000000
-1 0.000000 0.000000 0.000000
-1 0.000000 0.000000 0.000000
-1 0.000000 0.000000 0.000000
19322 0.003602 0.076228 0.920171
16504 0.467138 0.095517 0.437344
2996 0.379056 0.273253 0.347691
16482 0.397453 0.036055 0.566493
16462 0.217621 0.526571 0.255809
16471 0.734706 0.093445 0.171850
16458 0.315800 0.363062 0.321138
16517 0.085487 0.510907 0.403606
16513 0.125777 0.349266 0.524957
16293 0.397110 0.167494 0.435396
16331 0.428664 0.374572 0.196764
19313 0.500989 0.022724 0.476287
19009 0.764747 0.004006 0.231247
6731 0.354582 0.136389 0.509029
19022 0.231380 0.091198 0.677422
1625 0.632600 0.357927 0.009473
13918 0.166510 0.611789 0.221700
20402 0.475017 0.380486 0.144497
4081 0.082906 0.457425 0.459669
19660 0.092828 0.261970 0.645201
5100 0.033837 0.023401 0.942763
17277 0.231061 0.256381 0.512558
19331 0.342259 0.583963 0.073777
4424 0.341308 0.422828 0.235864
19392 0.158122 0.406435 0.435443
19555 0.191642 0.093437 0.714921
18016 0.195955 0.379391 0.424653
164 0.829681 0.170319 0.000000
163 0.112069 0.427360 0.460571
4448 0.180233 0.404055 0.415713
20014 0.201914 0.714632 0.083454
19354 0.001797 0.630185 0.368018
3875 0.094470 0.573100 0.332430
4458 0.608129 0.000000 0.391871
4986 0.460621 0.154444 0.384935
15817 0.434013 0.097489 0.468497
4565 0.465897 0.534103 0.000000
1082 0.423585 0.040612 0.535803
18489 0.235111 0.730787 0.034101
18243 0.108207 0.118324 0.773469
17998 0.279633 0.275230 0.445137
194 0.212295 0.182585 0.605120
168 0.345418 0.312048 0.342533
18009 0.056119 0.164047 0.779834
-1 0.000000 0.000000 0.000000
2926 0.483039 0.274835 0.242126
16535 0.313225 0.069688 0.617086
16000 0.011565 0.762140 0.226295
19427 0.469709 0.212642 0.317649
4844 0.337937 0.170638 0.491425
5035 0.455372 0.068721 0.475907
12718 0.121288 0.260833 0.617879
297 0.161779 0.131644 0.706577
4075 0.357468 0.082520 0.560012
19415 0.889614 0.006963 0.103423
3256 0.475979 0.092354 0.431667
4011 0.022668 0.304502 0.672830
17386 0.583845 0.164734 0.251421
3349 0.157749 0.371465 0.470786
17298 0.324037 0.138726 0.537237
19219 0.000000 0.095263 0.904737
3646 0.649898 0.340840 0.009262
3469 0.021221 0.472362 0.506416
19606 0.141503 0.410510 0.447987
3239 0.093744 0.861121 0.045135
3442 0.014703 0.105966 0.879331
2938 0.195718 0.798156 0.006126
16296 0.552607 0.249756 0.197637
12100 0.608064 0.275646 0.116291
11613 0.079697 0.883811 0.036492
11635 0.016842 0.484181 0.498977
11683 0.034820 0.175472 0.789708
7405 0.314837 0.665443 0.019720
7392 0.296986 0.418173 0.284840
547 0.775411 0.089105 0.135484
18600 0.561035 0.429334 0.009631
18588 0.447839 0.155478 0.396683
6710 0.830285 0.000000 0.169715
534 0.245585 0.174562 0.579852
18936 0.074069 0.338336 0.587595
592 0.144390 0.157791 0.697819
11503 0.002223 0.623955 0.373821
7457 0.287369 0.513307 0.199325
7585 0.623269 0.278273 0.098458
11490 0.088639 0.149031 0.762330
6590 0.443470 0.393956 0.162574
11990 0.111479 0.419721 0.468800
7438 0.180243 0.106493 0.713264
7049 0.027161 0.495971 0.476869
7467 0.143392 0.573074 0.283534
11753 0.159013 0.146494 0.694493
375 0.156975 0.547824 0.295201
484 0.000000 0.844009 0.155991
17225 0.500520 0.446016 0.053464
19788 0.093834 0.529041 0.377125
19780 0.398176 0.056888 0.544936
7372 0.882168 0.092207 0.025625
893 0.049589 0.749150 0.201261
18727 0.290261 0.446131 0.263608
19808 0.590911 0.388158 0.020931
20318 0.285249 0.191445 0.523306
4178 0.038045 0.722442 0.239513
4295 0.883075 0.116925 0.000000
18671 0.244834 0.483724 0.271443
806 0.333309 0.290317 0.376374
19901 0.388039 0.213340 0.398621
15897 0.853379 0.078536 0.068085
15874 0.255118 0.032351 0.712531
4252 0.100979 0.489560 0.409461
4248 0.719506 0.047682 0.232812
4211 0.053350 0.091035 0.855614
19871 0.037404 0.703915 0.258681
19935 0.559049 0.254245 0.186707
18738 0.782149 0.103545 0.114306
703 0.714839 0.215864 0.069297
19874 0.091854 0.459880 0.448267
890 0.040754 0.110532 0.848714
3572 0.396290 0.562311 0.041399
4280 0.073555 0.476275 0.450170
4267 0.679935 0.133308 0.186757
20262 0.166375 0.768416 0.065209
691 0.612479 0.019425 0.368096
801 0.432495 0.213208 0.354297
4275 0.060176 0.469498 0.470326
873 0.153410 0.455171 0.391419
7465 0.368736 0.286883 0.344381
6706 0.331471 0.618705 0.049824
18595 0.102722 0.896969 0.000309
650 0.629989 0.366011 0.004000
11559 0.488800 0.178803 0.332397
19836 0.341415 0.058531 0.600054
3779 0.313464 0.590022 0.096514
15896 0.098458 0.614603 0.286939
-1 0.000000 0.000000 0.000000
-1 0.000000 0.000000 0.000000
6157 0.349337 0.054731 0.595932
4353 0.498857 0.419078 0.082065
20190 0.270046 0.337816 0.392138
20207 0.382766 0.279763 0.337471
4939 0.160323 0.060530 0.779147
4718 0.089726 0.010912 0.899362
19343 0.699225 0.015169 0.285607
20177 0.242316 0.380311 0.377373
4326 0.108570 0.441962 0.449468
17900 0.018304 0.106063 0.875633
18170 0.482406 0.080623 0.436972
18163 0.129282 0.110130 0.760588
19673 0.810283 0.098016 0.091701
14185 0.290750 0.055720 0.653529
4870 0.247956 0.448669 0.303376
18987 0.320083 0.193298 0.486619
6778 0.016852 0.904060 0.079088
360 0.330965 0.534715 0.134320
18846 0.509347 0.276183 0.214470
605 0.679623 0.073314 0.247063
503 0.408822 0.149890 0.441288
6964 0.103551 0.532856 0.363593
6951 0.022171 0.172932 0.804897
6957 0.268465 0.220670 0.510865
6946 0.032985 0.440212 0.526803
6971 0.596783 0.320670 0.082546
627 0.886349 0.070501 0.043150
18908 0.683244 0.244189 0.072567
18866 0.370356 0.087413 0.542232
18886 0.196971 0.534874 0.268154
-1 0.000000 0.000000 0.000000
12755 0.650353 0.328035 0.021612
19782 0.755986 0.102166 0.141848
11565 0.202752 0.127142 0.670106
19840 0.101916 0.658976 0.239108
947 0.514251 0.239633 0.246116
7630 0.524964 0.000000 0.475036
11588 0.214176 0.217293 0.568531
19397 0.111666 0.460846 0.427488
3917 0.790623 0.209377 0.000000
19368 0.009738 0.884727 0.105535
11771 0.578027 0.158201 0.263772
19336 0.537817 0.206247 0.255936
18486 0.012396 0.599318 0.388285
1066 0.167578 0.505238 0.327184
3163 0.000000 0.419634 0.580366
16029 0.307140 0.590314 0.102547
16475 0.233535 0.041497 0.724968
4513 0.397725 0.498776 0.103500
16002 0.026680 0.762231 0.211088
19230 0.023994 0.030826 0.945180
3569 0.155578 0.494392 0.350030
3859 0.599797 0.336454 0.063749
13824 0.442985 0.108986 0.448029
4956 0.304591 0.577492 0.117917
1098 0.122541 0.084461 0.792998
9732 0.210079 0.411147 0.378774
3932 0.908655 0.090846 0.000499
19206 0.163221 0.133971 0.702808
19567 0.792165 0.077226 0.130609
-1 0.000000 0.000000 0.000000
-1 0.000000 0.000000 0.000000
-1 0.000000 0.000000 0.000000
19277 0.310072 0.576146 0.113781
3594 0.000000 0.576939 0.423061
3605 0.696598 0.046766 0.256637
5005 0.457831 0.534060 0.008109
19167 0.000000 0.261067 0.738933
4000 0.000000 0.244719 0.755281
19604 0.000000 0.739011 0.260989
19274 0.000000 0.595829 0.404171
3254 0.008107 0.991893 0.000000
4107 0.000000 0.938803 0.061197
5005 0.000000 0.872630 0.127370
19146 0.101074 0.424853 0.474074
4837 0.501429 0.121823 0.376749
19711 0.044534 0.401223 0.554243
19455 0.243189 0.021058 0.735753
19159 0.001144 0.045984 0.952873
18869 0.826128 0.156212 0.017660
18910 0.677093 0.075639 0.247268
2757 0.121622 0.302365 0.576013
18575 0.085862 0.070973 0.843165
3313 0.691581 0.055353 0.253066
3323 0.270026 0.130977 0.598997
2554 0.089307 0.160946 0.749747
3289 0.206178 0.708857 0.084965
17391 0.217444 0.537510 0.245046
6921 0.267732 0.306803 0.425465
2742 0.143433 0.095950 0.760617
6888 0.427609 0.124466 0.447925
15548 0.123333 0.591312 0.285355
2706 0.088379 0.264798 0.646823
2812 0.383089 0.097033 0.519878
3212 0.708668 0.000000 0.291332
18802 0.195159 0.113854 0.690988
2723 0.068962 0.881375 0.049662
17447 0.255425 0.591929 0.152646
2664 0.226265 0.078243 0.695492
578 0.049556 0.437086 0.513358
18915 0.292630 0.073972 0.633398
16381 0.302140 0.341120 0.356739
2564 0.385343 0.279439 0.335218
15621 0.034229 0.070916 0.894855
2653 0.047926 0.901857 0.050217
18687 0.045275 0.187116 0.767609
15623 0.293565 0.201509 0.504927
15518 0.265490 0.695081 0.039429
18577 0.055687 0.684488 0.259826
18571 0.878404 0.103746 0.017850
15444 0.096692 0.257194 0.646114
552 0.302092 0.397281 0.300627
546 0.375744 0.618018 0.006238
621 0.830706 0.083972 0.085322
559 0.183462 0.394291 0.422247
1154 0.385365 0.614635 0.000000
17144 0.139770 0.278654 0.581577
2181 0.839106 0.080031 0.080863
6411 0.885843 0.038583 0.075574
14217 0.840910 0.137634 0.021455
12206 0.497568 0.036093 0.466339
5487 0.068223 0.018403 0.913374
12210 0.060344 0.105378 0.834279
5678 0.059455 0.730935 0.209611
5680 0.239477 0.215296 0.545227
14199 0.087389 0.100414 0.812198
12250 0.595536 0.087872 0.316592
12245 0.180815 0.272271 0.546915
5685 0.736293 0.048198 0.215509
14275 0.222697 0.219028 0.558275
14218 0.152665 0.224226 0.623109
14409 0.488187 0.070199 0.441614
9122 0.596142 0.280185 0.123673
9122 0.220549 0.059591 0.719859
9121 0.471990 0.326237 0.201773
9128 0.137630 0.763661 0.098708
9128 0.786913 0.209026 0.004061
14179 0.588187 0.340606 0.071207
14155 0.072759 0.019536 0.907705
9930 0.344894 0.194053 0.461053
9937 0.105497 0.104316 0.790187
14174 0.160705 0.587134 0.252161
14411 0.091838 0.233476 0.674686
9092 0.264526 0.441205 0.294269
14616 0.856286 0.011780 0.131933
9095 0.798785 0.192611 0.008604
9081 0.516314 0.044588 0.439098
9081 0.257639 0.734947 0.007414
9086 0.038642 0.516511 0.444847
9087 0.265900 0.110662 0.623438
9222 0.081966 0.572720 0.345314
14426 0.684105 0.076619 0.239276
9119 0.639105 0.186724 0.174172
9110 0.050912 0.324075 0.625013
14514 0.005811 0.659245 0.334943
9020 0.216355 0.744615 0.039030
9018 0.245458 0.485771 0.268770
9067 0.488877 0.345370 0.165753
11066 0.514162 0.401193 0.084646
9068 0.576422 0.258118 0.165460
11026 0.174832 0.039847 0.785321
9182 0.126413 0.696818 0.176769
11059 0.943574 0.018735 0.037691
8964 0.025243 0.590386 0.384372
11058 0.892424 0.021761 0.085816
11057 0.557000 0.416642 0.026358
9025 0.068000 0.853138 0.078862
9027 0.193243 0.253851 0.552906
9024 0.451194 0.263880 0.284926
11039 0.281962 0.193352 0.524685
9052 0.416321 0.273643 0.310036
11069 0.443579 0.167726 0.388695
11020 0.158720 0.521902 0.319377
9224 0.330673 0.496774 0.172554
9225 0.340009 0.429847 0.230144
9171 0.352235 0.399547 0.248218
9171 0.047317 0.147845 0.804838
14487 0.180563 0.580678 0.238760
14481 0.410633 0.485437 0.103930
9966 0.471791 0.268141 0.260068
14120 0.225751 0.130002 0.644246
9953 0.274844 0.004331 0.720825
14144 0.307429 0.048567 0.644005
14627 0.455387 0.362120 0.182492
14626 0.039289 0.928145 0.032566
14622 0.459888 0.301239 0.238873
14621 0.321949 0.309174 0.368877
11017 0.183882 0.307298 0.508820
11023 0.507727 0.092720 0.399553
14127 0.182814 0.096068 0.721118
9960 0.727577 0.253854 0.018570
15037 0.723271 0.232061 0.044668
15036 0.098469 0.024766 0.876765
8637 0.339490 0.397251 0.263258
7734 0.278341 0.048009 0.673650
9862 0.749254 0.191471 0.059275
9861 0.429122 0.033586 0.537292
15069 0.231257 0.430378 0.338366
9759 0.797224 0.191715 0.011061
6173 0.029770 0.157795 0.812435
6169 0.003513 0.489813 0.506674
9764 0.155008 0.317406 0.527586
9765 0.290444 0.195095 0.514461
14675 0.055622 0.197917 0.746460
15094 0.178488 0.336412 0.485100
14584 0.199101 0.460736 0.340164
9236 0.441132 0.033032 0.525836
9242 0.710301 0.140489 0.149211
9242 0.040813 0.051022 0.908165
10003 0.059914 0.864107 0.075979
11036 0.678096 0.173843 0.148062
11130 0.806749 0.115069 0.078181
9569 0.112870 0.076973 0.810156
10008 0.657530 0.104320 0.238150
9987 0.282909 0.149178 0.567913
9132 0.462508 0.324820 0.212672
14658 0.082792 0.087440 0.829768
9134 0.350819 0.038156 0.611026
14631 0.905853 0.078584 0.015563
14631 0.205049 0.195141 0.599810
9947 0.124611 0.553123 0.322266
14136 0.376591 0.161077 0.462332
14136 0.781840 0.120669 0.097491
14152 0.209316 0.097250 0.693434
9904 0.301906 0.418702 0.279392
14661 0.446744 0.289176 0.264080
9983 0.047608 0.522175 0.430217
9649 0.815982 0.133362 0.050656
9821 0.301937 0.667121 0.030942
9820 0.433446 0.402476 0.164079
15029 0.025051 0.852340 0.122609
15027 0.279953 0.208127 0.511920
8664 0.438850 0.021569 0.539581
12913 0.398711 0.106290 0.494999
9822 0.200664 0.150287 0.649049
15020 0.289550 0.669727 0.040723
15040 0.306050 0.566995 0.126956
13125 0.134101 0.534938 0.330961
13136 0.018405 0.314757 0.666838
15241 0.109711 0.882194 0.008095
15238 0.099215 0.861871 0.038913
9793 0.280029 0.622819 0.097151
15236 0.636151 0.142128 0.221720
9791 0.355815 0.608523 0.035663
13153 0.551511 0.021524 0.426965
7948 0.072961 0.828513 0.098526
7949 0.084106 0.143396 0.772498
8691 0.451342 0.017945 0.530713
8857 0.312209 0.223130 0.464661
8856 0.048446 0.243777 0.707777
12818 0.181148 0.135661 0.683191
8871 0.722148 0.255652 0.022200
8871 0.106524 0.529420 0.364056
9847 0.464299 0.153137 0.382564
14256 0.220479 0.255679 0.523843
9703 0.088609 0.770123 0.141268
14271 0.550541 0.407951 0.041508
9699 0.186308 0.497321 0.316370
14270 0.198316 0.268072 0.533612
9698 0.129729 0.596401 0.273870
7781 0.725488 0.157723 0.116789
7678 0.013698 0.945436 0.040866
9717 0.817123 0.094318 0.088559
9717 0.198289 0.297115 0.504596
14254 0.356613 0.415778 0.227609
9690 0.049141 0.156133 0.794725
10028 0.643726 0.268238 0.088036
15098 0.238932 0.313983 0.447085
15056 0.687570 0.052684 0.259746
12935 0.004003 0.508931 0.487066
8446 0.016137 0.083130 0.900733
12430 0.935325 0.047479 0.017196
12410 0.447185 0.050434 0.502380
12405 0.019921 0.131764 0.848314
12405 0.636693 0.230930 0.132377
12303 0.409098 0.516420 0.074482
14952 0.529939 0.242453 0.227608
7754 0.229271 0.202174 0.568555
13051 0.740451 0.031083 0.228465
8404 0.694284 0.147479 0.158238
7737 0.413164 0.543987 0.042849
13038 0.118803 0.219901 0.661296
8926 0.065598 0.809084 0.125318
14863 0.268758 0.622140 0.109102
14860 0.186800 0.538630 0.274569
7736 0.180266 0.114577 0.705157
14857 0.174587 0.349021 0.476392
8398 0.693225 0.063667 0.243108
12774 0.081297 0.161765 0.756938
8927 0.190245 0.067116 0.742639
8892 0.029243 0.310613 0.660144
12780 0.767441 0.006807 0.225752
8891 0.757783 0.242217 0.000000
12779 0.055892 0.297721 0.646387
5637 0.126489 0.652709 0.220802
5636 0.018415 0.639432 0.342153
17062 0.476299 0.309410 0.214291
439 0.346503 0.070395 0.583101
5546 0.623940 0.341986 0.034074
3252 0.504261 0.176230 0.319509
3251 0.401954 0.333594 0.264453
295 0.266672 0.532798 0.200530
14004 0.088045 0.225729 0.686226
14006 0.046062 0.352382 0.601556
1747 0.006410 0.628515 0.365076
13892 0.248613 0.256158 0.495229
1713 0.607358 0.214082 0.178560
13885 0.822068 0.145676 0.032256
1727 0.784183 0.063409 0.152408
1728 0.825660 0.120415 0.053925
1697 0.094928 0.223470 0.681602
14003 0.480104 0.299356 0.220540
2196 0.543120 0.022479 0.434400
17222 0.679265 0.268472 0.052263
17848 0.243711 0.374654 0.381635
14960 0.234917 0.581815 0.183268
14971 0.372754 0.537637 0.089609
14853 0.167919 0.145520 0.686561
7762 0.097485 0.659419 0.243096
7765 0.687880 0.073931 0.238188
8494 0.325656 0.646704 0.027640
8499 0.248852 0.435396 0.315752
8498 0.114293 0.439781 0.445926
13915 0.700594 0.004623 0.294784
1682 0.893964 0.091308 0.014728
1515 0.336264 0.355423 0.308313
2228 0.557873 0.052125 0.390001
2227 0.157504 0.164480 0.678016
2210 0.270680 0.651866 0.077454
1967 0.428738 0.524895 0.046367
17130 0.137074 0.429067 0.433858
17129 0.367416 0.216737 0.415848
326 0.335615 0.533761 0.130623
321 0.957338 0.028772 0.013891
337 0.602991 0.391375 0.005635
17217 0.076398 0.065139 0.858463
1822 0.464371 0.485819 0.049810
13696 0.047411 0.190989 0.761600
1726 0.326955 0.394606 0.278439
8509 0.388230 0.289136 0.322635
14016 0.234980 0.325897 0.439123
13974 0.131976 0.593327 0.274697
13959 0.208327 0.444764 0.346909
12800 0.453170 0.048026 0.498804
8900 0.102965 0.387598 0.509437
8371 0.384994 0.159577 0.455429
12961 0.550772 0.294000 0.155228
12745 0.406017 0.449228 0.144755
16983 0.322374 0.197547 0.480079
2121 0.171204 0.692279 0.136516
2141 0.226184 0.375143 0.398673
16950 0.943567 0.001119 0.055314
16996 0.355897 0.051205 0.592898
16998 0.055861 0.062877 0.881261
16954 0.198648 0.138950 0.662402
16956 0.294441 0.388998 0.316561
7250 0.065132 0.004084 0.930784
12739 0.751130 0.064797 0.184073
12720 0.081679 0.199832 0.718489
17083 0.534351 0.323579 0.142070
17797 0.158642 0.809452 0.031905
13220 0.232413 0.059628 0.707959
7697 0.019388 0.625600 0.355012
1525 0.010886 0.642309 0.346806
17160 0.632240 0.018307 0.349453
17162 0.221881 0.096991 0.681128
17832 0.940196 0.005603 0.054201
1587 0.886142 0.052841 0.061018
1591 0.005779 0.873073 0.121148
17827 0.715798 0.147696 0.136506
17828 0.557742 0.326177 0.116081
17186 0.750998 0.176017 0.072986
7730 0.465596 0.131347 0.403057
7729 0.180338 0.389201 0.430461
17081 0.240666 0.703107 0.056228
17788 0.147249 0.024314 0.828437
17802 0.070300 0.743380 0.186320
2192 0.335394 0.435545 0.229060
2193 0.130092 0.441529 0.428379
17187 0.747171 0.017403 0.235426
13988 0.395932 0.350722 0.253346
13987 0.303244 0.681269 0.015487
1988 0.144213 0.284420 0.571367
1986 0.357092 0.213040 0.429867
14028 0.448148 0.354278 0.197574
8510 0.215276 0.203779 0.580945
17118 0.513632 0.042035 0.444333
1979 0.209900 0.500203 0.289897
2162 0.425295 0.455301 0.119404
17180 0.446253 0.090187 0.463560
17181 0.673790 0.119297 0.206913
0 0.768248 0.110159 0.121594
17092 0.460067 0.112773 0.427159
17029 0.130305 0.187856 0.681838
420 0.561884 0.218981 0.219135
12726 0.048305 0.068589 0.883105
12722 0.632406 0.350750 0.016843
12705 0.410654 0.293208 0.296138
16928 0.223989 0.335058 0.440953
411 0.464066 0.482094 0.053840
1547 0.188399 0.533275 0.278326
1549 0.318433 0.100031 0.581536
2216 0.239775 0.370947 0.389278
2190 0.166460 0.213634 0.619906
17098 0.043703 0.837258 0.119039
1585 0.050257 0.770516 0.179227
1592 0.510369 0.072479 0.417153
17712 0.230484 0.411775 0.357740
2103 0.052558 0.258503 0.688939
17153 0.058336 0.657475 0.284189
17792 0.333869 0.253887 0.412244
1467 0.734992 0.202231 0.062777
17794 0.587289 0.307635 0.105076
463 0.016560 0.932017 0.051422
17039 0.254918 0.026130 0.718952
428 0.047590 0.521720 0.430690
430 0.119824 0.730466 0.149710
423 0.007351 0.769353 0.223296
16919 0.637915 0.094489 0.267596
425 0.008194 0.727864 0.263942
475 0.014337 0.626651 0.359013
465 0.030692 0.277663 0.691645
13821 0.237365 0.400085 0.362550
8297 0.768069 0.173698 0.058234
17140 0.742020 0.098839 0.159141
1960 0.464692 0.061263 0.474044
17138 0.352814 0.146107 0.501079
1959 0.161138 0.045687 0.793175
8307 0.588924 0.327358 0.083718
8515 0.165579 0.767331 0.067090
13819 0.304852 0.317004 0.378144
1961 0.469905 0.382419 0.147676
12771 0.196180 0.222141 0.581679
12772 0.279190 0.086284 0.634526
1970 0.041490 0.680338 0.278173
1963 0.067180 0.767890 0.164930
2189 0.088130 0.774481 0.137389
6200 0.554962 0.279939 0.165099
10703 0.803854 0.097566 0.098580
6216 0.112906 0.647079 0.240015
7721 0.233662 0.507866 0.258472
7722 0.421605 0.500481 0.077914
13131 0.084713 0.330404 0.584883
7675 0.181547 0.745788 0.072665
13608 0.007432 0.690610 0.301958
13609 0.078909 0.576026 0.345065
13177 0.173835 0.042048 0.784117
13177 0.210701 0.667016 0.122283
13198 0.292603 0.369490 0.337907
15297 0.725442 0.145522 0.129036
16852 0.355140 0.085510 0.559350
16850 0.138200 0.352826 0.508974
16724 0.194793 0.099486 0.705720
16668 0.238993 0.454513 0.306494
2009 0.176064 0.065011 0.758926
2005 0.366308 0.265338 0.368354
16613 0.868633 0.058673 0.072694
16614 0.108143 0.507697 0.384160
2012 0.657559 0.006027 0.336415
16624 0.233398 0.330553 0.436049
2027 0.631179 0.218474 0.150347
1550 0.207763 0.456575 0.335662
17707 0.346332 0.567263 0.086406
16938 0.014874 0.332706 0.652420
17724 0.094409 0.902017 0.003574
17741 0.065028 0.479871 0.455101
17716 0.007633 0.081801 0.910566
1542 0.646859 0.231310 0.121830
1542 0.071828 0.914032 0.014140
17722 0.114433 0.441514 0.444053
1540 0.317874 0.080268 0.601857
2081 0.179460 0.618659 0.201881
2101 0.563250 0.319199 0.117551
17782 0.158095 0.101769 0.740136
17782 0.562302 0.063998 0.373699
1332 0.954728 0.027939 0.017333
17774 0.169889 0.803328 0.026783
17719 0.234785 0.259964 0.505251
1539 0.361274 0.166199 0.472527
1552 0.306549 0.470951 0.222500
1329 0.592077 0.233743 0.174180
17769 0.451365 0.387695 0.160941
405 0.038084 0.377115 0.584801
16619 0.152281 0.793875 0.053844
1998 0.379793 0.585287 0.034920
16618 0.685055 0.125249 0.189696
17586 0.416335 0.564388 0.019278
17593 0.502473 0.260790 0.236737
17822 0.370973 0.203555 0.425472
17594 0.346942 0.512763 0.140295
1506 0.127877 0.167467 0.704656
2044 0.606364 0.247248 0.146388
16745 0.023239 0.038885 0.937876
2050 0.213070 0.000000 0.786930
1510 0.000000 0.043571 0.956429
1509 0.372782 0.285276 0.341942
1444 0.268241 0.627404 0.104355
17703 0.176752 0.809240 0.014008
1475 0.188836 0.494650 0.316514
17704 0.116951 0.750676 0.132373
17705 0.806756 0.091480 0.101765
1449 0.613080 0.385503 0.001417
5473 0.106466 0.682556 0.210978
1498 0.055656 0.930498 0.013847
17601 0.428455 0.442402 0.129143
16689 0.784812 0.153720 0.061469
6603 0.611698 0.119855 0.268447
12048 0.709323 0.217204 0.073473
6579 0.653309 0.052313 0.294378
17550 0.314439 0.000000 0.685561
16719 0.158077 0.000000 0.841923
17810 0.709644 0.042031 0.248324
