24272 0.007516 0.924177 0.068307
24269 0.043523 0.906290 0.050187
24277 0.082008 0.160535 0.757457
3877 0.024950 0.843522 0.131528
3827 0.063381 0.053069 0.883550
3828 0.080582 0.851276 0.068142
24558 0.104129 0.047541 0.848331
24554 0.391304 0.111054 0.497642
24577 0.168654 0.277467 0.553879
19104 0.250947 0.067712 0.681341
24489 0.152540 0.046460 0.801001
24482 0.043490 0.727247 0.229263
24479 0.054977 0.307643 0.637380
3682 0.005233 0.158940 0.835827
3685 0.115493 0.085996 0.798511
3689 0.093312 0.077783 0.828904
3693 0.079545 0.047436 0.873019
24492 0.117989 0.831406 0.050605
3664 0.491624 0.440976 0.067400
3654 0.559536 0.128027 0.312436
24509 0.028696 0.858244 0.113060
4041 0.029149 0.059198 0.911653
4066 0.073948 0.853070 0.072983
24299 0.228391 0.743059 0.028551
24425 0.022111 0.545894 0.431995
24429 0.164596 0.324000 0.511404
24433 0.256195 0.039253 0.704552
24009 0.171924 0.055929 0.772147
23815 0.070453 0.381871 0.547676
4038 0.123968 0.031862 0.844170
24157 0.607522 0.215108 0.177370
4005 0.000000 0.694882 0.305118
22922 0.613406 0.177806 0.208788
4499 0.328224 0.000000 0.671776
22921 0.218183 0.194781 0.587035
4826 0.250777 0.243088 0.506135
24169 0.203653 0.065533 0.730814
3989 0.339412 0.065920 0.594668
22902 0.562714 0.032887 0.404399
4788 0.377632 0.157068 0.465299
24176 0.720932 0.229509 0.049560
24394 0.096018 0.428609 0.475373
24398 0.138620 0.104169 0.757211
3762 0.024309 0.132763 0.842928
24115 0.125625 0.040307 0.834068
4018 0.076052 0.363931 0.560018
4014 0.410692 0.145449 0.443858
24181 0.351236 0.123541 0.525224
24213 0.463750 0.052923 0.483327
24217 0.702233 0.285864 0.011903
3713 0.338913 0.556879 0.104208
18548 0.052225 0.846274 0.101501
18567 0.756381 0.165188 0.078430
552 0.415807 0.311090 0.273103
19095 0.109443 0.887968 0.002589
2801 0.049206 0.068629 0.882165
2812 0.622670 0.162135 0.215195
2834 0.575841 0.121442 0.302717
19022 0.270622 0.412935 0.316443
2833 0.784646 0.128293 0.087061
19021 0.170296 0.419972 0.409732
19029 0.258607 0.218363 0.523031
6421 0.436957 0.264153 0.298890
25393 0.174200 0.366992 0.458808
25380 0.152509 0.102964 0.744527
25397 0.356867 0.092736 0.550397
23837 0.053145 0.192239 0.754616
4355 0.215628 0.564124 0.220248
4378 0.546403 0.345693 0.107904
14882 0.231435 0.189082 0.579482
11805 0.273402 0.512879 0.213719
4357 0.255982 0.039354 0.704664
23705 0.449965 0.346685 0.203351
4459 0.557577 0.287598 0.154824
4455 0.219887 0.663218 0.116895
4462 0.955027 0.026140 0.018834
3837 0.289746 0.698744 0.011510
4442 0.361634 0.533938 0.104428
4438 0.720366 0.187757 0.091877
23698 0.528352 0.072275 0.399373
23672 0.427571 0.164493 0.407937
25405 0.257209 0.346195 0.396595
3667 0.134053 0.095762 0.770185
3726 0.280675 0.239783 0.479542
3650 0.150653 0.210298 0.639049
3658 0.039201 0.581335 0.379463
24462 0.197345 0.127581 0.675073
4408 0.086525 0.819968 0.093507
3836 0.032249 0.166938 0.800813
3820 0.146203 0.103495 0.750301
3816 0.123935 0.143311 0.732754
24574 0.178340 0.006276 0.815384
24550 0.001846 0.332065 0.666089
3679 0.230483 0.737875 0.031642
24528 0.067459 0.043242 0.889299
24532 0.148064 0.276948 0.574988
3853 0.126216 0.506888 0.366896
24365 0.052403 0.070393 0.877204
3800 0.878373 0.111637 0.009990
3796 0.855482 0.010981 0.133537
3850 0.018558 0.860971 0.120471
3841 0.147089 0.031924 0.820987
3865 0.024559 0.811595 0.163845
3772 0.085677 0.828538 0.085786
24453 0.235461 0.321007 0.443531
24457 0.276184 0.037770 0.686047
4386 0.053655 0.147130 0.799215
57 0.009004 0.876072 0.114924
24363 0.030019 0.593742 0.376239
3799 0.121503 0.712580 0.165918
24353 0.791187 0.067440 0.141374
3755 0.367981 0.326642 0.305377
4460 0.129335 0.209245 0.661420
24360 0.522092 0.298869 0.179039
3807 0.223207 0.513567 0.263226
23786 0.624844 0.050804 0.324353
6459 0.577947 0.065474 0.356580
3980 0.255450 0.457377 0.287173
4096 0.048217 0.615945 0.335838
4396 0.044950 0.863611 0.091438
24035 0.029650 0.776045 0.194305
24067 0.292007 0.033988 0.674005
4281 0.123118 0.183308 0.693574
24104 0.058387 0.893028 0.048586
23824 0.378706 0.588259 0.033034
4333 0.384367 0.397188 0.218445
23797 0.199870 0.399593 0.400537
23889 0.024144 0.049214 0.926642
16151 0.205046 0.221763 0.573191
4341 0.045425 0.567564 0.387011
4345 0.655193 0.172223 0.172584
4541 0.144212 0.841236 0.014553
23850 0.111286 0.127640 0.761074
23854 0.097618 0.413176 0.489206
4418 0.295221 0.681337 0.023442
4422 0.233010 0.603151 0.163839
4427 0.467427 0.434361 0.098213
24420 0.062320 0.089441 0.848239
22922 0.250858 0.168575 0.580567
4824 0.144418 0.473736 0.381846
22919 0.533004 0.074017 0.392979
4824 0.046467 0.160065 0.793468
23809 0.218812 0.104782 0.676406
6554 0.062501 0.831736 0.105763
25458 0.764547 0.078457 0.156996
6411 0.018431 0.172868 0.808701
6407 0.271548 0.151099 0.577352
25400 0.365234 0.347031 0.287735
25434 0.147790 0.759830 0.092380
7248 0.259973 0.730985 0.009043
7224 0.911746 0.060013 0.028241
4517 0.619076 0.358300 0.022625
4513 0.351834 0.048265 0.599901
4509 0.089993 0.567150 0.342858
23885 0.901203 0.065840 0.032957
4501 0.828325 0.053762 0.117914
4497 0.110717 0.531391 0.357892
4520 0.558024 0.220478 0.221498
23842 0.771087 0.136120 0.092793
23849 0.190703 0.796480 0.012817
4538 0.756758 0.110943 0.132300
4534 0.408797 0.483122 0.108081
4530 0.152447 0.717552 0.130001
4526 0.080021 0.807604 0.112374
25468 0.938330 0.043159 0.018512
6428 0.243132 0.649098 0.107770
23713 0.002502 0.043014 0.954484
6391 0.714259 0.267266 0.018476
25417 0.626985 0.151686 0.221328
6383 0.584162 0.302667 0.113171
6379 0.046706 0.203233 0.750060
25466 0.481873 0.364108 0.154019
23801 0.237851 0.122611 0.639538
4171 0.804291 0.039369 0.156341
23762 0.073571 0.625428 0.301001
4168 0.018053 0.333829 0.648118
23773 0.297181 0.162863 0.539956
23753 0.088234 0.889530 0.022235
22918 0.013808 0.664630 0.321562
23729 0.265141 0.309515 0.425344
11734 0.728628 0.201195 0.070177
24052 0.254815 0.109774 0.635411
4121 0.277602 0.070407 0.651991
25206 0.001531 0.328632 0.669837
4114 0.022806 0.541187 0.436006
4118 0.157772 0.335986 0.506241
24041 0.180672 0.620120 0.199209
4181 0.718672 0.212268 0.069060
4174 0.022976 0.824468 0.152555
4321 0.100215 0.766149 0.133636
4467 0.008288 0.174163 0.817549
4475 0.093996 0.709673 0.196331
4200 0.308241 0.554845 0.136913
4195 0.062355 0.886486 0.051159
24018 0.933617 0.044913 0.021470
4148 0.799645 0.105742 0.094613
24013 0.016461 0.574297 0.409242
4097 0.133197 0.215990 0.650813
24039 0.734113 0.047767 0.218121
24061 0.809896 0.185621 0.004483
24072 0.193220 0.370262 0.436518
4313 0.025446 0.089728 0.884826
727 0.016408 0.750755 0.232837
18505 0.427245 0.160148 0.412607
18500 0.021623 0.073810 0.904566
18493 0.853651 0.034543 0.111806
876 0.886789 0.015612 0.097600
803 0.021738 0.113040 0.865222
18611 0.193611 0.319901 0.486488
812 0.256962 0.544395 0.198643
710 0.060886 0.629430 0.309684
19788 0.652140 0.103978 0.243882
19792 0.407963 0.157655 0.434382
181 0.488030 0.348071 0.163898
19667 0.118373 0.816552 0.065074
172 0.278845 0.303165 0.417991
19629 0.090094 0.394013 0.515893
19652 0.012904 0.052897 0.934199
51 0.703486 0.200652 0.095863
27 0.192185 0.564385 0.243430
19954 0.746057 0.021441 0.232502
19961 0.120534 0.182877 0.696590
19940 0.037960 0.218335 0.743705
19975 0.886026 0.101131 0.012843
389 0.007958 0.001694 0.990348
19837 0.333648 0.071903 0.594448
19853 0.582968 0.134522 0.282510
4230 0.026943 0.571283 0.401774
19848 0.126158 0.004436 0.869405
4287 0.560475 0.121263 0.318262
24097 0.158112 0.654942 0.186946
4271 0.139850 0.523997 0.336153
4267 0.627134 0.189151 0.183715
730 0.016732 0.151871 0.831397
4308 0.167171 0.553861 0.278968
4305 0.007021 0.739913 0.253065
23940 0.084066 0.135355 0.780578
23925 0.437119 0.500895 0.061986
23909 0.108179 0.302486 0.589335
23932 0.081073 0.307778 0.611149
4224 0.014764 0.976950 0.008286
23907 0.369345 0.275124 0.355532
4243 0.340513 0.413827 0.245660
4240 0.817002 0.162767 0.020231
5232 0.485819 0.489949 0.024232
5462 0.079882 0.096898 0.823221
23988 0.567826 0.320673 0.111502
6666 0.263066 0.666174 0.070759
24001 0.094579 0.125771 0.779650
6660 0.268920 0.633044 0.098036
6657 0.234387 0.001437 0.764176
23955 0.518711 0.251172 0.230117
6699 0.219176 0.624391 0.156433
23968 0.002107 0.097227 0.900666
24007 0.021904 0.017565 0.960531
23975 0.071149 0.549194 0.379657
24123 0.228496 0.140541 0.630963
6618 0.186685 0.344222 0.469093
25188 0.725142 0.104628 0.170230
23974 0.383425 0.291894 0.324680
6689 0.690825 0.051095 0.258080
24578 0.933626 0.054843 0.011531
6651 0.068712 0.096888 0.834400
25155 0.379444 0.588087 0.032469
6610 0.530703 0.268717 0.200580
25195 0.280967 0.198401 0.520631
25199 0.584903 0.001196 0.413901
6652 0.053173 0.852809 0.094018
25149 0.104293 0.852926 0.042782
6643 0.390339 0.539507 0.070154
25174 0.031319 0.154281 0.814400
6632 0.015344 0.154941 0.829715
6628 0.076218 0.393259 0.530523
6801 0.206401 0.566876 0.226724
25238 0.881313 0.061543 0.057144
6783 0.064273 0.902106 0.033622
6779 0.115685 0.052806 0.831510
6824 0.290517 0.109140 0.600342
6774 0.075681 0.875630 0.048689
6798 0.050148 0.026199 0.923653
25227 0.106231 0.179973 0.713797
6722 0.270227 0.499684 0.230089
6728 0.496159 0.424169 0.079671
6732 0.766292 0.227470 0.006238
25072 0.188511 0.315366 0.496123
19957 0.016973 0.286074 0.696952
25058 0.239641 0.458473 0.301886
25091 0.287675 0.533413 0.178911
25122 0.527894 0.360388 0.111718
6449 0.773969 0.074288 0.151743
6445 0.532229 0.386479 0.081292
6474 0.095517 0.643216 0.261267
6437 0.034874 0.592070 0.373056
6433 0.095828 0.772012 0.132159
6429 0.079109 0.859806 0.061086
6456 0.074125 0.879265 0.046610
25098 0.111733 0.193217 0.695050
6470 0.410759 0.279312 0.309929
4815 0.197089 0.730741 0.072171
19733 0.666393 0.021768 0.311839
18888 0.569241 0.117618 0.313141
2777 0.752878 0.079577 0.167545
19832 0.345887 0.142260 0.511853
355 0.274357 0.141810 0.583833
19842 0.558160 0.264794 0.177046
6569 0.118303 0.119699 0.761997
6595 0.150111 0.679565 0.170324
6570 0.348416 0.537661 0.113924
6592 0.024883 0.860517 0.114600
25443 0.259555 0.174140 0.566305
25459 0.625035 0.326689 0.048276
6579 0.342521 0.557674 0.099805
25453 0.024469 0.069872 0.905659
25456 0.397551 0.552798 0.049651
6491 0.250421 0.587357 0.162221
25474 0.009523 0.940687 0.049790
25477 0.096422 0.038905 0.864673
25481 0.101410 0.249434 0.649156
25485 0.123432 0.544953 0.331616
24804 0.230080 0.635129 0.134791
24790 0.728395 0.165241 0.106364
25284 0.100307 0.583522 0.316171
25369 0.377858 0.438330 0.183812
25373 0.522804 0.170608 0.306588
7141 0.229644 0.183162 0.587195
24746 0.175275 0.280635 0.544090
7059 0.876238 0.050222 0.073540
24760 0.715868 0.100959 0.183174
6541 0.283553 0.450295 0.266152
6507 0.019384 0.585279 0.395337
25300 0.289595 0.550311 0.160094
6510 0.287594 0.403970 0.308437
6494 0.064348 0.850837 0.084816
25310 0.071623 0.173787 0.754590
6524 0.188425 0.273759 0.537816
25276 0.231051 0.046855 0.722094
25271 0.108005 0.394663 0.497332
25267 0.033402 0.830547 0.136051
6533 0.962222 0.010321 0.027457
25265 0.084922 0.107139 0.807939
7123 0.028560 0.268264 0.703176
25360 0.103492 0.269448 0.627060
7129 0.367310 0.630482 0.002207
7133 0.016798 0.931159 0.052042
7132 0.858971 0.082459 0.058570
25350 0.090108 0.081094 0.828798
25346 0.338392 0.238034 0.423575
25323 0.206784 0.580031 0.213185
25327 0.115018 0.821562 0.063420
25326 0.036779 0.016826 0.946395
25330 0.030222 0.173298 0.796480
7152 0.053220 0.065449 0.881331
7166 0.356778 0.118721 0.524502
7078 0.105832 0.264520 0.629648
7074 0.020987 0.233991 0.745022
24727 0.183579 0.070959 0.745461
24731 0.201675 0.169653 0.628672
24735 0.070985 0.727662 0.201353
7057 0.000000 0.244759 0.755241
24721 0.677122 0.113937 0.208941
24694 0.498748 0.142670 0.358581
24698 0.346693 0.175950 0.477357
24702 0.375739 0.179835 0.444426
24712 0.001888 0.380531 0.617580
7058 0.036517 0.927479 0.036005
7274 0.848574 0.099961 0.051465
7278 0.803056 0.030975 0.165969
24777 0.709049 0.205185 0.085767
24801 0.717483 0.144615 0.137903
7236 0.742160 0.212622 0.045218
24786 0.574515 0.091510 0.333976
24783 0.355047 0.527899 0.117054
7269 0.116865 0.687504 0.195631
24759 0.098604 0.191499 0.709897
6939 0.780385 0.214677 0.004938
6841 0.798451 0.118407 0.083142
6845 0.881110 0.035080 0.083811
6881 0.098122 0.856816 0.045062
24805 0.683901 0.009455 0.306644
7243 0.003108 0.658809 0.338083
24863 0.325442 0.627085 0.047473
24830 0.315736 0.365189 0.319075
5699 0.213865 0.061234 0.724901
23350 0.131377 0.740394 0.128229
23384 0.318424 0.572132 0.109445
22730 0.267586 0.484411 0.248003
23414 0.244567 0.654023 0.101411
7033 0.084660 0.280716 0.634624
23219 0.507969 0.267001 0.225030
23266 0.427143 0.044789 0.528068
23391 0.332404 0.566567 0.101028
5793 0.850655 0.090026 0.059320
1186 0.271273 0.313479 0.415248
23331 0.280908 0.577353 0.141739
1149 0.467438 0.259963 0.272599
1140 0.481720 0.323427 0.194852
1193 0.300586 0.642227 0.057188
7182 0.544377 0.244872 0.210751
24669 0.192793 0.285931 0.521275
24966 0.099208 0.195064 0.705728
24961 0.056529 0.054428 0.889044
24952 0.053843 0.904832 0.041325
24806 0.052101 0.696385 0.251514
6916 0.069966 0.472233 0.457801
6921 0.337028 0.531661 0.131312
6925 0.175192 0.014755 0.810053
6929 0.062089 0.838315 0.099596
6933 0.051796 0.025772 0.922431
6937 0.099916 0.036844 0.863240
24663 0.250543 0.683601 0.065856
24687 0.551335 0.391131 0.057534
24684 0.675696 0.299573 0.024731
6897 0.655105 0.125121 0.219774
6895 0.102376 0.406610 0.491014
24677 0.373334 0.376687 0.249979
24673 0.269523 0.400189 0.330288
6828 0.177883 0.080418 0.741699
6831 0.534996 0.177385 0.287619
24968 0.908110 0.072694 0.019196
24596 0.409083 0.419660 0.171257
5907 0.323209 0.351239 0.325552
5903 0.233748 0.348992 0.417260
5899 0.237354 0.604450 0.158196
5895 0.170341 0.647011 0.182648
5496 0.286847 0.349400 0.363753
22702 0.681427 0.272054 0.046519
5655 0.010380 0.277389 0.712232
22074 0.196753 0.038082 0.765165
7204 0.596659 0.005928 0.397414
6875 0.513943 0.016413 0.469644
6871 0.403857 0.290811 0.305332
6867 0.363777 0.537786 0.098436
6863 0.407220 0.518567 0.074213
6859 0.572895 0.149083 0.278022
24978 0.746490 0.162491 0.091019
25010 0.806415 0.039901 0.153684
22007 0.196544 0.003065 0.800391
7200 0.375236 0.399654 0.225110
7011 0.270039 0.448529 0.281431
7006 0.120830 0.486292 0.392877
7002 0.035227 0.571773 0.393000
7010 0.738422 0.192316 0.069262
7051 0.809647 0.051734 0.138619
24985 0.909415 0.061898 0.028686
22674 0.007049 0.961602 0.031349
21974 0.034187 0.016760 0.949053
24857 0.815827 0.117685 0.066488
7167 0.219015 0.660712 0.120273
7031 0.085296 0.738530 0.176174
24819 0.771810 0.041535 0.186655
24811 0.119135 0.234153 0.646712
6962 0.805661 0.188071 0.006268
6958 0.851574 0.017745 0.130681
6966 0.912575 0.036225 0.051200
5466 0.059816 0.014149 0.926035
21983 0.949349 0.019244 0.031407
7261 0.097525 0.868429 0.034046
5792 0.865657 0.025005 0.109338
5788 0.792573 0.054589 0.152838
5784 0.809194 0.049989 0.140817
6988 0.820127 0.128333 0.051540
24832 0.807011 0.170772 0.022217
24824 0.796407 0.142666 0.060927
22470 0.091099 0.058750 0.850151
7280 0.742009 0.166264 0.091727
6970 0.799790 0.149833 0.050377
24895 0.032271 0.006908 0.960822
5736 0.016192 0.886279 0.097529
22426 0.723867 0.061825 0.214308
22431 0.433438 0.229637 0.336924
22434 0.210616 0.389100 0.400285
22438 0.476401 0.023886 0.499712
24869 0.021432 0.087603 0.890964
5774 0.871198 0.111560 0.017241
7192 0.614421 0.284536 0.101043
5862 0.674809 0.250209 0.074982
5866 0.793694 0.190630 0.015675
22520 0.010099 0.136060 0.853841
24904 0.869732 0.081494 0.048774
24908 0.234921 0.124349 0.640730
5755 0.729681 0.048557 0.221762
24916 0.748266 0.044838 0.206896
5515 0.825483 0.145288 0.029230
5499 0.729682 0.267915 0.002404
7257 0.041548 0.883388 0.075064
22444 0.073427 0.877820 0.048753
22421 0.081969 0.825296 0.092735
22425 0.156660 0.069458 0.773881
5779 0.849627 0.066477 0.083896
23668 0.665740 0.261303 0.072957
22449 0.620724 0.255327 0.123950
5705 0.024948 0.847771 0.127281
22647 0.059878 0.061261 0.878862
7172 0.338640 0.570979 0.090381
5811 0.590663 0.329421 0.079916
22357 0.234145 0.056495 0.709360
22317 0.266054 0.026016 0.707930
5856 0.849376 0.100310 0.050314
5877 0.348460 0.603404 0.048136
5881 0.806577 0.101415 0.092009
5803 0.030179 0.918136 0.051684
24593 0.330089 0.646814 0.023097
5891 0.542549 0.198367 0.259083
5914 0.677869 0.137376 0.184755
5826 0.163163 0.702261 0.134576
5822 0.131502 0.715908 0.152590
24621 0.003999 0.291150 0.704851
5484 0.247222 0.634116 0.118662
5480 0.794518 0.015132 0.190350
5476 0.784026 0.110008 0.105966
5472 0.021294 0.708478 0.270228
7184 0.711969 0.024120 0.263911
22684 0.153644 0.743662 0.102694
22384 0.814437 0.016569 0.168994
5548 0.830591 0.005339 0.164070
5516 0.756784 0.107033 0.136183
22156 0.502676 0.400971 0.096353
5553 0.339630 0.091662 0.568708
22530 0.166688 0.780014 0.053297
22372 0.743301 0.007698 0.249001
22376 0.623813 0.090241 0.285946
24587 0.307467 0.600203 0.092330
5569 0.499515 0.110516 0.389969
5565 0.307695 0.009869 0.682435
5561 0.108789 0.480081 0.411129
5557 0.011242 0.301929 0.686830
7221 0.206740 0.042606 0.750654
22408 0.604322 0.316466 0.079212
22412 0.429688 0.528019 0.042294
5520 0.186847 0.198997 0.614155
5545 0.067508 0.097069 0.835423
7195 0.132445 0.074267 0.793289
22392 0.380398 0.230411 0.389191
22396 0.346366 0.233179 0.420456
22400 0.131584 0.183869 0.684547
22404 0.126233 0.037946 0.835820
24617 0.879667 0.038996 0.081337
24626 0.789283 0.088663 0.122054
5848 0.438088 0.489544 0.072369
22321 0.265626 0.078705 0.655670
22325 0.222752 0.092411 0.684837
22329 0.113401 0.016769 0.869830
6148 0.850088 0.097214 0.052698
22609 0.063602 0.064315 0.872084
6236 0.083615 0.885804 0.030581
6252 0.203382 0.792796 0.003822
6196 0.324856 0.674326 0.000818
5631 0.250038 0.699485 0.050477
22727 0.008258 0.146980 0.844762
5510 0.048529 0.944266 0.007205
5490 0.128266 0.824037 0.047697
5678 0.043067 0.773001 0.183932
22715 0.797920 0.164493 0.037587
5638 0.874023 0.014576 0.111401
22752 0.027842 0.100219 0.871939
22582 0.666248 0.092115 0.241637
22744 0.131150 0.494529 0.374321
22709 0.004009 0.975313 0.020678
22755 0.846750 0.034346 0.118904
22571 0.045987 0.092672 0.861341
5590 0.077633 0.845269 0.077098
5582 0.102821 0.339266 0.557914
22567 0.012193 0.134813 0.852994
22723 0.772580 0.090282 0.137138
5619 0.046394 0.017955 0.935651
5579 0.841404 0.022952 0.135644
5628 0.005582 0.863980 0.130438
22055 0.006782 0.014318 0.978900
6217 0.003188 0.015444 0.981367
22589 0.019215 0.016937 0.963849
5608 0.004835 0.007785 0.987380
6210 0.026020 0.925347 0.048633
22637 0.008234 0.982007 0.009759
6335 0.953443 0.020353 0.026204
21904 0.046529 0.029500 0.923971
22207 0.006375 0.049766 0.943859
22591 0.014201 0.935808 0.049990
22620 0.035071 0.961245 0.003684
21989 0.064460 0.045877 0.889664
5613 0.954968 0.043987 0.001045
22549 0.067449 0.026768 0.905783
22051 0.101327 0.007434 0.891239
22605 0.041870 0.003238 0.954893
6238 0.004503 0.064548 0.930949
6166 0.015086 0.984914 0.000000
6200 0.009605 0.927114 0.063282
6153 0.018195 0.166811 0.814994
22626 0.101942 0.020928 0.877131
5606 0.885408 0.106349 0.008243
6186 0.001112 0.122440 0.876449
21968 0.015692 0.672510 0.311798
21972 0.024271 0.797216 0.178513
6228 0.171552 0.827132 0.001316
6248 0.236373 0.762059 0.001569
6233 0.942456 0.013216 0.044328
6223 0.950953 0.035226 0.013821
22001 0.027348 0.795304 0.177348
22005 0.035302 0.963897 0.000801
6232 0.094254 0.891196 0.014550
6207 0.067418 0.917206 0.015376
6142 0.010949 0.981359 0.007692
6143 0.918648 0.034180 0.047172
21940 0.196126 0.044605 0.759269
21944 0.379926 0.091514 0.528559
23297 0.480812 0.323055 0.196132
22071 0.115865 0.162273 0.721863
22047 0.383661 0.035428 0.580911
22316 0.557652 0.299864 0.142484
1233 0.137864 0.302109 0.560027
1150 0.605380 0.106946 0.287675
23341 0.090726 0.083574 0.825700
6333 0.004083 0.011347 0.984569
22060 0.912293 0.073220 0.014487
6328 0.081495 0.713629 0.204876
6323 0.056677 0.394443 0.548880
22122 0.060685 0.017576 0.921739
22480 0.056169 0.753651 0.190180
6367 0.683889 0.260694 0.055417
21905 0.996199 0.000076 0.003726
22288 0.085099 0.018824 0.896078
6088 0.814832 0.169705 0.015464
1208 0.449865 0.481711 0.068424
1237 0.055408 0.760376 0.184216
6295 0.005886 0.986741 0.007373
22126 0.027131 0.023859 0.949010
21863 0.006110 0.962563 0.031326
5981 0.692346 0.109796 0.197857
6023 0.175457 0.720893 0.103650
21912 0.636908 0.201408 0.161685
21916 0.171447 0.188174 0.640379
6008 0.061793 0.797371 0.140835
6004 0.548514 0.350512 0.100974
22041 0.028396 0.147641 0.823963
22038 0.044483 0.174782 0.780735
22202 0.131770 0.635332 0.232898
5966 0.136563 0.633756 0.229681
5921 0.323107 0.588126 0.088767
6279 0.913904 0.043148 0.042948
22026 0.921243 0.000311 0.078446
6364 0.273152 0.691207 0.035641
6359 0.101967 0.696644 0.201389
22031 0.887175 0.109913 0.002912
6105 0.069585 0.122145 0.808270
6078 0.866790 0.106029 0.027181
21878 0.175990 0.108663 0.715348
6124 0.117602 0.876091 0.006307
22268 0.105500 0.044539 0.849961
6315 0.310553 0.677383 0.012064
22301 0.901154 0.019057 0.079789
22282 0.059951 0.851650 0.088399
21858 0.024955 0.950876 0.024169
6308 0.934330 0.027503 0.038167
21958 0.309650 0.150938 0.539412
21950 0.245776 0.083967 0.670257
5976 0.115157 0.710808 0.174035
21909 0.132198 0.040606 0.827196
6012 0.050492 0.772933 0.176575
21959 0.704703 0.189327 0.105970
21949 0.447103 0.352048 0.200849
5983 0.381760 0.067571 0.550669
5930 0.950738 0.004423 0.044839
5931 0.661824 0.000000 0.338176
5934 0.110047 0.815945 0.074007
5938 0.030356 0.952545 0.017099
5971 0.368218 0.170073 0.461709
22239 0.142278 0.085732 0.771990
22238 0.222770 0.732346 0.044884
5928 0.345823 0.654177 0.000000
22279 0.034935 0.896791 0.068274
5951 0.058821 0.936286 0.004892
22214 0.026469 0.020219 0.953312
6098 0.034185 0.838260 0.127555
22292 0.027287 0.159568 0.813144
22252 0.032613 0.743612 0.223776
6137 0.637558 0.297912 0.064529
22259 0.455637 0.473280 0.071083
22269 0.820606 0.055441 0.123954
6119 0.063951 0.779733 0.156316
22102 0.254408 0.256107 0.489485
6035 0.081920 0.902839 0.015241
22130 0.025238 0.228367 0.746395
6044 0.009783 0.440752 0.549465
22123 0.005841 0.942559 0.051600
22129 0.006248 0.931528 0.062224
22091 0.060858 0.261908 0.677234
22095 0.426000 0.115337 0.458663
6080 0.063573 0.811418 0.125010
6062 0.109545 0.485698 0.404757
3641 0.042590 0.658751 0.298659
22163 0.088666 0.230216 0.681119
22167 0.152128 0.288079 0.559794
22171 0.133781 0.363074 0.503145
22175 0.078057 0.424837 0.497106
1199 0.000000 0.219252 0.780748
22184 0.145733 0.011356 0.842911
22162 0.148132 0.774529 0.077339
22135 0.223435 0.640623 0.135941
22139 0.170154 0.783673 0.046174
1241 0.032787 0.088301 0.878912
22478 0.214167 0.048575 0.737259
5813 0.065355 0.559100 0.375545
23399 0.527552 0.212295 0.260153
6368 0.795672 0.174262 0.030066
23325 0.237961 0.637562 0.124477
23247 0.556005 0.207208 0.236787
1306 0.245885 0.147410 0.606705
23396 0.632220 0.139732 0.228048
1359 0.256297 0.325470 0.418233
23224 0.207077 0.207445 0.585477
23412 0.041109 0.352143 0.606749
1313 0.187656 0.160991 0.651353
1314 0.843743 0.071558 0.084698
23430 0.679163 0.229841 0.090996
23423 0.231063 0.269359 0.499578
23381 0.049940 0.573955 0.376105
1322 0.580152 0.147696 0.272152
1248 0.118569 0.473987 0.407444
22760 0.248049 0.470988 0.280963
1158 0.807058 0.068293 0.124648
23367 0.561074 0.250879 0.188047
23371 0.643708 0.319343 0.036949
6878 0.687868 0.229837 0.082295
7013 0.771746 0.213957 0.014297
25017 0.032845 0.679100 0.288055
7036 0.435145 0.037180 0.527674
1137 0.460785 0.518211 0.021003
23263 0.161276 0.206253 0.632472
23305 0.034084 0.258550 0.707366
23303 0.048511 0.432798 0.518691
23271 0.159378 0.106931 0.733691
23235 0.264224 0.225368 0.510408
23313 0.500078 0.053021 0.446901
977 0.744724 0.005793 0.249483
1265 0.044511 0.953244 0.002245
23252 0.068383 0.313662 0.617956
23250 0.173299 0.776472 0.050229
1014 0.518292 0.096415 0.385293
1010 0.072992 0.490481 0.436527
23308 0.126826 0.105024 0.768149
328 0.219567 0.683519 0.096913
19287 0.890578 0.082502 0.026920
336 0.007200 0.924624 0.068176
19332 0.132038 0.821105 0.046857
19164 0.410057 0.018248 0.571695
1491 0.351379 0.046441 0.602179
19875 0.792359 0.061541 0.146101
910 0.410876 0.445556 0.143568
19256 0.088942 0.720991 0.190068
19297 0.098251 0.118150 0.783598
333 0.052692 0.767577 0.179731
19123 0.954131 0.011429 0.034440
1567 0.004461 0.005481 0.990057
19135 0.032595 0.071704 0.895701
19139 0.143097 0.217921 0.638981
1479 0.300323 0.027037 0.672640
23588 0.138441 0.080625 0.780934
23591 0.254991 0.148687 0.596322
1093 0.001217 0.109367 0.889417
23658 0.100250 0.036637 0.863114
23646 0.079498 0.131174 0.789327
23617 0.050649 0.214438 0.734913
23642 0.005876 0.030523 0.963601
23666 0.017359 0.010033 0.972608
23654 0.018727 0.898136 0.083137
23653 0.039694 0.953694 0.006612
1092 0.005650 0.047332 0.947018
1129 0.015824 0.039239 0.944938
23662 0.031712 0.950931 0.017357
18398 0.685909 0.204961 0.109130
1043 0.077930 0.026353 0.895716
23494 0.132670 0.108954 0.758376
18260 0.524964 0.301874 0.173162
18585 0.628832 0.090964 0.280205
1120 0.088671 0.167775 0.743554
1031 0.031736 0.078535 0.889729
18268 0.022687 0.119920 0.857393
678 0.467561 0.237107 0.295332
23474 0.145612 0.150851 0.703538
23486 0.136968 0.238613 0.624418
547 0.413743 0.391491 0.194766
23556 0.993015 0.004555 0.002430
1040 0.006120 0.025102 0.968778
1125 0.017017 0.035842 0.947141
2998 0.011230 0.938077 0.050693
18331 0.846662 0.115793 0.037545
23633 0.016164 0.033219 0.950617
1115 0.958156 0.037744 0.004100
23637 0.019114 0.061100 0.919786
3046 0.154457 0.756007 0.089536
23626 0.038049 0.013719 0.948231
1024 0.057997 0.867745 0.074259
23454 0.071341 0.017668 0.910991
23453 0.081372 0.055388 0.863241
23562 0.206957 0.067356 0.725687
273 0.344949 0.182127 0.472925
27771 0.086057 0.857674 0.056269
28018 0.005074 0.549846 0.445080
19316 0.329407 0.075702 0.594891
23561 0.028341 0.091965 0.879694
950 0.912498 0.085103 0.002399
23568 0.068891 0.667689 0.263420
1607 0.113968 0.805733 0.080299
19552 0.096984 0.146793 0.756223
19548 0.901237 0.030925 0.067839
1065 0.083488 0.275023 0.641489
1061 0.085796 0.802434 0.111770
1532 0.189219 0.126069 0.684711
19336 0.598262 0.284254 0.117484
1605 0.907428 0.073664 0.018909
1595 0.078836 0.855597 0.065567
1618 0.045751 0.871577 0.082671
19224 0.024515 0.934477 0.041008
1588 0.018691 0.056813 0.924496
1611 0.128102 0.852291 0.019607
27536 0.051551 0.068583 0.879866
27444 0.044422 0.125695 0.829883
1639 0.214816 0.735553 0.049631
1624 0.019779 0.339813 0.640408
19408 0.238671 0.126762 0.634567
19404 0.063301 0.841608 0.095092
1780 0.148326 0.698097 0.153578
1788 0.217400 0.696753 0.085846
19362 0.079829 0.140446 0.779725
19357 0.064730 0.356986 0.578284
1763 0.033123 0.286780 0.680097
1795 0.255429 0.177240 0.567331
19361 0.712633 0.027489 0.259877
19365 0.787488 0.174497 0.038015
1676 0.071840 0.274172 0.653989
1054 0.104778 0.840053 0.055170
28083 0.011150 0.903764 0.085086
28084 0.021537 0.014284 0.964179
28064 0.137597 0.004280 0.858123
1430 0.009911 0.831180 0.158909
28071 0.859229 0.024608 0.116162
1685 0.220690 0.653228 0.126082
28055 0.049693 0.151766 0.798541
1659 0.227176 0.709482 0.063342
19532 0.029600 0.018184 0.952216
28100 0.098771 0.012959 0.888271
28088 0.027354 0.929569 0.043078
19378 0.968664 0.023716 0.007620
19419 0.835548 0.075968 0.088483
19420 0.007277 0.020133 0.972590
19417 0.008234 0.416490 0.575276
19411 0.218350 0.119844 0.661806
1784 0.065950 0.710968 0.223082
1635 0.648398 0.194787 0.156815
1645 0.541625 0.226603 0.231772
19424 0.321182 0.560842 0.117977
1760 0.000000 0.907933 0.092067
19401 0.424995 0.455100 0.119905
1767 0.028651 0.178003 0.793345
1768 0.323171 0.037149 0.639680
1771 0.672417 0.249234 0.078350
19366 0.012495 0.983440 0.004065
19441 0.484579 0.119338 0.396082
1813 0.450096 0.226197 0.323707
1731 0.035607 0.952586 0.011808
1723 0.044370 0.904947 0.050683
1728 0.957699 0.017134 0.025166
1745 0.053144 0.817025 0.129831
19459 0.036646 0.010369 0.952986
1416 0.049455 0.866150 0.084395
19522 0.020363 0.057229 0.922408
19517 0.897146 0.088195 0.014659
19564 0.212552 0.040364 0.747085
1446 0.008668 0.617371 0.373962
19485 0.728070 0.257571 0.014359
1426 0.834362 0.148427 0.017211
1422 0.952768 0.012065 0.035167
1470 0.051479 0.306764 0.641757
954 0.093548 0.831357 0.075095
19476 0.155949 0.040144 0.803907
1463 0.011302 0.876065 0.112633
19194 0.003509 0.002483 0.994008
19197 0.943455 0.008492 0.048053
19504 0.000850 0.928892 0.070258
1406 0.079202 0.834593 0.086205
19189 0.045420 0.177980 0.776601
19185 0.010566 0.171504 0.817930
19181 0.052067 0.325336 0.622597
19202 0.014252 0.756034 0.229714
19191 0.010065 0.934712 0.055222
19199 0.075610 0.894159 0.030231
1403 0.087709 0.034355 0.877936
1544 0.030031 0.941142 0.028827
1540 0.005544 0.922798 0.071658
1536 0.046758 0.850482 0.102760
23571 0.480728 0.244219 0.275053
23574 0.729674 0.248545 0.021781
422 0.252746 0.069130 0.678124
419 0.345465 0.482406 0.172130
415 0.784815 0.064974 0.150211
19331 0.593544 0.000000 0.406456
1486 0.000000 0.436534 0.563466
19314 0.682139 0.186226 0.131635
1516 0.041437 0.893254 0.065308
320 0.084775 0.900795 0.014430
1517 0.889787 0.011729 0.098484
1521 0.004432 0.762346 0.233222
1525 0.033819 0.905671 0.060510
19867 0.018481 0.027527 0.953991
396 0.923149 0.014128 0.062723
1584 0.276391 0.321390 0.402219
19150 0.568112 0.294492 0.137396
1548 0.049120 0.232755 0.718125
19216 0.215378 0.001353 0.783269
1539 0.006647 0.141772 0.851581
19205 0.035022 0.950375 0.014602
19120 0.028587 0.056560 0.914852
1499 0.003504 0.039442 0.957054
925 0.182297 0.694237 0.123466
921 0.158404 0.259937 0.581658
23606 0.440241 0.215403 0.344356
241 0.972306 0.021315 0.006379
325 0.392100 0.524454 0.083446
236 0.704585 0.106189 0.189226
19272 0.175114 0.019827 0.805059
19281 0.075678 0.839189 0.085134
250 0.128030 0.072887 0.799083
19236 0.057124 0.825760 0.117116
321 0.812482 0.161928 0.025590
296 0.117091 0.683909 0.199000
19323 0.287094 0.132643 0.580263
290 0.374985 0.045228 0.579787
277 0.008352 0.792005 0.199644
19573 0.095425 0.828721 0.075853
230 0.055537 0.256539 0.687924
19828 0.134832 0.053011 0.812157
397 0.034878 0.107464 0.857658
27509 0.030539 0.954751 0.014710
19808 0.004942 0.988598 0.006460
19510 0.803946 0.039431 0.156623
444 0.105455 0.119592 0.774954
448 0.094188 0.077832 0.827980
19823 0.043387 0.871236 0.085377
19857 0.148518 0.076168 0.775313
19888 0.004328 0.124088 0.871583
407 0.017728 0.001077 0.981195
19987 0.648798 0.218433 0.132769
368 0.287269 0.642887 0.069844
393 0.574821 0.337916 0.087263
19998 0.888684 0.079050 0.032267
20024 0.120589 0.607090 0.272320
20021 0.105680 0.408507 0.485813
94 0.052635 0.787594 0.159771
54 0.307176 0.404247 0.288577
19965 0.175913 0.141148 0.682939
19939 0.733601 0.085668 0.180731
4319 0.078438 0.831480 0.090081
104 0.128994 0.626352 0.244654
24094 0.798173 0.049985 0.151842
59 0.503907 0.492670 0.003423
20012 0.179146 0.597746 0.223107
20016 0.429509 0.409030 0.161461
19927 0.549111 0.177176 0.273714
19920 0.272470 0.015919 0.711611
169 0.641763 0.031541 0.326697
19589 0.733178 0.063609 0.203212
137 0.123548 0.196810 0.679642
19622 0.647362 0.192651 0.159987
862 0.109035 0.607411 0.283554
19610 0.509594 0.149297 0.341108
218 0.207586 0.601771 0.190643
19640 0.600769 0.244265 0.154966
19644 0.198464 0.729191 0.072344
19946 0.246006 0.389316 0.364678
7 0.070108 0.537949 0.391942
19636 0.798377 0.164668 0.036955
19632 0.853736 0.113320 0.032944
19681 0.253612 0.115228 0.631160
189 0.428786 0.329608 0.241606
755 0.172592 0.766982 0.060426
3155 0.123878 0.848432 0.027690
18992 0.857946 0.137157 0.004897
2984 0.268431 0.082370 0.649199
3019 0.786911 0.182906 0.030183
18272 0.696500 0.069530 0.233971
19673 0.179800 0.337616 0.482584
187 0.055541 0.011604 0.932855
18938 0.109512 0.038769 0.851719
18297 0.359560 0.051277 0.589163
194 0.859346 0.086480 0.054174
18586 0.796950 0.045320 0.157730
18248 0.885782 0.013891 0.100327
191 0.804719 0.152129 0.043153
18425 0.036406 0.613184 0.350409
202 0.281062 0.312792 0.406146
19582 0.207406 0.236023 0.556571
117 0.105673 0.391507 0.502821
19602 0.327614 0.080192 0.592194
126 0.186308 0.322102 0.491591
19619 0.241847 0.136179 0.621974
752 0.195705 0.746757 0.057538
155 0.157957 0.528035 0.314007
159 0.155624 0.647470 0.196907
19766 0.174200 0.118220 0.707581
166 0.047965 0.740195 0.211840
19750 0.098653 0.382427 0.518920
143 0.336990 0.532699 0.130311
19772 0.232214 0.131037 0.636749
747 0.071318 0.359331 0.569351
18471 0.010125 0.055788 0.934087
770 0.169218 0.022746 0.808036
18631 0.418144 0.283956 0.297900
18463 0.574572 0.144475 0.280953
682 0.027638 0.113388 0.858975
19702 0.790809 0.184948 0.024242
844 0.317844 0.387231 0.294925
776 0.517319 0.302345 0.180336
848 0.741663 0.152769 0.105567
773 0.010489 0.985376 0.004134
840 0.023612 0.486703 0.489685
854 0.212540 0.098165 0.689295
18615 0.395391 0.458896 0.145713
19779 0.265895 0.051253 0.682852
18541 0.704520 0.084923 0.210557
151 0.164300 0.372188 0.463512
761 0.208694 0.754665 0.036641
18536 0.208315 0.752619 0.039066
856 0.772088 0.078686 0.149226
808 0.089639 0.110050 0.800311
786 0.111831 0.347876 0.540294
18486 0.398251 0.566519 0.035230
683 0.298584 0.492898 0.208518
687 0.183536 0.667402 0.149062
19743 0.282212 0.262039 0.455749
19735 0.112983 0.432318 0.454699
19739 0.569846 0.373681 0.056473
2926 0.543658 0.152252 0.304090
18718 0.079415 0.742496 0.178089
18686 0.133709 0.784392 0.081899
904 0.232002 0.179733 0.588265
18458 0.502790 0.042503 0.454707
899 0.132533 0.573294 0.294173
18444 0.017495 0.800635 0.181869
18441 0.765157 0.211533 0.023310
907 0.134682 0.134467 0.730850
821 0.076944 0.601941 0.321115
529 0.926623 0.053602 0.019775
18751 0.319835 0.569236 0.110930
20459 0.367006 0.497428 0.135566
2336 0.121706 0.572198 0.306096
2916 0.091805 0.872727 0.035468
2922 0.140564 0.135115 0.724321
564 0.918902 0.039746 0.041351
18633 0.257802 0.679091 0.063108
19714 0.527815 0.434264 0.037922
18652 0.160508 0.613093 0.226400
18648 0.204202 0.122082 0.673716
518 0.061185 0.001935 0.936880
515 0.591270 0.375594 0.033136
18606 0.832016 0.094129 0.073855
561 0.480557 0.234258 0.285185
18572 0.525205 0.131789 0.343006
19074 0.245320 0.195094 0.559585
24193 0.569660 0.356758 0.073582
18571 0.064882 0.898315 0.036803
2340 0.339541 0.643007 0.017452
462 0.059919 0.509677 0.430404
18593 0.738590 0.044066 0.217344
472 0.928550 0.022111 0.049339
476 0.653378 0.311817 0.034805
481 0.382187 0.449150 0.168663
540 0.441119 0.200921 0.357960
18556 0.405582 0.592171 0.002247
2960 0.320548 0.460326 0.219126
592 0.075331 0.618888 0.305781
18213 0.687160 0.054967 0.257873
18217 0.885726 0.108086 0.006188
663 0.545504 0.378942 0.075554
667 0.261479 0.583426 0.155095
671 0.275246 0.227461 0.497293
18234 0.147999 0.690378 0.161623
485 0.063039 0.333037 0.603923
18275 0.866397 0.008456 0.125148
498 0.002695 0.956402 0.040903
499 0.808242 0.153754 0.038003
503 0.621470 0.155237 0.223293
507 0.310451 0.357065 0.332483
467 0.392489 0.418039 0.189472
652 0.073631 0.124739 0.801630
632 0.038504 0.914421 0.047075
636 0.023782 0.960687 0.015531
638 0.882991 0.073147 0.043862
18312 0.804738 0.145250 0.050012
18316 0.742239 0.146019 0.111742
18290 0.740927 0.074929 0.184144
617 0.115278 0.490880 0.393842
18237 0.708247 0.043702 0.248051
18241 0.784935 0.144660 0.070405
574 0.432764 0.347435 0.219801
578 0.198179 0.514713 0.287109
582 0.191712 0.148287 0.660002
583 0.135643 0.849713 0.014644
3031 0.076698 0.178578 0.744724
18406 0.856203 0.018774 0.125022
1818 0.839871 0.010580 0.149549
18383 0.588724 0.208854 0.202422
603 0.643019 0.129240 0.227742
607 0.195097 0.593138 0.211765
611 0.096124 0.625492 0.278385
3032 0.849852 0.083891 0.066258
18429 0.108364 0.843169 0.048467
3038 0.043971 0.115475 0.840554
3065 0.069875 0.431662 0.498463
18341 0.645645 0.252155 0.102200
3056 0.385110 0.195141 0.419750
3052 0.387071 0.034315 0.578614
18333 0.193917 0.230130 0.575953
18374 0.252250 0.322620 0.425131
18370 0.389900 0.135933 0.474167
18377 0.679297 0.012608 0.308095
18378 0.080350 0.901033 0.018618
18413 0.299347 0.047797 0.652856
3015 0.066282 0.647046 0.286672
18956 0.109779 0.112749 0.777472
18952 0.109680 0.116545 0.773775
18948 0.186287 0.091925 0.721788
18964 0.121861 0.037690 0.840449
18967 0.931151 0.010305 0.058544
18364 0.847505 0.079579 0.072916
18360 0.470351 0.092391 0.437258
3147 0.028926 0.035505 0.935570
18993 0.064951 0.924934 0.010115
18901 0.016973 0.894933 0.088094
2986 0.041987 0.935746 0.022267
3002 0.019138 0.830434 0.150428
18970 0.906059 0.088286 0.005655
18662 0.729991 0.028377 0.241632
3119 0.021930 0.153086 0.824984
3123 0.072771 0.091176 0.836054
18940 0.106010 0.020626 0.873363
18917 0.254006 0.111888 0.634106
3092 0.002199 0.222518 0.775282
3125 0.042359 0.034328 0.923313
18935 0.030577 0.916552 0.052870
18947 0.048257 0.878241 0.073502
3173 0.130225 0.019380 0.850394
18908 0.876725 0.086162 0.037113
3171 0.021563 0.916346 0.062091
3153 0.048647 0.763237 0.188116
3132 0.086755 0.096403 0.816842
18979 0.794525 0.165202 0.040272
18418 0.301138 0.008474 0.690388
3110 0.009753 0.094933 0.895315
21833 0.227613 0.192927 0.579459
1882 0.373381 0.167971 0.458648
1928 0.056120 0.026679 0.917201
21758 0.612810 0.288414 0.098777
1923 0.051979 0.161604 0.786417
1916 0.138534 0.412589 0.448878
20326 0.196062 0.610233 0.193705
-1 0.000000 0.000000 0.000000
21798 0.120122 0.157493 0.722385
2856 0.120589 0.772567 0.106843
24184 0.454727 0.038106 0.507167
23536 0.023015 0.860026 0.116959
23505 0.102105 0.874408 0.023488
21819 0.309145 0.537261 0.153594
20234 0.305101 0.293692 0.401207
12121 0.161486 0.615193 0.223321
20432 0.215534 0.356576 0.427891
2214 0.060007 0.929565 0.010428
23526 0.016782 0.684774 0.298444
2816 0.512265 0.374102 0.113632
19007 0.163658 0.759811 0.076532
2355 0.163677 0.794588 0.041736
20240 0.837146 0.066093 0.096762
-1 0.000000 0.000000 0.000000
-1 0.000000 0.000000 0.000000
26182 0.500913 0.042709 0.456378
-1 0.000000 0.000000 0.000000
-1 0.000000 0.000000 0.000000
-1 0.000000 0.000000 0.000000
-1 0.000000 0.000000 0.000000
-1 0.000000 0.000000 0.000000
-1 0.000000 0.000000 0.000000
19006 0.198872 0.273782 0.527347
19009 0.886095 0.081934 0.031971
23528 0.341202 0.264823 0.393975
21811 0.095124 0.739615 0.165261
20469 0.104870 0.848766 0.046364
20182 0.183635 0.548397 0.267968
20190 0.003583 0.751972 0.244446
20191 0.313366 0.413940 0.272694
2367 0.184614 0.257288 0.558099
2364 0.141260 0.064920 0.793821
20378 0.182230 0.048645 0.769125
2330 0.721356 0.248968 0.029676
2944 0.318184 0.061802 0.620014
2940 0.518520 0.166437 0.315043
2773 0.590404 0.328678 0.080918
2769 0.536976 0.460323 0.002701
18728 0.703099 0.106844 0.190058
18724 0.871383 0.026463 0.102154
2842 0.719767 0.202084 0.078149
11855 0.066021 0.368570 0.565409
2936 0.402688 0.533575 0.063737
18669 0.199011 0.772594 0.028395
18665 0.291986 0.695760 0.012254
18703 0.341239 0.446694 0.212068
18713 0.883626 0.114533 0.001841
18709 0.104195 0.019797 0.876008
11851 0.031207 0.672883 0.295910
20398 0.545216 0.181063 0.273722
2297 0.116885 0.557371 0.325744
2373 0.424957 0.252592 0.322451
2381 0.292628 0.251290 0.456082
2164 0.231965 0.613621 0.154414
2376 0.319710 0.568012 0.112278
2860 0.003899 0.045454 0.950648
2857 0.007473 0.125578 0.866949
20868 0.014715 0.711442 0.273844
18807 0.126913 0.013323 0.859764
18811 0.208544 0.096921 0.694535
3421 0.034314 0.246174 0.719511
18818 0.025692 0.677536 0.296772
3427 0.344266 0.246769 0.408965
3431 0.083483 0.343382 0.573135
21227 0.548828 0.081803 0.369369
18788 0.290183 0.091561 0.618256
18780 0.941663 0.019127 0.039210
2851 0.142526 0.546642 0.310832
18774 0.411593 0.298100 0.290307
18794 0.348269 0.470014 0.181717
3514 0.201956 0.748748 0.049295
18798 0.764727 0.001505 0.233768
20028 0.178778 0.005645 0.815577
18794 0.917149 0.043021 0.039830
3632 0.245210 0.307738 0.447053
3554 0.389774 0.014188 0.596037
3457 0.029486 0.686337 0.284177
2890 0.220442 0.531148 0.248411
