22003 0.893418 0.006943 0.099638
22002 0.128020 0.575753 0.296227
22253 0.344821 0.149230 0.505949
17983 0.511883 0.088269 0.399849
5243 0.044654 0.562078 0.393267
5246 0.832809 0.123872 0.043319
6438 0.293016 0.508670 0.198314
16618 0.805556 0.158134 0.036310
22044 0.127870 0.591477 0.280652
21987 0.149093 0.151734 0.699173
22323 0.017684 0.959470 0.022846
6051 0.079362 0.538156 0.382482
3596 0.040501 0.290872 0.668627
3594 0.281801 0.158829 0.559370
17151 0.982749 0.001963 0.015289
16827 0.518162 0.013792 0.468046
5338 0.179467 0.000000 0.820533
21772 0.474344 0.090091 0.435565
16558 0.101752 0.169973 0.728275
22833 0.035396 0.846448 0.118157
16740 0.772780 0.096682 0.130538
22933 0.866149 0.064331 0.069520
4995 0.156323 0.592393 0.251283
16725 0.422244 0.500857 0.076900
17169 0.000000 0.267362 0.732638
13347 0.267337 0.295822 0.436841
1575 0.872679 0.040442 0.086878
2326 0.749134 0.062726 0.188139
13886 0.066611 0.427457 0.505932
17540 0.579361 0.295302 0.125337
17503 0.372159 0.096809 0.531032
18961 0.291305 0.469253 0.239442
2630 0.004179 0.488272 0.507550
451 0.031763 0.243163 0.725074
6244 0.048436 0.325867 0.625697
5803 0.654347 0.339585 0.006068
4735 0.380324 0.544304 0.075372
4749 0.101703 0.540301 0.357996
14242 0.279368 0.446629 0.274004
14189 0.696284 0.057497 0.246219
3124 0.098378 0.857389 0.044233
18754 0.602314 0.359554 0.038132
796 0.741055 0.212921 0.046024
2595 0.072170 0.709118 0.218712
18843 0.247281 0.547241 0.205478
650 0.871064 0.090269 0.038667
14578 0.026381 0.582580 0.391039
1870 0.072631 0.167669 0.759699
13636 0.371557 0.596355 0.032088
3055 0.520688 0.455405 0.023907
6580 0.563051 0.228709 0.208241
10842 0.254903 0.268655 0.476443
18001 0.137897 0.242380 0.619723
2379 0.438274 0.452260 0.109466
17495 0.183754 0.810007 0.006239
17481 0.259428 0.226636 0.513936
19810 0.298687 0.314869 0.386444
2642 0.017569 0.495837 0.486594
1935 0.240595 0.529364 0.230041
14590 0.659961 0.079596 0.260443
2920 0.038297 0.339306 0.622397
18118 0.042680 0.694897 0.262422
5822 0.529114 0.405178 0.065709
17423 0.139758 0.826613 0.033629
17438 0.071780 0.923022 0.005198
6164 0.806006 0.186426 0.007568
6169 0.506829 0.290113 0.203058
17419 0.004682 0.797105 0.198213
19215 0.345070 0.292148 0.362782
17823 0.836337 0.025648 0.138015
21997 0.000682 0.553057 0.446261
4258 0.623040 0.125896 0.251064
21948 0.312589 0.294747 0.392663
4239 0.196750 0.434021 0.369229
21888 0.769521 0.011607 0.218872
3669 0.589399 0.392073 0.018528
22235 0.557313 0.417082 0.025604
3532 0.656096 0.291297 0.052607
21837 0.630279 0.047759 0.321962
1198 0.078011 0.614136 0.307853
19351 0.436062 0.017974 0.545964
980 0.641166 0.294555 0.064280
965 0.304137 0.179558 0.516306
4952 0.150577 0.361859 0.487564
977 0.138492 0.824239 0.037269
22297 0.715368 0.158808 0.125824
16685 0.289445 0.489613 0.220942
4277 0.627189 0.287672 0.085139
21911 0.528580 0.040924 0.430495
17975 0.278139 0.141974 0.579886
19284 0.440761 0.212555 0.346684
994 0.040172 0.229150 0.730678
17249 0.069719 0.519212 0.411069
17247 0.091818 0.391267 0.516915
17336 0.176411 0.230666 0.592922
6006 0.036148 0.604917 0.358934
5999 0.086899 0.296775 0.616326
17646 0.902296 0.014286 0.083418
17648 0.340545 0.439170 0.220285
6193 0.369802 0.447423 0.182775
6172 0.736194 0.067337 0.196469
18052 0.075559 0.458620 0.465821
6560 0.414307 0.547930 0.037764
6594 0.007056 0.377935 0.615008
6601 0.376356 0.108003 0.515641
18020 0.085171 0.850820 0.064010
2376 0.174395 0.111795 0.713810
13371 0.208185 0.101835 0.689980
6283 0.845950 0.075875 0.078175
6234 0.763026 0.166559 0.070415
17930 0.245008 0.258270 0.496722
11017 0.066648 0.659917 0.273435
13758 0.166532 0.441476 0.391992
14039 0.369919 0.175963 0.454119
6391 0.502805 0.470491 0.026704
868 0.431565 0.055317 0.513118
17795 0.026721 0.190378 0.782902
5599 0.411129 0.147055 0.441816
16657 0.068407 0.312088 0.619505
16850 0.362848 0.205748 0.431403
19706 0.397410 0.319911 0.282678
22424 0.393966 0.375840 0.230194
4005 0.445478 0.173322 0.381201
3368 0.569164 0.183894 0.246942
16570 0.052358 0.670123 0.277519
17115 0.561323 0.270950 0.167727
23112 0.016630 0.664199 0.319170
23025 0.566144 0.002955 0.430901
1457 0.684404 0.235911 0.079684
22989 0.240213 0.041905 0.717882
19662 0.714756 0.112475 0.172769
3815 0.750547 0.052791 0.196662
5979 0.121185 0.818511 0.060304
5968 0.646001 0.175380 0.178619
17717 0.365378 0.258555 0.376066
5443 0.756292 0.003773 0.239935
17759 0.812045 0.143893 0.044062
6219 0.452040 0.040775 0.507184
6136 0.033669 0.438503 0.527828
6120 0.207014 0.691744 0.101242
17236 0.110128 0.482116 0.407755
17736 0.582339 0.283516 0.134145
17725 0.435204 0.262131 0.302665
5606 0.105960 0.067413 0.826627
17656 0.762661 0.017325 0.220013
17572 0.273767 0.089525 0.636708
6151 0.113666 0.881449 0.004885
6525 0.659310 0.089618 0.251072
6559 0.338537 0.261899 0.399563
18151 0.474161 0.017471 0.508368
18022 0.413226 0.558961 0.027813
6588 0.586686 0.191651 0.221663
17982 0.046489 0.263748 0.689763
17922 0.194593 0.498662 0.306745
17659 0.148242 0.285414 0.566344
17631 0.248286 0.741106 0.010607
6008 0.163701 0.122812 0.713487
5445 0.037484 0.738385 0.224131
17202 0.269212 0.697550 0.033237
22403 0.554330 0.039438 0.406231
6316 0.091462 0.172505 0.736033
6352 0.267400 0.283153 0.449447
16917 0.610927 0.138475 0.250598
5310 0.175453 0.146365 0.678182
17863 0.212630 0.323498 0.463872
6229 0.329838 0.418671 0.251491
4994 0.016667 0.776566 0.206768
6179 0.100843 0.174509 0.724648
18127 0.476159 0.506291 0.017550
18106 0.163383 0.143807 0.692811
18105 0.899197 0.041958 0.058846
5007 0.097885 0.784061 0.118054
17590 0.163388 0.178146 0.658466
6177 0.020925 0.799035 0.180039
17597 0.421680 0.132838 0.445482
17660 0.844881 0.112993 0.042126
6146 0.432046 0.291775 0.276178
17661 0.219650 0.035284 0.745066
17596 0.648902 0.295395 0.055704
5808 0.122020 0.408918 0.469062
5963 0.269140 0.439971 0.290890
17416 0.888498 0.074967 0.036536
16620 0.088013 0.568456 0.343530
4164 0.350614 0.214085 0.435301
4163 0.160998 0.415810 0.423192
22068 0.225050 0.541826 0.233124
22011 0.195113 0.574539 0.230349
16646 0.181253 0.411745 0.407002
22078 0.452646 0.237788 0.309566
4256 0.088555 0.084053 0.827392
4207 0.829785 0.011166 0.159048
21923 0.206820 0.694082 0.099098
21975 0.053832 0.163491 0.782677
4835 0.249813 0.147263 0.602924
4762 0.301374 0.014216 0.684410
4848 0.531808 0.376921 0.091271
4815 0.169836 0.565037 0.265127
5318 0.876656 0.105385 0.017959
5642 0.008145 0.504379 0.487476
4269 0.067670 0.051440 0.880890
4837 0.090898 0.813474 0.095628
21968 0.533683 0.352498 0.113819
4823 0.572096 0.028775 0.399129
4294 0.459736 0.135954 0.404309
22083 0.093998 0.164497 0.741504
4324 0.540810 0.273807 0.185383
22030 0.096303 0.690136 0.213560
6143 0.906713 0.055004 0.038283
6133 0.097478 0.780334 0.122187
6130 0.448995 0.339670 0.211335
17271 0.512758 0.001689 0.485554
5431 0.299171 0.332563 0.368267
21939 0.103777 0.530583 0.365640
21953 0.709946 0.181341 0.108713
4811 0.099051 0.575685 0.325264
21999 0.378485 0.544392 0.077123
21990 0.836949 0.088357 0.074695
22091 0.249877 0.278816 0.471307
22000 0.385299 0.201590 0.413111
22049 0.279320 0.432883 0.287797
4813 0.106178 0.087173 0.806649
21921 0.231668 0.234267 0.534066
990 0.015264 0.672047 0.312689
1011 0.887400 0.096494 0.016106
22227 0.285355 0.365177 0.349469
4860 0.075415 0.635889 0.288695
22306 0.019823 0.928478 0.051699
19413 0.224785 0.169738 0.605477
1075 0.333100 0.067025 0.599875
19313 0.722436 0.006025 0.271539
4751 0.216274 0.525210 0.258516
19030 0.116097 0.020092 0.863811
22311 0.297247 0.386527 0.316226
22301 0.209405 0.447058 0.343538
970 0.526816 0.308326 0.164858
19190 0.141426 0.849426 0.009148
4919 0.771061 0.018399 0.210540
22259 0.824019 0.081793 0.094187
19013 0.145496 0.585836 0.268668
1020 0.033304 0.233383 0.733312
19209 0.287740 0.492359 0.219902
4855 0.221400 0.616030 0.162571
22241 0.251573 0.057314 0.691114
4768 0.106708 0.670939 0.222353
22219 0.006489 0.196459 0.797052
4766 0.357820 0.354145 0.288036
4325 0.344119 0.114107 0.541774
5637 0.196599 0.222243 0.581158
3672 0.772689 0.175503 0.051808
3632 0.017623 0.166453 0.815923
19333 0.222540 0.532202 0.245258
3711 0.033393 0.666776 0.299831
3666 0.858320 0.126733 0.014947
21882 0.021447 0.321918 0.656636
21831 0.419899 0.461342 0.118759
3551 0.552006 0.223738 0.224256
3554 0.011833 0.673249 0.314918
21894 0.238650 0.037036 0.724315
3629 0.514430 0.418570 0.067000
21872 0.363504 0.403573 0.232923
21721 0.411456 0.511139 0.077404
1544 0.293697 0.577232 0.129071
19130 0.017013 0.360310 0.622677
3654 0.174572 0.638751 0.186677
936 0.279557 0.519604 0.200839
942 0.163040 0.680360 0.156600
959 0.196839 0.284929 0.518232
1502 0.612861 0.100488 0.286651
21938 0.668901 0.129348 0.201751
21944 0.035229 0.622541 0.342230
3642 0.028850 0.884194 0.086956
3644 0.588041 0.284350 0.127609
21978 0.072892 0.213276 0.713832
22006 0.266887 0.469946 0.263167
4318 0.718257 0.145339 0.136404
17672 0.372373 0.008836 0.618792
5837 0.798329 0.092007 0.109664
17692 0.505947 0.169367 0.324687
22074 0.141995 0.393611 0.464394
22656 0.009176 0.096234 0.894590
6031 0.127758 0.173480 0.698762
17623 0.122967 0.876046 0.000987
22386 0.271837 0.092959 0.635204
857 0.030634 0.112868 0.856499
6187 0.139594 0.450521 0.409885
6298 0.498626 0.200586 0.300788
18085 0.483322 0.049052 0.467625
6544 0.325334 0.489165 0.185502
16619 0.377439 0.243758 0.378804
6038 0.154554 0.588583 0.256863
17608 0.220559 0.751026 0.028415
1002 0.385218 0.458477 0.156305
5680 0.029710 0.068732 0.901559
6116 0.219887 0.330820 0.449293
6098 0.136517 0.761124 0.102359
5755 0.079973 0.770336 0.149691
18100 0.162036 0.262362 0.575602
6226 0.181646 0.117329 0.701025
6236 0.511206 0.399989 0.088805
17865 0.539717 0.243528 0.216755
841 0.076323 0.905567 0.018110
17638 0.148895 0.624089 0.227017
6252 0.601242 0.147471 0.251288
5991 0.025276 0.614748 0.359976
3918 0.660379 0.098818 0.240803
3862 0.100403 0.673786 0.225811
22362 0.206025 0.198538 0.595437
3907 0.521622 0.347805 0.130573
22373 0.181966 0.522310 0.295723
6265 0.396440 0.306390 0.297170
6270 0.121808 0.222986 0.655206
17846 0.127328 0.190224 0.682448
3606 0.086373 0.512721 0.400906
5776 0.549771 0.417291 0.032938
22126 0.322700 0.495279 0.182020
4884 0.093499 0.632784 0.273717
3563 0.348035 0.459482 0.192483
22196 0.143806 0.197711 0.658483
22207 0.274654 0.080047 0.645299
1035 0.498790 0.071739 0.429471
21633 0.814402 0.048736 0.136862
21543 0.216780 0.725643 0.057577
22186 0.443169 0.104910 0.451922
21625 0.695767 0.234330 0.069903
21596 0.023873 0.976127 0.000000
3544 0.551643 0.264645 0.183711
4606 0.225714 0.538243 0.236042
21815 0.173552 0.766597 0.059852
21563 0.114432 0.810402 0.075166
1054 0.501137 0.432432 0.066432
22198 0.833498 0.121791 0.044711
22199 0.819760 0.112538 0.067702
5358 0.324824 0.077623 0.597552
3328 0.281419 0.349369 0.369212
22879 0.322117 0.532511 0.145372
16550 0.253561 0.236727 0.509712
22753 0.353710 0.170150 0.476139
22753 0.305556 0.103160 0.591284
22753 0.509478 0.104195 0.386327
3415 0.000000 0.622302 0.377698
22753 0.427591 0.327488 0.244921
22753 0.414336 0.406658 0.179006
22753 0.773510 0.211435 0.015055
3431 0.881513 0.118487 0.000000
3431 0.618587 0.055736 0.325677
3431 0.527812 0.472188 0.000000
22862 0.165938 0.073931 0.760131
22873 0.716663 0.217756 0.065581
16913 0.166844 0.325475 0.507681
22862 0.160135 0.075770 0.764095
22862 0.380149 0.205253 0.414598
22862 0.637030 0.304818 0.058152
16603 0.318677 0.090819 0.590504
5003 0.517803 0.392750 0.089447
17914 0.192169 0.243156 0.564674
5245 0.017038 0.733981 0.248981
22862 0.060629 0.279283 0.660088
3384 0.558610 0.441390 0.000000
3327 0.420204 0.000000 0.579796
3327 0.000000 0.471710 0.528290
22862 0.168187 0.635993 0.195820
3327 0.000000 0.039908 0.960092
5113 0.457792 0.322647 0.219561
3417 0.177609 0.093874 0.728517
22754 0.684620 0.052432 0.262947
3410 0.474526 0.132365 0.393109
1113 0.622184 0.370410 0.007406
17051 0.345464 0.419403 0.235134
1094 0.354319 0.393515 0.252166
3305 0.529378 0.033886 0.436736
16946 0.019031 0.452437 0.528532
22784 0.077595 0.730333 0.192072
5570 0.165308 0.808107 0.026585
3986 0.240932 0.095414 0.663654
5560 0.107785 0.158934 0.733281
22791 0.300320 0.248046 0.451634
3983 0.129242 0.557825 0.312933
5557 0.052199 0.392945 0.554856
22822 0.560710 0.422507 0.016783
23079 0.081780 0.473953 0.444267
3950 0.864165 0.100374 0.035461
23065 0.546909 0.333531 0.119560
22959 0.126212 0.484762 0.389026
22962 0.405969 0.268048 0.325983
22961 0.379610 0.205620 0.414770
19682 0.376382 0.404201 0.219417
3778 0.044724 0.140493 0.814783
1450 0.828970 0.080687 0.090343
16861 0.178389 0.683560 0.138050
19701 0.742985 0.002801 0.254214
16857 0.670804 0.106631 0.222565
16853 0.647268 0.340723 0.012009
22729 0.163613 0.248883 0.587503
19422 0.475418 0.293247 0.231335
22459 0.284956 0.095030 0.620014
17791 0.044245 0.463866 0.491888
3808 0.185984 0.660075 0.153942
22448 0.368274 0.208319 0.423407
22996 0.244388 0.186510 0.569102
17449 0.045153 0.344979 0.609867
17371 0.067873 0.489894 0.442233
17369 0.699464 0.184758 0.115778
17460 0.720117 0.185695 0.094188
22972 0.319444 0.619219 0.061337
17201 0.445364 0.014142 0.540494
22513 0.361395 0.025293 0.613312
5662 0.393444 0.460475 0.146080
5311 0.047647 0.147590 0.804763
17544 0.839277 0.002156 0.158567
16864 0.423087 0.411403 0.165510
17962 0.592000 0.119529 0.288471
18158 0.414424 0.450913 0.134663
17944 0.108308 0.721351 0.170341
5315 0.147878 0.472776 0.379346
18179 0.021850 0.349266 0.628885
5305 0.015108 0.402232 0.582660
6509 0.422400 0.396557 0.181043
6384 0.345375 0.399978 0.254647
18005 0.356852 0.054660 0.588488
6596 0.401690 0.133120 0.465190
18171 0.197217 0.186524 0.616259
18147 0.651867 0.306225 0.041909
6514 0.006428 0.269661 0.723911
6542 0.039912 0.857161 0.102927
5975 0.630227 0.219794 0.149979
4990 0.325858 0.490518 0.183623
17397 0.130253 0.757079 0.112669
1560 0.546277 0.332339 0.121384
16962 0.055995 0.246473 0.697532
16965 0.034650 0.622862 0.342488
3718 0.077095 0.868565 0.054340
23091 0.100871 0.228448 0.670680
17113 0.493989 0.230136 0.275875
4124 0.206464 0.346792 0.446744
1496 0.058743 0.029817 0.911440
4062 0.391176 0.436141 0.172684
3992 0.068746 0.708882 0.222372
23058 0.545296 0.090392 0.364312
3438 0.002472 0.251431 0.746097
5533 0.269866 0.021853 0.708281
17120 0.303511 0.185989 0.510500
17035 0.137809 0.157268 0.704924
16960 0.274702 0.366037 0.359261
17118 0.400030 0.210001 0.389969
17027 0.254761 0.358559 0.386680
3976 0.060286 0.125247 0.814467
4105 0.155440 0.391000 0.453560
3761 0.428745 0.335191 0.236064
3722 0.366711 0.590980 0.042309
23103 0.632879 0.220863 0.146258
22499 0.055829 0.402215 0.541956
5302 0.084073 0.469721 0.446205
19158 0.078859 0.287559 0.633583
5521 0.438205 0.166171 0.395624
19637 0.686292 0.055394 0.258314
22944 0.014921 0.180374 0.804705
1624 0.225800 0.250611 0.523589
16659 0.772822 0.143897 0.083281
6360 0.088983 0.271368 0.639650
17853 0.265610 0.533958 0.200432
6374 0.032865 0.445027 0.522107
17397 0.466149 0.343289 0.190562
2431 0.516322 0.445619 0.038058
1565 0.708963 0.192868 0.098169
13335 0.255431 0.490134 0.254435
13858 0.341514 0.092585 0.565900
13883 0.252102 0.160900 0.586998
4978 0.079191 0.008835 0.911974
18037 0.201066 0.151733 0.647202
2364 0.382978 0.142040 0.474982
16592 0.100817 0.585871 0.313312
13860 0.105223 0.045381 0.849395
16601 0.721811 0.165358 0.112831
2438 0.415183 0.530943 0.053874
2445 0.189648 0.745275 0.065077
17385 0.252056 0.077447 0.670496
14041 0.392390 0.227224 0.380386
17387 0.042813 0.826505 0.130682
17844 0.592866 0.293774 0.113359
17529 0.131926 0.364750 0.503324
5936 0.129755 0.206681 0.663564
13872 0.741892 0.082584 0.175525
18107 0.530231 0.111802 0.357966
17842 0.100918 0.146670 0.752412
13238 0.377043 0.068697 0.554260
18912 0.808410 0.001001 0.190589
19005 0.450700 0.077838 0.471462
19483 0.444448 0.375719 0.179833
1260 0.203336 0.455038 0.341626
19429 0.329040 0.643719 0.027241
19426 0.095367 0.468966 0.435667
19603 0.001457 0.748596 0.249947
13246 0.140013 0.485944 0.374043
1424 0.499422 0.341923 0.158655
19478 0.133491 0.849431 0.017078
19833 0.610942 0.171370 0.217688
19494 0.243906 0.131332 0.624761
1291 0.202747 0.221836 0.575417
19475 0.094077 0.179523 0.726400
19441 0.672531 0.159497 0.167972
19522 0.646890 0.346309 0.006801
1288 0.202062 0.121187 0.676751
19492 0.225315 0.545518 0.229167
1275 0.638137 0.138814 0.223049
1446 0.195594 0.667791 0.136615
19820 0.373699 0.123885 0.502416
1282 0.386658 0.359641 0.253701
11004 0.486598 0.378748 0.134653
327 0.169788 0.595980 0.234232
290 0.446955 0.050267 0.502778
13285 0.291674 0.152995 0.555331
18457 0.201807 0.312391 0.485802
260 0.395540 0.453078 0.151382
2138 0.299034 0.005175 0.695791
258 0.381078 0.295292 0.323630
2120 0.199662 0.536199 0.264139
1704 0.656178 0.249817 0.094005
1377 0.619634 0.009839 0.370527
13571 0.393387 0.164501 0.442112
1703 0.410929 0.186869 0.402202
1670 0.483864 0.154608 0.361528
2073 0.533269 0.466731 0.000000
2073 0.780595 0.219405 0.000000
2073 0.469789 0.530211 0.000000
2073 0.350011 0.649989 0.000000
2072 0.916359 0.083641 0.000000
2072 0.907594 0.092406 0.000000
13703 0.461023 0.182441 0.356536
1671 0.181536 0.285821 0.532643
1702 0.053815 0.707734 0.238451
1675 0.074233 0.082216 0.843551
13538 0.113121 0.203186 0.683693
13541 0.142125 0.435770 0.422105
13575 0.071011 0.805342 0.123647
13577 0.070358 0.580441 0.349201
13295 0.777669 0.105624 0.116706
13983 0.027126 0.549835 0.423039
2085 0.187818 0.798052 0.014130
2142 0.319490 0.645363 0.035147
2125 0.014766 0.670252 0.314981
13259 0.052861 0.819640 0.127499
13552 0.267492 0.131459 0.601048
1761 0.776218 0.136282 0.087500
2022 0.563744 0.018166 0.418090
15956 0.201422 0.594056 0.204522
16052 0.316930 0.320437 0.362633
6536 0.031058 0.524909 0.444034
22025 0.307551 0.626738 0.065712
4162 0.079553 0.806626 0.113821
16884 0.204731 0.117378 0.677891
2072 0.880952 0.119048 0.000000
1390 0.569032 0.370333 0.060634
13585 0.282765 0.596840 0.120395
13703 0.094245 0.217341 0.688414
3339 0.187035 0.019393 0.793572
22837 0.343804 0.332863 0.323333
5427 0.196127 0.705928 0.097945
17148 0.031129 0.351694 0.617177
17011 0.400171 0.261246 0.338583
4092 0.185414 0.724551 0.090035
5381 0.186763 0.383810 0.429426
23135 0.113451 0.869357 0.017192
17291 0.111724 0.271158 0.617118
17134 0.040131 0.951032 0.008837
17300 0.039854 0.070600 0.889546
17145 0.804629 0.095793 0.099578
3431 0.359390 0.640610 0.000000
22753 0.210877 0.438516 0.350607
22753 0.102531 0.010308 0.887162
22863 0.777732 0.077259 0.145009
1096 0.537291 0.343687 0.119023
23060 0.411282 0.164130 0.424588
22812 0.674033 0.147592 0.178375
22742 0.102831 0.101577 0.795591
23090 0.565831 0.202377 0.231792
3998 0.016681 0.177428 0.805891
4020 0.131011 0.055966 0.813023
5566 0.672826 0.144515 0.182659
5568 0.221013 0.599958 0.179029
17581 0.140789 0.507200 0.352011
17580 0.292438 0.128328 0.579234
6180 0.108320 0.720424 0.171256
6267 0.024167 0.057181 0.918651
18095 0.646300 0.185951 0.167749
6208 0.334864 0.314996 0.350141
18131 0.187736 0.634154 0.178110
6218 0.000810 0.172512 0.826678
18164 0.024849 0.890739 0.084413
17599 0.632625 0.206212 0.161163
16886 0.774915 0.092472 0.132612
17584 0.327605 0.486956 0.185439
17858 0.693824 0.262937 0.043239
18165 0.205723 0.384920 0.409357
5787 0.061331 0.850855 0.087814
17434 0.268169 0.163879 0.567952
6271 0.147627 0.711711 0.140662
1264 0.833553 0.040549 0.125898
371 0.778020 0.080492 0.141488
373 0.502181 0.235331 0.262488
18409 0.207965 0.555042 0.236993
246 0.580312 0.153603 0.266085
2281 0.657037 0.266639 0.076324
2094 0.272347 0.400814 0.326839
13808 0.437820 0.321897 0.240283
2135 0.322852 0.355528 0.321619
401 0.549092 0.346252 0.104655
2342 0.174930 0.422680 0.402390
2425 0.630737 0.000000 0.369263
1669 0.046762 0.663192 0.290046
13566 0.302733 0.376998 0.320269
11049 0.423259 0.505510 0.071231
13331 0.205606 0.780379 0.014016
2362 0.083305 0.590358 0.326337
16605 0.649650 0.185344 0.165006
4960 0.738542 0.068344 0.193114
18035 0.117132 0.603334 0.279533
2398 0.536309 0.398032 0.065659
4617 0.171754 0.551427 0.276818
22191 0.108203 0.164800 0.726997
21607 0.258845 0.361146 0.380009
5764 0.513490 0.053150 0.433360
5779 0.315348 0.124165 0.560486
21627 0.297622 0.281916 0.420462
4594 0.313446 0.384452 0.302102
5766 0.226796 0.687726 0.085478
4586 0.008817 0.323926 0.667257
4733 0.549937 0.088625 0.361438
4740 0.089045 0.003488 0.907466
17965 0.099264 0.038716 0.862020
4688 0.134451 0.859228 0.006321
4690 0.307385 0.164974 0.527641
5706 0.167661 0.488673 0.343665
19241 0.497139 0.090277 0.412584
21874 0.310192 0.213165 0.476644
4890 0.188797 0.108188 0.703015
1064 0.198573 0.606514 0.194913
1162 0.155156 0.821449 0.023396
1227 0.200245 0.029871 0.769884
19247 0.401498 0.358224 0.240278
1193 0.810340 0.091450 0.098209
22234 0.044397 0.176974 0.778629
22156 0.095724 0.168283 0.735993
4783 0.031918 0.057521 0.910562
22149 0.113972 0.130500 0.755529
1182 0.072117 0.868689 0.059194
894 0.106192 0.750751 0.143056
909 0.195333 0.584378 0.220289
3542 0.293940 0.508741 0.197319
21902 0.528267 0.146296 0.325438
22178 0.209286 0.109458 0.681255
4551 0.198281 0.597163 0.204556
21585 0.042511 0.516769 0.440720
22165 0.519257 0.071600 0.409143
17884 0.117437 0.458779 0.423783
5776 0.003030 0.226437 0.770534
17314 0.473938 0.374113 0.151949
17325 0.773850 0.207123 0.019027
17177 0.148778 0.131541 0.719681
17179 0.430897 0.447503 0.121600
5767 0.485262 0.238430 0.276308
5737 0.164878 0.256068 0.579053
17350 0.498195 0.136946 0.364859
21574 0.391748 0.307499 0.300752
21508 0.360306 0.504241 0.135453
21513 0.275152 0.102336 0.622512
4596 0.254450 0.297074 0.448476
6333 0.419356 0.407250 0.173394
17968 0.459323 0.282521 0.258156
5736 0.248952 0.449153 0.301895
5234 0.686209 0.021384 0.292407
5241 0.254051 0.691118 0.054831
17889 0.760685 0.150996 0.088318
5763 0.215943 0.613774 0.170282
21650 0.117252 0.273057 0.609691
21602 0.165412 0.535046 0.299541
17910 0.352485 0.219897 0.427617
5227 0.579220 0.000000 0.420780
5238 0.224981 0.029852 0.745167
3576 0.681255 0.233825 0.084920
4677 0.154911 0.094074 0.751014
17883 0.047298 0.020405 0.932297
17881 0.115943 0.605075 0.278982
5238 0.530956 0.396944 0.072100
5783 0.696805 0.202532 0.100662
17353 0.143063 0.846797 0.010140
5220 0.833531 0.114734 0.051735
17894 0.073515 0.230329 0.696156
6329 0.740638 0.059767 0.199595
4312 0.353345 0.111990 0.534665
22024 0.499409 0.102227 0.398364
5943 0.093046 0.382285 0.524669
1412 0.467297 0.395323 0.137380
1364 0.069508 0.774362 0.156130
1370 0.086975 0.444610 0.468414
2256 0.782655 0.023303 0.194042
13279 0.320150 0.448689 0.231162
1749 0.216545 0.249122 0.534333
13282 0.118561 0.834926 0.046514
1733 0.257869 0.515987 0.226145
1676 0.022805 0.388236 0.588959
265 0.194724 0.393580 0.411696
2098 0.076104 0.923896 0.000000
19543 0.261776 0.687459 0.050765
301 0.046283 0.346334 0.607383
1380 0.154290 0.108187 0.737523
19591 0.766408 0.069528 0.164064
19445 0.081095 0.337874 0.581030
2277 0.197945 0.384698 0.417357
746 0.462958 0.135016 0.402026
756 0.655371 0.023365 0.321264
18940 0.049626 0.120660 0.829714
18980 0.814053 0.163904 0.022043
804 0.079580 0.006288 0.914132
743 0.432945 0.523045 0.044009
18988 0.112219 0.274951 0.612830
18664 0.802537 0.054022 0.143441
18950 0.410519 0.178493 0.410988
18802 0.116849 0.591032 0.292119
16089 0.478494 0.328824 0.192681
16104 0.488198 0.361877 0.149925
16076 0.552514 0.262158 0.185328
15932 0.593424 0.204711 0.201865
228 0.167425 0.405147 0.427429
18428 0.049861 0.396321 0.553818
18492 0.428025 0.353423 0.218552
18518 0.437196 0.348619 0.214185
18494 0.257107 0.145318 0.597574
56 0.007997 0.940656 0.051347
330 0.020155 0.869352 0.110493
323 0.365778 0.425432 0.208790
403 0.167011 0.143180 0.689809
18412 0.315002 0.339440 0.345558
244 0.139156 0.129443 0.731401
16012 0.797425 0.032693 0.169882
432 0.423600 0.435268 0.141132
481 0.450724 0.462536 0.086740
18927 0.609842 0.274518 0.115641
18878 0.343674 0.015702 0.640624
739 0.850141 0.148253 0.001606
308 0.789496 0.009506 0.200998
383 0.167006 0.372297 0.460697
18426 0.356605 0.128929 0.514466
18692 0.299255 0.691633 0.009112
13268 0.339310 0.648883 0.011806
2618 0.019504 0.089445 0.891051
2749 0.798135 0.077948 0.123917
15952 0.491665 0.356626 0.151710
459 0.504355 0.378922 0.116723
425 0.394272 0.140877 0.464850
479 0.167356 0.087099 0.745545
468 0.428346 0.443506 0.128148
18978 0.578846 0.294665 0.126489
18975 0.107597 0.404242 0.488161
627 0.054590 0.181568 0.763842
18871 0.052021 0.771579 0.176400
642 0.377580 0.370392 0.252027
18737 0.170907 0.513009 0.316084
18748 0.757169 0.066288 0.176543
14336 0.429000 0.321031 0.249970
2503 0.043485 0.711723 0.244792
2488 0.397901 0.187266 0.414834
2516 0.004133 0.738924 0.256944
2498 0.646087 0.084435 0.269478
2806 0.740583 0.235102 0.024315
2806 0.216130 0.673505 0.110365
2699 0.660890 0.140943 0.198167
2688 0.464210 0.285160 0.250630
2783 0.502173 0.250151 0.247676
18723 0.080964 0.360204 0.558832
2771 0.786125 0.176521 0.037354
2774 0.475964 0.061635 0.462401
2690 0.819716 0.042270 0.138013
2739 0.074603 0.597473 0.327924
1785 0.494149 0.376867 0.128984
2796 0.089105 0.626317 0.284578
2519 0.182759 0.055699 0.761542
2511 0.069318 0.869542 0.061140
2485 0.041364 0.545373 0.413262
14106 0.094906 0.658529 0.246565
575 0.314290 0.328739 0.356971
18643 0.035030 0.183613 0.781357
609 0.657784 0.256418 0.085798
2751 0.199794 0.391828 0.408378
18799 0.047302 0.784588 0.168110
2840 0.413001 0.144877 0.442122
13418 0.229646 0.009370 0.760983
2761 0.174617 0.592938 0.232445
2762 0.325393 0.674160 0.000447
533 0.205098 0.414649 0.380253
587 0.390747 0.330048 0.279205
2858 0.012953 0.826360 0.160687
14379 0.083103 0.736538 0.180359
14152 0.131625 0.823157 0.045218
2495 0.000000 0.518199 0.481801
14286 0.031188 0.789708 0.179104
2867 0.762248 0.067444 0.170308
14340 0.400207 0.570124 0.029669
2711 0.397826 0.032112 0.570063
14312 0.264168 0.252368 0.483464
14309 0.406440 0.109697 0.483863
21 0.803336 0.077234 0.119429
18240 0.108719 0.096060 0.795221
18358 0.136586 0.488623 0.374790
122 0.440825 0.402108 0.157067
718 0.214693 0.715890 0.069418
18297 0.266920 0.204412 0.528668
18289 0.388297 0.010816 0.600887
709 0.108380 0.213002 0.678618
794 0.295582 0.205346 0.499072
13921 0.099084 0.329702 0.571214
14056 0.172024 0.804038 0.023938
14079 0.551219 0.164680 0.284101
18780 0.363851 0.217372 0.418777
18778 0.106312 0.516493 0.377195
14069 0.444635 0.054630 0.500735
18277 0.035121 0.137329 0.827550
18356 0.145931 0.079178 0.774891
104 0.268163 0.469656 0.262182
18348 0.029645 0.500468 0.469886
18268 0.108514 0.087586 0.803899
175 0.703703 0.289029 0.007269
40 0.650456 0.185838 0.163706
18244 0.077334 0.462739 0.459927
83 0.158009 0.821551 0.020440
18538 0.004362 0.234185 0.761453
18527 0.768518 0.161439 0.070043
342 0.267275 0.261881 0.470844
18583 0.228551 0.515969 0.255480
236 0.432550 0.430181 0.137269
237 0.768231 0.084759 0.147010
18483 0.171479 0.608169 0.220352
143 0.319958 0.395131 0.284911
135 0.146458 0.549680 0.303862
164 0.828277 0.064482 0.107241
24 0.429069 0.106045 0.464886
155 0.655285 0.331396 0.013319
16 0.756654 0.000963 0.242383
84 0.814432 0.116381 0.069187
18535 0.474865 0.237304 0.287831
149 0.083254 0.427914 0.488832
18339 0.568543 0.353794 0.077663
178 0.182803 0.513536 0.303661
2317 0.756287 0.150294 0.093419
168 0.225181 0.500695 0.274124
171 0.256342 0.433816 0.309841
18569 0.687182 0.283042 0.029776
18506 0.281135 0.296286 0.422579
319 0.022687 0.682514 0.294800
321 0.202293 0.202918 0.594789
18767 0.101544 0.177971 0.720485
525 0.010736 0.046082 0.943182
725 0.287274 0.231834 0.480892
820 0.618145 0.135266 0.246589
649 0.125720 0.372617 0.501663
639 0.108269 0.662374 0.229357
18543 0.649471 0.163986 0.186542
18230 0.189540 0.484714 0.325746
18228 0.126758 0.459616 0.413626
18223 0.471185 0.006776 0.522040
185 0.919528 0.009451 0.071021
18335 0.529813 0.413349 0.056838
657 0.152105 0.386897 0.460998
659 0.375358 0.190352 0.434290
646 0.167011 0.249135 0.583854
18551 0.419709 0.502774 0.077516
316 0.301433 0.313875 0.384692
656 0.422563 0.464373 0.113064
18857 0.098191 0.005890 0.895920
18879 0.289210 0.064137 0.646653
653 0.527802 0.022244 0.449954
623 0.172673 0.097620 0.729708
733 0.147925 0.060730 0.791345
18867 0.360525 0.405392 0.234083
18873 0.076537 0.117416 0.806047
723 0.080265 0.070658 0.849077
620 0.014853 0.535041 0.450107
18561 0.279904 0.165138 0.554958
322 0.477472 0.329195 0.193333
48 0.225264 0.344161 0.430575
102 0.747185 0.074140 0.178675
18288 0.334035 0.432130 0.233835
18313 0.398625 0.488458 0.112917
698 0.240850 0.755342 0.003809
39 0.005672 0.827490 0.166838
669 0.282529 0.334786 0.382686
43 0.864585 0.135415 0.000000
18280 0.740468 0.172180 0.087352
18276 0.194338 0.227133 0.578529
18277 0.585798 0.303843 0.110359
22 0.221001 0.496611 0.282388
37 0.000000 0.370581 0.629419
48 0.000000 0.707244 0.292756
18279 0.349725 0.156398 0.493877
35 0.717100 0.042202 0.240698
42 0.000000 0.581764 0.418236
33 0.431584 0.402007 0.166409
32 0.462582 0.537418 0.000000
515 0.714272 0.149263 0.136465
18629 0.603855 0.229613 0.166532
605 0.690055 0.229074 0.080871
548 0.572664 0.161716 0.265620
18796 0.120896 0.352765 0.526339
14290 0.249829 0.725755 0.024416
1791 0.006580 0.073465 0.919954
18708 0.093636 0.379083 0.527281
18718 0.497025 0.147715 0.355260
535 0.351114 0.578447 0.070439
18775 0.009333 0.631475 0.359191
10799 0.671695 0.120601 0.207705
2061 0.482821 0.007525 0.509655
13451 0.519846 0.222513 0.257642
2019 0.313875 0.301014 0.385111
3036 0.028589 0.500790 0.470621
13390 0.901707 0.061770 0.036522
11110 0.218973 0.042844 0.738182
10949 0.750903 0.138051 0.111046
11127 0.527412 0.101245 0.371343
14623 0.075019 0.162330 0.762652
3006 0.262227 0.220741 0.517031
2937 0.009027 0.885989 0.104984
14547 0.390730 0.280164 0.329106
14861 0.014659 0.755245 0.230096
3275 0.077367 0.424324 0.498309
14679 0.052595 0.718626 0.228779
3261 0.384665 0.027926 0.587409
3302 0.364778 0.615150 0.020071
14793 0.207827 0.685812 0.106361
3098 0.483833 0.103619 0.412547
3089 0.849411 0.150589 0.000000
11066 0.486985 0.170508 0.342507
3022 0.100461 0.049124 0.850415
14050 0.040419 0.953765 0.005817
14476 0.671375 0.129960 0.198665
14858 0.047239 0.759174 0.193587
3125 0.952433 0.000000 0.047567
11033 0.458796 0.014845 0.526359
14683 0.345458 0.398599 0.255942
14714 0.685481 0.082214 0.232305
14795 0.232146 0.606544 0.161310
2959 0.347197 0.065444 0.587359
3091 0.384389 0.457265 0.158347
14469 0.202656 0.095014 0.702330
3005 0.712606 0.079705 0.207688
14565 0.364337 0.094719 0.540944
14633 0.949059 0.011067 0.039875
14521 0.274547 0.216428 0.509025
2899 0.317028 0.020505 0.662467
14525 0.019732 0.773102 0.207166
14779 0.449181 0.390995 0.159824
14782 0.460021 0.082854 0.457126
14842 0.122437 0.056227 0.821336
2972 0.407323 0.093617 0.499060
14823 0.017877 0.452233 0.529890
14670 0.225712 0.392947 0.381341
14496 0.100953 0.847947 0.051100
3075 0.362191 0.637809 0.000000
13424 0.010894 0.746029 0.243078
3096 0.324469 0.675531 0.000000
3083 0.827182 0.171140 0.001678
3071 0.223660 0.743006 0.033334
14808 0.159311 0.085326 0.755363
14814 0.516023 0.418950 0.065026
14819 0.236800 0.678108 0.085092
3218 0.872878 0.074236 0.052885
3082 0.458048 0.009066 0.532886
14644 0.092475 0.515622 0.391903
2931 0.271587 0.279120 0.449292
14561 0.554194 0.169995 0.275811
14784 0.076617 0.884861 0.038523
3095 0.068540 0.060571 0.870889
10991 0.286620 0.319337 0.394043
10959 0.584708 0.399377 0.015915
10970 0.018185 0.558001 0.423813
11030 0.074047 0.762883 0.163069
13787 0.210419 0.368209 0.421372
11035 0.158745 0.473636 0.367619
10995 0.669823 0.069124 0.261052
2053 0.608585 0.224288 0.167126
1978 0.345339 0.253367 0.401294
1868 0.670569 0.264843 0.064588
15968 0.279363 0.574917 0.145721
15966 0.582225 0.366901 0.050874
14669 0.397969 0.339466 0.262565
16322 0.588889 0.387529 0.023582
11050 0.305690 0.355436 0.338874
13366 0.243468 0.103424 0.653108
13596 0.099957 0.276117 0.623926
13593 0.303843 0.092080 0.604077
2050 0.097063 0.527100 0.375837
2047 0.154622 0.416002 0.429375
13357 0.440061 0.005401 0.554537
1900 0.263366 0.129939 0.606696
3267 0.000474 0.385549 0.613977
3201 0.571719 0.404546 0.023735
13483 0.630812 0.323691 0.045498
13600 0.771856 0.005103 0.223041
1892 0.355144 0.056582 0.588274
13529 0.654248 0.254247 0.091505
14484 0.051698 0.865473 0.082829
1940 0.133476 0.465636 0.400888
1879 0.181111 0.029272 0.789618
17355 0.328506 0.494683 0.176811
16773 0.226742 0.209631 0.563627
5071 0.708209 0.016418 0.275373
16823 0.770142 0.027011 0.202847
16730 0.239614 0.610217 0.150169
22924 0.447558 0.284984 0.267458
17014 0.112872 0.626250 0.260878
17021 0.268753 0.226516 0.504731
3354 0.163372 0.031800 0.804828
3341 0.126922 0.104958 0.768120
17279 0.005253 0.008675 0.986073
17016 0.002320 0.759908 0.237772
1090 0.074776 0.828583 0.096641
1087 0.540440 0.289684 0.169876
3326 0.348312 0.059793 0.591895
3357 0.306688 0.693312 0.000000
3357 0.688082 0.013740 0.298178
16700 0.425119 0.137804 0.437077
5352 0.417636 0.228726 0.353638
22918 0.453955 0.271623 0.274422
3327 0.797485 0.022153 0.180362
16902 0.007793 0.019044 0.973163
3342 0.077629 0.053578 0.868792
3384 0.421322 0.205674 0.373005
22762 0.632337 0.176642 0.191020
21752 0.182896 0.295035 0.522070
3415 0.350034 0.298676 0.351289
16803 0.748232 0.119059 0.132710
16579 0.351504 0.533810 0.114686
22909 0.277043 0.216445 0.506513
22897 0.267279 0.127095 0.605626
16536 0.599312 0.328341 0.072347
5148 0.035835 0.961493 0.002673
5153 0.193350 0.323641 0.483009
16909 0.122643 0.459765 0.417593
16546 0.015036 0.784696 0.200268
22900 0.509000 0.443841 0.047158
5089 0.053506 0.483308 0.463185
3376 0.369216 0.153633 0.477151
16764 0.470915 0.029518 0.499567
16709 0.158106 0.004185 0.837709
16633 0.924891 0.000000 0.075109
5283 0.041463 0.945787 0.012750
5064 0.318212 0.297918 0.383870
5184 0.308042 0.308005 0.383954
5115 0.163685 0.469158 0.367157
5132 0.530477 0.469523 0.000000
5181 0.854207 0.000000 0.145793
5072 0.358259 0.372480 0.269261
5170 0.511261 0.431320 0.057419
5185 0.020117 0.546748 0.433134
16633 0.196518 0.125116 0.678365
3504 0.275610 0.516209 0.208181
5168 0.237733 0.594739 0.167528
21783 0.265828 0.734172 0.000000
16804 0.534695 0.000000 0.465305
16701 0.019090 0.490400 0.490509
5074 0.486420 0.513580 0.000000
16543 0.310173 0.311831 0.377996
3371 0.215753 0.604226 0.180021
5063 0.825078 0.148009 0.026913
5080 0.134321 0.256882 0.608797
3410 0.058725 0.047312 0.893964
22752 0.057780 0.856932 0.085288
3418 0.375560 0.509606 0.114833
3434 0.347026 0.579906 0.073069
17089 0.170523 0.248016 0.581462
17087 0.104533 0.237643 0.657824
22920 0.021083 0.276259 0.702658
3381 0.628192 0.292684 0.079125
3481 0.157823 0.442636 0.399542
3409 0.107795 0.213760 0.678445
17085 0.080750 0.022057 0.897194
1130 0.043699 0.121514 0.834787
22911 0.589941 0.262770 0.147289
22859 0.700725 0.035080 0.264196
22866 0.491598 0.224852 0.283550
16733 0.022192 0.259871 0.717938
5106 0.609658 0.097506 0.292836
22763 0.161398 0.228900 0.609702
22830 0.590300 0.325687 0.084013
1122 0.296341 0.013602 0.690058
22905 0.872404 0.113522 0.014074
1121 0.371363 0.539994 0.088643
3332 0.865632 0.023865 0.110503
3480 0.308969 0.479115 0.211916
14273 0.279433 0.331236 0.389332
14311 0.572203 0.396858 0.030939
16530 0.219515 0.080025 0.700460
14122 0.524339 0.152158 0.323503
2557 0.261104 0.177359 0.561537
2497 0.534211 0.435285 0.030504
2579 0.713012 0.042382 0.244606
14292 0.131356 0.230249 0.638394
2707 0.634991 0.279829 0.085180
2716 0.224072 0.250669 0.525259
14353 0.543869 0.437460 0.018671
2131 0.269844 0.145328 0.584828
2159 0.280565 0.460409 0.259026
13691 0.003538 0.268714 0.727748
13954 0.051166 0.430967 0.517867
18457 0.639774 0.027919 0.332307
2271 0.186424 0.260880 0.552696
13988 0.217806 0.108309 0.673884
18442 0.568783 0.042484 0.388733
253 0.229381 0.399777 0.370842
368 0.131073 0.642761 0.226167
18586 0.230340 0.672585 0.097075
18548 0.069214 0.345417 0.585369
3547 0.203880 0.310078 0.486042
21803 0.038134 0.289255 0.672611
4668 0.134201 0.452710 0.413088
4651 0.345865 0.190551 0.463584
21534 0.548609 0.423881 0.027510
3560 0.135677 0.207304 0.657019
4620 0.093346 0.772032 0.134622
4737 0.298470 0.095995 0.605534
4727 0.059792 0.629661 0.310547
21538 0.424015 0.210339 0.365646
4711 0.284312 0.626369 0.089319
4710 0.353115 0.202358 0.444527
4723 0.176613 0.658601 0.164786
4701 0.078172 0.490342 0.431486
21692 0.677752 0.110494 0.211755
21690 0.318490 0.176066 0.505445
21688 0.186855 0.567605 0.245541
21528 0.062568 0.625808 0.311624
21523 0.307555 0.384540 0.307905
4661 0.784274 0.125246 0.090480
21524 0.613790 0.339389 0.046821
21529 0.517151 0.157762 0.325087
21811 0.022895 0.601967 0.375137
21670 0.584280 0.000000 0.415720
21685 0.226246 0.147654 0.626101
21683 0.056739 0.584125 0.359135
21685 0.699195 0.128549 0.172256
4711 0.940605 0.059395 0.000000
4710 0.088900 0.776796 0.134304
4723 0.012467 0.175672 0.811861
4710 0.667154 0.169834 0.163012
4710 0.389729 0.320140 0.290132
4710 0.315793 0.367809 0.316398
4664 0.004460 0.664712 0.330829
4660 0.000000 0.705843 0.294157
4660 0.531767 0.416172 0.052061
4660 0.000000 0.704214 0.295786
4664 0.528787 0.325342 0.145871
4660 0.000000 0.427507 0.572493
21528 0.447397 0.226232 0.326371
4660 0.057291 0.388319 0.554390
4660 0.108085 0.140251 0.751664
4660 0.000000 0.311673 0.688327
22916 0.375822 0.074627 0.549551
10836 0.016086 0.258409 0.725505
18042 0.588508 0.288173 0.123319
2210 0.320227 0.545281 0.134492
6433 0.026619 0.002305 0.971076
2191 0.348248 0.115911 0.535841
6506 0.558407 0.153485 0.288108
2198 0.017325 0.680457 0.302218
2567 0.599041 0.325396 0.075563
2574 0.635777 0.223327 0.140895
2576 0.526081 0.473919 0.000000
2803 0.339232 0.253355 0.407413
2792 0.659992 0.138771 0.201237
14262 0.077390 0.765608 0.157002
2819 0.125050 0.065059 0.809891
13421 0.555491 0.265373 0.179136
2550 0.298733 0.438021 0.263245
1782 0.012230 0.029155 0.958615
13414 0.399989 0.000000 0.600011
2505 0.053337 0.813765 0.132898
2580 0.941774 0.018219 0.040008
2571 0.550169 0.043399 0.406432
2817 0.413606 0.170326 0.416069
2649 0.180032 0.390465 0.429503
16080 0.721226 0.024396 0.254378
11067 0.005352 0.804410 0.190238
2160 0.538014 0.186855 0.275131
18398 0.442048 0.221123 0.336829
18419 0.001192 0.289597 0.709210
14254 0.631008 0.127955 0.241037
3166 0.478932 0.296945 0.224123
3149 0.825482 0.047218 0.127300
4161 0.572514 0.305493 0.121993
22041 0.511810 0.439382 0.048808
3127 0.032871 0.104498 0.862630
22072 0.197472 0.342028 0.460500
22102 0.038388 0.059122 0.902490
4161 0.228120 0.308290 0.463591
4161 0.451049 0.185981 0.362970
22026 0.275764 0.228499 0.495737
4161 0.305561 0.430615 0.263824
4161 0.572689 0.077647 0.349665
22026 0.413220 0.022054 0.564726
22026 0.076659 0.104821 0.818520
11416 0.122449 0.431040 0.446511
11454 0.223965 0.704771 0.071264
15866 0.051632 0.392184 0.556183
8991 0.039310 0.713865 0.246825
13220 0.042338 0.929569 0.028093
24516 0.662504 0.258957 0.078539
4397 0.003982 0.128820 0.867197
11609 0.544145 0.185419 0.270436
15775 0.073825 0.015543 0.910632
11418 0.360420 0.244688 0.394892
15454 0.117833 0.224072 0.658095
12668 0.346065 0.184185 0.469749
16309 0.137982 0.504327 0.357691
11307 0.053370 0.219021 0.727609
12390 0.004089 0.041975 0.953936
23436 0.464156 0.368005 0.167840
23362 0.301389 0.198540 0.500071
11941 0.143007 0.109939 0.747054
14894 0.349571 0.469071 0.181358
14939 0.757652 0.213446 0.028902
9999 0.133879 0.713361 0.152760
10083 0.028759 0.113527 0.857714
11573 0.922338 0.007838 0.069824
23693 0.488708 0.309365 0.201927
23783 0.621487 0.118084 0.260430
19951 0.116963 0.270524 0.612513
8175 0.579188 0.006534 0.414277
19949 0.009558 0.863627 0.126815
24110 0.011661 0.168300 0.820039
13082 0.281457 0.544409 0.174134
24082 0.041293 0.101050 0.857657
7371 0.226615 0.185847 0.587537
20842 0.268530 0.052783 0.678687
25271 0.245793 0.277696 0.476511
24038 0.418943 0.371334 0.209724
24306 0.795636 0.098532 0.105833
24580 0.153181 0.307660 0.539159
