7679 0.016851 0.004248 0.978901
16165 0.395793 0.449160 0.155047
3976 0.632789 0.178232 0.188978
3976 0.609020 0.227945 0.163035
21573 0.048196 0.428816 0.522989
11830 0.281892 0.092456 0.625653
21181 0.564919 0.357797 0.077284
24104 0.003890 0.586106 0.410004
24107 0.109052 0.175436 0.715511
391 0.459932 0.511452 0.028616
369 0.721466 0.152416 0.126118
23466 0.244533 0.584121 0.171347
389 0.094472 0.627335 0.278193
23455 0.536568 0.359206 0.104226
60 0.072822 0.112725 0.814452
23455 0.046252 0.239470 0.714278
23461 0.521643 0.361305 0.117053
13174 0.490545 0.076554 0.432901
17121 0.059482 0.697479 0.243040
13156 0.069060 0.218796 0.712144
21177 0.835532 0.141725 0.022743
15504 0.317267 0.136068 0.546664
21179 0.308047 0.282705 0.409248
150 0.598220 0.211723 0.190057
2701 0.199810 0.585876 0.214314
24223 0.086294 0.424336 0.489370
23454 0.169249 0.762801 0.067950
2700 0.727379 0.072032 0.200588
13158 0.068577 0.078889 0.852533
13142 0.080009 0.835750 0.084240
23456 0.538615 0.015358 0.446027
19721 0.249037 0.226008 0.524955
23454 0.167738 0.042602 0.789660
240 0.015205 0.982275 0.002520
23459 0.028767 0.085875 0.885358
24156 0.372618 0.591921 0.035461
21319 0.560924 0.195308 0.243768
313 0.156628 0.803054 0.040318
24190 0.032786 0.639698 0.327516
11742 0.414810 0.333467 0.251723
354 0.598189 0.101891 0.299920
21325 0.010080 0.149237 0.840682
12037 0.904565 0.051379 0.044056
24140 0.275278 0.028441 0.696281
17986 0.443176 0.166828 0.389996
356 0.151541 0.260263 0.588196
358 0.511706 0.017424 0.470869
21317 0.185346 0.177074 0.637580
21318 0.612119 0.064956 0.322924
18151 0.019984 0.403821 0.576195
18303 0.167355 0.020018 0.812627
18314 0.611309 0.250542 0.138149
18297 0.293511 0.486392 0.220097
337 0.734851 0.237174 0.027976
300 0.582120 0.286990 0.130890
318 0.646991 0.287715 0.065295
299 0.696918 0.109674 0.193408
11731 0.052175 0.298592 0.649234
24145 0.192573 0.158419 0.649008
11831 0.205366 0.080092 0.714542
11834 0.347181 0.363720 0.289099
24109 0.164339 0.244499 0.591162
235 0.004548 0.726104 0.269348
200 0.086972 0.111429 0.801599
206 0.349865 0.158929 0.491206
345 0.908959 0.059410 0.031631
11731 0.825758 0.163819 0.010424
24147 0.782623 0.181481 0.035896
21328 0.564577 0.050565 0.384858
11729 0.444594 0.436662 0.118743
21136 0.108135 0.591797 0.300068
21329 0.791284 0.030973 0.177743
11740 0.118968 0.100305 0.780727
21316 0.001566 0.260662 0.737772
361 0.589313 0.026558 0.384128
21339 0.693710 0.119844 0.186445
24187 0.038276 0.706852 0.254872
24189 0.429605 0.004087 0.566308
21330 0.270314 0.067277 0.662409
3092 0.121966 0.377313 0.500721
3091 0.124321 0.242564 0.633115
18313 0.317247 0.391104 0.291649
18298 0.614643 0.168552 0.216804
3080 0.662173 0.285050 0.052777
3098 0.421024 0.203101 0.375875
18301 0.108595 0.614943 0.276462
301 0.233260 0.490118 0.276622
312 0.752356 0.077715 0.169929
24002 0.725415 0.274329 0.000256
33 0.137723 0.564196 0.298082
385 0.152620 0.819461 0.027919
21322 0.722413 0.264616 0.012970
18291 0.340839 0.362264 0.296897
3109 0.035536 0.129026 0.835438
18022 0.645606 0.232943 0.121451
17992 0.519824 0.118685 0.361491
3103 0.153524 0.032180 0.814296
3184 0.182021 0.707628 0.110351
3102 0.214078 0.645358 0.140563
24061 0.550803 0.266445 0.182752
37 0.028321 0.892412 0.079267
24062 0.550605 0.173410 0.275985
24075 0.211778 0.648374 0.139848
342 0.312017 0.601843 0.086140
23993 0.258972 0.425638 0.315391
17995 0.254421 0.691257 0.054322
11961 0.274162 0.494254 0.231583
12035 0.565288 0.140097 0.294615
11960 0.718614 0.201007 0.080379
17998 0.018656 0.946849 0.034495
11963 0.042474 0.326273 0.631254
11958 0.126157 0.813346 0.060496
11975 0.976859 0.005187 0.017954
23463 0.104348 0.571266 0.324385
11968 0.458244 0.474897 0.066860
348 0.197227 0.537367 0.265405
21362 0.115360 0.581687 0.302954
23464 0.184742 0.155233 0.660026
143 0.189877 0.434327 0.375796
146 0.177717 0.246274 0.576009
142 0.235095 0.040190 0.724715
154 0.183478 0.644246 0.172276
21342 0.086490 0.245049 0.668461
21363 0.117964 0.215471 0.666565
23445 0.030397 0.940335 0.029267
21360 0.831533 0.088337 0.080130
386 0.715517 0.174608 0.109876
11957 0.227195 0.651781 0.121024
140 0.691649 0.282693 0.025658
11969 0.281511 0.708674 0.009815
155 0.087416 0.487149 0.425435
147 0.328946 0.198988 0.472065
24158 0.675955 0.290974 0.033071
21341 0.144537 0.115228 0.740235
144 0.255129 0.211165 0.533706
132 0.301530 0.445681 0.252789
17999 0.334790 0.353761 0.311449
3125 0.098403 0.020187 0.881410
12006 0.505436 0.201543 0.293021
18276 0.432462 0.012822 0.554716
18000 0.159976 0.710294 0.129729
18148 0.288677 0.008257 0.703066
3123 0.002293 0.434861 0.562846
3124 0.145593 0.040892 0.813515
18309 0.039036 0.437491 0.523473
3087 0.434923 0.171926 0.393151
3115 0.045898 0.874860 0.079241
17996 0.477542 0.256081 0.266376
18149 0.594439 0.403040 0.002521
3125 0.234629 0.628330 0.137041
3158 0.063420 0.530281 0.406299
3090 0.276592 0.064718 0.658691
18003 0.444292 0.430587 0.125121
18001 0.069130 0.152753 0.778117
3124 0.596495 0.346552 0.056953
3116 0.793045 0.115004 0.091950
18006 0.473601 0.139929 0.386471
3123 0.566922 0.095579 0.337498
18002 0.437825 0.138821 0.423354
11959 0.113054 0.766440 0.120506
196 0.443720 0.432318 0.123962
331 0.569258 0.173192 0.257550
3111 0.345422 0.014675 0.639904
24021 0.059004 0.119211 0.821785
23991 0.268792 0.323719 0.407488
23994 0.000243 0.429587 0.570171
23438 0.065517 0.721241 0.213242
189 0.569773 0.353471 0.076756
137 0.018730 0.482742 0.498528
13168 0.378876 0.385512 0.235612
145 0.418899 0.238223 0.342878
136 0.382660 0.166353 0.450987
133 0.506919 0.302743 0.190338
23427 0.472177 0.377510 0.150313
17995 0.562775 0.387190 0.050035
3114 0.275577 0.462373 0.262050
17997 0.023367 0.940029 0.036603
192 0.110396 0.400609 0.488995
161 0.859352 0.123001 0.017647
3112 0.329446 0.297379 0.373175
23431 0.642549 0.173195 0.184256
8124 0.671920 0.011942 0.316138
21310 0.603846 0.278008 0.118146
11726 0.247534 0.057773 0.694692
21195 0.014344 0.633472 0.352184
13806 0.085752 0.098306 0.815942
23973 0.165078 0.604383 0.230539
24115 0.468817 0.091321 0.439862
20289 0.276740 0.160587 0.562674
7569 0.073004 0.602939 0.324057
275 0.209623 0.696494 0.093883
14655 0.522485 0.041273 0.436242
2816 0.222729 0.180416 0.596855
14675 0.430130 0.327390 0.242479
19063 0.129199 0.659706 0.211095
28409 0.416727 0.007499 0.575774
18031 0.339030 0.405344 0.255626
21193 0.472937 0.228777 0.298287
21155 0.095006 0.383224 0.521770
14741 0.256980 0.159593 0.583427
21286 0.557984 0.386386 0.055631
24118 0.701648 0.248064 0.050289
10889 0.208606 0.356758 0.434636
10886 0.259681 0.441969 0.298349
7570 0.000000 0.514071 0.485929
20121 0.349420 0.504810 0.145769
20102 0.181668 0.427956 0.390376
24131 0.180499 0.020140 0.799361
435 0.167342 0.311119 0.521539
8300 0.625993 0.284914 0.089093
21402 0.189589 0.584989 0.225422
17684 0.432640 0.334698 0.232662
8789 0.082706 0.415445 0.501849
847 0.243973 0.714725 0.041302
19364 0.726621 0.224958 0.048421
24138 0.041271 0.273338 0.685391
432 0.586745 0.378603 0.034652
585 0.626830 0.190816 0.182354
583 0.499035 0.349983 0.150982
8777 0.086156 0.096732 0.817112
8102 0.250391 0.415770 0.333840
21151 0.579437 0.160634 0.259929
13831 0.855902 0.066711 0.077387
437 0.449195 0.359580 0.191225
28411 0.616634 0.166233 0.217133
26346 0.086855 0.722089 0.191056
7594 0.204194 0.027195 0.768612
578 0.222540 0.220627 0.556833
21222 0.132456 0.685315 0.182229
8325 0.283907 0.603424 0.112669
12395 0.668849 0.165310 0.165840
18919 0.297412 0.558597 0.143990
17233 0.187164 0.471266 0.341570
13955 0.087212 0.817198 0.095590
19796 0.305870 0.269318 0.424812
12116 0.097073 0.891994 0.010933
18904 0.821032 0.128658 0.050309
18893 0.041483 0.014517 0.944000
8341 0.051910 0.139104 0.808986
12362 0.044522 0.749296 0.206182
17687 0.013991 0.573756 0.412253
12052 0.199680 0.246302 0.554019
287 0.783409 0.207726 0.008866
18886 0.187007 0.606316 0.206677
21225 0.125757 0.771602 0.102641
10885 0.436530 0.095810 0.467660
10890 0.167281 0.513973 0.318746
16001 0.619203 0.329713 0.051084
15984 0.190328 0.338656 0.471016
243 0.592066 0.202866 0.205068
23945 0.280741 0.041331 0.677928
12394 0.099397 0.164684 0.735918
18907 0.458412 0.409465 0.132123
7616 0.013923 0.356456 0.629622
443 0.264340 0.571679 0.163981
26344 0.241845 0.751203 0.006951
929 0.405606 0.125375 0.469019
28408 0.186484 0.372143 0.441373
26339 0.618820 0.030708 0.350472
24183 0.206960 0.277591 0.515448
11781 0.180613 0.524541 0.294846
19379 0.178031 0.733347 0.088622
21102 0.269591 0.618622 0.111788
222 0.003172 0.913816 0.083013
11827 0.387366 0.432570 0.180064
11825 0.061981 0.463365 0.474654
19380 0.554965 0.282725 0.162310
11790 0.565466 0.267348 0.167186
13690 0.300779 0.358816 0.340405
21464 0.098966 0.074797 0.826237
11624 0.100709 0.278767 0.620524
19709 0.232063 0.655086 0.112851
19378 0.061062 0.850883 0.088055
24172 0.247508 0.743387 0.009105
13674 0.148230 0.660668 0.191101
2800 0.435158 0.545198 0.019644
24178 0.628682 0.356561 0.014757
18450 0.161022 0.006645 0.832333
2994 0.196112 0.332723 0.471165
11633 0.350217 0.221981 0.427801
23405 0.387241 0.495583 0.117176
23402 0.115772 0.733262 0.150967
11669 0.044968 0.134589 0.820443
12347 0.756304 0.051100 0.192595
15961 0.712111 0.283116 0.004773
21461 0.179676 0.767415 0.052909
13821 0.421089 0.180896 0.398016
19682 0.296439 0.380153 0.323408
687 0.122938 0.335330 0.541732
692 0.882469 0.036468 0.081064
21454 0.429101 0.172812 0.398087
11640 0.094540 0.120167 0.785294
18654 0.119604 0.703359 0.177037
2161 0.256759 0.229619 0.513621
2084 0.053724 0.761011 0.185264
2115 0.281867 0.165875 0.552257
18442 0.584512 0.031659 0.383829
11638 0.006723 0.151617 0.841659
23413 0.168837 0.180306 0.650857
21473 0.311323 0.538059 0.150617
13676 0.367568 0.370002 0.262430
15998 0.515784 0.423834 0.060382
15955 0.238704 0.140890 0.620405
21261 0.049977 0.599005 0.351018
23415 0.014879 0.157439 0.827682
631 0.509668 0.242120 0.248212
21474 0.115344 0.617273 0.267383
21307 0.126728 0.311604 0.561669
23410 0.237142 0.257546 0.505312
689 0.000000 0.688085 0.311915
18449 0.582338 0.076012 0.341650
2087 0.260480 0.593796 0.145724
723 0.188687 0.167959 0.643354
19674 0.128579 0.748450 0.122970
1908 0.005837 0.323202 0.670961
1907 0.449688 0.312442 0.237870
2708 0.170667 0.071392 0.757941
678 0.148167 0.269288 0.582545
23688 0.400350 0.593759 0.005891
11654 0.234961 0.669366 0.095673
11629 0.069989 0.613152 0.316859
11631 0.350139 0.436411 0.213450
21469 0.310591 0.270454 0.418955
2704 0.628255 0.313076 0.058669
19728 0.549105 0.284693 0.166201
11637 0.143662 0.238914 0.617424
21477 0.164273 0.125358 0.710369
24176 0.086032 0.060214 0.853754
21466 0.412970 0.311900 0.275130
19374 0.575071 0.033563 0.391365
19701 0.547972 0.418162 0.033866
19124 0.229318 0.133995 0.636687
3005 0.692916 0.226955 0.080129
18440 0.637294 0.016503 0.346203
1778 0.000000 0.203032 0.796968
1764 0.608196 0.386543 0.005260
19680 0.282411 0.404835 0.312754
1763 0.629775 0.209411 0.160813
3005 0.164341 0.040933 0.794727
2704 0.024703 0.696392 0.278905
18447 0.234947 0.501821 0.263232
18436 0.044444 0.010702 0.944854
2993 0.241745 0.296168 0.462087
18436 0.333989 0.531645 0.134366
3007 0.289570 0.175657 0.534773
13473 0.117874 0.541033 0.341094
1767 0.347426 0.418780 0.233794
1779 0.503207 0.268742 0.228051
19691 0.592372 0.020148 0.387480
2994 0.520355 0.369264 0.110381
3001 0.111734 0.447161 0.441104
19691 0.013123 0.128211 0.858667
19685 0.080576 0.810508 0.108916
3004 0.183774 0.395783 0.420443
19693 0.504591 0.411942 0.083467
12062 0.295833 0.107149 0.597017
19645 0.581619 0.336766 0.081615
18618 0.246870 0.401843 0.351287
2165 0.853077 0.020647 0.126276
19631 0.183546 0.646442 0.170011
2648 0.706232 0.256065 0.037703
2305 0.113131 0.719554 0.167315
20644 0.788427 0.199289 0.012283
2727 0.000000 0.334209 0.665791
2682 0.554962 0.021240 0.423798
19635 0.428159 0.421299 0.150542
18392 0.242497 0.000000 0.757503
19708 0.783989 0.013407 0.202604
19725 0.460507 0.465196 0.074297
19688 0.788230 0.158309 0.053461
2847 0.524589 0.134140 0.341271
11630 0.066187 0.058828 0.874984
3013 0.333395 0.645168 0.021437
11819 0.599489 0.215671 0.184841
294 0.416239 0.049826 0.533935
11665 0.096327 0.720677 0.182995
11666 0.028858 0.075305 0.895838
11630 0.583885 0.217844 0.198270
19725 0.279627 0.487556 0.232817
19729 0.874100 0.047644 0.078255
13485 0.149448 0.625854 0.224699
16112 0.329830 0.407651 0.262519
1768 0.107168 0.832843 0.059989
19690 0.224126 0.177528 0.598346
19679 0.121673 0.355207 0.523120
2082 0.011541 0.347778 0.640681
18608 0.431335 0.036655 0.532011
18621 0.080375 0.483781 0.435844
2162 0.369943 0.222185 0.407872
18653 0.105981 0.622035 0.271984
2162 0.474315 0.034049 0.491636
2082 0.159087 0.578413 0.262500
18605 0.113027 0.578980 0.307993
2115 0.499441 0.457423 0.043137
18444 0.710670 0.210870 0.078460
2117 0.272835 0.447311 0.279854
11759 0.661977 0.330103 0.007919
16063 0.709387 0.197878 0.092735
13484 0.243595 0.414115 0.342290
16068 0.222818 0.291703 0.485479
13487 0.288721 0.294520 0.416759
2526 0.507284 0.149255 0.343460
13479 0.681123 0.049170 0.269707
13485 0.423007 0.469863 0.107129
16114 0.090109 0.500579 0.409312
16115 0.574871 0.179467 0.245662
2512 0.041166 0.722507 0.236327
17584 0.061702 0.126747 0.811551
1758 0.361901 0.083445 0.554654
18437 0.183546 0.431484 0.384970
1895 0.142152 0.291025 0.566823
8162 0.743196 0.139690 0.117114
19129 0.145247 0.693837 0.160916
18469 0.846416 0.026888 0.126695
17586 0.660589 0.329442 0.009969
671 0.562646 0.378748 0.058606
19125 0.871209 0.047443 0.081349
20661 0.272805 0.635794 0.091401
20676 0.170928 0.247230 0.581841
661 0.650636 0.061037 0.288327
2307 0.213428 0.143039 0.643533
19136 0.000000 0.677456 0.322544
20687 0.475805 0.182232 0.341962
2372 0.483715 0.488179 0.028106
2306 0.138358 0.012678 0.848963
2305 0.000000 0.518199 0.481801
2729 0.064783 0.170300 0.764917
2371 0.000000 0.629593 0.370407
2727 0.000000 0.374040 0.625960
2734 0.387661 0.540933 0.071406
688 0.116221 0.339625 0.544154
23398 0.213465 0.663315 0.123220
2085 0.081865 0.604961 0.313175
19688 0.697349 0.186706 0.115945
2991 0.682495 0.086833 0.230673
2081 0.125833 0.759402 0.114765
18608 0.444675 0.477004 0.078322
2149 0.115414 0.119771 0.764815
673 0.389368 0.087625 0.523007
18470 0.748401 0.043346 0.208253
673 0.032457 0.281656 0.685887
19129 0.782852 0.171815 0.045332
1901 0.569050 0.315204 0.115746
19701 0.483357 0.008289 0.508354
671 0.597666 0.000000 0.402334
663 0.119505 0.283381 0.597114
19133 0.018608 0.654038 0.327355
16036 0.375217 0.311648 0.313136
2155 0.115394 0.152297 0.732309
13524 0.306191 0.449859 0.243950
16025 0.058476 0.114629 0.826894
16027 0.165160 0.198712 0.636129
13502 0.374703 0.310110 0.315187
12378 0.126695 0.766675 0.106631
13431 0.559388 0.402791 0.037820
1912 0.352633 0.585563 0.061804
13518 0.221962 0.422020 0.356017
13516 0.330857 0.251974 0.417169
21226 0.072438 0.436656 0.490906
1837 0.078374 0.788840 0.132786
20898 0.045076 0.559749 0.395174
2516 0.182572 0.641607 0.175821
11760 0.731146 0.250445 0.018409
11738 0.143287 0.041313 0.815400
2166 0.527708 0.320774 0.151518
15725 0.651959 0.212270 0.135772
2086 0.215806 0.025715 0.758479
21120 0.064512 0.519631 0.415857
16037 0.170820 0.066548 0.762632
18647 0.305299 0.682330 0.012370
19665 0.709701 0.205905 0.084394
2645 0.018607 0.171986 0.809407
19667 0.518223 0.272808 0.208969
19662 0.292692 0.209266 0.498042
19648 0.012632 0.277118 0.710250
9881 0.254448 0.202893 0.542659
9884 0.034847 0.485885 0.479268
7575 0.430925 0.146213 0.422863
19660 0.152112 0.121630 0.726258
2711 0.053443 0.323684 0.622873
9912 0.582326 0.303597 0.114077
28280 0.050240 0.921319 0.028440
7577 0.044310 0.030305 0.925385
19686 0.360413 0.175767 0.463820
2703 0.010653 0.932599 0.056749
3013 0.303886 0.358624 0.337490
658 0.255493 0.478375 0.266132
19131 0.330092 0.654090 0.015818
19135 0.209365 0.161153 0.629482
15650 0.077203 0.478980 0.443816
19135 0.133284 0.463246 0.403470
19121 0.039073 0.529089 0.431838
2646 0.427139 0.352316 0.220545
18913 0.461814 0.040698 0.497488
24175 0.349951 0.006290 0.643759
21460 0.017808 0.204151 0.778041
21479 0.344872 0.351771 0.303356
11619 0.608386 0.206216 0.185398
21113 0.314767 0.104869 0.580364
11622 0.524912 0.154470 0.320618
2991 0.242842 0.643756 0.113402
2703 0.625064 0.035054 0.339882
19728 0.225935 0.438792 0.335273
15649 0.647188 0.253328 0.099483
11266 0.754091 0.244470 0.001440
19623 0.169271 0.767673 0.063056
667 0.327463 0.408258 0.264279
19130 0.906354 0.077704 0.015942
3001 0.562011 0.229892 0.208097
3002 0.142746 0.697191 0.160063
19685 0.351261 0.233401 0.415337
671 0.624054 0.126490 0.249456
672 0.836891 0.047019 0.116090
19669 0.554594 0.117360 0.328046
426 0.827190 0.005444 0.167366
26319 0.257970 0.321385 0.420645
26312 0.505096 0.294093 0.200812
7582 0.559613 0.102213 0.338174
26311 0.279075 0.141267 0.579658
26325 0.157290 0.345580 0.497130
26309 0.752841 0.202623 0.044536
26303 0.422154 0.138436 0.439410
19665 0.074962 0.763631 0.161407
9875 0.322215 0.516681 0.161104
26800 0.249405 0.218280 0.532315
26305 0.108681 0.426267 0.465052
7572 0.198478 0.437321 0.364201
7584 0.170749 0.157724 0.671527
26316 0.899535 0.003933 0.096532
26327 0.051080 0.245676 0.703244
7608 0.433162 0.184063 0.382774
22767 0.350755 0.486989 0.162257
11250 0.101518 0.514243 0.384239
26843 0.280022 0.362499 0.357479
15610 0.407459 0.413370 0.179171
11256 0.202210 0.231424 0.566367
26825 0.071367 0.010074 0.918560
15578 0.521239 0.472168 0.006593
11253 0.499531 0.126220 0.374248
15639 0.226351 0.256874 0.516775
2308 0.091498 0.806004 0.102497
20653 0.801049 0.057178 0.141773
2307 0.294764 0.444108 0.261128
20663 0.028802 0.373290 0.597908
19136 0.502681 0.142978 0.354341
661 0.294126 0.205634 0.500240
13438 0.207971 0.341089 0.450941
13590 0.040942 0.150448 0.808610
11271 0.151811 0.579524 0.268665
11269 0.325070 0.019763 0.655167
19027 0.218633 0.687371 0.093996
2932 0.243927 0.209365 0.546708
18963 0.605555 0.007909 0.386536
18964 0.017606 0.453110 0.529284
669 0.730931 0.170910 0.098159
18962 0.254346 0.268448 0.477206
18962 0.014269 0.333874 0.651857
2696 0.324936 0.329834 0.345230
19677 0.067117 0.776659 0.156223
19703 0.149190 0.129872 0.720938
2702 0.143307 0.659267 0.197426
2703 0.131771 0.194825 0.673404
23468 0.097704 0.165494 0.736802
23467 0.178078 0.517795 0.304127
23468 0.115254 0.793003 0.091743
2931 0.503167 0.388226 0.108607
18996 0.747151 0.057920 0.194928
2916 0.159374 0.433417 0.407209
2906 0.254773 0.181304 0.563924
2952 0.430934 0.053753 0.515314
11261 0.173264 0.013551 0.813185
22768 0.153421 0.710386 0.136193
11219 0.270560 0.420453 0.308986
11220 0.160532 0.603761 0.235708
15565 0.257732 0.313673 0.428596
6819 0.778388 0.149593 0.072019
11246 0.416041 0.180502 0.403457
11220 0.207684 0.109464 0.682852
13155 0.546754 0.085888 0.367358
5053 0.297146 0.115280 0.587574
13141 0.115669 0.243286 0.641044
5050 0.061287 0.639854 0.298859
17087 0.185381 0.772750 0.041869
2389 0.217272 0.038680 0.744048
19136 0.205890 0.499511 0.294599
19133 0.245071 0.437584 0.317345
13593 0.494835 0.164407 0.340757
19122 0.310384 0.487633 0.201984
11259 0.033328 0.479592 0.487080
15565 0.756566 0.155374 0.088060
11246 0.155198 0.802149 0.042653
4916 0.284786 0.370830 0.344384
17108 0.478969 0.247475 0.273556
24243 0.039911 0.755946 0.204143
17113 0.084179 0.850898 0.064923
13129 0.130353 0.215775 0.653872
13162 0.265511 0.631929 0.102560
17112 0.134958 0.324230 0.540812
17068 0.391591 0.453983 0.154427
20476 0.172215 0.244151 0.583634
161 0.152002 0.045561 0.802438
13088 0.191083 0.526139 0.282778
23434 0.525348 0.307752 0.166900
23441 0.126623 0.194139 0.679239
17042 0.604653 0.069510 0.325837
23428 0.322660 0.252305 0.425035
17046 0.007634 0.742432 0.249935
13090 0.159598 0.288827 0.551575
186 0.560394 0.316368 0.123239
17041 0.052810 0.693969 0.253221
183 0.179343 0.565256 0.255400
635 0.435611 0.441958 0.122431
638 0.127572 0.215471 0.656957
23995 0.611258 0.181888 0.206854
20482 0.153647 0.569094 0.277259
19117 0.001780 0.478461 0.519759
20480 0.115404 0.578494 0.306102
20530 0.582359 0.006541 0.411099
11416 0.575815 0.389981 0.034204
20339 0.212366 0.712989 0.074645
20341 0.766821 0.031769 0.201410
11391 0.347025 0.603814 0.049161
20481 0.525914 0.082462 0.391624
20537 0.106331 0.082681 0.810989
323 0.365248 0.634752 0.000000
341 0.634286 0.288574 0.077139
18071 0.027143 0.846825 0.126032
18083 0.585420 0.337562 0.077017
23519 0.226155 0.160616 0.613228
23492 0.292939 0.269872 0.437190
23355 0.294687 0.165473 0.539839
23527 0.046747 0.516625 0.436628
12131 0.428472 0.422179 0.149350
12158 0.137569 0.124099 0.738332
12164 0.858732 0.048685 0.092583
23346 0.649332 0.037916 0.312752
12149 0.509540 0.278702 0.211758
20154 0.462411 0.441288 0.096301
24057 0.024428 0.499696 0.475877
11433 0.144525 0.260495 0.594980
15522 0.496648 0.485649 0.017703
11426 0.031167 0.729342 0.239491
24078 0.511762 0.176244 0.311994
1738 0.185793 0.122729 0.691478
24043 0.096916 0.171204 0.731880
314 0.146410 0.279750 0.573840
11431 0.316315 0.643728 0.039957
11440 0.676316 0.203862 0.119821
20343 0.240368 0.537247 0.222385
24025 0.108469 0.678587 0.212944
20336 0.225857 0.715466 0.058677
23982 0.594362 0.228346 0.177292
306 0.388118 0.386370 0.225512
24016 0.215145 0.163721 0.621134
11398 0.770401 0.010816 0.218783
23999 0.288492 0.659678 0.051830
24011 0.078957 0.744648 0.176395
20579 0.339406 0.354228 0.306366
20090 0.460744 0.151674 0.387582
18820 0.539982 0.135812 0.324206
12146 0.013938 0.073229 0.912833
20167 0.540804 0.141112 0.318085
20094 0.147301 0.625135 0.227564
171 0.717513 0.136743 0.145745
23505 0.178595 0.819897 0.001508
23525 0.538155 0.223922 0.237923
20737 0.067669 0.184016 0.748315
20171 0.670815 0.160246 0.168939
20156 0.109534 0.791570 0.098896
23498 0.126670 0.330992 0.542338
122 0.403558 0.248260 0.348182
23421 0.437012 0.010805 0.552182
12160 0.325802 0.252395 0.421803
20163 0.799550 0.142360 0.058090
179 0.590908 0.098269 0.310822
12128 0.098592 0.687843 0.213565
20089 0.562996 0.358175 0.078829
167 0.219102 0.225651 0.555246
24031 0.426728 0.135762 0.437510
15521 0.003078 0.268590 0.728332
17926 0.024068 0.216185 0.759746
6 0.111368 0.741494 0.147138
11500 0.145871 0.209518 0.644611
23984 0.061833 0.782908 0.155259
18824 0.215207 0.577905 0.206888
2119 0.485433 0.411920 0.102648
17578 0.016397 0.700998 0.282605
17558 0.059061 0.424174 0.516764
339 0.609470 0.290801 0.099729
18077 0.456429 0.224592 0.318979
17950 0.130049 0.122238 0.747713
20153 0.711585 0.157671 0.130744
1956 0.707600 0.089024 0.203376
23486 0.398379 0.324092 0.277530
19093 0.650439 0.320873 0.028688
24071 0.324480 0.040090 0.635430
40 0.138123 0.042669 0.819209
42 0.021687 0.233495 0.744818
24069 0.197074 0.159592 0.643335
23986 0.106214 0.213167 0.680619
20136 0.431137 0.322900 0.245963
12132 0.510106 0.019906 0.469987
20137 0.332034 0.128303 0.539663
17952 0.501573 0.149579 0.348848
17981 0.360003 0.219717 0.420281
19097 0.034689 0.874038 0.091272
20180 0.201147 0.110547 0.688306
752 0.107302 0.093435 0.799263
12287 0.292377 0.539539 0.168084
12432 0.334077 0.369038 0.296885
748 0.013513 0.835011 0.151475
20140 0.105046 0.695929 0.199025
24073 0.043572 0.691910 0.264518
24073 0.600866 0.309886 0.089248
42 0.254635 0.660269 0.085096
18008 0.495506 0.243079 0.261415
16977 0.801381 0.014434 0.184185
12433 0.386765 0.178093 0.435142
20129 0.359089 0.318487 0.322424
8844 0.277987 0.361285 0.360727
749 0.784819 0.002640 0.212542
16372 0.687894 0.287291 0.024815
746 0.075733 0.523089 0.401178
757 0.255832 0.025464 0.718703
19108 0.658995 0.114491 0.226515
1743 0.077946 0.705886 0.216168
8212 0.507450 0.477655 0.014895
18757 0.138748 0.276896 0.584356
17559 0.271310 0.181914 0.546776
8218 0.703366 0.284055 0.012579
1835 0.498904 0.489447 0.011649
1735 0.421739 0.571825 0.006436
1734 0.197325 0.244619 0.558056
17559 0.004494 0.824314 0.171191
17530 0.035653 0.776178 0.188169
17579 0.143115 0.012498 0.844387
18808 0.746096 0.045163 0.208741
1770 0.230070 0.689772 0.080158
1802 0.176828 0.186878 0.636294
1740 0.004345 0.644241 0.351414
1794 0.736833 0.188095 0.075072
2118 0.170275 0.501910 0.327815
17562 0.208006 0.493508 0.298486
1743 0.142582 0.048645 0.808774
18757 0.024472 0.364055 0.611473
18755 0.395854 0.203454 0.400692
8219 0.368793 0.217595 0.413612
8220 0.140951 0.771886 0.087163
1732 0.090160 0.672935 0.236905
18762 0.821909 0.009265 0.168826
18825 0.838446 0.113964 0.047591
18764 0.489517 0.313079 0.197404
1741 0.244002 0.554636 0.201362
18754 0.068310 0.630110 0.301579
18755 0.845585 0.048477 0.105938
1741 0.650503 0.349497 0.000000
18752 0.602470 0.292879 0.104651
18754 0.486169 0.414512 0.099318
18751 0.405302 0.363822 0.230877
18762 0.313241 0.545200 0.141560
66 0.552556 0.322077 0.125367
18812 0.136861 0.858904 0.004235
23354 0.608129 0.107289 0.284582
23493 0.234516 0.331276 0.434208
18456 0.326257 0.072391 0.601352
123 0.283053 0.336222 0.380725
23364 0.290688 0.621245 0.088067
88 0.504237 0.247883 0.247881
2619 0.042093 0.953189 0.004718
1785 0.122964 0.851857 0.025179
1952 0.762327 0.163657 0.074016
23477 0.314254 0.491055 0.194691
164 0.573391 0.069215 0.357394
72 0.484805 0.139246 0.375949
23489 0.681411 0.013409 0.305180
86 0.261990 0.707624 0.030386
655 0.629387 0.121544 0.249070
23368 0.144312 0.386513 0.469175
23369 0.216998 0.031168 0.751834
23484 0.414577 0.329244 0.256179
20467 0.400326 0.021174 0.578500
18068 0.074079 0.398657 0.527265
18678 0.041507 0.026352 0.932141
17669 0.182943 0.487066 0.329991
12177 0.304833 0.347108 0.348059
18695 0.135084 0.648632 0.216284
20917 0.279456 0.502942 0.217602
18658 0.011588 0.640117 0.348295
18657 0.488615 0.066628 0.444757
18775 0.134438 0.143497 0.722065
17532 0.629842 0.100806 0.269352
17556 0.809323 0.109006 0.081671
1765 0.072255 0.264411 0.663334
18698 0.511910 0.083802 0.404288
18451 0.372695 0.288458 0.338847
18696 0.188326 0.687508 0.124166
8214 0.018290 0.430107 0.551603
18692 0.303832 0.382116 0.314052
18690 0.087423 0.073941 0.838637
2143 0.715301 0.130790 0.153909
2096 0.122336 0.518636 0.359028
18714 0.212082 0.126677 0.661241
2127 0.090063 0.561955 0.347983
18659 0.142358 0.513377 0.344264
18787 0.311470 0.655025 0.033505
8190 0.088558 0.068683 0.842759
17542 0.017001 0.183946 0.799053
1777 0.208620 0.017583 0.773797
18699 0.084167 0.019188 0.896645
1727 0.031961 0.251363 0.716676
2170 0.322218 0.581282 0.096501
2602 0.160627 0.703918 0.135455
18789 0.164877 0.488790 0.346332
19144 0.840088 0.144045 0.015867
15397 0.085789 0.506998 0.407213
716 0.253664 0.615558 0.130778
717 0.141588 0.662734 0.195679
23373 0.719722 0.181038 0.099240
80 0.653547 0.016494 0.329959
7839 0.209157 0.682096 0.108747
23315 0.246737 0.460640 0.292623
16661 0.808596 0.067320 0.124083
2628 0.016510 0.227815 0.755675
13706 0.321170 0.455027 0.223803
1824 0.471544 0.419609 0.108847
18773 0.105815 0.358721 0.535464
8757 0.118072 0.300927 0.581001
20887 0.546318 0.107888 0.345794
20471 0.134330 0.802089 0.063581
23338 0.665423 0.157691 0.176885
711 0.196366 0.413163 0.390472
23336 0.083635 0.891424 0.024941
20512 0.647313 0.290963 0.061724
23379 0.189781 0.672786 0.137433
1782 0.612647 0.110186 0.277167
23354 0.093814 0.809206 0.096980
23339 0.315418 0.191874 0.492708
18738 0.250590 0.535145 0.214265
2607 0.096264 0.475703 0.428033
18736 0.229868 0.444735 0.325397
19079 0.667260 0.288339 0.044402
17995 0.026574 0.270712 0.702714
329 0.014881 0.322703 0.662416
324 0.033943 0.807143 0.158914
10973 0.479335 0.355866 0.164798
20482 0.866754 0.059261 0.073985
10803 0.147462 0.528569 0.323969
24046 0.431318 0.308414 0.260268
12152 0.122309 0.169129 0.708561
44 0.908352 0.061724 0.029924
23511 0.395634 0.003911 0.600455
24044 0.058478 0.789411 0.152110
176 0.388282 0.578594 0.033124
182 0.275825 0.552080 0.172095
27 0.268856 0.170770 0.560374
24077 0.132670 0.393828 0.473501
24082 0.126204 0.049986 0.823810
18817 0.408875 0.223908 0.367216
24049 0.798127 0.122651 0.079222
11423 0.220897 0.526282 0.252821
18014 0.549613 0.105346 0.345041
18011 0.278753 0.049327 0.671920
3243 0.806048 0.019010 0.174942
3245 0.738562 0.030195 0.231243
19 0.519196 0.331285 0.149519
3267 0.628140 0.198977 0.172883
24053 0.147869 0.235263 0.616867
25 0.616533 0.102874 0.280593
16993 0.393803 0.347251 0.258946
1806 0.822089 0.037509 0.140402
8224 0.253971 0.252076 0.493954
1750 0.007950 0.754837 0.237213
8215 0.742592 0.133942 0.123466
8225 0.439863 0.183201 0.376936
18759 0.084381 0.236081 0.679538
1744 0.434629 0.375190 0.190181
1744 0.030906 0.152908 0.816186
1731 0.000000 0.973878 0.026122
18753 0.021696 0.028329 0.949975
8220 0.295001 0.058160 0.646839
1739 0.138575 0.413080 0.448345
18753 0.377793 0.479080 0.143126
18763 0.263643 0.562431 0.173925
18296 0.019787 0.820903 0.159310
296 0.595083 0.351126 0.053791
298 0.071766 0.791166 0.137068
3096 0.091558 0.800847 0.107594
35 0.278468 0.253528 0.468004
31 0.500650 0.296053 0.203297
3097 0.485796 0.296644 0.217559
18304 0.580658 0.244070 0.175271
3122 0.115565 0.700883 0.183552
3101 0.036419 0.007438 0.956143
18006 0.016799 0.503846 0.479355
18007 0.565148 0.339011 0.095841
20479 0.082422 0.709878 0.207700
13114 0.021747 0.040994 0.937259
20477 0.687319 0.127383 0.185298
18007 0.252387 0.000033 0.747581
10969 0.148590 0.362036 0.489374
17024 0.761462 0.217247 0.021291
11050 0.177190 0.443438 0.379372
20485 0.028058 0.858965 0.112977
639 0.725556 0.198227 0.076217
19159 0.229163 0.029270 0.741567
809 0.240351 0.097956 0.661694
818 0.000000 0.499398 0.500602
19164 0.410450 0.435250 0.154300
13075 0.396495 0.504512 0.098993
10978 0.455467 0.273947 0.270586
20483 0.840753 0.012843 0.146404
20484 0.880403 0.076428 0.043169
17071 0.517226 0.277667 0.205107
10970 0.424733 0.319249 0.256018
10976 0.096419 0.460925 0.442655
20487 0.012576 0.798444 0.188980
17074 0.052943 0.808033 0.139024
328 0.007564 0.137483 0.854953
10980 0.749349 0.199880 0.050771
20488 0.281381 0.063734 0.654885
13086 0.028201 0.098242 0.873556
17051 0.954192 0.013014 0.032794
13112 0.141416 0.272943 0.585641
17064 0.162522 0.727040 0.110439
827 0.116694 0.883306 0.000000
822 0.414739 0.016688 0.568574
830 0.008538 0.766322 0.225140
745 0.136040 0.306398 0.557562
20528 0.747588 0.160749 0.091664
20539 0.285794 0.657664 0.056542
1809 0.053964 0.345946 0.600090
115 0.510717 0.434169 0.055114
11395 0.149664 0.473509 0.376827
1797 0.138395 0.325678 0.535926
11441 0.638501 0.259945 0.101555
1793 0.066554 0.135235 0.798212
175 0.184268 0.465635 0.350096
20524 0.753962 0.087703 0.158335
813 0.107076 0.420985 0.471939
17057 0.661330 0.071955 0.266715
17065 0.225452 0.461099 0.313449
13115 0.844088 0.000000 0.155912
854 0.899779 0.033009 0.067212
831 0.371737 0.428328 0.199935
1990 0.168775 0.831225 0.000000
13709 0.278399 0.060146 0.661455
13708 0.467074 0.366223 0.166703
8144 0.092242 0.684143 0.223614
13702 0.312828 0.449580 0.237592
1818 0.513207 0.297802 0.188991
2677 0.031319 0.659307 0.309374
17488 0.029719 0.151776 0.818505
2667 0.389345 0.068166 0.542489
2674 0.165379 0.208171 0.626450
1807 0.473263 0.305361 0.221376
2675 0.254059 0.525128 0.220813
2661 0.696182 0.294631 0.009187
2669 0.392421 0.187545 0.420034
20499 0.093749 0.719290 0.186961
1811 0.274222 0.398932 0.326846
20500 0.525790 0.195273 0.278937
11113 0.136997 0.027799 0.835204
20515 0.509485 0.195441 0.295073
11119 0.737605 0.249059 0.013336
16659 0.750936 0.161519 0.087545
104 0.084092 0.310854 0.605054
20882 0.274268 0.175141 0.550591
20517 0.400062 0.136744 0.463194
11111 0.218469 0.513508 0.268023
17648 0.205391 0.086145 0.708464
19351 0.596015 0.276308 0.127677
19353 0.220696 0.424141 0.355162
19910 0.181450 0.042479 0.776071
12247 0.499177 0.120210 0.380613
19828 0.044482 0.132064 0.823454
11900 0.222929 0.334473 0.442598
20849 0.666982 0.243112 0.089906
20856 0.171376 0.316788 0.511836
20806 0.119399 0.304200 0.576401
11917 0.574554 0.368293 0.057153
20840 0.323205 0.527264 0.149531
19586 0.863997 0.098491 0.037512
462 0.387503 0.230248 0.382249
457 0.387975 0.478436 0.133589
460 0.466679 0.133401 0.399919
19222 0.392918 0.603610 0.003472
500 0.392901 0.004152 0.602947
19192 0.286687 0.603751 0.109562
15905 0.216773 0.022848 0.760379
13842 0.686602 0.175423 0.137975
15909 0.625136 0.358875 0.015988
15898 0.387136 0.319839 0.293025
13844 0.726388 0.259167 0.014444
13774 0.955610 0.044390 0.000000
13770 0.868933 0.108638 0.022429
18182 0.099633 0.682119 0.218248
18181 0.029296 0.794853 0.175850
3459 0.893683 0.066981 0.039336
18183 0.170439 0.557934 0.271627
3458 0.797000 0.122698 0.080303
3463 0.712215 0.184196 0.103589
11912 0.392072 0.411564 0.196364
20858 0.668907 0.093656 0.237438
11918 0.090965 0.763972 0.145064
7119 0.478992 0.075385 0.445623
20827 0.360176 0.165235 0.474589
5888 0.044979 0.477266 0.477755
7117 0.452449 0.249998 0.297553
20828 0.217785 0.367991 0.414224
13860 0.547412 0.264006 0.188582
2323 0.490344 0.365540 0.144116
20749 0.721562 0.149965 0.128472
20822 0.213255 0.062001 0.724744
20820 0.170117 0.149912 0.679971
2321 0.797667 0.065241 0.137092
20667 0.813572 0.181331 0.005097
2313 0.892688 0.024260 0.083053
20812 0.048428 0.773001 0.178571
20748 0.729620 0.247288 0.023093
11944 0.856934 0.061086 0.081980
20834 0.108802 0.131387 0.759811
20844 0.812812 0.163621 0.023567
2337 0.673193 0.113869 0.212938
2338 0.762751 0.124590 0.112659
20835 0.023824 0.856572 0.119605
20855 0.010747 0.264289 0.724964
11903 0.147945 0.684597 0.167459
11901 0.328718 0.456278 0.215004
11898 0.071907 0.776602 0.151491
20831 0.021683 0.333642 0.644675
20817 0.139973 0.279044 0.580982
11922 0.095032 0.386470 0.518498
2852 0.088639 0.304859 0.606502
20839 0.017559 0.687254 0.295187
2298 0.190813 0.723769 0.085417
20815 0.363927 0.267687 0.368386
20816 0.360253 0.290062 0.349685
20665 0.003154 0.793654 0.203192
20666 0.102887 0.640226 0.256887
2318 0.118441 0.096475 0.785084
11908 0.154138 0.288809 0.557053
11944 0.040288 0.295365 0.664347
20843 0.332810 0.045938 0.621252
11919 0.199843 0.302772 0.497385
11907 0.346544 0.305201 0.348255
11945 0.117522 0.754036 0.128442
11917 0.172396 0.406824 0.420780
11905 0.126995 0.665380 0.207626
20845 0.060276 0.243796 0.695928
11916 0.156485 0.454903 0.388613
20847 0.164830 0.447589 0.387581
11897 0.185736 0.077520 0.736743
18333 0.071771 0.854039 0.074190
18185 0.121759 0.168625 0.709616
18261 0.105994 0.292692 0.601313
18327 0.082703 0.481550 0.435747
18186 0.150671 0.038241 0.811088
18338 0.050646 0.860885 0.088470
18339 0.059236 0.845139 0.095625
2959 0.032466 0.770348 0.197187
498 0.602263 0.303799 0.093938
2889 0.794533 0.158862 0.046606
19258 0.176707 0.789289 0.034005
2901 0.582906 0.381733 0.035360
19259 0.527237 0.140155 0.332608
3038 0.402722 0.586587 0.010691
19184 0.787102 0.201012 0.011886
19578 0.071159 0.475712 0.453129
19566 0.177541 0.069564 0.752895
19616 0.267148 0.088014 0.644838
19577 0.037009 0.561074 0.401917
2891 0.331119 0.664500 0.004381
19256 0.254384 0.016087 0.729529
19571 0.958608 0.011813 0.029580
497 0.643147 0.315732 0.041121
2880 0.024534 0.773995 0.201470
19567 0.073555 0.045671 0.880774
19186 0.044149 0.299014 0.656837
2881 0.015957 0.853857 0.130186
800 0.231004 0.110091 0.658905
19245 0.071326 0.799628 0.129046
19278 0.060254 0.485923 0.453822
799 0.083195 0.111765 0.805040
19273 0.018730 0.346801 0.634468
19268 0.110523 0.021220 0.868258
509 0.175014 0.469757 0.355229
19274 0.003459 0.392219 0.604322
19267 0.056419 0.048778 0.894803
19269 0.150379 0.003313 0.846308
19272 0.149120 0.328237 0.522644
789 0.829655 0.128886 0.041459
794 0.493296 0.477663 0.029041
19244 0.699503 0.129996 0.170501
793 0.477109 0.265136 0.257756
19252 0.445271 0.095205 0.459524
19275 0.484953 0.500201 0.014846
771 0.243779 0.275022 0.481198
476 0.173810 0.296794 0.529396
466 0.171192 0.396004 0.432804
15937 0.486692 0.317486 0.195822
13753 0.054387 0.438522 0.507091
19235 0.279307 0.326264 0.394429
16005 0.070036 0.072325 0.857638
16083 0.454200 0.138845 0.406955
19987 0.261784 0.173779 0.564437
16003 0.213964 0.074141 0.711895
16082 0.486617 0.103620 0.409764
19988 0.252774 0.241728 0.505498
15946 0.384616 0.150117 0.465267
13793 0.397401 0.589434 0.013165
20145 0.424193 0.170060 0.405747
20150 0.341641 0.148764 0.509594
16084 0.471189 0.132740 0.396071
13787 0.911082 0.088918 0.000000
19240 0.229551 0.283618 0.486831
13798 0.033299 0.435745 0.530956
13761 0.517613 0.268695 0.213691
19238 0.102170 0.025660 0.872170
13799 0.125026 0.221618 0.653356
13776 0.630278 0.115535 0.254186
16384 0.310780 0.528013 0.161207
743 0.343529 0.078567 0.577904
627 0.040775 0.354622 0.604604
8808 0.590124 0.147939 0.261936
8809 0.406971 0.508496 0.084532
19228 0.417216 0.149565 0.433219
15400 0.041974 0.751897 0.206129
16350 0.577551 0.243097 0.179352
16347 0.077194 0.158112 0.764694
19094 0.092677 0.588939 0.318384
8811 0.461150 0.441081 0.097768
15391 0.364052 0.500593 0.135355
23485 0.665459 0.186002 0.148540
12450 0.299611 0.652946 0.047443
778 0.390043 0.450176 0.159782
779 0.355649 0.571550 0.072801
12451 0.275022 0.665574 0.059404
20144 0.723978 0.020653 0.255369
19231 0.567009 0.313473 0.119518
13795 0.201857 0.254668 0.543474
15943 0.116302 0.221690 0.662008
15938 0.106973 0.252511 0.640516
13797 0.189432 0.332545 0.478022
13792 0.150648 0.466224 0.383128
15934 0.910846 0.034928 0.054226
15911 0.273595 0.688003 0.038402
15910 0.058768 0.682177 0.259056
13765 0.485874 0.233397 0.280729
13837 0.332813 0.102370 0.564817
15895 0.514797 0.301466 0.183737
15894 0.244029 0.316611 0.439360
15948 0.417885 0.002173 0.579941
13759 0.224971 0.190743 0.584286
13760 0.257880 0.333226 0.408894
15919 0.224482 0.016773 0.758745
13768 0.981715 0.003391 0.014894
13758 0.103607 0.521595 0.374798
19741 0.799492 0.033660 0.166848
11034 0.026259 0.243316 0.730425
19847 0.392838 0.065016 0.542146
18402 0.587752 0.333053 0.079195
12278 0.172428 0.044362 0.783210
20516 0.100300 0.407982 0.491718
19352 0.118035 0.458812 0.423153
11158 0.071559 0.905550 0.022891
20886 0.770286 0.094008 0.135705
18719 0.125427 0.565266 0.309307
20494 0.716014 0.091783 0.192203
20514 0.934766 0.059076 0.006158
2073 0.152703 0.289629 0.557668
18721 0.100990 0.742237 0.156773
20500 0.027479 0.521384 0.451137
11135 0.343305 0.019766 0.636929
649 0.417235 0.317686 0.265079
12273 0.066843 0.576280 0.356876
19748 0.617680 0.375151 0.007169
12283 0.463493 0.312591 0.223916
12235 0.165343 0.817202 0.017455
12276 0.735568 0.132091 0.132340
19749 0.165162 0.140365 0.694473
19832 0.843164 0.044439 0.112397
2063 0.112114 0.658663 0.229223
20876 0.649021 0.334222 0.016757
19352 0.734036 0.074418 0.191546
20501 0.479959 0.188415 0.331626
20492 0.189260 0.418927 0.391813
20504 0.601274 0.317989 0.080737
19834 0.071595 0.112197 0.816207
12265 0.238738 0.032902 0.728359
20872 0.138671 0.570441 0.290888
18716 0.214218 0.676155 0.109627
12279 0.432077 0.511544 0.056379
12281 0.190307 0.227978 0.581715
12238 0.062580 0.249480 0.687940
12271 0.708191 0.131372 0.160437
12234 0.138376 0.583918 0.277707
12253 0.011056 0.029105 0.959840
19925 0.364664 0.219780 0.415556
19778 0.797815 0.109281 0.092904
10958 0.393043 0.124292 0.482665
19746 0.254956 0.497165 0.247878
18385 0.543132 0.314291 0.142577
19753 0.278391 0.251583 0.470027
12266 0.601487 0.182559 0.215954
19820 0.548947 0.326184 0.124869
19836 0.741595 0.067257 0.191148
12195 0.690095 0.126444 0.183460
20949 0.095307 0.726810 0.177883
12226 0.233398 0.723474 0.043128
12186 0.188328 0.110512 0.701161
12182 0.217755 0.428254 0.353991
1925 0.796925 0.044901 0.158174
18715 0.730876 0.176309 0.092815
19751 0.348248 0.193222 0.458530
2113 0.407245 0.438981 0.153773
12246 0.154753 0.545631 0.299616
18386 0.238436 0.046245 0.715318
19865 0.141684 0.030562 0.827755
10956 0.157374 0.660825 0.181801
1924 0.529534 0.443619 0.026847
19834 0.760848 0.128022 0.111130
19788 0.374294 0.040246 0.585461
12282 0.270996 0.585414 0.143591
19816 0.022973 0.265561 0.711467
19773 0.247725 0.451381 0.300894
19827 0.122322 0.265727 0.611951
1861 0.331959 0.021178 0.646863
19912 0.200142 0.282726 0.517133
11021 0.199776 0.521822 0.278402
