5264 0.452055 0.151165 0.396780
5280 0.398595 0.571152 0.030253
5279 0.619978 0.002418 0.377604
1243 0.836457 0.012174 0.151369
1676 0.498057 0.000000 0.501943
1675 0.203092 0.522103 0.274805
6392 0.367053 0.612767 0.020180
5276 0.139370 0.003705 0.856925
1672 0.471633 0.115209 0.413158
5262 0.578304 0.118070 0.303625
1241 0.312324 0.275004 0.412672
5273 0.134769 0.431016 0.434215
1536 0.371621 0.187506 0.440873
5268 0.455503 0.423831 0.120666
5267 0.311327 0.030990 0.657682
1535 0.023649 0.096177 0.880174
1221 0.359882 0.510508 0.129610
5220 0.014100 0.325441 0.660459
5271 0.052675 0.697988 0.249337
1222 0.638393 0.187284 0.174323
5265 1.000000 0.000000 0.000000
5265 0.111034 0.774661 0.114305
5266 0.389871 0.118671 0.491458
5279 0.043702 0.021059 0.935239
5263 0.306630 0.494071 0.199298
1243 0.126279 0.052095 0.821626
5259 0.285665 0.303270 0.411065
1772 0.351184 0.453431 0.195385
5260 0.212667 0.054467 0.732865
6026 0.167425 0.095796 0.736779
5808 0.262259 0.334792 0.402949
5810 0.457637 0.483107 0.059256
5909 0.165653 0.682361 0.151985
6434 0.190818 0.276842 0.532339
6422 0.032046 0.821901 0.146054
6435 0.117337 0.071474 0.811189
5908 0.695806 0.289890 0.014304
6435 0.115865 0.807579 0.076556
6025 0.016659 0.529829 0.453513
5907 0.260576 0.553966 0.185458
6020 0.709442 0.130340 0.160218
6016 0.376454 0.043248 0.580299
6017 0.351063 0.498680 0.150257
6017 0.259263 0.054967 0.685770
6021 0.335261 0.421809 0.242930
6020 0.008551 0.121415 0.870034
6016 0.852333 0.147667 0.000000
5897 0.726983 0.136589 0.136428
5749 0.253083 0.713722 0.033195
5890 0.889285 0.104307 0.006408
5893 0.011441 0.792573 0.195986
5750 0.667064 0.153923 0.179013
5752 0.203452 0.708123 0.088425
5753 0.126587 0.175462 0.697950
5751 0.093399 0.869904 0.036698
5755 0.044535 0.464817 0.490648
5740 0.322275 0.561101 0.116624
5736 0.366791 0.520759 0.112450
5501 0.504703 0.002076 0.493221
6025 0.453659 0.008993 0.537348
5743 0.574055 0.109411 0.316533
6023 0.579472 0.113978 0.306550
6022 0.652481 0.000228 0.347291
6029 0.367922 0.232617 0.399461
6023 0.320241 0.539330 0.140430
5499 0.555145 0.226554 0.218301
5754 0.310163 0.057150 0.632686
5496 0.047840 0.821551 0.130609
5807 0.267030 0.465662 0.267308
5820 0.696670 0.178442 0.124889
5904 0.353643 0.265590 0.380767
5902 0.600453 0.206616 0.192931
5822 0.061066 0.087208 0.851726
5824 0.382428 0.451722 0.165850
5900 0.249662 0.470637 0.279701
6427 0.214957 0.429870 0.355174
5859 0.150743 0.639193 0.210064
5744 0.344565 0.349539 0.305896
6418 0.586775 0.327205 0.086019
6419 0.644279 0.062847 0.292874
5747 0.392490 0.583023 0.024487
6013 0.696338 0.209881 0.093781
6014 0.250000 0.669669 0.080331
5860 0.170663 0.510914 0.318423
5863 0.204746 0.490681 0.304573
5825 0.383048 0.159840 0.457112
5823 0.277000 0.319161 0.403839
5817 0.360104 0.622910 0.016986
5827 0.407308 0.499933 0.092759
6422 0.614056 0.000030 0.385913
5818 0.690411 0.122107 0.187482
5813 0.726110 0.158212 0.115678
6420 0.408810 0.457524 0.133666
5805 0.055552 0.510244 0.434204
5873 0.068440 0.594236 0.337325
5804 0.153564 0.288170 0.558266
5871 0.615810 0.307665 0.076525
5801 0.379627 0.545104 0.075270
5869 0.527196 0.332402 0.140402
6426 0.142248 0.038674 0.819078
6424 0.560893 0.323548 0.115559
5851 0.657286 0.250784 0.091930
5842 0.179367 0.228964 0.591670
5853 0.722147 0.036368 0.241484
5852 0.541393 0.411066 0.047541
5887 0.589268 0.367453 0.043279
5848 0.701948 0.212828 0.085225
5497 0.276555 0.341220 0.382225
6410 0.042405 0.637124 0.320471
5492 0.275124 0.621751 0.103126
5493 0.377251 0.249688 0.373062
5491 0.432957 0.163955 0.403088
5490 0.397809 0.597211 0.004980
5504 0.432820 0.478975 0.088205
5489 0.518816 0.342496 0.138689
5500 0.215802 0.497659 0.286538
5844 0.213989 0.245386 0.540625
5772 0.068174 0.339973 0.591853
5864 0.139400 0.501719 0.358881
5776 0.445186 0.214963 0.339851
5794 0.353785 0.042034 0.604181
5996 0.700185 0.188906 0.110909
5792 0.328258 0.061247 0.610495
5999 0.413339 0.406277 0.180384
5793 0.363069 0.473387 0.163545
6001 0.507075 0.332462 0.160463
5793 0.038474 0.531479 0.430047
6003 0.189830 0.058447 0.751723
5791 0.031327 0.650269 0.318404
5762 0.089815 0.131982 0.778203
5788 0.070712 0.689861 0.239427
5786 0.501992 0.304090 0.193918
5761 0.241687 0.591004 0.167310
5763 0.326055 0.295041 0.378904
5760 0.349213 0.201748 0.449038
5787 0.105246 0.857794 0.036960
5828 0.069759 0.144840 0.785401
5759 0.417560 0.278646 0.303795
5831 0.881344 0.037230 0.081426
5771 0.410332 0.424010 0.165657
5830 0.554240 0.222348 0.223412
5770 0.341325 0.440325 0.218350
5735 0.876018 0.110936 0.013046
5735 0.011120 0.238658 0.750222
1247 0.281556 0.107162 0.611282
1248 0.040747 0.474163 0.485090
1259 0.053862 0.746317 0.199820
1262 0.561331 0.310027 0.128642
5481 0.319629 0.343995 0.336376
5723 0.341726 0.544657 0.113617
5722 0.364790 0.077164 0.558046
1260 0.181116 0.221649 0.597235
5721 0.433419 0.528257 0.038324
1258 0.137701 0.683479 0.178820
6406 0.398238 0.466142 0.135620
1256 0.144969 0.191233 0.663798
5716 0.453274 0.061191 0.485535
6237 0.091985 0.821389 0.086626
1254 0.664337 0.111805 0.223859
5717 0.294589 0.550538 0.154874
5470 0.285934 0.557852 0.156214
1251 0.016568 0.038106 0.945326
5471 0.517634 0.057294 0.425072
1251 0.763614 0.135435 0.100951
5729 0.535819 0.227265 0.236916
1773 0.316910 0.505614 0.177476
5713 0.625670 0.225600 0.148730
1249 0.348860 0.270192 0.380948
5724 0.172507 0.266190 0.561303
1283 0.122288 0.361577 0.516135
5730 0.457012 0.176614 0.366375
1537 0.174041 0.547210 0.278749
1680 0.156092 0.523150 0.320759
5709 0.094951 0.234379 0.670670
5770 0.219228 0.604256 0.176517
5771 0.258583 0.473730 0.267686
5760 0.513680 0.219627 0.266693
5761 0.180094 0.741196 0.078709
5246 0.341117 0.345848 0.313034
5237 0.566652 0.338321 0.095026
5239 0.666055 0.276519 0.057426
5240 0.722389 0.118871 0.158740
1223 0.287309 0.465968 0.246723
5164 0.326414 0.142525 0.531061
6072 0.347068 0.016121 0.636811
1142 0.614317 0.082389 0.303294
5164 0.807383 0.000000 0.192617
1141 0.172946 0.385580 0.441474
1201 0.349430 0.226274 0.424295
1525 0.319310 0.665325 0.015365
1171 0.070806 0.597033 0.332161
1143 0.205404 0.438252 0.356344
1171 0.195552 0.011080 0.793368
1292 0.315609 0.184154 0.500236
1643 0.303381 0.342007 0.354613
1171 0.992240 0.005319 0.002441
1696 0.445840 0.412869 0.141290
1174 0.417719 0.301962 0.280319
6233 1.000000 0.000000 0.000000
1214 0.415115 0.000000 0.584885
1214 1.000000 0.000000 0.000000
6233 1.000000 0.000000 0.000000
1765 0.000000 0.436694 0.563306
1207 0.444625 0.437457 0.117918
1766 0.537035 0.453549 0.009416
1276 0.006870 0.125323 0.867806
1309 0.168472 0.796365 0.035163
6075 0.572893 0.257631 0.169476
1321 0.487547 0.005748 0.506705
1322 0.040413 0.189084 0.770503
6076 0.049320 0.525967 0.424713
1520 0.391773 0.135282 0.472946
1519 0.059683 0.719566 0.220751
1270 0.607634 0.385670 0.006697
1699 0.423346 0.279556 0.297098
1297 0.165490 0.044840 0.789670
1297 0.723153 0.252511 0.024336
6285 0.184703 0.342545 0.472752
1191 0.190157 0.062349 0.747494
1758 0.284316 0.573026 0.142658
6286 0.354285 0.058526 0.587189
1535 0.094478 0.795576 0.109946
1535 0.698534 0.195819 0.105647
1293 0.687348 0.303231 0.009421
1185 0.061857 0.383436 0.554707
6240 0.146817 0.355987 0.497196
1294 0.690399 0.078545 0.231056
5776 0.634775 0.044102 0.321122
5763 0.353272 0.160485 0.486242
5996 0.324077 0.541130 0.134793
5763 0.876234 0.050889 0.072877
6003 0.641862 0.063998 0.294140
6001 0.406761 0.588865 0.004374
5998 0.224351 0.458953 0.316696
5867 0.205351 0.317192 0.477457
5794 0.836121 0.080998 0.082881
5796 0.075998 0.008631 0.915371
5797 0.407323 0.188962 0.403715
5797 0.072605 0.217229 0.710166
5832 0.495515 0.161175 0.343311
5834 0.135401 0.398313 0.466285
5837 0.556941 0.284636 0.158423
5836 0.364347 0.534692 0.100961
5838 0.312144 0.442256 0.245600
5839 0.587812 0.060870 0.351318
5840 0.018584 0.719393 0.262023
5847 0.269367 0.599501 0.131131
5866 0.363484 0.126336 0.510181
5798 0.309980 0.369173 0.320846
5796 0.643680 0.127083 0.229237
5796 0.182078 0.679524 0.138399
6024 0.560817 0.004489 0.434693
6024 0.238419 0.081689 0.679892
5888 0.240992 0.541527 0.217481
5891 0.274447 0.220251 0.505301
5891 0.073588 0.872378 0.054033
5862 0.420220 0.133635 0.446145
5862 0.114205 0.131978 0.753817
5843 0.007366 0.614925 0.377709
5846 0.641624 0.063856 0.294519
1190 0.118399 0.727867 0.153734
1408 0.283408 0.689125 0.027466
1188 0.612191 0.283909 0.103900
1652 0.168308 0.812555 0.019137
1698 0.771595 0.208886 0.019519
1295 0.150078 0.600704 0.249218
1616 0.126231 0.410284 0.463485
1615 0.265561 0.047871 0.686568
6187 0.097763 0.414525 0.487711
1356 0.298373 0.060728 0.640899
6196 0.615810 0.290718 0.093472
6195 0.170749 0.567792 0.261459
1752 0.097336 0.849005 0.053659
5301 0.542702 0.210657 0.246641
6192 0.122256 0.228636 0.649108
6169 0.577475 0.355691 0.066834
6451 0.160266 0.665548 0.174186
1684 0.389832 0.472417 0.137751
6276 0.328330 0.130613 0.541058
6207 0.507708 0.394179 0.098112
6207 0.079193 0.340175 0.580631
6129 0.203930 0.266949 0.529121
6129 0.030310 0.717963 0.251727
5293 0.166427 0.544209 0.289363
6173 0.277138 0.613590 0.109272
6173 0.670886 0.300679 0.028435
5294 0.019640 0.711114 0.269246
6186 0.070385 0.762516 0.167099
5294 0.366157 0.099072 0.534771
1079 0.025313 0.832301 0.142386
6225 0.409353 0.190781 0.399867
6225 0.264410 0.719054 0.016535
1080 0.360291 0.116801 0.522908
1410 0.089887 0.753780 0.156333
1410 0.030500 0.097191 0.872309
1509 0.410943 0.539578 0.049479
5328 0.608366 0.380320 0.011314
1794 0.430641 0.218621 0.350739
1105 0.310459 0.490796 0.198744
1776 0.145954 0.248356 0.605689
2123 0.515269 0.098165 0.386565
1685 0.502814 0.154668 0.342518
1778 0.698102 0.241101 0.060797
5319 0.324696 0.667954 0.007349
5284 0.420935 0.455095 0.123970
5297 0.811519 0.163594 0.024887
1692 0.149157 0.628571 0.222273
1689 0.852478 0.073153 0.074370
6080 0.038703 0.803224 0.158073
6080 0.124997 0.151167 0.723836
5320 0.017065 0.348356 0.634579
6183 0.405066 0.472770 0.122164
6272 0.237100 0.648339 0.114561
6272 0.177436 0.138971 0.683593
6184 0.018366 0.232910 0.748724
1775 0.687170 0.053872 0.258958
1263 0.065244 0.501402 0.433354
1360 0.174768 0.519629 0.305603
1052 0.871227 0.103649 0.025124
1793 0.109116 0.534132 0.356752
1724 0.498067 0.285035 0.216898
1723 0.429869 0.324972 0.245159
1686 0.112599 0.043942 0.843459
1510 0.918101 0.067314 0.014585
1510 0.089147 0.277433 0.633419
1505 0.340683 0.362098 0.297219
6084 0.705886 0.121919 0.172195
1720 0.389263 0.414170 0.196567
1356 0.083428 0.356302 0.560270
1684 0.061656 0.886522 0.051822
6255 0.779756 0.113723 0.106521
1687 0.256300 0.622185 0.121515
1467 0.719082 0.215171 0.065747
6200 0.394888 0.275977 0.329135
1383 0.326067 0.018638 0.655295
5201 0.013577 0.424296 0.562128
5201 0.323497 0.591984 0.084519
5166 0.465058 0.098402 0.436540
5166 0.277443 0.613849 0.108708
5194 0.142313 0.741566 0.116121
5189 0.120580 0.739896 0.139524
5190 0.405539 0.378445 0.216016
5194 0.208083 0.243438 0.548479
6381 0.057103 0.544864 0.398033
6381 0.044516 0.015050 0.940434
6380 0.265885 0.055178 0.678937
1131 0.022108 0.841669 0.136223
5169 0.248128 0.749159 0.002713
1381 0.212307 0.266593 0.521100
1117 0.011184 0.450251 0.538565
1084 0.880021 0.071068 0.048912
1117 0.672829 0.271149 0.056021
1050 0.089370 0.689480 0.221151
1049 0.412147 0.076479 0.511374
1064 0.488679 0.295404 0.215917
6109 0.347585 0.331720 0.320695
6379 0.373032 0.205730 0.421238
6379 0.065230 0.745276 0.189494
5188 0.740414 0.032072 0.227514
5188 0.349384 0.622222 0.028395
1133 0.406357 0.196040 0.397603
5160 0.403472 0.253151 0.343376
1087 0.139868 0.096214 0.763918
1087 0.384503 0.507767 0.107730
1514 0.320276 0.560671 0.119053
1613 0.183127 0.045217 0.771656
6060 0.865085 0.065597 0.069319
1795 0.605204 0.041367 0.353429
1065 0.687950 0.010784 0.301267
6058 0.169463 0.046363 0.784174
1066 0.095209 0.425087 0.479704
6084 0.211617 0.659747 0.128635
5295 0.092376 0.811185 0.096439
5296 0.253018 0.298608 0.448374
5293 0.574526 0.094935 0.330539
1622 0.578878 0.407039 0.014083
5294 0.878676 0.071139 0.050185
5290 0.511558 0.098630 0.389812
1607 0.817923 0.178438 0.003639
1608 0.594309 0.025351 0.380340
5090 0.192086 0.242549 0.565365
6363 0.282209 0.534725 0.183066
5115 0.541328 0.281011 0.177662
6367 0.348686 0.604664 0.046649
5305 0.467410 0.146261 0.386329
5305 0.122503 0.794336 0.083161
5130 0.403169 0.080338 0.516493
5091 0.024988 0.883601 0.091411
5110 0.160704 0.305732 0.533563
5110 0.612518 0.235578 0.151905
1069 0.308084 0.532880 0.159036
5091 0.662435 0.113571 0.223994
5112 0.770081 0.124444 0.105476
1069 0.986862 0.002436 0.010701
6530 0.382520 0.500025 0.117455
5111 0.220033 0.350241 0.429726
1090 0.105669 0.338431 0.555900
1611 0.269065 0.146560 0.584375
1338 0.204398 0.303177 0.492425
1612 0.100445 0.051658 0.847898
6062 0.220698 0.519242 0.260059
6073 0.062524 0.757600 0.179876
6472 0.435676 0.237349 0.326975
1714 0.515758 0.335019 0.149223
6136 0.332277 0.665989 0.001734
6136 0.315785 0.024974 0.659241
1028 0.324140 0.051516 0.624344
1027 0.045526 0.631609 0.322865
1608 0.073157 0.075747 0.851096
1608 0.122041 0.850635 0.027324
1015 0.432005 0.476845 0.091151
1016 0.517763 0.183302 0.298935
5307 0.528727 0.420432 0.050841
5308 0.448806 0.231252 0.319942
5098 0.340903 0.108664 0.550433
5097 0.243356 0.685901 0.070742
6399 0.241450 0.034893 0.723657
6181 0.327200 0.068595 0.604206
6398 0.732959 0.020318 0.246723
6368 0.144204 0.058855 0.796941
6182 0.102563 0.687339 0.210098
5311 0.291396 0.177400 0.531203
6532 0.018878 0.433967 0.547155
5318 0.392114 0.522387 0.085500
5315 0.134398 0.112348 0.753253
5316 0.303338 0.155866 0.540797
5314 0.625275 0.182627 0.192098
5132 0.399350 0.356212 0.244438
4637 0.049939 0.333608 0.616453
6524 0.673091 0.004346 0.322563
6506 0.174226 0.430836 0.394939
5342 0.707164 0.160899 0.131937
6098 0.059962 0.344421 0.595617
4648 0.002732 0.329680 0.667588
6150 0.098531 0.695921 0.205548
6150 0.069284 0.079381 0.851335
2157 0.501009 0.368253 0.130738
5341 0.430015 0.424877 0.145108
2155 0.203813 0.558349 0.237839
5337 0.341611 0.539023 0.119366
5353 0.138116 0.573744 0.288140
2153 0.000397 0.780344 0.219259
5352 0.639793 0.046674 0.313533
5387 0.225620 0.084824 0.689556
5338 0.561227 0.225883 0.212889
5386 0.047672 0.851387 0.100941
6400 0.199073 0.321100 0.479827
1071 0.004392 0.834167 0.161442
6405 0.078185 0.404229 0.517586
5411 0.255331 0.339483 0.405185
4649 0.205598 0.359605 0.434796
5144 0.046023 0.058734 0.895243
5144 0.851630 0.117093 0.031277
2143 0.370289 0.419214 0.210497
5332 0.264298 0.531541 0.204161
2150 0.206042 0.132393 0.661564
6868 0.650885 0.150953 0.198162
2167 0.196399 0.091613 0.711988
2165 0.043977 0.508348 0.447676
6086 0.121549 0.792104 0.086347
6074 0.126381 0.037123 0.836496
1060 0.305265 0.319534 0.375201
1605 0.319469 0.475216 0.205315
1020 0.031483 0.734554 0.233963
1020 0.054907 0.091976 0.853116
5093 0.897582 0.071312 0.031106
5096 0.101474 0.143974 0.754552
6370 0.245567 0.094045 0.660388
1044 0.032577 0.434770 0.532653
5406 0.293090 0.600537 0.106373
5407 0.013983 0.138589 0.847427
5407 0.558483 0.215642 0.225875
5384 0.033925 0.361438 0.604637
6883 0.052964 0.352092 0.594944
6178 0.516108 0.456217 0.027674
1701 0.024040 0.855477 0.120483
5168 0.006689 0.109917 0.883394
5167 0.163593 0.000000 0.836407
1135 0.064791 0.768918 0.166291
6376 0.551251 0.192708 0.256041
1626 0.186864 0.745220 0.067917
5157 0.270390 0.280010 0.449600
1124 0.097034 0.393784 0.509182
5179 0.422696 0.354959 0.222345
1266 0.383908 0.073795 0.542298
1515 0.047781 0.001642 0.950577
1266 0.092761 0.900190 0.007050
1515 0.348342 0.477332 0.174326
5181 0.277569 0.402836 0.319595
6064 0.349093 0.267845 0.383062
6092 0.530797 0.243350 0.225853
1121 0.277534 0.626567 0.095899
1085 0.777648 0.201370 0.020981
6144 0.041312 0.098859 0.859829
1086 0.035222 0.713671 0.251107
6144 0.657287 0.170582 0.172132
1128 0.607658 0.373286 0.019056
5161 0.634091 0.225624 0.140285
6111 0.531745 0.143475 0.324780
1139 0.163724 0.672388 0.163887
1084 0.030325 0.836051 0.133624
1139 0.463636 0.096237 0.440127
5173 0.546144 0.230990 0.222867
1631 0.197137 0.550967 0.251896
5198 0.476173 0.409920 0.113907
5171 0.184315 0.759957 0.055728
5170 0.232971 0.021672 0.745357
6264 0.359491 0.047413 0.593096
6265 0.012942 0.666717 0.320341
5196 0.059619 0.615782 0.324599
6382 0.636052 0.013811 0.350138
5192 0.099033 0.172599 0.728368
1630 0.032661 0.783456 0.183882
5204 0.107840 0.090688 0.801472
1628 0.059099 0.871779 0.069122
6224 0.474638 0.007935 0.517427
1051 0.376878 0.583184 0.039938
6280 0.320746 0.573934 0.105320
1126 0.525487 0.381138 0.093374
1267 0.066276 0.322829 0.610895
1268 0.001638 0.019389 0.978972
5184 0.444673 0.122718 0.432609
5156 0.338512 0.370912 0.290576
6094 0.469478 0.349370 0.181152
6114 0.192181 0.085047 0.722772
6114 0.812161 0.104333 0.083506
1129 0.643246 0.354361 0.002393
5175 0.070242 0.581445 0.348312
5175 0.349985 0.029115 0.620900
5200 0.588785 0.099363 0.311852
1148 0.697242 0.214787 0.087971
1150 0.166685 0.454620 0.378695
6226 0.710430 0.167449 0.122121
1647 0.260539 0.671114 0.068348
1649 0.309882 0.626755 0.063363
1176 0.691420 0.018739 0.289841
6282 0.363673 0.617055 0.019271
6118 0.385517 0.136750 0.477733
1693 0.257059 0.063917 0.679024
1181 0.611854 0.327305 0.060840
1184 0.462862 0.510780 0.026358
6231 0.298733 0.090662 0.610606
6228 0.092342 0.323618 0.584040
1157 0.137091 0.591915 0.270994
1639 0.024460 0.123620 0.851920
1761 0.834721 0.028729 0.136550
6289 0.261202 0.455253 0.283545
1168 0.665351 0.098326 0.236323
1272 0.245652 0.506896 0.247453
1524 0.148413 0.448127 0.403460
1523 0.548365 0.375115 0.076520
1299 0.467179 0.145976 0.386845
6069 0.176552 0.006226 0.817222
1472 0.174550 0.815249 0.010201
1182 0.651961 0.029113 0.318926
1162 0.563628 0.333902 0.102470
1160 0.213241 0.253574 0.533184
1200 0.154689 0.843279 0.002032
1198 0.412731 0.481200 0.106069
1653 0.000000 0.132371 0.867629
6290 0.605883 0.232241 0.161876
1763 0.034525 0.465553 0.499922
1167 0.224976 0.671795 0.103229
1273 0.306263 0.139457 0.554280
1526 0.612159 0.066544 0.321297
1637 0.366058 0.329887 0.304054
1238 0.126637 0.624198 0.249166
1235 0.128970 0.111320 0.759710
1236 0.168735 0.243561 0.587704
1236 0.057547 0.938660 0.003793
5212 0.064901 0.144020 0.791079
1667 0.202961 0.234722 0.562317
1315 0.461523 0.029313 0.509164
1233 0.524595 0.305580 0.169825
5210 0.128888 0.166702 0.704410
1234 0.601717 0.174798 0.223485
5209 0.148243 0.720652 0.131104
6385 0.514989 0.160733 0.324278
1665 0.385815 0.466584 0.147601
1666 0.495638 0.150283 0.354079
6384 0.408677 0.472320 0.119003
1661 0.346482 0.440023 0.213495
5221 0.232014 0.263629 0.504357
5208 0.028381 0.502953 0.468666
1662 0.590362 0.033128 0.376511
1770 0.196840 0.383155 0.420005
1230 0.204519 0.419653 0.375829
6297 0.217918 0.354988 0.427095
1280 0.564104 0.377956 0.057940
5215 0.047153 0.268201 0.684646
5217 0.552473 0.374250 0.073277
1533 0.603278 0.372707 0.024015
5217 0.067372 0.152284 0.780344
1534 0.705591 0.269378 0.025031
1660 0.117460 0.502368 0.380173
5213 0.113661 0.611483 0.274856
5211 0.212558 0.307286 0.480156
5212 0.005064 0.768531 0.226405
1668 0.174758 0.429380 0.395862
1234 0.119465 0.849226 0.031308
1234 0.049768 0.199645 0.750586
1675 0.774373 0.018500 0.207127
1675 0.105599 0.020943 0.873458
5274 0.680545 0.033656 0.285799
1242 0.841135 0.060546 0.098318
1229 0.143079 0.831315 0.025606
1279 0.439794 0.513054 0.047152
5218 0.125572 0.831758 0.042669
5218 0.334107 0.169122 0.496771
5219 0.106156 0.435916 0.457928
5757 0.214153 0.045892 0.739955
5480 0.903967 0.031120 0.064913
5756 0.744555 0.059261 0.196184
5756 0.022038 0.867888 0.110074
5478 0.269039 0.547072 0.183889
5498 0.493697 0.458432 0.047871
5496 0.794942 0.104449 0.100609
5477 0.319257 0.028269 0.652474
5476 0.990687 0.007398 0.001915
5477 0.282627 0.485711 0.231662
5719 0.025553 0.000748 0.973699
5719 0.772403 0.062694 0.164903
5472 0.143277 0.029574 0.827149
5473 0.224862 0.149936 0.625202
5472 0.015169 0.749549 0.235282
5472 0.770391 0.049388 0.180221
5714 0.027873 0.088782 0.883346
5715 0.192439 0.128051 0.679510
5714 0.808173 0.109280 0.082547
5714 0.097802 0.864392 0.037806
5469 0.914894 0.027935 0.057171
5468 0.607627 0.144903 0.247470
5469 0.073653 0.826423 0.099925
5482 0.218547 0.179528 0.601925
5725 0.023388 0.467424 0.509187
5482 0.803577 0.196423 0.000000
5731 0.072365 0.737807 0.189828
5708 0.008576 0.103933 0.887492
5707 0.251956 0.081919 0.666125
5711 0.011542 0.327703 0.660755
5734 0.744674 0.100803 0.154522
1669 0.844110 0.031139 0.124751
5270 0.034120 0.793368 0.172512
1284 0.063150 0.372430 0.564420
1250 0.162526 0.440155 0.397320
1773 0.017815 0.238399 0.743786
1251 0.085143 0.722889 0.191968
1681 0.545270 0.096620 0.358110
1253 0.240141 0.538496 0.221362
6237 0.315425 0.178172 0.506403
1255 0.061817 0.216246 0.721937
1258 0.789222 0.106067 0.104711
1259 0.138015 0.127650 0.734335
1259 0.778534 0.121103 0.100363
1261 0.358560 0.568867 0.072572
1247 0.712855 0.273086 0.014059
1669 0.042913 0.900525 0.056562
6233 1.000000 0.000000 0.000000
1207 0.335412 0.533397 0.131191
5269 0.409556 0.446862 0.143582
5270 0.646930 0.064068 0.289002
1282 0.524953 0.290174 0.184873
1239 0.103269 0.605796 0.290935
5261 0.013635 0.662126 0.324238
1673 0.308914 0.276471 0.414614
1677 0.174974 0.442203 0.382823
1678 0.553658 0.056522 0.389821
1246 0.505656 0.388566 0.105778
5258 0.321196 0.421818 0.256985
1670 0.230633 0.350182 0.419186
5251 0.155772 0.254242 0.589986
1277 0.546857 0.232212 0.220932
1278 0.107248 0.717795 0.174957
1767 0.328688 0.333688 0.337624
6295 0.221695 0.360896 0.417409
5235 1.000000 0.000000 0.000000
5253 0.251052 0.463100 0.285848
6389 0.508725 0.132794 0.358481
6388 0.429131 0.467546 0.103322
1227 0.163720 0.779499 0.056781
1228 0.530246 0.271130 0.198624
1315 0.089594 0.655034 0.255372
5758 0.068536 0.886015 0.045449
2458 0.203718 0.051888 0.744395
2457 0.005671 0.770103 0.224226
4458 0.220171 0.414191 0.365638
4491 0.651091 0.304803 0.044106
2496 0.708519 0.041160 0.250321
4513 0.005068 0.249694 0.745238
4505 0.632861 0.184592 0.182547
4498 0.271203 0.242667 0.486130
2466 0.359001 0.456957 0.184042
2482 0.462524 0.520367 0.017109
4512 0.820629 0.151887 0.027484
2489 0.192479 0.384151 0.423369
4476 0.547725 0.125393 0.326882
4511 0.764448 0.216601 0.018951
2462 0.078839 0.538023 0.383137
4484 0.260529 0.325099 0.414372
2479 0.217255 0.728335 0.054409
2464 0.758395 0.230316 0.011289
2505 0.036569 0.256415 0.707016
2506 0.001853 0.265486 0.732661
2468 0.218866 0.176712 0.604422
4519 0.715733 0.137508 0.146759
4502 0.038641 0.889198 0.072161
4504 0.068576 0.344194 0.587230
2494 0.487077 0.487918 0.025005
2498 0.531207 0.189751 0.279041
2483 0.159311 0.670049 0.170640
2484 0.369454 0.146683 0.483863
2512 0.438645 0.188204 0.373150
4482 0.047911 0.307385 0.644704
4509 0.284296 0.473370 0.242334
2488 0.182471 0.453006 0.364523
4917 0.073016 0.450130 0.476855
1863 1.000000 0.000000 0.000000
4925 0.353191 0.489740 0.157069
1871 0.348001 0.504979 0.147020
4939 0.438233 0.559446 0.002321
4915 0.538727 0.387754 0.073519
4931 0.433110 0.049470 0.517420
4940 0.273824 0.043325 0.682851
2013 0.792755 0.033181 0.174064
1861 0.654215 0.069008 0.276777
4900 0.102563 0.118704 0.778733
1863 0.026824 0.973176 0.000000
1884 0.020635 0.383568 0.595797
1918 0.261870 0.085799 0.652331
4889 0.255285 0.744715 0.000000
4890 0.611243 0.229547 0.159210
1943 0.859736 0.062262 0.078002
1859 0.079971 0.467828 0.452201
1958 0.312110 0.454878 0.233013
2431 0.199942 0.465352 0.334705
2425 0.186908 0.310219 0.502873
2429 0.459802 0.244355 0.295843
4945 0.281558 0.059920 0.658522
4946 0.039245 0.240757 0.719998
1913 0.258396 0.437087 0.304517
2382 0.233346 0.241257 0.525397
4921 0.207981 0.438530 0.353489
2423 0.182870 0.318312 0.498818
2427 0.753888 0.038538 0.207574
1911 0.856697 0.109140 0.034163
4933 0.103548 0.841939 0.054514
4947 0.685370 0.209017 0.105613
2433 0.290313 0.085040 0.624647
2009 0.113615 0.736747 0.149638
4881 0.210661 0.578142 0.211196
1885 0.010121 0.295581 0.694298
2019 0.023332 0.472863 0.503805
4906 0.045611 0.912603 0.041786
1920 0.329274 0.363055 0.307671
4892 0.015863 0.666706 0.317431
1926 0.244828 0.058734 0.696438
2391 0.049390 0.925060 0.025550
4901 0.428565 0.430449 0.140985
4895 0.021576 0.539939 0.438485
2391 0.772441 0.082202 0.145356
2379 0.479252 0.243270 0.277477
4888 0.236860 0.239789 0.523350
4472 0.803016 0.041947 0.155037
1804 0.075015 0.551718 0.373267
1806 0.361323 0.451543 0.187134
2473 0.173288 0.729592 0.097120
1968 0.088011 0.001159 0.910830
1803 0.427861 0.116480 0.455659
2003 0.213062 0.700368 0.086571
4446 0.473640 0.152484 0.373875
1946 0.026263 0.463281 0.510456
4455 0.263485 0.228342 0.508173
4454 0.678536 0.094931 0.226533
1974 0.116868 0.407560 0.475572
4435 0.244395 0.392116 0.363489
1825 0.281763 0.624944 0.093293
4432 0.067215 0.780365 0.152420
1808 0.566986 0.373029 0.059986
4430 0.912675 0.032397 0.054928
2003 0.792801 0.097325 0.109874
4434 0.492999 0.451382 0.055619
4442 0.124042 0.612351 0.263607
1904 0.408843 0.330567 0.260590
2515 0.087513 0.889984 0.022503
1948 0.466643 0.492378 0.040979
4438 0.294601 0.480866 0.224533
4448 0.125272 0.034371 0.840357
4450 0.223882 0.477643 0.298475
1827 0.963415 0.002669 0.033917
1901 0.513943 0.135595 0.350462
4430 0.205604 0.098879 0.695517
1945 0.193871 0.221177 0.584952
1869 0.031466 0.101698 0.866836
4877 0.131253 0.676170 0.192576
1870 0.000000 0.159103 0.840897
4908 0.199381 0.486803 0.313816
1899 0.779391 0.052501 0.168108
1960 0.119496 0.308464 0.572040
2297 0.197257 0.449872 0.352871
2356 0.177714 0.608160 0.214126
1565 0.307061 0.476492 0.216448
1735 0.376928 0.600689 0.022383
2347 0.060792 0.065356 0.873852
2357 0.071551 0.630306 0.298143
1595 0.044790 0.121975 0.833235
4271 0.459513 0.400610 0.139877
1789 0.470972 0.275850 0.253178
1596 0.183737 0.397939 0.418324
2288 0.027150 0.931994 0.040855
4827 0.199071 0.120021 0.680908
4782 0.203641 0.297243 0.499116
1597 0.213001 0.002548 0.784452
2334 0.652613 0.295259 0.052128
4654 0.383492 0.305433 0.311075
2372 0.033277 0.482301 0.484423
962 0.377909 0.075919 0.546172
6315 0.866078 0.039692 0.094230
4263 0.440464 0.168813 0.390722
2369 0.307664 0.096626 0.595710
2367 0.097803 0.486401 0.415796
6653 0.104186 0.326174 0.569640
4605 0.125967 0.164251 0.709782
4839 0.234380 0.143330 0.622290
4840 0.360910 0.513809 0.125280
903 0.063257 0.575995 0.360748
2250 0.223882 0.210806 0.565312
6361 0.227985 0.751778 0.020237
2327 0.135696 0.137692 0.726612
6323 0.243060 0.571722 0.185218
4847 0.025186 0.144308 0.830506
4768 0.394953 0.484868 0.120179
6321 0.162166 0.634950 0.202884
2259 0.125841 0.731780 0.142379
2320 0.412539 0.025939 0.561522
4785 0.221909 0.257137 0.520954
1503 0.672919 0.113656 0.213426
6258 0.264508 0.475814 0.259678
4761 0.353872 0.520485 0.125643
4259 0.521852 0.164956 0.313192
1743 0.161681 0.597520 0.240799
1617 0.160560 0.638676 0.200764
1556 0.254574 0.173552 0.571873
1560 0.773157 0.046308 0.180535
4275 0.299209 0.197141 0.503650
6351 0.375762 0.319688 0.304551
6348 0.476834 0.129546 0.393621
4837 0.635011 0.211321 0.153669
2296 0.216605 0.146504 0.636891
2259 0.654208 0.014406 0.331386
4260 0.155978 0.774297 0.069725
1556 0.893683 0.027046 0.079271
1559 0.432289 0.287576 0.280135
4572 0.324152 0.140613 0.535235
4574 0.214318 0.191136 0.594547
4576 0.016305 0.608176 0.375520
1601 0.086126 0.024171 0.889703
4764 0.230331 0.101106 0.668562
4583 0.344115 0.172488 0.483396
1790 0.029885 0.665972 0.304143
1799 0.672091 0.113415 0.214494
4261 0.044746 0.793017 0.162237
1738 0.525343 0.434292 0.040366
2036 0.119992 0.012395 0.867612
5007 0.705817 0.287664 0.006519
995 0.320736 0.618227 0.061037
2035 0.119301 0.017600 0.863099
4255 0.481413 0.260485 0.258102
999 0.000000 0.256934 0.743066
1734 0.002706 0.086736 0.910558
1727 0.715249 0.260299 0.024452
2300 0.114321 0.465224 0.420455
992 0.085281 0.177051 0.737667
5011 0.101903 0.876942 0.021155
1727 0.087617 0.001723 0.910660
2283 0.212954 0.720322 0.066724
2283 0.512754 0.253926 0.233320
6662 0.703461 0.041107 0.255432
2283 1.000000 0.000000 0.000000
2364 0.530642 0.001337 0.468022
2367 0.448967 0.429853 0.121179
1788 0.118184 0.146801 0.735015
2304 0.134741 0.633494 0.231765
2292 0.315786 0.586369 0.097845
926 0.263166 0.249544 0.487290
2302 0.397810 0.487666 0.114523
6212 0.118370 0.123515 0.758115
6757 0.152915 0.032496 0.814589
6790 0.086621 0.406046 0.507332
6734 0.788675 0.197189 0.014135
6337 0.709798 0.182292 0.107911
1600 0.846536 0.047019 0.106445
4608 0.056531 0.451947 0.491522
6257 0.018549 0.108521 0.872929
1399 0.013653 0.979845 0.006501
1399 0.691861 0.085474 0.222665
987 0.027993 0.272340 0.699667
976 0.476976 0.380546 0.142478
6744 0.099601 0.071318 0.829080
1398 0.033215 0.958732 0.008053
1399 0.448272 0.424882 0.126846
6682 0.824749 0.134897 0.040354
6740 0.041361 0.055574 0.903065
6743 0.918629 0.032272 0.049098
6670 0.524143 0.189425 0.286431
1567 0.156462 0.813681 0.029857
6723 0.239426 0.033902 0.726672
6725 0.365165 0.125858 0.508977
1491 0.059824 0.083217 0.856960
6722 0.137598 0.804805 0.057597
1568 0.386092 0.105096 0.508812
912 0.943630 0.029553 0.026817
6814 0.828474 0.003363 0.168163
6631 0.002232 0.284325 0.713443
6817 0.015946 0.922607 0.061447
6764 0.341391 0.134066 0.524543
4674 0.571926 0.426199 0.001874
6648 0.048976 0.571752 0.379272
4695 0.103116 0.519051 0.377833
2239 0.176558 0.016242 0.807200
6661 0.039062 0.419629 0.541309
6251 0.633235 0.257365 0.109400
6630 0.199985 0.105315 0.694700
898 0.849884 0.117190 0.032926
1428 0.411569 0.091158 0.497272
6813 0.079257 0.445876 0.474867
2295 0.039953 0.151758 0.808289
1740 0.630232 0.196188 0.173581
4805 0.137588 0.542295 0.320117
4950 0.111370 0.054184 0.834447
2332 0.339033 0.442452 0.218515
972 0.655042 0.110819 0.234138
6304 0.136471 0.578437 0.285092
1743 0.729426 0.016322 0.254252
4267 0.171855 0.019128 0.809017
1617 0.759263 0.075123 0.165615
2320 0.932504 0.017481 0.050016
2250 0.751230 0.239802 0.008968
4842 0.393482 0.381887 0.224631
4843 0.244926 0.460900 0.294174
2229 0.362091 0.071873 0.566036
4575 0.660575 0.187158 0.152266
4579 0.035550 0.765224 0.199226
4582 0.318238 0.393833 0.287930
4652 0.199067 0.387852 0.413081
4346 0.824403 0.019464 0.156133
4345 0.860489 0.124728 0.014783
1330 0.187298 0.084766 0.727936
4223 0.049392 0.172346 0.778262
4219 0.224235 0.607121 0.168644
1001 0.019641 0.371408 0.608951
1454 0.547608 0.238405 0.213986
4223 0.562831 0.319556 0.117613
1453 0.247465 0.638499 0.114035
4225 0.091725 0.409828 0.498447
1459 0.188735 0.208512 0.602753
4244 0.142255 0.492229 0.365516
1741 0.702590 0.117601 0.179809
4228 0.531329 0.440622 0.028049
1539 0.393537 0.071680 0.534783
4245 0.630498 0.011065 0.358437
1797 0.268729 0.422594 0.308677
4238 0.410397 0.071825 0.517778
4237 0.143902 0.575170 0.280928
899 0.375134 0.013697 0.611169
4218 0.000000 0.733447 0.266553
4217 0.317816 0.369130 0.313054
900 0.288972 0.358269 0.352759
4241 0.040815 0.678626 0.280560
1553 0.157184 0.525641 0.317175
4240 0.146704 0.794630 0.058666
1551 0.096656 0.625132 0.278213
2038 0.907690 0.081308 0.011002
4248 0.636507 0.200805 0.162689
4229 1.000000 0.000000 0.000000
4230 0.734322 0.219263 0.046415
4231 0.118342 0.750351 0.131307
1544 0.240559 0.610505 0.148936
4234 0.306360 0.614041 0.079599
1546 0.262878 0.352144 0.384977
4222 0.267758 0.374184 0.358057
1362 0.323742 0.099191 0.577066
2373 0.545597 0.191618 0.262784
2374 0.672380 0.053588 0.274031
2386 0.459163 0.016270 0.524566
2385 0.101646 0.519889 0.378465
4235 0.476569 0.036984 0.486446
4236 0.302338 0.614452 0.083210
1851 0.000000 0.744811 0.255189
2045 0.030406 0.178679 0.790915
1942 0.042548 0.673497 0.283956
4938 0.069394 0.839653 0.090954
4928 0.424273 0.157854 0.417873
4920 0.208728 0.716973 0.074299
4384 0.273712 0.147039 0.579249
1986 0.723064 0.221114 0.055821
4386 0.535828 0.054765 0.409407
1818 0.209173 0.390685 0.400142
4362 0.293619 0.683608 0.022773
4383 0.067494 0.857988 0.074518
1817 0.555958 0.002857 0.441185
4385 0.122200 0.701646 0.176154
2450 0.095741 0.499113 0.405146
4377 0.364396 0.587167 0.048437
1844 0.650960 0.005503 0.343537
4382 0.312190 0.438932 0.248878
1819 0.306625 0.306533 0.386843
2442 0.099310 0.185855 0.714836
2022 0.916407 0.077128 0.006466
2439 0.570843 0.127989 0.301168
2437 0.423636 0.255453 0.320911
4373 0.053851 0.246122 0.700026
1813 0.631693 0.023088 0.345218
1909 0.261391 0.516232 0.222377
4365 0.325611 0.366271 0.308118
1840 0.358165 0.423010 0.218825
2452 0.375009 0.111698 0.513294
4387 0.033535 0.290424 0.676041
4368 0.553188 0.211630 0.235182
4367 0.197443 0.763561 0.038996
2453 0.491616 0.375254 0.133131
2453 0.057297 0.065674 0.877028
2455 0.625141 0.220592 0.154267
2454 0.128115 0.117590 0.754295
4372 0.288959 0.658660 0.052380
2436 0.302797 0.009094 0.688109
1850 0.055459 0.681346 0.263195
4369 0.131863 0.167059 0.701078
2456 0.280994 0.032323 0.686683
1849 0.584689 0.087432 0.327879
1999 0.326493 0.292192 0.381315
1933 0.466849 0.228138 0.305013
1933 0.043994 0.031016 0.924990
1460 0.131102 0.396783 0.472115
1741 0.075352 0.757760 0.166888
1540 0.399128 0.451454 0.149418
4245 0.092999 0.547371 0.359630
1549 0.197159 0.497978 0.304863
4251 0.135317 0.400630 0.464053
1548 0.392546 0.565938 0.041516
4250 0.576087 0.322728 0.101185
1361 0.165986 0.638211 0.195803
1545 0.342781 0.651631 0.005588
1897 0.465941 0.327441 0.206618
1975 0.194421 0.397363 0.408217
1961 0.039164 0.501191 0.459644
1889 0.136381 0.432326 0.431293
2006 0.375801 0.466591 0.157608
1892 0.246898 0.487878 0.265224
1891 0.531231 0.000000 0.468769
1893 0.231089 0.765586 0.003326
1934 0.084561 0.572307 0.343132
1928 0.267910 0.608116 0.123974
1883 0.439230 0.492848 0.067922
1883 0.203630 0.080482 0.715888
1894 0.486004 0.350916 0.163079
1895 0.437024 0.320683 0.242293
1896 0.146378 0.657965 0.195657
1982 0.105446 0.596407 0.298147
1981 0.225614 0.411816 0.362570
1936 0.061712 0.315639 0.622649
1936 0.540917 0.316952 0.142131
1929 0.147775 0.837877 0.014348
1930 0.189530 0.445217 0.365254
2387 0.116873 0.825644 0.057483
2388 0.142414 0.362803 0.494783
1937 0.534945 0.209454 0.255601
1938 0.659761 0.188827 0.151412
2375 0.570991 0.237758 0.191251
2376 0.576484 0.260701 0.162815
1888 0.239818 0.126870 0.633312
1887 0.113953 0.523613 0.362434
1993 0.220576 0.730177 0.049247
1978 0.502725 0.473841 0.023434
1878 0.261674 0.657662 0.080664
1898 0.553178 0.261616 0.185206
2049 0.448166 0.209978 0.341856
1976 0.444415 0.059728 0.495857
1955 0.875605 0.071207 0.053188
1956 0.730169 0.217438 0.052393
4884 0.046855 0.312241 0.640904
1879 0.195220 0.209018 0.595762
1856 0.058092 0.538018 0.403891
2017 0.280255 0.189008 0.530738
1882 0.082273 0.593138 0.324589
2012 0.102415 0.526636 0.370950
1997 0.590101 0.407798 0.002101
1990 0.621336 0.167202 0.211462
1997 0.074564 0.152964 0.772471
1998 0.001497 0.301231 0.697272
4220 0.399356 0.082263 0.518381
4265 0.066757 0.020485 0.912758
4266 0.343583 0.243715 0.412701
4274 0.637030 0.243502 0.119469
1562 0.093932 0.826235 0.079832
1561 1.000000 0.000000 0.000000
2037 0.030743 0.887527 0.081730
4232 0.118147 0.028367 0.853486
1003 0.271291 0.418221 0.310488
1563 0.079913 0.455203 0.464884
4279 0.081949 0.429439 0.488613
1380 0.289034 0.621654 0.089312
4590 0.321462 0.355030 0.323508
4587 0.270129 0.285565 0.444307
4585 0.066726 0.811489 0.121785
4228 0.067361 0.236322 0.696317
4267 0.833182 0.080822 0.085996
4276 0.086716 0.475930 0.437354
1560 0.016292 0.070505 0.913203
4224 0.131843 0.231083 0.637074
4398 0.162198 0.635280 0.202523
4410 0.229841 0.584328 0.185831
1833 0.181679 0.433407 0.384914
1815 0.112281 0.564934 0.322785
4417 0.107019 0.250600 0.642381
4406 0.403119 0.398995 0.197885
1951 0.363587 0.210288 0.426125
4412 0.127985 0.630882 0.241133
4411 0.581838 0.088695 0.329467
4422 0.274843 0.293610 0.431547
4394 0.435837 0.323156 0.241007
2048 0.338692 0.605291 0.056017
1950 0.104582 0.484824 0.410594
1830 0.005049 0.349812 0.645139
1832 0.133089 0.232798 0.634113
4397 0.689008 0.053060 0.257932
4473 0.582040 0.186572 0.231388
4471 0.601271 0.217229 0.181499
2491 0.543960 0.189624 0.266415
4469 0.436174 0.316028 0.247798
2516 0.478489 0.194143 0.327369
2507 0.057489 0.122506 0.820005
4481 0.741722 0.234881 0.023397
4487 0.190728 0.485373 0.323899
4466 0.235349 0.584835 0.179816
4465 0.525112 0.025767 0.449121
4462 0.252413 0.444535 0.303052
2480 0.484542 0.443201 0.072257
4476 0.307693 0.677251 0.015056
4460 0.128913 0.035837 0.835250
4483 0.156855 0.790857 0.052289
2474 0.200315 0.098415 0.701270
4489 0.083123 0.085083 0.831794
4490 0.150081 0.240314 0.609605
4502 0.530957 0.366840 0.102204
2512 0.098104 0.819581 0.082315
4520 0.130500 0.112442 0.757058
4506 0.296460 0.049514 0.654026
2779 0.708379 0.010961 0.280659
2776 0.073277 0.824914 0.101808
2774 0.189607 0.014646 0.795746
2775 0.328774 0.235823 0.435403
2772 0.573129 0.160374 0.266497
2773 0.887297 0.063348 0.049356
2791 0.016910 0.612641 0.370449
2460 0.369563 0.176352 0.454085
4403 0.243020 0.018238 0.738742
4404 0.319725 0.170311 0.509964
1821 0.847143 0.126054 0.026803
4436 0.688237 0.002484 0.309278
4400 0.367297 0.058721 0.573982
4414 0.557108 0.114235 0.328657
4423 0.000000 0.173663 0.826337
4424 0.005521 0.235357 0.759122
1811 0.500147 0.233101 0.266753
2001 0.264110 0.462124 0.273765
1940 0.710062 0.289938 0.000000
4415 0.011047 0.177763 0.811189
1835 0.276457 0.474791 0.248752
1969 0.098955 0.652964 0.248081
4395 0.040725 0.227695 0.731580
2769 0.036402 0.407451 0.556147
2789 0.269865 0.317844 0.412291
2783 0.350888 0.213379 0.435733
2781 0.150229 0.493345 0.356426
2959 0.460654 0.328520 0.210826
2902 0.832069 0.016529 0.151403
2611 0.535085 0.246992 0.217923
2610 0.406377 0.448526 0.145096
2840 0.536000 0.316404 0.147596
2839 0.347401 0.590786 0.061813
2618 0.115268 0.468953 0.415779
2791 0.914688 0.004430 0.080883
2790 0.456524 0.160534 0.382942
2771 0.280288 0.648513 0.071199
4821 0.355993 0.633255 0.010752
4709 0.273818 0.249710 0.476472
6681 0.730409 0.031623 0.237968
1327 0.059727 0.530555 0.409717
6253 0.175843 0.738046 0.086111
1375 0.483765 0.222336 0.293899
1375 0.193532 0.785896 0.020572
6339 0.432171 0.442252 0.125577
4711 0.608665 0.157356 0.233979
4727 0.152764 0.546036 0.301200
2238 0.203839 0.676540 0.119622
4659 0.755180 0.161155 0.083665
4822 0.578904 0.286546 0.134550
4722 0.663330 0.149682 0.186987
4723 0.014665 0.094511 0.890824
2236 0.655001 0.207382 0.137617
1363 0.426074 0.233194 0.340732
4655 0.052602 0.018908 0.928489
4658 0.601976 0.094613 0.303411
4982 0.140537 0.412360 0.447103
4981 0.017432 0.973019 0.009550
4559 0.412087 0.257145 0.330768
4794 0.531311 0.444268 0.024422
4717 0.676396 0.034922 0.288682
4715 0.799420 0.145109 0.055470
4713 0.774019 0.154635 0.071346
1725 0.075032 0.378479 0.546488
1062 0.414384 0.468073 0.117542
2124 0.196450 0.034762 0.768788
1791 0.460675 0.076286 0.463038
5099 0.526331 0.408028 0.065640
5084 0.293676 0.086257 0.620067
6180 0.000748 0.705505 0.293747
5310 0.255490 0.526802 0.217709
5125 0.347627 0.193236 0.459137
5119 0.488288 0.095965 0.415748
5408 0.036962 0.325128 0.637910
5107 0.274111 0.044999 0.680889
5346 0.315868 0.110901 0.573231
6216 0.082402 0.574319 0.343279
6217 0.040188 0.174567 0.785245
5083 0.342583 0.340101 0.317316
1061 0.449654 0.520467 0.029879
1765 0.000000 0.474513 0.525487
6375 0.024129 0.791008 0.184863
4302 0.094689 0.782970 0.122341
5382 0.229456 0.058906 0.711638
6402 0.513953 0.026351 0.459697
4619 0.447535 0.302534 0.249932
4304 0.834020 0.021051 0.144929
4967 0.807076 0.157014 0.035911
6836 0.688443 0.089110 0.222447
5151 0.731233 0.066936 0.201831
4968 0.105886 0.185708 0.708406
1373 0.087174 0.871708 0.041119
6327 0.137851 0.861245 0.000904
5360 0.116050 0.701425 0.182525
5379 0.301251 0.635411 0.063338
4969 0.360809 0.400712 0.238479
5148 0.278964 0.209891 0.511145
6220 0.280898 0.509168 0.209934
1073 0.610637 0.372019 0.017344
1072 0.367939 0.076193 0.555868
1045 0.693306 0.103908 0.202785
1386 0.529517 0.453695 0.016788
1038 0.270844 0.704067 0.025089
