17022 0.388296 0.589909 0.021795
327 0.199081 0.078829 0.722091
324 0.019082 0.105380 0.875538
330 0.674972 0.278644 0.046383
7850 0.079080 0.657754 0.263166
7670 0.320835 0.283832 0.395333
17181 0.423199 0.419076 0.157724
16945 0.327586 0.172055 0.500359
1912 0.015782 0.282358 0.701860
14205 0.432516 0.005112 0.562372
16922 0.280198 0.692456 0.027346
16918 0.387552 0.267845 0.344603
429 0.056333 0.419524 0.524143
433 0.415989 0.235965 0.348047
417 0.155377 0.802371 0.042252
426 0.038079 0.577325 0.384597
1352 0.180951 0.050519 0.768529
1349 0.294946 0.516956 0.188098
1348 0.115931 0.578353 0.305716
1316 0.394024 0.383203 0.222773
1316 0.267566 0.240946 0.491488
1317 0.092300 0.143261 0.764439
1341 0.293490 0.253762 0.452748
1300 0.486290 0.324914 0.188796
17774 0.343827 0.096632 0.559541
17782 0.049343 0.036789 0.913868
1327 0.288342 0.527870 0.183787
1500 0.521740 0.194462 0.283798
17806 0.769953 0.085479 0.144568
1499 0.457576 0.496226 0.046198
1929 0.802099 0.166981 0.030920
12147 0.146234 0.374027 0.479739
12151 0.533744 0.217029 0.249226
7832 0.257732 0.308447 0.433821
17019 0.457474 0.159609 0.382917
335 0.414851 0.143556 0.441594
16990 0.699223 0.027748 0.273029
355 0.632191 0.148901 0.218909
2147 0.154529 0.658630 0.186841
2141 0.122104 0.454593 0.423303
2115 0.288745 0.202398 0.508857
2119 0.554018 0.027915 0.418067
1799 0.230406 0.651772 0.117822
2124 0.044949 0.000397 0.954654
442 0.955513 0.017995 0.026492
12437 0.848103 0.066998 0.084898
8891 0.297025 0.676717 0.026258
9709 0.315291 0.078197 0.606513
14209 0.134988 0.142508 0.722503
14202 0.582141 0.363694 0.054165
12250 0.479432 0.014632 0.505936
14234 0.107521 0.713246 0.179233
5695 0.241415 0.122025 0.636560
9943 0.133787 0.464067 0.402146
9939 0.076365 0.807063 0.116572
7698 0.038054 0.929351 0.032595
1525 0.615016 0.311104 0.073880
13173 0.721534 0.068658 0.209808
1532 0.130496 0.534710 0.334795
8462 0.309280 0.248438 0.442281
1986 0.176160 0.072603 0.751236
16637 0.010275 0.892564 0.097161
16676 0.455578 0.243836 0.300586
7825 0.599499 0.012707 0.387794
17161 0.187385 0.544458 0.268157
2191 0.337302 0.604929 0.057769
17187 0.270086 0.174595 0.555319
2214 0.279716 0.165475 0.554809
2166 0.184886 0.066385 0.748729
415 0.953462 0.001267 0.045271
2154 0.000000 0.301234 0.698766
17861 0.192301 0.276101 0.531598
17844 0.289897 0.636939 0.073164
2108 0.100170 0.231769 0.668060
17763 0.030344 0.406556 0.563101
1341 0.908213 0.048713 0.043074
1342 0.062165 0.723601 0.214234
1341 0.323705 0.198434 0.477861
13601 0.783333 0.034811 0.181856
1296 0.526550 0.149275 0.324175
1298 0.262283 0.450747 0.286971
17745 0.205454 0.510951 0.283595
16986 0.435379 0.399944 0.164678
460 0.074651 0.044993 0.880356
17040 0.004576 0.450424 0.545001
17044 0.002879 0.911804 0.085317
475 0.808654 0.137744 0.053602
471 0.556240 0.292799 0.150961
458 0.307195 0.525047 0.167757
332 0.018268 0.716385 0.265346
346 0.663799 0.090671 0.245531
7667 0.350625 0.630764 0.018611
7830 0.136297 0.144369 0.719333
6161 0.160385 0.161482 0.678132
325 0.221328 0.546582 0.232091
1568 0.632390 0.304281 0.063329
17843 0.192853 0.370134 0.437014
2198 0.041315 0.107482 0.851203
17224 0.046714 0.460236 0.493050
1695 0.388267 0.145373 0.466360
13995 0.016247 0.815075 0.168678
334 0.834511 0.118248 0.047241
13163 0.371823 0.171641 0.456536
1279 0.154211 0.546534 0.299255
17132 0.120906 0.280080 0.599014
2152 0.647178 0.340215 0.012607
13162 0.387105 0.398460 0.214435
1278 0.136813 0.731912 0.131275
1294 0.090796 0.302867 0.606337
2156 0.392078 0.115315 0.492606
17849 0.042946 0.201967 0.755087
1567 0.477034 0.198510 0.324456
17824 0.521227 0.144399 0.334374
2199 0.461834 0.053757 0.484409
17217 0.028706 0.129808 0.841486
14031 0.317259 0.371093 0.311648
14010 0.035522 0.386696 0.577782
5677 0.026634 0.843016 0.130350
16650 0.110078 0.590270 0.299652
13171 0.299415 0.319235 0.381349
7818 0.522149 0.434459 0.043392
1477 0.150195 0.788223 0.061582
5473 0.230781 0.530214 0.239005
1449 0.017412 0.947612 0.034976
1501 0.387911 0.339242 0.272847
17596 0.899936 0.013680 0.086385
1552 0.410025 0.410334 0.179641
17719 0.479367 0.242938 0.277695
17720 0.706747 0.169917 0.123335
17721 0.044178 0.444250 0.511572
1354 0.353446 0.531283 0.115271
7819 0.202639 0.684131 0.113230
17746 0.350392 0.155983 0.493626
7728 0.203599 0.138606 0.657795
13220 0.602507 0.260272 0.137221
1522 0.373801 0.158794 0.467406
17163 0.283858 0.039891 0.676251
17829 0.200917 0.270722 0.528361
1977 0.785555 0.083025 0.131420
16640 0.345855 0.040050 0.614095
16864 0.642078 0.114688 0.243234
2431 0.134871 0.425693 0.439437
16718 0.701542 0.189778 0.108679
1917 0.374042 0.277087 0.348871
12266 0.280208 0.566852 0.152940
12269 0.849862 0.086234 0.063904
1476 0.270884 0.356295 0.372821
12279 0.048065 0.776834 0.175101
1441 0.010342 0.009770 0.979889
17594 0.068081 0.897874 0.034044
17592 0.248197 0.294291 0.457512
17715 0.544900 0.257723 0.197376
1540 0.545865 0.224561 0.229574
2092 0.195338 0.739083 0.065579
1561 0.003580 0.583586 0.412834
1463 0.040943 0.522427 0.436629
1465 0.016653 0.397689 0.585658
17790 0.237973 0.231386 0.530641
1564 0.383282 0.571231 0.045487
17856 0.769944 0.083557 0.146498
17853 0.364679 0.293356 0.341965
17151 0.155843 0.145024 0.699132
13170 0.039471 0.745940 0.214589
13187 0.518432 0.361909 0.119658
8470 0.471590 0.342769 0.185642
1987 0.228902 0.027057 0.744041
13199 0.231890 0.724957 0.043153
7700 0.290223 0.374280 0.335497
1304 0.306994 0.564600 0.128406
13397 0.221407 0.708758 0.069835
13226 0.626497 0.338116 0.035387
13225 0.179262 0.625485 0.195253
1312 0.251468 0.496025 0.252507
14036 0.120347 0.789926 0.089727
1283 0.171943 0.704585 0.123472
7721 0.450386 0.094147 0.455467
12809 0.148108 0.376342 0.475550
7694 0.771332 0.161690 0.066979
1285 0.302028 0.153031 0.544940
1284 0.699694 0.145077 0.155229
14889 0.071199 0.075546 0.853255
13185 0.597819 0.137765 0.264415
17131 0.762217 0.207941 0.029843
1578 0.358284 0.539328 0.102388
1443 0.309197 0.095784 0.595018
1286 0.321513 0.568691 0.109796
13239 0.368441 0.156414 0.475146
12803 0.616523 0.186518 0.196958
7722 0.761532 0.221426 0.017042
16368 0.457580 0.021903 0.520517
14960 0.586024 0.135570 0.278406
397 0.153748 0.066438 0.779813
14835 0.845516 0.053608 0.100876
8388 0.068594 0.499019 0.432387
7749 0.014539 0.767305 0.218157
12801 0.156608 0.266267 0.577125
12819 0.609850 0.076006 0.314144
8830 0.042277 0.830779 0.126944
1826 0.076621 0.760928 0.162451
13035 0.006239 0.165393 0.828368
13014 0.056748 0.607250 0.336002
13655 0.016257 0.918664 0.065079
8778 0.189805 0.468111 0.342084
13955 0.355924 0.476670 0.167405
15249 0.150876 0.499785 0.349339
13931 0.363686 0.565035 0.071279
8301 0.712126 0.224946 0.062928
13398 0.533042 0.009952 0.457006
13960 0.129487 0.558815 0.311698
8838 0.246156 0.284661 0.469183
13953 0.056008 0.541181 0.402811
1727 0.698849 0.225676 0.075475
1691 0.215226 0.569331 0.215442
13894 0.895449 0.048445 0.056106
1701 0.079735 0.162696 0.757569
1703 0.225001 0.131011 0.643988
14030 0.378303 0.618090 0.003607
14029 0.254941 0.010126 0.734932
14009 0.175050 0.440867 0.384084
14961 0.128571 0.043559 0.827870
14862 0.239721 0.681167 0.079112
17001 0.028160 0.520060 0.451780
398 0.177932 0.542481 0.279588
451 0.108944 0.484735 0.406321
2205 0.798060 0.033449 0.168491
2204 0.323267 0.150120 0.526613
2229 0.063667 0.661731 0.274602
13678 0.204926 0.583869 0.211204
14007 0.229070 0.209244 0.561687
17216 0.607960 0.083480 0.308560
2203 0.312526 0.044385 0.643089
2228 0.194301 0.656354 0.149345
13656 0.007061 0.862921 0.130018
14004 0.102653 0.494631 0.402715
17804 0.623620 0.157786 0.218594
17730 0.230731 0.529886 0.239383
2213 0.184660 0.801686 0.013654
2197 0.045300 0.069205 0.885495
13888 0.012867 0.343515 0.643619
1437 0.476263 0.329061 0.194675
17731 0.036346 0.208472 0.755182
1573 0.011499 0.123797 0.864704
14002 0.770384 0.125954 0.103662
1684 0.410441 0.439685 0.149874
17177 0.196314 0.037403 0.766283
2206 0.255965 0.354816 0.389219
17785 0.565404 0.374566 0.060030
1696 0.114735 0.203265 0.682000
13906 0.779201 0.070731 0.150069
17194 0.095294 0.751389 0.153317
8465 0.037561 0.173632 0.788807
13991 0.266872 0.158971 0.574157
12968 0.258238 0.137907 0.603855
8419 0.052299 0.409644 0.538057
13131 0.555433 0.080662 0.363905
1961 0.707523 0.185663 0.106815
12772 0.091436 0.840625 0.067939
8912 0.912820 0.060346 0.026834
13983 0.009448 0.801769 0.188783
7657 0.870413 0.011896 0.117691
10703 0.227695 0.083678 0.688627
17126 0.433880 0.104138 0.461982
17138 0.623219 0.184434 0.192347
17139 0.150072 0.404144 0.445784
2173 0.223611 0.215171 0.561217
1963 0.262596 0.483037 0.254367
2071 0.223762 0.584456 0.191782
17107 0.013364 0.943198 0.043438
2181 0.307102 0.232703 0.460195
1964 0.371559 0.412863 0.215578
2072 0.373969 0.421216 0.204815
13827 0.095028 0.314198 0.590773
13818 0.381695 0.353252 0.265053
13993 0.008755 0.533098 0.458146
12980 0.372900 0.442065 0.185035
13953 0.289782 0.141347 0.568871
8304 0.769727 0.224196 0.006077
1624 0.193697 0.248017 0.558286
1625 0.083478 0.451324 0.465198
9802 0.146018 0.531563 0.322418
13717 0.088854 0.825303 0.085843
8779 0.131941 0.446378 0.421682
8836 0.044179 0.033042 0.922779
8835 0.241313 0.706665 0.052022
8783 0.755772 0.234262 0.009965
13031 0.063978 0.165757 0.770265
8827 0.284953 0.508683 0.206365
12764 0.154218 0.398176 0.447606
8832 0.840071 0.022577 0.137352
12937 0.556206 0.000000 0.443794
208 0.145980 0.614997 0.239022
178 0.350571 0.073705 0.575723
13898 0.249342 0.513339 0.237319
13997 0.348712 0.002833 0.648455
14853 0.218815 0.742068 0.039117
17798 0.084204 0.447856 0.467940
17099 0.535941 0.286205 0.177855
1470 0.005649 0.181108 0.813243
17795 0.054105 0.184688 0.761208
2179 0.507338 0.341200 0.151462
2104 0.162253 0.567496 0.270251
2105 0.708926 0.010306 0.280769
16942 0.322511 0.020691 0.656798
399 0.001367 0.449062 0.549571
17860 0.254296 0.735002 0.010702
2101 0.376278 0.173136 0.450586
2093 0.672612 0.209352 0.118036
17725 0.136086 0.037226 0.826689
16856 0.307280 0.602858 0.089862
16848 0.322504 0.323437 0.354059
17593 0.253512 0.251433 0.495056
1458 0.658437 0.331995 0.009568
17089 0.118072 0.089164 0.792764
1587 0.295483 0.103966 0.600551
17830 0.820640 0.077376 0.101985
16596 0.358772 0.303783 0.337445
16600 0.080337 0.193412 0.726251
16647 0.242489 0.163944 0.593567
2175 0.120218 0.026033 0.853749
17076 0.317501 0.135241 0.547259
2178 0.629138 0.035395 0.335467
2103 0.072286 0.489324 0.438390
17156 0.633394 0.340905 0.025701
16941 0.326853 0.058255 0.614892
2174 0.045672 0.139632 0.814696
2215 0.255246 0.377335 0.367419
1549 0.469362 0.259522 0.271115
2099 0.067616 0.302466 0.629918
17157 0.387776 0.237268 0.374956
17708 0.543195 0.249082 0.207723
17826 0.102249 0.189016 0.708735
2218 0.525006 0.169550 0.305444
1548 0.211256 0.419645 0.369099
17159 0.170745 0.033748 0.795508
1520 0.947493 0.049039 0.003469
1551 0.481811 0.402537 0.115652
2159 0.377629 0.471754 0.150616
17836 0.864327 0.079567 0.056106
16928 0.523751 0.152767 0.323482
1518 0.242302 0.464856 0.292842
16944 0.301073 0.100546 0.598381
16937 0.144586 0.731170 0.124244
2020 0.151701 0.274211 0.574088
2023 0.594276 0.389261 0.016463
2013 0.374477 0.022963 0.602560
16623 0.669981 0.310579 0.019441
16619 0.618319 0.225231 0.156450
1995 0.107578 0.369130 0.523291
16597 0.698146 0.101953 0.199901
2470 0.863882 0.015738 0.120380
15297 0.130211 0.392534 0.477255
2001 0.481806 0.494896 0.023298
16620 0.670866 0.303678 0.025456
1996 0.124961 0.543623 0.331417
16601 0.580741 0.006835 0.412424
2405 0.801601 0.181541 0.016859
9777 0.254026 0.142974 0.603000
16653 0.331922 0.404297 0.263781
2010 0.398820 0.370834 0.230345
16618 0.172633 0.675351 0.152016
1452 0.097925 0.190309 0.711767
2464 0.743675 0.020195 0.236130
16657 0.234164 0.077275 0.688561
16723 0.058142 0.126794 0.815064
16666 0.372579 0.484051 0.143370
16612 0.739669 0.038231 0.222100
2002 0.496455 0.370122 0.133423
16625 0.244993 0.671167 0.083840
17604 0.182891 0.214506 0.602603
1444 0.055367 0.355803 0.588830
1370 0.041291 0.634448 0.324261
14935 0.561955 0.014918 0.423127
8223 0.035528 0.159890 0.804582
7984 0.163719 0.102540 0.733741
14765 0.083046 0.779524 0.137429
16814 0.621080 0.188938 0.189982
14760 0.000000 0.761376 0.238624
8003 0.291159 0.403988 0.304853
14774 0.509187 0.302951 0.187862
7990 0.135206 0.524393 0.340401
15189 0.006405 0.945280 0.048315
14993 0.173896 0.246324 0.579780
8129 0.541760 0.373880 0.084361
15157 0.923648 0.060864 0.015488
15161 0.680945 0.149569 0.169486
8122 0.220841 0.779159 0.000000
15216 0.459930 0.191116 0.348954
15201 0.516391 0.242515 0.241094
16675 0.324785 0.167304 0.507910
16733 0.243337 0.662291 0.094372
2045 0.566490 0.372110 0.061400
16737 0.556836 0.294437 0.148727
1508 0.833574 0.135871 0.030555
17812 0.107946 0.017073 0.874981
1448 0.182142 0.434562 0.383296
5475 0.303244 0.696227 0.000529
12276 0.360674 0.240253 0.399072
15298 0.255447 0.168530 0.576023
16705 0.093939 0.314304 0.591757
2060 0.080108 0.292066 0.627826
16712 0.005986 0.926520 0.067495
2455 0.730728 0.252625 0.016647
2454 0.219343 0.755647 0.025010
16858 0.589988 0.067421 0.342591
16854 0.288785 0.031393 0.679822
2061 0.930386 0.056338 0.013275
2453 0.211303 0.427781 0.360916
16706 0.173398 0.255002 0.571601
2066 0.273988 0.141286 0.584727
1936 0.204326 0.132346 0.663327
16686 0.017495 0.347926 0.634579
2300 0.090963 0.724099 0.184938
2288 0.396140 0.092192 0.511668
2391 0.551697 0.232188 0.216114
2289 0.791323 0.001154 0.207523
2281 0.092555 0.299775 0.607669
2514 0.167677 0.001337 0.830986
16901 0.154583 0.658704 0.186712
2052 0.200619 0.656932 0.142449
2068 0.661843 0.076751 0.261406
2291 0.073569 0.626080 0.300351
2350 0.367151 0.258041 0.374808
2390 0.444286 0.523553 0.032161
2282 0.226262 0.768746 0.004992
2283 0.154764 0.291878 0.553357
16903 0.127470 0.767419 0.105111
16902 0.321672 0.638450 0.039878
1942 0.227188 0.058483 0.714329
16672 0.319349 0.338103 0.342548
2274 0.045678 0.318965 0.635357
2496 0.317168 0.560271 0.122561
16760 0.207006 0.606777 0.186217
16820 0.165592 0.570203 0.264205
16822 0.393877 0.445644 0.160479
16876 0.362996 0.068249 0.568755
16888 0.375488 0.382694 0.241818
15200 0.394555 0.438350 0.167095
16734 0.197525 0.210899 0.591576
16730 0.064446 0.635114 0.300440
16823 0.003687 0.950127 0.046186
16884 0.127613 0.712775 0.159612
16881 0.328050 0.608010 0.063940
16880 0.286906 0.345169 0.367924
16786 0.588220 0.072508 0.339272
16887 0.210077 0.739715 0.050208
16896 0.348745 0.594778 0.056476
16731 0.592609 0.138557 0.268833
16726 0.212980 0.596977 0.190043
16769 0.058205 0.868669 0.073126
2535 0.220624 0.067707 0.711670
2536 0.309030 0.126487 0.564484
16879 0.450084 0.351912 0.198003
2530 0.162293 0.314219 0.523488
2512 0.130014 0.727804 0.142182
17547 0.570619 0.086401 0.342980
2038 0.767181 0.022559 0.210260
2503 0.072670 0.109843 0.817487
2507 0.911122 0.052591 0.036288
2506 0.089320 0.048356 0.862324
2505 0.075161 0.170985 0.753854
2508 0.753626 0.193382 0.052992
2485 0.057266 0.361050 0.581683
16869 0.547786 0.116313 0.335901
16872 0.732890 0.208695 0.058414
17550 0.411588 0.209057 0.379355
2346 0.127316 0.795577 0.077106
2344 0.136423 0.729670 0.133907
2377 0.880931 0.053362 0.065707
2381 0.071460 0.000318 0.928222
16754 0.074784 0.685029 0.240187
17671 0.088173 0.308828 0.602999
2355 0.620430 0.259232 0.120338
17639 0.097189 0.842518 0.060293
2254 0.000000 0.288801 0.711199
16735 0.034301 0.051443 0.914257
16742 0.437265 0.429450 0.133285
16776 0.529927 0.367050 0.103024
16785 0.117544 0.655141 0.227315
16778 0.136462 0.712683 0.150855
16781 0.231126 0.386764 0.382110
2492 0.131182 0.636088 0.232731
16775 0.233436 0.025521 0.741043
16870 0.605704 0.235301 0.158994
2055 0.657826 0.315188 0.026986
2057 0.072766 0.167349 0.759885
2338 0.822238 0.011859 0.165903
17684 0.182300 0.181774 0.635926
17673 0.417313 0.080150 0.502537
2372 0.023469 0.811959 0.164572
2382 0.368136 0.044476 0.587388
2360 0.777143 0.182035 0.040822
2438 0.785924 0.191952 0.022124
16684 0.397448 0.538117 0.064435
2304 0.064132 0.935868 0.000000
16766 0.220734 0.477114 0.302152
16764 0.390119 0.377417 0.232464
2433 0.698225 0.280575 0.021200
16798 0.173462 0.372279 0.454260
17564 0.815603 0.038805 0.145593
17624 0.360613 0.044329 0.595058
17625 0.277889 0.017259 0.704851
2434 0.426509 0.196928 0.376563
2309 0.652288 0.121692 0.226020
17563 0.067530 0.360068 0.572403
17623 0.391164 0.300641 0.308194
17603 0.280848 0.321625 0.397527
1931 0.566197 0.029008 0.404795
17560 0.220942 0.575083 0.203975
1593 0.562323 0.325165 0.112512
2327 0.358861 0.196609 0.444530
2328 0.313992 0.048484 0.637524
1930 0.514079 0.181605 0.304316
17559 0.319339 0.522334 0.158327
1914 0.703550 0.204862 0.091588
2326 0.164040 0.485202 0.350758
2325 0.010223 0.348642 0.641135
9774 0.240245 0.568782 0.190973
1922 0.306748 0.161223 0.532029
1485 0.898856 0.067854 0.033290
17680 0.685283 0.059059 0.255658
17681 0.312934 0.395740 0.291326
9775 0.188971 0.702774 0.108255
1490 0.034845 0.584897 0.380258
17617 0.057275 0.767176 0.175549
2362 0.613284 0.105635 0.281081
2363 0.218763 0.199874 0.581364
17609 0.113699 0.745109 0.141192
17610 0.331397 0.452813 0.215791
1491 0.656650 0.217087 0.126262
17616 0.112482 0.411762 0.475755
2369 0.278829 0.482461 0.238711
17702 0.002254 0.650629 0.347117
2545 0.310386 0.591956 0.097658
2310 0.138897 0.231440 0.629664
2263 0.730765 0.036769 0.232466
2261 0.289518 0.466437 0.244045
2256 0.652947 0.105911 0.241142
2257 0.569128 0.281165 0.149708
17697 0.034634 0.586160 0.379205
2364 0.194992 0.021206 0.783802
17667 0.247197 0.518874 0.233930
16875 0.063747 0.862864 0.073389
16813 0.802883 0.096156 0.100961
2312 0.726661 0.179272 0.094067
17572 0.626016 0.031448 0.342536
17571 0.347707 0.330891 0.321402
17570 0.087548 0.244892 0.667559
17574 0.124378 0.066019 0.809603
2311 0.097819 0.730508 0.171673
2262 0.344467 0.526851 0.128681
17582 0.123731 0.804569 0.071700
2318 0.354801 0.191882 0.453317
2269 0.021733 0.823061 0.155206
2367 0.246199 0.205918 0.547883
2366 0.002259 0.306998 0.690742
17577 0.037823 0.598843 0.363334
2313 0.655228 0.147366 0.197406
8261 0.226884 0.502718 0.270398
8260 0.250332 0.132848 0.616820
8264 0.191045 0.808955 0.000000
8269 0.057163 0.435360 0.507476
17653 0.010232 0.013560 0.976208
8165 0.556674 0.425472 0.017853
2529 0.047177 0.767770 0.185052
17627 0.151792 0.584311 0.263897
8157 0.090402 0.771093 0.138505
8158 0.615045 0.276021 0.108934
8163 0.120800 0.801509 0.077691
14691 0.275131 0.136777 0.588092
16834 0.129650 0.339706 0.530644
2416 0.668070 0.128421 0.203510
8283 0.827525 0.158028 0.014447
8230 0.859852 0.140148 0.000000
2428 0.519524 0.110415 0.370061
2427 0.119524 0.347866 0.532610
14709 0.106715 0.581352 0.311933
14682 0.671650 0.179512 0.148838
16843 0.440334 0.345325 0.214340
16838 0.013843 0.405210 0.580948
14679 0.327150 0.167882 0.504968
8273 0.689575 0.262778 0.047647
17649 0.631985 0.218175 0.149840
2242 0.234803 0.427024 0.338173
8257 0.219350 0.723829 0.056821
14689 0.724002 0.098900 0.177098
2260 0.662912 0.014488 0.322599
8284 0.161735 0.773831 0.064434
2293 0.383817 0.214588 0.401595
8256 0.800696 0.135293 0.064011
17662 0.673467 0.196041 0.130492
8155 0.000000 0.698411 0.301589
13627 0.022884 0.772747 0.204368
13559 0.082544 0.100481 0.816975
13578 0.412722 0.254164 0.333114
8106 0.013791 0.445837 0.540372
14802 0.702648 0.048590 0.248762
14815 0.301297 0.045312 0.653391
7985 0.248971 0.480212 0.270817
8233 0.258670 0.630457 0.110872
8246 0.161615 0.747431 0.090954
8130 0.171520 0.642288 0.186192
2471 0.296877 0.143856 0.559267
8249 0.148197 0.250385 0.601418
14979 0.587295 0.399508 0.013198
8186 0.592214 0.180515 0.227271
8137 0.417950 0.427655 0.154395
8034 0.812772 0.078541 0.108687
7983 0.195052 0.640575 0.164373
8154 0.229537 0.017654 0.752809
1417 0.237141 0.622131 0.140728
1398 0.051504 0.669889 0.278606
13632 0.057649 0.895469 0.046882
8222 0.163608 0.720211 0.116181
2527 0.290304 0.709696 0.000000
2526 0.103531 0.355822 0.540647
16895 0.079354 0.829258 0.091388
5410 0.184370 0.322012 0.493618
10564 0.254005 0.041148 0.704847
10685 0.217559 0.707490 0.074952
10789 0.612863 0.080034 0.307103
10796 0.099288 0.250956 0.649756
10562 0.038726 0.679765 0.281510
10668 0.171615 0.780578 0.047806
5149 0.129121 0.213967 0.656912
10595 0.089595 0.859817 0.050588
10800 0.533572 0.085483 0.380945
5391 0.880777 0.046938 0.072285
10566 0.165663 0.396055 0.438282
5387 0.718551 0.241731 0.039718
10565 0.495099 0.125501 0.379400
5262 0.329326 0.014512 0.656162
5288 0.338460 0.029533 0.632007
10540 0.296321 0.546894 0.156785
5405 0.079609 0.007694 0.912697
5280 0.522855 0.298171 0.178974
10792 0.330816 0.228692 0.440492
10567 0.232371 0.221245 0.546384
10800 0.263762 0.044896 0.691342
10568 0.346621 0.223361 0.430017
10602 0.417489 0.210121 0.372390
2252 0.924790 0.011572 0.063638
2251 0.192552 0.736948 0.070500
10662 0.772772 0.126703 0.100524
10548 0.776924 0.086256 0.136820
10791 0.084508 0.296841 0.618651
5265 0.862180 0.012983 0.124837
10796 0.342179 0.018893 0.638929
5266 0.185599 0.171978 0.642423
10791 0.434331 0.137728 0.427941
10605 0.160195 0.002706 0.837099
10542 0.727438 0.070988 0.201574
5391 0.594196 0.395500 0.010305
10799 0.751593 0.139472 0.108935
10800 0.810859 0.140586 0.048555
5417 0.360760 0.409257 0.229983
5417 0.954321 0.023531 0.022148
10799 0.025839 0.024744 0.949417
10799 0.663921 0.053876 0.282202
2235 0.752974 0.013310 0.233715
2234 0.158952 0.820517 0.020531
2238 0.393001 0.400585 0.206413
1430 0.575601 0.279348 0.145051
10841 0.012697 0.243026 0.744277
14988 0.129106 0.291676 0.579218
5320 0.843093 0.103865 0.053041
5312 0.163584 0.429032 0.407384
5302 0.556537 0.109314 0.334150
5340 0.607143 0.067691 0.325166
10781 0.224301 0.211723 0.563976
14991 0.682022 0.031238 0.286740
14976 0.066941 0.605058 0.328001
14984 0.319196 0.608293 0.072511
8138 0.320560 0.064753 0.614687
14980 0.085384 0.492916 0.421699
14957 0.458110 0.410542 0.131349
1410 0.271755 0.163727 0.564517
8143 0.801570 0.082734 0.115696
10806 0.288441 0.231821 0.479738
5334 0.141468 0.537280 0.321252
5327 0.208685 0.414188 0.377127
5278 0.372146 0.454568 0.173286
10830 0.192768 0.735461 0.071771
13569 0.058611 0.497279 0.444109
5322 0.103518 0.044257 0.852225
5335 0.864745 0.012744 0.122511
10772 0.506157 0.061707 0.432136
14825 0.342834 0.067518 0.589648
8206 0.600057 0.098934 0.301009
13565 0.032858 0.654305 0.312837
14813 0.832757 0.016961 0.150282
14947 0.000803 0.460790 0.538407
15285 0.232462 0.014480 0.753058
7982 0.081959 0.769155 0.148886
7981 0.000000 0.270427 0.729573
8061 0.194406 0.222713 0.582882
15204 0.049658 0.672437 0.277904
8089 0.593715 0.406285 0.000000
14789 0.293216 0.317131 0.389653
15187 0.284201 0.317506 0.398293
15276 0.018892 0.898888 0.082220
15192 0.808123 0.179418 0.012459
8128 0.531610 0.255264 0.213126
8126 0.018099 0.213264 0.768636
8101 0.386397 0.286913 0.326690
15214 0.118309 0.372468 0.509223
8096 0.294492 0.610481 0.095027
8054 0.443353 0.434510 0.122137
8218 0.098355 0.278875 0.622770
14801 0.398413 0.473133 0.128454
14797 0.592089 0.228134 0.179777
8247 0.402343 0.384377 0.213280
14793 0.408221 0.266064 0.325715
14820 0.574106 0.102876 0.323018
14761 0.206062 0.179230 0.614708
8008 0.235613 0.075443 0.688944
8064 0.244716 0.504160 0.251124
8151 0.000000 0.034061 0.965939
15177 0.552191 0.303993 0.143816
8062 0.697268 0.082867 0.219866
15191 0.140287 0.468327 0.391386
15275 0.114044 0.785349 0.100607
9781 0.051855 0.404323 0.543822
8078 0.691222 0.217005 0.091773
15290 0.105298 0.828659 0.066042
8081 0.217481 0.126459 0.656060
8063 0.504448 0.410971 0.084581
9778 0.094350 0.528451 0.377199
15307 0.197916 0.316346 0.485738
15309 0.741560 0.021522 0.236919
5755 0.837913 0.151393 0.010694
11277 0.221648 0.398616 0.379736
10442 0.738367 0.115710 0.145923
10386 0.305016 0.692211 0.002773
5819 0.195155 0.658295 0.146550
10374 0.048844 0.368869 0.582287
13637 0.065190 0.698265 0.236545
10434 0.038437 0.182140 0.779423
5871 0.186718 0.242432 0.570851
10395 0.250527 0.013463 0.736010
10378 0.347740 0.076816 0.575444
5850 0.256572 0.141892 0.601536
5847 0.176009 0.449823 0.374167
10520 0.849630 0.053590 0.096781
5852 0.660554 0.051227 0.288219
5832 0.034253 0.655667 0.310081
10398 0.940885 0.015302 0.043813
10401 0.310084 0.473335 0.216580
13440 0.555263 0.285801 0.158936
1792 0.800659 0.137539 0.061802
13458 0.371765 0.154330 0.473905
7954 0.174601 0.724195 0.101205
13837 0.083459 0.827045 0.089496
13860 0.087060 0.394857 0.518084
13412 0.161541 0.360903 0.477556
8363 0.477259 0.177983 0.344758
13808 0.728785 0.001596 0.269619
8368 0.405141 0.412758 0.182101
13836 0.900384 0.063894 0.035722
1900 0.757728 0.228584 0.013688
7913 0.210117 0.571051 0.218832
1759 0.685746 0.092356 0.221898
1899 0.154537 0.782912 0.062551
13434 0.252933 0.693136 0.053931
7956 0.287539 0.476058 0.236403
13205 0.056100 0.232054 0.711846
13433 0.279227 0.267321 0.453451
1878 0.722127 0.144449 0.133424
1760 0.209155 0.561636 0.229210
13086 0.762283 0.214847 0.022870
1875 0.208997 0.598804 0.192200
13761 0.258802 0.699554 0.041644
13209 0.269909 0.256907 0.473184
13113 0.146056 0.309486 0.544458
13764 0.631145 0.225809 0.143046
13793 0.658241 0.059016 0.282743
13214 0.166484 0.228460 0.605056
13794 0.732271 0.027223 0.240506
13206 0.230730 0.593851 0.175419
13768 0.117051 0.136328 0.746621
13114 0.675083 0.266061 0.058856
6132 0.117587 0.482216 0.400198
10341 0.791689 0.199672 0.008639
6103 0.037845 0.691290 0.270865
5190 0.429599 0.537438 0.032963
5839 0.456293 0.410020 0.133687
11278 0.288973 0.251787 0.459239
10422 0.297447 0.285490 0.417063
5866 0.000000 0.267526 0.732474
5754 0.340062 0.610673 0.049265
5874 0.764708 0.185167 0.050125
10505 0.671769 0.202887 0.125344
13451 0.081884 0.087811 0.830305
10279 0.326055 0.377748 0.296198
10364 0.127352 0.005717 0.866931
12312 0.227796 0.218284 0.553921
5200 0.106521 0.085506 0.807972
10425 0.006104 0.071190 0.922706
10408 0.461877 0.019822 0.518301
6064 0.274813 0.656030 0.069158
10245 0.305821 0.187100 0.507079
6319 0.142230 0.285765 0.572005
12343 0.799632 0.138013 0.062354
1360 0.385239 0.350780 0.263981
7710 0.744193 0.155653 0.100154
13235 0.478172 0.466173 0.055655
7815 0.036584 0.793456 0.169960
13219 0.192280 0.104179 0.703541
1820 0.043159 0.430838 0.526002
10212 0.222474 0.734299 0.043227
6228 0.252861 0.273419 0.473720
10344 0.030415 0.841829 0.127757
6249 0.376339 0.214800 0.408861
6365 0.925358 0.025980 0.048663
6369 0.378662 0.548217 0.073121
10216 0.288344 0.475989 0.235666
6114 0.292466 0.643023 0.064511
10360 0.094538 0.261221 0.644241
10213 0.278220 0.162709 0.559071
6365 0.071365 0.152763 0.775872
10213 0.271080 0.436382 0.292538
1819 0.330038 0.149297 0.520665
13645 0.248902 0.501775 0.249323
13219 0.557921 0.402071 0.040008
6247 0.449802 0.169715 0.380483
10253 0.370554 0.161854 0.467592
10326 0.242224 0.733798 0.023978
6111 0.020433 0.341703 0.637864
6367 0.013842 0.210213 0.775945
10217 0.318886 0.581098 0.100016
1765 0.210973 0.308727 0.480300
13643 0.046887 0.734452 0.218661
13647 0.120293 0.389519 0.490187
10368 0.073318 0.172004 0.754678
6364 0.560129 0.042194 0.397677
6364 0.231351 0.684716 0.083933
10368 0.166659 0.717526 0.115815
6320 0.483411 0.278554 0.238035
10368 0.309069 0.289488 0.401443
6364 0.244598 0.263915 0.491486
6320 0.122235 0.546579 0.331186
6113 0.124130 0.508138 0.367732
6113 0.121000 0.202593 0.676407
10360 0.392650 0.559773 0.047577
10360 0.845960 0.104412 0.049628
6113 0.801862 0.196862 0.001276
6113 0.468179 0.491117 0.040704
6113 0.699320 0.110486 0.190194
6113 0.308733 0.142261 0.549005
13668 0.064249 0.149444 0.786307
1758 0.224533 0.059671 0.715796
1777 0.107205 0.838000 0.054796
6317 0.204007 0.500093 0.295900
6339 0.257141 0.258275 0.484585
10349 0.093976 0.263990 0.642035
10256 0.106796 0.002749 0.890455
10267 0.265176 0.607994 0.126830
6304 0.081605 0.668458 0.249937
10249 0.077953 0.346001 0.576046
10283 0.149896 0.228125 0.621979
6110 0.350664 0.497614 0.151722
10332 0.378914 0.002877 0.618210
5196 0.492817 0.449661 0.057522
5195 0.430596 0.116860 0.452544
10354 0.370430 0.503917 0.125653
6373 0.257573 0.463727 0.278700
12358 0.262880 0.178415 0.558705
12302 0.112254 0.278826 0.608920
5126 0.291872 0.349337 0.358790
12326 0.309067 0.310350 0.380583
12333 0.319242 0.051430 0.629328
5258 0.646207 0.351660 0.002134
5255 0.147663 0.096917 0.755421
5242 0.490441 0.477878 0.031681
12283 0.284295 0.426238 0.289467
12287 0.076042 0.316268 0.607690
5253 0.701682 0.157100 0.141218
12299 0.024384 0.670315 0.305301
13231 0.271444 0.531749 0.196807
13639 0.446113 0.024371 0.529516
5755 0.085305 0.735106 0.179589
10421 0.788970 0.006773 0.204257
6282 0.206614 0.793386 0.000000
5869 0.028714 0.631677 0.339609
10506 0.029176 0.341233 0.629591
5820 0.266368 0.215450 0.518181
5885 0.824284 0.054084 0.121632
6284 0.534638 0.289477 0.175885
6289 0.534418 0.157262 0.308320
6291 0.030948 0.232885 0.736167
5891 0.000000 0.792321 0.207679
10498 0.295822 0.020056 0.684123
5848 0.201760 0.062621 0.735619
5846 0.174829 0.473619 0.351552
10406 0.528930 0.428398 0.042672
5852 0.000000 0.823334 0.176666
10503 0.353576 0.546120 0.100304
5747 0.089425 0.629768 0.280806
5790 0.335031 0.433693 0.231276
5781 0.463736 0.108826 0.427438
10523 0.158181 0.100946 0.740874
5807 0.042601 0.954494 0.002905
5776 0.215113 0.305311 0.479576
13102 0.233655 0.616718 0.149626
1363 0.501616 0.088125 0.410259
7918 0.375131 0.585830 0.039038
10511 0.326804 0.499734 0.173462
5774 0.370688 0.442065 0.187247
10392 0.321183 0.250189 0.428628
10461 0.318159 0.180064 0.501777
6292 0.167433 0.578799 0.253768
10482 0.317921 0.330014 0.352065
6264 0.276193 0.297685 0.426122
10484 0.017894 0.756096 0.226010
6259 0.687828 0.279268 0.032904
10510 0.329429 0.062616 0.607956
10370 0.127906 0.638208 0.233886
6223 0.040805 0.470877 0.488318
10474 0.005598 0.325907 0.668495
10477 0.655200 0.003372 0.341428
12347 0.083503 0.044016 0.872480
12359 0.822592 0.096015 0.081393
5107 0.209671 0.700344 0.089986
12354 0.601631 0.204302 0.194067
12342 0.789927 0.164235 0.045838
6374 0.694828 0.035924 0.269247
5811 0.383172 0.597858 0.018969
5132 0.121302 0.387301 0.491397
5140 0.702705 0.294540 0.002756
5136 0.509796 0.420873 0.069331
12121 0.099655 0.356034 0.544311
13915 0.292137 0.600456 0.107407
14020 0.273598 0.066490 0.659912
12826 0.062530 0.920460 0.017009
13890 0.751762 0.238335 0.009903
13916 0.086949 0.706354 0.206698
8893 0.180882 0.188228 0.630890
13905 0.797902 0.042862 0.159236
13935 0.542746 0.187066 0.270187
12824 0.309077 0.416759 0.274165
16998 0.309334 0.642817 0.047849
17847 0.004643 0.744484 0.250873
17846 0.013499 0.692081 0.294420
1676 0.125902 0.658560 0.215538
8497 0.688912 0.306923 0.004165
8498 0.640533 0.336990 0.022477
13879 0.129235 0.418319 0.452446
1688 0.086153 0.297354 0.616493
13885 0.062298 0.639464 0.298238
1726 0.077970 0.107282 0.814748
5103 0.326065 0.237013 0.436922
13913 0.223547 0.218182 0.558272
8802 0.106284 0.483703 0.410013
13884 0.826522 0.077444 0.096035
13910 0.007144 0.617169 0.375687
13964 0.793676 0.017835 0.188489
13979 0.440601 0.461523 0.097876
13831 0.425636 0.259867 0.314497
13963 0.778922 0.129739 0.091338
8839 0.174450 0.289914 0.535636
13484 0.770899 0.053540 0.175561
13495 0.111519 0.369059 0.519421
8323 0.309017 0.410121 0.280862
12918 0.293305 0.232369 0.474327
13022 0.365032 0.184469 0.450499
10633 0.364304 0.441389 0.194307
13925 0.263077 0.726280 0.010643
13921 0.266005 0.461723 0.272272
1620 0.604520 0.260035 0.135445
1601 0.038383 0.608267 0.353350
8432 0.010831 0.180670 0.808499
12981 0.184505 0.075800 0.739695
13830 0.538414 0.287869 0.173718
13978 0.548907 0.412622 0.038471
12969 0.611511 0.357305 0.031185
13499 0.083764 0.245671 0.670566
1731 0.574962 0.158678 0.266360
1719 0.243640 0.543662 0.212698
12878 0.231061 0.176335 0.592604
8508 0.151893 0.177043 0.671064
13481 0.659464 0.335582 0.004954
17743 0.005160 0.360309 0.634531
8430 0.278847 0.353629 0.367524
12976 0.117748 0.505336 0.376916
1661 0.092607 0.247823 0.659570
13650 0.013224 0.205836 0.780940
8417 0.363931 0.236040 0.400029
8525 0.000007 0.316785 0.683208
12970 0.157634 0.377422 0.464945
12967 0.235767 0.122311 0.641922
8780 0.550908 0.366889 0.082203
8844 0.203471 0.727745 0.068785
13973 0.731658 0.185456 0.082886
13018 0.005783 0.259160 0.735057
8847 0.090677 0.559542 0.349780
14863 0.061637 0.252303 0.686060
13050 0.474338 0.048286 0.477375
12949 0.300952 0.459933 0.239115
13653 0.237994 0.559338 0.202668
13699 0.130706 0.087205 0.782088
7738 0.822009 0.149717 0.028274
17057 0.547730 0.101750 0.350520
2128 0.094428 0.344745 0.560827
1797 0.334199 0.239086 0.426716
14857 0.268613 0.513018 0.218369
8926 0.630172 0.203433 0.166395
12774 0.260845 0.443595 0.295560
455 0.121276 0.503585 0.375139
12954 0.024785 0.087100 0.888115
12940 0.452461 0.198245 0.349294
7748 0.571242 0.247923 0.180834
8406 0.169131 0.057765 0.773105
8408 0.417082 0.387442 0.195475
8907 0.308122 0.108578 0.583300
8378 0.110761 0.437008 0.452231
8788 0.386278 0.501141 0.112581
13035 0.021726 0.889192 0.089082
8787 0.260285 0.650258 0.089457
13048 0.929211 0.013905 0.056884
13040 0.075420 0.829293 0.095287
8914 0.099706 0.270226 0.630067
8438 0.129684 0.654662 0.215654
5212 0.638534 0.352085 0.009381
8650 0.757307 0.023264 0.219429
1803 0.116415 0.248161 0.635424
12950 0.104699 0.084278 0.811023
12953 0.456821 0.422315 0.120863
7752 0.170719 0.735203 0.094078
12999 0.425199 0.402725 0.172076
8409 0.827961 0.153428 0.018611
12944 0.425133 0.102946 0.471921
8813 0.386002 0.363362 0.250636
12939 0.291139 0.677907 0.030954
8443 0.189099 0.560088 0.250812
8436 0.354689 0.008913 0.636399
12303 0.201642 0.796880 0.001478
12833 0.106416 0.027188 0.866396
12421 0.947069 0.003722 0.049209
12767 0.421954 0.232612 0.345434
8850 0.793424 0.049141 0.157435
13067 0.228229 0.241027 0.530744
8399 0.222130 0.658536 0.119335
13057 0.419648 0.252920 0.327432
14913 0.669238 0.318681 0.012081
8449 0.271147 0.425800 0.303053
8446 0.047040 0.026319 0.926641
12430 0.014225 0.603036 0.382738
12863 0.373684 0.378908 0.247408
12786 0.066530 0.680163 0.253308
8616 0.114162 0.070498 0.815340
7743 0.836432 0.158349 0.005219
13494 0.125458 0.804554 0.069988
13496 0.557268 0.329769 0.112964
1639 0.061973 0.091196 0.846831
13529 0.654885 0.113299 0.231816
13476 0.049638 0.010768 0.939594
13420 0.549164 0.030040 0.420796
13428 0.258697 0.577221 0.164082
15246 0.331560 0.304369 0.364071
1607 0.487832 0.186297 0.325871
1662 0.657874 0.134986 0.207140
13544 0.236087 0.727572 0.036342
1869 0.214511 0.526440 0.259049
13421 0.178766 0.453123 0.368111
1840 0.586563 0.290289 0.123148
1848 0.017742 0.517979 0.464279
1665 0.343315 0.261528 0.395157
1668 0.723232 0.211808 0.064961
13539 0.113990 0.363714 0.522296
1866 0.378515 0.148051 0.473434
1867 0.439523 0.432821 0.127656
13419 0.244500 0.653034 0.102466
1863 0.059671 0.890382 0.049947
1604 0.430924 0.217677 0.351398
13515 0.214856 0.242641 0.542503
1633 0.146575 0.751061 0.102364
1648 0.598864 0.197314 0.203822
1645 0.303027 0.571145 0.125828
1641 0.150407 0.832194 0.017399
13528 0.095493 0.529782 0.374725
1715 0.165867 0.373001 0.461132
13940 0.347482 0.231658 0.420860
13498 0.340141 0.624655 0.035204
1650 0.523198 0.307021 0.169781
1753 0.053552 0.255952 0.690496
13521 0.198266 0.660591 0.141143
1859 0.567886 0.149473 0.282641
8339 0.815646 0.099196 0.085158
13941 0.733746 0.095019 0.171235
13506 0.362464 0.333433 0.304102
13553 0.813452 0.017638 0.168910
8546 0.297313 0.154215 0.548472
8551 0.220090 0.654857 0.125053
13736 0.227888 0.178015 0.594097
8338 0.296696 0.627969 0.075335
13861 0.395100 0.243166 0.361734
8348 0.297513 0.661790 0.040697
8542 0.659904 0.055692 0.284404
8545 0.140338 0.034313 0.825349
13756 0.899017 0.055711 0.045272
13752 0.182202 0.330003 0.487795
8576 0.398299 0.217348 0.384353
13733 0.526131 0.415118 0.058751
8600 0.878977 0.016361 0.104662
13727 0.340208 0.559718 0.100074
8561 0.159863 0.581877 0.258260
8563 0.861684 0.059086 0.079229
8570 0.128114 0.583381 0.288506
8575 0.081354 0.022636 0.896010
13732 0.094506 0.851279 0.054216
13724 0.569050 0.355984 0.074966
8598 0.287713 0.582801 0.129486
8568 0.050197 0.458929 0.490874
8560 0.596670 0.076777 0.326553
9800 0.007384 0.427794 0.564821
13735 0.094985 0.901465 0.003550
8552 0.086942 0.147998 0.765060
13741 0.053847 0.476600 0.469553
8597 0.062915 0.156338 0.780746
13850 0.033800 0.069068 0.897132
13843 0.142839 0.483216 0.373945
13842 0.035758 0.951190 0.013052
8595 0.307196 0.564412 0.128392
8535 0.501909 0.394160 0.103931
13742 0.461141 0.274780 0.264079
13804 0.003209 0.465928 0.530864
13800 0.061836 0.017981 0.920183
8332 0.273014 0.449581 0.277405
8333 0.479662 0.097826 0.422512
13868 0.463758 0.150693 0.385549
8343 0.333501 0.337904 0.328595
8555 0.066008 0.470930 0.463063
13743 0.230294 0.516877 0.252829
13866 0.502192 0.196142 0.301666
13874 0.303844 0.608544 0.087612
8452 0.098743 0.157709 0.743548
13869 0.041245 0.125514 0.833241
12865 0.442337 0.184608 0.373055
12866 0.673821 0.005422 0.320757
9707 0.277879 0.550998 0.171123
9688 0.278732 0.470761 0.250507
14216 0.322268 0.650229 0.027504
9661 0.604562 0.347843 0.047596
14227 0.450327 0.423412 0.126260
9543 0.812243 0.125917 0.061840
8625 0.714428 0.260138 0.025435
8623 0.575224 0.263387 0.161389
8903 0.111915 0.784124 0.103960
5701 0.010736 0.806720 0.182544
9660 0.519578 0.205443 0.274979
14223 0.575196 0.291711 0.133093
14220 0.251414 0.623291 0.125294
14335 0.105572 0.695769 0.198659
14041 0.258489 0.019684 0.721827
14038 0.409815 0.013116 0.577070
3428 0.298938 0.338073 0.362989
8902 0.227251 0.268731 0.504018
12869 0.249755 0.184873 0.565372
11395 0.462798 0.340774 0.196429
12204 0.014187 0.719852 0.265961
14325 0.113321 0.336715 0.549963
9890 0.594327 0.048009 0.357664
9916 0.664959 0.194290 0.140752
14970 0.778334 0.134214 0.087451
5185 0.523890 0.076806 0.399305
12925 0.021209 0.400212 0.578578
8450 0.250707 0.106561 0.642732
8445 0.422764 0.354971 0.222265
5203 0.303718 0.685787 0.010495
12361 0.856708 0.057134 0.086158
8640 0.563456 0.157726 0.278818
12846 0.416887 0.524365 0.058748
12857 0.483155 0.363543 0.153302
169 0.240319 0.494571 0.265110
20346 0.240287 0.101190 0.658523
4200 0.473833 0.192090 0.334077
20365 0.071920 0.681208 0.246872
15234 0.143264 0.620958 0.235778
9745 0.000951 0.093872 0.905177
8886 0.765229 0.024529 0.210242
12885 0.006891 0.294398 0.698710
9798 0.096345 0.041077 0.862578
9791 0.638720 0.149654 0.211626
13308 0.044788 0.169642 0.785570
7844 0.089391 0.115497 0.795112
13300 0.174008 0.216857 0.609135
12843 0.068106 0.518293 0.413601
12852 0.441039 0.201684 0.357277
12915 0.101223 0.008173 0.890605
12781 0.080188 0.455246 0.464566
12782 0.274554 0.035570 0.689877
8748 0.736636 0.175327 0.088037
15043 0.796170 0.094853 0.108976
9749 0.232063 0.595651 0.172286
9763 0.085297 0.117598 0.797105
14171 0.356571 0.376197 0.267231
10761 0.284804 0.696811 0.018384
6197 0.046134 0.281650 0.672216
10145 0.464942 0.470272 0.064787
10069 0.246500 0.641236 0.112264
14091 0.009382 0.455949 0.534670
11100 0.681046 0.182057 0.136897
9483 0.833495 0.155530 0.010975
14300 0.084314 0.330746 0.584940
14303 0.451068 0.050348 0.498583
8974 0.911236 0.000775 0.087989
14497 0.395966 0.036550 0.567485
12420 0.128217 0.449936 0.421847
6081 0.299092 0.505129 0.195779
10729 0.611545 0.234940 0.153515
11118 0.365476 0.408817 0.225707
6097 0.320295 0.547331 0.132374
14162 0.000000 0.323874 0.676126
12401 0.509196 0.389077 0.101726
11119 0.353235 0.157530 0.489235
14169 0.099466 0.271120 0.629414
6087 0.152536 0.208589 0.638875
8987 0.120787 0.854216 0.024997
8986 0.000000 0.000000 1.000000
9472 0.067343 0.833543 0.099114
9476 0.475613 0.035783 0.488605
11093 0.495941 0.277751 0.226308
14097 0.478754 0.126311 0.394935
14098 0.002377 0.337451 0.660172
11102 0.044160 0.890300 0.065540
9486 0.804719 0.097229 0.098052
14087 0.125531 0.071595 0.802875
14277 0.048264 0.014287 0.937449
14312 0.094432 0.009052 0.896516
12385 0.274759 0.640783 0.084458
5587 0.218797 0.209066 0.572137
12386 0.633017 0.017266 0.349717
