12715 0.390279 0.314844 0.294877
1629 0.496792 0.246552 0.256656
12688 0.124069 0.661571 0.214360
8836 0.209134 0.603344 0.187522
12695 0.005456 0.677712 0.316831
3250 0.845588 0.070015 0.084397
13075 0.306208 0.586324 0.107468
13032 0.126928 0.166568 0.706504
6909 0.157919 0.637621 0.204460
5544 0.066308 0.120239 0.813453
8439 0.036683 0.180000 0.783317
19319 0.045962 0.397932 0.556106
15250 0.239841 0.656330 0.103829
4145 0.366388 0.395711 0.237901
5211 0.888489 0.089271 0.022240
4064 0.211167 0.157348 0.631485
12849 0.175164 0.814032 0.010805
19234 0.469138 0.068893 0.461970
8628 0.658867 0.011986 0.329147
3860 0.290948 0.630904 0.078148
12859 0.177570 0.696841 0.125588
19297 0.081794 0.208513 0.709693
19246 0.085773 0.376422 0.537805
19697 0.025440 0.031749 0.942811
12504 0.139082 0.650223 0.210695
11837 0.255174 0.189912 0.554914
6673 0.222369 0.692910 0.084721
6906 0.792088 0.150373 0.057539
6804 0.550524 0.428835 0.020641
12517 0.075460 0.263868 0.660672
19085 0.761662 0.171135 0.067203
283 0.154149 0.226440 0.619410
18925 0.007411 0.205860 0.786730
3647 0.031430 0.805937 0.162632
5430 0.353701 0.497526 0.148773
12224 0.161298 0.837824 0.000879
18275 0.630973 0.007252 0.361775
6439 0.146492 0.819631 0.033878
1171 0.200836 0.091364 0.707800
18272 0.365273 0.214354 0.420373
11910 0.344525 0.183565 0.471910
743 0.360620 0.561610 0.077771
380 0.220741 0.158605 0.620654
6807 0.080678 0.867076 0.052247
6789 0.001239 0.446963 0.551798
49 0.372478 0.317482 0.310040
19029 0.070738 0.497884 0.431377
5457 0.075536 0.908590 0.015874
6810 0.487448 0.004748 0.507804
6786 0.236296 0.051007 0.712696
6854 0.868793 0.085123 0.046084
2600 0.170985 0.124358 0.704657
2669 0.825423 0.041867 0.132710
15484 0.246162 0.087542 0.666296
2701 0.814294 0.182817 0.002889
15626 0.384060 0.214298 0.401642
2677 0.390026 0.420627 0.189347
15512 0.070815 0.705593 0.223592
2674 0.591169 0.157634 0.251197
18822 0.149814 0.314731 0.535455
19117 0.382862 0.239923 0.377215
773 0.222845 0.516375 0.260779
642 0.246276 0.675173 0.078551
17926 0.371260 0.312908 0.315832
15531 0.684919 0.148417 0.166664
15518 0.028216 0.902958 0.068826
1153 0.084629 0.353260 0.562111
6866 0.307677 0.438575 0.253748
18108 0.035072 0.368452 0.596476
5500 0.215518 0.376780 0.407702
18803 0.063000 0.488324 0.448676
670 0.069634 0.145471 0.784895
18154 0.213732 0.714924 0.071344
659 0.167523 0.490281 0.342196
18153 0.226132 0.246279 0.527589
18142 0.403525 0.126324 0.470151
17871 0.757143 0.096242 0.146615
18148 0.224680 0.429936 0.345385
18164 0.218251 0.346939 0.434810
18136 0.345905 0.248426 0.405669
6900 0.036957 0.143895 0.819148
7231 0.028405 0.961251 0.010344
124 0.107531 0.612586 0.279883
18140 0.650144 0.012316 0.337540
3227 0.215122 0.589212 0.195666
11842 0.162784 0.015342 0.821875
12463 0.722611 0.031620 0.245769
11816 0.528319 0.053830 0.417851
7562 0.164756 0.277671 0.557573
11739 0.725902 0.076982 0.197116
5570 0.578953 0.260200 0.160847
12046 0.086196 0.833167 0.080637
6616 0.282646 0.050577 0.666777
6605 0.184546 0.394642 0.420811
7288 0.888778 0.076042 0.035180
11855 0.085143 0.335753 0.579105
12611 0.600489 0.190107 0.209404
7207 0.150092 0.787271 0.062637
11874 0.340764 0.628131 0.031104
5571 0.453998 0.485181 0.060821
12625 0.046206 0.383082 0.570712
12497 0.200415 0.196808 0.602778
11943 0.194518 0.038043 0.767439
6420 0.039668 0.429518 0.530814
11889 0.063127 0.860960 0.075913
12601 0.587601 0.339703 0.072696
11928 0.056088 0.495631 0.448281
11954 0.016317 0.337772 0.645910
243 0.229532 0.645513 0.124955
6763 0.103303 0.659748 0.236949
11839 0.160546 0.255142 0.584311
18088 0.398027 0.551741 0.050232
366 0.369505 0.400909 0.229586
18619 0.377297 0.604210 0.018493
18929 0.734241 0.076211 0.189547
19083 0.655655 0.205308 0.139037
18608 0.383546 0.292068 0.324385
18070 0.298326 0.199159 0.502515
18597 0.397563 0.581275 0.021162
19042 0.256452 0.547040 0.196508
83 0.319478 0.404332 0.276190
275 0.852507 0.045019 0.102474
18968 0.065713 0.574110 0.360178
241 0.026414 0.520308 0.453279
18967 0.448765 0.398148 0.153087
487 0.205115 0.075573 0.719312
18947 0.090668 0.560352 0.348980
18978 0.041698 0.159978 0.798324
6778 0.108074 0.341593 0.550333
6760 0.304120 0.009670 0.686211
531 0.055747 0.868071 0.076182
18644 0.147901 0.506521 0.345578
6966 0.228642 0.457400 0.313958
6856 0.766128 0.000227 0.233644
18850 0.112418 0.782426 0.105156
506 0.726208 0.249112 0.024681
18949 0.796540 0.168888 0.034572
18652 0.450889 0.400483 0.148628
18843 0.539874 0.380590 0.079536
18651 0.151003 0.515794 0.333203
6948 0.297119 0.321458 0.381423
6962 0.078542 0.743654 0.177804
18885 0.817866 0.002615 0.179519
18835 0.504953 0.162812 0.332235
512 0.291147 0.298946 0.409907
18310 0.049161 0.615387 0.335452
1120 0.124981 0.324638 0.550381
1247 0.194545 0.483981 0.321474
1243 0.752422 0.068813 0.178765
6875 0.193496 0.611231 0.195274
18200 0.897207 0.094048 0.008746
1124 0.093668 0.047160 0.859172
1154 0.053848 0.501741 0.444412
18775 0.714149 0.140529 0.145322
18751 0.481605 0.016515 0.501880
15364 0.302236 0.274221 0.423543
15454 0.260488 0.330520 0.408992
1155 0.343595 0.330050 0.326354
15359 0.478150 0.136169 0.385680
18336 0.769931 0.124133 0.105936
15450 0.506868 0.441843 0.051289
6889 0.707553 0.186937 0.105510
15374 0.252951 0.448839 0.298209
1265 0.449300 0.339384 0.211316
2716 0.000000 0.417213 0.582787
6882 0.271108 0.156620 0.572272
2790 0.308647 0.603759 0.087594
18767 0.760045 0.003030 0.236925
2838 0.269076 0.676493 0.054431
6490 0.687331 0.048567 0.264102
3090 0.459508 0.247274 0.293218
1141 0.582317 0.230221 0.187462
18256 0.583656 0.305893 0.110452
2752 0.351541 0.218164 0.430295
18552 0.537872 0.141179 0.320949
2723 0.161562 0.528754 0.309684
15469 0.279236 0.467894 0.252870
2738 0.635533 0.343815 0.020652
2785 0.109131 0.393195 0.497674
2807 0.292432 0.612853 0.094714
2773 0.843591 0.048786 0.107623
2741 0.549933 0.442912 0.007155
3073 0.151236 0.117776 0.730988
17421 0.084305 0.446488 0.469208
3316 0.112499 0.685452 0.202049
17415 0.695362 0.205637 0.099001
3332 0.743968 0.129930 0.126102
17448 0.125683 0.747945 0.126373
3301 0.058665 0.308760 0.632575
3328 0.430732 0.081286 0.487982
3311 0.037228 0.887253 0.075520
2683 0.229252 0.188190 0.582558
2822 0.078237 0.808851 0.112912
15522 0.836631 0.150955 0.012414
18783 0.366515 0.471224 0.162262
3226 0.701880 0.244137 0.053983
17398 0.261029 0.566451 0.172519
3081 0.476963 0.333979 0.189058
15629 0.138043 0.173871 0.688086
2673 0.000000 0.527655 0.472345
18981 0.047014 0.456670 0.496317
98 0.785376 0.211696 0.002928
18095 0.311671 0.074565 0.613764
362 0.072166 0.760660 0.167174
18116 0.786241 0.179513 0.034246
18126 0.451911 0.136297 0.411792
19026 0.356323 0.493805 0.149872
17225 0.097085 0.100082 0.802833
19798 0.078132 0.768512 0.153356
12027 0.198455 0.531763 0.269782
11501 0.270299 0.162141 0.567559
11633 0.770122 0.092269 0.137609
19788 0.022339 0.362180 0.615481
19780 0.024956 0.427590 0.547455
11638 0.200219 0.219992 0.579789
7429 0.694688 0.144473 0.160840
7426 0.229757 0.634319 0.135923
7433 0.016099 0.781121 0.202781
951 0.110500 0.212163 0.677337
7461 0.389158 0.244538 0.366304
7482 0.836010 0.094280 0.069710
7642 0.121603 0.768989 0.109408
11610 0.357660 0.475116 0.167224
7598 0.166892 0.010201 0.822907
11991 0.033445 0.570402 0.396153
11997 0.285571 0.532629 0.181800
11966 0.815943 0.145914 0.038143
12034 0.195800 0.388272 0.415929
7449 0.146812 0.491348 0.361841
11520 0.091744 0.329053 0.579203
11625 0.082445 0.345612 0.571943
7411 0.091562 0.421942 0.486496
12081 0.218330 0.486261 0.295408
12091 0.579215 0.333382 0.087404
12115 0.287923 0.032128 0.679949
6585 0.422707 0.341459 0.235835
12099 0.148812 0.484648 0.366540
11720 0.665767 0.050956 0.283277
11698 0.686043 0.063982 0.249974
11688 0.258147 0.648430 0.093423
11789 0.697326 0.087979 0.214696
7034 0.495685 0.433723 0.070592
12558 0.324390 0.042721 0.632889
12119 0.272822 0.371300 0.355879
12058 0.799622 0.063919 0.136459
11676 0.047648 0.147515 0.804836
11672 0.032082 0.144325 0.823594
7545 0.093972 0.311833 0.594194
11740 0.713581 0.070421 0.215998
6543 0.582950 0.180680 0.236370
7214 0.138847 0.709120 0.152032
5520 0.656841 0.273796 0.069363
7274 0.231311 0.140113 0.628576
6609 0.725239 0.035892 0.238869
16067 0.316445 0.104289 0.579266
4642 0.331514 0.132878 0.535608
16105 0.348209 0.010227 0.641564
16039 0.061237 0.537042 0.401720
4314 0.538608 0.030070 0.431322
3200 0.870850 0.009493 0.119657
8442 0.872184 0.062413 0.065403
3116 0.378832 0.313892 0.307275
3152 0.212348 0.075978 0.711675
3953 0.010222 0.237201 0.752578
16101 0.337152 0.534813 0.128035
4683 0.618517 0.219727 0.161755
19455 0.774078 0.207308 0.018614
3919 0.702005 0.027989 0.270006
17895 0.547081 0.243967 0.208952
5214 0.296964 0.563306 0.139730
3109 0.009106 0.419119 0.571775
17342 0.002785 0.816082 0.181133
19521 0.119341 0.075773 0.804886
16162 0.018823 0.977837 0.003340
4569 0.614084 0.101261 0.284655
19499 0.632735 0.101982 0.265284
19517 0.913717 0.059531 0.026753
3870 0.404478 0.299003 0.296519
17991 0.029028 0.531387 0.439584
208 0.519727 0.220610 0.259663
8677 0.190383 0.638663 0.170954
19510 0.614519 0.007069 0.378412
5100 0.682010 0.138074 0.179917
5035 0.777975 0.056623 0.165402
19461 0.554324 0.401790 0.043886
20142 0.452581 0.113403 0.434016
190 0.549365 0.202239 0.248395
20346 0.168690 0.172735 0.658575
19736 0.113944 0.204933 0.681123
19555 0.268326 0.418644 0.313030
3608 0.048845 0.394180 0.556975
20110 0.102829 0.077319 0.819852
12868 0.189216 0.219005 0.591779
4871 0.215244 0.216364 0.568391
4146 0.637522 0.038014 0.324464
16185 0.030760 0.127544 0.841696
2886 0.120788 0.422942 0.456270
15976 0.061491 0.489874 0.448635
3028 0.361606 0.081098 0.557296
15961 0.039305 0.181207 0.779488
15956 0.564616 0.000000 0.435384
4752 0.255700 0.744300 0.000000
16026 0.513760 0.357919 0.128321
16497 0.412959 0.232330 0.354711
4658 0.186181 0.501471 0.312347
16482 0.388902 0.307441 0.303656
16429 0.027829 0.349912 0.622259
16423 0.228960 0.733592 0.037448
2919 0.824356 0.014965 0.160679
16526 0.310190 0.455953 0.233857
15968 0.452808 0.403929 0.143263
2960 0.283475 0.455817 0.260708
2949 0.419362 0.444920 0.135719
4626 0.156266 0.536756 0.306978
3118 0.027001 0.507140 0.465860
16402 0.314046 0.229000 0.456955
3164 0.134436 0.127142 0.738421
16088 0.285166 0.229882 0.484952
4705 0.512049 0.283768 0.204183
3018 0.462799 0.024140 0.513061
5530 0.471228 0.127792 0.400981
6537 0.054687 0.358662 0.586651
6451 0.164565 0.061177 0.774258
6450 0.329742 0.539044 0.131214
11781 0.343820 0.222482 0.433698
8831 0.073837 0.474662 0.451501
1067 0.711679 0.016551 0.271770
302 0.273611 0.389773 0.336616
17520 0.731693 0.031321 0.236986
74 0.626822 0.358088 0.015090
17973 0.169127 0.277924 0.552949
4313 0.392981 0.164957 0.442062
1059 0.098666 0.670046 0.231288
17977 0.048265 0.691358 0.260378
15999 0.372656 0.063122 0.564222
17242 0.142792 0.777548 0.079660
3019 0.602137 0.384207 0.013656
3014 0.384637 0.544891 0.070473
3839 0.533188 0.436940 0.029872
17493 0.726582 0.232147 0.041271
8887 0.308964 0.138588 0.552448
4029 0.429999 0.080997 0.489004
4502 0.475044 0.172675 0.352281
19530 0.335518 0.577283 0.087199
4919 0.463902 0.315027 0.221071
195 0.490219 0.121332 0.388449
178 0.336972 0.577063 0.085965
4589 0.114915 0.574013 0.311072
4780 0.735168 0.073065 0.191766
862 0.107924 0.667063 0.225014
867 0.275978 0.538716 0.185306
20392 0.920430 0.000804 0.078766
4182 0.488538 0.308319 0.203143
804 0.222838 0.508964 0.268198
829 0.226278 0.157117 0.616605
20028 0.202747 0.696878 0.100375
20031 0.476961 0.083745 0.439294
20023 0.589522 0.211955 0.198523
900 0.595575 0.039660 0.364766
20034 0.547041 0.051226 0.401732
18671 0.802492 0.010115 0.187392
19855 0.216561 0.154494 0.628945
7520 0.235714 0.005650 0.758636
11533 0.144212 0.824555 0.031233
19851 0.120871 0.214241 0.664888
946 0.288537 0.467131 0.244332
7625 0.055272 0.802831 0.141897
19819 0.199797 0.744180 0.056024
11561 0.683708 0.281571 0.034722
19834 0.495172 0.389993 0.114835
7370 0.533057 0.056091 0.410852
19821 0.059820 0.759535 0.180645
19824 0.338812 0.002168 0.659020
881 0.358407 0.473369 0.168224
7351 0.011610 0.226796 0.761594
19838 0.331892 0.109308 0.558800
7399 0.172570 0.159402 0.668028
11559 0.119942 0.084907 0.795150
19850 0.819771 0.029761 0.150468
940 0.874284 0.051230 0.074486
11552 0.236862 0.069766 0.693372
11532 0.384017 0.030453 0.585530
11526 0.682028 0.002834 0.315138
19837 0.361529 0.274486 0.363985
18665 0.655326 0.153133 0.191541
11586 0.835612 0.158106 0.006282
12041 0.563137 0.195494 0.241369
11722 0.239222 0.722508 0.038270
917 0.746189 0.139075 0.114736
11555 0.193012 0.059292 0.747696
19784 0.161473 0.611770 0.226757
918 0.035143 0.801958 0.162899
19844 0.116004 0.838461 0.045535
919 0.126752 0.071954 0.801294
11556 0.035698 0.668487 0.295814
20077 0.148971 0.732780 0.118249
15666 0.002591 0.469895 0.527514
19914 0.691896 0.029882 0.278222
6500 0.142056 0.716812 0.141132
18727 0.230020 0.129204 0.640776
3548 0.035842 0.652372 0.311786
3812 0.360968 0.219125 0.419907
15669 0.755353 0.077178 0.167469
3565 0.653102 0.320151 0.026747
651 0.823855 0.130445 0.045700
20082 0.197284 0.618129 0.184586
18664 0.788122 0.076214 0.135663
832 0.688610 0.121524 0.189866
698 0.097658 0.003586 0.898755
15896 0.082857 0.368348 0.548795
3564 0.291004 0.372189 0.336807
797 0.000000 0.713776 0.286224
12545 0.077508 0.403668 0.518824
6555 0.371040 0.318676 0.310284
6413 0.186258 0.403642 0.410100
11886 0.836728 0.043908 0.119364
7188 0.639420 0.348959 0.011621
739 0.004251 0.817930 0.177819
15261 0.823035 0.031289 0.145676
20204 0.869766 0.010807 0.119427
1205 0.059197 0.023793 0.917009
1207 0.332819 0.469799 0.197382
7859 0.356810 0.463058 0.180132
1026 0.000000 0.573187 0.426813
5024 0.797324 0.038396 0.164280
1104 0.078843 0.467610 0.453548
18431 0.288259 0.096460 0.615282
7881 0.606952 0.365082 0.027966
13379 0.061889 0.025277 0.912833
19688 0.070858 0.166484 0.762658
18414 0.084842 0.233014 0.682144
10698 0.005692 0.617936 0.376372
4462 0.046878 0.080491 0.872630
3915 0.314270 0.263683 0.422047
20150 0.254255 0.440419 0.305326
722 0.260847 0.434171 0.304982
15265 0.279854 0.648225 0.071922
15820 0.336474 0.254061 0.409466
18406 0.236998 0.534436 0.228566
18014 0.093959 0.645980 0.260062
4215 0.075360 0.812996 0.111644
7504 0.636898 0.311831 0.051271
11682 0.515139 0.270536 0.214326
7132 0.285897 0.347254 0.366849
7131 0.026577 0.379199 0.594224
6582 0.302698 0.664195 0.033107
1031 0.615517 0.321848 0.062635
16016 0.480477 0.183797 0.335726
17189 0.306687 0.026682 0.666631
17801 0.648988 0.204752 0.146261
1569 0.775144 0.185225 0.039631
17212 0.290602 0.179178 0.530220
17732 0.057992 0.202597 0.739411
14003 0.787602 0.124296 0.088101
1954 0.014931 0.942469 0.042600
12798 0.429014 0.032905 0.538081
17068 0.165535 0.806053 0.028412
2031 0.327373 0.469724 0.202903
7285 0.728023 0.198807 0.073170
7176 0.712175 0.047204 0.240620
17169 0.438542 0.514283 0.047175
17011 0.291348 0.086341 0.622310
13163 0.338323 0.316353 0.345324
1294 0.376733 0.308398 0.314869
7726 0.076727 0.884658 0.038615
7724 0.716223 0.154445 0.129332
1312 0.125799 0.543615 0.330587
6410 0.401033 0.269334 0.329633
7670 0.106720 0.343654 0.549627
14007 0.121013 0.701193 0.177793
17224 0.408108 0.021605 0.570288
13907 0.606089 0.267798 0.126113
8429 0.376005 0.213123 0.410872
8301 0.649646 0.186469 0.163885
19032 0.298374 0.302848 0.398778
17065 0.579951 0.233573 0.186476
12709 0.089446 0.337885 0.572669
1705 0.024985 0.200477 0.774538
1708 0.130798 0.242630 0.626572
13890 0.454976 0.145283 0.399741
10460 0.703776 0.277962 0.018262
10465 0.185293 0.415360 0.399346
5862 0.011889 0.489084 0.499027
10467 0.200005 0.334746 0.465248
6237 0.228477 0.013621 0.757902
5847 0.791506 0.008479 0.200015
6227 0.454425 0.080923 0.464652
10473 0.190391 0.485940 0.323670
13922 0.630588 0.282237 0.087175
16958 0.718127 0.263913 0.017959
7764 0.383128 0.394339 0.222533
16999 0.475534 0.093383 0.431082
13895 0.102309 0.890954 0.006737
10440 0.255842 0.452892 0.291267
5775 0.278905 0.357618 0.363478
10523 0.505773 0.111464 0.382763
6060 0.466794 0.428564 0.104641
1825 0.095265 0.735872 0.168863
16948 0.640469 0.119646 0.239885
2122 0.032128 0.950461 0.017411
17052 0.077938 0.676421 0.245641
447 0.521732 0.137579 0.340689
440 0.661822 0.291917 0.046261
7745 0.435074 0.328382 0.236545
14856 0.351752 0.336358 0.311891
12943 0.691180 0.215736 0.093084
12776 0.446174 0.530436 0.023390
13036 0.158820 0.608300 0.232879
8613 0.749041 0.222960 0.027999
6905 0.180770 0.337289 0.481941
5545 0.088768 0.353399 0.557833
12438 0.702515 0.027371 0.270114
12437 0.016956 0.606014 0.377030
5341 0.408048 0.117639 0.474313
14872 0.542155 0.196762 0.261082
13019 0.067328 0.173648 0.759024
8818 0.847531 0.114486 0.037983
5634 0.138928 0.022556 0.838516
17072 0.163814 0.573209 0.262977
17797 0.323434 0.308320 0.368246
1586 0.549134 0.148628 0.302238
16596 0.234913 0.736627 0.028460
2395 0.709956 0.004127 0.285917
2063 0.442830 0.191689 0.365481
7080 0.413880 0.293654 0.292466
1275 0.171426 0.803911 0.024663
12729 0.187964 0.760137 0.051899
16702 0.682655 0.237927 0.079418
5474 0.197697 0.278778 0.523525
16689 0.209224 0.405970 0.384806
17311 0.220724 0.146698 0.632578
1502 0.417453 0.234453 0.348094
1504 0.252850 0.194549 0.552600
17094 0.112016 0.689066 0.198918
2182 0.861412 0.094801 0.043787
17031 0.503944 0.240002 0.256054
5539 0.710752 0.091598 0.197650
1572 0.355694 0.154694 0.489611
17077 0.015163 0.053419 0.931418
463 0.564539 0.263871 0.171590
16915 0.073144 0.630491 0.296365
16942 0.069834 0.448996 0.481169
16940 0.049586 0.284988 0.665426
17149 0.085925 0.659670 0.254405
17718 0.863715 0.002462 0.133824
1551 0.337054 0.343358 0.319589
1538 0.009665 0.120409 0.869926
17755 0.855827 0.138277 0.005896
1326 0.388833 0.202169 0.408998
1507 0.565671 0.322433 0.111896
13966 0.010447 0.791895 0.197659
13950 0.259617 0.625275 0.115108
8803 0.324893 0.316551 0.358555
17728 0.077269 0.483408 0.439323
8416 0.097624 0.456043 0.446334
8780 0.000000 0.180913 0.819087
8441 0.350396 0.496859 0.152745
13936 0.607793 0.158311 0.233896
1603 0.720846 0.067072 0.212082
13503 0.314538 0.238095 0.447367
8309 0.116482 0.195176 0.688342
13825 0.088120 0.554740 0.357140
1664 0.177324 0.416795 0.405881
13494 0.654460 0.133028 0.212512
1606 0.090020 0.016540 0.893441
8322 0.008990 0.350740 0.640270
8323 0.702287 0.061727 0.235986
1722 0.299490 0.028171 0.672340
8808 0.165571 0.025353 0.809076
13862 0.176080 0.245811 0.578109
8570 0.111592 0.303331 0.585077
8560 0.022845 0.495173 0.481982
8342 0.110460 0.475645 0.413895
13936 0.096241 0.269238 0.634521
8555 0.254960 0.741256 0.003784
13480 0.094666 0.868480 0.036854
13540 0.057501 0.269990 0.672509
13544 0.077376 0.204701 0.717923
13506 0.045879 0.491349 0.462772
8348 0.089802 0.703827 0.206370
8568 0.083727 0.506735 0.409538
13849 0.056551 0.174317 0.769132
1651 0.819759 0.176601 0.003639
8538 0.501480 0.463068 0.035452
1853 0.112921 0.239208 0.647871
1837 0.212112 0.610843 0.177045
13519 0.346584 0.068265 0.585151
13749 0.597511 0.017371 0.385118
13745 0.050022 0.593024 0.356954
8605 0.009273 0.145680 0.845047
1881 0.221463 0.729703 0.048834
1895 0.040148 0.018750 0.941102
13471 0.159434 0.788416 0.052150
1911 0.236862 0.042763 0.720375
8475 0.373532 0.147280 0.479188
8481 0.196908 0.328326 0.474766
8487 0.456637 0.372854 0.170508
8587 0.807122 0.144724 0.048154
6122 0.099163 0.804035 0.096802
13218 0.097344 0.581962 0.320693
7710 0.396575 0.037396 0.566029
1834 0.716041 0.110737 0.173222
13450 0.479475 0.092734 0.427791
10297 0.070059 0.096950 0.832990
13148 0.093361 0.857172 0.049467
6131 0.857868 0.119667 0.022465
13444 0.101074 0.394241 0.504685
10310 0.692898 0.002696 0.304405
1758 0.096915 0.739605 0.163481
6070 0.149354 0.652817 0.197829
13669 0.189332 0.047459 0.763209
6074 0.290005 0.315238 0.394757
1818 0.761668 0.132971 0.105360
13860 0.058985 0.627424 0.313591
7813 0.156862 0.018509 0.824628
6247 0.642903 0.090565 0.266532
10354 0.356090 0.101760 0.542151
13232 0.235469 0.617959 0.146573
6110 0.022897 0.771935 0.205168
6350 0.034046 0.002072 0.963882
6331 0.518285 0.008720 0.472995
6307 0.146023 0.664979 0.188998
6339 0.406778 0.460113 0.133109
6367 0.186331 0.447236 0.366432
10213 0.244191 0.453187 0.302622
13219 0.349624 0.133926 0.516450
13219 0.066823 0.020605 0.912572
6246 0.299413 0.488324 0.212262
5161 0.141079 0.181946 0.676976
12356 0.032337 0.423316 0.544347
5234 0.194652 0.612849 0.192499
5228 0.825014 0.085019 0.089967
5107 0.331805 0.539972 0.128223
12338 0.391107 0.394217 0.214677
5140 0.273244 0.594890 0.131865
5129 0.723109 0.211966 0.064925
5825 0.403371 0.122903 0.473726
10526 0.101612 0.116725 0.781663
1810 0.136795 0.241553 0.621652
12306 0.119274 0.877027 0.003699
13581 0.246434 0.066314 0.687252
5259 0.042191 0.548467 0.409342
13230 0.350723 0.329370 0.319906
11270 0.079548 0.501161 0.419291
10459 0.000000 0.218862 0.781138
13980 0.436807 0.037320 0.525873
1657 0.262977 0.395666 0.341357
12976 0.046028 0.617978 0.335994
8430 0.206314 0.635202 0.158484
13968 0.716806 0.246943 0.036251
14682 0.004585 0.969928 0.025487
2531 0.033537 0.267350 0.699113
17639 0.233154 0.069240 0.697606
2412 0.893197 0.106803 0.000000
16903 0.151414 0.820262 0.028324
16837 0.125731 0.050773 0.823496
17226 0.084455 0.016251 0.899294
16875 0.097030 0.706255 0.196714
2311 0.343164 0.048424 0.608412
2271 0.269983 0.721324 0.008694
14738 0.075582 0.517891 0.406527
17632 0.745937 0.024638 0.229425
2269 0.490240 0.292579 0.217181
2247 0.646073 0.312179 0.041748
2295 0.460335 0.475519 0.064146
2257 0.795971 0.029306 0.174722
16879 0.294305 0.207169 0.498527
17672 0.012681 0.886271 0.101048
16759 0.487026 0.071393 0.441581
16764 0.677125 0.315752 0.007124
17625 0.335253 0.609523 0.055224
17566 0.251605 0.359969 0.388426
17580 0.267445 0.224413 0.508142
17688 0.013057 0.694915 0.292028
16883 0.287424 0.454093 0.258483
17682 0.324283 0.427305 0.248412
2496 0.293374 0.525414 0.181212
16793 0.059270 0.794946 0.145783
17565 0.300918 0.471008 0.228074
17585 0.754959 0.087759 0.157282
2374 0.464137 0.249096 0.286767
2369 0.414958 0.052821 0.532221
16726 0.144800 0.409915 0.445285
2347 0.347239 0.423258 0.229503
16672 0.519458 0.363412 0.117130
1992 0.193955 0.265106 0.540938
16795 0.565731 0.041100 0.393169
17561 0.401116 0.317480 0.281403
1923 0.699033 0.127622 0.173345
2056 0.371112 0.262045 0.366844
2045 0.401759 0.092250 0.505992
1508 0.352813 0.069712 0.577475
16675 0.444713 0.109320 0.445967
16855 0.529501 0.184092 0.286407
16860 0.595249 0.315343 0.089408
9776 0.325874 0.250852 0.423274
17811 0.198138 0.534591 0.267271
2012 0.290482 0.402539 0.306979
17739 0.902031 0.097062 0.000908
16836 0.076770 0.882380 0.040850
9770 0.342168 0.034212 0.623620
414 0.321997 0.295458 0.382544
16604 0.230032 0.141700 0.628268
17097 0.162051 0.181340 0.656608
16856 0.725436 0.172966 0.101598
10941 0.269590 0.660134 0.070275
9324 0.268066 0.554471 0.177463
9410 0.451329 0.209293 0.339378
10973 0.084047 0.207737 0.708216
5185 0.818912 0.002419 0.178669
8902 0.195876 0.089224 0.714900
12939 0.281714 0.101995 0.616292
5899 0.560191 0.360716 0.079093
5930 0.157640 0.541711 0.300649
9714 0.447568 0.464208 0.088224
11000 0.407096 0.393110 0.199795
11001 0.289349 0.501726 0.208924
12794 0.128018 0.704742 0.167241
14246 0.806692 0.080332 0.112976
5219 0.028178 0.346554 0.625268
5999 0.826699 0.046156 0.127145
5487 0.157323 0.096057 0.746620
14427 0.853027 0.145020 0.001953
9213 0.717448 0.242200 0.040352
8941 0.322003 0.542007 0.135990
8966 0.180279 0.347780 0.471940
9004 0.237259 0.290185 0.472556
9857 0.136002 0.215898 0.648099
10009 0.003568 0.732900 0.263531
14254 0.163848 0.358289 0.477863
9698 0.544863 0.127320 0.327817
8669 0.325380 0.599504 0.075117
12886 0.291046 0.042505 0.666449
14174 0.130047 0.412428 0.457524
9936 0.632393 0.252143 0.115464
9018 0.178522 0.595436 0.226041
9227 0.322253 0.029516 0.648230
11049 0.597293 0.060390 0.342318
14517 0.067117 0.344611 0.588272
9862 0.020478 0.601785 0.377737
8668 0.205751 0.502393 0.291856
7950 0.061995 0.737814 0.200191
14126 0.169013 0.351346 0.479641
8990 0.322939 0.507605 0.169456
14301 0.394612 0.544321 0.061067
9807 0.111905 0.665582 0.222514
9705 0.703597 0.028402 0.268001
8632 0.447714 0.030410 0.521876
14561 0.430617 0.442779 0.126604
5612 0.078638 0.729781 0.191581
11047 0.301355 0.328127 0.370518
9585 0.407738 0.192281 0.399981
10690 0.227026 0.057613 0.715362
14631 0.235396 0.555332 0.209272
9117 0.744150 0.050837 0.205013
14435 0.228422 0.212362 0.559217
9582 0.419808 0.178346 0.401846
9613 0.253779 0.481248 0.264973
10895 0.291613 0.660363 0.048024
10877 0.079836 0.059855 0.860309
6378 0.261381 0.188892 0.549726
12873 0.358162 0.271927 0.369911
5959 0.103553 0.066131 0.830316
8623 0.208532 0.079980 0.711489
9566 0.034393 0.307648 0.657959
13382 0.115571 0.502489 0.381941
9531 0.020770 0.405709 0.573521
13380 0.163562 0.280881 0.555557
10909 0.648597 0.127792 0.223612
10885 0.732413 0.051474 0.216113
9560 0.000000 0.131093 0.868907
11367 0.103694 0.598734 0.297572
9404 0.000000 0.683705 0.316295
5703 0.213999 0.370833 0.415168
9285 0.684266 0.131391 0.184343
5952 0.056106 0.893382 0.050512
11431 0.324232 0.632967 0.042801
11293 0.215166 0.439081 0.345753
11415 0.449876 0.317943 0.232181
11418 0.839495 0.106864 0.053642
10850 0.452916 0.495626 0.051458
9358 0.319006 0.391993 0.289002
9348 0.172139 0.090700 0.737161
9526 0.688248 0.226091 0.085660
5921 0.794027 0.142697 0.063276
6009 0.389283 0.260109 0.350608
11183 0.265142 0.640339 0.094519
9294 0.490639 0.156727 0.352633
10863 0.426237 0.127628 0.446135
11343 0.432954 0.503670 0.063376
406 0.543316 0.212812 0.243872
17043 0.486582 0.214520 0.298898
17767 0.177276 0.746713 0.076011
1344 0.384514 0.585850 0.029636
1346 0.239708 0.654491 0.105800
1433 0.132389 0.656788 0.210823
13599 0.804627 0.078113 0.117260
1349 0.683128 0.111068 0.205804
1323 0.437905 0.545503 0.016592
1342 0.060873 0.323015 0.616112
1300 0.661116 0.020251 0.318633
18709 0.437039 0.111147 0.451814
9665 0.232928 0.444858 0.322214
9672 0.120798 0.246923 0.632280
8858 0.726868 0.103975 0.169156
9379 0.357978 0.530697 0.111325
15290 0.473920 0.028261 0.497819
8074 0.469724 0.283114 0.247162
8033 0.714724 0.095047 0.190229
8050 0.209233 0.527205 0.263562
9785 0.243104 0.617435 0.139461
15167 0.658037 0.241000 0.100963
8125 0.643557 0.060661 0.295781
15306 0.375569 0.101608 0.522823
7991 0.181598 0.410854 0.407548
8015 0.433264 0.471927 0.094809
8119 0.089737 0.633065 0.277198
8116 0.027990 0.923519 0.048491
8264 0.419616 0.391181 0.189202
16892 0.367243 0.383479 0.249277
16868 0.297788 0.154864 0.547347
8260 0.764830 0.007577 0.227593
2471 0.414158 0.536157 0.049685
16898 0.487819 0.269884 0.242297
1420 0.802695 0.129911 0.067395
17627 0.125507 0.449246 0.425248
1415 0.441816 0.278444 0.279740
17658 0.101062 0.351983 0.546956
2235 0.704156 0.050054 0.245790
8161 0.577261 0.056840 0.365899
2251 0.064067 0.438541 0.497392
8165 0.717485 0.004357 0.278158
16897 0.114942 0.783474 0.101584
8268 0.409332 0.254189 0.336479
5296 0.153885 0.470517 0.375598
10578 0.776855 0.103762 0.119383
7975 0.147548 0.427334 0.425118
14982 0.696745 0.270811 0.032443
7974 0.875545 0.027361 0.097094
8249 0.308677 0.037700 0.653623
1402 0.305068 0.394088 0.300844
14990 0.166297 0.011128 0.822575
5284 0.082403 0.281839 0.635757
10591 0.144231 0.824881 0.030889
5345 0.295340 0.606617 0.098044
10577 0.077158 0.898837 0.024005
10545 0.024093 0.117841 0.858066
10583 0.225401 0.683835 0.090764
10783 0.556278 0.117207 0.326515
14976 0.037782 0.774396 0.187822
14979 0.271891 0.287068 0.441041
13559 0.353094 0.415806 0.231100
13629 0.149088 0.650249 0.200663
5309 0.000000 0.128559 0.871441
10775 0.022528 0.668393 0.309079
5329 0.199146 0.743541 0.057313
14757 0.606042 0.221028 0.172930
8138 0.535848 0.023643 0.440509
8185 0.690782 0.109045 0.200174
13594 0.210572 0.199931 0.589497
14912 0.768110 0.072706 0.159184
14927 0.035622 0.336522 0.627856
8027 0.072704 0.130615 0.796681
8032 0.116247 0.597880 0.285873
15184 0.000000 0.985868 0.014132
17808 0.156915 0.706891 0.136194
1290 0.199023 0.425660 0.375317
1315 0.541083 0.049237 0.409680
1313 0.593358 0.216508 0.190134
6442 0.677342 0.077642 0.245015
14576 0.168512 0.248674 0.582813
8743 0.129927 0.144989 0.725084
8741 0.071138 0.613265 0.315597
10020 0.036543 0.657355 0.306102
13315 0.146414 0.160345 0.693242
14674 0.538138 0.106875 0.354987
9579 0.427378 0.496471 0.076150
9607 0.654323 0.255204 0.090473
14884 0.075992 0.282277 0.641731
15139 0.371023 0.212684 0.416292
12271 0.298800 0.413435 0.287765
19647 0.312182 0.319313 0.368505
7310 0.675750 0.226158 0.098092
7310 0.057908 0.817300 0.124791
12513 0.606290 0.161936 0.231774
11834 0.306513 0.270512 0.422976
7316 0.282078 0.373128 0.344794
12481 0.237105 0.640252 0.122642
6917 0.172305 0.699453 0.128242
6917 0.703424 0.179528 0.117048
6906 0.232387 0.670694 0.096919
12469 0.808105 0.145998 0.045897
12457 0.770634 0.014083 0.215283
6672 0.103623 0.706182 0.190195
19107 0.192194 0.340802 0.467003
7299 0.246164 0.220854 0.532982
12504 0.165812 0.069221 0.764966
6634 0.802464 0.123043 0.074493
11836 0.636856 0.199682 0.163462
12501 0.314543 0.228433 0.457024
12516 0.078676 0.328280 0.593044
6659 0.355102 0.581977 0.062921
6682 0.370371 0.595096 0.034533
7089 0.700628 0.113277 0.186095
7094 0.593289 0.243918 0.162793
6803 0.500908 0.376620 0.122472
7313 0.725898 0.199277 0.074824
19095 0.184567 0.751072 0.064361
581 0.201300 0.085508 0.713192
282 0.201759 0.159913 0.638328
315 0.195231 0.138514 0.666255
314 0.141733 0.156985 0.701281
7064 0.139874 0.853933 0.006193
7063 0.356296 0.580018 0.063686
17902 0.386109 0.070105 0.543785
284 0.095170 0.414023 0.490808
12537 0.392392 0.050169 0.557439
3647 0.001098 0.190566 0.808336
12560 0.884391 0.022520 0.093090
12588 0.088211 0.146336 0.765453
12587 0.076097 0.167876 0.756027
7176 0.247312 0.573495 0.179193
7175 0.805961 0.089400 0.104639
7175 0.309351 0.642384 0.048265
7277 0.333983 0.598290 0.067728
7277 0.830799 0.084719 0.084481
7285 0.298433 0.618154 0.083413
7069 0.732402 0.190122 0.077476
7068 0.732612 0.182708 0.084680
7177 0.725381 0.131757 0.142862
11878 0.792835 0.162404 0.044762
6674 0.334078 0.524376 0.141547
6673 0.786526 0.124624 0.088849
7304 0.364432 0.631611 0.003958
11851 0.046131 0.049082 0.904787
11846 0.101298 0.420050 0.478652
5425 0.215690 0.748498 0.035812
5426 0.224656 0.650779 0.124564
5429 0.268268 0.582537 0.149195
7188 0.004037 0.981575 0.014388
5431 0.418636 0.547798 0.033566
5430 0.862463 0.072075 0.065463
12224 0.215398 0.201062 0.583540
12227 0.261288 0.556710 0.182002
7191 0.069882 0.257970 0.672147
12716 0.119932 0.340003 0.540065
7192 0.634348 0.331198 0.034454
7187 0.625870 0.275684 0.098446
11914 0.333241 0.020639 0.646120
6392 0.904783 0.030037 0.065180
6541 0.069870 0.770307 0.159823
12594 0.082085 0.573302 0.344613
18289 0.331030 0.281121 0.387849
18290 0.680127 0.041008 0.278865
6447 0.196682 0.756349 0.046970
6399 0.372849 0.529113 0.098038
6398 0.658563 0.136900 0.204536
18343 0.094694 0.895488 0.009818
12708 0.037397 0.954919 0.007683
7194 0.163784 0.801001 0.035215
1159 0.334438 0.144059 0.521503
18280 0.378203 0.319945 0.301852
18271 0.319450 0.010251 0.670300
18235 0.136084 0.356761 0.507155
12561 0.589533 0.025650 0.384818
12582 0.647494 0.094345 0.258161
18283 0.308055 0.603059 0.088886
17921 0.345566 0.443589 0.210846
17910 0.343185 0.355596 0.301219
748 0.283553 0.288269 0.428178
749 0.083400 0.376517 0.540083
3656 0.059672 0.629049 0.311278
18268 0.279705 0.172183 0.548112
1166 0.079026 0.198830 0.722144
6386 0.425116 0.323156 0.251728
752 0.221468 0.477252 0.301280
753 0.083590 0.611503 0.304907
7276 0.712651 0.233119 0.054230
6387 0.501095 0.487587 0.011318
6409 0.400878 0.146245 0.452877
18713 0.118915 0.607544 0.273541
3523 0.818518 0.141428 0.040054
1218 0.221557 0.187160 0.591282
1217 0.289015 0.453975 0.257009
1167 0.085287 0.601484 0.313229
1170 0.079637 0.816755 0.103608
18264 0.041967 0.951368 0.006666
5433 0.326292 0.465324 0.208384
18237 0.578544 0.274868 0.146587
1197 0.774931 0.061933 0.163136
739 0.005173 0.189650 0.805177
740 0.602696 0.377374 0.019930
740 0.008629 0.934299 0.057073
380 0.103564 0.863362 0.033074
18760 0.563133 0.031079 0.405788
18782 0.197004 0.152980 0.650016
7300 0.284632 0.708473 0.006896
7301 0.183938 0.570941 0.245121
6848 0.065988 0.357388 0.576624
19118 0.055288 0.354166 0.590545
19111 0.163714 0.820104 0.016182
19111 0.272031 0.287322 0.440647
6801 0.387476 0.446983 0.165542
19008 0.076225 0.710481 0.213295
19018 0.735559 0.111936 0.152505
18993 0.407717 0.073910 0.518374
6850 0.160346 0.142909 0.696746
18992 0.165995 0.479941 0.354064
589 0.415613 0.475748 0.108639
118 0.414911 0.584591 0.000498
56 0.682729 0.160796 0.156475
19137 0.179791 0.037748 0.782461
19057 0.148672 0.565796 0.285532
19055 0.017937 0.838372 0.143691
110 0.716634 0.213441 0.069924
111 0.566790 0.344552 0.088658
114 0.173788 0.036854 0.789358
16589 0.336769 0.244384 0.418848
19063 0.195807 0.741729 0.062464
365 0.562225 0.066105 0.371670
104 0.304789 0.023955 0.671256
105 0.344633 0.016035 0.639332
18927 0.194801 0.662546 0.142653
6729 0.220109 0.193148 0.586743
19030 0.491809 0.271822 0.236369
6727 0.155780 0.305925 0.538295
5441 0.151644 0.312987 0.535368
5441 0.177483 0.761287 0.061230
5440 0.169559 0.365455 0.464986
19135 0.498208 0.270225 0.231567
379 0.193486 0.472836 0.333678
379 0.640438 0.214600 0.144962
7216 0.679080 0.026113 0.294807
12700 0.245871 0.307872 0.446257
7235 0.695740 0.104721 0.199539
5457 0.655905 0.325919 0.018176
12223 0.000659 0.721314 0.278026
12223 0.041773 0.037119 0.921109
6811 0.358865 0.221242 0.419893
19134 0.104268 0.622146 0.273586
381 0.307264 0.467049 0.225687
6807 0.229409 0.126379 0.644213
19002 0.602658 0.269498 0.127844
6779 0.048755 0.397086 0.554159
6797 0.298198 0.495336 0.206466
19060 0.343294 0.652707 0.003999
6810 0.419955 0.497928 0.082117
19001 0.096402 0.443579 0.460019
6796 0.262723 0.410998 0.326279
6817 0.036667 0.238817 0.724516
6854 0.130421 0.778875 0.090704
18996 0.538146 0.140536 0.321318
6786 0.190968 0.664246 0.144786
15484 0.768382 0.074804 0.156814
15584 0.032054 0.824526 0.143420
2669 0.539121 0.408618 0.052261
2606 0.110744 0.157314 0.731942
2606 0.583236 0.188993 0.227771
15560 0.692598 0.236008 0.071394
2598 0.321048 0.296083 0.382869
15534 0.426771 0.007563 0.565665
15534 0.144065 0.510237 0.345697
2708 0.136179 0.306855 0.556966
15487 0.581309 0.237495 0.181196
2706 0.083700 0.285217 0.631084
15512 0.337093 0.150061 0.512846
2697 0.435321 0.261956 0.302723
2697 0.309318 0.404237 0.286445
2677 0.467857 0.269871 0.262272
15473 0.499329 0.223248 0.277422
2675 0.406098 0.230870 0.363031
15626 0.158133 0.255928 0.585939
15476 0.341586 0.069305 0.589109
15476 0.508065 0.183783 0.308152
15477 0.103011 0.321998 0.574990
15512 0.303851 0.627775 0.068375
2700 0.358036 0.559462 0.082503
4187 0.094890 0.843568 0.061542
20350 0.084284 0.545062 0.370654
19025 0.053353 0.576909 0.369738
19036 0.255232 0.286295 0.458473
20355 0.294276 0.158211 0.547513
15247 0.043992 0.216645 0.739363
13933 0.756441 0.050495 0.193064
19059 0.226573 0.402382 0.371046
6717 0.155437 0.029172 0.815391
6798 0.605306 0.204687 0.190007
19102 0.178533 0.679575 0.141892
19103 0.377788 0.289708 0.332504
19113 0.079698 0.421588 0.498714
19112 0.594883 0.360912 0.044205
19112 0.075844 0.305324 0.618832
12683 0.023061 0.534298 0.442642
7239 0.573248 0.225608 0.201144
12684 0.465509 0.381466 0.153026
6813 0.389542 0.476636 0.133821
5452 0.325188 0.666601 0.008212
12653 0.077650 0.631192 0.291158
646 0.519037 0.203389 0.277573
19100 0.300316 0.076245 0.623439
11879 0.575380 0.370343 0.054278
388 0.746213 0.083592 0.170195
19126 0.972555 0.019719 0.007725
19125 0.136273 0.206131 0.657596
642 0.080309 0.333307 0.586384
308 0.056523 0.937593 0.005885
773 0.137274 0.246307 0.616419
18982 0.254407 0.236842 0.508750
18985 0.323131 0.281623 0.395246
18999 0.357268 0.099191 0.543540
17927 0.210062 0.037772 0.752165
311 0.261559 0.625834 0.112607
641 0.484788 0.000000 0.515212
15520 0.245510 0.114423 0.640067
2638 0.902142 0.055636 0.042223
15483 0.652925 0.098017 0.249059
2701 0.142767 0.617669 0.239564
15516 0.520381 0.386856 0.092763
2635 0.393656 0.434974 0.171370
15518 0.186288 0.613426 0.200286
15518 0.352724 0.077396 0.569880
2640 0.437165 0.143822 0.419013
1153 0.112006 0.840785 0.047208
2692 0.331545 0.423201 0.245254
15537 0.423492 0.430454 0.146054
15479 0.098188 0.834296 0.067517
15478 0.541055 0.417976 0.040969
3094 0.147092 0.632227 0.220681
18662 0.146060 0.639839 0.214101
6859 0.432393 0.179303 0.388304
18763 0.158392 0.541421 0.300187
266 0.462739 0.381315 0.155947
269 0.398304 0.577773 0.023923
18130 0.105766 0.873417 0.020817
8779 0.243234 0.463856 0.292910
8781 0.042465 0.788260 0.169275
13026 0.021947 0.119543 0.858510
8833 0.799260 0.006947 0.193793
8833 0.368427 0.442366 0.189207
51 0.064395 0.105952 0.829654
12644 0.018222 0.811161 0.170618
12647 0.065168 0.151566 0.783266
6781 0.283315 0.048063 0.668622
19946 0.083772 0.696134 0.220094
772 0.348208 0.102763 0.549029
772 0.402710 0.408363 0.188926
7252 0.347215 0.203115 0.449670
7247 0.323489 0.555550 0.120960
12687 0.074278 0.719202 0.206521
12660 0.646382 0.334378 0.019240
5480 0.174760 0.547094 0.278146
5480 0.727872 0.145338 0.126790
669 0.244933 0.317325 0.437742
19961 0.038068 0.820389 0.141542
670 0.119407 0.488152 0.392441
667 0.007690 0.559571 0.432739
19963 0.921674 0.051219 0.027107
6902 0.104484 0.584185 0.311331
21 0.873296 0.123001 0.003703
660 0.245308 0.656468 0.098224
660 0.668062 0.119404 0.212533
674 0.170493 0.604571 0.224936
19967 0.759025 0.048646 0.192329
2 0.272529 0.341121 0.386349
6 0.089592 0.899109 0.011298
18155 0.375062 0.356322 0.268616
5 0.421043 0.358861 0.220096
19971 0.512784 0.200246 0.286970
34 0.336881 0.295741 0.367377
33 0.152746 0.827497 0.019757
18045 0.415680 0.094075 0.490246
17878 0.570717 0.148678 0.280606
298 0.781623 0.052643 0.165734
6934 0.406402 0.178516 0.415081
18757 0.459334 0.115908 0.424758
8 0.329253 0.047942 0.622805
28 0.545313 0.200771 0.253916
18051 0.038916 0.859864 0.101220
18049 0.710524 0.250129 0.039347
27 0.021731 0.346844 0.631425
18163 0.393612 0.119647 0.486741
18152 0.507133 0.154285 0.338582
18180 0.540248 0.172093 0.287658
18145 0.072754 0.065235 0.862010
289 0.091988 0.311627 0.596385
13 0.453396 0.280573 0.266030
18175 0.258456 0.724836 0.016709
263 0.053485 0.708633 0.237883
18174 0.271606 0.239948 0.488447
18177 0.210575 0.250286 0.539139
18178 0.182685 0.296996 0.520319
13075 0.264386 0.225353 0.510260
8827 0.141289 0.027514 0.831197
13076 0.012872 0.343343 0.643784
8789 0.734661 0.162222 0.103117
13033 0.038089 0.657039 0.304873
8784 0.052055 0.052469 0.895476
13031 0.169966 0.243267 0.586767
13071 0.237676 0.335232 0.427092
13070 0.294699 0.470609 0.234692
12667 0.117142 0.032089 0.850769
12667 0.411770 0.002895 0.585335
7231 0.017744 0.691006 0.291251
5548 0.114067 0.630424 0.255509
5549 0.186305 0.210546 0.603149
18819 0.212862 0.772887 0.014250
18804 0.169073 0.588962 0.241965
18804 0.148925 0.228120 0.622955
18803 0.109788 0.855607 0.034605
7232 0.038574 0.195023 0.766404
7232 0.049178 0.455925 0.494898
7232 0.058268 0.777610 0.164122
12751 0.034349 0.848437 0.117214
5551 0.217624 0.684287 0.098089
6910 0.235081 0.592529 0.172390
6909 0.172225 0.113572 0.714203
6908 0.182717 0.627459 0.189823
6908 0.191178 0.173262 0.635559
302 0.663425 0.312876 0.023699
3203 0.024912 0.874139 0.100949
3217 0.634455 0.301307 0.064239
17537 0.025064 0.361469 0.613467
12741 0.239535 0.093181 0.667284
12755 0.079992 0.115391 0.804618
18038 0.229135 0.269270 0.501595
18042 0.697441 0.193909 0.108651
17541 0.037882 0.906140 0.055978
17941 0.050057 0.521497 0.428446
19958 0.013101 0.965929 0.020970
662 0.181407 0.212660 0.605932
24 0.533388 0.306096 0.160515
18044 0.385803 0.545918 0.068279
19966 0.681642 0.114089 0.204269
3222 0.213370 0.534836 0.251794
3202 0.656303 0.225878 0.117819
