5513 0.160591 0.698740 0.140669
6065 0.177503 0.427521 0.394976
6068 0.070456 0.287483 0.642062
12219 0.220564 0.682959 0.096477
5333 0.088754 0.524211 0.387035
9357 0.810704 0.127943 0.061353
9359 0.550309 0.079174 0.370516
5001 0.421814 0.430550 0.147636
9221 0.434284 0.180238 0.385477
12288 0.111939 0.434994 0.453067
9719 0.581694 0.148461 0.269844
6073 0.352981 0.345026 0.301993
9426 0.578567 0.200566 0.220867
5341 0.318274 0.225109 0.456617
9364 0.128169 0.682855 0.188977
12174 0.076880 0.244431 0.678689
5009 0.557066 0.181741 0.261192
4924 0.461898 0.267832 0.270270
9068 0.452035 0.439841 0.108124
11983 0.458003 0.315427 0.226570
33 0.032184 0.211659 0.756157
31 0.364966 0.425482 0.209552
4618 0.240970 0.686514 0.072516
36 0.119989 0.771188 0.108823
34 0.182482 0.145310 0.672208
11941 0.163485 0.743287 0.093228
4921 0.802600 0.031343 0.166057
4925 0.696550 0.133446 0.170004
4621 0.480485 0.270035 0.249481
4624 0.636291 0.097192 0.266517
34 0.000000 1.000000 0.000000
4622 0.514358 0.006987 0.478655
-1 0.000000 0.000000 0.000000
-1 0.000000 0.000000 0.000000
-1 0.000000 0.000000 0.000000
-1 0.000000 0.000000 0.000000
-1 0.000000 0.000000 0.000000
-1 0.000000 0.000000 0.000000
-1 0.000000 0.000000 0.000000
-1 0.000000 0.000000 0.000000
-1 0.000000 0.000000 0.000000
-1 0.000000 0.000000 0.000000
-1 0.000000 0.000000 0.000000
-1 0.000000 0.000000 0.000000
-1 0.000000 0.000000 0.000000
-1 0.000000 0.000000 0.000000
-1 0.000000 0.000000 0.000000
-1 0.000000 0.000000 0.000000
-1 0.000000 0.000000 0.000000
-1 0.000000 0.000000 0.000000
-1 0.000000 0.000000 0.000000
-1 0.000000 0.000000 0.000000
-1 0.000000 0.000000 0.000000
-1 0.000000 0.000000 0.000000
-1 0.000000 0.000000 0.000000
-1 0.000000 0.000000 0.000000
-1 0.000000 0.000000 0.000000
-1 0.000000 0.000000 0.000000
-1 0.000000 0.000000 0.000000
-1 0.000000 0.000000 0.000000
-1 0.000000 0.000000 0.000000
-1 0.000000 0.000000 0.000000
-1 0.000000 0.000000 0.000000
-1 0.000000 0.000000 0.000000
-1 0.000000 0.000000 0.000000
-1 0.000000 0.000000 0.000000
-1 0.000000 0.000000 0.000000
-1 0.000000 0.000000 0.000000
-1 0.000000 0.000000 0.000000
-1 0.000000 0.000000 0.000000
-1 0.000000 0.000000 0.000000
-1 0.000000 0.000000 0.000000
-1 0.000000 0.000000 0.000000
-1 0.000000 0.000000 0.000000
-1 0.000000 0.000000 0.000000
-1 0.000000 0.000000 0.000000
-1 0.000000 0.000000 0.000000
-1 0.000000 0.000000 0.000000
-1 0.000000 0.000000 0.000000
-1 0.000000 0.000000 0.000000
-1 0.000000 0.000000 0.000000
-1 0.000000 0.000000 0.000000
-1 0.000000 0.000000 0.000000
-1 0.000000 0.000000 0.000000
-1 0.000000 0.000000 0.000000
-1 0.000000 0.000000 0.000000
-1 0.000000 0.000000 0.000000
-1 0.000000 0.000000 0.000000
-1 0.000000 0.000000 0.000000
-1 0.000000 0.000000 0.000000
-1 0.000000 0.000000 0.000000
-1 0.000000 0.000000 0.000000
-1 0.000000 0.000000 0.000000
-1 0.000000 0.000000 0.000000
-1 0.000000 0.000000 0.000000
-1 0.000000 0.000000 0.000000
-1 0.000000 0.000000 0.000000
-1 0.000000 0.000000 0.000000
-1 0.000000 0.000000 0.000000
-1 0.000000 0.000000 0.000000
-1 0.000000 0.000000 0.000000
-1 0.000000 0.000000 0.000000
-1 0.000000 0.000000 0.000000
-1 0.000000 0.000000 0.000000
-1 0.000000 0.000000 0.000000
-1 0.000000 0.000000 0.000000
-1 0.000000 0.000000 0.000000
-1 0.000000 0.000000 0.000000
-1 0.000000 0.000000 0.000000
-1 0.000000 0.000000 0.000000
-1 0.000000 0.000000 0.000000
22 0.647597 0.171507 0.180896
4819 0.568847 0.224215 0.206938
9185 0.513091 0.475122 0.011786
20 0.449294 0.136377 0.414329
16 0.040447 0.945156 0.014397
10493 0.110955 0.537544 0.351500
140 0.732017 0.121599 0.146384
4390 0.139509 0.656496 0.203995
8987 0.380331 0.395170 0.224499
7268 0.089067 0.492096 0.418837
10233 0.049871 0.412126 0.538003
4380 0.231491 0.467298 0.301211
7298 0.475425 0.335748 0.188827
8966 0.357503 0.166332 0.476165
134 0.880633 0.011445 0.107922
1110 0.081321 0.062408 0.856271
11860 0.604932 0.367244 0.027825
4389 0.399341 0.559227 0.041433
4402 0.292363 0.544452 0.163185
4379 0.354521 0.209357 0.436122
10233 0.899809 0.041643 0.058548
7297 0.105612 0.065252 0.829136
4566 0.007986 0.334537 0.657477
13670 0.284770 0.676034 0.039196
4411 0.042347 0.357117 0.600536
4410 0.291488 0.154965 0.553547
4393 0.060653 0.473186 0.466161
4414 0.123797 0.503648 0.372555
4390 0.258821 0.121681 0.619499
7268 0.477513 0.023158 0.499329
10233 0.221604 0.705877 0.072519
4380 0.107582 0.666673 0.225745
7298 0.324857 0.544667 0.130476
13659 0.006924 0.150071 0.843005
11916 0.322896 0.126164 0.550939
4413 0.145225 0.832239 0.022536
10240 0.518703 0.409224 0.072073
141 0.225437 0.338995 0.435568
1109 0.671764 0.262416 0.065821
7291 0.070121 0.305098 0.624782
105 0.470897 0.381416 0.147687
4380 0.693497 0.026720 0.279783
115 0.116439 0.362669 0.520892
4351 0.659170 0.144253 0.196578
12979 0.521428 0.294059 0.184512
7304 0.347340 0.232012 0.420648
10208 0.029810 0.615878 0.354312
139 0.085529 0.198545 0.715927
102 0.413810 0.033307 0.552882
109 0.092670 0.668332 0.238997
109 0.611385 0.183583 0.205032
10236 0.632545 0.111252 0.256204
7299 0.097602 0.771538 0.130860
123 0.108757 0.236874 0.654369
123 0.405979 0.461768 0.132253
138 0.495416 0.132558 0.372027
104 0.165531 0.012173 0.822296
107 0.189934 0.309233 0.500833
10239 0.453741 0.317586 0.228673
139 0.851160 0.145396 0.003444
7300 0.204793 0.241434 0.553773
124 0.759253 0.047505 0.193242
63 0.661677 0.151867 0.186457
103 0.126741 0.322973 0.550286
131 0.107173 0.495366 0.397462
10234 0.231056 0.203161 0.565784
7305 0.131189 0.669307 0.199504
135 0.568183 0.133526 0.298291
7290 0.496748 0.090936 0.412316
7292 0.506506 0.480720 0.012775
7292 0.095279 0.414656 0.490065
7295 0.269398 0.542446 0.188155
7269 0.226745 0.702461 0.070795
10237 0.727672 0.066484 0.205844
10237 0.175956 0.561270 0.262773
129 0.532560 0.024555 0.442885
128 0.157576 0.826767 0.015657
127 0.119984 0.610909 0.269106
127 0.405750 0.055954 0.538296
10231 0.171099 0.525724 0.303177
10232 0.559097 0.313077 0.127826
114 0.564688 0.421135 0.014177
114 0.197437 0.528288 0.274275
118 0.424886 0.379955 0.195159
121 0.229261 0.492609 0.278130
128 0.332824 0.319199 0.347977
7303 0.209091 0.770841 0.020068
137 0.153321 0.509933 0.336746
122 0.521532 0.029044 0.449423
7303 0.031340 0.079203 0.889456
7294 0.203077 0.091420 0.705503
7294 0.537739 0.237764 0.224497
10230 0.339265 0.491614 0.169121
7303 0.155995 0.396589 0.447416
112 0.924373 0.023345 0.052282
10230 0.062644 0.181900 0.755455
7296 0.593238 0.150648 0.256114
7296 0.205480 0.595641 0.198878
7296 0.340487 0.126905 0.532608
7296 0.089634 0.534117 0.376249
7296 0.024572 0.769329 0.206098
119 0.000000 0.204448 0.795552
119 0.000000 0.375478 0.624522
119 0.000000 0.345090 0.654910
119 0.096063 0.228619 0.675318
119 0.049254 0.345062 0.605685
7296 0.723769 0.209999 0.066232
7296 0.343987 0.573658 0.082356
7296 0.243100 0.683663 0.073237
7296 0.146470 0.715946 0.137584
7296 0.082901 0.676752 0.240347
125 0.057419 0.327873 0.614707
119 0.608449 0.266523 0.125028
7302 0.183540 0.797077 0.019383
7301 0.287692 0.625182 0.087126
7301 0.600784 0.180963 0.218253
119 0.040779 0.769915 0.189307
7296 0.074584 0.158246 0.767170
4705 0.258681 0.288720 0.452599
4993 0.230705 0.660773 0.108522
4998 0.320911 0.061108 0.617980
12276 0.593884 0.132790 0.273326
13405 0.137236 0.400977 0.461787
12492 0.625997 0.237446 0.136558
12214 0.512323 0.251531 0.236146
5320 0.488601 0.301099 0.210300
5193 0.138291 0.778063 0.083645
9356 0.840381 0.120044 0.039576
23 0.000000 0.227438 0.772562
9406 0.386319 0.099323 0.514358
10663 0.806293 0.122428 0.071280
10512 0.103616 0.186072 0.710313
794 0.015911 0.608026 0.376063
10516 0.070516 0.084165 0.845319
44 0.082290 0.316378 0.601332
10518 0.607460 0.120566 0.271974
342 0.534859 0.243865 0.221276
169 0.431003 0.072562 0.496435
347 0.244668 0.448394 0.306939
342 0.137734 0.062029 0.800237
10303 0.052387 0.112906 0.834708
10304 0.127607 0.015060 0.857333
13009 0.415989 0.399872 0.184139
7396 0.271351 0.044301 0.684348
7397 0.061603 0.545561 0.392837
334 0.667989 0.332011 0.000000
344 0.193110 0.000000 0.806890
7391 0.153276 0.560448 0.286276
329 0.325604 0.253687 0.420708
332 0.030977 0.904353 0.064671
332 0.140845 0.250100 0.609055
7372 0.588870 0.153197 0.257933
10303 0.002540 0.338451 0.659009
10304 0.292695 0.313973 0.393332
13009 0.212188 0.787812 0.000000
7396 0.288023 0.435249 0.276728
7397 0.003924 0.936319 0.059757
334 0.684279 0.037484 0.278237
329 1.000000 0.000000 0.000000
7391 0.000000 0.756410 0.243590
329 0.594476 0.323628 0.081896
10319 0.285223 0.121145 0.593632
335 0.104064 0.369263 0.526673
10303 0.447480 0.262358 0.290162
168 0.408011 0.387881 0.204108
10323 0.178897 0.433599 0.387504
345 0.307996 0.351544 0.340460
345 0.020550 0.000000 0.979450
334 0.000000 0.800616 0.199384
344 0.247826 0.164038 0.588136
10318 0.066784 0.406252 0.526964
7391 0.409134 0.393692 0.197174
7391 0.130739 0.248829 0.620432
322 0.093310 0.082410 0.824279
332 0.354988 0.253164 0.391848
12991 0.458015 0.410216 0.131770
341 0.425358 0.526687 0.047954
339 0.161119 0.489858 0.349024
336 0.768836 0.058979 0.172185
344 0.463823 0.242234 0.293943
10318 0.142545 0.588089 0.269366
7391 0.677510 0.251552 0.070939
7388 0.059944 0.397436 0.542620
323 0.670767 0.166138 0.163095
332 0.555511 0.234607 0.209881
10322 0.500288 0.000000 0.499712
10256 0.522364 0.293503 0.184133
7401 0.097357 0.662591 0.240052
169 0.827620 0.111829 0.060551
336 0.464211 0.068341 0.467448
342 0.125173 0.649930 0.224897
13007 0.252242 0.219264 0.528494
304 0.107463 0.792738 0.099799
309 0.262941 0.263140 0.473919
7381 0.116125 0.000000 0.883875
10306 0.221171 0.141249 0.637580
10306 0.042976 0.852889 0.104135
10307 0.476542 0.397458 0.126000
303 0.049711 0.638444 0.311845
301 0.519048 0.000000 0.480952
310 0.611951 0.174571 0.213477
7389 0.376652 0.000000 0.623348
7389 0.226769 0.454191 0.319040
10309 0.176288 0.466756 0.356956
323 0.404538 0.536045 0.059417
322 0.853313 0.066533 0.080154
7386 0.422855 0.152947 0.424198
10305 0.046960 0.716958 0.236082
10305 0.113050 0.258765 0.628184
10305 0.609275 0.038388 0.352337
303 0.526651 0.005553 0.467796
301 0.318132 0.346198 0.335669
310 0.929252 0.070748 0.000000
7389 0.198963 0.036202 0.764835
7389 0.058542 0.371574 0.569883
10309 0.438853 0.170114 0.391033
323 0.102989 0.723487 0.173524
7385 0.241603 0.549870 0.208527
321 0.224095 0.526901 0.249005
7381 0.492050 0.200849 0.307101
13006 0.389591 0.291523 0.318886
302 0.494726 0.268715 0.236558
10308 0.272833 0.256242 0.470926
301 0.744653 0.000000 0.255347
310 0.343584 0.193886 0.462530
12995 0.498952 0.389212 0.111837
7389 0.462789 0.466753 0.070457
10309 0.112654 0.764907 0.122439
323 0.509621 0.323703 0.166675
332 0.770008 0.184967 0.045025
7386 0.534152 0.465848 0.000000
7382 0.752873 0.216443 0.030684
315 0.049571 0.386562 0.563867
7374 0.034265 0.957194 0.008541
310 0.027422 0.281581 0.690997
12995 0.575712 0.151316 0.272973
7388 0.543401 0.170735 0.285864
10256 0.180185 0.659173 0.160642
348 0.693464 0.295818 0.010719
344 0.772180 0.227820 0.000000
331 0.210218 0.000000 0.789782
10318 0.830667 0.138668 0.030664
7375 0.371871 0.460763 0.167366
7374 0.448012 0.288341 0.263647
311 0.649559 0.136666 0.213775
325 0.088824 0.775114 0.136062
10256 0.177137 0.215894 0.606969
7401 0.481260 0.383050 0.135690
7321 0.605963 0.138975 0.255062
336 0.149868 0.056356 0.793776
13007 0.517553 0.307045 0.175402
10310 0.033453 0.202417 0.764129
10311 0.342451 0.047116 0.610432
307 0.532252 0.317748 0.150001
325 0.058212 0.391134 0.550655
10310 0.730000 0.070835 0.199165
12992 0.214360 0.496705 0.288935
311 0.251224 0.229802 0.518974
337 0.680721 0.108525 0.210754
4666 0.675852 0.278371 0.045777
10321 0.365585 0.118420 0.515995
331 0.023699 0.623346 0.352956
7393 0.128849 0.654835 0.216315
7390 0.312268 0.584220 0.103511
10255 0.261123 0.342346 0.396531
346 0.020297 0.092961 0.886742
10257 0.301315 0.334599 0.364086
7398 0.709547 0.277893 0.012560
167 0.409535 0.370250 0.220215
7379 0.180635 0.262099 0.557265
7376 0.275504 0.416584 0.307913
307 0.049329 0.060382 0.890289
7390 0.130760 0.342567 0.526673
10314 0.064463 0.613113 0.322424
317 0.003298 0.845929 0.150773
312 0.258952 0.257451 0.483597
337 0.423534 0.484106 0.092359
4666 0.292151 0.449471 0.258378
10320 0.202667 0.720070 0.077263
318 0.190447 0.597906 0.211647
165 0.129720 0.513254 0.357026
165 0.648021 0.098198 0.253781
337 0.237920 0.242231 0.519848
346 0.031061 0.828704 0.140235
10317 0.238293 0.536489 0.225219
7398 0.023450 0.587382 0.389168
10255 0.060448 0.019045 0.920507
10315 0.493394 0.066527 0.440079
326 0.586979 0.337003 0.076018
327 0.273455 0.271688 0.454857
7390 0.628714 0.026646 0.344640
10669 0.191698 0.693353 0.114949
316 0.088700 0.216298 0.695002
10312 0.202572 0.302138 0.495290
4666 0.098178 0.053605 0.848217
333 0.141597 0.468257 0.390145
7384 0.339986 0.441802 0.218212
7384 0.036148 0.140533 0.823319
166 0.079374 0.661024 0.259603
328 0.144374 0.337041 0.518585
11963 0.439303 0.345115 0.215582
10316 0.000000 0.437090 0.562910
10316 0.721624 0.210333 0.068043
343 0.285943 0.508428 0.205629
338 0.198636 0.346069 0.455295
10315 0.221492 0.566116 0.212392
7378 0.437282 0.122354 0.440364
12993 0.327763 0.447644 0.224593
12993 0.504176 0.060757 0.435067
10669 0.448632 0.122126 0.429241
7377 0.423405 0.016651 0.559945
10313 0.350063 0.013597 0.636340
4672 0.640110 0.000000 0.359890
328 0.238392 0.761608 0.000000
10670 0.325254 0.285024 0.389722
10670 0.144612 0.671101 0.184287
4673 0.131033 0.159113 0.709854
4662 0.293074 0.076752 0.630174
4667 0.057447 0.495129 0.447424
10670 0.567659 0.167150 0.265191
10670 0.559661 0.440339 0.000000
9097 0.030496 0.126964 0.842540
4663 0.263391 0.673272 0.063337
319 0.075439 0.291601 0.632959
1134 0.000000 0.994814 0.005186
11962 0.600392 0.108647 0.290961
11962 0.181918 0.285418 0.532664
11968 0.355558 0.140449 0.503994
11968 0.259246 0.562151 0.178603
11959 0.881257 0.026374 0.092369
13320 0.127048 0.353772 0.519180
13320 0.146297 0.822680 0.031022
7724 0.426230 0.433752 0.140018
9092 0.579437 0.000231 0.420332
338 0.612560 0.063368 0.324071
9095 0.301934 0.618091 0.079975
4668 0.715492 0.196014 0.088494
9094 0.238148 0.761852 0.000000
4660 0.242552 0.336982 0.420466
1132 0.314936 0.452629 0.232435
9095 0.075409 0.784013 0.140578
11957 0.313682 0.406061 0.280257
11970 0.281796 0.632090 0.086114
4659 0.248706 0.440819 0.310475
11963 0.776040 0.107202 0.116758
13676 0.509658 0.086548 0.403794
4663 0.034328 0.118377 0.847295
13677 0.261442 0.547001 0.191558
13677 0.420664 0.077213 0.502123
7724 0.086326 0.147254 0.766420
4656 0.416945 0.341279 0.241776
13320 0.806775 0.121170 0.072054
11959 0.132992 0.257053 0.609955
11959 0.019118 0.713333 0.267550
7725 0.897489 0.042655 0.059856
1134 0.547829 0.128445 0.323727
1134 0.174291 0.325209 0.500499
4672 0.681689 0.258741 0.059570
4667 0.192438 0.703832 0.103730
10670 0.188010 0.268127 0.543862
11961 0.125764 0.388892 0.485343
11961 0.681906 0.175716 0.142378
11964 0.290415 0.659960 0.049625
9095 0.089031 0.465096 0.445874
1132 0.178347 0.194558 0.627095
4660 0.287882 0.646739 0.065379
9094 0.118133 0.643750 0.238117
4668 0.537940 0.160878 0.301182
9095 0.243298 0.313854 0.442848
4654 0.915780 0.011752 0.072468
4653 0.227841 0.323296 0.448863
11970 0.756490 0.128347 0.115163
11967 0.704432 0.032664 0.262904
4665 0.184819 0.668529 0.146652
1136 0.000000 0.250553 0.749447
4657 0.610199 0.373159 0.016642
4657 0.145951 0.133803 0.720246
11958 0.722045 0.059884 0.218072
11958 0.312993 0.054297 0.632711
9099 0.982181 0.000000 0.017819
4674 0.145093 0.461341 0.393566
1135 0.340981 0.573695 0.085324
1136 0.395452 0.502335 0.102213
11964 0.494619 0.000000 0.505381
11964 0.092330 0.544245 0.363426
11961 0.085580 0.756641 0.157778
11965 0.396882 0.522179 0.080939
11961 0.203437 0.615433 0.181130
11961 0.288696 0.711304 0.000000
11965 0.031123 0.581335 0.387542
11965 0.328784 0.326844 0.344372
4668 0.448121 0.022768 0.529110
4668 0.184044 0.082053 0.733903
9095 0.110434 0.116509 0.773057
9095 0.097477 0.269554 0.632969
4668 0.270402 0.151428 0.578170
9095 0.190229 0.163626 0.646145
9094 0.046288 0.226008 0.727704
9095 0.030683 0.156101 0.813216
4645 0.504081 0.280437 0.215482
11956 0.144359 0.102236 0.753405
9083 0.221398 0.710290 0.068312
4645 0.104261 0.303248 0.592491
9086 0.325952 0.343355 0.330694
4644 0.547915 0.167048 0.285037
4649 0.414416 0.282666 0.302918
9081 0.730996 0.264704 0.004300
11966 0.263599 0.172590 0.563811
11966 0.314503 0.626680 0.058817
9090 0.023859 0.739962 0.236179
9087 0.616206 0.108117 0.275677
9087 0.118211 0.090371 0.791418
9085 0.091401 0.202525 0.706074
13674 0.031316 0.379583 0.589101
11969 0.011402 0.062139 0.926459
9084 0.348388 0.189730 0.461882
9084 0.728291 0.271709 0.000000
12837 0.014814 0.808747 0.176439
12837 0.355917 0.313051 0.331031
13461 0.310852 0.676094 0.013055
13461 0.768927 0.113119 0.117954
6983 0.335662 0.206668 0.457670
6983 0.006265 0.847789 0.145946
13848 0.084937 0.783591 0.131472
13848 0.495703 0.212185 0.292112
12861 0.116007 0.705846 0.178147
12855 0.132034 0.131660 0.736306
6993 0.374157 0.565810 0.060033
4676 0.280510 0.020267 0.699223
13460 0.115805 0.077161 0.807034
10709 0.472995 0.095696 0.431309
10089 0.166814 0.601404 0.231782
10088 0.468193 0.078095 0.453712
12857 0.665677 0.112000 0.222322
12855 0.712621 0.084527 0.202851
10111 0.428494 0.451619 0.119887
10710 0.064294 0.723569 0.212138
12853 0.282721 0.261158 0.456121
12849 0.633409 0.131051 0.235541
12849 0.082941 0.734008 0.183051
12847 0.182822 0.452237 0.364941
10108 0.381749 0.327581 0.290670
6974 0.754623 0.245377 0.000000
6974 0.226172 0.136442 0.637386
12842 0.018482 0.714053 0.267465
4677 0.361966 0.532737 0.105297
7015 0.005963 0.907678 0.086359
7015 0.011822 0.358458 0.629719
12871 0.087214 0.749558 0.163228
12871 0.752472 0.188096 0.059432
7762 0.233417 0.727559 0.039024
6992 0.141135 0.728965 0.129900
5127 0.470520 0.448095 0.081385
12867 0.263793 0.019315 0.716892
1231 0.174290 0.734841 0.090869
9157 0.013065 0.850043 0.136892
10107 0.341101 0.463247 0.195651
7552 0.528241 0.470205 0.001554
10529 0.333429 0.412270 0.254301
9158 0.375939 0.441685 0.182376
11975 0.577598 0.004926 0.417475
1232 0.145990 0.147138 0.706872
4682 0.224357 0.262132 0.513512
7525 0.295213 0.704787 0.000000
699 0.686219 0.313781 0.000000
10544 0.038878 0.607577 0.353545
10558 0.823942 0.006541 0.169517
7037 0.048971 0.042371 0.908659
7036 0.294256 0.089869 0.615875
13464 0.643837 0.162964 0.193199
10712 0.173998 0.198726 0.627275
7549 0.243710 0.335167 0.421123
746 0.065586 0.525028 0.409386
4789 0.004650 0.295878 0.699472
4787 0.329128 0.630552 0.040320
448 0.171701 0.534908 0.293390
7586 0.563278 0.212194 0.224528
4745 0.085349 0.677035 0.237616
4744 0.659346 0.232982 0.107672
4881 0.525568 0.258583 0.215849
4944 0.149299 0.352164 0.498537
450 0.536741 0.463259 0.000000
849 0.330031 0.669969 0.000000
898 0.676047 0.202815 0.121137
913 0.645839 0.354161 0.000000
9260 0.000000 0.988471 0.011529
5122 0.000000 0.030342 0.969658
5030 0.362739 0.406306 0.230955
5028 0.367492 0.218899 0.413609
4648 0.948979 0.020905 0.030116
7010 0.394772 0.087963 0.517265
7010 0.047269 0.382674 0.570057
9082 0.359017 0.099960 0.541022
11952 0.067110 0.000000 0.932890
9100 0.319696 0.034830 0.645474
9101 0.177844 0.187009 0.635147
4642 0.628575 0.313674 0.057752
11953 0.126053 0.579750 0.294197
12844 0.062810 0.315753 0.621437
6975 0.047968 0.876808 0.075224
11953 0.083472 0.821023 0.095506
9080 0.491992 0.204287 0.303721
10087 0.182162 0.344906 0.472933
10077 0.276585 0.647774 0.075640
6977 0.095913 0.414816 0.489271
7011 0.258514 0.209392 0.532093
4650 0.275105 0.676956 0.047939
7723 0.615000 0.344577 0.040422
12852 0.899003 0.012119 0.088879
11953 0.148093 0.314467 0.537440
12844 0.225981 0.650671 0.123348
4646 0.458472 0.314095 0.227433
10106 0.000000 0.339200 0.660800
6975 0.484853 0.196388 0.318758
6979 0.035931 0.964069 0.000000
7025 0.286579 0.165564 0.547857
7018 0.337988 0.310184 0.351829
7018 0.066988 0.005158 0.927854
7025 0.656294 0.088981 0.254726
4651 0.996067 0.003933 0.000000
10106 0.000000 0.706848 0.293152
9082 0.754567 0.177741 0.067692
12859 0.486365 0.345922 0.167713
11953 0.148332 0.048123 0.803545
11971 0.109289 0.298089 0.592622
6986 0.557507 0.359172 0.083321
12839 0.265543 0.079223 0.655235
10090 0.415374 0.247119 0.337508
10085 0.032982 0.806711 0.160307
12835 0.235931 0.330070 0.433999
7012 0.229631 0.413338 0.357031
7004 0.322919 0.231769 0.445311
7012 0.751306 0.149275 0.099419
13459 0.844423 0.150489 0.005088
10093 0.095523 0.273682 0.630795
12836 0.034070 0.229140 0.736790
10104 0.236886 0.467860 0.295254
7021 0.210867 0.591524 0.197608
12863 0.386817 0.196705 0.416478
7020 0.934877 0.043829 0.021294
13459 0.100918 0.392336 0.506746
7020 0.317229 0.045367 0.637403
10085 0.429494 0.114620 0.455886
12868 0.507156 0.115026 0.377818
10711 0.242771 0.668633 0.088596
12866 0.711132 0.239179 0.049690
7027 0.065799 0.681637 0.252564
7009 0.162351 0.222481 0.615168
11973 0.025707 0.745180 0.229112
9103 0.739294 0.075861 0.184845
13458 0.797134 0.011764 0.191102
6990 0.134406 0.431388 0.434205
6992 0.219058 0.039069 0.741873
10707 0.240502 0.418125 0.341373
6991 0.688469 0.265353 0.046179
7014 0.282301 0.629829 0.087870
4679 0.446884 0.276143 0.276973
7014 0.009840 0.190845 0.799315
4824 0.015355 0.246299 0.738345
7028 0.430719 0.528454 0.040827
4678 0.909991 0.035642 0.054367
12872 0.822192 0.039757 0.138051
12862 0.064313 0.005493 0.930194
6994 0.710556 0.039677 0.249767
1228 0.200515 0.562874 0.236611
6987 0.011732 0.988268 0.000000
13053 0.741189 0.153018 0.105793
6996 0.319491 0.573980 0.106529
4277 0.318142 0.123544 0.558314
12850 0.041550 0.007976 0.950473
9102 0.963645 0.036355 0.000000
7001 0.826233 0.080118 0.093649
10091 0.267740 0.492697 0.239564
10710 0.469087 0.178921 0.351992
12854 0.643444 0.137526 0.219030
10092 0.000000 0.574677 0.425323
10112 0.358630 0.174643 0.466727
10105 0.296025 0.262772 0.441202
13850 0.007767 0.555149 0.437084
13849 0.514433 0.258833 0.226734
10522 0.130048 0.000000 0.869952
744 0.313848 0.520342 0.165810
4879 0.547296 0.063286 0.389418
13341 0.315134 0.178167 0.506700
9264 0.274245 0.024427 0.701328
5026 0.227021 0.074544 0.698435
13055 0.378836 0.145691 0.475473
4746 0.124968 0.009433 0.865599
849 0.580836 0.419164 0.000000
802 0.000000 0.823264 0.176736
4834 0.003812 0.032590 0.963597
898 0.015108 0.726968 0.257925
4784 0.594920 0.160239 0.244840
898 0.718011 0.000000 0.281989
10522 0.517767 0.044819 0.437414
7630 0.166594 0.576632 0.256774
11949 0.118387 0.056386 0.825227
5019 0.268179 0.076997 0.654824
5122 0.000000 0.728353 0.271647
747 0.152131 0.773330 0.074539
4791 0.675847 0.016833 0.307320
9136 0.204639 0.631816 0.163545
4736 0.316562 0.156896 0.526542
12049 0.028846 0.713943 0.257211
12072 0.195159 0.527254 0.277587
12102 0.230856 0.144494 0.624650
5036 0.070380 0.420996 0.508623
1125 0.108060 0.113761 0.778179
12032 0.254588 0.401783 0.343629
9148 0.754259 0.183924 0.061817
4888 0.310668 0.056783 0.632549
9196 0.373678 0.172062 0.454260
4951 0.363320 0.215020 0.421659
9272 0.501337 0.275511 0.223152
9270 0.129894 0.493914 0.376192
4626 0.436761 0.301454 0.261785
13687 0.135876 0.624238 0.239886
12021 0.110011 0.459007 0.430982
11997 0.538401 0.354091 0.107508
4952 0.268650 0.389903 0.341448
13343 0.829145 0.048193 0.122661
12105 0.091986 0.200375 0.707639
9275 0.249065 0.429945 0.320990
12004 0.306402 0.260222 0.433376
12037 0.043089 0.577196 0.379714
4839 0.338342 0.512154 0.149504
4730 0.413312 0.454748 0.131940
9202 0.009084 0.000000 0.990916
5053 0.035248 0.630161 0.334590
4957 0.528847 0.318964 0.152189
13715 0.853220 0.015631 0.131148
5136 0.243265 0.061094 0.695641
9329 0.204130 0.434012 0.361858
12147 0.224859 0.651895 0.123246
5158 0.562598 0.358402 0.079000
443 0.614286 0.017039 0.368675
753 0.440326 0.042168 0.517506
1127 0.653049 0.272841 0.074110
4632 0.029219 0.163882 0.806899
4776 0.625260 0.078512 0.296228
10517 0.511684 0.094143 0.394173
447 0.207648 0.718783 0.073568
5134 0.170502 0.316454 0.513044
5142 0.464655 0.063417 0.471928
9260 0.000000 0.428209 0.571791
9260 0.234737 0.218758 0.546504
13724 0.159404 0.282887 0.557710
9334 0.752412 0.085152 0.162436
5017 0.000000 0.482137 0.517863
824 0.220003 0.613497 0.166500
10520 0.348661 0.140918 0.510421
10524 0.739599 0.067320 0.193081
811 0.287608 0.500644 0.211749
10472 0.438256 0.501778 0.059966
10482 0.113641 0.250840 0.635518
10532 0.013298 0.108301 0.878401
1229 0.527294 0.472706 0.000000
7525 0.059868 0.940132 0.000000
700 0.000000 0.305789 0.694211
832 0.291918 0.000000 0.708082
822 0.328541 0.584430 0.087029
820 0.140697 0.416160 0.443143
10546 0.420880 0.195896 0.383224
839 0.441928 0.390787 0.167285
10489 0.178353 0.517566 0.304080
719 0.469573 0.354504 0.175923
817 0.716635 0.059319 0.224046
815 0.213644 0.766283 0.020072
860 0.106744 0.031731 0.861524
10540 0.265177 0.447554 0.287269
10480 0.244489 0.330165 0.425345
10557 0.288847 0.576077 0.135076
830 0.530873 0.469127 0.000000
10495 0.510622 0.274724 0.214654
810 0.089776 0.910224 0.000000
726 0.635071 0.259339 0.105590
9074 0.455331 0.425124 0.119545
460 0.558093 0.129864 0.312043
851 0.098772 0.038276 0.862952
720 0.009394 0.890177 0.100429
711 0.372675 0.329971 0.297355
10488 0.395171 0.250124 0.354706
721 0.153176 0.257487 0.589337
7538 0.509305 0.165315 0.325379
708 0.393748 0.098658 0.507594
709 0.186387 0.739174 0.074438
10479 0.153603 0.626708 0.219688
10478 0.158964 0.285933 0.555102
10478 0.478026 0.400860 0.121114
10476 0.243954 0.184172 0.571874
10476 0.000000 0.782703 0.217297
10478 0.000000 0.668679 0.331321
10479 0.400421 0.014559 0.585021
7528 0.756881 0.169083 0.074036
705 0.239125 0.615264 0.145612
7592 0.116249 0.389235 0.494517
813 0.000000 0.108497 0.891503
7431 0.686090 0.161311 0.152599
7532 0.050934 0.439084 0.509982
7531 0.634230 0.104946 0.260824
1228 0.005203 0.669964 0.324833
1228 0.524445 0.315703 0.159852
704 0.365696 0.185508 0.448796
7529 0.074033 0.786737 0.139229
10474 0.208254 0.288025 0.503721
13031 0.569784 0.141558 0.288658
704 0.662111 0.236933 0.100956
7603 0.309035 0.176684 0.514281
849 0.125349 0.390684 0.483967
850 0.877612 0.000000 0.122388
10555 0.182948 0.817052 0.000000
452 0.926626 0.000000 0.073374
452 0.716290 0.283710 0.000000
10521 0.225102 0.248607 0.526291
897 0.123087 0.808060 0.068853
898 0.953893 0.044860 0.001247
898 0.659477 0.000000 0.340523
898 0.063649 0.360993 0.575357
850 0.457045 0.000000 0.542955
802 0.282852 0.429877 0.287271
7587 0.823004 0.005226 0.171771
10522 0.225999 0.276724 0.497277
913 0.881999 0.118001 0.000000
898 0.419049 0.446127 0.134824
802 0.000000 0.812203 0.187797
5017 0.000000 0.324067 0.675933
874 0.025713 0.686539 0.287748
872 0.104187 0.443292 0.452520
13466 0.001224 0.484405 0.514371
7771 0.834329 0.053852 0.111819
7610 0.325782 0.151677 0.522541
7619 0.457339 0.379299 0.163361
7113 0.010041 0.406741 0.583219
7129 0.148267 0.810143 0.041590
7631 0.264937 0.053089 0.681974
9321 0.235436 0.710887 0.053678
5119 0.052638 0.881936 0.065426
903 0.091615 0.177821 0.730564
5108 0.771315 0.103250 0.125435
5351 0.704706 0.061716 0.233579
7132 0.775829 0.015408 0.208764
5117 0.397334 0.152739 0.449927
5222 0.457356 0.242140 0.300504
5362 0.266801 0.616797 0.116402
6090 0.330813 0.657559 0.011628
5233 0.055581 0.221080 0.723340
5950 0.245175 0.589428 0.165398
5374 0.433362 0.054158 0.512480
6095 0.011213 0.445469 0.543318
5131 0.090820 0.123588 0.785592
5227 0.000682 0.518238 0.481079
5960 0.544049 0.102662 0.353289
5384 0.173061 0.050475 0.776464
9729 0.654543 0.133400 0.212057
4770 0.621800 0.378200 0.000000
9152 0.016643 0.938776 0.044582
9174 0.315020 0.466942 0.218038
13321 0.489146 0.296625 0.214230
4899 0.036830 0.407125 0.556046
5061 0.013759 0.921749 0.064491
4968 0.431979 0.331907 0.236114
12109 0.830434 0.076381 0.093185
5164 0.122933 0.193313 0.683754
5161 0.746219 0.124923 0.128858
9401 0.123823 0.586036 0.290141
5173 0.121930 0.711828 0.166243
9408 0.375740 0.589113 0.035147
5313 0.014077 0.811882 0.174041
5310 0.493197 0.380639 0.126164
5289 0.017428 0.279594 0.702978
9344 0.181907 0.258593 0.559499
13728 0.184656 0.336601 0.478743
9348 0.639582 0.045789 0.314629
5186 0.733655 0.014248 0.252096
12115 0.251067 0.576381 0.172553
5070 0.008057 0.033399 0.958544
12159 0.719177 0.201749 0.079074
9350 0.510480 0.327937 0.161583
9353 0.755112 0.229836 0.015052
5100 0.549412 0.392946 0.057642
9312 0.278101 0.408203 0.313696
9303 0.301783 0.652088 0.046129
5079 0.274295 0.008716 0.716989
4991 0.294360 0.344055 0.361586
9215 0.071924 0.394111 0.533965
9114 0.099887 0.112248 0.787865
12041 0.589692 0.137002 0.273306
4984 0.029698 0.165642 0.804659
4985 0.280674 0.445583 0.273743
4909 0.386350 0.591882 0.021768
4711 0.380479 0.446656 0.172865
4858 0.147954 0.067002 0.785044
5068 0.695496 0.132850 0.171655
5073 0.336784 0.488423 0.174793
4979 0.009362 0.713915 0.276723
4975 0.273645 0.516376 0.209979
4907 0.597524 0.054878 0.347598
4901 0.031514 0.192435 0.776051
4720 0.761268 0.063386 0.175346
13681 0.926864 0.061673 0.011463
9179 0.780486 0.196455 0.023059
13689 0.152687 0.205656 0.641657
13684 0.556161 0.094479 0.349360
9178 0.306715 0.357957 0.335328
13685 0.152457 0.393718 0.453825
12014 0.489212 0.115765 0.395022
5137 0.178093 0.402368 0.419540
6039 0.034589 0.602850 0.362561
12207 0.255840 0.207466 0.536694
6036 0.055048 0.334581 0.610371
5476 0.607936 0.278270 0.113794
12210 0.118413 0.789232 0.092355
9703 0.089922 0.117444 0.792634
6050 0.248106 0.320645 0.431248
5490 0.652505 0.128254 0.219241
12208 0.641079 0.047377 0.311544
6038 0.166337 0.389658 0.444005
6040 0.145247 0.135372 0.719381
5141 0.081547 0.105127 0.813326
5267 0.000564 0.739500 0.259936
5276 0.200439 0.079154 0.720407
13736 0.048967 0.854749 0.096284
6023 0.674697 0.186880 0.138424
9386 0.291670 0.448096 0.260234
9389 0.740283 0.024571 0.235146
12467 0.635490 0.167332 0.197178
5281 0.118888 0.741355 0.139757
12482 0.114004 0.140072 0.745925
13789 0.130787 0.290346 0.578867
5977 0.101059 0.184281 0.714661
9683 0.541712 0.399162 0.059126
5441 0.663542 0.134744 0.201714
6018 0.186924 0.083183 0.729893
6124 0.020330 0.793415 0.186255
12242 0.688136 0.184936 0.126927
12248 0.177477 0.600662 0.221861
5455 0.185106 0.708362 0.106532
5473 0.052218 0.273194 0.674589
9382 0.515641 0.328862 0.155497
5957 0.314899 0.433955 0.251145
9440 0.007408 0.907529 0.085064
9473 0.194804 0.025806 0.779389
9470 0.077744 0.406832 0.515424
9485 0.679561 0.071963 0.248476
5520 0.400804 0.537804 0.061393
12282 0.145472 0.509495 0.345033
5498 0.001560 0.031584 0.966856
5399 0.618292 0.301847 0.079861
5417 0.023012 0.569730 0.407259
9743 0.641186 0.090489 0.268325
5457 0.124646 0.223877 0.651477
6171 0.872564 0.102374 0.025062
9733 0.663870 0.229966 0.106164
5491 0.327259 0.194577 0.478164
5479 0.785256 0.030565 0.184179
7770 0.880634 0.018620 0.100746
7100 0.092870 0.008601 0.898529
9494 0.614370 0.298440 0.087189
5549 0.214862 0.631931 0.153207
6109 0.113497 0.665045 0.221458
6119 0.178909 0.149932 0.671160
5511 0.227015 0.583526 0.189459
5519 0.838402 0.092244 0.069355
6221 0.003614 0.579464 0.416922
6213 0.034198 0.938732 0.027070
6130 0.352204 0.228299 0.419496
9741 0.240953 0.677274 0.081773
13801 0.698810 0.238433 0.062756
12526 0.209539 0.479063 0.311398
9753 0.395697 0.063555 0.540748
6120 0.008201 0.248887 0.742912
6204 0.336625 0.440513 0.222862
6188 0.532177 0.465248 0.002575
5810 0.768538 0.034040 0.197422
5798 0.222490 0.152622 0.624888
1144 0.800181 0.072733 0.127086
5782 0.094024 0.647028 0.258948
5780 0.669154 0.147564 0.183282
12568 0.107198 0.677066 0.215736
12604 0.200952 0.102853 0.696194
5668 0.699021 0.105398 0.195581
6386 0.080426 0.058042 0.861532
6374 0.000000 0.888450 0.111550
6309 0.410941 0.396677 0.192382
6322 0.696267 0.227926 0.075807
9809 0.407905 0.540011 0.052085
6341 0.019741 0.695325 0.284934
9819 0.321783 0.669447 0.008769
6298 0.412635 0.102806 0.484560
5708 0.156144 0.116685 0.727170
9822 0.632787 0.292584 0.074629
6202 0.094570 0.765918 0.139511
13762 0.040195 0.060828 0.898977
5637 0.712357 0.245990 0.041652
9821 0.890654 0.108220 0.001126
12327 0.136479 0.015785 0.847735
12320 0.139690 0.245410 0.614900
13807 0.385547 0.337723 0.276730
12338 0.150575 0.848702 0.000723
12344 0.468336 0.123093 0.408571
5653 0.440823 0.090146 0.469030
12334 0.516388 0.180993 0.302619
9769 0.325770 0.149943 0.524287
6252 0.232818 0.764911 0.002271
5797 0.198300 0.073737 0.727963
5790 0.864052 0.075114 0.060834
12402 0.775362 0.014908 0.209730
5808 0.329773 0.216108 0.454119
6247 0.183179 0.812867 0.003954
6209 0.190806 0.384347 0.424847
13763 0.433410 0.175258 0.391332
6363 0.087133 0.691909 0.220958
6375 0.426381 0.035765 0.537854
9536 0.399102 0.002004 0.598893
6218 0.165833 0.578499 0.255668
6265 0.767028 0.155611 0.077361
9598 0.688968 0.026334 0.284698
9600 0.575752 0.094989 0.329258
12313 0.151980 0.301282 0.546738
9518 0.136054 0.389661 0.474285
6332 0.370965 0.596508 0.032527
6320 0.197180 0.347957 0.454862
5584 0.083683 0.017885 0.898432
12310 0.449935 0.334988 0.215077
5540 0.180775 0.111716 0.707510
6274 0.915274 0.025431 0.059295
5783 0.046110 0.336214 0.617676
9510 0.130894 0.301657 0.567449
6295 0.774519 0.184641 0.040840
12569 0.929138 0.028875 0.041987
12570 0.412492 0.248174 0.339334
6287 0.102894 0.478167 0.418939
13375 0.286109 0.689772 0.024119
5591 0.753265 0.130189 0.116546
9521 0.211440 0.708020 0.080540
6328 0.472750 0.115515 0.411735
6280 0.512279 0.383365 0.104356
12563 0.176813 0.579886 0.243301
6283 0.198451 0.153231 0.648318
5602 0.073097 0.115246 0.811658
5608 0.012423 0.898326 0.089251
9815 0.482886 0.465460 0.051654
6230 0.151235 0.413467 0.435297
6233 0.094807 0.301762 0.603431
9549 0.175136 0.410354 0.414511
7556 0.688600 0.146835 0.164566
734 0.109455 0.119185 0.771359
743 0.217627 0.448923 0.333451
7553 0.368100 0.085223 0.546677
4780 0.278685 0.708545 0.012770
9160 0.568751 0.363013 0.068236
9076 0.308556 0.622012 0.069432
4640 0.127164 0.011140 0.861696
802 0.000000 0.787363 0.212637
809 0.344257 0.419705 0.236039
802 0.101273 0.226235 0.672492
10495 0.011710 0.016593 0.971697
12024 0.075475 0.421943 0.502582
4829 0.690970 0.009984 0.299046
12001 0.353826 0.639236 0.006938
9134 0.281227 0.193690 0.525084
9189 0.279732 0.211830 0.508438
12046 0.316333 0.671850 0.011817
4940 0.679226 0.249292 0.071482
4868 0.084667 0.868002 0.047330
7589 0.570986 0.429014 0.000000
452 0.281329 0.000000 0.718671
7530 0.316755 0.000000 0.683245
10555 0.730328 0.269672 0.000000
833 0.239676 0.000000 0.760324
850 0.424599 0.000000 0.575401
10555 0.180351 0.819649 0.000000
849 0.552364 0.447636 0.000000
7606 0.125540 0.046443 0.828018
13067 0.329881 0.593970 0.076149
909 0.671118 0.263162 0.065720
7632 0.112193 0.276507 0.611300
7726 0.500177 0.440622 0.059201
4690 0.105874 0.687008 0.207118
4694 0.292744 0.365064 0.342192
5020 0.102970 0.559480 0.337550
374 0.337702 0.479919 0.182380
7322 0.042320 0.805591 0.152089
10358 0.116799 0.518894 0.364307
10337 0.505017 0.441026 0.053958
371 0.397550 0.313538 0.288912
10357 0.053560 0.813639 0.132801
7416 0.253100 0.126130 0.620771
172 0.349116 0.087178 0.563706
401 0.265205 0.000000 0.734795
394 0.006628 0.360744 0.632628
388 0.618743 0.000000 0.381257
388 0.313004 0.205092 0.481904
388 0.072828 0.688991 0.238182
10353 0.049382 0.363223 0.587395
379 0.663544 0.258777 0.077678
12996 0.636713 0.058388 0.304899
10258 0.004023 0.231414 0.764563
352 0.088568 0.884133 0.027299
352 0.593265 0.296191 0.110544
10326 0.194100 0.444074 0.361827
10356 0.345846 0.301631 0.352523
388 0.948132 0.000000 0.051868
388 0.721560 0.000000 0.278440
388 0.466687 0.192269 0.341044
388 0.406501 0.466989 0.126511
10353 0.529766 0.066262 0.403971
351 0.324956 0.470557 0.204487
12996 0.642047 0.293787 0.064166
10338 0.025705 0.778399 0.195896
402 0.046540 0.567968 0.385493
404 0.292667 0.061075 0.646258
7415 0.059198 0.234444 0.706358
401 0.057192 0.284326 0.658482
394 0.112513 0.614672 0.272815
394 0.521583 0.142115 0.336302
388 0.141823 0.184950 0.673227
389 0.238798 0.437744 0.323458
380 0.509646 0.298010 0.192344
379 0.677814 0.021232 0.300954
13011 0.130195 0.307522 0.562282
402 0.703770 0.268510 0.027719
397 0.755221 0.122964 0.121815
10259 0.254142 0.113792 0.632066
394 0.209761 0.790239 0.000000
394 0.613238 0.303878 0.082883
389 0.772236 0.127713 0.100051
389 0.162469 0.125893 0.711638
380 0.333955 0.256078 0.409967
10345 0.307809 0.143954 0.548237
374 0.332639 0.000000 0.667361
373 0.621401 0.023686 0.354913
403 0.392898 0.471008 0.136095
173 0.086642 0.394070 0.519288
174 0.010231 0.280975 0.708794
374 0.220735 0.224200 0.555065
373 0.140069 0.467819 0.392112
10330 0.231698 0.495570 0.272732
357 0.662339 0.032356 0.305305
373 0.073302 0.124189 0.802508
368 0.689213 0.241751 0.069036
10336 0.361676 0.362160 0.276164
355 0.624131 0.194267 0.181602
10328 0.000000 0.771777 0.228223
358 0.215509 0.384301 0.400190
383 0.209667 0.000000 0.790333
383 0.358276 0.529674 0.112050
10348 0.498362 0.079569 0.422068
10346 0.325010 0.175865 0.499124
381 0.204004 0.063420 0.732576
10345 0.365315 0.388147 0.246537
354 0.120668 0.560871 0.318460
10327 0.057065 0.611369 0.331567
10336 0.210931 0.637850 0.151219
355 0.214221 0.395273 0.390506
12998 0.167819 0.412509 0.419672
358 0.654182 0.085000 0.260818
383 0.089195 0.386821 0.523984
383 0.203962 0.717901 0.078137
10348 0.723674 0.010810 0.265516
10346 0.218657 0.600103 0.181240
382 0.652285 0.206683 0.141033
7407 0.590192 0.331860 0.077948
354 0.429161 0.533443 0.037396
368 0.268116 0.662238 0.069646
368 0.164923 0.085914 0.749163
357 0.175106 0.051027 0.773867
10330 0.010311 0.054914 0.934775
358 0.000000 0.541154 0.458846
7410 0.184079 0.139848 0.676073
383 0.528844 0.356608 0.114547
10348 0.257470 0.235370 0.507160
7408 0.013095 0.254204 0.732701
380 0.119199 0.253489 0.627312
10345 0.333895 0.288676 0.377429
13011 0.234773 0.718755 0.046472
10331 0.004620 0.675424 0.319956
10331 0.231276 0.242186 0.526538
362 0.264876 0.495672 0.239451
7410 0.473640 0.002139 0.524221
383 0.693270 0.196795 0.109935
10348 0.011357 0.400984 0.587659
397 0.157539 0.029847 0.812614
397 0.474854 0.389570 0.135577
395 0.535063 0.233486 0.231451
395 0.319312 0.674109 0.006579
10350 0.000000 0.921407 0.078593
361 0.007496 0.067697 0.924807
12997 0.464588 0.279872 0.255540
362 0.090123 0.407658 0.502219
10350 0.335268 0.227911 0.436821
373 0.681008 0.287603 0.031390
405 0.283901 0.553388 0.162711
173 0.157852 0.797720 0.044427
174 0.291510 0.242486 0.466004
373 0.169184 0.782625 0.048191
10334 0.590759 0.097880 0.311361
7410 0.661320 0.038279 0.300400
383 0.885622 0.000000 0.114378
10347 0.463152 0.182394 0.354454
361 0.128649 0.223522 0.647829
12997 0.077497 0.217378 0.705125
359 0.107145 0.197094 0.695760
350 0.234805 0.535768 0.229428
397 0.125692 0.756373 0.117935
400 0.138138 0.706305 0.155556
400 0.561988 0.151572 0.286439
10351 0.281786 0.330182 0.388032
10351 0.082774 0.872227 0.044999
10324 0.007329 0.457093 0.535578
13012 0.461953 0.420231 0.117816
10343 0.401586 0.412761 0.185653
10343 0.009931 0.202273 0.787796
7404 0.450820 0.042939 0.506241
10334 0.317838 0.664150 0.018013
384 0.916007 0.080151 0.003842
391 0.000000 0.673967 0.326033
7412 0.205820 0.372692 0.421488
361 0.382790 0.432653 0.184556
10332 0.090757 0.363225 0.546018
7403 0.444992 0.368661 0.186347
350 0.744656 0.047754 0.207591
7046 0.580871 0.242512 0.176617
398 0.495086 0.464066 0.040848
399 0.540880 0.418315 0.040805
10341 0.639306 0.337325 0.023369
7413 0.500341 0.440174 0.059485
13853 0.790408 0.146935 0.062656
378 0.286709 0.257617 0.455673
393 0.373449 0.038151 0.588400
398 0.374043 0.029130 0.596828
10339 0.735151 0.163205 0.101644
10339 0.129912 0.345231 0.524857
384 0.105041 0.270747 0.624212
391 0.188878 0.107730 0.703392
391 0.786698 0.049295 0.164007
375 0.460168 0.068288 0.471544
365 0.346282 0.376135 0.277584
367 0.927393 0.029350 0.043257
10342 0.076652 0.455391 0.467957
10342 0.683371 0.103230 0.213398
7051 0.422690 0.053704 0.523606
