16758 0.575782 0.164021 0.260197
16547 0.007723 0.841053 0.151224
16701 0.251722 0.131716 0.616562
16542 0.497008 0.307280 0.195712
16869 0.323139 0.250331 0.426530
16867 0.000000 0.261797 0.738203
17163 0.354452 0.417738 0.227810
17267 0.030502 0.906792 0.062706
17650 0.256672 0.079193 0.664135
17691 0.013434 0.546410 0.440156
17820 0.555421 0.035449 0.409129
18137 0.249787 0.362129 0.388084
17953 0.213888 0.479387 0.306726
18166 0.186268 0.407913 0.405819
18138 0.277028 0.538744 0.184228
18454 0.394093 0.374559 0.231348
18639 0.476491 0.413524 0.109985
18788 0.567194 0.313761 0.119045
18941 0.461354 0.430454 0.108192
18965 0.205146 0.458383 0.336471
19125 0.277899 0.045043 0.677058
16943 0.803226 0.181098 0.015677
17094 0.395715 0.052408 0.551877
16634 0.694036 0.089838 0.216126
16652 0.410930 0.093763 0.495307
17526 0.615551 0.168133 0.216316
17810 0.113413 0.667677 0.218910
16847 0.180547 0.195125 0.624327
16900 0.608106 0.118812 0.273082
16525 0.580645 0.242723 0.176632
16562 0.540630 0.357050 0.102321
17516 0.220774 0.716246 0.062981
16829 0.220778 0.283615 0.495608
16400 0.186138 0.113539 0.700323
16453 0.737909 0.179590 0.082500
16296 0.518448 0.229401 0.252151
16292 0.456051 0.542298 0.001650
16393 0.059298 0.760615 0.180087
18321 0.190199 0.692174 0.117626
17748 0.717736 0.121789 0.160475
17004 0.298612 0.306439 0.394949
16694 0.075831 0.849457 0.074713
18287 0.039351 0.622810 0.337839
18584 0.334259 0.226512 0.439229
17317 0.782499 0.213068 0.004433
17999 0.133348 0.770355 0.096297
16750 0.757279 0.183320 0.059401
17039 0.334031 0.318475 0.347494
16505 0.145390 0.849602 0.005008
16801 0.507064 0.265557 0.227379
18587 0.098059 0.588054 0.313887
18715 0.326838 0.045106 0.628056
17865 0.070385 0.663572 0.266043
17099 0.110337 0.520194 0.369469
16683 0.043906 0.759501 0.196593
16282 0.671375 0.158561 0.170064
16242 0.272367 0.527762 0.199871
16102 0.079104 0.650444 0.270452
16253 0.351401 0.502353 0.146246
16142 0.005712 0.968862 0.025426
15955 0.525654 0.013251 0.461095
16011 0.166060 0.124369 0.709571
16265 0.457760 0.150452 0.391787
17916 0.655301 0.116502 0.228197
17235 0.384445 0.275816 0.339738
18442 0.531365 0.397768 0.070867
18699 0.083454 0.654862 0.261684
17260 0.049349 0.097430 0.853222
19138 0.505105 0.292525 0.202371
19368 0.336362 0.340267 0.323371
18805 0.316875 0.463444 0.219681
19340 0.345906 0.397461 0.256634
19622 0.111586 0.339843 0.548571
18990 0.626084 0.337256 0.036660
17970 0.475207 0.481720 0.043073
17445 0.752599 0.153279 0.094122
18595 0.680976 0.027845 0.291179
17485 0.497312 0.122136 0.380552
16685 0.331191 0.509063 0.159747
16983 0.516014 0.135132 0.348854
16422 0.147707 0.473253 0.379041
16163 0.698864 0.170224 0.130912
15737 0.497683 0.243625 0.258692
19091 0.052472 0.093251 0.854277
19716 0.316974 0.518466 0.164560
19817 0.158633 0.114930 0.726437
19448 0.745747 0.152280 0.101973
18196 0.121827 0.615980 0.262192
18818 0.579201 0.264944 0.155855
18413 0.491725 0.201845 0.306430
18996 0.268462 0.440150 0.291388
18299 0.179714 0.719743 0.100543
18778 0.271246 0.280173 0.448581
18420 0.259190 0.467938 0.272872
18463 0.001364 0.779715 0.218920
18259 0.429946 0.074319 0.495735
18343 0.620252 0.314031 0.065718
18174 0.728670 0.048974 0.222356
18091 0.160985 0.074319 0.764696
18059 0.326732 0.173016 0.500252
19560 0.330936 0.200604 0.468460
19755 0.029041 0.026338 0.944621
19700 0.490585 0.109531 0.399884
19539 0.608682 0.308824 0.082493
18971 0.564621 0.399639 0.035740
19870 0.776469 0.029832 0.193699
19936 0.711339 0.044433 0.244228
19792 0.300338 0.347224 0.352439
19559 0.398682 0.248769 0.352550
19039 0.128127 0.870899 0.000974
19946 0.516806 0.429583 0.053612
19981 0.374231 0.196817 0.428952
19811 0.728303 0.263803 0.007894
19554 0.442885 0.206334 0.350782
19027 0.019787 0.795922 0.184291
19741 0.309692 0.333551 0.356757
19809 0.331130 0.113536 0.555334
19758 0.534027 0.189216 0.276757
19480 0.150556 0.445377 0.404067
18969 0.094981 0.146175 0.758844
19266 0.171791 0.712980 0.115229
19414 0.618886 0.000000 0.381114
19490 0.397727 0.183698 0.418575
19200 0.470232 0.166956 0.362812
18834 0.471317 0.367949 0.160734
19339 0.287784 0.327960 0.384255
19575 0.609893 0.042287 0.347820
19617 0.461292 0.140402 0.398306
19248 0.647877 0.075313 0.276810
18947 0.683894 0.251080 0.065027
18750 0.486519 0.104916 0.408565
19157 0.632600 0.296086 0.071314
19426 0.345857 0.128113 0.526030
19380 0.767251 0.107138 0.125611
19161 0.429531 0.045894 0.524575
17663 0.105210 0.720562 0.174227
17469 0.618064 0.295231 0.086705
17427 0.547557 0.416232 0.036210
17663 0.877014 0.000000 0.122986
17689 0.624928 0.300191 0.074880
17685 0.137983 0.057987 0.804030
17721 0.185641 0.557020 0.257339
16959 0.439254 0.163437 0.397309
16850 0.088073 0.706414 0.205512
16868 0.057914 0.338316 0.603769
16846 0.937412 0.062588 0.000000
17205 1.000000 0.000000 0.000000
17075 0.032118 0.403913 0.563968
17329 0.258720 0.473133 0.268147
15890 0.448879 0.117964 0.433157
16026 0.317575 0.598944 0.083481
12948 0.303675 0.457261 0.239065
16009 0.028071 0.459632 0.512297
16099 0.175074 0.701264 0.123662
12854 0.318631 0.176280 0.505089
12990 0.348911 0.519139 0.131949
15603 0.620564 0.321052 0.058384
15778 0.504170 0.329909 0.165921
15636 0.346011 0.140791 0.513198
3 0.450508 0.126756 0.422736
15793 0.986191 0.000000 0.013809
15416 0.544573 0.236724 0.218703
12910 0.006466 0.681961 0.311573
12707 0.168563 0.778066 0.053371
14589 0.282174 0.605140 0.112685
13986 0.320316 0.063269 0.616415
15833 0.222796 0.339090 0.438114
15612 0.448340 0.498962 0.052698
13640 0.918909 0.002515 0.078576
12594 0.177074 0.376748 0.446178
11782 0.197409 0.259903 0.542687
12020 0.523421 0.387006 0.089574
12075 0.000000 0.644376 0.355624
12073 0.472821 0.248248 0.278932
12220 0.033881 0.582875 0.383245
12075 0.000000 0.780349 0.219651
12012 0.534221 0.091597 0.374182
11850 0.914860 0.000000 0.085140
11757 0.921635 0.000000 0.078365
11850 1.000000 0.000000 0.000000
11757 1.000000 0.000000 0.000000
15694 0.411363 0.043796 0.544841
14189 0.349260 0.060415 0.590325
13930 1.000000 0.000000 0.000000
13415 0.252877 0.175901 0.571221
12478 0.470123 0.136761 0.393116
11699 0.211489 0.199315 0.589197
11990 0.000000 0.267153 0.732847
11713 0.646555 0.000000 0.353445
11757 0.411843 0.000000 0.588157
12714 0.310062 0.673057 0.016881
11886 0.146999 0.500957 0.352044
15951 0.730287 0.094979 0.174735
15871 0.000000 0.908334 0.091666
15874 0.000000 0.742510 0.257490
15700 0.280840 0.453685 0.265476
15507 0.695575 0.049125 0.255300
15787 0.071835 0.799218 0.128946
7813 0.326228 0.263318 0.410453
7916 0.122841 0.141264 0.735895
9039 0.016719 0.775116 0.208165
8999 0.106067 0.682604 0.211329
7817 0.322416 0.375258 0.302326
8715 0.431401 0.068194 0.500405
7671 0.208569 0.228267 0.563163
8750 0.371711 0.392513 0.235777
7661 0.146535 0.338097 0.515368
8495 0.669409 0.084745 0.245846
7312 0.102190 0.574536 0.323274
8397 0.108181 0.659626 0.232193
7037 0.336146 0.372564 0.291289
7864 0.605853 0.206114 0.188034
6842 0.219632 0.677904 0.102464
7772 0.241208 0.276792 0.482001
6490 0.626184 0.198836 0.174980
7222 0.344771 0.077108 0.578121
6631 0.137732 0.706874 0.155393
6574 0.350019 0.584773 0.065208
6695 0.120933 0.289666 0.589401
6730 0.588810 0.134714 0.276476
6737 0.325341 0.277883 0.396776
6653 0.507148 0.398056 0.094797
6299 0.251767 0.372119 0.376115
6069 0.448983 0.496070 0.054947
5824 0.252391 0.391773 0.355836
5498 0.508277 0.313656 0.178067
5554 0.056953 0.052585 0.890461
5629 0.598394 0.385443 0.016163
6304 0.404646 0.157921 0.437433
6219 0.687912 0.067702 0.244387
4832 0.296791 0.121395 0.581814
5632 0.053771 0.834750 0.111479
4406 0.230118 0.657015 0.112867
4593 0.094149 0.775677 0.130175
4505 0.761264 0.104138 0.134597
4457 0.300309 0.322055 0.377636
2600 0.089618 0.321452 0.588929
2654 0.111613 0.214703 0.673684
2886 0.099679 0.583692 0.316628
10262 0.177075 0.357373 0.465552
10422 0.007054 0.886721 0.106225
9820 0.732507 0.208166 0.059327
9577 0.428149 0.015712 0.556139
9322 0.128684 0.224234 0.647082
8700 0.652165 0.152589 0.195246
8807 0.650303 0.215493 0.134204
8660 0.011445 0.511216 0.477340
8134 0.348085 0.448165 0.203750
11362 0.748730 0.062825 0.188445
11414 0.507614 0.251242 0.241144
11351 0.167430 0.163079 0.669491
11370 0.156030 0.543370 0.300601
10730 0.200346 0.048189 0.751465
12778 0.184116 0.038794 0.777090
12926 0.518235 0.464300 0.017465
12654 0.401757 0.379208 0.219035
12863 0.013257 0.855728 0.131015
12524 0.323582 0.578663 0.097756
14408 0.035707 0.876004 0.088289
13747 0.576860 0.162124 0.261016
13765 0.122315 0.205238 0.672447
13719 0.590490 0.392667 0.016843
10630 0.236132 0.456423 0.307445
10267 0.399794 0.025502 0.574703
9510 0.463584 0.352390 0.184026
12397 0.055959 0.700288 0.243753
11885 0.682905 0.049736 0.267359
11633 0.552055 0.268442 0.179504
13375 0.068933 0.692413 0.238654
13167 0.724542 0.236874 0.038584
12905 0.759945 0.045381 0.194675
2971 0.318869 0.213689 0.467442
2956 0.039414 0.635317 0.325269
2955 0.289164 0.564125 0.146711
3760 0.498205 0.211327 0.290468
3849 0.502783 0.121816 0.375401
3975 0.001878 0.624301 0.373820
5381 0.097290 0.630348 0.272362
5761 0.061154 0.040925 0.897921
15214 0.091757 0.339376 0.568868
15321 0.050931 0.313640 0.635428
15267 0.004409 0.193772 0.801819
15485 0.227007 0.489269 0.283723
14882 0.178120 0.000000 0.821880
15703 0.000000 0.246649 0.753351
13672 0.458940 0.392246 0.148814
16081 0.211430 0.619243 0.169327
6565 0.190712 0.621967 0.187320
7307 0.278074 0.089559 0.632367
5939 0.454872 0.346820 0.198309
5116 0.109376 0.109732 0.780892
8303 0.550589 0.192037 0.257374
9612 0.943644 0.040653 0.015703
11832 0.403358 0.144986 0.451655
13122 0.249820 0.518557 0.231622
15271 0.571403 0.378372 0.050224
15318 0.058831 0.184861 0.756308
15712 0.281343 0.635781 0.082876
15631 0.416078 0.397031 0.186890
15348 0.459744 0.012998 0.527258
15202 0.226507 0.427581 0.345912
14643 0.306003 0.097448 0.596549
15257 0.522277 0.437760 0.039963
15848 0.337478 0.327395 0.335127
14752 0.024397 0.101176 0.874427
14659 0.166604 0.242822 0.590574
14447 0.487951 0.345728 0.166321
14146 0.035287 0.937057 0.027657
13456 0.198292 0.010532 0.791175
13077 0.330934 0.344300 0.324766
12964 0.567971 0.269864 0.162166
13664 0.382071 0.235300 0.382629
15225 0.813405 0.170953 0.015642
15494 0.204352 0.759157 0.036492
15287 0.009822 0.395784 0.594394
15984 0.373235 0.426795 0.199970
15980 0.258017 0.003034 0.738949
16014 0.320399 0.096639 0.582962
16373 0.841202 0.097890 0.060909
16250 0.118223 0.031904 0.849873
16619 0.050557 0.007415 0.942028
16518 0.565331 0.028944 0.405725
16390 0.601479 0.286664 0.111857
17453 0.098620 0.594403 0.306977
17535 0.210087 0.211059 0.578854
9881 0.005863 0.108327 0.885810
9205 0.551288 0.054770 0.393943
9395 0.256471 0.145834 0.597696
10747 0.348654 0.453502 0.197844
11950 0.219211 0.516561 0.264228
10800 0.264174 0.471694 0.264132
12087 0.044569 0.054608 0.900822
9520 0.469276 0.074474 0.456250
8982 0.631449 0.263270 0.105280
9178 0.229296 0.090567 0.680137
10706 0.549590 0.097679 0.352731
11902 0.127263 0.259431 0.613306
10602 0.498454 0.231807 0.269739
12091 0.397098 0.112335 0.490566
17095 0.220446 0.618197 0.161358
17157 0.267004 0.525147 0.207849
16862 1.000000 0.000000 0.000000
16783 0.091116 0.169188 0.739696
16823 0.327925 0.361801 0.310274
16898 0.304502 0.592478 0.103020
17095 1.000000 0.000000 0.000000
17141 0.282173 0.313175 0.404652
17329 0.000780 0.931961 0.067259
10184 0.670796 0.164000 0.165204
9533 0.189341 0.125426 0.685233
9813 0.536747 0.248321 0.214931
10810 0.246010 0.160523 0.593467
11643 0.306309 0.627040 0.066651
10688 0.000000 0.247723 0.752277
11574 0.137443 0.159709 0.702848
10356 0.461382 0.113801 0.424817
9800 0.443821 0.452704 0.103475
10026 0.068931 0.470598 0.460471
11046 0.419448 0.003761 0.576792
12064 0.716813 0.269719 0.013468
10934 0.069976 0.856071 0.073953
11721 0.032313 0.135468 0.832218
9884 0.038998 0.207154 0.753848
9349 0.280102 0.163058 0.556840
9750 0.182696 0.598805 0.218499
10582 0.103694 0.210246 0.686060
11436 0.660969 0.225530 0.113501
10470 0.092098 0.272740 0.635162
11325 0.170364 0.637072 0.192564
9664 0.359137 0.537471 0.103392
9202 0.046803 0.067808 0.885389
9372 0.652424 0.018497 0.329079
10475 0.095829 0.065010 0.839161
11415 0.136120 0.506547 0.357333
10600 0.144766 0.404067 0.451168
11372 0.152453 0.160556 0.686991
9528 0.157415 0.110063 0.732522
9022 0.553742 0.442722 0.003536
9298 0.147604 0.029395 0.823001
10596 0.120195 0.067704 0.812100
11700 0.841334 0.129729 0.028937
10750 0.124401 0.864481 0.011117
11509 0.102314 0.087429 0.810258
10394 0.069903 0.247302 0.682795
9796 0.400935 0.092197 0.506868
9925 0.283201 0.282328 0.434470
10860 0.001503 0.138677 0.859819
12237 0.811138 0.097881 0.090981
10851 0.196008 0.764684 0.039308
12074 0.221055 0.740916 0.038030
9904 0.260658 0.109856 0.629486
9546 0.421148 0.558592 0.020260
9619 0.769506 0.073792 0.156702
11106 0.781471 0.046159 0.172370
12090 0.579471 0.153055 0.267474
10741 0.265192 0.452252 0.282556
12111 0.619082 0.322967 0.057951
9527 0.130935 0.466689 0.402376
9024 0.487765 0.430985 0.081251
9262 0.245424 0.069073 0.685502
10621 0.136777 0.341308 0.521915
11311 0.685367 0.099873 0.214760
10684 0.106192 0.596501 0.297306
11513 0.781784 0.149030 0.069186
9565 0.311550 0.578925 0.109526
9456 0.250047 0.617037 0.132916
9475 0.415011 0.264024 0.320965
10393 0.479993 0.178785 0.341222
11310 0.091445 0.678984 0.229571
10493 0.072749 0.553629 0.373621
11164 0.921465 0.061248 0.017287
10490 0.158500 0.479710 0.361791
9931 0.642031 0.122379 0.235590
9982 0.045759 0.200828 0.753413
11411 0.113322 0.777113 0.109564
12335 0.847715 0.020676 0.131609
10806 0.257891 0.107332 0.634777
12134 0.493819 0.177961 0.328220
10498 0.148663 0.501249 0.350088
5244 0.276212 0.089351 0.634436
5687 0.386977 0.255910 0.357112
5706 0.223202 0.075219 0.701579
4267 0.094265 0.737575 0.168160
3479 0.686901 0.149561 0.163538
3269 0.027636 0.291138 0.681226
4210 0.183070 0.816930 0.000000
5610 0.138768 0.124319 0.736913
4846 0.777573 0.215929 0.006498
5346 0.339692 0.440098 0.220210
5490 0.526830 0.164490 0.308680
4295 0.211185 0.507771 0.281044
3744 0.210945 0.726800 0.062256
3490 0.189133 0.160013 0.650854
4167 0.258499 0.170955 0.570545
5418 0.281156 0.078814 0.640030
4122 0.215866 0.611503 0.172630
4454 0.047132 0.174126 0.778741
4767 0.034043 0.344855 0.621103
3330 0.706941 0.162598 0.130461
3008 0.591930 0.169128 0.238942
3181 0.348071 0.626416 0.025513
3777 0.384914 0.118071 0.497015
4558 0.357667 0.524424 0.117909
2730 0.016268 0.015789 0.967943
3303 0.038970 0.367604 0.593426
3137 0.076366 0.629893 0.293741
2637 0.801566 0.185193 0.013241
2924 0.045403 0.299272 0.655325
3001 0.128798 0.516886 0.354316
4031 0.065402 0.357195 0.577403
4081 0.551427 0.284871 0.163702
4530 0.126636 0.119583 0.753780
4772 0.120861 0.391834 0.487304
3899 0.300286 0.326672 0.373042
4062 0.060536 0.694751 0.244713
4527 0.448223 0.313834 0.237943
4809 0.254548 0.430826 0.314626
3197 0.023735 0.482966 0.493299
2831 0.698240 0.293656 0.008104
3031 0.562903 0.316613 0.120484
3841 0.512767 0.085830 0.401403
4658 0.339742 0.380435 0.279823
4158 0.144359 0.813149 0.042492
4782 0.702346 0.114638 0.183016
3315 0.698748 0.095793 0.205459
3178 0.565132 0.159571 0.275296
3382 0.392462 0.411440 0.196098
3948 0.673962 0.037264 0.288774
4474 0.603889 0.174178 0.221932
4066 0.831077 0.147241 0.021683
4543 0.147773 0.048051 0.804176
4103 0.050348 0.381132 0.568521
4851 0.299397 0.415569 0.285034
5099 0.029141 0.213097 0.757762
5045 0.151954 0.769706 0.078340
4850 0.285945 0.665761 0.048293
12748 0.713571 0.165779 0.120649
12491 0.356215 0.168546 0.475239
12633 0.217839 0.603435 0.178726
11663 0.872189 0.075838 0.051973
12241 0.181647 0.334123 0.484229
11419 0.880522 0.022342 0.097135
11608 0.229692 0.669840 0.100468
11893 0.624794 0.299916 0.075290
12538 0.885835 0.046162 0.068004
12554 0.711322 0.020463 0.268214
11686 0.580912 0.080770 0.338318
11338 0.473356 0.412101 0.114542
12607 0.540366 0.295991 0.163643
4362 0.423835 0.450414 0.125751
4680 0.118788 0.515674 0.365537
4473 0.229613 0.553023 0.217364
3726 0.182086 0.212870 0.605044
3068 0.030562 0.235294 0.734144
2918 0.407917 0.044797 0.547286
3152 0.757068 0.189402 0.053530
3883 0.312620 0.353702 0.333677
4361 0.767869 0.016081 0.216051
4716 0.455019 0.186071 0.358910
4411 0.003594 0.295858 0.700547
3675 0.492627 0.239282 0.268091
3120 0.155023 0.705847 0.139129
2827 0.220881 0.694235 0.084884
3271 0.142116 0.779735 0.078149
3918 0.348136 0.626694 0.025170
6038 0.020022 0.242103 0.737875
6012 0.671849 0.294877 0.033274
5417 0.292364 0.007224 0.700413
4085 0.031571 0.701220 0.267209
3123 0.163157 0.186500 0.650343
2949 0.758459 0.038955 0.202587
4074 0.075179 0.753689 0.171132
5720 0.240279 0.169875 0.589846
4432 0.286813 0.316307 0.396881
4920 0.286845 0.150718 0.562437
5184 0.171192 0.102717 0.726091
3832 0.334984 0.480102 0.184914
3468 0.507726 0.475256 0.017018
3615 0.094163 0.548514 0.357324
4291 0.184483 0.651505 0.164013
5030 0.035129 0.876179 0.088692
4629 0.613889 0.019019 0.367092
5191 0.639005 0.002586 0.358408
5455 0.398578 0.031596 0.569826
4173 0.648085 0.334044 0.017871
3703 0.647096 0.239535 0.113369
3626 0.366355 0.242907 0.390739
4444 0.208607 0.619903 0.171490
5240 0.580150 0.102390 0.317459
17148 0.123167 0.628502 0.248331
17124 0.404115 0.540454 0.055430
16977 0.041182 0.058253 0.900565
17106 0.284390 0.104711 0.610899
17449 0.527686 0.210706 0.261608
17171 0.076543 0.100937 0.822520
17547 0.519242 0.273566 0.207193
14990 0.479750 0.019652 0.500598
15112 0.001125 0.703173 0.295702
14934 0.009992 0.357896 0.632112
14631 1.000000 0.000000 0.000000
14204 0.017241 0.154929 0.827830
14800 1.000000 0.000000 0.000000
13913 0.477388 0.117811 0.404800
13988 0.485597 0.401103 0.113300
14037 0.097762 0.249575 0.652663
17988 0.133163 0.337609 0.529228
17752 0.750283 0.062671 0.187046
18354 0.452522 0.270993 0.276485
17735 0.340187 0.068909 0.590903
18066 0.054661 0.651181 0.294158
18318 0.606512 0.323637 0.069851
18804 0.221498 0.146781 0.631722
18811 0.000000 0.569747 0.430253
18817 0.715708 0.220239 0.064053
18738 0.553544 0.310519 0.135937
18758 0.157562 0.228471 0.613967
18811 0.005525 0.994475 0.000000
18505 0.260350 0.179670 0.559980
18378 0.396089 0.031704 0.572206
18710 0.027057 0.479000 0.493943
18470 0.152840 0.590052 0.257108
18672 0.189262 0.669004 0.141734
18781 0.173580 0.490030 0.336390
18239 0.429653 0.205533 0.364815
17950 0.078427 0.007736 0.913837
18540 0.359521 0.379920 0.260559
17998 0.519329 0.465450 0.015221
18163 0.016860 0.422229 0.560911
18478 0.606027 0.234943 0.159029
2563 0.538567 0.371109 0.090323
3535 0.244776 0.505961 0.249263
3759 0.113241 0.772624 0.114135
2282 0.000000 0.087891 0.912109
2935 0.393316 0.060764 0.545920
3579 0.096427 0.868393 0.035179
3706 0.033867 0.366872 0.599261
3389 0.575981 0.256866 0.167153
3567 0.739570 0.195594 0.064836
3056 0.020029 0.360007 0.619964
2816 0.033442 0.813831 0.152727
2642 0.071657 0.268808 0.659535
2479 0.574937 0.188177 0.236885
2592 0.125340 0.477088 0.397572
2248 0.157841 0.587653 0.254505
2282 0.004994 0.478995 0.516012
2282 0.044327 0.513728 0.441944
2189 0.355460 0.001358 0.643182
2274 0.489628 0.222868 0.287504
41 0.481374 0.340694 0.177931
58 0.859045 0.038048 0.102906
47 0.062637 0.513466 0.423897
29 0.033984 0.381024 0.584992
50 0.055296 0.663667 0.281036
46 0.432174 0.127347 0.440479
1850 0.243245 0.030640 0.726115
1396 0.510763 0.200086 0.289151
930 0.490194 0.398442 0.111364
492 0.406858 0.204411 0.388731
126 0.486697 0.313003 0.200300
1946 0.326260 0.481374 0.192366
1514 0.074678 0.102115 0.823207
1095 0.223433 0.453036 0.323530
581 0.588654 0.298674 0.112672
142 0.654487 0.204301 0.141212
2034 0.153130 0.786405 0.060466
1514 0.586381 0.204756 0.208863
1119 0.076755 0.467705 0.455540
563 0.000000 0.875411 0.124589
137 0.476891 0.325523 0.197587
1716 0.538248 0.339862 0.121890
1374 0.250838 0.328695 0.420468
958 0.150263 0.623230 0.226508
501 0.077653 0.073173 0.849174
139 0.474215 0.525785 0.000000
1759 0.161841 0.250675 0.587484
1361 0.779888 0.121274 0.098838
931 0.011591 0.463805 0.524604
501 0.115841 0.816334 0.067825
149 0.218141 0.486361 0.295498
15484 0.369753 0.332425 0.297822
14149 0.432576 0.057515 0.509908
12806 0.195115 0.568268 0.236617
12814 0.089059 0.237068 0.673872
13895 0.093436 0.595874 0.310690
14977 0.446603 0.249629 0.303768
14753 0.306746 0.286410 0.406844
14637 0.336911 0.125719 0.537370
14381 0.013763 0.013749 0.972488
13786 0.065671 0.277648 0.656681
12872 0.158961 0.763462 0.077577
11799 0.228508 0.541530 0.229962
11838 0.628795 0.064847 0.306358
11859 0.312128 0.362258 0.325615
12306 0.906364 0.060523 0.033113
13377 0.196934 0.747100 0.055966
13638 0.474908 0.258440 0.266651
13876 0.152672 0.353329 0.493999
13869 0.478005 0.052757 0.469238
17495 0.891178 0.052703 0.056119
15984 1.000000 0.000000 0.000000
16366 0.000000 0.422502 0.577498
16497 0.527895 0.074332 0.397774
15922 0.525805 0.000000 0.474195
16014 0.038877 0.429380 0.531743
16245 0.452962 0.165463 0.381575
16518 0.135230 0.351678 0.513092
16301 0.334677 0.129897 0.535427
16006 1.000000 0.000000 0.000000
16081 0.757096 0.235809 0.007095
16373 0.479859 0.352955 0.167186
16497 0.695739 0.053408 0.250853
16497 1.000000 0.000000 0.000000
16366 0.000000 0.265879 0.734121
15984 1.000000 0.000000 0.000000
16777 0.503204 0.114195 0.382601
16564 0.472531 0.462117 0.065352
16910 0.709000 0.257286 0.033714
17089 0.699110 0.116327 0.184563
17532 0.032187 0.115088 0.852725
17989 0.014053 0.798761 0.187186
17897 0.699305 0.154302 0.146393
18291 0.202566 0.609915 0.187518
18404 0.251658 0.235755 0.512587
18625 0.089960 0.347475 0.562565
18783 0.141604 0.051530 0.806866
18932 0.593374 0.026914 0.379712
17048 0.884260 0.011060 0.104680
16863 0.719698 0.226056 0.054245
16693 0.352564 0.525715 0.121721
16580 0.634807 0.287520 0.077672
16350 0.285420 0.158922 0.555658
16284 0.352787 0.150795 0.496418
17586 0.851649 0.136335 0.012017
17536 0.018650 0.514054 0.467296
17036 0.009402 0.223037 0.767562
16866 0.365239 0.319724 0.315037
16675 0.115909 0.692799 0.191292
16503 0.489911 0.132915 0.377173
17398 0.562642 0.377051 0.060307
16893 0.175413 0.695154 0.129433
16385 0.042213 0.191611 0.766176
16310 0.054274 0.885001 0.060725
17674 0.530994 0.105964 0.363042
17113 0.300084 0.388117 0.311799
16671 0.237559 0.655350 0.107091
18556 0.644404 0.097177 0.258418
18181 0.204266 0.355770 0.439964
18103 0.007971 0.436533 0.555497
17657 0.096748 0.643573 0.259679
16948 0.388119 0.473248 0.138634
16811 0.057293 0.918421 0.024287
16661 0.600851 0.029928 0.369221
16455 0.064406 0.167705 0.767889
17867 0.436491 0.223847 0.339663
17200 0.859095 0.113700 0.027205
16682 0.392393 0.266050 0.341556
16023 0.753868 0.020969 0.225163
15981 0.324306 0.139342 0.536352
16203 0.886456 0.068940 0.044604
16305 0.051390 0.737379 0.211230
16155 0.261086 0.368276 0.370638
15985 0.002078 0.361063 0.636858
16231 0.407724 0.375893 0.216384
16318 0.566789 0.142893 0.290318
18061 0.048237 0.466015 0.485748
17021 0.019620 0.025021 0.955359
18529 0.122332 0.303333 0.574335
18698 0.637621 0.192738 0.169641
16886 0.646863 0.131433 0.221703
19212 0.027881 0.905451 0.066667
18825 0.147495 0.720124 0.132381
19349 0.156811 0.058877 0.784312
18981 0.108629 0.594557 0.296814
18117 0.293105 0.530365 0.176530
17227 0.387641 0.164009 0.448350
18486 0.226600 0.133454 0.639947
17055 0.528458 0.271103 0.200439
17791 0.368653 0.481530 0.149817
16636 0.070940 0.385717 0.543343
17746 0.000000 0.685313 0.314687
16045 0.610273 0.060288 0.329439
16420 0.403267 0.145501 0.451232
15470 0.254247 0.123317 0.622435
19771 0.211241 0.599669 0.189090
19537 0.850273 0.070521 0.079206
19126 0.145869 0.704678 0.149453
18812 0.051404 0.827669 0.120928
18940 0.431178 0.249106 0.319716
18342 0.188169 0.425846 0.385986
19801 0.713706 0.174930 0.111364
19992 0.187698 0.578595 0.233707
19814 0.085952 0.431533 0.482516
19895 0.491432 0.015046 0.493522
19745 0.108631 0.069136 0.822233
19799 0.407120 0.264152 0.328729
19544 0.811130 0.013338 0.175532
19557 0.088899 0.187128 0.723973
19419 0.559922 0.360442 0.079637
19400 0.008171 0.044495 0.947334
18272 0.312377 0.462899 0.224724
18918 0.419073 0.187156 0.393771
19606 0.134043 0.585566 0.280391
19910 0.524598 0.118358 0.357043
18363 0.353966 0.084584 0.561449
18725 0.202578 0.084031 0.713391
19452 0.566444 0.272073 0.161483
19834 0.006044 0.735385 0.258571
18225 0.396756 0.447340 0.155903
18708 0.094613 0.053797 0.851591
19325 0.287057 0.104253 0.608690
19634 0.473409 0.211340 0.315250
18006 0.542769 0.000000 0.457231
18748 0.379459 0.196982 0.423559
19316 0.279823 0.127489 0.592687
19381 0.689634 0.214860 0.095507
18309 0.059405 0.938907 0.001688
18771 0.433897 0.106434 0.459669
19183 0.794158 0.032186 0.173656
19244 0.510714 0.482646 0.006640
17557 0.059976 0.367733 0.572291
17783 0.074360 0.650355 0.275284
17610 0.179442 0.106818 0.713741
17653 0.153917 0.225019 0.621064
17725 0.126667 0.080423 0.792909
17187 0.226636 0.667252 0.106112
17226 0.245286 0.576746 0.177968
17312 0.213954 0.177137 0.608909
17537 0.812314 0.069900 0.117786
17574 0.145642 0.748102 0.106256
15946 0.691210 0.110448 0.198342
15936 0.241094 0.679185 0.079721
15691 0.618406 0.288958 0.092636
15174 0.363964 0.420649 0.215387
16030 0.566098 0.260953 0.172949
16012 0.594110 0.080161 0.325728
15571 0.259851 0.287988 0.452161
15664 0.332556 0.586226 0.081218
14406 0.274980 0.251810 0.473210
13718 0.660933 0.135508 0.203559
14793 0.233892 0.141106 0.625002
15117 0.140631 0.313927 0.545441
14193 0.000000 0.027512 0.972488
15753 0.054362 0.240432 0.705206
13581 0.103945 0.748304 0.147752
15126 0.108333 0.162715 0.728953
15068 0.334991 0.347388 0.317621
15389 0.212452 0.643407 0.144141
15275 0.000000 0.027788 0.972212
15627 0.208576 0.728533 0.062891
15708 1.000000 0.000000 0.000000
15038 0.132515 0.573767 0.293718
15464 0.006985 0.858364 0.134651
15263 0.679020 0.252705 0.068274
13541 0.015533 0.010787 0.973680
13419 0.357940 0.130966 0.511093
13017 0.005487 0.000000 0.994513
13017 0.806260 0.000000 0.193740
13143 0.139771 0.834760 0.025469
13071 0.135562 0.851904 0.012535
13191 0.335824 0.071427 0.592750
12911 0.000000 0.759272 0.240728
12835 0.776190 0.000000 0.223810
13471 0.181796 0.752634 0.065570
12911 0.186211 0.356614 0.457175
12921 0.206264 0.685325 0.108411
12835 1.000000 0.000000 0.000000
12901 0.000000 0.491267 0.508733
12901 0.000000 0.481323 0.518677
12901 0.000000 0.089835 0.910165
12901 0.000000 0.081662 0.918338
15139 0.118945 0.000000 0.881055
15000 1.000000 0.000000 0.000000
14944 0.096106 0.339913 0.563981
14335 0.598344 0.325807 0.075850
14694 0.282800 0.706164 0.011036
14007 0.331333 0.522303 0.146364
13758 0.273264 0.565982 0.160755
13828 0.247403 0.149709 0.602889
13620 0.496054 0.364351 0.139595
13408 0.758464 0.241536 0.000000
13371 0.525884 0.014222 0.459894
13290 0.145357 0.830574 0.024069
13017 0.279700 0.099137 0.621163
13814 0.356042 0.059299 0.584660
12899 0.310639 0.614275 0.075086
13029 0.034667 0.463107 0.502226
13961 0.424594 0.291350 0.284056
14523 0.165840 0.550022 0.284138
14549 0.225786 0.066907 0.707307
14046 0.270753 0.356502 0.372745
13361 0.595460 0.391865 0.012675
13661 0.066291 0.680363 0.253345
13403 0.102401 0.546690 0.350909
13028 0.587856 0.332238 0.079905
16138 0.287027 0.007003 0.705970
14526 0.113019 0.644344 0.242638
14515 0.083776 0.104868 0.811357
14645 0.288325 0.278951 0.432723
14554 0.582102 0.023239 0.394658
14958 0.165645 0.815756 0.018599
15710 0.683219 0.000000 0.316781
15753 1.000000 0.000000 0.000000
15481 0.708865 0.082690 0.208445
15748 0.444963 0.511116 0.043920
15923 0.425384 0.452223 0.122394
15744 1.000000 0.000000 0.000000
15046 0.041312 0.000000 0.958688
7664 0.182826 0.380592 0.436582
8726 0.130028 0.549391 0.320581
8682 0.002840 0.957917 0.039243
7316 0.498130 0.006968 0.494902
8192 0.167161 0.578751 0.254088
7220 0.157331 0.040779 0.801891
7504 0.820163 0.096534 0.083303
6861 0.234872 0.708298 0.056830
7094 0.589792 0.160048 0.250159
6478 0.495125 0.474348 0.030527
6990 0.492171 0.439621 0.068208
6250 0.797170 0.066749 0.136080
6950 0.581688 0.056320 0.361992
6279 0.026600 0.584957 0.388443
7120 0.135804 0.319325 0.544871
6406 0.054233 0.819413 0.126355
6747 0.306806 0.551835 0.141359
6474 0.317559 0.534616 0.147826
6348 0.070413 0.724429 0.205158
6100 0.302450 0.555491 0.142059
5838 0.209302 0.610333 0.180365
5513 0.619690 0.193919 0.186391
5577 0.287610 0.652655 0.059735
5650 0.705992 0.264840 0.029169
5402 0.703290 0.127320 0.169390
5380 0.556198 0.285989 0.157813
5178 0.595094 0.248189 0.156716
5585 0.392104 0.545150 0.062746
5349 0.258030 0.707953 0.034017
4712 0.090544 0.779706 0.129751
4613 0.231268 0.441639 0.327093
4793 0.113099 0.516900 0.370001
4338 0.036842 0.643631 0.319527
4350 0.217172 0.774545 0.008283
3702 0.372748 0.142120 0.485132
2374 0.350862 0.000000 0.649138
2969 0.006648 0.131491 0.861861
3029 0.799336 0.176698 0.023966
2351 0.596053 0.342945 0.061002
2932 0.219112 0.232103 0.548785
2095 0.405996 0.309073 0.284930
2462 0.040152 0.323572 0.636276
2037 0.042980 0.449683 0.507337
10122 0.697784 0.141080 0.161136
9785 0.249997 0.179867 0.570136
9255 0.001091 0.956699 0.042210
8752 0.027539 0.647275 0.325186
7537 0.040902 0.586908 0.372191
7546 0.042618 0.092876 0.864505
7531 0.738491 0.072482 0.189026
7936 0.147288 0.672975 0.179737
11290 0.036070 0.010185 0.953745
11013 0.570956 0.348889 0.080155
10819 0.002620 0.096754 0.900626
10245 0.191794 0.434077 0.374129
12784 0.551604 0.303985 0.144410
12345 0.248474 0.054917 0.696609
12368 0.059776 0.058607 0.881616
11697 0.608625 0.257438 0.133937
13978 0.616611 0.303838 0.079550
13770 0.307709 0.462024 0.230267
13667 0.030820 0.680984 0.288196
12988 0.718431 0.158223 0.123346
9882 0.000000 0.733313 0.266687
9234 0.255662 0.206352 0.537986
9323 0.319767 0.174043 0.506190
11352 0.644397 0.000544 0.355058
11213 0.416486 0.111959 0.471555
11315 0.108186 0.678572 0.213242
12685 0.001487 0.193654 0.804859
12717 0.056406 0.394457 0.549137
12916 0.011006 0.425150 0.563844
2614 0.361300 0.092069 0.546631
2230 0.362888 0.183653 0.453459
2531 0.154982 0.181118 0.663900
1916 0.888761 0.047933 0.063306
1842 0.305943 0.461014 0.233043
2901 0.517538 0.251854 0.230607
2409 0.251120 0.705356 0.043524
3584 0.373124 0.200383 0.426493
3750 0.521258 0.015615 0.463127
2161 0.411591 0.521157 0.067253
3191 0.182331 0.684944 0.132726
1963 0.055497 0.394514 0.549989
2744 0.705840 0.120619 0.173540
14821 0.233344 0.439320 0.327336
14477 0.355684 0.147021 0.497295
14613 0.396653 0.603347 0.000000
15248 0.013226 0.618972 0.367802
15065 0.054003 0.466830 0.479167
15369 0.402761 0.383602 0.213637
14089 0.599363 0.000000 0.400637
15682 1.000000 0.000000 0.000000
14657 0.250475 0.123129 0.626395
13546 0.354297 0.377132 0.268571
11976 0.016158 0.601996 0.381846
15100 0.256923 0.264011 0.479066
15954 0.714463 0.210192 0.075344
13616 0.177667 0.291352 0.530981
15648 0.167387 0.186492 0.646121
15567 0.907303 0.072003 0.020693
15780 0.667969 0.234926 0.097105
15821 0.125581 0.128367 0.746052
13947 0.300180 0.453619 0.246201
15305 0.217011 0.419378 0.363611
15957 0.645841 0.083736 0.270423
16421 0.341529 0.487601 0.170870
16381 0.218960 0.601658 0.179382
16638 1.000000 0.000000 0.000000
16599 0.532859 0.320330 0.146811
8591 0.034076 0.219704 0.746219
7660 0.072800 0.169395 0.757805
7598 1.000000 0.000000 0.000000
10033 0.217741 0.748918 0.033341
11007 0.107511 0.696510 0.195979
9416 0.270527 0.620541 0.108932
10848 0.143522 0.167851 0.688628
11205 0.911651 0.078655 0.009695
8614 0.044855 0.771944 0.183200
8006 0.089560 0.748099 0.162341
7783 0.387571 0.011486 0.600943
9324 0.230787 0.407012 0.362202
10468 0.018649 0.017349 0.964002
8967 0.281526 0.435286 0.283188
10548 0.452194 0.411948 0.135858
10605 0.542075 0.071259 0.386666
17353 0.000000 0.677345 0.322655
17174 0.122214 0.484774 0.393011
16982 0.269369 0.653703 0.076928
17130 0.567749 0.432251 0.000000
17270 0.022365 0.894604 0.083031
17038 0.197836 0.142059 0.660105
16956 0.227983 0.447934 0.324083
17166 0.057544 0.837765 0.104691
17109 1.000000 0.000000 0.000000
17396 0.234907 0.000000 0.765093
17411 0.224455 0.504171 0.271374
8451 0.232275 0.517053 0.250672
7824 0.745620 0.045919 0.208462
7776 0.473832 0.102763 0.423405
9037 0.071902 0.902321 0.025777
9653 0.274141 0.138178 0.587681
8652 0.196501 0.718331 0.085168
10034 0.073384 0.833222 0.093394
10075 0.133542 0.046241 0.820217
7578 0.433191 0.166390 0.400419
6957 0.816702 0.031908 0.151391
7247 0.175514 0.329405 0.495081
7830 0.512899 0.161148 0.325953
7548 0.751338 0.179462 0.069200
7562 0.391169 0.183714 0.425117
8190 0.466104 0.143450 0.390446
8654 0.838379 0.045063 0.116558
8775 0.003300 0.920027 0.076672
9134 0.508942 0.002929 0.488129
8402 0.344189 0.183407 0.472404
8611 0.031786 0.701888 0.266326
8772 0.046513 0.558368 0.395119
9294 0.041464 0.784948 0.173588
8963 0.064544 0.628640 0.306816
9625 0.583627 0.384549 0.031824
7229 0.020596 0.179086 0.800319
6848 0.824453 0.001541 0.174006
7226 0.249348 0.643749 0.106903
7778 0.626527 0.171085 0.202387
8342 0.212292 0.325430 0.462278
7897 0.425277 0.330713 0.244010
8325 0.350680 0.379883 0.269436
8441 0.046503 0.160276 0.793221
7041 0.443124 0.430285 0.126592
6780 0.356088 0.398698 0.245214
7017 0.778387 0.173204 0.048410
7523 0.032609 0.412474 0.554916
8108 0.335009 0.418251 0.246740
7580 0.497865 0.153419 0.348716
8114 0.035280 0.271325 0.693395
8279 0.003488 0.279171 0.717341
6812 0.478304 0.036036 0.485661
6597 0.212859 0.371210 0.415931
6811 0.048932 0.244477 0.706590
7426 0.682211 0.297533 0.020257
8110 0.498489 0.024817 0.476694
7625 0.026777 0.449560 0.523663
8205 0.014872 0.771417 0.213711
8315 0.309409 0.104392 0.586198
8252 0.378777 0.579083 0.042140
7592 0.081837 0.808988 0.109175
7692 0.833388 0.119689 0.046923
8305 0.594743 0.318471 0.086786
7691 0.237102 0.354328 0.408570
7773 0.252023 0.747977 0.000000
8600 0.548048 0.078014 0.373939
8857 0.303834 0.689915 0.006251
9355 0.471412 0.248820 0.279768
9344 0.711941 0.046545 0.241514
8476 0.888624 0.034927 0.076450
8302 0.077262 0.255288 0.667450
9201 0.601445 0.105231 0.293324
9368 0.256606 0.307226 0.436169
9972 0.901694 0.059152 0.039154
9894 1.000000 0.000000 0.000000
8 0.710472 0.050832 0.238696
6506 0.066874 0.932749 0.000376
6725 0.030724 0.478303 0.490972
7449 0.025250 0.303051 0.671699
7996 0.189999 0.121804 0.688196
7454 0.468394 0.378505 0.153102
8090 0.518617 0.402121 0.079262
8158 0.431932 0.401428 0.166641
7 0.432951 0.394287 0.172762
6716 0.442633 0.302716 0.254651
6802 0.036187 0.533744 0.430070
7410 0.558923 0.227118 0.213959
7666 0.216529 0.557453 0.226018
7310 0.012272 0.257475 0.730253
7871 0.081710 0.266169 0.652120
7871 0.707588 0.159457 0.132955
7242 0.592955 0.046001 0.361043
5031 0.472969 0.459570 0.067461
4294 0.591599 0.117058 0.291343
4818 0.192865 0.338427 0.468708
3959 0.617241 0.150035 0.232724
2681 0.007001 0.584810 0.408189
2149 0.601504 0.027415 0.371081
1920 0.029113 0.622560 0.348327
1808 0.342467 0.190449 0.467084
1821 0.174094 0.695108 0.130799
2403 0.383636 0.117253 0.499111
3125 0.381075 0.060999 0.557926
3805 0.751898 0.070181 0.177922
2437 0.676249 0.089675 0.234076
2057 0.012192 0.976353 0.011455
3501 0.735407 0.150612 0.113980
2683 0.270700 0.460555 0.268746
3462 0.069384 0.587517 0.343099
2567 0.265920 0.272247 0.461833
2124 0.108551 0.717261 0.174188
1655 0.396404 0.144234 0.459362
1613 0.364636 0.072970 0.562393
1472 0.459811 0.467445 0.072744
1682 0.280197 0.286895 0.432908
1643 0.467494 0.445072 0.087434
2358 0.101410 0.835166 0.063424
2048 0.815991 0.018841 0.165168
1432 0.031820 0.288435 0.679745
1634 0.739699 0.231214 0.029086
1231 0.056393 0.081873 0.861734
996 0.076093 0.027796 0.896111
1773 0.041206 0.259165 0.699629
1397 0.148625 0.819446 0.031929
1764 0.584284 0.057555 0.358161
1367 0.262164 0.735548 0.002288
1244 0.373056 0.282065 0.344879
640 0.564929 0.021994 0.413077
1106 0.035358 0.404369 0.560273
631 0.378517 0.528384 0.093099
1262 0.314843 0.040470 0.644687
841 0.009041 0.973724 0.017235
1445 0.632789 0.288262 0.078949
1127 0.134190 0.208510 0.657299
295 0.265961 0.607801 0.126238
321 0.707201 0.059322 0.233478
234 0.216801 0.120405 0.662793
198 0.579971 0.238932 0.181097
479 0.299719 0.608825 0.091456
411 0.817626 0.009640 0.172734
593 0.216886 0.403657 0.379457
529 0.273266 0.053982 0.672751
908 0.105543 0.763674 0.130782
923 0.303158 0.367470 0.329371
711 0.205205 0.070154 0.724641
708 0.369094 0.428351 0.202555
1021 0.791338 0.070017 0.138645
1084 0.730157 0.117422 0.152421
1139 0.792359 0.195576 0.012065
1280 0.079392 0.899930 0.020678
231 0.175441 0.714772 0.109787
152 0.327677 0.097024 0.575299
341 0.943001 0.054842 0.002157
518 0.473543 0.325773 0.200684
934 0.299861 0.408030 0.292109
722 0.235122 0.672268 0.092610
1113 0.155624 0.519741 0.324635
1137 0.908890 0.019071 0.072039
242 0.497642 0.042631 0.459726
230 0.093079 0.432363 0.474558
357 0.583284 0.173009 0.243707
499 0.198433 0.154155 0.647412
849 0.327390 0.354211 0.318400
656 0.425524 0.482572 0.091905
970 0.147690 0.745126 0.107184
976 0.307652 0.184457 0.507891
539 0.132459 0.136319 0.731222
1205 0.031747 0.312024 0.656229
896 0.509030 0.033632 0.457338
1066 0.279239 0.237091 0.483670
796 0.392587 0.077848 0.529565
578 0.693579 0.136717 0.169704
475 0.143810 0.085374 0.770816
548 0.135283 0.864717 0.000000
666 0.021195 0.086447 0.892359
1107 0.204378 0.726668 0.068954
866 0.018317 0.527380 0.454302
1094 0.245702 0.639004 0.115294
738 0.423821 0.365076 0.211103
557 0.478314 0.233261 0.288426
369 0.567564 0.423166 0.009270
466 0.069543 0.809517 0.120940
613 0.613592 0.325601 0.060807
1829 0.578558 0.275642 0.145801
1750 0.223401 0.072166 0.704433
2021 0.110540 0.653313 0.236147
2227 0.089223 0.715697 0.195081
2177 0.374830 0.228341 0.396828
1474 0.024464 0.448274 0.527262
1341 0.417987 0.295914 0.286100
1449 0.660690 0.019509 0.319801
1926 0.186603 0.698783 0.114614
18068 0.585326 0.282346 0.132328
17638 0.090366 0.663208 0.246426
18172 0.572393 0.322132 0.105475
17375 0.122101 0.821472 0.056426
17616 0.231379 0.221800 0.546821
18001 0.289817 0.200488 0.509695
18151 0.177422 0.101666 0.720912
18400 0.261770 0.472382 0.265848
18490 0.696156 0.079613 0.224231
18365 0.000000 0.568483 0.431517
18261 0.267964 0.625874 0.106163
18171 0.803482 0.000000 0.196518
17932 0.083171 0.075498 0.841331
18282 0.172168 0.111299 0.716533
17845 0.064074 0.796023 0.139903
18171 0.821740 0.178260 0.000000
18119 0.077295 0.471021 0.451684
18288 0.191486 0.000000 0.808514
18022 0.334324 0.657416 0.008261
18147 0.225869 0.288982 0.485149
18124 0.224806 0.076688 0.698506
17646 0.495108 0.416698 0.088194
17632 0.215641 0.533891 0.250468
17833 0.123675 0.108294 0.768032
3443 0.263912 0.337586 0.398503
56 0.220728 0.631322 0.147950
43 0.456365 0.409065 0.134570
50 0.500636 0.003858 0.495506
2176 0.362741 0.492756 0.144503
2344 0.367625 0.418941 0.213434
2256 0.090458 0.249381 0.660161
1473 0.655920 0.184903 0.159176
1209 0.259897 0.572047 0.168056
1098 0.288422 0.312330 0.399248
1453 0.379069 0.424395 0.196536
1440 0.353132 0.593633 0.053235
1059 0.259274 0.276855 0.463871
145 0.387227 0.334966 0.277808
133 0.518572 0.244202 0.237225
563 0.024930 0.485641 0.489430
531 0.119143 0.000000 0.880857
1699 0.414429 0.066921 0.518650
1787 0.078492 0.085631 0.835878
159 0.000000 0.769171 0.230829
577 0.296495 0.665384 0.038121
1776 0.013801 0.406192 0.580007
15317 0.084498 0.252266 0.663236
14184 0.276206 0.571565 0.152229
16319 0.589137 0.354170 0.056692
16070 0.169079 0.599197 0.231724
16429 0.613461 0.005766 0.380774
16570 0.278998 0.462114 0.258888
16070 0.485919 0.050598 0.463484
16316 0.386900 0.089897 0.523203
16257 0.409440 0.334092 0.256468
16452 0.834030 0.165970 0.000000
17453 0.000000 0.635847 0.364153
16316 1.000000 0.000000 0.000000
16101 0.389211 0.401492 0.209296
16452 0.943497 0.047853 0.008650
17453 0.000000 0.589168 0.410832
16576 1.000000 0.000000 0.000000
17453 0.000000 0.507571 0.492429
16316 0.440049 0.000000 0.559951
16101 0.127514 0.399980 0.472506
