4798 0.351893 0.548755 0.099352
4794 0.607440 0.232743 0.159817
4815 0.792416 0.060105 0.147479
16991 0.844063 0.076564 0.079373
4827 0.038569 0.823704 0.137727
4823 0.034865 0.917534 0.047601
18739 0.002695 0.995547 0.001758
17060 0.907837 0.020309 0.071853
4767 0.925480 0.059174 0.015346
17041 0.054137 0.050122 0.895741
2160 0.214290 0.066590 0.719120
18802 0.162054 0.808693 0.029253
18806 0.243105 0.475532 0.281363
3032 0.000000 0.445479 0.554521
18814 0.398741 0.275495 0.325765
3743 0.000000 0.190686 0.809314
2290 0.259622 0.000000 0.740378
18818 0.027512 0.870247 0.102241
14121 0.948590 0.048384 0.003026
1552 0.920900 0.051805 0.027294
2990 0.016865 0.948080 0.035055
14133 0.174957 0.080487 0.744556
14247 0.398137 0.027573 0.574290
14361 0.342068 0.085457 0.572475
14365 0.388006 0.110299 0.501694
14408 0.164238 0.374820 0.460942
18541 0.162446 0.034082 0.803473
3321 0.132106 0.813404 0.054491
3296 0.124477 0.824126 0.051396
3269 0.101341 0.766039 0.132620
17003 0.935026 0.010330 0.054644
3256 0.039443 0.039806 0.920751
4347 0.850231 0.111780 0.037989
17028 0.911226 0.066403 0.022370
4754 0.033211 0.909545 0.057244
3289 0.164100 0.778688 0.057212
3294 0.227180 0.672658 0.100162
3281 0.190454 0.742076 0.067471
19467 0.841116 0.037151 0.121733
5160 0.308061 0.588386 0.103552
19229 0.019603 0.489893 0.490504
19239 0.424690 0.456792 0.118519
4912 0.513829 0.389274 0.096897
16956 0.313661 0.402383 0.283956
16968 0.532900 0.037063 0.430037
4854 0.129154 0.373190 0.497655
16933 0.499788 0.361740 0.138473
4838 0.550703 0.273377 0.175919
18726 0.559026 0.016639 0.424335
3145 0.162327 0.290233 0.547440
3150 0.641497 0.077687 0.280816
4881 0.728100 0.035484 0.236416
4901 0.281122 0.188112 0.530766
17399 0.040442 0.238685 0.720873
16937 0.323412 0.554126 0.122462
16945 0.170023 0.480860 0.349118
17180 0.205065 0.025201 0.769735
16904 0.314686 0.149991 0.535323
16960 0.415730 0.049181 0.535089
4851 0.216101 0.270775 0.513124
18671 0.474469 0.465343 0.060188
18679 0.205117 0.169628 0.625255
3013 0.422693 0.403997 0.173309
3078 0.329666 0.272680 0.397654
3082 0.014760 0.317804 0.667436
18693 0.129024 0.593366 0.277610
3096 0.065567 0.422404 0.512029
18721 0.573126 0.255546 0.171328
3092 0.000000 0.196808 0.803192
2863 0.804701 0.195299 0.000000
3149 0.130340 0.209297 0.660364
3162 0.234758 0.477389 0.287853
18666 0.295972 0.302748 0.401280
4467 0.204649 0.708015 0.087336
17338 0.414078 0.475862 0.110061
3122 0.379341 0.594963 0.025695
3126 0.914288 0.061247 0.024465
3133 0.155129 0.636220 0.208651
18682 0.250380 0.214038 0.535583
2881 0.598133 0.242052 0.159815
18977 0.139069 0.767774 0.093157
18930 0.039255 0.265250 0.695496
2892 0.793229 0.131295 0.075476
18924 0.805636 0.157673 0.036691
2862 0.010737 0.912429 0.076835
18911 0.514745 0.121407 0.363848
18950 0.097831 0.744323 0.157846
18949 0.438591 0.126250 0.435159
4473 0.085528 0.779485 0.134986
3159 0.365663 0.146444 0.487892
18937 0.521371 0.337793 0.140836
18933 0.217183 0.413665 0.369152
3114 0.034918 0.225541 0.739541
3117 0.027919 0.180311 0.791770
18987 0.057065 0.831080 0.111855
18825 0.183902 0.134567 0.681530
18843 0.075463 0.670640 0.253897
2961 0.085330 0.212345 0.702325
18863 0.044993 0.621304 0.333704
2836 0.688921 0.213705 0.097374
18847 0.620573 0.183733 0.195694
2845 0.714529 0.040890 0.244581
2848 0.772937 0.190371 0.036693
18969 0.129776 0.098266 0.771959
4480 0.298549 0.130160 0.571291
18944 0.074144 0.727798 0.198058
2822 0.009056 0.281368 0.709576
2826 0.086055 0.074040 0.839905
2829 0.045572 0.807576 0.146852
18992 0.652577 0.124823 0.222599
2966 0.107373 0.422033 0.470594
2984 0.099916 0.372681 0.527404
2980 0.000000 0.807005 0.192995
2977 0.133456 0.856665 0.009879
2972 0.441608 0.472058 0.086334
18895 0.809731 0.118384 0.071885
18899 0.374842 0.478764 0.146394
2916 0.265148 0.416977 0.317875
2912 0.123728 0.873865 0.002407
18897 0.191015 0.494732 0.314253
2873 0.057392 0.375947 0.566661
18973 0.063089 0.059801 0.877110
18879 0.935623 0.012390 0.051987
2936 0.692833 0.178723 0.128444
2933 0.078449 0.404867 0.516684
18556 0.326405 0.048213 0.625383
18392 0.187113 0.660490 0.152397
19064 0.497677 0.084916 0.417407
18397 0.467427 0.249761 0.282811
3441 0.621532 0.042994 0.335475
18451 0.045142 0.659003 0.295854
5557 0.788940 0.000532 0.210528
3405 0.169470 0.431762 0.398768
3358 0.901624 0.023775 0.074601
5572 0.013153 0.172961 0.813886
5544 0.035997 0.783339 0.180664
3335 0.165157 0.113016 0.721828
18466 0.081631 0.234392 0.683977
3331 0.208340 0.216874 0.574785
18534 0.981450 0.005227 0.013323
18511 0.335836 0.637240 0.026924
18499 0.171486 0.777937 0.050578
18321 0.437764 0.063097 0.499139
3370 0.497726 0.403240 0.099034
3374 0.289039 0.485424 0.225538
18443 0.049084 0.790108 0.160809
3347 0.006725 0.880131 0.113144
3344 0.683412 0.000000 0.316588
3362 0.244389 0.579128 0.176483
3372 0.184430 0.289825 0.525745
18593 0.564256 0.261839 0.173904
18590 0.360453 0.173655 0.465891
3249 0.957571 0.014324 0.028105
3218 0.214176 0.259923 0.525902
18559 0.140407 0.538504 0.321089
18373 0.799409 0.170291 0.030300
18594 0.966488 0.006750 0.026762
18302 0.400841 0.106099 0.493060
18305 0.065180 0.477953 0.456867
3381 0.000000 0.851039 0.148961
3481 0.231936 0.401489 0.366575
18316 0.841820 0.035642 0.122538
3487 0.556184 0.387234 0.056583
3235 0.271554 0.698588 0.029858
18375 0.018512 0.329788 0.651700
3475 0.527778 0.178883 0.293339
3512 0.291134 0.123107 0.585759
3508 0.061077 0.446239 0.492684
3468 0.324183 0.252749 0.423068
3431 0.169426 0.170520 0.660054
3459 0.133015 0.415756 0.451228
18583 0.311812 0.591314 0.096873
3251 0.251114 0.273915 0.474972
3232 0.930050 0.069950 0.000000
18637 0.124527 0.597309 0.278164
18640 0.191201 0.669664 0.139135
3171 0.246500 0.172719 0.580782
3167 0.248145 0.551862 0.199993
18608 0.865968 0.017390 0.116642
18601 0.074680 0.118377 0.806943
18613 0.265417 0.004084 0.730499
3199 0.261750 0.484508 0.253742
3195 0.646576 0.239366 0.114058
18494 0.358522 0.515779 0.125699
3193 0.128649 0.621649 0.249702
18610 0.069474 0.501228 0.429298
3203 0.067740 0.486326 0.445934
19099 0.469118 0.040300 0.490582
19129 0.180726 0.055074 0.764201
5538 0.230958 0.073888 0.695154
5525 0.202716 0.453696 0.343588
5521 0.378279 0.360019 0.261702
5496 0.539234 0.267519 0.193247
5481 0.233480 0.437163 0.329357
3313 0.686117 0.026218 0.287665
3309 0.443453 0.113416 0.443131
3305 0.119401 0.476218 0.404381
19067 0.305153 0.521416 0.173431
5609 0.280310 0.157517 0.562172
19018 0.005380 0.168970 0.825650
5581 0.020259 0.807675 0.172067
5072 0.040362 0.531613 0.428025
5013 0.416664 0.453538 0.129797
19556 0.869386 0.122847 0.007767
5252 0.749559 0.017063 0.233378
19389 0.183661 0.064367 0.751971
4959 0.135969 0.125483 0.738548
19676 0.528020 0.241177 0.230803
4964 0.052013 0.598823 0.349164
4956 0.327429 0.220053 0.452518
19671 0.234621 0.322537 0.442842
19661 0.785203 0.190489 0.024308
19126 0.052799 0.636600 0.310600
19125 0.370587 0.036533 0.592880
19098 0.311384 0.493404 0.195212
19527 0.222581 0.452520 0.324899
19437 0.144748 0.362835 0.492417
19431 0.100668 0.130788 0.768544
19435 0.052700 0.446974 0.500325
19426 0.577744 0.127590 0.294666
5258 0.381601 0.572075 0.046324
5262 0.060129 0.685346 0.254525
5266 0.053146 0.724887 0.221967
19367 0.231986 0.099765 0.668249
19360 0.136993 0.713154 0.149854
19504 0.057184 0.484242 0.458574
19519 0.417857 0.062964 0.519180
5169 0.161707 0.600663 0.237630
5172 0.318406 0.141706 0.539887
17562 0.631385 0.073346 0.295269
17503 0.887721 0.058162 0.054117
19458 0.153559 0.833713 0.012728
5183 0.146895 0.068798 0.784307
19449 0.211695 0.493616 0.294689
19445 0.575366 0.019044 0.405589
5140 0.886169 0.054699 0.059132
5132 0.272268 0.616185 0.111547
19488 0.819970 0.115462 0.064568
5108 0.578666 0.307260 0.114073
19497 0.253047 0.040519 0.706434
19355 0.113772 0.761147 0.125081
19399 0.078721 0.195154 0.726126
5190 0.737114 0.120116 0.142770
5211 0.553259 0.270897 0.175844
19410 0.733892 0.148971 0.117137
5225 0.183860 0.603632 0.212508
19612 0.451268 0.139131 0.409601
19638 0.242321 0.435360 0.322319
5129 0.490550 0.158267 0.351183
4994 0.135378 0.531830 0.332792
4971 0.232451 0.338156 0.429393
4975 0.012960 0.972326 0.014714
19654 0.080450 0.400630 0.518920
19650 0.151690 0.196443 0.651867
4985 0.028749 0.047160 0.924091
5011 0.046086 0.804072 0.149843
4969 0.294877 0.509407 0.195716
19699 0.780614 0.039565 0.179821
19692 0.203670 0.074808 0.721522
4940 0.230388 0.378052 0.391560
19689 0.436750 0.411661 0.151589
4944 0.528000 0.120197 0.351803
5007 0.782900 0.081570 0.135530
5005 0.041209 0.462189 0.496603
19630 0.652208 0.016785 0.331008
5002 0.720138 0.027784 0.252078
19683 0.793077 0.036340 0.170584
4998 0.780994 0.183162 0.035844
19632 0.014110 0.605689 0.380202
19658 0.165417 0.684983 0.149599
4996 0.006062 0.224245 0.769692
19611 0.166383 0.125310 0.708307
5081 0.717209 0.184245 0.098546
4950 0.099776 0.258041 0.642183
19595 0.025264 0.035634 0.939102
19540 0.282907 0.070393 0.646700
5093 0.289939 0.008083 0.701977
19539 0.511319 0.076263 0.412418
5060 0.118638 0.404285 0.477078
5063 0.388025 0.569590 0.042384
5513 0.530299 0.459111 0.010589
5050 0.594137 0.251889 0.153974
5019 0.197611 0.083568 0.718821
5024 0.586109 0.257268 0.156623
5094 0.526291 0.114531 0.359178
5090 0.058626 0.650972 0.290402
19594 0.063842 0.475720 0.460438
19593 0.466357 0.342716 0.190927
5082 0.000000 0.942190 0.057810
5031 0.017602 0.982398 0.000000
19583 0.057752 0.610728 0.331520
19607 0.432368 0.032217 0.535415
5028 0.478747 0.294240 0.227013
5022 0.029345 0.889416 0.081238
19582 0.759560 0.160217 0.080223
5016 0.380756 0.599922 0.019322
5034 0.194165 0.646216 0.159619
5037 0.351504 0.417412 0.231085
19127 0.843649 0.114079 0.042272
5043 0.191676 0.335164 0.473160
5489 0.821900 0.013138 0.164962
19143 0.185023 0.001483 0.813494
5462 0.675127 0.223581 0.101292
5457 0.735423 0.002124 0.262453
5461 0.648122 0.181756 0.170122
19134 0.015361 0.528432 0.456207
19170 0.034647 0.346484 0.618869
9213 0.018674 0.593958 0.387367
9200 0.068984 0.036884 0.894132
9194 0.233447 0.296607 0.469946
9198 0.262333 0.406029 0.331638
9202 0.293827 0.497488 0.208685
9206 0.352571 0.503088 0.144342
16361 0.162745 0.779109 0.058145
9417 0.071411 0.800971 0.127618
9413 0.131437 0.651179 0.217384
16396 0.656605 0.322792 0.020602
16401 0.485636 0.181757 0.332607
16388 0.535943 0.077500 0.386556
9435 0.019091 0.177862 0.803047
16505 0.870235 0.003613 0.126152
5540 0.338491 0.226506 0.435003
5541 0.497655 0.111939 0.390406
19036 0.520401 0.309101 0.170498
19029 0.587185 0.091556 0.321259
19000 0.806621 0.128977 0.064402
5564 0.315351 0.549225 0.135425
5568 0.113447 0.638453 0.248100
5620 0.325858 0.590136 0.084006
19059 0.111686 0.123602 0.764712
5413 0.736570 0.017626 0.245805
17332 0.175546 0.657485 0.166970
5575 0.023488 0.641381 0.335131
19078 0.073061 0.071247 0.855693
5551 0.009208 0.449914 0.540878
5554 0.012935 0.559248 0.427817
19047 0.531110 0.039529 0.429361
5359 0.023701 0.547301 0.428998
5278 0.261016 0.665048 0.073935
5298 0.445680 0.485027 0.069293
19301 0.172043 0.617164 0.210793
19283 0.274699 0.667373 0.057928
19265 0.545841 0.226938 0.227222
5322 0.094957 0.596741 0.308302
19274 0.661510 0.168650 0.169840
4409 0.057770 0.578752 0.363479
5355 0.096817 0.551746 0.351437
5315 0.048165 0.294326 0.657509
19304 0.247222 0.190065 0.562713
19323 0.775668 0.131640 0.092691
19211 0.818800 0.008447 0.172753
5291 0.024764 0.023056 0.952181
5296 0.283406 0.659355 0.057239
4514 0.367719 0.418809 0.213473
4886 0.666631 0.171430 0.161939
5307 0.210608 0.211502 0.577890
19201 0.465742 0.321753 0.212505
5364 0.240855 0.143401 0.615744
19210 0.412353 0.192278 0.395369
4564 0.568440 0.284207 0.147353
4418 0.233823 0.084685 0.681492
4426 0.704974 0.224166 0.070860
4296 0.642380 0.098125 0.259496
5431 0.909454 0.068791 0.021756
5385 0.308557 0.622356 0.069086
5380 0.089183 0.826222 0.084594
19253 0.029991 0.799438 0.170571
5432 0.856909 0.130505 0.012586
5368 0.043398 0.879997 0.076606
17354 0.006550 0.877463 0.115987
2909 0.394205 0.492902 0.112893
18664 0.134133 0.110481 0.755387
18294 0.923339 0.017800 0.058861
18869 0.856862 0.100002 0.043136
17360 0.085233 0.512808 0.401959
4455 0.846811 0.123196 0.029993
17358 0.074938 0.752926 0.172136
4476 0.159616 0.425213 0.415171
2851 0.113532 0.051537 0.834930
17409 0.231360 0.184053 0.584587
4407 0.079507 0.275156 0.645337
17377 0.006807 0.331945 0.661248
17385 0.268945 0.158902 0.572154
17327 0.146466 0.533895 0.319639
4529 0.894291 0.008308 0.097401
4553 0.145142 0.425158 0.429700
17269 0.067749 0.123781 0.808471
17274 0.084801 0.465027 0.450172
4503 0.904874 0.030403 0.064723
17305 0.177489 0.697173 0.125338
4267 0.222729 0.140129 0.637141
17246 0.093112 0.514404 0.392484
17250 0.275772 0.005524 0.718704
17295 0.599123 0.100641 0.300236
17303 0.308283 0.267160 0.424558
17283 0.017541 0.209217 0.773243
17309 0.288535 0.245754 0.465711
4559 0.528639 0.161950 0.309412
4489 0.138527 0.167177 0.694296
17289 0.250578 0.343829 0.405593
17292 0.167134 0.190491 0.642374
17414 0.248457 0.131730 0.619812
17300 0.312018 0.230506 0.457476
4525 0.010546 0.428040 0.561414
4511 0.230264 0.226446 0.543290
17536 0.311877 0.168344 0.519779
4483 0.900709 0.093537 0.005754
4282 0.871758 0.014458 0.113784
17504 0.096744 0.321411 0.581845
4269 0.371233 0.188109 0.440658
17587 0.066216 0.025929 0.907855
17556 0.422812 0.192506 0.384681
16889 0.215471 0.211381 0.573148
4232 0.101374 0.719274 0.179352
17585 0.370861 0.478272 0.150867
17581 0.242586 0.148140 0.609275
17577 0.221897 0.018168 0.759935
17573 0.343401 0.036575 0.620024
17547 0.759571 0.169265 0.071164
4230 0.827419 0.129498 0.043083
17441 0.032562 0.805743 0.161695
17027 0.800589 0.002552 0.196859
4243 0.314259 0.359035 0.326706
17145 0.062672 0.731746 0.205582
17142 0.893419 0.102772 0.003809
4319 0.031992 0.391911 0.576097
18105 0.103792 0.013254 0.882954
4620 0.812594 0.110281 0.077124
17234 0.652985 0.168052 0.178963
18112 0.301492 0.125462 0.573046
18097 0.082362 0.241438 0.676200
892 0.431575 0.516917 0.051509
889 0.601344 0.379958 0.018698
14421 0.282096 0.191567 0.526337
833 0.293533 0.449783 0.256684
4358 0.709201 0.005993 0.284806
17424 0.646802 0.152270 0.200928
17455 0.692449 0.097518 0.210033
4370 0.948374 0.001788 0.049839
14369 0.247299 0.067978 0.684723
17022 0.107068 0.077711 0.815221
17477 0.187567 0.115189 0.697245
4337 0.376579 0.615144 0.008276
4333 0.296956 0.537878 0.165167
4747 0.325469 0.632194 0.042337
17009 0.069340 0.704610 0.226050
17013 0.000562 0.692552 0.306887
4801 0.137102 0.050971 0.811927
16980 0.096396 0.629712 0.273892
16985 0.027011 0.394448 0.578541
16988 0.002718 0.243626 0.753655
16992 0.009864 0.071652 0.918484
4825 0.063285 0.028035 0.908680
17045 0.228819 0.018145 0.753036
17049 0.162192 0.054597 0.783211
17053 0.046574 0.031458 0.921967
17099 0.098141 0.124711 0.777149
17103 0.166688 0.333079 0.500234
21364 0.044638 0.465940 0.489422
4759 0.936907 0.059700 0.003393
17473 0.047238 0.881958 0.070804
4750 0.083003 0.677572 0.239425
4771 0.226723 0.304689 0.468589
4787 0.631901 0.089331 0.278768
16973 0.015048 0.573114 0.411838
4777 0.484918 0.241541 0.273542
4773 0.372365 0.209481 0.418153
4879 0.151798 0.308751 0.539451
4897 0.145389 0.395819 0.458792
4728 0.413283 0.330879 0.255838
4732 0.813297 0.140243 0.046460
4920 0.118473 0.114403 0.767124
4921 0.178153 0.560175 0.261672
4909 0.151793 0.032714 0.815493
4853 0.085838 0.127600 0.786562
4845 0.322011 0.358489 0.319500
4846 0.262081 0.139280 0.598639
4873 0.530874 0.010881 0.458245
4902 0.490451 0.179167 0.330382
16955 0.361543 0.431704 0.206754
16967 0.155324 0.328769 0.515908
16966 0.000000 0.819913 0.180087
16938 0.000000 0.800377 0.199623
17175 0.000000 0.145868 0.854132
17192 0.028655 0.622205 0.349140
16929 0.152746 0.481478 0.365777
16972 0.217871 0.164128 0.618000
16940 0.183706 0.220973 0.595321
17166 0.249728 0.060785 0.689488
18109 0.620275 0.096039 0.283686
922 0.097864 0.809851 0.092285
17225 0.126640 0.824835 0.048525
17229 0.002553 0.939101 0.058346
4641 0.917418 0.058642 0.023940
17230 0.989316 0.004592 0.006093
4592 0.100610 0.254811 0.644579
17200 0.325680 0.487244 0.187075
17205 0.213997 0.283732 0.502271
17208 0.212215 0.198506 0.589279
17212 0.191391 0.055605 0.753004
4606 0.013151 0.222445 0.764404
17088 0.222304 0.140018 0.637677
17092 0.131107 0.192287 0.676606
17096 0.040565 0.144588 0.814847
22270 0.082234 0.432456 0.485310
15227 0.391660 0.427224 0.181116
504 0.447665 0.105936 0.446399
4635 0.150609 0.755268 0.094123
17182 0.807717 0.182630 0.009654
18087 0.721816 0.052683 0.225501
17154 0.693065 0.131541 0.175394
17158 0.675154 0.069666 0.255180
18028 0.360813 0.108513 0.530674
18053 0.226140 0.145339 0.628521
776 0.044398 0.432868 0.522734
18032 0.226945 0.141752 0.631302
18036 0.441727 0.075931 0.482342
17976 0.419096 0.038166 0.542738
17980 0.521892 0.092503 0.385605
17965 0.711626 0.088318 0.200057
17944 0.131863 0.158605 0.709531
17997 0.786737 0.060471 0.152793
18101 0.482894 0.004855 0.512252
2814 0.271324 0.479237 0.249439
4691 0.144728 0.557775 0.297497
17140 0.073893 0.885616 0.040492
4731 0.135226 0.344089 0.520686
4734 0.260322 0.606969 0.132709
4738 0.048384 0.687222 0.264394
4695 0.128889 0.087815 0.783296
4742 0.095511 0.732955 0.171534
4727 0.179745 0.794294 0.025961
4707 0.159582 0.056821 0.783597
4711 0.144243 0.211160 0.644597
4716 0.104297 0.420223 0.475481
944 0.001057 0.979370 0.019573
17120 0.029671 0.956000 0.014330
4663 0.182453 0.077140 0.740407
4667 0.197316 0.304638 0.498046
4680 0.174360 0.524787 0.300853
17138 0.326678 0.166637 0.506685
18279 0.095892 0.143507 0.760602
721 0.212168 0.626008 0.161824
717 0.336011 0.564712 0.099277
18252 0.488109 0.064381 0.447510
741 0.372373 0.391413 0.236214
732 0.160233 0.179969 0.659798
18160 0.376537 0.316731 0.306732
1459 0.046816 0.240825 0.712359
18185 0.893425 0.083602 0.022974
18164 0.254229 0.113261 0.632510
801 0.147845 0.067555 0.784600
18169 0.255409 0.520114 0.224476
18182 0.531841 0.242597 0.225562
18002 0.615239 0.343691 0.041070
18245 0.036240 0.277057 0.686703
762 0.755288 0.176069 0.068642
753 0.119993 0.849906 0.030102
18282 0.038244 0.741869 0.219887
713 0.057736 0.669994 0.272270
18262 0.333273 0.026756 0.639971
765 0.747746 0.131521 0.120733
18228 0.089440 0.314764 0.595796
752 0.053368 0.046696 0.899936
18226 0.178871 0.810198 0.010931
769 0.213721 0.621672 0.164608
18227 0.175975 0.141110 0.682915
22322 0.401381 0.223868 0.374751
17948 0.762797 0.143215 0.093988
17953 0.172515 0.017522 0.809963
17956 0.209026 0.111470 0.679504
1049 0.775744 0.022901 0.201355
1045 0.832400 0.055302 0.112299
996 0.001008 0.862623 0.136369
1000 0.121158 0.649407 0.229435
1306 0.370555 0.565325 0.064120
18005 0.214540 0.586885 0.198575
18089 0.811281 0.003442 0.185277
919 0.287132 0.521834 0.191035
882 0.148102 0.014321 0.837576
888 0.136666 0.560640 0.302694
3738 0.679049 0.101728 0.219223
18023 0.158087 0.250197 0.591716
979 0.079955 0.113651 0.806394
975 0.107517 0.156405 0.736077
971 0.048391 0.219165 0.732444
18239 0.122267 0.140797 0.736935
18232 0.626646 0.067234 0.306120
17706 0.240632 0.049196 0.710172
18250 0.196143 0.066839 0.737019
18183 0.035116 0.078513 0.886371
18150 0.123426 0.170378 0.706197
845 0.954815 0.012986 0.032199
1389 0.025982 0.113007 0.861011
17661 0.132776 0.066206 0.801018
17665 0.037876 0.118213 0.843911
1153 0.015554 0.907485 0.076961
1148 0.411350 0.145697 0.442952
17830 0.635177 0.364823 0.000000
21672 0.064034 0.780221 0.155745
1174 0.876889 0.079684 0.043427
1181 0.765839 0.071595 0.162566
14080 0.034661 0.105791 0.859549
1271 0.861344 0.047863 0.090793
17679 0.950765 0.020493 0.028743
856 0.058237 0.042489 0.899274
18132 0.117871 0.072672 0.809457
18136 0.137540 0.132817 0.729643
17820 0.080760 0.127758 0.791482
219 0.068431 0.767937 0.163632
347 0.214956 0.535437 0.249607
21576 0.130275 0.074786 0.794939
1249 0.243769 0.041391 0.714840
780 0.033617 0.927717 0.038666
18163 0.200583 0.060882 0.738535
18189 0.642474 0.192555 0.164971
860 0.029845 0.053361 0.916795
708 0.021133 0.740821 0.238046
18256 0.504690 0.037691 0.457618
730 0.072446 0.066251 0.861303
14392 0.225332 0.751783 0.022885
871 0.787298 0.047702 0.165000
865 0.176334 0.109614 0.714052
17885 0.336803 0.013575 0.649622
17869 0.274802 0.405034 0.320165
1097 0.017372 0.904567 0.078061
17805 0.283197 0.114673 0.602130
17786 0.012538 0.035984 0.951477
1093 0.247791 0.488270 0.263940
1377 0.551213 0.026869 0.421918
17712 0.101449 0.126675 0.771876
17698 0.440189 0.493048 0.066764
1295 0.821537 0.051501 0.126963
1249 0.010435 0.395201 0.594365
1266 0.137559 0.682301 0.180140
1263 0.175642 0.757061 0.067296
17616 0.209187 0.083195 0.707619
17620 0.241840 0.128652 0.629508
17624 0.259784 0.169926 0.570289
17628 0.011375 0.048595 0.940030
1246 0.441463 0.236847 0.321689
1242 0.496038 0.395782 0.108180
17724 0.049021 0.510464 0.440514
17728 0.052419 0.493635 0.453947
17733 0.503770 0.069898 0.426332
21621 0.846285 0.047828 0.105888
17695 0.728324 0.241193 0.030483
1310 0.818324 0.040588 0.141088
17743 0.026631 0.296525 0.676845
17748 0.040388 0.296310 0.663303
17752 0.040159 0.295471 0.664370
21617 0.128764 0.311945 0.559292
1229 0.101592 0.788159 0.110249
17719 0.892348 0.042987 0.064665
1286 0.747091 0.251895 0.001014
17680 0.032828 0.344013 0.623158
1278 0.632776 0.331678 0.035547
21592 0.377766 0.389984 0.232250
1375 0.046778 0.267438 0.685785
1370 0.891827 0.098333 0.009840
17596 0.027929 0.394697 0.577375
1384 0.351129 0.587959 0.060912
1402 0.282502 0.473883 0.243615
21565 0.657970 0.284677 0.057353
1399 0.865368 0.055778 0.078854
17641 0.094631 0.053194 0.852175
17654 0.210712 0.125529 0.663759
17649 0.053596 0.080055 0.866349
1334 0.048647 0.824051 0.127301
17644 0.368612 0.345777 0.285610
21612 0.369529 0.549610 0.080862
1325 0.124158 0.013299 0.862544
17889 0.029223 0.049582 0.921195
17893 0.122341 0.024516 0.853142
1105 0.062395 0.080232 0.857373
1351 0.015655 0.966906 0.017439
1346 0.091993 0.414884 0.493123
178 0.153908 0.350303 0.495789
1231 0.008043 0.185648 0.806309
17890 0.919990 0.045463 0.034547
1110 0.019913 0.911859 0.068228
17932 0.033173 0.895662 0.071165
17929 0.013452 0.051903 0.934645
17862 0.845604 0.060883 0.093513
21596 0.346710 0.324668 0.328622
1134 0.206932 0.590317 0.202752
1131 0.001712 0.844096 0.154192
1126 0.070172 0.797795 0.132034
1122 0.062679 0.894880 0.042440
1123 0.862602 0.102509 0.034888
1098 0.846959 0.056758 0.096283
21614 0.224247 0.455343 0.320410
1215 0.178030 0.698180 0.123790
1212 0.048514 0.847820 0.103667
1159 0.000000 0.065246 0.934754
1062 0.551251 0.111853 0.336895
1058 0.159262 0.627001 0.213738
17912 0.075332 0.155565 0.769103
1090 0.288291 0.630815 0.080894
1087 0.685901 0.294329 0.019770
17792 0.023799 0.644478 0.331722
17782 0.397192 0.490849 0.111959
1223 0.141124 0.712493 0.146383
17835 0.114685 0.025643 0.859671
1200 0.113335 0.202466 0.684200
17844 0.849337 0.065175 0.085488
17843 0.007218 0.871002 0.121780
1168 0.130487 0.653037 0.216477
17827 0.108741 0.293296 0.597963
397 0.546467 0.445984 0.007549
1184 0.705105 0.051616 0.243279
1173 0.431424 0.484045 0.084531
304 0.120858 0.805465 0.073676
236 0.049052 0.033759 0.917189
221 0.756278 0.087112 0.156609
250 0.157243 0.276984 0.565774
244 0.031811 0.114759 0.853431
312 0.958200 0.022072 0.019728
311 0.069299 0.732097 0.198604
315 0.242893 0.167071 0.590036
21482 0.164512 0.755895 0.079593
191 0.036686 0.034691 0.928623
8 0.791871 0.005175 0.202954
322 0.020560 0.892005 0.087435
21607 0.349789 0.600363 0.049848
21611 0.104368 0.549820 0.345812
21503 0.080577 0.689389 0.230034
21487 0.014211 0.967390 0.018399
342 0.354686 0.576978 0.068336
335 0.725605 0.243095 0.031300
21531 0.003005 0.403991 0.593004
21535 0.001726 0.584024 0.414250
21539 0.049308 0.666064 0.284629
21773 0.028232 0.748909 0.222859
21536 0.028466 0.408583 0.562950
269 0.020181 0.923130 0.056688
21524 0.588516 0.143572 0.267912
294 0.017160 0.139649 0.843192
21522 0.037779 0.926078 0.036143
21474 0.078545 0.894684 0.026771
21391 0.240809 0.704027 0.055164
21435 0.751126 0.238541 0.010333
21432 0.015937 0.155353 0.828710
358 0.755761 0.225686 0.018552
33 0.675506 0.293994 0.030500
21780 0.239116 0.663256 0.097628
21636 0.003175 0.900594 0.096231
21243 0.044415 0.146416 0.809169
91 0.964060 0.030087 0.005853
90 0.014474 0.752100 0.233425
75 0.003603 0.695754 0.300644
30 0.124228 0.649083 0.226689
21700 0.672446 0.257449 0.070105
21694 0.158906 0.688037 0.153058
21635 0.042468 0.029907 0.927625
21221 0.044531 0.508649 0.446820
110 0.318745 0.151782 0.529473
351 0.588235 0.091165 0.320600
361 0.184766 0.588612 0.226622
21247 0.360526 0.112772 0.526702
21251 0.526914 0.160157 0.312928
21254 0.161025 0.230381 0.608595
568 0.812604 0.001359 0.186037
21135 0.129411 0.856109 0.014480
604 0.048171 0.349648 0.602182
354 0.590492 0.095412 0.314096
21371 0.095493 0.373151 0.531356
696 0.717855 0.161835 0.120310
21401 0.205989 0.213823 0.580188
21412 0.096564 0.559697 0.343739
21394 0.778870 0.153943 0.067187
402 0.856962 0.006457 0.136581
391 0.707370 0.286357 0.006273
21727 0.008487 0.195258 0.796255
44 0.299891 0.578400 0.121709
65 0.300789 0.241256 0.457955
21743 0.149200 0.658777 0.192023
21666 0.245733 0.458695 0.295572
21662 0.522851 0.421356 0.055793
32 0.318149 0.483969 0.197883
21393 0.183257 0.080898 0.735845
148 0.768131 0.220429 0.011440
21452 0.131253 0.377655 0.491092
287 0.678304 0.204167 0.117528
173 0.456235 0.397420 0.146345
59 0.233663 0.384828 0.381509
21746 0.469718 0.339372 0.190910
21785 0.176889 0.709962 0.113149
21795 0.670865 0.091938 0.237197
21798 0.136216 0.194893 0.668891
66 0.059041 0.036613 0.904345
67 0.237306 0.706838 0.055856
21791 0.685042 0.125753 0.189204
39 0.505228 0.494772 0.000000
71 0.152123 0.467806 0.380071
21799 0.840834 0.106333 0.052833
15 0.102363 0.836922 0.060714
21781 0.009758 0.131430 0.858812
21679 0.135111 0.773823 0.091066
21543 0.163793 0.351260 0.484947
21660 0.262152 0.469800 0.268049
386 0.245069 0.037930 0.717001
21439 0.422754 0.193919 0.383327
21454 0.008847 0.125299 0.865854
89 0.092254 0.006366 0.901380
137 0.242192 0.617769 0.140038
21650 0.126098 0.550177 0.323725
168 0.261878 0.113435 0.624686
164 0.255677 0.054451 0.689873
159 0.374456 0.563605 0.061939
357 0.156354 0.225978 0.617668
21691 0.261233 0.187633 0.551134
94 0.400492 0.425382 0.174125
98 0.634252 0.271965 0.093783
21717 0.084321 0.720699 0.194980
21722 0.066010 0.564443 0.369546
156 0.166576 0.112220 0.721204
537 0.014247 0.018448 0.967304
593 0.222379 0.726198 0.051423
575 0.090636 0.770628 0.138736
579 0.102305 0.349107 0.548589
21228 0.096370 0.417117 0.486513
586 0.016133 0.236304 0.747564
546 0.023600 0.601735 0.374664
21262 0.535275 0.064235 0.400490
21277 0.041076 0.736549 0.222375
21282 0.315353 0.667203 0.017445
597 0.676005 0.090689 0.233307
600 0.308171 0.681972 0.009857
21119 0.842510 0.120158 0.037332
664 0.881464 0.011624 0.106912
21154 0.095129 0.000020 0.904851
21165 0.354264 0.071743 0.573993
657 0.378397 0.370746 0.250857
21141 0.085527 0.413121 0.501353
21193 0.156937 0.799733 0.043331
21184 0.797815 0.193221 0.008964
21177 0.093906 0.048335 0.857759
682 0.146562 0.555475 0.297963
635 0.020237 0.240180 0.739583
649 0.144007 0.553974 0.302019
21380 0.314913 0.274221 0.410866
21384 0.282050 0.405721 0.312229
21388 0.359743 0.159040 0.481217
419 0.449680 0.009217 0.541103
21455 0.166176 0.747561 0.086263
403 0.014967 0.763825 0.221209
21415 0.420509 0.076923 0.502568
2351 0.942432 0.056995 0.000573
21919 0.067341 0.095022 0.837637
21945 0.106031 0.087252 0.806718
2111 0.173752 0.738888 0.087359
2373 0.039114 0.043884 0.917002
14943 0.199356 0.176617 0.624027
14940 0.132722 0.460833 0.406446
15131 0.065644 0.345740 0.588616
14076 0.007596 0.856194 0.136210
21309 0.041329 0.926916 0.031755
377 0.004428 0.030575 0.964997
464 0.001138 0.972489 0.026374
2116 0.024700 0.929253 0.046046
15014 0.127493 0.082994 0.789513
15114 0.077858 0.526625 0.395517
1510 0.803566 0.108634 0.087800
1514 0.735997 0.144747 0.119256
456 0.764414 0.142136 0.093450
2289 0.718899 0.206547 0.074554
14985 0.787659 0.108191 0.104150
14228 0.186061 0.579374 0.234565
1997 0.011356 0.902481 0.086162
14970 0.863408 0.117354 0.019238
22294 0.802378 0.046431 0.151190
21322 0.869440 0.026168 0.104392
14107 0.179280 0.042563 0.778157
14111 0.116823 0.015420 0.867757
475 0.200015 0.789185 0.010800
21459 0.034237 0.919682 0.046081
21330 0.053604 0.029555 0.916841
21334 0.092067 0.105486 0.802447
21339 0.928907 0.038011 0.033082
2439 0.183894 0.755763 0.060343
451 0.966273 0.002284 0.031443
21333 0.004105 0.950152 0.045742
512 0.910802 0.049359 0.039839
15104 0.047663 0.050957 0.901381
2174 0.016281 0.959592 0.024127
519 0.025288 0.792463 0.182249
510 0.043983 0.116432 0.839585
21357 0.041779 0.019683 0.938537
2180 0.874630 0.079694 0.045676
2128 0.823773 0.134039 0.042188
494 0.013103 0.145030 0.841867
490 0.021138 0.120415 0.858447
486 0.026556 0.109900 0.863544
2574 0.827782 0.001963 0.170255
15117 0.045156 0.271868 0.682976
1406 0.084994 0.757337 0.157668
22292 0.131392 0.050816 0.817792
2338 0.028923 0.129830 0.841247
2108 0.745875 0.065187 0.188939
2291 0.000000 0.692973 0.307027
21914 0.041823 0.932916 0.025261
2363 0.018552 0.094579 0.886868
2359 0.046188 0.118423 0.835389
2131 0.765362 0.031051 0.203587
21861 0.013604 0.144778 0.841618
2303 0.060870 0.003203 0.935927
2299 0.086795 0.041239 0.871966
21858 0.209970 0.778104 0.011926
2149 0.530213 0.204982 0.264805
6094 0.262998 0.401683 0.335319
21874 0.049661 0.912754 0.037585
22075 0.137522 0.810286 0.052192
22102 0.123511 0.716862 0.159627
2145 0.550162 0.235629 0.214209
15027 0.672922 0.188428 0.138650
2432 0.025520 0.830680 0.143800
2437 0.112642 0.679001 0.208357
2429 0.227564 0.764165 0.008272
2226 0.712268 0.248246 0.039485
14668 0.055430 0.753682 0.190888
14659 0.027530 0.832726 0.139744
2260 0.853113 0.033373 0.113514
2152 0.002623 0.937499 0.059878
2444 0.139418 0.837596 0.022985
15028 0.056343 0.937000 0.006657
2448 0.069097 0.740496 0.190407
15021 0.827787 0.093394 0.078819
2441 0.043399 0.860547 0.096054
14963 0.085849 0.044951 0.869201
14959 0.141748 0.041830 0.816422
14209 0.942329 0.053047 0.004624
2409 0.030506 0.912583 0.056912
2410 0.950810 0.015469 0.033722
14232 0.078970 0.775825 0.145204
2155 0.699965 0.011220 0.288814
15057 0.043937 0.001991 0.954072
2176 0.090072 0.857953 0.051976
15172 0.916986 0.002868 0.080147
2618 0.627603 0.121935 0.250462
15142 0.195835 0.405265 0.398901
14499 0.036861 0.132324 0.830816
14519 0.034248 0.105793 0.859958
21298 0.951823 0.047048 0.001129
2339 0.065073 0.057010 0.877918
22260 0.073503 0.082372 0.844125
14544 0.938621 0.036758 0.024621
14838 0.027437 0.071199 0.901364
14952 0.040461 0.248718 0.710822
14864 0.022484 0.407440 0.570076
14731 0.025965 0.347296 0.626739
15070 0.038595 0.674864 0.286541
15074 0.027753 0.428553 0.543693
9391 0.823763 0.049794 0.126443
9390 0.884759 0.106426 0.008815
14851 0.013947 0.019658 0.966395
2247 0.010545 0.003843 0.985612
14478 0.930036 0.021486 0.048479
15136 0.035554 0.243924 0.720523
1639 0.109502 0.356962 0.533536
15279 0.190723 0.089608 0.719669
14826 0.101521 0.887451 0.011028
2694 0.963725 0.035693 0.000582
14810 0.016965 0.041091 0.941944
15175 0.111008 0.090783 0.798210
14715 0.024349 0.010532 0.965119
2755 0.040986 0.845618 0.113396
14932 0.041258 0.075204 0.883538
14842 0.014817 0.139806 0.845377
14778 0.032916 0.198669 0.768415
15323 0.776612 0.105638 0.117751
2726 0.579545 0.250040 0.170415
15322 0.228367 0.310199 0.461433
15348 0.069616 0.163842 0.766542
15349 0.207174 0.173115 0.619711
2773 0.920270 0.018760 0.060970
15385 0.909420 0.033722 0.056857
2530 0.838224 0.080817 0.080959
2749 0.745111 0.085227 0.169662
2547 0.759372 0.000000 0.240628
2542 0.403479 0.402706 0.193814
2546 0.740247 0.121767 0.137986
2515 0.753958 0.162463 0.083579
2252 0.071462 0.815136 0.113402
15404 0.932785 0.040570 0.026645
15174 0.277278 0.193722 0.529000
2598 0.293223 0.593224 0.113552
2603 0.101696 0.862814 0.035490
2634 0.016120 0.860720 0.123161
2630 0.834074 0.060817 0.105109
2607 0.005943 0.872930 0.121128
2723 0.510260 0.368742 0.120998
2711 0.776398 0.123464 0.100137
14876 0.085372 0.061691 0.852936
14795 0.899411 0.004176 0.096413
14782 0.827587 0.152031 0.020382
2689 0.016525 0.961038 0.022437
15215 0.153508 0.771141 0.075351
2717 0.380216 0.499194 0.120590
15164 0.132445 0.175969 0.691586
15130 0.525585 0.039367 0.435049
2242 0.081718 0.890955 0.027327
14791 0.008906 0.989582 0.001512
2212 0.002605 0.982634 0.014762
2211 0.014550 0.008966 0.976484
14845 0.202804 0.034125 0.763071
2204 0.007807 0.979438 0.012755
14807 0.021190 0.087617 0.891193
14847 0.005851 0.810156 0.183993
2271 0.139847 0.615127 0.245026
14820 0.084125 0.680994 0.234880
2700 0.024709 0.973974 0.001317
2236 0.067710 0.891823 0.040466
14803 0.080547 0.316100 0.603353
2699 0.086385 0.129592 0.784023
2284 0.050504 0.218641 0.730855
2701 0.102023 0.037794 0.860182
14822 0.109590 0.872990 0.017420
14926 0.961289 0.004908 0.033803
15158 0.373587 0.193286 0.433126
15162 0.403433 0.212900 0.383667
15159 0.688919 0.119874 0.191207
2662 0.062912 0.034672 0.902417
2710 0.120581 0.687569 0.191850
2706 0.073402 0.924376 0.002222
2653 0.091134 0.840850 0.068016
14900 0.010951 0.016992 0.972057
2650 0.899322 0.081211 0.019466
15152 0.875831 0.112972 0.011197
15365 0.285808 0.065257 0.648935
2667 0.261780 0.412715 0.325505
14891 0.870519 0.123743 0.005738
2678 0.057559 0.795524 0.146916
2771 0.025050 0.974567 0.000383
15386 0.082333 0.851907 0.065759
2754 0.281368 0.637558 0.081074
2746 0.085446 0.353457 0.561097
15345 0.218875 0.607350 0.173775
15340 0.072947 0.102653 0.824400
2802 0.860331 0.122635 0.017034
2805 0.114706 0.824765 0.060529
15454 0.802669 0.079401 0.117930
2759 0.593136 0.318116 0.088748
15455 0.188045 0.547328 0.264627
2518 0.037950 0.133230 0.828820
2514 0.169665 0.015165 0.815170
15467 0.092686 0.805081 0.102233
2499 0.129272 0.770636 0.100092
2533 0.771811 0.104216 0.123973
15417 0.297366 0.143831 0.558803
15186 0.006872 0.216735 0.776392
2537 0.020343 0.086172 0.893484
2527 0.033632 0.955897 0.010471
15411 0.038058 0.169434 0.792508
15398 0.200359 0.147673 0.651968
15394 0.101513 0.710610 0.187877
15423 0.001927 0.763834 0.234239
2484 0.189105 0.759295 0.051601
2612 0.124236 0.808742 0.067022
15148 0.041966 0.204363 0.753671
15143 0.165034 0.571825 0.263141
15139 0.173581 0.238133 0.588286
2552 0.114122 0.020821 0.865057
2588 0.267571 0.613564 0.118865
15160 0.075023 0.864861 0.060115
2583 0.070371 0.089684 0.839945
1630 0.207716 0.056501 0.735783
15298 0.236053 0.418673 0.345274
15294 0.169293 0.237525 0.593182
15290 0.340692 0.247222 0.412086
1667 0.171889 0.029596 0.798515
15260 0.000249 0.893841 0.105910
15234 0.003513 0.192389 0.804099
14741 0.353619 0.084999 0.561382
18068 0.829004 0.106358 0.064638
14736 0.160340 0.278253 0.561407
1815 0.593692 0.050342 0.355966
1935 0.076253 0.849954 0.073792
1939 0.075944 0.902494 0.021563
1947 0.926509 0.043103 0.030388
14171 0.088886 0.003487 0.907627
2002 0.095725 0.009457 0.894818
2018 0.915793 0.038081 0.046126
14204 0.110090 0.696767 0.193143
1999 0.424236 0.484988 0.090776
1980 0.123503 0.717085 0.159412
1442 0.012599 0.913880 0.073521
14398 0.332324 0.202576 0.465100
15219 0.396430 0.580230 0.023341
15237 0.564878 0.124765 0.310356
1622 0.000600 0.638160 0.361240
15251 0.724159 0.012189 0.263652
14261 0.048660 0.011101 0.940239
1606 0.080735 0.197225 0.722040
1712 0.028079 0.494310 0.477611
14317 0.746660 0.030199 0.223141
1726 0.050591 0.815072 0.134337
14295 0.149979 0.401811 0.448210
852 0.067396 0.100810 0.831794
14273 0.099144 0.300086 0.600770
14277 0.378348 0.149712 0.471940
14281 0.660001 0.169992 0.170007
1691 0.824972 0.049212 0.125816
1673 0.917204 0.017436 0.065360
1754 0.113434 0.775340 0.111226
1723 0.421240 0.492966 0.085794
1458 0.100511 0.433425 0.466064
1462 0.318145 0.101440 0.580415
17428 0.485348 0.369597 0.145054
14394 0.102274 0.552870 0.344856
15222 0.029069 0.784037 0.186894
4362 0.036777 0.056651 0.906572
1682 0.020015 0.714770 0.265215
1480 0.172323 0.410299 0.417378
1476 0.399643 0.307405 0.292952
1450 0.705058 0.076313 0.218629
1422 0.119292 0.192906 0.687801
1572 0.196994 0.442266 0.360740
1560 0.456312 0.022866 0.520822
14156 0.666412 0.243322 0.090266
14372 0.750829 0.105135 0.144036
14376 0.081542 0.194693 0.723765
14345 0.157665 0.056397 0.785938
1418 0.120937 0.573291 0.305772
14213 0.098527 0.743341 0.158132
1992 0.036864 0.229654 0.733482
14217 0.825596 0.091079 0.083325
1554 0.039655 0.925250 0.035095
1550 0.037235 0.792109 0.170656
1561 0.020448 0.947911 0.031641
1548 0.027069 0.797341 0.175591
1543 0.685068 0.164070 0.150862
14623 0.688415 0.216972 0.094613
14088 0.266984 0.122571 0.610446
14983 0.204031 0.147533 0.648436
14218 0.899546 0.042495 0.057959
14096 0.041572 0.873280 0.085148
1528 0.110247 0.066488 0.823265
1532 0.046991 0.082596 0.870413
1525 0.093387 0.094727 0.811886
1496 0.149889 0.081039 0.769072
1500 0.299646 0.592993 0.107361
1513 0.170447 0.006146 0.823408
1508 0.003930 0.020953 0.975117
2103 0.833917 0.118476 0.047607
14675 0.310957 0.511553 0.177490
2105 0.224647 0.079234 0.696119
14673 0.110108 0.853973 0.035918
1976 0.016635 0.963103 0.020262
2074 0.011697 0.091691 0.896612
1961 0.041834 0.923448 0.034718
1964 0.032441 0.010867 0.956692
14193 0.018391 0.051383 0.930225
14195 0.009601 0.905324 0.085074
14628 0.067944 0.792581 0.139475
14627 0.281856 0.026844 0.691299
14607 0.194637 0.033609 0.771754
14611 0.198236 0.058877 0.742887
2085 0.141172 0.585502 0.273326
2080 0.163219 0.216455 0.620326
2084 0.086939 0.066963 0.846098
14661 0.960249 0.013291 0.026460
2087 0.229686 0.408917 0.361397
2042 0.134172 0.321353 0.544475
2089 0.101361 0.095027 0.803612
14644 0.928066 0.003753 0.068181
2029 0.113078 0.332721 0.554201
2025 0.112624 0.096181 0.791195
14639 0.130938 0.058568 0.810494
1833 0.436426 0.258396 0.305178
1820 0.198812 0.164693 0.636495
14740 0.188743 0.279897 0.531361
15120 0.100248 0.010672 0.889080
14766 0.062988 0.803678 0.133334
14757 0.143249 0.825234 0.031516
9457 0.045980 0.116279 0.837740
14704 0.049903 0.166681 0.783416
14700 0.124063 0.675206 0.200731
9476 0.284736 0.396118 0.319146
14692 0.066491 0.341969 0.591540
14697 0.413746 0.254002 0.332251
9494 0.363582 0.040487 0.595932
14724 0.073193 0.660160 0.266647
1796 0.320815 0.011872 0.667313
16433 0.378373 0.458746 0.162881
9393 0.612135 0.385313 0.002552
9455 0.490128 0.329812 0.180060
9355 0.058802 0.094836 0.846362
1909 0.004466 0.311286 0.684248
14482 0.122742 0.059905 0.817353
1781 0.307017 0.683128 0.009855
1799 0.866683 0.103962 0.029355
14471 0.200214 0.062158 0.737628
1897 0.158684 0.757738 0.083578
1793 0.387352 0.581314 0.031334
14711 0.042404 0.150176 0.807420
14496 0.059298 0.443689 0.497014
1887 0.831086 0.149959 0.018955
14492 0.065021 0.149874 0.785104
1922 0.792892 0.192513 0.014595
1890 0.104860 0.215439 0.679701
14441 0.559375 0.058186 0.382439
14437 0.776006 0.147612 0.076383
1861 0.146902 0.631521 0.221577
1857 0.054547 0.898004 0.047449
9376 0.931895 0.008418 0.059687
9407 0.933395 0.024898 0.041707
14451 0.035700 0.221971 0.742329
14456 0.032655 0.150816 0.816530
9399 0.279361 0.652217 0.068421
14583 0.083338 0.148315 0.768348
14588 0.100325 0.034360 0.865314
9369 0.011302 0.075784 0.912914
14565 0.116077 0.747370 0.136553
14560 0.216346 0.705336 0.078318
9381 0.193179 0.175336 0.631485
9385 0.138760 0.437779 0.423461
4923 0.684855 0.283061 0.032083
1872 0.529749 0.300417 0.169834
14447 0.083901 0.170924 0.745175
16403 0.000965 0.939551 0.059485
9482 0.148956 0.713213 0.137831
14542 0.090198 0.034397 0.875405
14521 0.087637 0.120437 0.791927
9327 0.051837 0.930684 0.017480
16406 0.053951 0.785443 0.160606
14535 0.088276 0.329662 0.582063
15480 0.644743 0.346177 0.009080
16419 0.523767 0.425635 0.050598
9473 0.524569 0.176657 0.298774
9226 0.151667 0.022086 0.826248
9225 0.179920 0.657718 0.162362
16515 0.169143 0.153407 0.677450
16468 0.354679 0.155532 0.489789
9163 0.104294 0.432948 0.462757
