16555 0.507184 0.368645 0.124171
1601 0.006871 0.311142 0.681987
9810 0.276120 0.421116 0.302764
13023 0.258183 0.127043 0.614774
1596 0.596041 0.261121 0.142838
16552 0.522449 0.348929 0.128622
13393 0.359247 0.301661 0.339092
15133 0.005836 0.213111 0.781053
16556 0.118772 0.603063 0.278165
9891 0.144713 0.489966 0.365321
9891 0.017815 0.080266 0.901920
16692 0.424454 0.434327 0.141219
9908 0.053084 0.037453 0.909463
13819 0.610908 0.072398 0.316694
4739 0.666015 0.255832 0.078153
13072 0.004909 0.855249 0.139843
10682 0.042903 0.003468 0.953629
4744 0.712724 0.181039 0.106237
16627 0.012001 0.373155 0.614843
16611 0.383965 0.341645 0.274390
16881 0.638994 0.197874 0.163132
9894 0.099139 0.745005 0.155855
9884 0.137133 0.373375 0.489492
9889 0.150093 0.139015 0.710892
9890 0.272863 0.599254 0.127882
4787 0.296962 0.120678 0.582360
13611 0.097350 0.694960 0.207690
1592 0.019682 0.319392 0.660926
13608 0.353444 0.475742 0.170814
13608 0.194059 0.232682 0.573259
13609 0.248419 0.151566 0.600015
1601 0.531099 0.099825 0.369077
1601 0.605218 0.071807 0.322975
1610 0.060231 0.439767 0.500002
1610 0.070558 0.127287 0.802155
14878 0.800111 0.045218 0.154671
14879 0.150703 0.033200 0.816097
14878 0.176699 0.155793 0.667508
9659 0.006567 0.800250 0.193183
9659 0.334532 0.067217 0.598251
13307 0.029449 0.284365 0.686187
2318 0.868146 0.023133 0.108721
1921 0.120727 0.587144 0.292129
13022 0.537075 0.351602 0.111322
1588 0.086331 0.650445 0.263224
13590 0.700505 0.179670 0.119825
14790 0.441203 0.449807 0.108990
13032 0.064581 0.304088 0.631332
9830 0.274992 0.657553 0.067456
9830 0.260338 0.630830 0.108832
1590 0.107740 0.486779 0.405481
14704 0.144776 0.689916 0.165308
1590 0.276281 0.354120 0.369599
14704 0.137547 0.096536 0.765917
13672 0.143587 0.091403 0.765010
13613 0.038275 0.420199 0.541527
10895 0.161231 0.486539 0.352229
1611 0.631364 0.230013 0.138623
13673 0.087016 0.847825 0.065159
1590 0.285694 0.087381 0.626926
1602 0.425533 0.037602 0.536865
13607 0.577568 0.088097 0.334335
1602 0.086795 0.711609 0.201596
1605 0.390243 0.575194 0.034563
1605 0.093287 0.719271 0.187442
13681 0.236417 0.140879 0.622704
1572 0.646464 0.146370 0.207166
13673 0.128330 0.634544 0.237126
13612 0.164988 0.437975 0.397037
15174 0.414274 0.234587 0.351140
15174 0.008319 0.913650 0.078032
14649 0.200638 0.343349 0.456013
16558 0.125431 0.849983 0.024586
4782 0.401670 0.368072 0.230258
1701 0.021384 0.031196 0.947419
1701 0.050557 0.850386 0.099057
1702 0.329692 0.060786 0.609522
10897 0.000010 0.645738 0.354252
10897 0.905778 0.008565 0.085657
13393 0.070075 0.540132 0.389793
2319 0.194177 0.249818 0.556005
2319 0.637332 0.122765 0.239904
15138 0.020865 0.179860 0.799275
16885 0.059253 0.837454 0.103293
16636 0.479368 0.323145 0.197487
4722 0.400046 0.254668 0.345285
16634 0.077484 0.589177 0.333339
16553 0.035512 0.158315 0.806173
13059 0.582660 0.104372 0.312968
9950 0.668506 0.015354 0.316140
14642 0.017772 0.743565 0.238663
13058 0.217968 0.125051 0.656981
4860 0.500697 0.364757 0.134546
4785 0.059873 0.521024 0.419103
4725 0.567678 0.266532 0.165789
16553 0.559745 0.381640 0.058615
4772 0.010190 0.408689 0.581122
16745 0.072439 0.186169 0.741392
15180 0.394042 0.196385 0.409572
16559 0.298931 0.633151 0.067919
16609 0.401739 0.333859 0.264401
16640 0.694710 0.124488 0.180803
13002 0.519233 0.399427 0.081341
13083 0.725895 0.201301 0.072804
13062 0.373916 0.608958 0.017126
10782 0.537027 0.440293 0.022680
10772 0.081057 0.390598 0.528345
15469 0.126011 0.742245 0.131744
16838 0.817366 0.139145 0.043489
10709 0.594752 0.118124 0.287125
15439 0.539399 0.001451 0.459150
4894 0.165759 0.265396 0.568845
4915 0.020354 0.456588 0.523058
4974 0.424918 0.360958 0.214123
4980 0.360213 0.492115 0.147672
4975 0.325318 0.368222 0.306460
16264 0.195608 0.280385 0.524007
16264 0.065976 0.866923 0.067101
4913 0.354317 0.589582 0.056101
4988 0.641540 0.075535 0.282925
16805 0.245880 0.220851 0.533268
4913 0.068773 0.134360 0.796866
4935 0.034066 0.024719 0.941215
4935 0.162717 0.583054 0.254229
15184 0.664885 0.083320 0.251794
15183 0.450698 0.380398 0.168903
16833 0.426815 0.202157 0.371028
4704 0.213084 0.109824 0.677093
16615 0.093285 0.333024 0.573692
16745 0.060042 0.878203 0.061755
4775 0.356050 0.326326 0.317624
16745 0.580051 0.099280 0.320669
16744 0.083203 0.054184 0.862614
16554 0.042725 0.346878 0.610397
16554 0.659614 0.111530 0.228855
4718 0.221195 0.740261 0.038544
15171 0.087041 0.361127 0.551832
15135 0.346713 0.012070 0.641217
15172 0.141431 0.272180 0.586389
4857 0.324282 0.524133 0.151586
16744 0.264605 0.459730 0.275665
4701 0.673047 0.197115 0.129838
4701 0.018041 0.365640 0.616318
16941 0.076101 0.194012 0.729887
10712 0.182600 0.550320 0.267079
10634 0.622418 0.233832 0.143750
4902 0.849206 0.025685 0.125109
16840 0.807812 0.029457 0.162730
16843 0.148702 0.170465 0.680833
4968 0.296453 0.598749 0.104798
4903 1.000000 0.000000 0.000000
16810 0.271484 0.609480 0.119036
4974 0.080130 0.636047 0.283823
16802 0.559103 0.431293 0.009604
4937 0.301940 0.428730 0.269331
16803 0.587126 0.231689 0.181185
16828 0.383091 0.146803 0.470105
16637 0.122726 0.551304 0.325970
4732 0.356916 0.567992 0.075092
4936 0.492214 0.039338 0.468449
16617 0.749474 0.132279 0.118247
12995 0.085199 0.515905 0.398896
1796 0.115039 0.584344 0.300617
1795 0.109256 0.490152 0.400592
1797 0.886032 0.108917 0.005051
14658 0.185074 0.695163 0.119763
12986 0.469765 0.451085 0.079150
4783 0.372329 0.392622 0.235049
16880 0.047389 0.931837 0.020774
4746 0.421723 0.211524 0.366752
9954 0.104529 0.505006 0.390465
9952 0.001143 0.720312 0.278546
16624 0.209748 0.507151 0.283102
14645 0.085146 0.352188 0.562666
4730 0.388084 0.327580 0.284336
13652 0.578690 0.050834 0.370476
13652 0.192962 0.472922 0.334116
16591 0.165759 0.231615 0.602626
4730 0.777468 0.204218 0.018314
15280 0.345872 0.616653 0.037475
9674 0.584016 0.056712 0.359272
15272 0.019149 0.440768 0.540083
14656 0.753905 0.206537 0.039557
9672 0.334061 0.431937 0.234002
15293 0.318951 0.257567 0.423482
13693 0.575344 0.139634 0.285022
13339 0.203404 0.724586 0.072011
15294 0.991095 0.004618 0.004287
1703 0.035487 0.606760 0.357753
1922 0.049894 0.184603 0.765503
10898 0.040020 0.897986 0.061994
1605 0.090646 0.285484 0.623870
10901 0.287358 0.155194 0.557448
1595 0.129442 0.064984 0.805575
14634 0.428997 0.295514 0.275489
9811 0.287515 0.307985 0.404500
14871 0.240813 0.007754 0.751433
14657 0.014614 0.609700 0.375686
14654 0.533237 0.309584 0.157179
13312 0.803609 0.124995 0.071397
13499 0.190796 0.677868 0.131337
1700 0.518951 0.046240 0.434809
1886 0.471575 0.466945 0.061480
13497 0.087856 0.123120 0.789024
13312 0.370307 0.601489 0.028203
1886 0.215403 0.495277 0.289319
1614 0.382607 0.100243 0.517150
13650 0.616695 0.228177 0.155128
13312 0.121541 0.756908 0.121551
13653 0.544700 0.099216 0.356084
16625 0.338003 0.009535 0.652462
4756 0.660755 0.250079 0.089166
4756 0.202528 0.491624 0.305848
13653 0.338654 0.563410 0.097935
16625 0.027380 0.676404 0.296215
4769 0.631092 0.065232 0.303677
4768 0.081839 0.446410 0.471751
16626 0.063495 0.368345 0.568160
14612 0.723831 0.237729 0.038440
16592 0.096484 0.885503 0.018013
9815 0.251520 0.151932 0.596548
9808 0.213096 0.292690 0.494215
9812 0.571125 0.050572 0.378303
14655 0.193542 0.065018 0.741440
4748 0.115186 0.166980 0.717835
16894 0.388004 0.235516 0.376481
1639 0.260846 0.235860 0.503294
13649 0.203248 0.566117 0.230635
13651 0.648489 0.127854 0.223657
1885 0.226231 0.548711 0.225057
1907 0.427901 0.366332 0.205767
1885 0.650598 0.245530 0.103872
1699 0.275317 0.036601 0.688082
1887 0.078939 0.863214 0.057847
10903 0.610526 0.271919 0.117556
1920 0.000000 0.736273 0.263727
10900 0.048218 0.658568 0.293214
2320 0.209343 0.347440 0.443217
11128 0.169466 0.829742 0.000791
2318 0.327352 0.119490 0.553158
11129 0.803786 0.081050 0.115164
11130 0.761373 0.140775 0.097852
2580 0.157683 0.244006 0.598311
13821 0.331040 0.049515 0.619445
11165 0.095927 0.245313 0.658760
16893 0.609861 0.359668 0.030471
4726 0.585262 0.061550 0.353188
14727 0.453349 0.064224 0.482427
13590 0.004529 0.420580 0.574891
1905 0.378676 0.609652 0.011672
1606 0.113534 0.536116 0.350350
1706 0.312819 0.617988 0.069194
13693 0.100499 0.058057 0.841444
1706 0.388734 0.186679 0.424587
13308 0.487450 0.021074 0.491476
9664 0.368403 0.120944 0.510653
1570 0.216812 0.578784 0.204404
9667 0.708464 0.218628 0.072908
1642 0.196733 0.558026 0.245241
15275 0.318119 0.238830 0.443051
4770 0.049037 0.744532 0.206430
16624 0.767529 0.065770 0.166701
4727 0.828223 0.054233 0.117545
16565 0.183124 0.725108 0.091767
16604 0.710927 0.245225 0.043848
4793 0.622090 0.297185 0.080725
16604 0.132902 0.636137 0.230961
4721 0.214375 0.712992 0.072632
15215 0.245173 0.561706 0.193121
1807 0.001173 0.845196 0.153631
15311 0.392872 0.225914 0.381214
9657 0.220711 0.141639 0.637650
15427 0.186583 0.775178 0.038239
4771 0.099426 0.710974 0.189600
1782 0.722884 0.263474 0.013641
16613 0.025341 0.370173 0.604486
13070 0.131041 0.033396 0.835562
1769 1.000000 0.000000 0.000000
2583 0.413826 0.455633 0.130541
16032 0.190970 0.344488 0.464542
1778 0.403030 0.585074 0.011895
10776 0.039450 0.564422 0.396128
2577 0.118784 0.123732 0.757483
13800 0.165573 0.296850 0.537577
2578 0.269128 0.458877 0.271995
13805 0.093671 0.902938 0.003391
9671 0.543982 0.031329 0.424688
13346 0.539804 0.338292 0.121904
14517 0.091929 0.756489 0.151582
10851 0.127223 0.763636 0.109141
13633 0.270497 0.326858 0.402645
1722 0.644160 0.040547 0.315293
1736 0.448571 0.387777 0.163652
10955 0.090640 0.860622 0.048738
1909 0.845904 0.048336 0.105759
13010 0.811942 0.159128 0.028930
1682 0.639009 0.129100 0.231891
1681 0.235280 0.653300 0.111419
13384 0.582010 0.260518 0.157473
10822 0.057196 0.050747 0.892057
13335 0.147782 0.296608 0.555610
13520 0.223562 0.384592 0.391846
13519 0.460832 0.353251 0.185917
14895 0.021563 0.054858 0.923579
14885 0.014688 0.826319 0.158994
9826 0.166270 0.318515 0.515214
10876 0.060974 0.395333 0.543693
14909 0.641955 0.068871 0.289174
13322 0.231351 0.333488 0.435161
1583 0.189939 0.680911 0.129150
14699 0.593076 0.204777 0.202146
9797 0.036053 0.730265 0.233682
9824 0.228938 0.319803 0.451259
9825 0.081838 0.037566 0.880596
13645 0.003899 0.546177 0.449924
9786 0.458655 0.146445 0.394900
9786 0.069639 0.775586 0.154775
1608 0.165649 0.061276 0.773075
13610 0.379918 0.503349 0.116733
14812 0.572622 0.111939 0.315439
1599 0.246795 0.343876 0.409329
13614 0.414951 0.078862 0.506187
13602 0.835066 0.039469 0.125466
1603 0.594096 0.177924 0.227980
13602 0.080183 0.279251 0.640566
1592 0.609981 0.140421 0.249598
13611 0.381532 0.087028 0.531440
1601 0.639577 0.127415 0.233008
14704 0.517609 0.062048 0.420343
10896 0.332939 0.531684 0.135378
9831 0.320215 0.188946 0.490839
10896 0.657615 0.255898 0.086487
13671 0.264564 0.485007 0.250429
1598 0.621159 0.086246 0.292595
1610 0.517926 0.405426 0.076647
1610 0.050827 0.514168 0.435004
14704 0.210301 0.257696 0.532003
14704 0.600233 0.349625 0.050141
10896 0.484275 0.459226 0.056499
13673 0.522302 0.136019 0.341679
13673 0.135613 0.080292 0.784095
13612 0.037311 0.116878 0.845811
10896 0.587222 0.245499 0.167279
9831 0.396167 0.564499 0.039334
9831 0.446237 0.028228 0.525535
13672 0.133412 0.524666 0.341923
1590 0.800433 0.069174 0.130393
14703 0.676485 0.118830 0.204686
1708 0.219282 0.430445 0.350273
13367 0.066737 0.458257 0.475006
13494 0.172487 0.389007 0.438506
1704 0.077738 0.624050 0.298212
13680 0.092387 0.368859 0.538754
13588 0.227893 0.350345 0.421762
1733 0.254486 0.643802 0.101712
15274 0.256911 0.687910 0.055180
1724 0.311424 0.387644 0.300932
15276 0.362672 0.260270 0.377058
16620 0.092465 0.366442 0.541093
15278 0.662666 0.285435 0.051899
16621 0.306551 0.548973 0.144476
4794 0.131398 0.259405 0.609197
4791 0.352912 0.322902 0.324186
4795 0.009028 0.723033 0.267939
16549 0.865647 0.033447 0.100906
4713 0.046728 0.478711 0.474561
13844 0.886171 0.094750 0.019078
2585 0.555394 0.395852 0.048754
2568 0.263031 0.641032 0.095937
15277 0.351137 0.309722 0.339141
15278 0.063924 0.252867 0.683209
1737 0.593695 0.254839 0.151466
13347 0.224457 0.284324 0.491220
10962 0.370758 0.127282 0.501960
13589 0.279754 0.696352 0.023893
1727 0.616952 0.361631 0.021417
13587 0.483448 0.161302 0.355249
13585 0.257737 0.441653 0.300611
9875 0.134889 0.660280 0.204831
13493 0.559713 0.368473 0.071814
14701 0.672828 0.063012 0.264160
9785 0.270339 0.623514 0.106147
14702 0.875169 0.039817 0.085014
9802 0.525390 0.274008 0.200602
9803 0.361789 0.074764 0.563447
9781 0.395117 0.582465 0.022418
1686 0.505050 0.453944 0.041006
9795 0.224233 0.386276 0.389491
9783 0.588040 0.203034 0.208925
9794 0.180564 0.652553 0.166883
14689 0.204973 0.057410 0.737617
14646 0.032316 0.152032 0.815652
9788 0.890001 0.065754 0.044245
13594 0.198053 0.656330 0.145617
14618 0.299993 0.638229 0.061778
1656 0.232796 0.214260 0.552943
9820 0.084050 0.510516 0.405434
13531 0.034433 0.329071 0.636496
13533 0.477545 0.388313 0.134142
14510 0.119103 0.750101 0.130796
1863 0.049421 0.011327 0.939252
14512 0.117555 0.059897 0.822549
10948 0.440332 0.026352 0.533317
13538 0.879501 0.105704 0.014795
13539 0.170157 0.786381 0.043463
1872 0.018353 0.492831 0.488816
9836 0.460408 0.031367 0.508225
1880 0.314381 0.579441 0.106178
9868 0.241435 0.545483 0.213082
1914 0.029282 0.222232 0.748486
14675 0.038569 0.018818 0.942613
14518 0.136142 0.713633 0.150225
14605 0.851799 0.015633 0.132567
10968 0.173164 0.684924 0.141912
1864 0.385933 0.274548 0.339519
1862 0.456586 0.148990 0.394423
10941 0.160943 0.648559 0.190497
14545 0.188386 0.032718 0.778896
14543 0.599360 0.348339 0.052301
1881 0.078855 0.450001 0.471143
10938 0.783755 0.081036 0.135209
1882 0.177656 0.002843 0.819501
1904 0.520507 0.330396 0.149097
1903 0.042179 0.215048 0.742773
13527 0.736970 0.001569 0.261460
10994 0.340650 0.571731 0.087619
13528 0.234370 0.342276 0.423355
14651 0.220845 0.179738 0.599417
9882 0.382918 0.487646 0.129436
9576 0.008736 0.011262 0.980002
14571 0.262901 0.050016 0.687083
9818 0.102210 0.772789 0.125001
14615 0.317515 0.051659 0.630826
13687 0.304452 0.510551 0.184997
2198 0.003550 0.936551 0.059899
13471 0.195413 0.652670 0.151917
14901 0.056513 0.215627 0.727859
13512 0.517781 0.092424 0.389795
14559 0.668657 0.213564 0.117779
10923 0.899159 0.063789 0.037052
14607 0.282823 0.268771 0.448406
14597 0.021075 0.448891 0.530034
10936 0.422123 0.203246 0.374631
21963 0.294311 0.561723 0.143966
14734 0.541150 0.339085 0.119765
14737 0.111043 0.065380 0.823577
11021 0.080150 0.910778 0.009071
11021 0.363229 0.176756 0.460016
14734 0.709974 0.067008 0.223018
11174 0.250676 0.327357 0.421967
13505 0.268779 0.039001 0.692219
2218 0.563627 0.359490 0.076883
13692 0.262985 0.289244 0.447771
14733 0.141705 0.762940 0.095354
13557 0.562621 0.340789 0.096590
14733 0.605537 0.005487 0.388976
1892 0.023083 0.370855 0.606062
11174 0.290310 0.065919 0.643771
1894 0.442991 0.172083 0.384925
14759 0.246668 0.656986 0.096346
1585 0.491206 0.147296 0.361498
1939 0.337182 0.275104 0.387714
14736 0.124765 0.053334 0.821900
14746 0.355756 0.508231 0.136013
13560 0.117931 0.518832 0.363237
13505 0.375905 0.113359 0.510736
11135 0.958479 0.018832 0.022689
13388 0.156667 0.034607 0.808727
13646 0.227386 0.342972 0.429642
1578 0.711632 0.232675 0.055693
1892 0.296864 0.210294 0.492841
13549 0.095405 0.672003 0.232593
11174 0.910014 0.075886 0.014100
14714 0.200884 0.073850 0.725266
1893 0.143134 0.732743 0.124122
13297 0.136597 0.288890 0.574513
13551 0.080514 0.017762 0.901724
1945 0.524808 0.139301 0.335891
13505 0.435165 0.152673 0.412162
1947 0.186356 0.352211 0.461433
11021 0.641850 0.172344 0.185806
14734 0.621121 0.231216 0.147662
11021 0.451842 0.374340 0.173818
14734 0.436000 0.154786 0.409214
14734 0.109607 0.118915 0.771478
14734 0.532103 0.106951 0.360947
1586 0.727613 0.183337 0.089049
10886 1.000000 0.000000 0.000000
10967 0.108674 0.496581 0.394745
10967 0.350081 0.423138 0.226780
10967 0.720797 0.091828 0.187375
10887 0.132423 0.286817 0.580760
1891 0.250625 0.107473 0.641902
13503 0.268254 0.356849 0.374898
13503 0.293375 0.082899 0.623726
14758 0.720075 0.222637 0.057288
1892 0.721315 0.112644 0.166042
1892 0.755689 0.167004 0.077307
11021 0.317608 0.603808 0.078584
11021 0.173985 0.544805 0.281210
11021 0.035907 0.565482 0.398611
11021 0.008203 0.960702 0.031095
1945 0.051533 0.786460 0.162007
1585 0.063054 0.392884 0.544061
11021 0.127273 0.271457 0.601270
14734 0.153728 0.800668 0.045605
14734 0.679771 0.223459 0.096770
11021 1.000000 0.000000 0.000000
14734 0.651590 0.127814 0.220596
11174 0.015251 0.547847 0.436902
11174 0.071107 0.576347 0.352545
11174 0.095159 0.637651 0.267190
14734 0.760659 0.017052 0.222290
11174 0.227378 0.096643 0.675979
11174 0.290017 0.292809 0.417174
11174 0.267230 0.445318 0.287453
11174 0.217871 0.470233 0.311896
11174 0.045744 0.300221 0.654036
14686 0.090741 0.080930 0.828329
10858 0.332774 0.078716 0.588510
14685 0.140707 0.274752 0.584541
14685 0.088202 0.658185 0.253613
14715 0.783162 0.007054 0.209784
14736 0.077556 0.365701 0.556742
14736 0.248976 0.417209 0.333815
14736 0.165688 0.596722 0.237590
13505 0.307416 0.081258 0.611326
13505 0.297916 0.182664 0.519420
13505 0.096665 0.198400 0.704936
13505 0.048177 0.097157 0.854666
13504 0.035682 0.903908 0.060410
1892 0.142531 0.034068 0.823401
1892 0.077908 0.312057 0.610036
1892 0.044484 0.354770 0.600746
2218 0.181813 0.780845 0.037341
2228 0.192550 0.674582 0.132867
13451 0.313489 0.278897 0.407614
13692 0.153644 0.151189 0.695168
13692 0.388620 0.152403 0.458977
13692 0.211270 0.052394 0.736336
13692 0.520021 0.341282 0.138697
13692 0.618244 0.143015 0.238742
1894 0.438766 0.247062 0.314172
1894 0.361140 0.293086 0.345774
14733 0.247352 0.161013 0.591635
9597 0.188361 0.077077 0.734562
15233 0.009037 0.737620 0.253343
14733 0.334156 0.605641 0.060203
1580 0.112020 0.429073 0.458907
13557 0.529221 0.122289 0.348490
13556 0.541329 0.076204 0.382467
13557 0.478933 0.111029 0.410039
13557 0.568078 0.353861 0.078060
1945 0.513332 0.166598 0.320070
13557 0.502655 0.396675 0.100670
13557 0.439281 0.255960 0.304759
1945 0.510609 0.072921 0.416470
14733 0.525754 0.432761 0.041484
11171 0.565622 0.055399 0.378978
1580 0.085120 0.620242 0.294639
1580 0.485024 0.152548 0.362427
1892 0.061853 0.346151 0.591996
13505 0.312513 0.017202 0.670285
1892 0.127271 0.409151 0.463577
1892 0.120640 0.423737 0.455623
1892 0.141791 0.426827 0.431382
14736 0.189969 0.628386 0.181645
14736 0.082978 0.637024 0.279998
14736 0.238491 0.744864 0.016645
14734 0.264185 0.012009 0.723807
11174 0.007810 0.449802 0.542388
11174 0.011242 0.632352 0.356406
11174 0.017719 0.726035 0.256247
13506 0.669675 0.245794 0.084531
1894 0.694181 0.086283 0.219536
13506 0.324260 0.345299 0.330440
14758 0.325720 0.153631 0.520649
1891 0.031472 0.599052 0.369476
14736 0.458526 0.043979 0.497494
11020 0.072019 0.908683 0.019298
11020 0.677394 0.059545 0.263061
14736 0.031707 0.183264 0.785029
1585 0.597549 0.251839 0.150613
1585 0.477703 0.058707 0.463590
13667 0.302537 0.583129 0.114334
13667 0.223735 0.575837 0.200428
13667 0.147302 0.678124 0.174574
1585 0.337298 0.120340 0.542362
1585 0.401405 0.310586 0.288009
11021 0.718593 0.183836 0.097571
11021 0.614917 0.292813 0.092270
11021 0.710467 0.143744 0.145788
1939 0.179240 0.283527 0.537234
13549 0.663494 0.068146 0.268360
1938 0.147200 0.252224 0.600576
1939 0.583309 0.339050 0.077641
13551 0.706666 0.208095 0.085238
13551 0.354693 0.199343 0.445965
13551 0.054534 0.148061 0.797404
1947 0.077573 0.365854 0.556573
1947 0.226120 0.292098 0.481783
13506 0.310838 0.421273 0.267888
13506 0.491972 0.105640 0.402388
13506 0.111523 0.785507 0.102970
13549 0.022891 0.953900 0.023209
14759 0.696494 0.010853 0.292653
14736 0.310540 0.075188 0.614271
1937 0.018089 0.254218 0.727693
14736 0.320173 0.242597 0.437230
10888 0.065311 0.430139 0.504550
10888 0.608908 0.351697 0.039394
11173 0.518559 0.202126 0.279315
14722 0.014400 0.311493 0.674106
11160 0.080794 0.383858 0.535348
14748 0.114620 0.304762 0.580618
14747 0.362838 0.501269 0.135894
14748 0.587141 0.022650 0.390209
14746 0.103158 0.392377 0.504464
10875 0.111681 0.001517 0.886802
10875 0.202110 0.384393 0.413497
14746 0.531801 0.294183 0.174015
1955 0.008602 0.208963 0.782436
10875 0.391429 0.550274 0.058297
14789 0.042216 0.126180 0.831604
14789 0.207553 0.240831 0.551616
13560 0.586984 0.225512 0.187504
13505 0.539002 0.110445 0.350553
13505 0.483823 0.194260 0.321917
13505 0.603332 0.120310 0.276358
13505 0.269578 0.321922 0.408500
13398 0.069885 0.879388 0.050726
14788 0.734583 0.245564 0.019853
2200 0.149720 0.188477 0.661803
1943 0.288826 0.634651 0.076523
13552 0.905939 0.028132 0.065929
1943 0.006029 0.448046 0.545925
13555 0.338314 0.342849 0.318836
13555 0.242748 0.634550 0.122703
13555 0.101518 0.851852 0.046630
10882 0.497639 0.292925 0.209436
13375 0.216643 0.329501 0.453856
14753 0.171989 0.159613 0.668398
2242 0.022505 0.141579 0.835917
10882 0.020772 0.883434 0.095793
13667 0.176819 0.002397 0.820784
1586 0.239451 0.046964 0.713586
1586 0.495364 0.178771 0.325866
13646 0.553091 0.126894 0.320015
13503 0.698058 0.262412 0.039530
1891 0.724843 0.160525 0.114633
13503 0.584214 0.374488 0.041298
1578 0.384715 0.615238 0.000047
1937 0.063515 0.510717 0.425769
14736 0.216216 0.142552 0.641232
14736 0.123797 0.106842 0.769361
14736 0.193204 0.279440 0.527356
1939 0.125450 0.166342 0.708207
13551 0.078358 0.890954 0.030688
1939 0.056000 0.052824 0.891176
13505 0.587550 0.054386 0.358063
1585 0.064847 0.066306 0.868847
1893 0.392423 0.230135 0.377443
13688 0.234167 0.314538 0.451295
13688 0.324780 0.636446 0.038774
13549 0.212992 0.597363 0.189644
11174 0.011709 0.858670 0.129622
1893 0.137769 0.641777 0.220454
1891 0.188150 0.693250 0.118600
1893 0.320743 0.136911 0.542346
1945 0.774345 0.168175 0.057481
1945 0.604618 0.353222 0.042160
14714 0.537347 0.039387 0.423266
10878 0.196916 0.477459 0.325626
10878 0.183639 0.185427 0.630934
11174 0.847585 0.032039 0.120376
14736 0.824390 0.044365 0.131246
1891 0.070719 0.913924 0.015357
1893 0.217095 0.165906 0.616999
1857 0.368669 0.448569 0.182763
11170 0.382725 0.055321 0.561953
11169 0.495606 0.320076 0.184318
1955 0.344587 0.232015 0.423398
13298 0.489798 0.419829 0.090372
14741 0.089736 0.149560 0.760703
1945 0.527616 0.286776 0.185608
1945 0.501372 0.163345 0.335284
13505 0.485850 0.246183 0.267967
13505 0.294675 0.276828 0.428497
13505 0.665435 0.145628 0.188937
13505 0.647302 0.223435 0.129263
13505 0.717695 0.073734 0.208571
1947 0.311117 0.364650 0.324233
1947 0.300011 0.392181 0.307808
1947 0.071909 0.704673 0.223419
1894 0.092521 0.312487 0.594992
13692 0.330490 0.616105 0.053405
10970 0.662174 0.136196 0.201631
1665 0.115494 0.356822 0.527684
14861 0.579323 0.012013 0.408664
14861 0.143023 0.787755 0.069222
14846 0.109360 0.179933 0.710707
14846 0.078257 0.455803 0.465940
14846 0.007433 0.794524 0.198043
13459 0.821710 0.090371 0.087918
13459 0.252870 0.274855 0.472275
2314 0.303056 0.056114 0.640830
13294 0.487138 0.273945 0.238917
13294 0.023041 0.325616 0.651343
14738 0.178385 0.450242 0.371374
13412 0.507185 0.482144 0.010671
1690 0.412049 0.520871 0.067080
13301 0.160592 0.641409 0.197999
1579 0.246945 0.682815 0.070239
1579 0.234678 0.463077 0.302244
1579 0.315097 0.039248 0.645654
13689 0.201987 0.553115 0.244897
15233 0.033716 0.349410 0.616874
1948 0.847821 0.101468 0.050711
14725 0.250382 0.169370 0.580247
14725 0.373293 0.311498 0.315208
9619 0.113611 0.468536 0.417853
14725 0.038155 0.948244 0.013601
11163 0.114066 0.112584 0.773350
14715 0.484526 0.159791 0.355683
11125 0.114030 0.553482 0.332489
14715 0.040591 0.786146 0.173263
14715 0.294176 0.668469 0.037355
11162 0.028232 0.202506 0.769261
14726 0.339580 0.465009 0.195411
11164 0.741047 0.015668 0.243285
13558 0.910097 0.005513 0.084390
13558 0.714996 0.096610 0.188394
13559 0.186396 0.145925 0.667679
1946 0.084623 0.729833 0.185544
13559 0.154214 0.779669 0.066118
14723 0.573326 0.312309 0.114364
11164 0.384956 0.003648 0.611396
11153 0.675653 0.000000 0.324347
14724 0.592392 0.009621 0.397987
14724 0.046668 0.600993 0.352340
1581 0.257186 0.476628 0.266185
1581 0.045814 0.696160 0.258026
14724 0.574876 0.272437 0.152687
1894 0.211055 0.754192 0.034753
14750 0.604513 0.066134 0.329353
14750 0.879221 0.040560 0.080219
13395 0.238804 0.063703 0.697492
13395 0.435813 0.070186 0.494001
13395 0.672449 0.091406 0.236145
13395 0.845650 0.113790 0.040560
10893 0.125255 0.861663 0.013082
10893 0.095736 0.516806 0.387458
10893 0.048028 0.108142 0.843830
8100 0.293750 0.704976 0.001273
14563 0.255591 0.692779 0.051629
10991 0.360248 0.611779 0.027973
10991 0.098430 0.053607 0.847963
15298 0.473200 0.159723 0.367077
15271 0.394060 0.063104 0.542836
1672 0.430273 0.107178 0.462549
13387 0.650999 0.188717 0.160285
10989 0.738558 0.044177 0.217266
14580 0.622723 0.057554 0.319723
1665 0.074035 0.835528 0.090437
13376 0.840840 0.072632 0.086528
10980 0.128146 0.643133 0.228721
10973 0.001320 0.797501 0.201179
14712 0.410758 0.370922 0.218319
10975 0.407048 0.457098 0.135854
10974 0.013246 0.916926 0.069827
10975 0.912657 0.020747 0.066596
10974 0.539779 0.412792 0.047429
2235 0.329934 0.006330 0.663736
14839 0.875419 0.011937 0.112644
13454 0.154483 0.249059 0.596459
14850 0.245280 0.443675 0.311045
10983 0.243765 0.756235 0.000000
10983 0.793829 0.027610 0.178561
11166 0.052342 0.264825 0.682833
11166 0.000000 0.766958 0.233042
11168 0.285038 0.497787 0.217175
2230 0.034404 0.953561 0.012035
14730 0.464314 0.047868 0.487819
14730 0.226579 0.713656 0.059766
10868 0.202482 0.289084 0.508434
14739 0.852496 0.095511 0.051993
14739 0.035755 0.189607 0.774638
13299 0.454106 0.081308 0.464586
1688 0.255918 0.392208 0.351874
13299 0.922001 0.016052 0.061947
13300 0.198573 0.245965 0.555462
13301 0.296678 0.033043 0.670279
13300 0.124045 0.815384 0.060571
1579 0.924221 0.000148 0.075631
13689 0.711996 0.145703 0.142301
11171 0.793705 0.086871 0.119424
11171 0.622524 0.102697 0.274779
13689 0.461652 0.163946 0.374403
13689 0.335201 0.120588 0.544211
13689 0.191849 0.179237 0.628913
1580 0.381275 0.482651 0.136075
1580 0.600419 0.399581 0.000000
13691 0.057408 0.885657 0.056935
1580 1.000000 0.000000 0.000000
13691 0.354120 0.539231 0.106649
13691 0.594783 0.192645 0.212572
13690 0.330679 0.057497 0.611824
13690 0.554970 0.123589 0.321440
13298 0.217359 0.522406 0.260235
14746 0.729134 0.039536 0.231330
14798 0.269004 0.183884 0.547112
10866 0.725684 0.187854 0.086462
10866 0.132097 0.347718 0.520185
11156 0.752096 0.121682 0.126222
11156 0.016656 0.661099 0.322245
14721 0.650558 0.318477 0.030965
14899 0.607195 0.082783 0.310022
13327 0.218050 0.391618 0.390333
2207 0.847670 0.075954 0.076376
14899 0.038724 0.724575 0.236701
14724 0.911999 0.037912 0.050089
2207 0.143800 0.425679 0.430521
14898 0.271333 0.537090 0.191577
1956 0.440050 0.271173 0.288777
10825 0.140516 0.071346 0.788138
13296 0.401047 0.052500 0.546453
1581 0.688618 0.090252 0.221130
1581 0.328962 0.369705 0.301333
10825 0.112407 0.724950 0.162643
13692 0.884608 0.109365 0.006026
1585 0.027043 0.924275 0.048681
13692 0.726855 0.006809 0.266336
13692 0.465220 0.006933 0.527847
1585 0.099395 0.439554 0.461051
1585 0.106427 0.215576 0.677997
1585 0.014562 0.242114 0.743324
1585 0.190342 0.631617 0.178040
1585 0.222015 0.395358 0.382626
1585 0.215234 0.160897 0.623869
13667 0.114890 0.788173 0.096937
13667 0.101096 0.880492 0.018412
13505 0.097289 0.082266 0.820445
13505 0.105996 0.003139 0.890865
1585 0.042439 0.024694 0.932867
13505 0.070644 0.385275 0.544080
13667 0.055691 0.592881 0.351429
13505 0.150086 0.372742 0.477172
13505 0.357783 0.340951 0.301265
13667 0.099338 0.690059 0.210603
13505 0.103973 0.310711 0.585316
13667 0.066138 0.799257 0.134605
1585 0.295825 0.049586 0.654589
1585 0.087396 0.108621 0.803983
13692 0.098831 0.012975 0.888194
13504 0.039854 0.809934 0.150213
13504 0.184707 0.739477 0.075816
1892 0.325850 0.007962 0.666188
1892 0.216251 0.095105 0.688644
13504 0.041931 0.885364 0.072705
1892 0.185347 0.011598 0.803055
1892 0.251155 0.109877 0.638968
1892 0.322677 0.226923 0.450400
1892 0.389632 0.084991 0.525377
1892 0.128886 0.089440 0.781674
1892 0.187085 0.183648 0.629266
1892 0.268550 0.305353 0.426097
1892 0.384808 0.358099 0.257093
1892 0.441655 0.260505 0.297839
1892 0.112052 0.275568 0.612380
1892 0.206731 0.365483 0.427786
1892 0.304798 0.461565 0.233637
1892 0.406552 0.507513 0.085935
1892 0.512676 0.363643 0.123682
1892 0.226100 0.535962 0.237937
1892 0.298008 0.635827 0.066165
1892 0.184087 0.552003 0.263910
1892 0.246563 0.651218 0.102218
1892 0.187032 0.516995 0.295973
1892 0.240743 0.609340 0.149917
1892 0.229230 0.435637 0.335132
1892 0.301872 0.497729 0.200399
1892 0.363707 0.230193 0.406100
1892 0.435992 0.293339 0.270669
1892 0.546644 0.334521 0.118835
1892 0.558721 0.158462 0.282816
1892 0.581860 0.214991 0.203148
1892 0.471000 0.140775 0.388225
1892 0.297982 0.157718 0.544300
1892 0.155893 0.358963 0.485143
11021 0.515353 0.359561 0.125086
1892 0.670153 0.207955 0.121892
13504 0.795126 0.135188 0.069686
1945 0.130713 0.747141 0.122146
1945 0.395265 0.176705 0.428029
1945 0.211281 0.582554 0.206165
1945 0.375976 0.276074 0.347951
13557 0.540919 0.325050 0.134031
13557 0.507781 0.043649 0.448570
13556 0.543044 0.106405 0.350551
1944 0.155755 0.212929 0.631316
14762 0.137552 0.272634 0.589814
14713 0.039235 0.331886 0.628879
14713 0.081195 0.769677 0.149128
10879 0.037600 0.555451 0.406949
10879 0.041860 0.339492 0.618647
11151 0.195131 0.161915 0.642954
10879 0.054401 0.831783 0.113816
10879 0.308101 0.629357 0.062542
10879 0.334343 0.432134 0.233523
11161 0.040558 0.761983 0.197459
13396 0.683306 0.286747 0.029946
13396 0.225276 0.292384 0.482340
13395 0.001974 0.249436 0.748590
13395 0.128478 0.711303 0.160220
13395 0.313939 0.291300 0.394761
2251 0.275855 0.008104 0.716041
13395 0.490977 0.354202 0.154821
2251 0.208125 0.344943 0.446932
2251 0.525922 0.146869 0.327209
11010 0.661510 0.062583 0.275907
14569 0.013378 0.386712 0.599910
13362 0.258998 0.267912 0.473090
10971 0.197551 0.348886 0.453563
14711 0.353628 0.482458 0.163914
1671 0.387551 0.500900 0.111549
14580 0.122425 0.089054 0.788521
10980 0.147177 0.198690 0.654133
13381 0.210872 0.786622 0.002505
10988 0.322798 0.229757 0.447446
10982 0.188470 0.089329 0.722201
10979 0.312410 0.251854 0.435737
14845 0.352275 0.610278 0.037447
13461 0.216300 0.723770 0.059930
2237 0.559603 0.144025 0.296372
2232 0.060581 0.495506 0.443913
13455 0.158269 0.290361 0.551369
2232 0.473568 0.526432 0.000000
2231 0.160647 0.426875 0.412478
2231 0.705633 0.059823 0.234544
2232 1.000000 0.000000 0.000000
2231 0.545435 0.289813 0.164753
11167 0.000000 0.149810 0.850190
11167 0.156589 0.427062 0.416349
2229 0.000000 0.385187 0.614813
13452 0.578083 0.213789 0.208127
13293 0.739162 0.243583 0.017255
13293 0.182906 0.341844 0.475250
13292 0.439631 0.543651 0.016718
10870 0.280665 0.541699 0.177636
14740 0.464656 0.490727 0.044618
10870 0.206246 0.118293 0.675462
14731 0.159741 0.386172 0.454088
14741 0.489440 0.133910 0.376650
14741 0.970262 0.010289 0.019449
10873 0.368209 0.597780 0.034011
14745 0.399408 0.481197 0.119395
10873 0.138357 0.273611 0.588031
14719 0.465518 0.487117 0.047365
11157 0.727175 0.214722 0.058102
14744 0.424942 0.200816 0.374242
14717 0.095321 0.458700 0.445979
14717 0.693311 0.141269 0.165420
2218 0.063984 0.431242 0.504774
2218 0.006707 0.092994 0.900299
13290 0.617501 0.228367 0.154132
13290 0.300454 0.157384 0.542161
13295 0.068994 0.678363 0.252643
11158 0.093031 0.155439 0.751530
2246 0.521228 0.389462 0.089310
2243 0.161587 0.564544 0.273870
13317 0.122542 0.310326 0.567132
13318 0.207135 0.279755 0.513110
1957 0.526099 0.012422 0.461478
10817 0.078792 0.088075 0.833132
2247 0.285874 0.414085 0.300041
1957 0.012591 0.857118 0.130291
2211 0.526998 0.072134 0.400868
14890 0.212932 0.252863 0.534206
13316 0.530656 0.429631 0.039712
13330 0.123208 0.247473 0.629320
13331 0.198839 0.004986 0.796175
13331 0.117259 0.390272 0.492469
2245 0.155632 0.321712 0.522656
13330 0.178346 0.596204 0.225450
2210 0.651754 0.136815 0.211431
14905 0.306082 0.110989 0.582928
2206 0.114675 0.223446 0.661879
10884 0.257090 0.624521 0.118389
14905 0.345004 0.504653 0.150343
14905 0.837480 0.139906 0.022615
2206 0.218773 0.578124 0.203103
2210 0.246155 0.548614 0.205231
10832 0.067909 0.285217 0.646874
10832 0.426166 0.455865 0.117969
14896 0.457521 0.083904 0.458575
10832 0.117900 0.763790 0.118309
14896 0.474467 0.374703 0.150830
10824 0.007018 0.809502 0.183480
10824 0.297195 0.650793 0.052012
10823 0.171748 0.289328 0.538924
10823 0.637955 0.233247 0.128798
13311 0.035621 0.677999 0.286380
2217 0.183070 0.041813 0.775118
14756 0.591688 0.243591 0.164722
10823 0.177004 0.731068 0.091928
14757 0.189442 0.119095 0.691463
10885 0.198513 0.670407 0.131081
10885 0.454166 0.257146 0.288687
13336 0.385907 0.033654 0.580439
13668 0.144043 0.194088 0.661869
1584 0.244790 0.148194 0.607016
13668 0.624807 0.293252 0.081941
13670 0.788241 0.080208 0.131551
1584 0.366193 0.562986 0.070821
1582 0.500128 0.223834 0.276038
1582 0.105813 0.004604 0.889582
1582 0.066616 0.577200 0.356185
9855 0.468526 0.195663 0.335811
9855 0.101656 0.734703 0.163641
14652 0.833529 0.134865 0.031605
1935 0.046831 0.266369 0.686801
1578 0.022445 0.440611 0.536943
1935 0.288292 0.412886 0.298822
13547 0.300340 0.343093 0.356568
1937 0.124054 0.845432 0.030514
1937 0.198345 0.619138 0.182517
13547 0.658132 0.157048 0.184820
1936 0.075982 0.315980 0.608038
13548 0.018643 0.592422 0.388935
1937 0.688229 0.240983 0.070787
1936 0.214324 0.535117 0.250559
13548 0.383737 0.425224 0.191039
13548 0.234009 0.192122 0.573869
13550 0.010861 0.965981 0.023157
13548 0.604082 0.286006 0.109912
13548 0.580592 0.066480 0.352927
1933 0.106421 0.679429 0.214150
10906 0.733322 0.233869 0.032809
13550 0.466692 0.229095 0.304213
1923 0.339234 0.628328 0.032438
1923 0.138868 0.440839 0.420293
10906 0.105763 0.496856 0.397381
13027 0.315785 0.338614 0.345600
1612 0.768628 0.159492 0.071880
13648 0.437218 0.334127 0.228655
13026 0.053508 0.038817 0.907674
13026 0.216018 0.693401 0.090581
11172 0.159807 0.758302 0.081892
11172 0.069590 0.202143 0.728267
10892 0.932398 0.023690 0.043912
1941 0.404560 0.428348 0.167092
1940 0.696517 0.155863 0.147621
13658 0.147266 0.811215 0.041519
14887 0.296023 0.052476 0.651501
14887 0.772699 0.138981 0.088320
14760 0.465582 0.473715 0.060703
14761 0.085386 0.108577 0.806037
1942 0.259871 0.018155 0.721974
13554 0.499266 0.330044 0.170690
1942 0.230992 0.269147 0.499861
1942 0.633701 0.088082 0.278217
13554 0.919104 0.032420 0.048476
13555 0.328961 0.011472 0.659567
11152 0.616968 0.227827 0.155205
10878 0.085621 0.785881 0.128498
14714 0.718469 0.190397 0.091134
11152 0.408744 0.379447 0.211809
11152 0.241570 0.499479 0.258951
11152 0.105121 0.518542 0.376338
11152 0.037069 0.858316 0.104615
1942 0.573724 0.349124 0.077152
10878 0.552662 0.352810 0.094528
1942 0.166302 0.793798 0.039900
1942 0.202388 0.528047 0.269565
14761 0.536932 0.158408 0.304661
14761 0.781836 0.213301 0.004864
14761 0.308852 0.131464 0.559685
14761 0.102374 0.585705 0.311921
14761 0.332857 0.598782 0.068361
11150 0.436025 0.466243 0.097732
11150 0.106537 0.564444 0.329019
11150 0.047483 0.887826 0.064691
2298 0.008236 0.821651 0.170114
11161 0.114127 0.421409 0.464465
11161 0.380783 0.235412 0.383805
11151 0.217329 0.733718 0.048953
11151 0.189274 0.530621 0.280106
14749 0.008158 0.671856 0.319986
14749 0.196540 0.787742 0.015718
13556 0.116295 0.186230 0.697475
14749 0.058643 0.905505 0.035851
13556 0.288862 0.020363 0.690775
13557 0.865798 0.068289 0.065912
13557 0.525788 0.126999 0.347213
13557 0.631342 0.219055 0.149603
1945 0.644294 0.079837 0.275870
13557 0.394183 0.366924 0.238894
13557 0.465297 0.480380 0.054323
1945 0.436983 0.039747 0.523270
1945 0.557031 0.175869 0.267100
1945 0.420338 0.034456 0.545206
13557 0.255913 0.711806 0.032281
13557 0.241402 0.714572 0.044026
13557 0.207589 0.686257 0.106154
13557 0.404067 0.561201 0.034732
13557 0.155322 0.589178 0.255499
13557 0.337841 0.467188 0.194972
13557 0.085960 0.465867 0.448172
13557 0.296854 0.382178 0.320968
13557 0.057013 0.392938 0.550050
13557 0.253021 0.275942 0.471037
13557 0.438059 0.157521 0.404420
13557 0.582281 0.025390 0.392329
13557 0.305827 0.279613 0.414561
13557 0.106606 0.447339 0.446056
13557 0.175206 0.544525 0.280270
1947 0.386708 0.534683 0.078609
1947 0.293399 0.674956 0.031645
13557 0.041118 0.806946 0.151936
13557 0.236939 0.662962 0.100099
13557 0.071843 0.870176 0.057982
1947 0.032229 0.783983 0.183788
13506 0.915798 0.047495 0.036706
1894 0.905805 0.002401 0.091793
13557 0.054795 0.873160 0.072045
13506 0.861075 0.095260 0.043666
13557 0.021614 0.837746 0.140639
1947 0.271034 0.695527 0.033439
1947 0.388698 0.511241 0.100061
1947 0.457211 0.422672 0.120117
1947 0.186432 0.492932 0.320636
1947 0.104524 0.627840 0.267636
13506 0.639590 0.235830 0.124580
1894 0.437978 0.018869 0.543153
1894 0.382798 0.177658 0.439544
1894 0.717542 0.054225 0.228233
1894 0.705503 0.091078 0.203419
1894 0.081085 0.118069 0.800846
14724 0.035781 0.118254 0.845965
13692 0.114472 0.845455 0.040073
14724 0.426419 0.252493 0.321088
1581 0.070825 0.393048 0.536127
11162 0.404657 0.482623 0.112720
14724 0.193096 0.760985 0.045919
13561 0.258436 0.667456 0.074108
11125 0.223420 0.160689 0.615891
14789 0.717760 0.019007 0.263232
13690 0.042884 0.244876 0.712239
13556 0.445309 0.179664 0.375026
13556 0.427951 0.336637 0.235412
13556 0.510747 0.430684 0.058569
14532 0.273193 0.169171 0.557635
13564 0.019846 0.634404 0.345750
1952 0.626310 0.130069 0.243620
9589 0.270192 0.241329 0.488480
13563 0.225339 0.141002 0.633660
13563 0.791502 0.163561 0.044938
13382 0.040276 0.210924 0.748800
15307 0.563659 0.110663 0.325677
14711 0.501539 0.081508 0.416953
1677 0.460042 0.433562 0.106396
1671 0.902916 0.000680 0.096404
13381 0.088918 0.242943 0.668139
13303 0.265934 0.674325 0.059741
14842 0.105553 0.725684 0.168762
14853 0.007343 0.128048 0.864609
10978 0.068010 0.889220 0.042769
10978 0.677384 0.135739 0.186877
10986 0.571614 0.261901 0.166485
13456 0.094216 0.877416 0.028368
14851 0.004257 0.748718 0.247025
2233 0.425299 0.437490 0.137212
14851 0.000000 0.950599 0.049401
2233 0.718740 0.281260 0.000000
2232 1.000000 0.000000 0.000000
10871 0.823971 0.176029 0.000000
11154 0.752065 0.247935 0.000000
10871 0.583978 0.416022 0.000000
14743 0.323231 0.594889 0.081880
11154 0.186349 0.813651 0.000000
14823 0.024429 0.377807 0.597763
13483 0.401563 0.435428 0.163008
2161 0.442158 0.097181 0.460661
14824 0.225561 0.519977 0.254462
13390 0.127449 0.732702 0.139849
2161 0.247183 0.550758 0.202059
2174 0.177153 0.802367 0.020480
9870 0.294903 0.500992 0.204105
9862 0.015407 0.647678 0.336915
14666 0.074842 0.168158 0.757001
9870 0.256804 0.286313 0.456883
14666 0.073977 0.814148 0.111875
9869 0.168344 0.442147 0.389508
13488 0.065890 0.249506 0.684604
13521 0.358743 0.577502 0.063756
14664 0.574353 0.331503 0.094144
2165 0.029582 0.182314 0.788105
2167 0.116817 0.400078 0.483104
13522 0.107002 0.360295 0.532703
13466 0.188517 0.631703 0.179780
13389 0.261822 0.611646 0.126532
1624 0.077613 0.074817 0.847570
1624 0.803086 0.053632 0.143282
14911 0.102809 0.864573 0.032618
2241 0.780565 0.111273 0.108161
1624 0.375080 0.583819 0.041101
10864 0.691878 0.094686 0.213436
10821 0.180966 0.424400 0.394634
10833 0.092471 0.230666 0.676863
2208 0.213445 0.650461 0.136094
10913 0.871632 0.106571 0.021797
2215 0.276494 0.164516 0.558989
1934 0.296888 0.346749 0.356363
13546 0.070996 0.429600 0.499404
1936 0.015644 0.937391 0.046965
13546 0.329016 0.068534 0.602450
1933 0.740763 0.086308 0.172930
13545 0.232380 0.313175 0.454444
10904 0.433882 0.342247 0.223871
1925 0.142286 0.471065 0.386649
10919 0.493297 0.495860 0.010842
10933 0.498951 0.088002 0.413047
9590 0.476314 0.404622 0.119064
15301 0.290139 0.600962 0.108899
15300 0.108172 0.189153 0.702675
