2462 0.048863 0.472799 0.478338
12153 0.380599 0.031258 0.588142
2440 0.065631 0.061516 0.872853
12272 0.455837 0.271777 0.272385
16703 0.460867 0.535928 0.003205
16798 0.000000 0.648897 0.351103
1495 0.680490 0.114330 0.205181
12274 0.026728 0.026077 0.947194
17560 0.825244 0.052109 0.122647
16811 0.476505 0.302964 0.220531
2444 0.295213 0.583146 0.121640
17547 0.492329 0.174202 0.333469
2151 0.939313 0.027235 0.033451
2043 0.308286 0.609302 0.082412
2034 0.705004 0.087612 0.207384
2068 0.095439 0.825225 0.079335
16769 0.279780 0.657117 0.063103
14683 0.081215 0.017106 0.901679
8275 0.014377 0.935277 0.050346
16905 0.884375 0.029786 0.085840
2384 0.570022 0.400905 0.029074
8261 0.076683 0.140084 0.783234
2344 0.127922 0.462564 0.409513
8276 0.019522 0.263834 0.716645
8264 0.012738 0.515151 0.472111
8175 0.982052 0.006931 0.011017
1398 0.114698 0.017610 0.867692
16893 0.146741 0.082266 0.770992
14937 0.116938 0.267540 0.615522
14829 0.056899 0.864355 0.078746
15277 0.383315 0.479728 0.136958
14783 0.413941 0.193853 0.392206
8045 0.010415 0.927966 0.061619
14760 0.983936 0.006709 0.009355
5322 0.458942 0.383859 0.157199
8104 0.642381 0.053215 0.304404
5323 0.110816 0.293355 0.595828
5335 0.423825 0.223179 0.352997
10784 0.308436 0.396168 0.295397
10787 0.082305 0.477935 0.439760
14699 0.213056 0.625391 0.161553
10799 0.425282 0.251080 0.323637
14929 0.030493 0.091609 0.877898
8094 0.339715 0.181714 0.478572
8124 0.743543 0.212796 0.043661
1427 0.721229 0.105397 0.173374
8158 0.033408 0.711836 0.254756
8163 0.894737 0.056231 0.049032
14740 0.078485 0.658063 0.263453
14687 0.028241 0.777947 0.193812
14735 0.072873 0.394071 0.533056
17669 0.121623 0.280235 0.598142
2367 0.039318 0.820944 0.139738
1484 0.133728 0.713507 0.152765
13118 0.047891 0.365491 0.586618
12299 0.938631 0.055422 0.005947
5850 0.018203 0.139034 0.842763
5757 0.877773 0.115361 0.006866
13680 0.226372 0.608699 0.164929
13104 0.008689 0.974019 0.017292
5199 0.249871 0.591978 0.158151
12284 0.791120 0.191578 0.017302
5196 0.463349 0.476548 0.060104
13473 0.132222 0.031454 0.836324
5189 0.174059 0.499387 0.326554
13410 0.737065 0.147980 0.114955
12294 0.331667 0.612164 0.056169
13855 0.008217 0.215109 0.776674
8366 0.730391 0.152330 0.117279
8592 0.303544 0.053829 0.642628
13784 0.425576 0.322168 0.252256
13428 0.614324 0.318555 0.067121
1860 0.021845 0.784250 0.193905
1861 0.571748 0.076290 0.351962
1856 0.678602 0.136096 0.185301
13420 0.333119 0.095947 0.570934
1644 0.094231 0.154089 0.751680
13730 0.610838 0.027404 0.361758
13803 0.584639 0.096261 0.319100
8599 0.064366 0.816900 0.118734
1868 0.230493 0.245452 0.524055
13866 0.086901 0.212220 0.700879
13509 0.885093 0.046927 0.067980
1623 0.006391 0.527040 0.466568
8515 0.328125 0.617517 0.054358
13482 0.724184 0.146038 0.129778
13500 0.457913 0.335061 0.207025
12975 0.139536 0.046839 0.813624
12966 0.135754 0.076927 0.787319
13944 0.474920 0.412607 0.112473
8433 0.596865 0.395005 0.008130
13538 0.750349 0.207293 0.042358
13871 0.714552 0.101268 0.184179
15246 0.148915 0.671703 0.179382
13744 0.143650 0.321810 0.534541
13756 0.455393 0.531172 0.013435
6441 0.241567 0.444815 0.313618
13601 0.070579 0.063351 0.866070
17767 0.810773 0.036017 0.153211
17720 0.189582 0.721062 0.089356
17854 0.630245 0.236577 0.133178
1321 0.538401 0.249158 0.212441
400 0.025517 0.244317 0.730166
17093 0.201504 0.346978 0.451517
2111 0.107041 0.690540 0.202419
2073 0.073383 0.922522 0.004095
403 0.427991 0.375997 0.196013
1517 0.240349 0.727878 0.031774
17770 0.441476 0.264510 0.294014
1281 0.134298 0.225997 0.639705
8922 0.153170 0.779782 0.067048
13012 0.061995 0.806308 0.131697
12973 0.554654 0.191205 0.254140
12824 0.048990 0.348885 0.602125
8416 0.212699 0.684762 0.102539
12767 0.027017 0.907825 0.065159
13043 0.081854 0.342254 0.575891
13000 0.203656 0.723501 0.072843
12774 0.488248 0.423743 0.088009
14961 0.490851 0.454617 0.054532
12954 0.532731 0.102149 0.365120
14011 0.241948 0.118701 0.639351
1747 0.395543 0.108702 0.495754
17803 0.097340 0.515352 0.387308
17204 0.802418 0.160084 0.037498
2195 0.296360 0.650692 0.052948
13176 0.220721 0.102046 0.677233
17804 0.342342 0.528856 0.128801
2160 0.773262 0.104468 0.122271
12806 0.214635 0.078113 0.707252
2082 0.727736 0.224234 0.048030
8492 0.495941 0.042990 0.461069
8804 0.052961 0.766375 0.180664
1530 0.506665 0.200500 0.292835
13878 0.445818 0.090124 0.464059
10474 0.771248 0.079806 0.148945
11253 0.382575 0.593218 0.024207
11311 0.260655 0.427532 0.311813
13637 0.757211 0.034336 0.208452
13103 0.039704 0.941226 0.019070
5760 0.723764 0.031615 0.244621
5880 0.309055 0.343934 0.347011
10445 0.490161 0.147124 0.362714
10451 0.125594 0.432051 0.442355
5895 0.306665 0.234072 0.459263
6266 0.823741 0.070532 0.105727
11317 0.145980 0.461566 0.392454
16930 0.003447 0.862082 0.134470
17080 0.079437 0.620340 0.300223
16968 0.293931 0.506320 0.199749
7985 0.325309 0.543096 0.131595
14815 0.319059 0.188462 0.492479
15171 0.182624 0.226599 0.590778
15170 0.042951 0.619444 0.337605
10316 0.084631 0.439338 0.476032
13234 0.774730 0.086223 0.139047
7940 0.142340 0.322291 0.535369
10322 0.114901 0.330347 0.554752
10315 0.041758 0.180720 0.777522
10236 0.778502 0.086360 0.135139
8484 0.452239 0.388090 0.159671
8481 0.169379 0.291734 0.538887
13468 0.222251 0.185079 0.592670
1904 0.111177 0.138588 0.750235
13400 0.214343 0.589779 0.195878
10214 0.698062 0.043319 0.258619
10212 0.735169 0.132414 0.132418
6117 0.272893 0.563852 0.163255
6332 0.029681 0.646555 0.323764
16886 0.065527 0.667222 0.267251
14716 0.481382 0.070897 0.447721
10576 0.837435 0.124847 0.037718
10584 0.799747 0.004884 0.195369
2239 0.000000 0.672399 0.327601
2252 0.269623 0.660916 0.069461
2266 0.304734 0.421552 0.273714
14751 0.474700 0.223687 0.301613
8159 0.065138 0.005429 0.929434
8214 0.726600 0.257969 0.015431
17649 0.019634 0.818691 0.161674
14748 0.811191 0.074479 0.114330
13016 0.409147 0.385249 0.205604
2277 0.601895 0.137412 0.260693
17695 0.142188 0.408534 0.449278
2354 0.110555 0.539214 0.350232
2483 0.590152 0.034171 0.375677
17577 0.584731 0.398122 0.017147
2361 0.359353 0.473585 0.167061
17673 0.925926 0.040349 0.033724
2481 0.165520 0.057022 0.777458
13850 0.187306 0.246886 0.565808
8354 0.164705 0.385642 0.449653
13865 0.139653 0.799562 0.060785
1653 0.675576 0.232783 0.091641
13514 0.731871 0.120261 0.147868
8561 0.040750 0.722619 0.236631
17751 0.055349 0.186591 0.758060
5433 0.308615 0.069341 0.622044
752 0.593132 0.142552 0.264316
19031 0.028284 0.381314 0.590402
7771 0.041161 0.780930 0.177908
12792 0.055498 0.376069 0.568432
8445 0.204604 0.721898 0.073498
8671 0.113901 0.019777 0.866322
12895 0.804761 0.106552 0.088688
8879 0.077950 0.083394 0.838656
12838 0.424369 0.128637 0.446994
15013 0.785140 0.198667 0.016193
12785 0.033187 0.411108 0.555704
14893 0.775744 0.200960 0.023296
8737 0.531494 0.412645 0.055860
10030 0.528759 0.420001 0.051240
7840 0.318630 0.301392 0.379978
15065 0.004579 0.260756 0.734665
9753 0.405537 0.273032 0.321430
10811 0.285471 0.623429 0.091100
6170 0.679456 0.222826 0.097718
10717 0.481238 0.458821 0.059941
14910 0.621683 0.278007 0.100310
12150 0.139983 0.022126 0.837891
15061 0.801715 0.185487 0.012799
10695 0.182838 0.795994 0.021168
14373 0.096541 0.112512 0.790947
9188 0.225716 0.400553 0.373731
9617 0.177086 0.260097 0.562817
14885 0.323443 0.034777 0.641781
10016 0.054637 0.313607 0.631756
5731 0.484775 0.091910 0.423314
11040 0.038900 0.068640 0.892460
9969 0.097433 0.848911 0.053655
9242 0.571329 0.411834 0.016837
9203 0.157974 0.713595 0.128431
14654 0.173678 0.434278 0.392045
9927 0.417961 0.275099 0.306940
14539 0.240730 0.402635 0.356635
9120 0.495135 0.467362 0.037502
14622 0.313046 0.658899 0.028055
14547 0.232361 0.585950 0.181689
9133 0.662810 0.038112 0.299077
9106 0.220694 0.215066 0.564240
9110 0.571773 0.373193 0.055034
12165 0.663457 0.104844 0.231699
14406 0.141078 0.010898 0.848024
10124 0.287687 0.592924 0.119389
14395 0.261057 0.387960 0.350984
9704 0.179200 0.214842 0.605959
14997 0.370774 0.537989 0.091237
9844 0.489453 0.162503 0.348043
8626 0.064863 0.130249 0.804888
14241 0.404382 0.061401 0.534216
12867 0.216387 0.705084 0.078529
11425 0.621440 0.214470 0.164091
10880 0.089598 0.769881 0.140521
15122 0.316208 0.066753 0.617039
11397 0.051108 0.545665 0.403228
9528 0.180435 0.013387 0.806178
14322 0.617230 0.320664 0.062106
14223 0.196679 0.303560 0.499761
10201 0.831075 0.060982 0.107942
14605 0.129361 0.011948 0.858691
10198 0.600341 0.033129 0.366531
14623 0.845995 0.092427 0.061578
10082 0.167478 0.402294 0.430228
10071 0.307494 0.235759 0.456747
10203 0.084471 0.711961 0.203567
14472 0.055305 0.312909 0.631785
14329 0.360777 0.465418 0.173805
9416 0.476437 0.439519 0.084044
11103 0.648251 0.230761 0.120988
5597 0.011690 0.298936 0.689375
8973 0.359336 0.155445 0.485218
6208 0.404340 0.500142 0.095518
10742 0.162641 0.316636 0.520723
10129 0.288162 0.018826 0.693012
10153 0.529770 0.470230 0.000000
6184 0.000000 0.646365 0.353635
10159 1.000000 0.000000 0.000000
8985 0.000000 0.639531 0.360469
10136 0.000000 0.382240 0.617760
12280 0.389698 0.399176 0.211125
6084 0.694128 0.009275 0.296596
10137 0.000000 0.702445 0.297555
14063 0.710555 0.269623 0.019822
12197 0.458064 0.095663 0.446273
12282 0.549353 0.335319 0.115328
10760 0.333808 0.195388 0.470805
5617 0.363621 0.068299 0.568079
14562 0.505196 0.326121 0.168684
9686 0.139765 0.646396 0.213839
9684 0.230036 0.030984 0.738980
9662 0.586029 0.082619 0.331352
9665 0.361339 0.556543 0.082118
10908 0.047082 0.423028 0.529889
12206 0.122400 0.851074 0.026525
14202 0.588047 0.011782 0.400171
5462 0.448872 0.000000 0.551128
11214 0.409627 0.301288 0.289086
6056 0.660736 0.031407 0.307857
9527 0.510575 0.214500 0.274925
9326 0.234873 0.563937 0.201190
10950 0.350943 0.242875 0.406182
11468 0.261344 0.263787 0.474869
5947 0.185351 0.479919 0.334729
10941 0.140689 0.164710 0.694601
11165 0.049067 0.501451 0.449482
10985 0.233265 0.117934 0.648801
5994 0.782762 0.067636 0.149603
11376 0.277285 0.714151 0.008564
11479 0.388468 0.448888 0.162644
11450 0.519945 0.424656 0.055399
9323 0.661684 0.148940 0.189376
11459 0.152575 0.623797 0.223628
9317 0.476847 0.133834 0.389318
10966 0.235815 0.736982 0.027204
9274 0.484959 0.245682 0.269360
9548 0.429033 0.017559 0.553408
11385 0.646457 0.192036 0.161507
9431 0.013986 0.849472 0.136542
10989 0.078641 0.223574 0.697785
9301 0.125522 0.832866 0.041612
5990 0.133764 0.580936 0.285300
11420 0.606941 0.111763 0.281296
6013 0.157668 0.413785 0.428547
6001 0.847382 0.007761 0.144857
11411 0.639358 0.333655 0.026987
5983 0.156207 0.520970 0.322823
8891 0.478165 0.129209 0.392626
14235 0.195573 0.551733 0.252694
9707 0.823035 0.134470 0.042495
12894 0.257940 0.192735 0.549325
4353 0.037006 0.086728 0.876266
3955 0.251318 0.278788 0.469893
14859 0.180631 0.052653 0.766717
7743 0.215917 0.560068 0.224015
12864 0.406436 0.228364 0.365200
12523 0.117290 0.465633 0.417077
12047 0.018070 0.376796 0.605133
12763 0.161442 0.189774 0.648784
3631 0.079154 0.211847 0.708999
14145 0.253231 0.071163 0.675607
19245 0.000834 0.010280 0.988886
14189 0.983573 0.001410 0.015016
3423 0.433347 0.177937 0.388717
6423 0.428136 0.208604 0.363260
13002 0.057656 0.369103 0.573241
12750 0.403585 0.456286 0.140130
7246 0.650163 0.277276 0.072561
12842 0.153405 0.570286 0.276308
20365 0.196871 0.277132 0.525997
20357 0.357612 0.467929 0.174458
4145 0.003086 0.043514 0.953399
19281 0.056708 0.740237 0.203055
3860 0.457880 0.529184 0.012936
8723 0.287504 0.067700 0.644795
17882 0.743133 0.152956 0.103911
8785 0.107750 0.719953 0.172297
12819 0.231094 0.081255 0.687651
7775 0.334516 0.122465 0.543019
13886 0.484165 0.402154 0.113681
6431 0.111193 0.349767 0.539040
6415 0.021507 0.846345 0.132149
6456 0.098343 0.737871 0.163785
12622 0.301447 0.000000 0.698553
6407 0.298667 0.695875 0.005459
16915 0.031925 0.543666 0.424410
5526 0.586394 0.266132 0.147473
12703 0.442898 0.191852 0.365250
7195 0.216461 0.514401 0.269139
6434 0.408878 0.070617 0.520505
18330 0.052740 0.002362 0.944898
12591 0.690729 0.041645 0.267626
20355 0.499201 0.224190 0.276609
13933 0.653693 0.186401 0.159906
12962 0.609865 0.138849 0.251286
13033 0.122864 0.768514 0.108622
13072 0.027615 0.869079 0.103306
5220 0.235136 0.737324 0.027540
12927 0.708976 0.261633 0.029391
12753 0.802043 0.081728 0.116228
3252 0.663196 0.113442 0.223362
12742 0.273999 0.369654 0.356347
12697 0.271941 0.299016 0.429043
12845 0.481458 0.253616 0.264926
12857 0.630306 0.281260 0.088434
12884 0.859760 0.026094 0.114145
17985 0.563372 0.005540 0.431087
4200 0.089520 0.021402 0.889079
9893 0.635810 0.343549 0.020641
19257 0.751122 0.025443 0.223435
19240 0.034279 0.507835 0.457886
19222 0.870642 0.000093 0.129265
9965 0.129916 0.839643 0.030440
19282 0.052842 0.082334 0.864824
14176 0.041417 0.011068 0.947515
3959 0.199664 0.199286 0.601051
3364 0.921842 0.063581 0.014577
8695 0.571786 0.428214 0.000000
7887 0.185596 0.502043 0.312361
13309 0.096181 0.669900 0.233920
5723 0.560103 0.432777 0.007120
15812 0.569135 0.105934 0.324931
1026 0.093972 0.628817 0.277211
13376 0.017083 0.875715 0.107201
13371 0.176677 0.689380 0.133944
8702 0.244071 0.469245 0.286683
13247 0.591003 0.179378 0.229619
8711 0.511858 0.464217 0.023925
15116 0.385090 0.032797 0.582113
9794 0.045034 0.055606 0.899359
974 0.789447 0.132471 0.078082
18430 0.135499 0.463431 0.401070
9687 0.736382 0.263618 0.000000
5210 0.410987 0.275803 0.313209
5191 0.493752 0.432566 0.073682
12413 0.123830 0.141918 0.734252
10957 0.470501 0.066273 0.463225
6024 0.253500 0.394943 0.351558
6032 0.219096 0.478032 0.302872
5981 0.492964 0.115447 0.391589
9566 0.173963 0.615687 0.210350
14317 0.137470 0.267903 0.594627
9435 0.034989 0.955883 0.009129
9442 0.361699 0.160819 0.477482
19132 0.697652 0.007878 0.294470
7174 0.056124 0.471769 0.472107
12542 0.754127 0.074939 0.170934
11751 0.055874 0.020442 0.923684
17368 0.135082 0.754504 0.110414
7438 0.351006 0.042620 0.606374
7402 0.024832 0.206852 0.768316
3389 0.566146 0.061498 0.372356
12101 0.151821 0.648464 0.199715
6613 0.079959 0.001377 0.918664
12112 0.628716 0.360789 0.010495
11992 0.654776 0.019965 0.325259
11607 0.658121 0.177933 0.163946
7149 0.779628 0.088162 0.132210
7550 0.360797 0.281720 0.357483
11755 0.007286 0.168573 0.824141
7124 0.224860 0.301082 0.474058
7172 0.232489 0.589377 0.178134
11504 0.159133 0.197060 0.643807
11629 0.058019 0.548106 0.393875
11521 0.009443 0.831648 0.158910
19780 0.275132 0.267020 0.457848
11535 0.172763 0.446137 0.381101
11528 0.167972 0.221202 0.610826
19787 0.295380 0.060204 0.644416
11972 0.327561 0.114862 0.557577
12094 0.309054 0.581245 0.109701
928 0.185435 0.319824 0.494741
7634 0.258776 0.700361 0.040863
11509 0.194916 0.714298 0.090786
12024 0.357704 0.161303 0.480993
7489 0.306743 0.101699 0.591558
917 0.310872 0.233819 0.455309
7525 0.004602 0.308236 0.687163
944 0.509601 0.049133 0.441266
7399 0.527481 0.101805 0.370714
19789 0.483556 0.394750 0.121693
7626 0.231398 0.212201 0.556401
19837 0.732108 0.070261 0.197631
11525 0.400501 0.045812 0.553687
20084 0.036677 0.092382 0.870942
3780 0.234988 0.300202 0.464810
11556 0.752931 0.119472 0.127597
18702 0.247381 0.004367 0.748251
813 0.034538 0.216804 0.748658
908 0.827449 0.120729 0.051821
20388 0.058467 0.453940 0.487593
20384 0.479189 0.465675 0.055136
870 0.230984 0.403730 0.365286
854 0.433938 0.327349 0.238714
15876 0.121077 0.873350 0.005573
15890 0.779556 0.152859 0.067584
692 0.149434 0.786179 0.064386
15902 0.519478 0.193591 0.286931
3824 0.551497 0.148240 0.300262
7356 0.245912 0.151746 0.602342
15897 0.380614 0.435261 0.184125
3772 0.392996 0.133201 0.473803
3764 0.634766 0.190112 0.175122
7338 0.452164 0.391035 0.156801
814 0.654482 0.239648 0.105870
6536 0.025212 0.667685 0.307102
4267 0.753630 0.070573 0.175797
4294 0.000000 0.276585 0.723415
20264 0.348997 0.608245 0.042759
677 0.504264 0.466500 0.029236
896 0.331004 0.575865 0.093131
7348 0.302709 0.368770 0.328522
889 0.600716 0.305521 0.093763
947 0.474940 0.027344 0.497716
937 0.617774 0.372051 0.010175
11599 0.032419 0.516946 0.450635
19827 0.086676 0.329387 0.583937
882 0.795617 0.015692 0.188691
12029 0.049053 0.006790 0.944157
7470 0.102231 0.695568 0.202201
7466 0.513437 0.458156 0.028407
2614 0.518481 0.019363 0.462156
2554 0.661218 0.215777 0.123005
15471 0.117646 0.322838 0.559516
1148 0.108544 0.339505 0.551950
15539 0.055361 0.499826 0.444814
15491 0.174321 0.023624 0.802055
17446 0.328524 0.417703 0.253773
3212 0.519191 0.406167 0.074642
17406 0.376246 0.083029 0.540725
15521 0.467199 0.242789 0.290012
17416 0.222329 0.198980 0.578691
15346 0.147094 0.619122 0.233784
15468 0.760217 0.178759 0.061024
3218 0.055221 0.805140 0.139639
15531 0.232001 0.687032 0.080968
6937 0.190437 0.015035 0.794528
18517 0.368211 0.467400 0.164389
18252 0.120476 0.753848 0.125676
1178 0.542632 0.256168 0.201200
2781 0.065200 0.929917 0.004883
15338 0.088036 0.768138 0.143826
17396 0.093079 0.697234 0.209688
2789 0.109719 0.690484 0.199797
6886 0.633275 0.338772 0.027953
15600 0.043436 0.619857 0.336706
2694 0.024955 0.088689 0.886356
17387 0.013704 0.884244 0.102053
521 0.687676 0.190114 0.122209
578 0.151585 0.784022 0.064393
560 0.075009 0.891545 0.033446
554 0.782140 0.195873 0.021987
18513 0.530771 0.020538 0.448691
6979 0.263845 0.605338 0.130817
18508 0.455326 0.400124 0.144550
18573 0.274861 0.018733 0.706405
18222 0.017086 0.863735 0.119179
1249 0.924743 0.069714 0.005543
18627 0.482054 0.301788 0.216158
626 0.201904 0.214550 0.583547
18878 0.299877 0.385850 0.314273
6941 0.374429 0.177488 0.448083
18521 0.199590 0.048564 0.751846
6749 0.060931 0.384319 0.554749
1131 0.561735 0.100425 0.337840
6925 0.642895 0.170838 0.186267
624 0.144333 0.831720 0.023947
18842 0.404488 0.505601 0.089912
508 0.613314 0.177349 0.209337
6753 0.493132 0.216228 0.290639
18638 0.108037 0.023629 0.868335
18650 0.853246 0.074029 0.072725
18937 0.686239 0.283389 0.030373
591 0.084358 0.177040 0.738602
6709 0.511276 0.372461 0.116263
18970 0.098260 0.204038 0.697702
19065 0.091766 0.576736 0.331497
6774 0.095472 0.046429 0.858098
49 0.180817 0.651955 0.167229
357 0.410504 0.255495 0.334001
18588 0.289068 0.175806 0.535127
18094 0.406429 0.433937 0.159634
6823 0.070730 0.513313 0.415957
604 0.030609 0.612889 0.356502
6721 0.217754 0.771161 0.011085
19029 0.427503 0.560711 0.011786
490 0.120911 0.306424 0.572664
11951 0.094291 0.757133 0.148576
11928 0.640175 0.333206 0.026619
11950 0.271565 0.406720 0.321715
6401 0.581436 0.148172 0.270392
11866 0.170869 0.236381 0.592750
6665 0.227917 0.075031 0.697052
11854 0.221519 0.439431 0.339050
7280 0.247308 0.684891 0.067801
12492 0.454342 0.240030 0.305629
18277 0.146208 0.424667 0.429125
7070 0.001095 0.444588 0.554318
7304 0.057621 0.627323 0.315055
11833 0.091036 0.054385 0.854579
12470 0.550082 0.398046 0.051872
5518 0.055274 0.757664 0.187062
5511 0.243992 0.163557 0.592451
6649 0.138127 0.003605 0.858268
11933 0.090552 0.073764 0.835684
1201 0.268214 0.164518 0.567268
12539 0.227265 0.379952 0.392783
18063 0.520199 0.111162 0.368639
146 0.271891 0.314896 0.413214
18752 0.472192 0.106177 0.421632
18119 0.005864 0.719834 0.274302
261 0.219356 0.180059 0.600586
18077 0.066476 0.727331 0.206193
18149 0.421638 0.198220 0.380143
17873 0.244473 0.162657 0.592870
257 0.115834 0.880183 0.003984
18990 0.203470 0.579902 0.216628
18158 0.163008 0.343556 0.493436
19073 0.288114 0.077232 0.634654
18025 0.506695 0.131911 0.361394
28 0.335927 0.621951 0.042122
20 0.150281 0.007223 0.842496
24 0.323022 0.452098 0.224879
138 0.792150 0.045796 0.162054
17968 0.015540 0.920649 0.063811
17521 0.768485 0.105417 0.126098
130 0.467704 0.073444 0.458851
667 0.454005 0.514585 0.031410
20065 0.235392 0.181939 0.582669
6812 0.098337 0.194876 0.706787
6842 0.102832 0.590972 0.306196
6852 0.451132 0.022190 0.526678
7302 0.085212 0.727773 0.187015
11836 0.677372 0.248005 0.074623
17913 0.698075 0.147061 0.154864
19095 0.053807 0.207990 0.738203
18989 0.031160 0.133173 0.835667
11839 0.231422 0.181666 0.586912
20288 0.122422 0.510699 0.366879
2594 0.192993 0.781032 0.025975
15485 0.323757 0.297527 0.378716
15490 0.395331 0.196743 0.407927
2604 0.088706 0.299077 0.612218
481 0.022046 0.537250 0.440704
497 0.088957 0.841746 0.069296
18968 0.596646 0.027707 0.375647
8 0.009020 0.127039 0.863941
6863 0.516764 0.348003 0.135234
18184 0.022790 0.615741 0.361468
17516 0.627111 0.246626 0.126263
180 0.040196 0.471875 0.487929
219 0.328387 0.494117 0.177496
17957 0.353686 0.333767 0.312547
17999 0.075643 0.321854 0.602503
179 0.197059 0.208037 0.594904
20117 0.902090 0.048694 0.049216
19627 0.317325 0.329791 0.352884
4443 0.776478 0.092313 0.131209
189 0.044828 0.240273 0.714900
18258 0.096334 0.804812 0.098855
19986 0.178262 0.710246 0.111492
4448 0.296909 0.415082 0.288009
4393 0.593794 0.304305 0.101902
4399 0.783813 0.183008 0.033178
3515 0.204439 0.785938 0.009623
3511 0.128182 0.612504 0.259315
4444 0.527975 0.291396 0.180628
775 0.044118 0.115015 0.840867
17235 0.040555 0.564606 0.394839
783 0.749058 0.250942 0.000000
4381 0.245783 0.343801 0.410416
3587 0.383490 0.537189 0.079322
19485 0.139043 0.439670 0.421286
5080 0.286553 0.529340 0.184107
19392 0.825139 0.040305 0.134556
3475 0.165360 0.147317 0.687323
723 0.307918 0.369708 0.322374
19684 0.135512 0.413241 0.451247
3479 0.032955 0.212813 0.754232
4486 0.071174 0.922119 0.006707
4950 0.198418 0.641968 0.159614
5074 0.151592 0.491958 0.356450
19593 0.061391 0.404243 0.534366
19774 0.754413 0.136086 0.109501
4882 0.234260 0.379126 0.386614
19641 0.301449 0.217218 0.481333
19649 0.572362 0.127785 0.299853
19720 0.670931 0.310151 0.018918
5047 0.517392 0.255017 0.227591
19738 0.692415 0.266769 0.040816
5043 0.119433 0.310700 0.569866
19566 0.256111 0.269643 0.474246
17300 0.026971 0.772641 0.200388
5031 0.128719 0.804085 0.067195
5100 0.217977 0.308963 0.473060
17283 0.460878 0.408563 0.130559
19373 0.050094 0.877212 0.072694
4943 0.392696 0.459970 0.147335
4440 0.566903 0.031009 0.402088
19341 0.035604 0.924692 0.039704
19705 0.524560 0.231224 0.244216
1057 0.160867 0.203322 0.635811
17974 0.903178 0.091237 0.005585
3908 0.356283 0.115315 0.528402
4124 0.199788 0.040369 0.759843
19455 0.629714 0.114134 0.256151
4119 0.256707 0.599766 0.143528
3502 0.518793 0.379821 0.101385
4720 0.280254 0.642723 0.077023
4768 0.819025 0.099043 0.081933
3837 0.120363 0.446777 0.432860
19187 0.627220 0.217821 0.154959
19152 0.693370 0.281482 0.025148
3832 0.583815 0.103989 0.312196
4078 0.601875 0.396801 0.001324
16211 0.072746 0.741583 0.185671
16193 0.604704 0.136791 0.258505
3453 0.347458 0.567443 0.085100
17271 0.358936 0.412658 0.228405
4873 0.437110 0.293857 0.269034
5016 0.558712 0.228560 0.212728
3663 0.023191 0.269539 0.707270
15838 0.500305 0.313246 0.186449
15849 0.801747 0.003611 0.194642
19214 0.279246 0.373523 0.347231
15805 0.000000 0.331385 0.668615
4000 0.000000 0.532666 0.467334
19163 0.000000 0.568156 0.431844
3989 0.428269 0.571731 0.000000
4984 0.635657 0.364343 0.000000
15865 0.675989 0.109248 0.214764
17293 0.240495 0.207060 0.552445
19274 0.000000 0.713518 0.286482
17280 0.388930 0.318112 0.292958
19413 0.626663 0.213642 0.159695
19426 0.219182 0.259635 0.521183
3845 0.093182 0.143154 0.763663
19330 0.347441 0.317779 0.334781
3400 0.030937 0.121633 0.847430
10047 0.408890 0.244675 0.346435
19331 0.748662 0.063109 0.188229
15978 0.163458 0.034461 0.802081
3953 0.413553 0.218128 0.368319
3121 0.754647 0.237999 0.007354
3124 0.850506 0.149494 0.000000
4638 0.000000 0.703884 0.296116
4642 0.284863 0.319548 0.395589
16188 0.128481 0.757996 0.113522
2929 0.602078 0.351001 0.046922
16067 0.475129 0.018967 0.505904
2984 0.490893 0.002121 0.506986
16549 0.746509 0.231145 0.022346
4635 0.387414 0.173859 0.438728
2882 0.043185 0.462200 0.494615
4641 0.905763 0.045819 0.048418
16039 0.211384 0.023062 0.765554
3155 0.503783 0.496217 0.000000
2953 0.062607 0.774081 0.163312
16580 0.030561 0.538020 0.431419
16558 0.383237 0.438593 0.178170
16477 0.664092 0.174368 0.161540
4674 0.022364 0.628664 0.348971
15986 0.569814 0.075270 0.354916
16044 0.412533 0.195292 0.392175
16294 0.665795 0.226640 0.107565
17288 0.541582 0.188850 0.269568
16542 0.311122 0.521929 0.166949
4751 0.000000 0.565972 0.434028
15967 0.153589 0.806251 0.040160
16099 0.197927 0.407715 0.394358
4697 0.585190 0.205076 0.209735
16516 0.205862 0.005841 0.788297
3041 0.527871 0.294979 0.177150
3031 0.202224 0.270042 0.527734
16349 0.608098 0.249658 0.142245
16517 0.268408 0.391065 0.340527
16338 0.059623 0.564148 0.376229
2923 0.629568 0.033277 0.337155
16308 0.747504 0.188733 0.063764
16336 0.726870 0.199372 0.073759
4368 0.088751 0.765687 0.145562
8873 0.264745 0.675898 0.059358
20236 0.144358 0.624353 0.231290
4346 0.032414 0.852174 0.115411
18438 0.601686 0.109471 0.288843
992 0.058880 0.715099 0.226021
972 0.230785 0.405408 0.363807
3484 0.060976 0.767153 0.171872
18413 0.286732 0.622274 0.090995
3484 0.249766 0.210921 0.539314
19307 0.314073 0.434954 0.250973
17883 0.028942 0.474630 0.496428
1029 0.162299 0.087736 0.749965
4346 0.000000 0.720149 0.279851
4743 0.374031 0.458649 0.167320
3028 0.089985 0.739758 0.170256
12524 0.034045 0.376667 0.589288
18453 0.401317 0.425620 0.173062
17250 0.000000 0.254320 0.745680
17313 0.115713 0.672208 0.212078
12218 0.414429 0.050801 0.534770
5671 0.608440 0.027636 0.363924
16826 0.595169 0.243661 0.161171
1975 0.597678 0.402322 0.000000
2450 0.518563 0.209240 0.272198
16676 0.402837 0.243085 0.354078
1953 0.255646 0.398198 0.346156
7080 0.515014 0.355423 0.129563
16715 0.342158 0.279625 0.378217
16725 0.631300 0.107855 0.260845
2065 0.149344 0.837147 0.013509
16696 0.616280 0.321736 0.061984
16656 0.193806 0.207614 0.598580
16648 0.144903 0.028185 0.826913
2454 0.211086 0.028334 0.760580
2453 0.254177 0.379490 0.366333
16633 0.345346 0.025688 0.628966
3386 0.691767 0.092360 0.215873
18446 0.493934 0.030491 0.475575
12555 0.307836 0.107728 0.584436
6603 0.545281 0.093881 0.360838
17663 0.382197 0.499692 0.118111
17601 0.291301 0.300207 0.408492
1478 0.253943 0.523411 0.222646
2233 0.193359 0.310114 0.496527
7820 0.407070 0.274369 0.318561
1930 0.067016 0.214223 0.718761
17561 0.044843 0.133695 0.821462
2334 0.855226 0.032823 0.111951
2335 0.125235 0.541970 0.332795
16805 0.436800 0.371712 0.191487
2301 0.453352 0.238999 0.307650
2297 0.210281 0.389455 0.400264
16662 0.222284 0.224670 0.553047
16661 0.066730 0.929791 0.003479
1476 0.070293 0.378515 0.551192
12275 0.570848 0.413009 0.016143
12274 0.798336 0.107962 0.093702
15300 0.505459 0.380386 0.114154
15299 0.159851 0.765064 0.075085
16699 0.001472 0.508238 0.490290
17613 0.772453 0.223382 0.004165
1508 0.590464 0.119310 0.290226
1511 0.368482 0.230814 0.400704
17550 0.575649 0.253898 0.170452
16719 0.439666 0.278932 0.281402
16722 0.246154 0.309260 0.444586
17808 0.222990 0.158009 0.619001
17815 0.105650 0.564358 0.329992
1494 0.224764 0.498895 0.276341
1488 0.007382 0.676415 0.316203
17608 0.383527 0.016895 0.599578
1484 0.071951 0.035108 0.892941
1480 0.008632 0.609817 0.381551
17614 0.316006 0.138129 0.545866
17583 0.036666 0.157064 0.806270
1914 0.069433 0.785600 0.144967
2231 0.163210 0.807834 0.028956
2325 0.794801 0.034773 0.170426
2318 0.561214 0.410324 0.028462
17571 0.052552 0.464729 0.482719
17570 0.235279 0.366557 0.398164
2392 0.595150 0.261981 0.142869
2306 0.345882 0.466184 0.187934
16791 0.594235 0.026180 0.379585
16738 0.015980 0.411031 0.572989
2039 0.822610 0.114166 0.063224
2037 0.016842 0.712213 0.270945
16618 0.069797 0.643855 0.286347
16615 0.007550 0.526619 0.465832
2010 0.618561 0.373961 0.007478
16611 0.228277 0.555259 0.216465
16612 0.158770 0.543462 0.297768
2044 0.433762 0.455807 0.110430
9789 0.557617 0.016589 0.425794
15296 0.212077 0.370635 0.417289
2232 0.811483 0.122489 0.066028
2408 0.580329 0.317029 0.102642
2407 0.242112 0.654156 0.103732
16724 0.870040 0.108775 0.021185
2061 0.518776 0.108809 0.372415
1950 0.265265 0.192369 0.542366
16685 0.269719 0.020523 0.709759
16661 0.900803 0.066326 0.032871
2437 0.096873 0.899873 0.003254
1935 0.838227 0.081282 0.080491
16601 0.059725 0.842740 0.097534
16600 0.024290 0.614125 0.361585
2456 0.310652 0.351532 0.337816
1971 0.595828 0.063103 0.341069
1991 0.351195 0.485829 0.162976
2069 0.250498 0.637130 0.112372
2053 0.004801 0.180651 0.814548
16727 0.428201 0.149443 0.422356
16744 0.649132 0.277863 0.073005
16824 0.872002 0.113853 0.014145
2275 0.646457 0.059162 0.294381
2488 0.417264 0.171813 0.410923
16726 0.165725 0.075049 0.759227
16726 0.040104 0.935074 0.024821
2048 0.176716 0.777343 0.045941
2284 0.703585 0.002764 0.293652
2289 0.151186 0.482903 0.365911
16817 0.161207 0.601605 0.237188
2499 0.083692 0.155381 0.760927
2308 0.032778 0.170960 0.796262
2291 0.103112 0.444777 0.452110
2498 0.881984 0.099590 0.018426
2537 0.627960 0.234111 0.137929
2536 0.425495 0.357275 0.217230
2489 0.741718 0.016790 0.241492
2535 0.137789 0.736947 0.125264
16772 0.571863 0.371395 0.056742
2518 0.318945 0.069997 0.611058
16899 0.103114 0.695251 0.201635
2519 0.270790 0.564757 0.164453
2416 0.422331 0.121903 0.455766
2417 0.186286 0.280538 0.533176
8283 0.035618 0.305034 0.659347
14683 0.820155 0.018066 0.161780
14692 0.547307 0.013975 0.438718
14691 0.249238 0.003997 0.746765
8288 0.041510 0.040442 0.918048
2272 0.156627 0.046003 0.797370
17646 0.259207 0.650526 0.090267
2505 0.179339 0.803137 0.017524
2507 0.042050 0.300188 0.657762
2377 0.027068 0.902529 0.070403
17677 0.328185 0.652106 0.019708
17677 0.758623 0.162291 0.079086
2344 0.698044 0.265552 0.036404
2503 0.073564 0.362025 0.564411
16765 0.321742 0.078898 0.599359
16776 0.538319 0.244336 0.217345
14677 0.058963 0.015157 0.925880
16871 0.864334 0.100391 0.035275
16870 0.728665 0.228214 0.043121
2512 0.324455 0.329347 0.346198
2533 0.204458 0.676560 0.118982
16822 0.941840 0.039360 0.018800
2515 0.039358 0.549935 0.410708
2516 0.046908 0.421536 0.531556
14681 0.774267 0.016002 0.209731
14682 0.367053 0.009746 0.623201
8279 0.662941 0.336308 0.000751
8276 0.011283 0.955094 0.033622
2508 0.857080 0.045727 0.097193
16774 0.145655 0.035500 0.818845
2484 0.261175 0.123582 0.615243
2482 0.498982 0.494994 0.006025
16777 0.310611 0.569298 0.120090
17700 0.622995 0.261758 0.115247
2360 0.912437 0.051174 0.036389
17685 0.273134 0.264343 0.462523
2382 0.335588 0.331584 0.332827
2389 0.084345 0.090618 0.825037
2389 0.239436 0.373616 0.386948
2389 0.417074 0.582926 0.000000
14747 0.459983 0.099221 0.440796
14744 0.121933 0.132685 0.745382
14744 0.808502 0.174484 0.017015
8263 0.190156 0.221915 0.587929
14743 0.311038 0.250842 0.438120
14743 0.241588 0.622734 0.135677
8260 0.071800 0.443358 0.484843
8265 0.059833 0.801283 0.138884
8265 0.033053 0.135620 0.831327
8264 0.347884 0.097713 0.554403
14745 0.548215 0.193442 0.258343
8267 0.283655 0.335322 0.381022
8277 0.094164 0.455756 0.450081
2418 0.275379 0.440816 0.283805
2419 0.591867 0.227649 0.180484
14748 0.166626 0.058515 0.774859
14734 0.542782 0.042676 0.414542
8214 0.075847 0.892753 0.031400
2427 0.173026 0.164528 0.662446
2426 0.063834 0.601077 0.335089
8285 0.070980 0.063050 0.865970
8228 0.022762 0.349045 0.628193
8228 0.019784 0.980216 0.000000
8232 0.022249 0.618132 0.359619
14733 0.124396 0.094014 0.781590
14733 0.445851 0.110004 0.444146
14733 0.896483 0.096978 0.006538
8155 0.204968 0.265082 0.529950
14715 0.492243 0.495261 0.012496
2471 0.425712 0.376512 0.197776
16886 0.120596 0.045308 0.834096
16867 0.154368 0.620548 0.225085
16867 0.187195 0.241289 0.571516
8261 0.078723 0.800082 0.121195
16898 0.455738 0.083925 0.460337
2529 0.241199 0.667441 0.091360
10793 0.608709 0.247423 0.143868
10582 0.351840 0.544970 0.103190
5293 0.527777 0.133537 0.338687
2526 0.029606 0.504804 0.465589
2527 0.097123 0.268453 0.634424
2510 0.207885 0.060662 0.731453
8234 0.533156 0.368617 0.098227
8248 0.377651 0.350528 0.271822
8224 0.116121 0.686692 0.197187
14976 0.132316 0.139356 0.728328
7756 0.320289 0.538887 0.140825
7757 0.493759 0.370853 0.135388
13631 0.880784 0.044642 0.074574
13632 0.078911 0.129107 0.791982
8242 0.136282 0.834375 0.029343
1370 0.048702 0.408108 0.543190
1369 0.203167 0.566967 0.229866
1369 0.016764 0.001699 0.981537
14987 0.092778 0.856781 0.050441
14978 0.088897 0.847526 0.063577
8178 0.028256 0.033496 0.938248
8226 0.062278 0.728370 0.209352
1414 0.114480 0.464397 0.421123
1403 0.132806 0.220271 0.646924
14791 0.230390 0.077564 0.692046
8034 0.062679 0.123235 0.814086
8021 0.681846 0.131620 0.186534
14823 0.078164 0.264713 0.657124
14916 0.513678 0.425596 0.060726
8195 0.130489 0.808825 0.060687
8015 0.240145 0.069509 0.690346
14794 0.313093 0.534358 0.152549
14785 0.272074 0.695790 0.032136
14786 0.009023 0.057227 0.933750
7987 0.000000 0.435407 0.564593
7982 0.845010 0.128117 0.026873
7981 0.714793 0.110600 0.174607
14781 0.196757 0.168880 0.634363
7979 0.252135 0.172188 0.575677
14766 0.408468 0.125894 0.465638
8047 0.836324 0.014901 0.148774
8024 0.051787 0.587023 0.361190
8041 0.529912 0.401987 0.068101
8044 0.537772 0.300366 0.161862
8199 0.198540 0.630643 0.170817
5311 0.374889 0.415575 0.209536
13618 0.788778 0.133253 0.077969
14939 0.021767 0.059427 0.918805
14765 0.363639 0.406649 0.229713
8039 0.115244 0.842771 0.041985
14759 0.386910 0.396484 0.216606
5331 0.325749 0.502670 0.171581
5338 0.882701 0.015808 0.101491
10782 0.185639 0.014759 0.799602
15196 0.534562 0.130698 0.334740
14948 0.641737 0.319782 0.038481
8150 0.654439 0.173419 0.172142
10779 0.080281 0.547136 0.372583
5336 0.457758 0.043868 0.498374
10825 0.116864 0.507456 0.375680
8041 0.020031 0.532115 0.447854
8006 0.042134 0.870727 0.087140
8003 0.087870 0.030955 0.881175
5334 0.684929 0.004581 0.310490
5329 0.088269 0.232133 0.679599
10773 0.324540 0.158898 0.516563
5340 0.670153 0.204803 0.125045
5332 0.499257 0.161367 0.339376
5337 0.208728 0.141319 0.649953
10685 0.013227 0.446181 0.540592
10788 0.192486 0.703791 0.103723
5288 0.378286 0.467163 0.154551
5300 0.537796 0.050651 0.411553
5300 0.158937 0.257167 0.583896
10576 0.308865 0.457276 0.233858
15201 0.588608 0.338187 0.073205
8053 0.686307 0.094616 0.219077
15212 0.199226 0.324457 0.476317
14696 0.123202 0.117221 0.759578
8027 0.080979 0.877772 0.041248
8028 0.472141 0.474273 0.053586
10772 0.286024 0.608184 0.105792
5325 0.340401 0.338669 0.320930
10769 0.173304 0.632384 0.194312
10801 0.178222 0.263086 0.558693
5274 0.026005 0.687391 0.286604
10798 0.568925 0.204893 0.226182
10795 0.426681 0.230417 0.342902
5324 0.176466 0.064436 0.759098
10768 0.385148 0.245748 0.369103
5403 0.420457 0.550279 0.029264
10678 0.111823 0.249689 0.638489
5393 0.851240 0.051107 0.097653
5396 0.145002 0.716200 0.138798
10599 0.319339 0.165313 0.515348
10599 0.737957 0.121344 0.140699
14699 0.755441 0.118959 0.125600
15211 0.566124 0.375609 0.058267
8115 0.871556 0.025661 0.102783
15172 0.834687 0.136980 0.028333
15172 0.044166 0.502034 0.453799
14798 0.189742 0.042014 0.768244
14927 0.120415 0.358456 0.521129
8205 0.353763 0.432876 0.213362
10803 0.167615 0.210026 0.622358
8103 0.185000 0.264964 0.550036
8127 0.956726 0.015061 0.028212
8127 0.327664 0.672336 0.000000
8117 0.890762 0.030313 0.078925
15156 0.895023 0.016888 0.088089
8238 0.050829 0.724236 0.224935
8121 0.730769 0.134938 0.134292
14807 0.686858 0.296201 0.016942
14797 0.041173 0.754183 0.204644
8124 0.180925 0.706418 0.112657
15169 0.092790 0.627087 0.280123
15169 0.168965 0.115590 0.715444
8130 0.188055 0.000000 0.811945
15163 0.155302 0.442319 0.402379
15170 0.087116 0.122909 0.789975
1398 0.053448 0.863876 0.082676
1406 0.290980 0.669128 0.039892
1428 0.523246 0.352529 0.124225
1426 0.781673 0.028248 0.190079
1424 0.810920 0.054041 0.135039
13567 0.736534 0.170211 0.093254
14932 0.450931 0.173617 0.375451
8193 0.538107 0.369741 0.092153
14975 0.706534 0.264764 0.028703
10844 0.779742 0.168832 0.051426
10836 0.674557 0.193730 0.131714
10800 0.261851 0.392852 0.345296
13621 0.084358 0.676037 0.239605
13561 0.023202 0.385097 0.591700
1404 0.021677 0.663850 0.314474
8154 0.325177 0.163794 0.511030
14729 0.442855 0.444860 0.112286
2238 0.204019 0.405911 0.390070
1415 0.268238 0.300320 0.431442
1431 0.525365 0.230547 0.244088
8188 0.546352 0.446431 0.007216
17628 0.039870 0.740802 0.219329
2265 0.345644 0.455606 0.198751
14717 0.132702 0.647883 0.219415
8159 0.086468 0.565323 0.348208
14719 0.056880 0.905060 0.038059
8158 0.084394 0.330053 0.585554
8157 0.241629 0.519296 0.239076
17630 0.191651 0.482319 0.326030
17627 0.150557 0.730777 0.118666
17627 0.352620 0.078476 0.568905
17627 0.677159 0.166251 0.156590
17628 0.771359 0.109615 0.119026
17656 0.753664 0.152915 0.093421
2234 0.756709 0.075328 0.167964
2235 0.564738 0.292801 0.142461
14739 0.077958 0.344860 0.577182
14736 0.073861 0.040246 0.885893
14736 0.075211 0.739547 0.185242
14714 0.175662 0.495581 0.328757
17648 0.368874 0.599655 0.031471
2246 0.325371 0.369209 0.305420
17649 0.014977 0.156189 0.828835
17650 0.000657 0.474401 0.524942
14720 0.026721 0.221218 0.752061
2241 0.029206 0.560630 0.410164
2244 0.111381 0.190235 0.698383
14737 0.143470 0.792442 0.064087
17575 0.416300 0.047335 0.536364
2263 0.511233 0.481419 0.007348
17631 0.047662 0.544457 0.407881
8290 0.045315 0.027533 0.927152
14702 0.056000 0.258641 0.685359
8274 0.034533 0.554686 0.410781
16873 0.295320 0.011087 0.693593
2545 0.023131 0.495904 0.480965
2286 0.021741 0.384086 0.594173
14731 0.546833 0.022443 0.430724
14731 0.105710 0.029118 0.865172
14724 0.624426 0.056273 0.319301
16906 0.017033 0.438956 0.544011
16804 0.008148 0.030539 0.961313
14728 0.001606 0.342774 0.655619
14742 0.326885 0.266560 0.406555
14749 0.219693 0.189279 0.591028
14749 0.173346 0.701796 0.124858
17653 0.072455 0.375478 0.552067
17653 0.056747 0.931165 0.012088
17626 0.009275 0.490465 0.500260
17582 0.287854 0.203177 0.508969
2315 0.154779 0.590880 0.254341
2359 0.655626 0.052131 0.292243
17636 0.017105 0.690293 0.292602
17638 0.866030 0.121909 0.012061
8262 0.725384 0.272477 0.002140
17698 0.419269 0.446225 0.134506
2353 0.000000 0.630402 0.369598
2353 0.598626 0.042459 0.358915
2255 0.301042 0.059377 0.639582
17640 0.187137 0.524074 0.288788
8286 0.356441 0.588652 0.054908
14687 0.040854 0.175260 0.783886
14688 0.054620 0.607516 0.337863
8262 0.000000 0.066644 0.933356
2365 0.725119 0.199546 0.075335
2365 0.292710 0.545783 0.161506
17702 0.826221 0.145133 0.028646
17702 0.131360 0.717838 0.150803
17666 0.553285 0.199741 0.246974
17673 0.205905 0.121862 0.672234
2372 0.481914 0.179112 0.338975
2372 0.052630 0.304395 0.642974
17668 0.304496 0.638220 0.057284
2385 0.316939 0.079636 0.603426
2364 0.006266 0.747293 0.246440
2364 0.500101 0.306711 0.193189
1482 0.152412 0.396501 0.451087
17694 0.823885 0.157757 0.018358
17694 0.187320 0.159087 0.653593
17691 0.545529 0.401517 0.052954
17681 0.362458 0.527229 0.110313
17678 0.092068 0.565301 0.342632
5798 0.400835 0.596758 0.002407
5798 0.090102 0.309634 0.600264
5788 0.815543 0.065101 0.119356
5852 0.435169 0.508368 0.056462
6229 0.524825 0.375059 0.100116
6226 0.112261 0.491772 0.395966
5846 0.560092 0.258131 0.181777
5840 0.139154 0.597250 0.263596
10520 0.598790 0.120111 0.281099
7899 0.323025 0.177564 0.499411
13102 0.246417 0.376533 0.377049
5762 0.618378 0.322816 0.058806
5799 0.207002 0.414945 0.378052
5819 0.579008 0.039777 0.381215
10374 0.527449 0.450648 0.021903
13579 0.661108 0.051978 0.286913
12301 0.160070 0.237643 0.602287
12301 0.086690 0.728804 0.184506
10222 0.188767 0.378311 0.432923
5183 0.681900 0.035429 0.282671
12356 0.003675 0.491778 0.504547
5237 0.261565 0.641972 0.096463
12358 0.165343 0.100613 0.734044
5126 0.819096 0.121182 0.059721
5125 0.567516 0.110897 0.321587
5125 0.031110 0.649052 0.319838
5124 0.472498 0.238442 0.289061
13681 0.030738 0.152265 0.816996
1378 0.276875 0.489734 0.233391
12317 0.355083 0.248281 0.396636
5198 0.870157 0.129843 0.000000
12316 0.119366 0.538612 0.342022
5197 0.000000 0.316399 0.683601
5195 0.063430 0.687232 0.249338
1377 0.022160 0.819107 0.158733
1376 0.152312 0.834480 0.013207
6342 0.321452 0.050479 0.628069
