18077 0.114318 0.768612 0.117070
405 0.507275 0.214667 0.278058
17770 0.261433 0.098229 0.640339
22292 0.203796 0.028096 0.768108
22454 0.865964 0.008074 0.125962
19794 0.205609 0.561816 0.232575
18027 0.368529 0.385239 0.246232
20042 0.801210 0.028611 0.170179
2772 0.150147 0.115072 0.734781
485 0.166606 0.602611 0.230783
5575 0.274014 0.323834 0.402152
5595 0.442851 0.530623 0.026526
16456 0.375614 0.365487 0.258898
16619 0.237806 0.222998 0.539196
16416 0.676348 0.235095 0.088557
19518 0.227454 0.589097 0.183449
3809 0.044068 0.863818 0.092114
16777 0.052083 0.280489 0.667429
19232 0.555853 0.401759 0.042388
16867 0.321406 0.242711 0.435883
16709 0.582661 0.121477 0.295861
19286 0.294520 0.526086 0.179394
19151 0.656192 0.315641 0.028168
3798 0.449970 0.435158 0.114872
5964 0.047538 0.625866 0.326596
20731 0.568704 0.192462 0.238834
18530 0.067446 0.805098 0.127456
19157 0.295715 0.124869 0.579416
2294 0.804382 0.192167 0.003450
20918 0.416145 0.441501 0.142354
4072 0.092487 0.130270 0.777243
6570 0.480710 0.125967 0.393322
17229 0.455555 0.193505 0.350940
17242 0.377628 0.538117 0.084255
22026 0.393025 0.170174 0.436801
22115 0.297909 0.446445 0.255646
835 0.308091 0.379992 0.311917
866 0.405943 0.529561 0.064495
1538 0.793613 0.035238 0.171149
17215 0.110545 0.440879 0.448576
1621 0.085401 0.457042 0.457557
21184 0.083882 0.641460 0.274658
7540 0.273089 0.005972 0.720939
21121 0.173541 0.452858 0.373601
17377 0.820215 0.113787 0.065998
4580 0.256381 0.310049 0.433570
1811 0.726737 0.117575 0.155688
4915 0.828076 0.128956 0.042968
5014 0.263123 0.389878 0.346999
17205 0.263053 0.440304 0.296643
2759 0.878461 0.005789 0.115751
7493 0.129247 0.758116 0.112638
2677 0.155013 0.842949 0.002038
18365 0.440507 0.208505 0.350988
22160 0.044406 0.096041 0.859554
7203 0.761388 0.054524 0.184088
7317 0.046607 0.494249 0.459143
20462 0.614445 0.229763 0.155792
5005 0.070806 0.733822 0.195372
4998 0.351552 0.504488 0.143960
20706 0.951450 0.007483 0.041068
4166 0.015893 0.187154 0.796952
22206 0.061078 0.294722 0.644200
4359 0.107162 0.613511 0.279327
22201 0.659291 0.004014 0.336695
13477 0.380538 0.111981 0.507480
13479 0.652509 0.004495 0.342996
4308 0.371895 0.617872 0.010234
3014 0.346564 0.170321 0.483114
21756 0.310170 0.465771 0.224059
4116 0.352213 0.168070 0.479717
458 0.584264 0.130794 0.284942
17767 0.313167 0.493367 0.193465
435 0.804833 0.057397 0.137770
3487 0.866099 0.100366 0.033535
17164 0.629057 0.103620 0.267324
88 0.286661 0.425333 0.288006
16346 0.652564 0.092971 0.254465
816 0.733711 0.256895 0.009394
871 0.256650 0.599147 0.144203
3495 0.821492 0.097904 0.080604
921 0.194953 0.576562 0.228485
17066 0.144353 0.848786 0.006861
95 0.213741 0.064344 0.721914
16763 0.017349 0.765462 0.217189
67 0.000000 0.813597 0.186403
16392 0.107137 0.798780 0.094083
18172 0.618579 0.176382 0.205039
18168 0.427618 0.190412 0.381970
22007 0.286059 0.400099 0.313842
4418 0.635023 0.339097 0.025880
18244 0.152414 0.157042 0.690543
5666 0.303764 0.122644 0.573593
5758 0.211725 0.130993 0.657282
19430 0.261604 0.147598 0.590797
3732 0.050270 0.747696 0.202034
21381 0.142509 0.079280 0.778210
5808 0.163381 0.092597 0.744022
21400 0.037740 0.639521 0.322739
2690 0.177183 0.459331 0.363486
19029 0.234562 0.438270 0.327167
19042 0.241107 0.694998 0.063894
1418 0.458114 0.086368 0.455518
23162 0.182765 0.298067 0.519168
23172 0.102252 0.216640 0.681108
22175 0.459825 0.113656 0.426519
22289 0.120163 0.334751 0.545085
2438 0.010421 0.376385 0.613194
4113 0.278383 0.440279 0.281338
23102 0.077567 0.325617 0.596815
21934 0.025662 0.671808 0.302529
21932 0.843037 0.115819 0.041144
21940 0.589990 0.256297 0.153713
2912 0.666213 0.262554 0.071233
2606 0.190305 0.531841 0.277853
2940 0.091989 0.518937 0.389073
2598 0.340870 0.610511 0.048619
4281 0.111796 0.099759 0.788445
20188 0.249247 0.001678 0.749075
21354 0.360754 0.197374 0.441872
5779 0.215373 0.455336 0.329290
6817 0.280526 0.434089 0.285386
21489 0.281965 0.338478 0.379557
16706 0.031358 0.696969 0.271673
19315 0.376035 0.060474 0.563491
23216 0.327472 0.283202 0.389327
6019 0.658994 0.309045 0.031962
22474 0.047384 0.425942 0.526674
22483 0.072127 0.064968 0.862905
19999 0.154559 0.339367 0.506074
20947 0.429054 0.159320 0.411625
21612 0.586492 0.014115 0.399393
5998 0.186588 0.273864 0.539548
5989 0.417534 0.085035 0.497430
4201 0.051264 0.155877 0.792859
4175 0.332538 0.632367 0.035094
4387 0.451373 0.088162 0.460465
4133 0.106026 0.601326 0.292647
4367 0.649592 0.333532 0.016876
22014 0.131928 0.747075 0.120996
19347 0.317390 0.597563 0.085047
22094 0.044781 0.537184 0.418035
2540 0.049725 0.203351 0.746924
3776 0.118242 0.469132 0.412626
5700 0.373022 0.314960 0.312018
20049 0.141120 0.284242 0.574638
3719 0.323021 0.033357 0.643622
22065 0.291974 0.644081 0.063945
4443 0.264635 0.421724 0.313641
22834 0.198818 0.114121 0.687061
23175 0.053498 0.872996 0.073506
1397 0.021605 0.410325 0.568070
2663 0.085928 0.731056 0.183016
2757 0.314530 0.321407 0.364063
5781 0.040137 0.499655 0.460207
21383 0.389030 0.210103 0.400867
19435 0.190106 0.020696 0.789198
19443 0.033230 0.057720 0.909050
21428 0.046793 0.706024 0.247183
5564 0.356082 0.138310 0.505608
4052 0.207134 0.175062 0.617804
4061 0.459854 0.459894 0.080252
4069 0.580522 0.113951 0.305527
2383 0.098148 0.051735 0.850116
19968 0.231358 0.375149 0.393492
20073 0.519009 0.178698 0.302293
20063 0.869157 0.107546 0.023297
5722 0.186161 0.234264 0.579575
20081 0.087560 0.411124 0.501316
20083 0.212996 0.198110 0.588895
18616 0.231652 0.231935 0.536413
2354 0.013230 0.691461 0.295308
5787 0.112713 0.691055 0.196232
5720 0.513923 0.019475 0.466602
21372 0.020567 0.645838 0.333595
5782 0.787522 0.049357 0.163122
22110 0.129958 0.598760 0.271282
3783 0.424574 0.000288 0.575138
21401 0.038426 0.067078 0.894496
20045 0.628387 0.019796 0.351817
4346 0.206471 0.054655 0.738874
20031 0.218451 0.318642 0.462907
1351 0.256149 0.462022 0.281829
0 0.326955 0.192019 0.481026
5240 0.672949 0.231537 0.095513
2764 0.121295 0.382279 0.496426
18351 0.698572 0.288288 0.013140
16379 0.600445 0.121102 0.278453
262 0.137349 0.805655 0.056996
16239 0.118973 0.158091 0.722935
17986 0.365806 0.150629 0.483565
18090 0.513323 0.483898 0.002778
18104 0.592166 0.362337 0.045497
18107 0.283166 0.061128 0.655706
17772 0.104202 0.566756 0.329042
17944 0.308894 0.191408 0.499699
489 0.647628 0.076921 0.275451
510 0.612870 0.346957 0.040173
16388 0.157660 0.084119 0.758221
443 0.088372 0.767470 0.144157
387 0.599828 0.106688 0.293484
380 0.210142 0.764291 0.025567
472 0.063764 0.193358 0.742878
18348 0.895882 0.010410 0.093708
3752 0.708777 0.285974 0.005249
304 0.077335 0.578627 0.344038
3747 0.292396 0.464934 0.242670
4370 0.330251 0.046837 0.622912
23123 0.477444 0.209621 0.312935
4361 0.214296 0.754259 0.031445
2571 0.142732 0.360082 0.497186
2584 0.171308 0.210239 0.618453
18389 0.129876 0.488278 0.381846
18391 0.087570 0.504529 0.407901
4364 0.193761 0.768343 0.037896
21841 0.495727 0.306797 0.197477
18078 0.047693 0.709277 0.243030
393 0.007737 0.939766 0.052498
474 0.198245 0.776243 0.025512
3746 0.043227 0.432831 0.523942
491 0.709622 0.231785 0.058594
18392 0.772401 0.056523 0.171076
17161 0.768227 0.048927 0.182845
3522 0.026123 0.865390 0.108487
17806 0.595087 0.246399 0.158514
4 0.228429 0.143135 0.628435
17716 0.042400 0.043308 0.914291
16982 0.514087 0.218273 0.267640
649 0.028276 0.025384 0.946340
17884 0.691769 0.094715 0.213516
17882 0.342777 0.514524 0.142699
17170 0.279634 0.079291 0.641075
3524 0.303357 0.049192 0.647451
114 0.344928 0.150059 0.505013
16756 0.753373 0.157966 0.088661
3415 0.632399 0.242374 0.125227
92 0.022715 0.887948 0.089337
420 0.319758 0.595538 0.084704
17697 0.042187 0.743650 0.214163
17121 0.176117 0.693279 0.130604
16769 0.568447 0.167944 0.263610
73 0.305585 0.623789 0.070626
409 0.181284 0.017387 0.801328
433 0.457795 0.332473 0.209732
17814 0.018403 0.854891 0.126706
17762 0.768734 0.132721 0.098545
18155 0.441800 0.454596 0.103604
555 0.146197 0.382202 0.471601
904 0.281731 0.602621 0.115648
916 0.077213 0.540215 0.382572
17144 0.166832 0.233173 0.599995
16558 0.100540 0.755251 0.144209
934 0.282862 0.686624 0.030514
16555 0.080007 0.883249 0.036744
16671 0.904287 0.011703 0.084010
1005 0.554267 0.374656 0.071078
1007 0.378288 0.076053 0.545660
946 0.260878 0.645194 0.093928
16247 0.141456 0.292836 0.565708
941 0.573637 0.216160 0.210204
592 0.401954 0.306736 0.291309
16791 0.603752 0.291149 0.105099
16748 0.541688 0.229330 0.228982
582 0.114865 0.027381 0.857754
3431 0.074135 0.010397 0.915468
3512 0.032907 0.598672 0.368421
16297 0.263813 0.550801 0.185387
16751 0.302147 0.264698 0.433155
469 0.806798 0.045594 0.147608
464 0.314070 0.018658 0.667272
570 0.033464 0.089718 0.876818
572 0.092938 0.440242 0.466821
18139 0.230875 0.595997 0.173128
18147 0.010530 0.189992 0.799478
18158 0.228253 0.229824 0.541923
2557 0.185625 0.046143 0.768232
18323 0.570835 0.274230 0.154935
4398 0.002779 0.948294 0.048926
301 0.307772 0.024858 0.667369
21419 0.561722 0.353244 0.085034
19354 0.540814 0.410534 0.048651
21386 0.677568 0.207250 0.115183
5760 0.420500 0.317965 0.261535
19340 0.635368 0.339850 0.024782
22059 0.431430 0.287884 0.280686
2356 0.106719 0.526710 0.366571
20087 0.025485 0.829234 0.145281
18623 0.038778 0.190729 0.770493
20071 0.369386 0.012243 0.618371
5796 0.230881 0.267558 0.501562
5718 0.074662 0.343883 0.581455
18249 0.472509 0.113925 0.413565
22112 0.009215 0.532513 0.458272
4384 0.353289 0.328982 0.317728
4227 0.169025 0.391297 0.439677
20555 0.304261 0.610167 0.085572
4455 0.058019 0.880238 0.061743
2365 0.281612 0.083602 0.634786
2393 0.518036 0.113683 0.368281
18583 0.216799 0.687604 0.095598
2779 0.117943 0.683490 0.198568
22102 0.418207 0.102980 0.478813
4296 0.095380 0.130299 0.774322
2721 0.672289 0.080290 0.247420
18424 0.107756 0.778574 0.113670
5579 0.120460 0.770213 0.109327
3671 0.048561 0.453156 0.498283
19382 0.394317 0.423894 0.181789
21448 0.187328 0.749848 0.062823
4468 0.038976 0.826540 0.134484
21801 0.072750 0.839130 0.088120
4148 0.213313 0.062826 0.723861
16629 0.096584 0.518941 0.384475
713 0.146698 0.740234 0.113068
43 0.741237 0.156975 0.101788
17887 0.257818 0.518530 0.223652
16648 0.117367 0.240803 0.641830
205 0.302103 0.628202 0.069695
203 0.466707 0.464805 0.068488
648 0.143243 0.769086 0.087671
17864 0.849514 0.003191 0.147295
16304 0.241251 0.678306 0.080443
17923 0.152711 0.055390 0.791899
17830 0.363825 0.573266 0.062909
17821 0.389575 0.262608 0.347818
16570 0.029354 0.472211 0.498435
16413 0.470583 0.199422 0.329995
801 0.683493 0.228430 0.088077
16618 0.716040 0.283035 0.000925
645 0.077744 0.504116 0.418140
17935 0.541383 0.449592 0.009025
17933 0.451430 0.458305 0.090266
16739 0.841713 0.009748 0.148539
3178 0.318259 0.135013 0.546728
19552 0.284741 0.469457 0.245802
19684 0.266024 0.653680 0.080296
19460 0.323333 0.003120 0.673547
19460 0.509595 0.069605 0.420801
19460 0.198714 0.047337 0.753950
19460 0.094196 0.329987 0.575817
3968 0.113136 0.159891 0.726972
3968 0.221803 0.152240 0.625957
3969 0.034833 0.965167 0.000000
19292 0.548038 0.121163 0.330799
19290 0.044713 0.820693 0.134594
3969 0.281428 0.423607 0.294965
3261 0.029386 0.071621 0.898993
16848 0.207414 0.671411 0.121176
3088 0.423979 0.131427 0.444594
16812 0.171688 0.019263 0.809049
3221 0.147639 0.742415 0.109946
3221 0.343286 0.314963 0.341750
7176 0.299360 0.349294 0.351347
7505 0.492182 0.219473 0.288345
2679 0.166117 0.603852 0.230031
22368 0.145964 0.157025 0.697011
16813 0.213889 0.738201 0.047909
3261 0.631818 0.018404 0.349778
3221 0.649644 0.243885 0.106471
3204 0.349180 0.499243 0.151577
16813 0.124746 0.318754 0.556501
3186 0.374352 0.039096 0.586552
3611 0.006889 0.388638 0.604473
19292 0.037246 0.851537 0.111217
19251 0.380572 0.379090 0.240338
3551 0.329093 0.159786 0.511122
3820 0.304715 0.039782 0.655504
19246 0.160814 0.713468 0.125719
3543 0.174985 0.052481 0.772534
19240 0.077869 0.880090 0.042041
1361 0.691832 0.050903 0.257265
21501 0.425888 0.552907 0.021205
5930 0.378136 0.415433 0.206431
5879 0.338478 0.563509 0.098013
1272 0.232773 0.083548 0.683680
21591 0.838065 0.121278 0.040656
5889 0.174547 0.659010 0.166443
1286 0.134524 0.380997 0.484478
5905 0.577547 0.087383 0.335069
5858 0.130194 0.002237 0.867570
21609 0.702290 0.150857 0.146852
21527 0.063998 0.555417 0.380584
21632 0.382915 0.054311 0.562773
6013 0.132229 0.777662 0.090109
6058 0.466948 0.356500 0.176552
6792 0.081405 0.234416 0.684179
6789 0.525387 0.397858 0.076755
6767 0.369839 0.526595 0.103566
6762 0.494025 0.219630 0.286345
22482 0.096694 0.649283 0.254022
22479 0.722565 0.010505 0.266930
20169 0.153466 0.839993 0.006542
21655 0.646013 0.138906 0.215081
21646 0.049183 0.094606 0.856211
2596 0.216623 0.720764 0.062613
21296 0.179326 0.042197 0.778478
2304 0.261453 0.011229 0.727318
4285 0.208977 0.040032 0.750991
20172 0.365484 0.549480 0.085036
4329 0.606053 0.058250 0.335697
4328 0.354133 0.559956 0.085911
22186 0.076765 0.865861 0.057374
18243 0.643484 0.278725 0.077791
2280 0.156970 0.264700 0.578330
19819 0.285490 0.194599 0.519911
19828 0.245844 0.340971 0.413185
23128 0.000157 0.869366 0.130477
21765 0.253244 0.686610 0.060145
4261 0.254422 0.347729 0.397849
2322 0.438050 0.411035 0.150916
4104 0.172638 0.356765 0.470597
2622 0.113009 0.536203 0.350789
4045 0.290000 0.649649 0.060351
21968 0.530216 0.442752 0.027032
18618 0.020631 0.202457 0.776912
18632 0.241307 0.559739 0.198954
18252 0.184241 0.178857 0.636902
21786 0.440322 0.017685 0.541993
1391 0.399508 0.409731 0.190761
4427 0.387217 0.284887 0.327896
21988 0.325703 0.123133 0.551164
4430 0.055929 0.173366 0.770705
4431 0.227454 0.756828 0.015719
2920 0.355351 0.109894 0.534756
2379 0.667180 0.281438 0.051383
2385 0.006989 0.192183 0.800828
2381 0.325291 0.586618 0.088091
20859 0.322004 0.135129 0.542867
23007 0.984729 0.012209 0.003062
23009 0.947938 0.029870 0.022192
1479 0.246053 0.391648 0.362299
21692 0.144617 0.599295 0.256088
1321 0.304804 0.397720 0.297476
21718 0.372632 0.334841 0.292527
22461 0.628874 0.293989 0.077137
22434 0.050871 0.178862 0.770267
1388 0.169975 0.010197 0.819828
5863 0.403151 0.092218 0.504631
23196 0.201450 0.246287 0.552263
23012 0.134818 0.112176 0.753006
1267 0.571353 0.095528 0.333119
1357 0.362218 0.365409 0.272373
23014 0.047454 0.132680 0.819867
23061 0.320819 0.353382 0.325799
23101 0.297220 0.384638 0.318142
21485 0.782341 0.112593 0.105066
2046 0.462708 0.436873 0.100419
2042 0.036703 0.720531 0.242767
22370 0.024180 0.817888 0.157932
2129 0.011572 0.625379 0.363049
2124 0.130771 0.549530 0.319699
5651 0.006085 0.801487 0.192427
2141 0.284290 0.396854 0.318856
2138 0.726631 0.189012 0.084357
13399 0.135037 0.290718 0.574245
19739 0.339914 0.512534 0.147552
2114 0.545892 0.283322 0.170785
4276 0.489926 0.446765 0.063309
5978 0.249106 0.261313 0.489581
21307 0.467448 0.140416 0.392136
5968 0.086095 0.307130 0.606775
19977 0.756792 0.112911 0.130297
6278 0.581076 0.013225 0.405699
20095 0.327803 0.630049 0.042149
2465 0.036519 0.358211 0.605270
2653 0.816212 0.095586 0.088202
21946 0.315645 0.659682 0.024673
7086 0.008239 0.470133 0.521627
4254 0.961324 0.009452 0.029224
19804 0.677689 0.128560 0.193751
7508 0.261899 0.502050 0.236051
20777 0.090406 0.512924 0.396670
2319 0.181404 0.046822 0.771774
20927 0.630926 0.056789 0.312285
23999 0.244676 0.117051 0.638273
18205 0.500653 0.329751 0.169597
18318 0.565490 0.034659 0.399851
2944 0.313095 0.475122 0.211783
2344 0.226198 0.581840 0.191962
3017 0.912155 0.013852 0.073993
4293 0.470612 0.466184 0.063205
21984 0.042526 0.306484 0.650991
4109 0.003705 0.488338 0.507957
4151 0.512220 0.373630 0.114150
17685 0.187629 0.266759 0.545613
2411 0.171390 0.533425 0.295185
20123 0.357293 0.503812 0.138895
21070 0.641563 0.192918 0.165519
4777 0.581097 0.175010 0.243894
19870 0.401264 0.555902 0.042835
23588 0.112583 0.062134 0.825283
23585 0.142849 0.039126 0.818024
20827 0.352559 0.442486 0.204955
19851 0.734300 0.005729 0.259971
21054 0.886072 0.028678 0.085250
22418 0.046382 0.926676 0.026943
2171 0.144705 0.646477 0.208818
7303 0.073455 0.902686 0.023859
19879 0.732098 0.029288 0.238614
20885 0.139374 0.192411 0.668215
7262 0.110082 0.736174 0.153744
20905 0.601101 0.118822 0.280077
2168 0.190746 0.293391 0.515863
20359 0.604135 0.098984 0.296881
20856 0.354436 0.029736 0.615828
7265 0.091862 0.143854 0.764284
18526 0.545147 0.237689 0.217164
1699 0.417464 0.395434 0.187102
23742 0.063785 0.382178 0.554037
2028 0.333152 0.594664 0.072184
22264 0.007832 0.318115 0.674053
7893 0.000000 0.177290 0.822710
7930 0.479418 0.286306 0.234276
22310 0.224143 0.145369 0.630487
23519 0.585298 0.382397 0.032305
6682 0.573754 0.339594 0.086651
6672 0.291786 0.402316 0.305898
7944 0.151616 0.605673 0.242712
7030 0.009391 0.047102 0.943506
22545 0.484680 0.056010 0.459310
22542 0.412071 0.119994 0.467934
22311 0.184398 0.772118 0.043484
6921 0.150012 0.231969 0.618020
22495 0.349047 0.445402 0.205551
22495 0.382499 0.233901 0.383600
6848 0.565833 0.245050 0.189118
6848 0.608055 0.098260 0.293685
22547 0.197424 0.695889 0.106687
22532 0.278102 0.421362 0.300536
6843 0.400760 0.445578 0.153662
7033 0.575174 0.202341 0.222486
6978 0.560895 0.202995 0.236110
22718 0.217752 0.740452 0.041796
22627 0.581931 0.270914 0.147156
22630 0.148505 0.331096 0.520399
6976 0.755469 0.014364 0.230167
22650 0.153169 0.583137 0.263695
1728 0.939919 0.021826 0.038255
22625 0.460118 0.055200 0.484682
22683 0.832084 0.155102 0.012814
19909 0.349457 0.416007 0.234536
22311 0.181574 0.719154 0.099272
1807 0.751249 0.084604 0.164147
20622 0.023803 0.816335 0.159861
271 0.134057 0.566574 0.299369
350 0.495888 0.042875 0.461236
21813 0.197927 0.356979 0.445093
2765 0.695344 0.020409 0.284247
21571 0.112803 0.747732 0.139466
21893 0.184467 0.542696 0.272837
6848 0.647656 0.111468 0.240876
23572 0.629086 0.291971 0.078944
22743 0.096030 0.164566 0.739404
22548 0.196577 0.185602 0.617821
1501 0.069890 0.384703 0.545408
1503 0.750377 0.091533 0.158090
1470 0.910458 0.046998 0.042544
5895 0.089478 0.583002 0.327520
23087 0.662140 0.222499 0.115362
6752 0.063344 0.764766 0.171890
21606 0.040320 0.342333 0.617347
23071 0.283488 0.323047 0.393465
19559 0.689086 0.152449 0.158465
19481 0.270146 0.132873 0.596981
3857 0.548103 0.400384 0.051513
19472 0.161988 0.169097 0.668915
19291 0.551447 0.429360 0.019193
3968 0.381298 0.404448 0.214255
3945 0.808402 0.106050 0.085548
16865 0.320513 0.329675 0.349812
19238 0.069354 0.818979 0.111667
21701 0.392507 0.211897 0.395596
23235 0.262799 0.166406 0.570795
1317 0.166456 0.580370 0.253175
21694 0.110068 0.189532 0.700400
23244 0.831849 0.083070 0.085081
21508 0.461239 0.168453 0.370308
1364 0.113950 0.399093 0.486957
5932 0.851562 0.053945 0.094493
21411 0.215888 0.755407 0.028705
21408 0.142560 0.397084 0.460356
21800 0.343070 0.039777 0.617153
5725 0.580198 0.060549 0.359253
21911 0.579985 0.194059 0.225956
4167 0.312449 0.001191 0.686360
22057 0.138100 0.835184 0.026716
4150 0.740144 0.066975 0.192881
21805 0.185073 0.091671 0.723257
19065 0.221246 0.718036 0.060718
4195 0.068854 0.083706 0.847441
12130 0.365232 0.088332 0.546436
2343 0.038007 0.001608 0.960385
13482 0.641504 0.094029 0.264467
20035 0.656747 0.095287 0.247966
3701 0.367380 0.031027 0.601593
4197 0.378173 0.470921 0.150906
4714 0.048751 0.833686 0.117562
4799 0.175691 0.788221 0.036088
4788 0.109359 0.708555 0.182086
2261 0.406718 0.564069 0.029213
2812 0.005113 0.914763 0.080124
19955 0.099567 0.217910 0.682523
19902 0.255309 0.097428 0.647263
22309 0.442222 0.279450 0.278328
6987 0.087392 0.471497 0.441111
23699 0.792885 0.139600 0.067514
19941 0.394358 0.386300 0.219343
2219 0.219076 0.357944 0.422980
22250 0.035632 0.793553 0.170815
6857 0.063275 0.306035 0.630690
2420 0.342255 0.255830 0.401915
2511 0.446187 0.159455 0.394359
20186 0.094988 0.220772 0.684240
7507 0.193604 0.275135 0.531261
20796 0.400286 0.088996 0.510718
4258 0.236178 0.352798 0.411025
4260 0.134630 0.645011 0.220358
41 0.020517 0.380920 0.598563
147 0.442185 0.223258 0.334557
17860 0.388973 0.348909 0.262118
16406 0.207679 0.579152 0.213169
716 0.079957 0.073272 0.846771
224 0.215552 0.543005 0.241443
17831 0.052494 0.276802 0.670704
740 0.715177 0.222667 0.062156
625 0.757245 0.151635 0.091120
16546 0.339844 0.101832 0.558324
861 0.101515 0.773856 0.124629
624 0.277120 0.240346 0.482535
862 0.605428 0.173058 0.221514
783 0.639532 0.178362 0.182105
738 0.640617 0.020983 0.338399
17902 0.098459 0.265691 0.635850
886 0.815964 0.042965 0.141071
60 0.300469 0.408051 0.291480
690 0.164672 0.068567 0.766761
3295 0.203613 0.554297 0.242089
3366 0.570920 0.399520 0.029560
3377 0.042120 0.414350 0.543530
3407 0.264358 0.692070 0.043572
78 0.142327 0.623002 0.234671
3497 0.088138 0.467749 0.444113
83 0.120001 0.557060 0.322939
17733 0.455879 0.080929 0.463191
3381 0.088946 0.441327 0.469726
3286 0.627151 0.170331 0.202518
3502 0.802937 0.026995 0.170068
16568 0.795973 0.165275 0.038752
16193 0.017194 0.003569 0.979237
17843 0.154180 0.002197 0.843623
17876 0.040736 0.691351 0.267912
16645 0.678998 0.074890 0.246112
199 0.100360 0.219884 0.679756
511 0.655524 0.136819 0.207656
16412 0.124177 0.578536 0.297287
748 0.219688 0.635962 0.144350
749 0.238397 0.345703 0.415901
750 0.681504 0.129221 0.189275
725 0.152838 0.374095 0.473067
16365 0.732551 0.104749 0.162699
721 0.342462 0.333357 0.324181
751 0.332413 0.040264 0.627323
16469 0.668944 0.221573 0.109483
16481 0.543844 0.377873 0.078283
858 0.012258 0.783516 0.204226
240 0.278194 0.344634 0.377171
607 0.614892 0.163708 0.221400
16184 0.322939 0.320702 0.356359
16424 0.204857 0.563336 0.231807
605 0.534021 0.063675 0.402304
523 0.379493 0.520194 0.100314
16357 0.021746 0.451228 0.527026
700 0.156273 0.262167 0.581560
16226 0.298753 0.210372 0.490875
610 0.155696 0.416816 0.427489
16226 0.148142 0.809144 0.042714
524 0.164188 0.029874 0.805938
16185 0.230101 0.034871 0.735028
16462 0.837279 0.113851 0.048871
777 0.523870 0.407598 0.068532
16230 0.253178 0.706704 0.040119
527 0.819569 0.104601 0.075830
16225 0.158847 0.029353 0.811800
16187 0.558584 0.210929 0.230487
693 0.072348 0.057318 0.870334
531 0.086895 0.328944 0.584161
16394 0.564867 0.371599 0.063534
16192 0.782747 0.152246 0.065007
5235 0.184329 0.217294 0.598377
5234 0.302800 0.181650 0.515549
22239 0.544364 0.022094 0.433542
23607 0.208293 0.424794 0.366913
23605 0.909014 0.029722 0.061264
7859 0.551696 0.244090 0.204214
7997 0.562931 0.224402 0.212667
6646 0.082725 0.052943 0.864333
22528 0.674835 0.052622 0.272544
6827 0.300907 0.240590 0.458503
22686 0.607419 0.147769 0.244811
6829 0.658135 0.068972 0.272893
23903 0.134041 0.252060 0.613899
23897 0.206924 0.605889 0.187187
23891 0.365324 0.215909 0.418767
2053 0.226569 0.335765 0.437666
7924 0.045117 0.663393 0.291490
7255 0.355725 0.081887 0.562388
19927 0.178080 0.367589 0.454330
2271 0.462070 0.042109 0.495821
21092 0.366046 0.509347 0.124607
6229 0.069385 0.110200 0.820415
17421 0.526032 0.432249 0.041718
21042 0.105670 0.862605 0.031725
20390 0.619090 0.068723 0.312188
6230 0.593268 0.302515 0.104218
22612 0.605602 0.285358 0.109041
1717 0.206242 0.661717 0.132041
18030 0.066732 0.745463 0.187804
1825 0.113645 0.444845 0.441510
18022 0.610173 0.220447 0.169379
1689 0.640666 0.223342 0.135992
20744 0.333123 0.202470 0.464406
7198 0.352358 0.319808 0.327834
2215 0.081829 0.156127 0.762044
8025 0.443052 0.438448 0.118499
23729 0.434758 0.089586 0.475656
8041 0.077717 0.780366 0.141917
1724 0.082567 0.082481 0.834952
23922 0.321442 0.443468 0.235090
23682 0.461541 0.351238 0.187221
23732 0.204477 0.541663 0.253860
8070 0.061190 0.351300 0.587509
23701 0.723369 0.044693 0.231938
2815 0.314596 0.059748 0.625656
17651 0.602463 0.036366 0.361170
17412 0.239191 0.176887 0.583921
20691 0.168331 0.576344 0.255324
22559 0.244643 0.270079 0.485279
20388 0.286316 0.108675 0.605010
20406 0.124802 0.280655 0.594543
4771 0.157744 0.746479 0.095777
20375 0.912925 0.082388 0.004687
20398 0.030678 0.846570 0.122752
21011 0.086031 0.218160 0.695809
17641 0.336168 0.528331 0.135501
2033 0.051383 0.060918 0.887699
7372 0.276964 0.381893 0.341143
21021 0.663567 0.225983 0.110450
7406 0.242556 0.636375 0.121069
22870 0.134462 0.472765 0.392774
1421 0.142752 0.682940 0.174308
21058 0.218862 0.431864 0.349274
4769 0.021138 0.734012 0.244850
20385 0.377323 0.390150 0.232526
4737 0.010138 0.926445 0.063416
20402 0.030130 0.288093 0.681777
18676 0.134267 0.203237 0.662496
17361 0.189914 0.680668 0.129419
1653 0.388850 0.318273 0.292877
1886 0.667298 0.023172 0.309530
1167 0.101210 0.466486 0.432305
22973 0.596245 0.120447 0.283308
22758 0.373560 0.488207 0.138233
1122 0.449648 0.260687 0.289665
1203 0.052766 0.641063 0.306172
1201 0.256939 0.617221 0.125840
22782 0.011484 0.598075 0.390441
1030 0.210496 0.572148 0.217356
1244 0.333602 0.570591 0.095807
1163 0.063843 0.140901 0.795256
1143 0.606209 0.325413 0.068377
22957 0.261673 0.428181 0.310147
22791 0.171692 0.600992 0.227316
22817 0.621079 0.177056 0.201865
1056 0.541555 0.332456 0.125989
22748 0.337593 0.112879 0.549527
20981 0.313926 0.036988 0.649086
22751 0.203718 0.355379 0.440904
22755 0.566805 0.424637 0.008557
1136 0.210488 0.262706 0.526805
1743 0.311385 0.419859 0.268756
7408 0.252284 0.492211 0.255505
7341 0.031850 0.825588 0.142563
21008 0.349149 0.011309 0.639542
7352 0.302075 0.162534 0.535391
1202 0.196972 0.354454 0.448574
1757 0.082174 0.511257 0.406569
4794 0.267598 0.035550 0.696852
1437 0.834678 0.132880 0.032442
1098 0.608694 0.058717 0.332589
1087 0.703542 0.094460 0.201998
17447 0.123073 0.261896 0.615032
1794 0.251237 0.210806 0.537956
22979 0.509338 0.125374 0.365289
22759 0.576591 0.000000 0.423409
22750 0.155509 0.465396 0.379095
1516 0.523317 0.000658 0.476025
22897 0.685758 0.286312 0.027930
22876 0.410821 0.447381 0.141798
1844 0.305826 0.523741 0.170433
17501 0.771809 0.199936 0.028255
7972 0.229713 0.541400 0.228887
23307 0.877629 0.113779 0.008593
23884 0.473457 0.048574 0.477969
23878 0.790147 0.115697 0.094156
4964 0.124599 0.035048 0.840353
4668 0.572939 0.005370 0.421691
20259 0.193257 0.115068 0.691675
7542 0.232360 0.655118 0.112521
21213 0.324251 0.605504 0.070245
21126 0.534593 0.007342 0.458065
21202 0.726215 0.079217 0.194567
21107 0.168315 0.645446 0.186238
19752 0.312837 0.040762 0.646401
7373 0.229487 0.460160 0.310353
20440 0.241774 0.189039 0.569187
23259 0.191424 0.754116 0.054460
23276 0.034367 0.647605 0.318029
24153 0.035258 0.863747 0.100995
24256 0.134207 0.303498 0.562295
6334 0.165463 0.240674 0.593863
24088 0.331191 0.519239 0.149570
7714 0.533686 0.176114 0.290200
7628 0.231592 0.490022 0.278386
23447 0.789813 0.012828 0.197359
24096 0.370982 0.457838 0.171181
23689 0.914753 0.006859 0.078388
8059 0.519798 0.369280 0.110923
8069 0.225027 0.769763 0.005210
23652 0.524934 0.354739 0.120327
18644 0.072261 0.320104 0.607635
18646 0.554346 0.283603 0.162051
23786 0.461870 0.488113 0.050017
20294 0.056094 0.084886 0.859019
24119 0.073740 0.496787 0.429472
7604 0.047219 0.156565 0.796216
23268 0.368949 0.240293 0.390757
7622 0.174999 0.218880 0.606121
23431 0.117642 0.845584 0.036774
7744 0.244451 0.633068 0.122480
6186 0.004952 0.832448 0.162599
6524 0.210870 0.679759 0.109371
6336 0.521112 0.108251 0.370637
4983 0.250016 0.058486 0.691498
4622 0.824282 0.056547 0.119171
24109 0.792239 0.133649 0.074112
8073 0.253112 0.077520 0.669368
23648 0.117292 0.657670 0.225038
8077 0.409729 0.306292 0.283979
2994 0.596002 0.312413 0.091585
22813 0.023016 0.756752 0.220232
1423 0.643568 0.103754 0.252679
4740 0.310072 0.169261 0.520667
20466 0.538741 0.229275 0.231985
4588 0.143223 0.243373 0.613404
4601 0.339118 0.319029 0.341853
20263 0.316149 0.543872 0.139979
4642 0.241232 0.031533 0.727235
20238 0.126066 0.133717 0.740217
19082 0.105265 0.210919 0.683816
4644 0.472953 0.523239 0.003809
4594 0.187564 0.011890 0.800546
4592 0.238410 0.491980 0.269611
4755 0.169053 0.164035 0.666912
20457 0.643994 0.102828 0.253178
2992 0.000918 0.384965 0.614117
20269 0.693528 0.102211 0.204260
22603 0.019333 0.333150 0.647516
17335 0.062236 0.899605 0.038160
1765 0.193708 0.242430 0.563862
18637 0.040710 0.366925 0.592365
20365 0.590456 0.098383 0.311161
20442 0.458143 0.418156 0.123701
2971 0.918909 0.049665 0.031426
18679 0.023858 0.478426 0.497715
20409 0.388372 0.210883 0.400746
3029 0.113397 0.052884 0.833719
18682 0.349654 0.631826 0.018521
2980 0.365014 0.613182 0.021804
6359 0.304841 0.193778 0.501381
24071 0.025044 0.280431 0.694525
23949 0.609383 0.071560 0.319056
20252 0.371537 0.071580 0.556883
6897 0.229513 0.207762 0.562725
24083 0.547717 0.293030 0.159253
6895 0.495470 0.350279 0.154251
7715 0.469034 0.488120 0.042846
23368 0.113198 0.726098 0.160704
7826 0.396569 0.382841 0.220589
23495 0.371445 0.471311 0.157244
23499 0.216520 0.710991 0.072489
7808 0.838556 0.045775 0.115669
24068 0.255709 0.622779 0.121512
24017 0.336411 0.606639 0.056950
7720 0.650112 0.299859 0.050028
7716 0.468284 0.425115 0.106601
7831 0.131205 0.220953 0.647842
7830 0.352496 0.547561 0.099943
1664 0.231309 0.374417 0.394273
22844 0.418853 0.197412 0.383736
7438 0.767298 0.068059 0.164643
20985 0.066804 0.041057 0.892139
21027 0.326908 0.050756 0.622336
1201 0.281414 0.206647 0.511939
1119 0.069670 0.596372 0.333958
1428 0.900402 0.063124 0.036474
22829 0.005264 0.282264 0.712472
1012 0.595825 0.131401 0.272773
1060 0.242146 0.267657 0.490198
20747 0.893396 0.072305 0.034299
347 0.672554 0.157172 0.170274
4879 0.619103 0.040793 0.340104
4907 0.423370 0.544565 0.032065
5039 0.000000 0.355914 0.644086
17231 0.384178 0.552809 0.063013
17976 0.113043 0.872601 0.014356
268 0.091273 0.287270 0.621457
20746 0.284131 0.561030 0.154839
1958 0.179261 0.046063 0.774676
17566 0.193948 0.505929 0.300123
17608 0.055515 0.919972 0.024512
17200 0.466685 0.131589 0.401725
17227 0.262425 0.098968 0.638607
1610 0.183344 0.500478 0.316178
1594 0.260174 0.116741 0.623084
1601 0.287055 0.244024 0.468921
20638 0.054498 0.491942 0.453560
5026 0.115213 0.181252 0.703534
4991 0.141730 0.752600 0.105669
4945 0.340608 0.028581 0.630811
21133 0.038763 0.057030 0.904207
5017 0.036104 0.540106 0.423790
4901 0.719890 0.259876 0.020233
17208 0.093738 0.755542 0.150720
1565 0.275409 0.030761 0.693830
1587 0.584064 0.122212 0.293723
1596 0.000000 0.224808 0.775192
1599 0.443547 0.161722 0.394731
20630 0.050561 0.366558 0.582881
5028 0.084192 0.828907 0.086900
20607 0.901154 0.020683 0.078163
4947 0.163937 0.505248 0.330815
20641 0.341234 0.302033 0.356733
21132 0.094163 0.139857 0.765980
17596 0.212731 0.033096 0.754173
17567 0.531699 0.273548 0.194753
1940 0.230061 0.182419 0.587520
20685 0.015667 0.584679 0.399654
4807 0.859233 0.063129 0.077638
20596 0.582245 0.152687 0.265068
4843 0.112867 0.310382 0.576751
20664 0.392189 0.054298 0.553513
1905 0.008540 0.617628 0.373832
17598 0.152493 0.846359 0.001149
1952 0.059043 0.129653 0.811304
17309 0.005412 0.231475 0.763113
1935 0.250274 0.444871 0.304855
17234 0.704284 0.130548 0.165167
7518 0.437386 0.142352 0.420262
17259 0.330824 0.276055 0.393121
1735 0.707142 0.184314 0.108543
17271 0.224369 0.633809 0.141822
17600 0.183181 0.254939 0.561880
17277 0.923021 0.050552 0.026427
20666 0.368798 0.324770 0.306432
2012 0.216126 0.363004 0.420871
17570 0.092297 0.851351 0.056352
1922 0.640311 0.301412 0.058277
17613 0.340241 0.157514 0.502245
20504 0.421103 0.128055 0.450842
20654 0.222111 0.487411 0.290478
17964 0.228856 0.558224 0.212920
344 0.062661 0.346230 0.591109
18045 0.656080 0.166783 0.177137
18054 0.693143 0.034343 0.272514
339 0.580101 0.306818 0.113081
18055 0.608123 0.347792 0.044086
17952 0.049559 0.606477 0.343963
4882 0.178375 0.081422 0.740203
4877 0.411373 0.176896 0.411731
4918 0.228922 0.771078 0.000000
364 0.018730 0.222436 0.758835
17970 0.274183 0.624795 0.101022
320 0.392684 0.435094 0.172222
318 0.002695 0.554855 0.442451
336 0.082818 0.288475 0.628707
20542 0.366350 0.611194 0.022456
4884 0.701667 0.027754 0.270579
4202 0.397736 0.524565 0.077699
4205 0.956117 0.004751 0.039133
4890 0.111131 0.848541 0.040328
20553 0.302832 0.403915 0.293254
4815 0.065274 0.052523 0.882203
20678 0.216174 0.208401 0.575425
4850 0.363307 0.606022 0.030672
4818 0.529108 0.147236 0.323656
4547 0.377020 0.594385 0.028594
20530 0.248696 0.609776 0.141529
4813 0.171662 0.450572 0.377765
20521 0.060707 0.846276 0.093017
4904 0.444623 0.217378 0.337998
20526 0.297766 0.574564 0.127670
19570 0.214935 0.250759 0.534306
19521 0.209716 0.020730 0.769555
3867 0.164600 0.104801 0.730599
3843 0.257869 0.313949 0.428182
19660 0.340498 0.510012 0.149490
3955 0.061409 0.523563 0.415028
4022 0.619922 0.216242 0.163836
3112 0.381692 0.443213 0.175095
16922 0.358724 0.028165 0.613111
3253 0.186685 0.763135 0.050180
3228 0.426067 0.067752 0.506180
19598 0.539491 0.448221 0.012288
19642 0.093263 0.797573 0.109165
3936 0.645303 0.168968 0.185729
3914 0.563858 0.229887 0.206255
3901 0.635568 0.003238 0.361194
3902 0.020854 0.140345 0.838801
3043 0.274393 0.048770 0.676837
16741 0.058465 0.514466 0.427069
19419 0.526165 0.278579 0.195257
3221 0.215768 0.106238 0.677994
3219 0.870104 0.016068 0.113828
16812 0.250634 0.302803 0.446563
16815 0.139600 0.166216 0.694184
3948 0.715478 0.178366 0.106156
3254 0.133958 0.270404 0.595637
3945 0.077231 0.050925 0.871844
3641 0.148861 0.819940 0.031199
3196 0.729684 0.176678 0.093638
19235 0.468807 0.523605 0.007588
19319 0.322003 0.136698 0.541299
3993 0.622914 0.278892 0.098194
19543 0.061365 0.802819 0.135815
16899 0.168545 0.209104 0.622350
3085 0.494124 0.065128 0.440748
19695 0.199978 0.737929 0.062093
19309 0.024404 0.339745 0.635851
3851 0.190283 0.071073 0.738644
3643 0.562583 0.235318 0.202099
16724 0.511498 0.339417 0.149084
19576 0.662130 0.035468 0.302403
3538 0.140537 0.068739 0.790724
3062 0.691702 0.293436 0.014862
19575 0.816706 0.038258 0.145037
19223 0.090507 0.732714 0.176779
19400 0.070686 0.426780 0.502535
3985 0.044672 0.217306 0.738022
19584 0.306125 0.080692 0.613183
19580 0.126079 0.034490 0.839432
19214 0.105991 0.603097 0.290912
3638 0.030492 0.841126 0.128382
3880 0.119715 0.286975 0.593310
19709 0.173494 0.547556 0.278950
19655 0.006860 0.118662 0.874478
19227 0.005269 0.952195 0.042535
3651 0.264648 0.693238 0.042114
3870 0.057036 0.212733 0.730230
3872 0.061116 0.038258 0.900626
19705 0.161947 0.018628 0.819425
19221 0.348664 0.475311 0.176025
19405 0.192267 0.556447 0.251286
3873 0.373221 0.017455 0.609324
19291 0.272657 0.014082 0.713261
19333 0.580721 0.029493 0.389786
19249 0.337386 0.023934 0.638680
3918 0.357821 0.051095 0.591084
19465 0.113528 0.727240 0.159232
19561 0.288612 0.370478 0.340910
19417 0.718124 0.272998 0.008878
19261 0.114307 0.172056 0.713637
19424 0.236641 0.658764 0.104595
3564 0.523526 0.321634 0.154840
19564 0.601759 0.261941 0.136299
3894 0.102734 0.265954 0.631312
3562 0.105328 0.814062 0.080610
3263 0.069947 0.833372 0.096682
3904 0.077310 0.178673 0.744017
3068 0.692464 0.149862 0.157673
3247 0.213891 0.165479 0.620630
3158 0.051084 0.064547 0.884370
19632 0.166821 0.442182 0.390997
19520 0.310704 0.613640 0.075655
19604 0.846200 0.136602 0.017198
19467 0.174266 0.413451 0.412282
3542 0.040137 0.539026 0.420837
19422 0.044894 0.654872 0.300234
1874 0.376364 0.002755 0.620881
22928 0.121451 0.542737 0.335812
1885 0.375111 0.339349 0.285541
1172 0.130927 0.476370 0.392703
1219 0.199617 0.671226 0.129158
1121 0.490865 0.319651 0.189484
1107 0.258355 0.436769 0.304876
22970 0.059719 0.246814 0.693467
1258 0.308077 0.228023 0.463900
22886 0.385829 0.006807 0.607364
1242 0.229145 0.159162 0.611692
22253 0.161166 0.231376 0.607458
6686 0.506037 0.200634 0.293329
6670 0.522950 0.327661 0.149388
23716 0.039187 0.120199 0.840614
2224 0.111091 0.102371 0.786538
7878 0.000000 0.138501 0.861499
23347 0.294822 0.078091 0.627087
2213 0.846258 0.145447 0.008295
23546 0.055367 0.106701 0.837932
6242 0.659256 0.029429 0.311315
1726 0.239921 0.732494 0.027585
17432 0.056956 0.260587 0.682457
1000 0.214058 0.147925 0.638017
16599 0.771410 0.190889 0.037701
850 0.621222 0.360994 0.017784
16441 0.505318 0.283327 0.211355
16452 0.318808 0.114352 0.566840
1002 0.054698 0.090633 0.854670
173 0.384815 0.505844 0.109341
178 0.942157 0.048916 0.008926
796 0.175019 0.405255 0.419725
16625 0.858816 0.129947 0.011237
16519 0.481295 0.343190 0.175514
16501 0.126223 0.034883 0.838893
166 0.574971 0.146453 0.278576
16492 0.236990 0.643574 0.119436
16492 0.877602 0.021622 0.100776
170 0.093835 0.783761 0.122404
16444 0.036727 0.254162 0.709111
1001 0.730170 0.152367 0.117464
16450 0.046265 0.061897 0.891837
852 0.028676 0.574658 0.396666
16449 0.207121 0.355150 0.437729
1003 0.297601 0.276032 0.426367
979 0.818542 0.112595 0.068862
16500 0.215289 0.459725 0.324986
172 0.000000 0.712719 0.287281
170 0.756130 0.024487 0.219383
172 0.263538 0.445650 0.290812
169 0.338563 0.224664 0.436773
16501 0.332637 0.190268 0.477095
16503 0.582660 0.058780 0.358560
172 0.265544 0.065732 0.668725
172 0.031179 0.212069 0.756751
16501 0.173052 0.036033 0.790916
876 0.255805 0.093503 0.650692
876 0.661119 0.051238 0.287643
1002 0.669560 0.080599 0.249840
876 0.714465 0.188043 0.097492
16450 0.491757 0.142103 0.366140
16450 0.854775 0.046782 0.098443
1002 0.118418 0.579600 0.301982
1002 0.043185 0.922285 0.034530
1001 0.908838 0.067643 0.023519
1001 0.943140 0.045609 0.011250
3593 0.053553 0.294359 0.652089
7164 0.269555 0.077073 0.653372
7292 0.004169 0.216267 0.779565
20147 0.258364 0.381080 0.360556
2503 0.004528 0.659808 0.335663
7324 0.838362 0.153234 0.008403
20101 0.591371 0.076868 0.331761
18521 0.242122 0.266299 0.491579
1033 0.324966 0.243526 0.431508
22799 0.371661 0.148268 0.480070
22801 0.182087 0.196984 0.620929
22971 0.074879 0.715777 0.209344
22896 0.123585 0.336070 0.540345
1256 0.246547 0.499486 0.253967
22805 0.300248 0.130968 0.568785
20996 0.199901 0.213363 0.586736
22778 0.094905 0.814699 0.090396
20996 0.023381 0.668811 0.307808
1755 0.019127 0.059975 0.920898
17387 0.687155 0.295016 0.017829
7448 0.305651 0.579058 0.115291
21004 0.058111 0.482617 0.459273
20994 0.019098 0.217807 0.763095
17407 0.772146 0.162176 0.065678
7551 0.529353 0.378450 0.092196
1531 0.257460 0.162195 0.580346
22634 0.370221 0.273678 0.356101
6244 0.760788 0.008801 0.230412
23747 0.297402 0.526924 0.175674
7384 0.746382 0.003710 0.249907
7467 0.288688 0.429511 0.281801
21150 0.044419 0.312460 0.643121
18338 0.074658 0.308584 0.616758
2748 0.700143 0.107562 0.192294
7465 0.233068 0.726334 0.040598
13414 0.595901 0.403328 0.000771
13410 0.536122 0.428710 0.035167
18338 0.198780 0.056120 0.745100
18338 0.363046 0.233874 0.403080
2766 0.629030 0.289548 0.081421
18339 0.932339 0.040963 0.026698
18338 0.443152 0.378906 0.177942
2766 0.463828 0.434835 0.101337
18338 0.377151 0.550914 0.071935
9740 0.578130 0.148254 0.273616
25128 0.008211 0.155270 0.836518
25303 0.193256 0.793743 0.013001
14970 0.031724 0.371094 0.597183
25352 0.904211 0.068638 0.027151
11785 0.399480 0.177789 0.422731
10076 0.439075 0.175282 0.385643
29571 0.059033 0.524243 0.416724
5525 0.692473 0.014862 0.292665
9745 0.665151 0.008455 0.326395
11118 0.567750 0.189498 0.242752
14109 0.530792 0.469208 0.000000
8101 0.590484 0.385380 0.024136
8301 0.100567 0.691959 0.207473
27961 0.554146 0.390398 0.055457
26818 0.179732 0.107118 0.713150
11947 0.249241 0.393607 0.357152
28124 0.421101 0.315909 0.262990
28120 0.065113 0.109528 0.825359
28557 0.391153 0.034486 0.574361
28492 0.653264 0.173749 0.172987
26821 0.100279 0.475397 0.424324
30791 0.288964 0.230271 0.480765
11964 0.575118 0.144537 0.280346
18881 0.160948 0.498697 0.340355
26632 0.051278 0.275018 0.673704
10527 0.122281 0.874262 0.003458
15446 0.531650 0.382782 0.085568
26494 0.187485 0.061545 0.750970
30726 0.189703 0.564926 0.245370
12430 0.366494 0.612249 0.021256
14230 0.337408 0.310851 0.351741
24358 0.410999 0.312036 0.276966
24533 0.054120 0.500938 0.444942
13695 0.342075 0.049069 0.608856
29592 0.237115 0.124573 0.638312
25021 0.535811 0.078053 0.386136
