1901 0.397071 0.360027 0.242902
15739 0.200881 0.649440 0.149679
1946 0.181846 0.536198 0.281956
3538 0.032673 0.835107 0.132220
3530 0.079896 0.628173 0.291932
20590 0.294104 0.063785 0.642111
3751 0.352761 0.030488 0.616751
15761 0.593237 0.112717 0.294046
1900 0.085749 0.409852 0.504399
16285 0.347174 0.033251 0.619575
16297 0.302533 0.416161 0.281307
16286 0.262870 0.444913 0.292217
19549 0.085396 0.533001 0.381602
15641 0.534079 0.011494 0.454427
16790 0.702380 0.283000 0.014620
16754 0.231141 0.191318 0.577541
1793 0.150184 0.059332 0.790485
15784 0.072388 0.824516 0.103097
488 0.192626 0.421198 0.386177
1432 0.506750 0.378241 0.115009
1848 0.353790 0.528328 0.117882
20333 0.431152 0.536369 0.032479
16041 0.475076 0.220510 0.304414
2219 0.148652 0.394098 0.457250
3736 0.300946 0.517049 0.182005
20400 0.830161 0.103547 0.066291
2272 0.476985 0.384357 0.138658
21536 0.690719 0.088873 0.220408
5677 0.071732 0.900266 0.028003
18977 0.362727 0.081233 0.556039
5094 0.673451 0.002412 0.324137
20056 0.635863 0.002144 0.361993
20057 0.030285 0.457072 0.512643
5189 0.617953 0.009053 0.372994
15178 0.130944 0.375427 0.493629
3749 0.317046 0.109067 0.573887
3750 0.209985 0.262039 0.527977
20426 0.014126 0.274779 0.711095
2233 0.059646 0.551073 0.389281
16037 0.017754 0.534663 0.447584
3856 0.517134 0.258003 0.224862
3809 0.061399 0.832612 0.105989
20097 0.012140 0.423150 0.564710
18186 0.148432 0.644772 0.206796
2011 0.067211 0.505235 0.427554
1044 0.466893 0.231570 0.301537
20105 0.374949 0.141583 0.483468
1047 0.569369 0.356787 0.073844
20080 0.298693 0.014882 0.686425
20087 0.475825 0.309902 0.214273
20064 0.022426 0.127591 0.849983
3740 0.507850 0.342759 0.149391
20601 0.153590 0.053864 0.792546
3532 0.032773 0.725411 0.241816
3534 0.045545 0.376507 0.577948
3590 0.112146 0.282089 0.605765
20851 0.855706 0.144081 0.000213
20893 0.183390 0.213363 0.603246
3381 0.476458 0.124541 0.399002
3905 0.837826 0.151084 0.011090
20845 0.023282 0.862876 0.113841
20768 0.081327 0.863237 0.055436
20779 0.148823 0.428733 0.422444
3437 0.041780 0.167660 0.790560
20798 0.282787 0.137869 0.579344
21398 0.106305 0.545659 0.348036
581 0.022906 0.261972 0.715122
20623 0.121280 0.503887 0.374833
16049 0.060415 0.797341 0.142244
16047 0.239892 0.024734 0.735374
4739 0.109993 0.295861 0.594146
19490 0.018755 0.763923 0.217322
5531 0.213500 0.305515 0.480985
21866 0.029232 0.573983 0.396785
5528 0.234166 0.055071 0.710763
21844 0.631685 0.290037 0.078279
4837 0.517755 0.076540 0.405705
19393 0.374024 0.330857 0.295118
5806 0.028851 0.192511 0.778638
20620 0.355691 0.131089 0.513220
3814 0.396309 0.275693 0.327998
18620 0.167448 0.098233 0.734318
3812 0.701805 0.286378 0.011817
10498 0.377816 0.121513 0.500671
21710 0.783692 0.104782 0.111527
3777 0.522088 0.032485 0.445427
3768 0.522287 0.127410 0.350303
3766 0.166537 0.379545 0.453917
3735 0.525833 0.086934 0.387233
20322 0.139505 0.264533 0.595961
19967 0.502659 0.243659 0.253683
10495 0.022655 0.589049 0.388296
19141 0.106329 0.478622 0.415049
18633 0.029535 0.358252 0.612213
21851 0.382460 0.119859 0.497681
3278 0.186707 0.572942 0.240351
18103 0.058184 0.199637 0.742179
18657 0.599628 0.102354 0.298018
20622 0.546006 0.075542 0.378452
16118 0.238009 0.156944 0.605047
2184 0.148397 0.816870 0.034734
20435 0.145854 0.277950 0.576196
20432 0.056129 0.349395 0.594476
10547 0.070620 0.789244 0.140136
3755 0.223988 0.631492 0.144520
21727 0.547794 0.178913 0.273293
3776 0.014222 0.767274 0.218504
20495 0.262678 0.177131 0.560191
20505 0.547389 0.260268 0.192344
20360 0.201668 0.675302 0.123030
3713 0.130042 0.217042 0.652916
5143 0.188577 0.465834 0.345589
20615 0.391445 0.224401 0.384154
5714 0.257383 0.359008 0.383609
21521 0.705256 0.191616 0.103128
4398 0.144639 0.581208 0.274152
4400 0.401311 0.262406 0.336283
16051 0.094335 0.771400 0.134265
16044 0.003139 0.848966 0.147895
2232 0.055081 0.781501 0.163418
16060 0.028099 0.441470 0.530431
20848 0.602182 0.056604 0.341215
16059 0.033773 0.960472 0.005754
2163 0.928205 0.068671 0.003124
2197 0.860197 0.135365 0.004438
2196 0.889192 0.076390 0.034418
20809 0.010008 0.098992 0.891000
4741 0.182966 0.619814 0.197219
19534 0.213795 0.068218 0.717987
5007 0.191956 0.581368 0.226676
5009 0.096165 0.701924 0.201911
4757 0.001312 0.063160 0.935529
20593 0.288681 0.106129 0.605190
3612 0.178481 0.124436 0.697083
4744 0.541014 0.005332 0.453654
5016 0.680386 0.288227 0.031387
19451 0.174969 0.434582 0.390449
4753 0.360109 0.613493 0.026398
5028 0.115048 0.654777 0.230175
5526 0.576558 0.352515 0.070927
20491 0.177062 0.599429 0.223509
3514 0.298002 0.226976 0.475022
20433 0.141494 0.467424 0.391083
2190 0.414467 0.232486 0.353047
16178 0.777863 0.100065 0.122072
19468 0.206005 0.007731 0.786263
5030 0.837712 0.115016 0.047272
19445 0.680412 0.265467 0.054120
5023 0.171319 0.014079 0.814602
4985 0.264974 0.120208 0.614818
20321 0.848473 0.110333 0.041194
4984 0.053404 0.208910 0.737687
19482 0.011726 0.888422 0.099852
4982 0.158596 0.244847 0.596557
5003 0.657757 0.098920 0.243323
19443 0.102953 0.229904 0.667143
19474 0.349074 0.065182 0.585744
4994 0.050346 0.601029 0.348625
20881 0.250674 0.515642 0.233684
3907 0.054614 0.249081 0.696306
20891 0.362273 0.516282 0.121446
20481 0.464189 0.042154 0.493656
3669 0.316570 0.599849 0.083581
20564 0.717757 0.197552 0.084691
21805 0.196687 0.741460 0.061853
20482 0.219441 0.315930 0.464630
3806 0.064397 0.289697 0.645906
20345 0.196735 0.577949 0.225317
20414 0.030065 0.678553 0.291382
5557 0.272061 0.003246 0.724693
3285 0.846079 0.023257 0.130664
18101 0.135395 0.605409 0.259197
20647 0.243282 0.490657 0.266061
18266 0.437470 0.411140 0.151391
10477 0.191195 0.766425 0.042380
19224 0.541061 0.083153 0.375787
19228 0.118177 0.852046 0.029777
3556 0.097384 0.523471 0.379144
5545 0.925024 0.042949 0.032027
5803 0.018842 0.394845 0.586314
18612 0.245461 0.753549 0.000990
19221 0.220560 0.537321 0.242119
4911 0.148173 0.159723 0.692104
3553 0.520638 0.438088 0.041274
5492 0.550737 0.231596 0.217666
18627 0.230401 0.547669 0.221930
20687 0.034708 0.248768 0.716524
20692 0.177035 0.557364 0.265601
19237 0.730034 0.053791 0.216176
19959 0.030181 0.739309 0.230509
19960 0.579527 0.187030 0.233443
3340 0.007006 0.498922 0.494073
3582 0.686174 0.043650 0.270176
3841 0.396199 0.101019 0.502782
10496 0.525008 0.443220 0.031772
10538 0.453384 0.483693 0.062923
3836 0.802634 0.041424 0.155942
10541 0.657326 0.171115 0.171558
21864 0.528285 0.199945 0.271770
3399 0.965977 0.022504 0.011519
10537 0.121652 0.584380 0.293968
18085 0.610496 0.087853 0.301651
18094 0.323901 0.621915 0.054184
3407 0.015528 0.910429 0.074043
20870 0.005790 0.022758 0.971452
20872 0.068428 0.011990 0.919582
10534 0.716665 0.138435 0.144900
10532 0.140786 0.547154 0.312061
21871 0.176418 0.196394 0.627188
5015 0.297917 0.568312 0.133771
19049 0.155263 0.244997 0.599740
4775 0.362437 0.284904 0.352659
4765 0.187937 0.017431 0.794632
3385 0.154172 0.334602 0.511226
4399 0.357074 0.339903 0.303023
4422 0.335163 0.209568 0.455269
20887 0.629339 0.051657 0.319004
4414 0.182111 0.046557 0.771331
4443 0.188094 0.078677 0.733229
3490 0.345698 0.166446 0.487856
3432 0.192205 0.170634 0.637161
21037 0.617767 0.249148 0.133086
3481 0.130112 0.561669 0.308219
3792 0.430466 0.243780 0.325755
3190 0.341548 0.646067 0.012385
21090 0.152537 0.115538 0.731926
5643 0.143002 0.459865 0.397133
20704 0.808541 0.087476 0.103983
5712 0.757894 0.091949 0.150157
21506 0.335328 0.532592 0.132080
3795 0.338233 0.558438 0.103329
3192 0.535039 0.090027 0.374935
6194 0.060135 0.673262 0.266604
4868 0.287884 0.677943 0.034172
19411 0.212765 0.590651 0.196583
4864 0.341669 0.533197 0.125135
4872 0.304337 0.288208 0.407456
3894 0.000000 0.377088 0.622912
6166 0.000000 0.818440 0.181560
20943 0.132320 0.437849 0.429831
20416 0.486442 0.470762 0.042797
3497 0.426379 0.378237 0.195384
21487 0.371640 0.190189 0.438171
1617 0.028909 0.248715 0.722376
1930 0.374025 0.257761 0.368214
4490 0.099372 0.323276 0.577352
20837 0.336536 0.329514 0.333950
21079 0.190610 0.007785 0.801604
3444 0.543734 0.386233 0.070033
20904 0.448062 0.048649 0.503288
21708 0.150799 0.743261 0.105940
6173 0.139046 0.280497 0.580457
20943 0.064290 0.606749 0.328960
3200 0.284572 0.715428 0.000000
6139 0.152897 0.704645 0.142458
6142 0.000000 0.600295 0.399705
6135 0.000000 0.888637 0.111363
5512 0.110635 0.095375 0.793990
20861 0.472690 0.400629 0.126681
3453 0.596798 0.403202 0.000000
18924 0.087216 0.751609 0.161175
5327 0.217455 0.581556 0.200989
5340 0.683243 0.118443 0.198313
18865 0.132436 0.116312 0.751253
18870 0.094374 0.207206 0.698420
10928 0.049501 0.698092 0.252407
18969 0.152456 0.762332 0.085212
10847 0.124734 0.344550 0.530716
18856 0.151957 0.014531 0.833513
18994 0.112223 0.887185 0.000592
21704 0.332659 0.375112 0.292229
5567 0.048127 0.484826 0.467047
3237 0.426640 0.215372 0.357988
3882 0.072093 0.622934 0.304973
3860 0.143877 0.685713 0.170410
19425 0.389276 0.310678 0.300046
5607 0.169703 0.417704 0.412593
21011 0.017953 0.142630 0.839416
21019 0.272992 0.002815 0.724193
3206 0.871457 0.067944 0.060599
5629 0.162129 0.823711 0.014160
5631 0.622005 0.253214 0.124780
3351 0.113181 0.278674 0.608145
3415 0.574009 0.409019 0.016972
19418 0.384049 0.084025 0.531926
5589 0.408024 0.305435 0.286541
21202 0.589998 0.270930 0.139072
3449 0.249015 0.393572 0.357413
21066 0.195894 0.177949 0.626156
21064 0.228085 0.197975 0.573939
4696 0.223842 0.293044 0.483114
19384 0.469742 0.451575 0.078683
3170 0.356442 0.479435 0.164123
3160 0.267178 0.403499 0.329323
3322 0.376064 0.177095 0.446842
21239 0.191057 0.059646 0.749297
17396 0.017451 0.611389 0.371160
19353 0.213928 0.006118 0.779955
17468 0.094898 0.195876 0.709226
10601 0.803010 0.140061 0.056929
4694 0.076272 0.344595 0.579134
19381 0.405293 0.378248 0.216459
3137 0.370841 0.153850 0.475308
20906 0.272294 0.642309 0.085397
3336 0.044646 0.523751 0.431603
21241 0.392812 0.173591 0.433596
21227 0.273278 0.424498 0.302224
19349 0.473776 0.437870 0.088354
10873 0.694177 0.294785 0.011038
17442 0.757370 0.105623 0.137008
17454 0.111568 0.014796 0.873635
19352 0.002288 0.362476 0.635237
3129 0.023057 0.278520 0.698423
20915 0.016984 0.949075 0.033941
20753 0.881214 0.047058 0.071728
5585 0.752252 0.063860 0.183888
5583 0.606798 0.157634 0.235568
4734 0.106977 0.701080 0.191942
17439 0.158777 0.802047 0.039176
17441 0.249010 0.309146 0.441843
17455 0.018969 0.080245 0.900786
10859 0.378502 0.597155 0.024342
10936 0.006064 0.402888 0.591048
18480 0.230035 0.062797 0.707167
18555 0.141423 0.778304 0.080273
18471 0.105522 0.067828 0.826650
18484 0.716743 0.073794 0.209463
18493 0.649595 0.056086 0.294319
4807 0.930151 0.050442 0.019408
4789 0.683728 0.262058 0.054214
17456 0.018658 0.640123 0.341219
10918 0.449941 0.111808 0.438250
10901 0.408923 0.087849 0.503228
10914 0.270380 0.026840 0.702779
10771 0.335249 0.473295 0.191456
10910 0.127361 0.499717 0.372922
10932 0.373824 0.451108 0.175069
10854 0.477144 0.121887 0.400969
4810 0.094765 0.483813 0.421421
18876 0.437084 0.158231 0.404686
21689 0.025239 0.478514 0.496247
5494 0.195097 0.648913 0.155990
5828 0.236975 0.127896 0.635129
5832 0.011782 0.885336 0.102883
21580 0.200132 0.297194 0.502675
20895 0.010131 0.024283 0.965586
3378 0.554857 0.367603 0.077541
3370 0.342278 0.137970 0.519752
3453 0.335751 0.664249 0.000000
20443 0.248990 0.663465 0.087545
5608 0.799900 0.000000 0.200100
21134 0.316955 0.176781 0.506264
20936 0.000000 0.793062 0.206938
6130 0.368488 0.202782 0.428730
5599 0.218689 0.585674 0.195638
20377 0.581519 0.172490 0.245991
21425 0.164971 0.240266 0.594763
21701 0.712432 0.093655 0.193913
4878 0.819435 0.054407 0.126158
6184 0.744088 0.064957 0.190955
3499 0.435452 0.492972 0.071577
3492 0.127587 0.501418 0.370995
20925 0.453062 0.247848 0.299089
3894 0.211729 0.388275 0.399995
18665 0.433118 0.002980 0.563901
5311 0.364224 0.489347 0.146429
5388 0.084558 0.356314 0.559128
19086 0.322046 0.482282 0.195672
10270 0.552206 0.311927 0.135867
10273 0.594460 0.367267 0.038274
21319 0.126472 0.860465 0.013063
18663 0.014942 0.607151 0.377907
19064 0.613619 0.345946 0.040435
19052 0.766125 0.051462 0.182413
21325 0.849253 0.118521 0.032226
5937 0.386817 0.363056 0.250127
17424 0.075122 0.766983 0.157894
5075 0.012023 0.645161 0.342816
10556 0.077092 0.631614 0.291295
10576 0.711531 0.249706 0.038763
10552 0.166399 0.047486 0.786115
19202 0.285381 0.357379 0.357240
10595 0.218919 0.651363 0.129718
20356 0.060193 0.268631 0.671176
18641 0.391657 0.173267 0.435076
4920 0.036958 0.786980 0.176062
10221 0.600788 0.185252 0.213960
10203 0.072681 0.353557 0.573762
4919 0.211221 0.389306 0.399473
17574 0.396531 0.099345 0.504124
5933 0.843974 0.095774 0.060252
10253 0.129283 0.058337 0.812380
5935 0.173845 0.196297 0.629859
20357 0.592887 0.278218 0.128895
18713 0.306064 0.385398 0.308538
4941 0.140457 0.451129 0.408414
21445 0.024386 0.237230 0.738384
18718 0.064595 0.829609 0.105797
5948 0.895061 0.068922 0.036017
3730 0.452733 0.384440 0.162827
18710 0.105513 0.580983 0.313504
19315 0.248974 0.363976 0.387050
3310 0.197488 0.343949 0.458563
19214 0.089871 0.768399 0.141730
20962 0.199852 0.080433 0.719714
19342 0.121201 0.073695 0.805105
19266 0.265076 0.402732 0.332191
19275 0.487397 0.076791 0.435812
19255 0.196427 0.552498 0.251075
18783 0.844241 0.068598 0.087162
4939 0.054423 0.455601 0.489976
5277 0.711624 0.078044 0.210332
5996 0.145108 0.761451 0.093441
5980 0.538246 0.355197 0.106557
10171 0.490690 0.061544 0.447766
20968 0.286606 0.441517 0.271876
20966 0.022127 0.617970 0.359902
5398 0.004734 0.818999 0.176267
19213 0.358566 0.582099 0.059336
19126 0.454213 0.124579 0.421208
10350 0.836785 0.082900 0.080316
18708 0.089941 0.091770 0.818289
10302 0.032930 0.095985 0.871085
10275 0.305308 0.665225 0.029467
21305 0.849436 0.124171 0.026393
18681 0.046265 0.066737 0.886998
19062 0.312245 0.139869 0.547886
5413 0.019209 0.032728 0.948063
10291 0.490384 0.002908 0.506707
10294 0.066290 0.144715 0.788995
21344 0.101539 0.196510 0.701951
21310 0.542310 0.304523 0.153167
19304 0.210230 0.345393 0.444378
19301 0.613876 0.053203 0.332921
10316 0.116937 0.018681 0.864382
21350 0.322751 0.137520 0.539729
18428 0.155294 0.489500 0.355206
10259 0.009943 0.054473 0.935584
10289 0.572513 0.030244 0.397243
10286 0.130632 0.806476 0.062893
21345 0.280534 0.044795 0.674671
21371 0.799534 0.072654 0.127812
19305 0.786289 0.128570 0.085141
19296 0.572011 0.331531 0.096458
10316 0.130397 0.575128 0.294475
21369 0.240732 0.609484 0.149784
21353 0.246918 0.540932 0.212150
10259 0.022447 0.659662 0.317891
21383 0.536748 0.251599 0.211653
21390 0.646019 0.267106 0.086874
21327 0.224117 0.040269 0.735614
21340 0.589349 0.252281 0.158371
4968 0.523870 0.100814 0.375317
4965 0.346193 0.194430 0.459377
10325 0.117294 0.360652 0.522054
21366 0.659002 0.223856 0.117142
18430 0.218755 0.429060 0.352184
18559 0.092275 0.456905 0.450820
21820 0.081918 0.522365 0.395716
5773 0.026736 0.141780 0.831484
4431 0.198779 0.540601 0.260620
20820 0.540591 0.087470 0.371940
20580 0.240972 0.195602 0.563426
2220 0.449475 0.260547 0.289978
5181 0.141334 0.823379 0.035287
5221 0.620519 0.076338 0.303144
5220 0.282751 0.493652 0.223598
20111 0.036835 0.206316 0.756849
18184 0.381417 0.464581 0.154002
2003 0.210656 0.364579 0.424765
5207 0.432172 0.050667 0.517161
4687 0.763439 0.087566 0.148996
1067 0.194625 0.504344 0.301031
1126 0.015073 0.408058 0.576869
19999 0.595577 0.352554 0.051868
15021 0.255668 0.000346 0.743986
19971 0.593790 0.311699 0.094511
19930 0.351045 0.192970 0.455986
20035 0.357213 0.317832 0.324955
20037 0.597048 0.295907 0.107045
20115 0.927966 0.003384 0.068650
17508 0.161614 0.235280 0.603106
17488 0.282479 0.003624 0.713897
19949 0.612155 0.126649 0.261196
1004 0.290960 0.438883 0.270157
18236 0.105502 0.430148 0.464350
1128 0.068661 0.648254 0.283085
15020 0.474707 0.000000 0.525293
15021 0.321016 0.488787 0.190197
19508 0.381046 0.080988 0.537966
5928 0.010721 0.815332 0.173946
20556 0.504951 0.213468 0.281581
20477 0.085115 0.855340 0.059545
5813 0.900388 0.012461 0.087151
21547 0.068401 0.144773 0.786827
3609 0.237595 0.669120 0.093284
21273 0.564767 0.167888 0.267344
5603 0.831755 0.067287 0.100957
5846 0.316313 0.050079 0.633608
5838 0.029401 0.954663 0.015937
21168 0.243057 0.062359 0.694585
4430 0.007808 0.002659 0.989532
4437 0.000000 0.670807 0.329193
4438 0.021498 0.348350 0.630152
5689 0.066557 0.788492 0.144951
21498 0.039446 0.375562 0.584992
3265 0.217243 0.260533 0.522224
20426 0.375444 0.470614 0.153941
5774 0.067743 0.625805 0.306452
21827 0.302608 0.241442 0.455950
20522 0.278034 0.519245 0.202721
5925 0.273276 0.197097 0.529627
21617 0.410424 0.188664 0.400912
19498 0.205356 0.673301 0.121343
19111 0.197189 0.163247 0.639563
19106 0.260988 0.585484 0.153528
3829 0.082555 0.541112 0.376334
18832 0.525670 0.166551 0.307780
5440 0.000776 0.114162 0.885062
4769 0.808902 0.070238 0.120860
14862 0.000000 0.306710 0.693290
14862 0.327873 0.036664 0.635463
2322 0.392159 0.202483 0.405358
2261 0.155647 0.631615 0.212738
16145 0.146346 0.233485 0.620169
2290 0.121237 0.088698 0.790065
7380 0.705150 0.012891 0.281959
18172 0.233517 0.741086 0.025397
16132 0.444293 0.398883 0.156824
1014 0.118523 0.380698 0.500779
19952 0.085109 0.747421 0.167470
18223 0.187110 0.811105 0.001785
1021 0.293765 0.534724 0.171511
7382 0.008183 0.597709 0.394108
21476 0.612616 0.293410 0.093974
3761 0.293604 0.684616 0.021780
3783 0.050253 0.648727 0.301020
21546 0.873108 0.115416 0.011476
6168 0.000000 0.444129 0.555871
21433 0.432479 0.279988 0.287533
3288 0.560023 0.298081 0.141896
6167 0.973550 0.026450 0.000000
18891 0.304400 0.183360 0.512239
21582 0.382507 0.249286 0.368206
16302 0.594860 0.039001 0.366139
3474 0.184459 0.149296 0.666245
20971 0.567636 0.330847 0.101517
4802 0.349842 0.077053 0.573105
18882 0.075908 0.618325 0.305767
21058 0.402725 0.395410 0.201865
20803 0.044665 0.272663 0.682672
6057 0.759709 0.220510 0.019781
3593 0.016512 0.355432 0.628055
4805 0.847891 0.020921 0.131188
3185 0.328639 0.017291 0.654070
5840 0.556960 0.339846 0.103194
18827 0.238655 0.420125 0.341220
16919 0.017336 0.254907 0.727757
3092 0.090462 0.563428 0.346110
16976 0.053632 0.458252 0.488116
2568 0.194410 0.633824 0.171767
2566 0.464411 0.380126 0.155463
18807 0.256757 0.376827 0.366416
20026 0.460775 0.132973 0.406253
3029 0.375403 0.098342 0.526255
3051 0.102816 0.165964 0.731220
10436 0.033169 0.301270 0.665562
10373 0.477898 0.010110 0.511992
6239 0.232762 0.130631 0.636607
18842 0.414173 0.509253 0.076574
20095 0.127075 0.196014 0.676911
21005 0.219357 0.662823 0.117821
6165 0.336921 0.213977 0.449101
3183 0.064315 0.332454 0.603232
3055 0.874834 0.001832 0.123334
3057 0.897656 0.073925 0.028419
18006 0.084011 0.681138 0.234851
18010 0.448266 0.531829 0.019905
572 0.552625 0.051510 0.395865
15902 0.495761 0.428477 0.075762
15917 0.624165 0.159869 0.215966
15881 0.013265 0.065997 0.920738
15914 0.700165 0.119793 0.180042
16717 0.298662 0.174594 0.526744
15874 0.580490 0.398172 0.021338
18136 0.614603 0.188363 0.197034
2972 0.253842 0.497348 0.248809
16243 0.558667 0.180402 0.260931
2994 0.176566 0.275578 0.547856
6018 0.671581 0.209375 0.119044
4891 0.002748 0.573535 0.423716
10263 0.345465 0.072966 0.581568
10297 0.118693 0.102217 0.779090
10258 0.576128 0.298089 0.125783
18560 0.682327 0.084551 0.233121
10324 0.067857 0.333403 0.598740
10326 0.216304 0.423366 0.360330
18748 0.646749 0.046201 0.307050
10314 0.012988 0.777249 0.209762
10313 0.615373 0.235319 0.149308
4964 0.871365 0.121268 0.007367
10261 0.083839 0.455914 0.460247
18684 0.049598 0.108422 0.841980
21365 0.447308 0.053583 0.499109
10280 0.408874 0.487064 0.104062
18433 0.109361 0.121140 0.769498
10262 0.015038 0.784643 0.200319
10257 0.161373 0.164687 0.673940
10319 0.044019 0.695731 0.260250
10256 0.008422 0.788436 0.203142
18749 0.869550 0.040002 0.090448
18745 0.072459 0.402560 0.524981
18745 0.124025 0.050886 0.825089
18746 0.316547 0.570513 0.112940
19309 0.371879 0.100893 0.527228
19324 0.354735 0.596264 0.049000
5869 0.221278 0.645049 0.133672
21328 0.094657 0.207518 0.697825
5880 0.688889 0.031262 0.279849
21333 0.325809 0.291514 0.382676
2099 0.023908 0.857692 0.118400
18270 0.472110 0.524925 0.002965
18309 0.357439 0.362581 0.279979
19183 0.022724 0.943067 0.034209
4887 0.159004 0.836192 0.004804
4885 0.138784 0.531438 0.329778
19149 0.456898 0.391055 0.152047
4905 0.263491 0.119946 0.616563
19186 0.401005 0.183166 0.415828
4932 0.458710 0.480171 0.061120
4932 0.538227 0.012210 0.449563
19173 0.015235 0.450496 0.534269
19174 0.128065 0.424815 0.447120
19175 0.253316 0.629772 0.116912
19176 0.771242 0.175223 0.053535
4906 0.061327 0.528550 0.410123
4950 0.200334 0.386642 0.413025
19320 0.002099 0.111057 0.886845
21336 0.638160 0.212578 0.149262
21335 0.290150 0.279972 0.429878
5873 0.372474 0.456128 0.171398
2128 0.518750 0.241476 0.239773
18278 0.071047 0.591379 0.337574
18291 0.421282 0.530465 0.048253
18310 0.677188 0.109160 0.213652
18311 0.749999 0.207852 0.042149
21388 0.057066 0.511725 0.431209
10318 0.346663 0.089235 0.564101
10319 0.488797 0.280987 0.230216
4930 0.523574 0.089091 0.387335
2130 0.783262 0.156113 0.060625
6013 0.082191 0.231291 0.686518
4895 0.042287 0.866984 0.090729
21389 0.478541 0.189250 0.332209
4895 0.756115 0.146961 0.096924
18303 0.151261 0.788770 0.059969
2066 0.042826 0.056833 0.900342
18300 0.146333 0.795650 0.058017
4958 0.232904 0.224851 0.542245
4963 0.217185 0.170107 0.612707
19243 0.228279 0.108656 0.663065
19177 0.222591 0.224225 0.553184
19325 0.332740 0.183205 0.484055
4961 0.120710 0.634839 0.244452
5469 0.567123 0.182069 0.250807
19180 0.061642 0.096446 0.841912
19180 0.703653 0.296347 0.000000
19182 0.186479 0.486769 0.326753
4900 0.438298 0.411389 0.150313
4959 0.483509 0.362504 0.153987
18302 0.541940 0.413240 0.044820
18301 0.260810 0.526292 0.212897
18297 0.661460 0.336583 0.001957
18299 0.667460 0.153597 0.178943
19189 0.205531 0.590872 0.203597
19190 0.013377 0.531571 0.455051
5246 0.136231 0.271574 0.592195
6146 0.262491 0.589679 0.147830
19029 0.466499 0.132802 0.400699
19037 0.430371 0.008078 0.561551
10827 0.143102 0.088218 0.768681
10829 0.187739 0.797742 0.014519
18961 0.549962 0.216716 0.233322
18388 0.418026 0.524873 0.057101
5100 0.046090 0.230469 0.723441
5087 0.175643 0.369271 0.455086
10836 0.418441 0.567445 0.014115
21249 0.184705 0.546195 0.269100
5244 0.673183 0.307923 0.018894
5241 0.062528 0.002937 0.934534
18375 0.149716 0.627876 0.222409
10830 0.511988 0.385768 0.102244
18964 0.143234 0.141289 0.715477
10799 0.266116 0.611827 0.122057
5081 0.811421 0.131418 0.057161
5085 0.166363 0.015642 0.817996
18381 0.523859 0.240241 0.235901
5254 0.737256 0.107842 0.154902
18449 0.146349 0.111376 0.742275
10815 0.250655 0.614317 0.135028
10821 0.155837 0.018246 0.825918
6124 0.802572 0.183933 0.013494
18529 0.289526 0.136587 0.573887
18383 0.126240 0.186478 0.687281
10757 0.055285 0.128855 0.815861
18395 0.531826 0.136928 0.331247
5724 0.146916 0.436080 0.417004
18515 0.053472 0.596757 0.349772
3642 0.287492 0.536680 0.175828
3639 0.047686 0.934664 0.017650
6152 0.476814 0.449642 0.073544
21289 0.359500 0.134568 0.505932
10751 0.596402 0.133671 0.269927
5720 0.310900 0.619695 0.069405
10758 0.150487 0.693545 0.155967
10819 0.089542 0.561735 0.348723
5752 0.441151 0.145241 0.413608
5745 0.340781 0.494895 0.164324
18410 0.046279 0.928431 0.025290
10756 0.239137 0.253276 0.507587
10765 0.147522 0.457551 0.394927
18406 0.546127 0.061548 0.392325
18531 0.802671 0.096686 0.100643
10768 0.175304 0.115173 0.709523
5861 0.430242 0.306237 0.263521
5860 0.625773 0.219786 0.154441
10752 0.369721 0.528976 0.101303
18528 0.298693 0.385911 0.315396
10840 0.348270 0.533258 0.118472
10766 0.230238 0.128308 0.641453
21655 0.709883 0.000906 0.289211
10760 0.382304 0.305162 0.312534
10761 0.417721 0.358657 0.223623
18411 0.820267 0.003214 0.176520
10762 0.078772 0.517995 0.403233
10763 0.016283 0.426241 0.557476
6098 0.008125 0.493163 0.498712
10748 0.146698 0.745627 0.107675
10835 0.119542 0.476586 0.403872
18462 0.751303 0.195626 0.053071
18461 0.572457 0.200299 0.227244
18460 0.142875 0.355415 0.501710
21286 0.044166 0.949948 0.005886
21633 0.152526 0.783906 0.063568
3617 0.322453 0.606188 0.071359
21620 0.038715 0.044155 0.917130
3628 0.035712 0.404145 0.560143
18317 0.416056 0.470279 0.113665
18317 0.812516 0.120753 0.066730
21664 0.077829 0.286594 0.635577
21658 0.479523 0.051683 0.468794
5748 0.227820 0.403355 0.368825
6223 0.360001 0.620539 0.019460
21121 0.158971 0.707735 0.133294
21121 0.412853 0.113086 0.474061
6089 0.788780 0.000000 0.211220
21148 0.893441 0.061929 0.044630
2138 0.489993 0.403654 0.106352
2139 0.313212 0.324638 0.362150
21109 0.005845 0.596204 0.397952
21104 0.425791 0.245069 0.329141
21106 0.592709 0.278995 0.128297
21114 0.000000 0.357554 0.642446
21599 0.050016 0.474357 0.475628
3620 0.634939 0.321133 0.043928
21621 0.435253 0.166534 0.398213
21626 0.183966 0.192002 0.624032
3626 0.745577 0.087270 0.167153
18344 0.278407 0.577134 0.144458
2102 0.066964 0.853902 0.079133
18287 0.231482 0.344544 0.423975
5725 0.018751 0.405995 0.575254
5859 0.140434 0.391191 0.468375
4689 0.422447 0.210262 0.367291
10755 0.256628 0.601075 0.142297
18280 0.030711 0.012893 0.956397
18390 0.625137 0.316850 0.058013
5723 0.773953 0.158341 0.067707
21665 0.407264 0.087001 0.505734
21177 0.058476 0.042069 0.899455
21664 0.675262 0.201895 0.122844
21176 0.292937 0.280514 0.426549
6082 0.079261 0.810823 0.109916
2100 0.614563 0.252754 0.132683
2109 0.644715 0.200143 0.155142
18284 0.463665 0.321359 0.214976
3625 0.190035 0.691948 0.118017
21118 0.661724 0.117034 0.221242
3624 0.080940 0.685446 0.233614
21630 0.151943 0.535752 0.312306
21283 0.062336 0.334079 0.603585
3629 0.157750 0.515218 0.327031
3631 0.198833 0.103423 0.697744
21626 0.225698 0.773400 0.000901
6120 0.279879 0.267396 0.452724
2123 0.788756 0.083129 0.128115
18342 0.270671 0.614125 0.115204
18343 0.618657 0.240045 0.141298
2121 0.623727 0.301747 0.074526
5735 0.285070 0.621010 0.093920
5726 0.021930 0.727931 0.250139
5727 0.296280 0.642918 0.060802
5728 0.083915 0.901320 0.014765
21288 0.171076 0.806981 0.021943
21277 0.203516 0.441645 0.354839
3871 0.697885 0.017398 0.284717
20395 0.470309 0.066792 0.462898
20029 0.503475 0.141835 0.354690
20034 0.135272 0.561732 0.302996
16207 0.714487 0.265478 0.020034
2097 0.681227 0.151999 0.166774
2020 0.844585 0.142474 0.012942
5214 0.080830 0.855270 0.063900
5216 0.265986 0.406681 0.327333
16166 0.060776 0.848842 0.090382
2015 0.119440 0.851810 0.028750
1029 0.013182 0.003018 0.983801
20112 0.142384 0.835225 0.022391
20014 0.711439 0.208946 0.079614
1141 0.650783 0.072439 0.276777
5682 0.005924 0.347734 0.646343
18188 0.456561 0.279422 0.264017
18247 0.629873 0.088958 0.281169
10727 0.381899 0.591554 0.026547
17490 0.158070 0.373567 0.468363
2940 0.804512 0.167156 0.028333
2958 0.248747 0.214700 0.536553
16246 0.177719 0.536395 0.285886
16889 0.496441 0.211997 0.291562
2734 0.011845 0.875731 0.112424
16481 0.221666 0.693874 0.084459
529 0.251928 0.499966 0.248106
19726 0.712133 0.090595 0.197272
1842 0.124217 0.066005 0.809778
16314 0.425617 0.502363 0.072020
3096 0.082069 0.576059 0.341873
16728 0.220475 0.146126 0.633399
15980 0.448861 0.532955 0.018184
615 0.874062 0.080020 0.045918
448 0.539445 0.179194 0.281361
498 0.014589 0.384124 0.601286
16096 0.137340 0.615033 0.247627
425 0.553636 0.063599 0.382765
16793 0.278555 0.502303 0.219141
553 0.571781 0.357962 0.070257
20298 0.545727 0.229690 0.224583
847 0.589335 0.050481 0.360183
21 0.268832 0.731168 0.000000
13 0.448300 0.000000 0.551700
194 0.712773 0.287227 0.000000
15853 0.398654 0.235593 0.365752
2743 0.155630 0.031660 0.812709
16620 0.532891 0.322085 0.145024
16639 0.849077 0.121585 0.029338
16647 0.045147 0.906216 0.048637
849 0.070049 0.302461 0.627490
24073 0.115104 0.415792 0.469104
12 0.000000 0.668464 0.331536
2 0.604273 0.395727 0.000000
1109 0.130177 0.869823 0.000000
2746 0.125845 0.874155 0.000000
16937 0.127815 0.246935 0.625250
16770 0.136818 0.609830 0.253352
432 0.189481 0.655459 0.155060
16798 0.108510 0.475651 0.415839
10516 0.785528 0.101065 0.113407
1770 0.006627 0.537667 0.455706
1774 0.053704 0.946296 0.000000
13 0.716991 0.283009 0.000000
194 0.801630 0.006428 0.191942
2758 0.279874 0.708265 0.011861
15921 0.004394 0.592508 0.403097
16985 0.130828 0.674586 0.194586
16361 0.245598 0.240206 0.514196
2999 0.022716 0.648111 0.329173
16774 0.353619 0.471356 0.175025
15830 0.550020 0.098256 0.351724
18092 0.336733 0.641013 0.022254
857 0.294336 0.580195 0.125469
15804 0.480346 0.046303 0.473351
1925 0.609929 0.221688 0.168383
18148 0.535642 0.117282 0.347076
15799 0.213735 0.411006 0.375259
399 0.328323 0.570098 0.101579
1764 0.080130 0.887792 0.032078
2820 0.641002 0.282132 0.076866
1921 0.354924 0.029180 0.615896
64 0.439673 0.242257 0.318070
20288 0.210626 0.591016 0.198358
16702 0.301439 0.018197 0.680364
20261 0.680636 0.053234 0.266130
1096 0.573295 0.056543 0.370161
24068 0.230730 0.437940 0.331330
629 0.367314 0.479595 0.153091
3049 0.086176 0.664862 0.248962
1112 0.026821 0.822710 0.150469
20229 0.185746 0.676820 0.137434
2 0.405980 0.011783 0.582236
483 0.122596 0.222500 0.654904
607 0.264452 0.356304 0.379245
588 0.005431 0.317318 0.677251
1079 0.071394 0.897470 0.031136
20232 0.143123 0.079618 0.777259
24054 0.040518 0.510488 0.448994
2736 0.481316 0.461099 0.057585
319 0.966621 0.000000 0.033379
16623 0.427814 0.024152 0.548034
23452 0.345807 0.525812 0.128380
16704 0.229914 0.219321 0.550765
595 0.000000 0.160364 0.839636
23456 0.061477 0.562207 0.376316
853 0.057200 0.523988 0.418812
20233 0.393003 0.280447 0.326550
830 0.666530 0.147410 0.186061
16247 0.654946 0.125375 0.219679
23561 0.346377 0.227077 0.426546
1990 0.460701 0.418979 0.120320
10440 0.198588 0.574202 0.227210
16524 0.306486 0.221161 0.472353
2711 0.349561 0.509974 0.140465
19761 0.267023 0.519130 0.213847
19772 0.484196 0.004679 0.511125
1261 0.315024 0.547192 0.137784
1258 0.148205 0.522542 0.329253
1227 0.710625 0.121967 0.167408
1224 0.243500 0.731548 0.024952
1366 0.190953 0.367958 0.441089
1240 0.434912 0.194545 0.370543
810 0.035829 0.254233 0.709939
24112 0.286072 0.133681 0.580247
15945 0.646685 0.261361 0.091954
15933 0.396551 0.433602 0.169847
16534 0.462172 0.179643 0.358185
16423 0.295178 0.411336 0.293486
875 0.898179 0.072017 0.029804
941 0.126357 0.819506 0.054137
796 0.157342 0.780857 0.061801
19888 0.477544 0.389626 0.132829
19903 0.918020 0.032254 0.049727
1232 0.133334 0.057831 0.808835
1241 0.552745 0.198989 0.248265
16803 0.244812 0.380356 0.374832
17984 0.663935 0.035144 0.300922
18323 0.167877 0.037922 0.794201
10390 0.386059 0.051190 0.562750
533 0.293358 0.351903 0.354739
24159 0.338293 0.561390 0.100317
312 0.050971 0.623841 0.325188
296 0.163161 0.530491 0.306347
19677 0.603170 0.329605 0.067225
24162 0.056440 0.325779 0.617781
24152 0.545791 0.311372 0.142837
894 0.677903 0.213767 0.108330
312 0.728794 0.225816 0.045390
900 0.924559 0.075441 0.000000
901 0.297652 0.702348 0.000000
24174 0.169936 0.691551 0.138513
328 0.273146 0.610525 0.116329
336 0.043792 0.425263 0.530945
24177 0.304453 0.464341 0.231205
948 0.081031 0.535046 0.383922
962 0.152763 0.440286 0.406951
963 0.298968 0.638705 0.062327
965 0.559446 0.044247 0.396307
19753 0.736201 0.023717 0.240082
19684 0.019131 0.712900 0.267969
19644 0.139955 0.825965 0.034080
24170 0.144323 0.249884 0.605792
24134 0.364460 0.317293 0.318247
325 0.233306 0.325274 0.441419
24148 0.077184 0.370733 0.552083
929 0.034142 0.410815 0.555043
961 0.405697 0.010345 0.583957
20182 0.908644 0.035195 0.056161
967 0.375969 0.088603 0.535428
1268 0.363645 0.016033 0.620322
23893 0.338392 0.553578 0.108031
19656 0.229003 0.275653 0.495344
19680 0.598453 0.104079 0.297468
19664 0.664097 0.000541 0.335362
332 0.019158 0.911882 0.068960
932 0.456414 0.403875 0.139711
1215 0.444617 0.507075 0.048308
1213 0.273240 0.420094 0.306666
1092 0.190193 0.469878 0.339929
20258 0.252765 0.295170 0.452065
1217 0.127719 0.026125 0.846156
19730 0.438798 0.174520 0.386683
19642 0.171821 0.712625 0.115554
24130 0.044627 0.537703 0.417669
23613 0.097425 0.355124 0.547451
664 0.919099 0.027316 0.053585
598 0.171713 0.012936 0.815351
24129 0.430167 0.145423 0.424410
91 0.084500 0.570750 0.344750
50 0.242198 0.250755 0.507047
24223 0.008170 0.811633 0.180197
23916 0.155238 0.837689 0.007073
23894 0.487893 0.145513 0.366594
23897 0.269032 0.528365 0.202603
23975 0.019568 0.500269 0.480162
23593 0.288151 0.598589 0.113260
23615 0.183642 0.699373 0.116985
667 0.145957 0.351239 0.502803
389 0.588353 0.084828 0.326818
23619 0.419775 0.161920 0.418306
16376 0.693352 0.208037 0.098611
1607 0.007767 0.494523 0.497710
86 0.020706 0.193436 0.785858
203 0.136172 0.700355 0.163473
243 0.475640 0.294394 0.229966
359 0.637097 0.187112 0.175791
259 0.648699 0.258986 0.092315
24154 0.549729 0.067235 0.383036
741 0.544718 0.323142 0.132140
23866 0.115816 0.721475 0.162710
23848 0.072600 0.467988 0.459412
24058 0.150479 0.134694 0.714827
16372 0.029111 0.501761 0.469128
1658 0.528277 0.168315 0.303408
647 0.692375 0.255482 0.052142
193 0.857313 0.017661 0.125026
28 0.132052 0.382077 0.485872
24080 0.407832 0.055340 0.536828
679 0.101200 0.343520 0.555280
23538 0.270926 0.094794 0.634280
16502 0.003295 0.405959 0.590745
1294 0.139753 0.311098 0.549149
23989 0.040731 0.015041 0.944228
763 0.018925 0.668696 0.312379
1393 0.662738 0.319577 0.017685
19875 0.815420 0.034887 0.149693
771 0.284176 0.430996 0.284829
776 0.094231 0.556014 0.349755
15869 0.609463 0.276610 0.113927
702 0.544025 0.089797 0.366178
2811 0.100889 0.153881 0.745231
2494 0.350149 0.191367 0.458484
799 0.274666 0.454598 0.270736
20157 0.217371 0.259554 0.523075
20205 0.796313 0.121387 0.082301
20203 0.474623 0.281186 0.244190
17176 0.286592 0.155179 0.558229
20146 0.256304 0.361454 0.382242
783 0.149156 0.281715 0.569129
24084 0.063599 0.764141 0.172260
188 0.232281 0.650641 0.117078
16110 0.633222 0.171602 0.195176
2671 0.041493 0.000000 0.958507
2763 0.372267 0.242323 0.385410
2765 0.240276 0.295550 0.464174
17118 0.562132 0.118520 0.319348
17117 0.230741 0.098620 0.670639
17109 0.498571 0.072987 0.428442
16579 0.205695 0.385051 0.409254
1174 0.393659 0.305664 0.300677
17048 0.163421 0.038421 0.798158
17097 0.338841 0.184907 0.476252
2522 0.792013 0.100363 0.107623
2491 0.403836 0.133866 0.462299
2563 0.031254 0.810356 0.158390
16576 0.027877 0.123582 0.848542
16451 0.000531 0.390536 0.608933
793 0.226188 0.486604 0.287208
791 0.045036 0.776712 0.178251
151 0.229380 0.100505 0.670114
15969 0.761075 0.122644 0.116281
2489 0.110236 0.565277 0.324488
2487 0.742216 0.029461 0.228323
1756 0.006977 0.551592 0.441431
2432 0.245324 0.611620 0.143057
16999 0.120624 0.441700 0.437676
113 0.736772 0.184209 0.079019
23580 0.505427 0.102438 0.392136
2923 0.042421 0.252481 0.705098
16018 0.203904 0.225311 0.570786
2903 0.266190 0.450440 0.283370
1951 0.617114 0.333449 0.049437
1951 0.000000 0.294288 0.705712
2395 0.487200 0.103082 0.409718
17016 0.091812 0.254539 0.653649
2362 0.372167 0.242975 0.384858
17161 0.088123 0.732293 0.179584
2354 0.308772 0.516314 0.174914
2374 0.634193 0.271057 0.094750
1664 0.334586 0.237908 0.427506
1744 0.276096 0.210988 0.512915
1748 0.055373 0.723915 0.220712
1698 0.169253 0.053207 0.777540
2434 0.440797 0.220829 0.338374
23570 0.056750 0.525572 0.417678
24098 0.161579 0.443865 0.394556
2926 0.008656 0.003690 0.987654
138 0.576032 0.036113 0.387856
2395 0.490827 0.125092 0.384081
17010 0.004824 0.458665 0.536511
2479 0.728046 0.271954 0.000000
19877 0.183226 0.708289 0.108485
2437 0.126478 0.754427 0.119095
2852 0.503828 0.057238 0.438934
17029 0.633227 0.066261 0.300512
2382 0.391851 0.164188 0.443962
2381 0.617252 0.372771 0.009977
17152 0.545574 0.150307 0.304120
19593 0.389514 0.440649 0.169837
1544 0.213960 0.481522 0.304518
1906 0.511141 0.208954 0.279906
15748 0.004790 0.696151 0.299059
19682 0.757882 0.044439 0.197679
19682 0.004804 0.847886 0.147310
1543 0.071098 0.532257 0.396645
1553 0.003378 0.996622 0.000000
19599 0.218007 0.442178 0.339814
1540 0.075372 0.059306 0.865322
1356 0.457572 0.420474 0.121953
19862 0.623560 0.000660 0.375780
1549 0.558041 0.172700 0.269258
1550 0.116780 0.025706 0.857514
15745 0.482110 0.240189 0.277700
19606 0.134626 0.024179 0.841195
1905 0.805994 0.044382 0.149624
1545 0.307573 0.424408 0.268020
19731 0.339896 0.380234 0.279870
1552 0.646242 0.311228 0.042530
1544 0.417560 0.088919 0.493521
1524 0.243176 0.727965 0.028859
19596 0.050642 0.033895 0.915463
1555 0.304258 0.648276 0.047466
19594 0.026805 0.439270 0.533925
16694 0.162588 0.277006 0.560405
1352 0.202977 0.345312 0.451711
16459 0.258848 0.423282 0.317869
725 0.118781 0.139147 0.742072
16675 0.003500 0.311622 0.684878
712 0.846488 0.097260 0.056251
707 0.355481 0.227308 0.417211
23773 0.318221 0.133739 0.548040
23509 0.412724 0.572853 0.014424
15864 0.681048 0.172883 0.146069
24050 0.339879 0.451697 0.208425
536 0.330193 0.236475 0.433332
18335 0.081961 0.207560 0.710480
2890 0.632017 0.223282 0.144702
2897 0.145542 0.538462 0.315995
17065 0.031786 0.574721 0.393492
17078 0.499555 0.365810 0.134635
17052 0.004292 0.073999 0.921709
16820 0.123788 0.386718 0.489494
2899 0.202405 0.768919 0.028676
16395 0.435001 0.049943 0.515056
18217 0.011988 0.904835 0.083177
23540 0.347199 0.573763 0.079039
23625 0.020677 0.294581 0.684741
648 0.096578 0.066983 0.836440
16397 0.748273 0.095702 0.156025
1659 0.513375 0.167882 0.318743
18334 0.504886 0.273536 0.221577
19688 0.413444 0.351030 0.235526
10717 0.786170 0.157839 0.055991
1460 0.119025 0.335153 0.545821
17564 0.210889 0.426367 0.362744
2987 0.517446 0.297172 0.185382
2984 0.489687 0.291425 0.218888
23477 0.869663 0.044494 0.085842
16849 0.389984 0.044027 0.565989
504 0.305966 0.610631 0.083403
491 0.140182 0.378469 0.481349
198 0.428660 0.365488 0.205852
218 0.400422 0.316194 0.283384
16822 0.284133 0.339513 0.376354
16992 0.281019 0.206190 0.512791
1526 0.295527 0.205690 0.498783
19624 0.131123 0.225105 0.643772
19586 0.165247 0.212637 0.622115
19673 0.236850 0.750646 0.012505
895 0.386217 0.613783 0.000000
891 0.547443 0.114663 0.337894
890 0.344612 0.000000 0.655388
20220 0.522093 0.238505 0.239401
19667 0.260750 0.102734 0.636516
1214 0.030169 0.969831 0.000000
1195 0.077261 0.922739 0.000000
1206 0.588431 0.411569 0.000000
19748 0.000000 0.932230 0.067770
1169 0.582443 0.417557 0.000000
19807 0.528712 0.000000 0.471288
19641 0.462647 0.000000 0.537353
923 0.000000 0.122964 0.877036
2912 0.514339 0.485661 0.000000
15926 0.098760 0.076977 0.824263
121 0.234267 0.153877 0.611856
23545 0.149344 0.490214 0.360442
16864 0.172101 0.493457 0.334442
2463 0.099248 0.796853 0.103899
19843 0.181155 0.671031 0.147814
15950 0.436867 0.017322 0.545811
15947 0.454189 0.271105 0.274706
17027 0.017457 0.140203 0.842340
2359 0.706585 0.284888 0.008527
17031 0.147018 0.304571 0.548411
15946 0.238695 0.329347 0.431958
15687 0.503318 0.389560 0.107123
2875 0.461292 0.364599 0.174109
15683 0.882544 0.066515 0.050941
16229 0.232910 0.581651 0.185439
2443 0.530341 0.123882 0.345777
2445 0.078442 0.342718 0.578840
1506 0.298814 0.332648 0.368537
16910 0.185377 0.093160 0.721463
2840 0.167196 0.148870 0.683934
2908 0.056455 0.387858 0.555687
2849 0.020069 0.032938 0.946993
2349 0.028777 0.045759 0.925464
17030 0.737406 0.055238 0.207356
15690 0.488600 0.035843 0.475557
15690 0.309713 0.388080 0.302208
15701 0.268189 0.133743 0.598067
15689 0.330511 0.153669 0.515820
15680 0.441769 0.544839 0.013392
15688 0.284959 0.145173 0.569868
2871 0.247953 0.567805 0.184242
15692 0.111595 0.761481 0.126924
15682 0.401137 0.215290 0.383573
2872 0.568224 0.321476 0.110301
2861 0.904083 0.095917 0.000000
15691 0.167790 0.032871 0.799339
15681 0.386065 0.451638 0.162297
16231 0.771116 0.001360 0.227524
2860 0.053229 0.252491 0.694280
1827 0.542838 0.430135 0.027027
16902 0.307024 0.111351 0.581625
