6787 0.103432 0.107818 0.788750
22980 0.216633 0.618258 0.165109
2089 0.238983 0.701226 0.059791
21241 0.842481 0.071596 0.085923
21189 0.647518 0.078510 0.273971
6860 0.013871 0.449169 0.536960
6916 0.198691 0.196797 0.604512
23231 0.446729 0.383183 0.170089
6919 0.010362 0.446513 0.543125
18729 0.219555 0.171136 0.609309
23228 0.434655 0.415487 0.149858
6927 0.245816 0.138847 0.615337
23219 0.397555 0.063171 0.539274
23220 0.473193 0.386518 0.140289
6878 0.261832 0.296591 0.441577
5789 0.067822 0.416385 0.515793
5800 0.634572 0.080170 0.285258
22102 0.300721 0.412833 0.286446
22123 0.338592 0.545335 0.116073
5779 0.062151 0.160914 0.776935
5780 0.666238 0.224295 0.109466
22178 0.510801 0.260473 0.228726
5804 0.000000 0.739745 0.260255
5868 0.862505 0.057833 0.079662
22115 0.637834 0.045311 0.316855
22110 0.022270 0.511266 0.466464
5870 0.157411 0.830276 0.012313
7158 0.687741 0.170554 0.141705
7154 0.097589 0.098472 0.803939
7132 0.580370 0.409938 0.009691
22576 0.001228 0.414335 0.584437
22577 0.287496 0.376817 0.335687
6652 0.189373 0.378178 0.432449
978 0.390365 0.609635 0.000000
978 1.000000 0.000000 0.000000
979 0.339560 0.272711 0.387728
19289 0.000000 0.725617 0.274383
22748 0.051552 0.352074 0.596374
22572 0.537628 0.103165 0.359207
22568 0.002294 0.347752 0.649955
6694 0.876969 0.034206 0.088825
22992 0.005918 0.959262 0.034820
6821 0.019140 0.680273 0.300587
23055 0.386381 0.224039 0.389580
23051 0.139887 0.669614 0.190499
6832 0.267122 0.530540 0.202337
23096 0.720632 0.005220 0.274148
23092 0.770110 0.049237 0.180654
23087 0.068721 0.915074 0.016205
22063 0.100855 0.041702 0.857443
5936 0.779446 0.181044 0.039511
6908 0.475398 0.396088 0.128514
2053 0.637163 0.320229 0.042607
23324 0.231067 0.198200 0.570733
80 0.299573 0.395276 0.305150
18735 0.292953 0.678067 0.028980
68 0.123431 0.734374 0.142195
18726 0.241457 0.488765 0.269778
18656 0.561553 0.000160 0.438287
18653 0.335005 0.336469 0.328526
2134 0.231064 0.754619 0.014317
758 0.748054 0.143800 0.108146
20940 0.706280 0.061564 0.232156
6560 0.539887 0.302180 0.157934
6492 0.017036 0.001788 0.981176
7085 0.078316 0.059283 0.862401
6666 0.789788 0.055229 0.154983
7256 0.366854 0.221308 0.411838
7262 0.000000 0.648726 0.351274
7248 0.037126 0.666606 0.296268
22481 0.842293 0.025505 0.132202
20944 0.483989 0.380114 0.135897
22545 0.342325 0.399645 0.258029
22543 0.215684 0.097224 0.687092
22551 0.172456 0.356483 0.471061
23259 0.677990 0.281115 0.040896
6488 0.438129 0.408828 0.153043
20908 0.059721 0.188924 0.751355
20911 0.184131 0.288415 0.527454
6851 0.514773 0.166080 0.319147
6853 0.801638 0.161123 0.037238
5971 0.567086 0.064882 0.368032
5862 0.002636 0.864581 0.132782
5865 0.097766 0.567651 0.334583
5784 0.480896 0.082813 0.436290
5788 0.474275 0.041302 0.484423
22182 0.494763 0.443550 0.061686
5785 0.308690 0.555345 0.135966
22183 0.254393 0.305483 0.440124
22107 0.129409 0.766559 0.104033
6813 0.292822 0.629252 0.077925
6812 0.612622 0.240631 0.146747
23244 0.751509 0.103172 0.145320
6733 0.192711 0.566710 0.240579
6734 0.615903 0.249108 0.134989
6738 0.143541 0.844601 0.011858
22851 0.016212 0.231276 0.752512
6745 0.251110 0.529979 0.218911
22972 0.720066 0.019777 0.260157
21193 0.009686 0.100888 0.889425
21245 0.375625 0.057541 0.566834
2090 0.080946 0.119771 0.799283
6792 0.648809 0.240881 0.110310
6788 0.478713 0.460154 0.061133
6755 0.453330 0.140529 0.406141
6722 0.219408 0.130659 0.649933
22943 0.382637 0.011803 0.605561
6720 0.648675 0.278144 0.073182
6744 0.170749 0.286853 0.542398
22971 0.729031 0.015665 0.255304
21128 0.157803 0.165331 0.676867
22163 0.104913 0.309193 0.585894
22518 0.271300 0.583884 0.144815
23153 0.035881 0.072788 0.891331
21127 0.296816 0.193874 0.509311
1063 0.059744 0.694366 0.245889
20926 0.452006 0.249625 0.298369
22592 0.361119 0.123096 0.515786
7046 0.223088 0.660065 0.116847
20914 0.223786 0.170568 0.605646
6536 0.041790 0.840318 0.117892
6260 0.516430 0.304770 0.178800
23721 0.705715 0.209191 0.085094
23701 0.181070 0.150695 0.668235
21252 0.554441 0.408797 0.036762
22479 0.818225 0.075811 0.105964
5847 0.469985 0.076932 0.453083
980 0.609350 0.336821 0.053829
6653 0.285569 0.254398 0.460034
7157 0.574473 0.358277 0.067250
7153 0.069845 0.093151 0.837004
7131 0.465255 0.338483 0.196263
21053 0.052239 0.126717 0.821043
20961 0.778485 0.156170 0.065345
5882 0.228371 0.119643 0.651987
5881 0.242473 0.222300 0.535227
21537 0.381492 0.371402 0.247106
22181 0.268948 0.049720 0.681332
6652 0.240402 0.250911 0.508688
980 1.000000 0.000000 0.000000
22577 0.192602 0.639515 0.167883
980 0.318910 0.119022 0.562068
21116 0.849098 0.092140 0.058762
20928 0.273547 0.629881 0.096572
7061 0.140694 0.814450 0.044856
7091 0.392990 0.533697 0.073313
22555 0.699945 0.102723 0.197332
6525 0.315997 0.159950 0.524053
7241 0.298380 0.315053 0.386567
22469 0.431897 0.017318 0.550785
7263 0.014707 0.928181 0.057111
22733 0.689298 0.116875 0.193827
22421 0.858490 0.122547 0.018963
6643 0.198016 0.454162 0.347822
1508 0.580586 0.044026 0.375388
19215 0.340467 0.270922 0.388611
21093 0.571090 0.292422 0.136488
7137 0.483607 0.148066 0.368327
7150 0.168330 0.812449 0.019221
7105 0.176614 0.779538 0.043848
21054 0.292414 0.346337 0.361249
5885 0.061484 0.485303 0.453212
5883 0.057767 0.534047 0.408186
5884 0.151137 0.639201 0.209662
20904 0.306230 0.037195 0.656575
7065 0.476222 0.048533 0.475245
7069 0.052364 0.443592 0.504043
20901 0.240969 0.424439 0.334592
20903 0.850916 0.136328 0.012756
20910 0.369411 0.042782 0.587807
6850 0.195999 0.138271 0.665729
7098 0.364277 0.049598 0.586125
23151 0.252232 0.021089 0.726679
20969 0.139597 0.505235 0.355168
22565 0.530506 0.002314 0.467181
23758 0.011759 0.909445 0.078796
22779 0.550321 0.236288 0.213391
6691 0.062264 0.206232 0.731503
1064 0.078647 0.610038 0.311315
5807 0.695679 0.240117 0.064204
6693 0.051716 0.456997 0.491286
21109 0.094744 0.114622 0.790633
21112 0.324028 0.271817 0.404155
5822 0.521697 0.082108 0.396195
1058 0.446428 0.058445 0.495127
6497 0.282834 0.473108 0.244058
6273 0.025891 0.070008 0.904101
23149 0.534782 0.459633 0.005585
5849 0.033635 0.950569 0.015796
21120 0.304219 0.533952 0.161829
5817 0.011304 0.538233 0.450463
5796 0.268319 0.577935 0.153746
1082 0.257335 0.412507 0.330158
1070 0.524981 0.419322 0.055696
22103 0.144453 0.541122 0.314425
1050 0.037108 0.773235 0.189657
21131 0.390892 0.463615 0.145493
6161 0.000000 0.909035 0.090965
1044 0.338491 0.130643 0.530865
5824 0.335191 0.596922 0.067887
22886 0.198131 0.493015 0.308854
22870 0.598966 0.354746 0.046287
6702 0.143421 0.166495 0.690085
23383 0.151748 0.419365 0.428887
22033 0.144472 0.047168 0.808360
23458 0.603467 0.258086 0.138448
6193 0.177782 0.811362 0.010855
23288 0.331665 0.376834 0.291502
6185 0.482643 0.414976 0.102381
23302 0.473262 0.436513 0.090225
6209 0.341231 0.041786 0.616983
5946 0.242219 0.051317 0.706464
6147 0.106493 0.022595 0.870912
5669 0.070179 0.307329 0.622492
19261 0.441386 0.279661 0.278953
23211 0.276560 0.479816 0.243625
20519 0.451666 0.054353 0.493981
24006 0.570513 0.146438 0.283048
6287 0.140679 0.739092 0.120229
23451 0.023691 0.312380 0.663929
5703 0.614649 0.374969 0.010382
23725 0.282056 0.125140 0.592804
6304 0.202229 0.731857 0.065914
6319 0.206955 0.581645 0.211401
23705 0.331440 0.367472 0.301087
23783 0.033124 0.448933 0.517944
23780 0.346701 0.419368 0.233931
23753 0.054768 0.764923 0.180309
7051 0.514056 0.381248 0.104696
16243 0.141608 0.528574 0.329818
22031 0.725763 0.252681 0.021556
22863 0.271937 0.241747 0.486316
22871 0.137771 0.698622 0.163607
22883 0.110938 0.219493 0.669570
6518 0.710847 0.200501 0.088651
6540 0.159325 0.397603 0.443072
6553 0.016048 0.571912 0.412040
22070 0.647299 0.063623 0.289079
6333 0.116860 0.799735 0.083405
7076 0.505098 0.123440 0.371462
23109 0.184707 0.788481 0.026812
6580 0.101957 0.845669 0.052374
22071 0.206040 0.189030 0.604930
6330 0.048926 0.455269 0.495806
7133 0.137031 0.592931 0.270038
5851 0.462536 0.446290 0.091174
6528 0.070002 0.149302 0.780697
23114 0.070955 0.742471 0.186574
23728 0.867460 0.059373 0.073167
21259 0.733601 0.038008 0.228391
23155 0.621645 0.218470 0.159884
6467 0.026999 0.476650 0.496351
6328 0.606826 0.088453 0.304720
6296 0.176659 0.626726 0.196615
21260 0.206642 0.487358 0.306000
23070 0.301515 0.194551 0.503934
6468 0.786202 0.144176 0.069622
6327 0.261711 0.093415 0.644874
23746 0.289489 0.233849 0.476662
23280 0.683652 0.065005 0.251343
6576 0.656669 0.220381 0.122951
23988 0.004165 0.543061 0.452774
6552 0.199633 0.342787 0.457580
6014 0.080066 0.263921 0.656013
21216 0.245652 0.676902 0.077446
6507 0.846460 0.042184 0.111356
23366 0.955440 0.036555 0.008005
1227 0.121620 0.488774 0.389606
23990 0.005647 0.707097 0.287255
22132 0.206545 0.731756 0.061699
1079 0.324352 0.152564 0.523084
20251 0.072647 0.602479 0.324874
6511 0.151987 0.048621 0.799392
6278 0.137712 0.418247 0.444041
21202 0.522228 0.136711 0.341061
2158 0.533411 0.156914 0.309675
6512 0.440867 0.231912 0.327220
24018 0.366700 0.090956 0.542344
1076 0.108523 0.293533 0.597944
22514 0.361343 0.024212 0.614445
6495 0.617795 0.255154 0.127051
24012 0.449444 0.207104 0.343451
23969 0.211878 0.199841 0.588281
6287 0.000000 0.759047 0.240953
6146 0.294606 0.705394 0.000000
5706 0.356965 0.216341 0.426693
6109 0.739986 0.167685 0.092329
5661 0.315173 0.566581 0.118247
23174 0.247845 0.590969 0.161186
5670 0.754503 0.162808 0.082689
23170 0.158064 0.036381 0.805555
23311 0.591451 0.024377 0.384173
6142 0.081075 0.056584 0.862341
23982 0.248061 0.527280 0.224659
23305 0.232425 0.405030 0.362544
6225 0.224590 0.653920 0.121489
6215 0.799291 0.042468 0.158241
23425 0.036651 0.508255 0.455095
1184 0.610541 0.343818 0.045641
23615 0.144194 0.596316 0.259489
1169 0.019849 0.732543 0.247608
1165 0.692759 0.257938 0.049303
6335 0.092573 0.786807 0.120621
1619 0.242997 0.290697 0.466306
1709 0.435915 0.420499 0.143586
6471 0.602288 0.046482 0.351230
7063 0.210685 0.226333 0.562982
7062 0.330383 0.032706 0.636911
20932 0.187639 0.180828 0.631533
6848 0.261677 0.704140 0.034183
6849 0.579673 0.159974 0.260352
6883 0.246115 0.224888 0.528997
6880 0.198971 0.612350 0.188679
7096 0.593263 0.293323 0.113414
20907 0.023824 0.289061 0.687115
23134 0.052174 0.151501 0.796326
5840 0.033570 0.944362 0.022068
20948 0.077710 0.809724 0.112566
22808 0.181503 0.579968 0.238529
22780 0.299736 0.320692 0.379572
21101 0.326241 0.170424 0.503336
6480 0.554634 0.200684 0.244682
7088 0.223866 0.546845 0.229288
22558 0.688541 0.186836 0.124624
6524 0.246424 0.337473 0.416103
7240 0.406082 0.087942 0.505975
22470 0.470736 0.285319 0.243944
7222 0.552798 0.123454 0.323748
6479 0.019208 0.282347 0.698446
22524 0.006176 0.461434 0.532390
22526 0.747382 0.042927 0.209691
6846 0.264067 0.310324 0.425609
6882 0.505436 0.106096 0.388468
6881 0.364247 0.519464 0.116289
6477 0.188640 0.082403 0.728957
20956 0.157321 0.237761 0.604919
5860 0.347044 0.104377 0.548579
23146 0.351133 0.037887 0.610980
5838 0.735541 0.087500 0.176959
5835 0.439591 0.538638 0.021771
6571 0.061385 0.465065 0.473550
6570 0.385939 0.537843 0.076218
5858 0.646536 0.036046 0.317418
23147 0.077225 0.262449 0.660325
23260 0.072169 0.128579 0.799252
23239 0.130048 0.545795 0.324157
7080 0.386123 0.062501 0.551377
7081 0.659938 0.091663 0.248399
6892 0.798798 0.147448 0.053754
5843 0.684816 0.140707 0.174477
23261 0.290614 0.122951 0.586435
23262 0.286337 0.581483 0.132181
20974 0.465827 0.099460 0.434713
22464 0.292984 0.128203 0.578813
22460 0.380161 0.162896 0.456943
6618 0.296920 0.208628 0.494452
22503 0.516960 0.192028 0.291012
6619 0.332733 0.115078 0.552189
6930 0.427352 0.065130 0.507518
7243 0.181930 0.055037 0.763033
6697 0.706687 0.222194 0.071120
6617 0.095260 0.083967 0.820773
22504 0.614003 0.309105 0.076891
6620 0.255859 0.377101 0.367041
7232 0.604279 0.038790 0.356930
22737 0.353892 0.003144 0.642964
1555 0.239540 0.700417 0.060043
22724 0.649921 0.213066 0.137013
22499 0.620448 0.181430 0.198122
6623 0.259101 0.468611 0.272288
20998 0.079097 0.914767 0.006136
7268 0.511484 0.425623 0.062893
7221 0.169960 0.613918 0.216123
22490 0.783973 0.043603 0.172423
22491 0.269797 0.582362 0.147841
22496 0.727683 0.223008 0.049309
6625 0.233942 0.752610 0.013449
6624 0.351981 0.637931 0.010089
7110 0.092695 0.235274 0.672031
7145 0.044566 0.823772 0.131662
1788 0.298322 0.616265 0.085413
15636 0.450629 0.385773 0.163598
15617 0.070458 0.735596 0.193946
15546 0.983863 0.008858 0.007279
1497 0.757791 0.165176 0.077033
22700 0.540053 0.459870 0.000077
1809 0.649425 0.156416 0.194159
19970 0.787753 0.137885 0.074362
1410 0.224779 0.673537 0.101683
15550 0.268418 0.127374 0.604208
15522 0.129120 0.814641 0.056239
15549 0.445120 0.263518 0.291362
1568 0.045099 0.517874 0.437027
1564 0.169986 0.555171 0.274843
1766 0.300863 0.146342 0.552795
2111 1.000000 0.000000 0.000000
19962 0.064017 0.456919 0.479064
20074 0.000732 0.371090 0.628178
22439 0.538262 0.310179 0.151560
22403 0.011768 0.339871 0.648361
22426 0.759907 0.010461 0.229632
6608 0.234915 0.192011 0.573074
21103 0.182065 0.627015 0.190919
7144 0.337742 0.267520 0.394738
7147 0.500447 0.462663 0.036890
21094 0.513387 0.193196 0.293416
19216 0.379381 0.039099 0.581520
1511 0.069617 0.177295 0.753088
19218 0.271713 0.012587 0.715700
6669 0.700998 0.121322 0.177681
22430 0.171944 0.067507 0.760549
7252 0.692459 0.212734 0.094806
22745 0.248706 0.294111 0.457184
22738 0.697659 0.029185 0.273156
7183 0.645987 0.109407 0.244606
22413 0.139801 0.003726 0.856473
7179 0.110213 0.724073 0.165714
7251 0.418730 0.000383 0.580887
6589 0.155644 0.572776 0.271580
6680 0.486879 0.234825 0.278296
22449 0.288476 0.186275 0.525249
7277 0.197645 0.673976 0.128379
7295 0.378672 0.168378 0.452950
7298 0.205083 0.459653 0.335263
22703 0.544727 0.151266 0.304007
7287 0.291311 0.160714 0.547975
22792 0.056680 0.587214 0.356106
7351 0.601674 0.282186 0.116140
6599 0.269164 0.016990 0.713846
6594 1.000000 0.000000 0.000000
7278 0.051340 0.673899 0.274761
7296 0.465856 0.225245 0.308899
22631 0.114083 0.335698 0.550218
22707 0.130340 0.435705 0.433955
7290 0.394707 0.115233 0.490060
22791 0.094633 0.555246 0.350121
7190 0.588829 0.401774 0.009397
6685 0.021047 0.746952 0.232002
6689 0.413573 0.170958 0.415469
22711 0.324978 0.138843 0.536179
22633 0.057188 0.409944 0.532868
22632 0.422909 0.205947 0.371144
22706 0.335199 0.047141 0.617661
22708 0.470556 0.011658 0.517786
22796 0.575476 0.152013 0.272511
22793 0.605872 0.210885 0.183242
19969 0.414197 0.412092 0.173711
22438 0.082239 0.223475 0.694286
22453 0.032294 0.161301 0.806404
7360 0.704021 0.103397 0.192583
7341 0.567347 0.085828 0.346824
22647 0.616781 0.098347 0.284872
7348 0.430061 0.257952 0.311987
22652 0.127307 0.780451 0.092242
22795 0.304583 0.460731 0.234687
22794 0.545594 0.430443 0.023963
6673 0.470462 0.058583 0.470955
7336 0.377342 0.615723 0.006935
7362 0.480356 0.163927 0.355718
7342 0.361260 0.283981 0.354760
7343 0.213026 0.684960 0.102015
7347 0.516087 0.184414 0.299498
7338 0.768004 0.200018 0.031979
7388 0.460223 0.322154 0.217623
23710 0.125294 0.838345 0.036361
23717 0.378028 0.610766 0.011206
7368 0.583343 0.207858 0.208798
22623 0.411785 0.576570 0.011645
22626 0.426307 0.406013 0.167680
22619 0.135384 0.541544 0.323073
22659 0.379076 0.256838 0.364086
22662 0.197934 0.433534 0.368532
22797 0.336301 0.445963 0.217736
7353 0.549875 0.146741 0.303385
6584 0.167117 0.487592 0.345291
6973 0.127625 0.462211 0.410164
6977 0.629322 0.279781 0.090897
23890 0.110546 0.629255 0.260199
23889 0.343132 0.612914 0.043954
6987 0.055458 0.868707 0.075835
23818 0.282673 0.574289 0.143038
7029 0.324867 0.079090 0.596043
23851 0.413744 0.131356 0.454900
23850 0.516428 0.187948 0.295624
22410 0.042311 0.299010 0.658680
7366 0.168825 0.426506 0.404669
7378 0.245098 0.123849 0.631054
22666 0.583404 0.216449 0.200147
7384 0.665282 0.068078 0.266641
7374 0.779467 0.172191 0.048342
22660 0.209732 0.495269 0.294999
7387 0.503923 0.363395 0.132681
7355 0.466897 0.029099 0.504004
22486 0.230149 0.757114 0.012737
23723 0.662796 0.276618 0.060586
6971 0.380208 0.011524 0.608269
7026 0.274053 0.229412 0.496535
7023 0.151844 0.503805 0.344351
23828 0.435983 0.427707 0.136310
7027 0.435563 0.031280 0.533157
23820 0.426280 0.445271 0.128449
7244 0.410221 0.416316 0.173464
22448 0.628855 0.159844 0.211301
7329 0.247026 0.723490 0.029484
7300 0.323204 0.063129 0.613667
22636 0.515704 0.362459 0.121837
7247 0.366120 0.062319 0.571562
22698 0.145712 0.740534 0.113754
6957 0.791911 0.192337 0.015752
22638 0.101125 0.656228 0.242648
22635 0.058206 0.300401 0.641392
22763 0.112731 0.621779 0.265489
22723 0.934119 0.016550 0.049331
23707 0.015091 0.236214 0.748694
6947 0.407338 0.573004 0.019658
6946 0.792599 0.028231 0.179170
22454 0.103208 0.485715 0.411077
7326 0.885091 0.098270 0.016638
23795 0.032142 0.808425 0.159433
6944 0.437479 0.436925 0.125596
23903 0.652789 0.224403 0.122808
6696 0.272552 0.090197 0.637252
6970 0.074413 0.224219 0.701368
6966 0.108445 0.022839 0.868716
6955 0.462999 0.252695 0.284306
23906 0.455599 0.195889 0.348511
6650 0.679795 0.186482 0.133724
22582 0.412886 0.256436 0.330678
21084 0.017919 0.725811 0.256270
6952 0.496025 0.063389 0.440586
23891 0.094795 0.802420 0.102786
22580 0.667172 0.194197 0.138630
22581 0.189225 0.515450 0.295325
21083 0.297858 0.399019 0.303123
23893 0.144177 0.367802 0.488021
7041 0.807116 0.148320 0.044564
6649 0.012932 0.465779 0.521289
6959 0.047470 0.652633 0.299897
21090 0.226409 0.171540 0.602051
7126 0.474389 0.473267 0.052344
7036 0.731334 0.106266 0.162400
7040 0.016615 0.562307 0.421078
7352 0.591519 0.112326 0.296155
6988 0.266969 0.293863 0.439169
23840 0.509877 0.201053 0.289070
6997 0.446702 0.088433 0.464865
23847 0.520828 0.079835 0.399337
23846 0.531317 0.131730 0.336953
23817 0.569108 0.306586 0.124306
7032 0.591723 0.000048 0.408229
7039 0.621593 0.023199 0.355208
7349 0.423025 0.569307 0.007668
7292 0.645261 0.121794 0.232945
23854 0.617283 0.101037 0.281680
6939 0.638784 0.064283 0.296933
23911 0.256244 0.576259 0.167497
7294 0.466703 0.503186 0.030112
23884 0.595205 0.033766 0.371029
23853 0.576967 0.162685 0.260348
6999 0.608597 0.025218 0.366186
23862 0.135727 0.541585 0.322688
6935 0.583394 0.177979 0.238628
6998 0.270231 0.358843 0.370926
6933 0.590745 0.398857 0.010397
7016 0.674345 0.145569 0.180086
23864 0.545830 0.332555 0.121615
6931 0.882429 0.097912 0.019659
22786 0.870200 0.114436 0.015364
1750 0.103001 0.682883 0.214116
1755 0.050542 0.314462 0.634997
7197 0.943229 0.056771 0.000000
22781 0.768359 0.082707 0.148934
23696 0.490973 0.091684 0.417343
22785 0.390017 0.100449 0.509534
23839 0.060932 0.280740 0.658327
1825 0.932861 0.037059 0.030080
23265 0.025828 0.408218 0.565954
23835 0.037585 0.885655 0.076760
15888 0.530750 0.369057 0.100193
7187 0.361207 0.137143 0.501650
22817 0.234203 0.612746 0.153051
15703 0.343252 0.360164 0.296583
16138 0.413632 0.311362 0.275006
22821 0.289243 0.600639 0.110118
22813 0.561557 0.229619 0.208824
15640 0.253747 0.280302 0.465951
16133 0.190802 0.342285 0.466912
22824 0.013200 0.594305 0.392495
7213 0.406936 0.270390 0.322675
1786 0.650370 0.197841 0.151790
1743 0.643125 0.168042 0.188833
7311 0.243710 0.240156 0.516134
22685 0.467589 0.278707 0.253704
1747 0.139716 0.633544 0.226740
1738 0.671702 0.217569 0.110729
22680 0.377467 0.016367 0.606165
1734 0.031817 0.776837 0.191346
22676 0.495691 0.195512 0.308797
1746 0.672042 0.071972 0.255986
7306 0.375656 0.066576 0.557768
16084 0.497826 0.109715 0.392459
22006 0.285229 0.228140 0.486631
22147 0.202212 0.392865 0.404923
22137 0.442869 0.184735 0.372395
16112 0.420529 0.421872 0.157599
22013 0.582699 0.071446 0.345855
16105 0.499360 0.473342 0.027298
15678 0.375943 0.202672 0.421385
1788 0.932570 0.021110 0.046320
15617 0.165100 0.091081 0.743819
1574 0.191810 0.503612 0.304579
16147 0.396087 0.417509 0.186403
5958 0.689167 0.165025 0.145808
5951 0.341524 0.461737 0.196740
5988 0.483859 0.092542 0.423599
5987 0.016015 0.386109 0.597876
16106 0.004723 0.495627 0.499650
1405 0.416551 0.489794 0.093655
16087 0.377569 0.609006 0.013425
5993 0.281577 0.458777 0.259646
22146 0.253543 0.281982 0.464475
5962 0.236507 0.644123 0.119370
15654 0.790561 0.034895 0.174544
22829 0.006971 0.715694 0.277335
16251 0.144235 0.088784 0.766981
7196 0.201552 0.520284 0.278164
20066 0.194857 0.714871 0.090273
20071 0.546731 0.115642 0.337627
20555 0.227844 0.344907 0.427249
20541 0.294808 0.000000 0.705192
2267 0.021724 0.969226 0.009050
20115 0.209645 0.488569 0.301786
20561 0.051383 0.604074 0.344543
20573 0.189893 0.738434 0.071673
1913 0.534700 0.175242 0.290059
1957 0.757592 0.186536 0.055873
20036 0.158771 0.808093 0.033136
2252 0.488104 0.013320 0.498576
2259 0.020420 0.922064 0.057516
20040 0.642208 0.057195 0.300597
2287 0.342733 0.036137 0.621130
2301 0.170091 0.466357 0.363551
2253 0.035527 0.029529 0.934944
2278 0.163065 0.588082 0.248852
2256 0.242926 0.000000 0.757074
20078 0.430777 0.219462 0.349761
2282 0.201097 0.371401 0.427502
2216 0.175789 0.145664 0.678547
20097 0.163896 0.217092 0.619012
2288 0.764598 0.099509 0.135894
7007 0.150131 0.332698 0.517171
22784 0.157080 0.543541 0.299379
2197 0.088456 0.156158 0.755385
20069 0.491578 0.268806 0.239616
2079 0.354678 0.042310 0.603012
2226 0.523928 0.059460 0.416611
2201 0.394561 0.605439 0.000000
2196 0.389823 0.127589 0.482587
2244 0.271930 0.546915 0.181155
20062 0.295331 0.137774 0.566895
1959 0.226568 0.174035 0.599397
20495 0.145568 0.104615 0.749817
2194 0.526469 0.300205 0.173325
20093 0.253239 0.585855 0.160906
20526 0.124109 0.745133 0.130758
20523 0.255320 0.618361 0.126319
20493 0.427846 0.244636 0.327517
1952 0.291119 0.557691 0.151190
7006 0.287540 0.480814 0.231646
7010 0.872241 0.083830 0.043930
7332 0.100155 0.640294 0.259551
5974 0.212923 0.193119 0.593958
2083 0.213725 0.141499 0.644776
1664 0.664571 0.096183 0.239247
19942 0.609024 0.043966 0.347010
20052 0.583357 0.166785 0.249859
2251 0.690138 0.000000 0.309862
2262 0.631207 0.249833 0.118959
2256 0.216504 0.609555 0.173941
15614 0.233795 0.425592 0.340613
15643 0.293759 0.661152 0.045088
16222 0.120820 0.551082 0.328098
1659 0.079683 0.902007 0.018310
1669 0.199485 0.432592 0.367923
1657 0.286941 0.336266 0.376793
1629 0.377161 0.449680 0.173159
22135 0.475336 0.020853 0.503811
19973 0.166916 0.761427 0.071657
19964 0.352585 0.020081 0.627334
2163 0.656082 0.332951 0.010967
20086 0.669687 0.166233 0.164080
2107 0.583542 0.196851 0.219607
6001 0.539453 0.401283 0.059264
19978 0.037024 0.108272 0.854704
2113 0.000000 0.210503 0.789497
2192 0.035940 0.584004 0.380055
2274 0.067280 0.080706 0.852014
19979 0.403346 0.291094 0.305560
5998 0.365238 0.021899 0.612863
5985 0.482024 0.480000 0.037976
1796 0.401590 0.226193 0.372217
19237 0.767164 0.019755 0.213081
1406 0.908801 0.053101 0.038098
15547 0.580156 0.229225 0.190618
15664 0.736422 0.078855 0.184723
1809 0.000000 0.633257 0.366743
19231 0.169117 0.067306 0.763577
19225 1.000000 0.000000 0.000000
19356 0.589029 0.000974 0.409997
1558 0.106728 0.066419 0.826853
1514 0.503164 0.443866 0.052969
1576 0.213574 0.144154 0.642272
1417 0.434101 0.157612 0.408287
15651 0.036510 0.244893 0.718598
1447 0.862406 0.137594 0.000000
16108 0.150068 0.033265 0.816667
20029 0.763400 0.119729 0.116871
20089 0.088770 0.067760 0.843470
1815 0.078813 0.434559 0.486628
15624 0.615820 0.147955 0.236224
1456 0.135791 0.002505 0.861704
15686 0.447693 0.056505 0.495802
1792 0.228515 0.114066 0.657419
2125 0.900519 0.063129 0.036352
19967 0.381366 0.000000 0.618634
1585 0.316145 0.606439 0.077416
1771 0.330467 0.629575 0.039958
1412 0.252706 0.306966 0.440329
1605 0.478688 0.334364 0.186948
1602 0.711708 0.065870 0.222422
15525 0.451599 0.376959 0.171442
19222 0.242580 0.520017 0.237403
1614 0.255102 0.683601 0.061297
19240 0.421305 0.571056 0.007639
1612 0.396154 0.031308 0.572538
1478 0.217786 0.193187 0.589027
19208 0.084939 0.565437 0.349624
19205 0.198456 0.371148 0.430396
15526 0.121115 0.454357 0.424527
23008 0.696191 0.291199 0.012609
3511 0.384323 0.213270 0.402408
18178 0.769467 0.139696 0.090837
3640 0.153940 0.089433 0.756628
18163 0.079017 0.117612 0.803371
3656 0.855596 0.025070 0.119334
3676 0.137721 0.634355 0.227924
18146 0.198304 0.412385 0.389311
18171 0.169044 0.770715 0.060241
18248 0.704633 0.087718 0.207649
3687 0.728978 0.105922 0.165100
3586 0.046513 0.151641 0.801847
3584 0.390306 0.587779 0.021915
3629 0.140530 0.045849 0.813621
3589 0.000000 1.000000 0.000000
3593 0.614972 0.137793 0.247235
3637 0.166597 0.269584 0.563820
18100 0.300005 0.444209 0.255786
20258 0.509718 0.014585 0.475697
3443 0.843682 0.141033 0.015285
20273 0.619690 0.335326 0.044984
20272 0.334413 0.551475 0.114113
3434 0.015553 0.232361 0.752086
20265 0.251565 0.619295 0.129140
3361 0.055158 0.939323 0.005519
20300 0.199224 0.408146 0.392630
20283 0.744157 0.013221 0.242622
3369 0.479099 0.163522 0.357379
20264 0.411440 0.133098 0.455463
6419 0.080603 0.753820 0.165576
1152 0.871381 0.034470 0.094149
1118 0.547494 0.265164 0.187342
5549 0.525344 0.448319 0.026337
5568 0.261741 0.577585 0.160673
21312 0.622127 0.128140 0.249733
1122 0.881273 0.077807 0.040920
5572 0.730852 0.123435 0.145713
5600 0.108434 0.749954 0.141612
5609 0.111542 0.672806 0.215652
21311 0.204469 0.219606 0.575925
5567 0.749408 0.077251 0.173341
24104 0.100420 0.158461 0.741119
21135 0.892963 0.033714 0.073324
21266 0.096093 0.662254 0.241653
24030 0.175023 0.099257 0.725721
6416 0.068644 0.139604 0.791753
21214 0.354461 0.047649 0.597890
24105 0.113043 0.426663 0.460295
21138 0.547219 0.013047 0.439734
24027 0.668829 0.028872 0.302300
21272 0.076067 0.139011 0.784922
5644 0.588056 0.309047 0.102897
3430 0.054285 0.811680 0.134036
1891 0.147564 0.095080 0.757356
2026 0.487330 0.420048 0.092622
18119 0.576671 0.094889 0.328439
18417 0.458108 0.275493 0.266399
18400 0.601189 0.304889 0.093922
3641 0.321079 0.547093 0.131828
21972 0.677995 0.303454 0.018551
3608 0.449544 0.346902 0.203554
3587 0.309802 0.231895 0.458303
21239 0.378179 0.354933 0.266888
3429 0.115829 0.239174 0.644997
1892 0.132569 0.618333 0.249097
20623 0.270244 0.567546 0.162209
18397 0.224495 0.221443 0.554061
18401 0.002426 0.238193 0.759381
3642 0.913597 0.034460 0.051943
23037 0.376651 0.584796 0.038553
3272 0.057106 0.337850 0.605044
1871 0.654856 0.245891 0.099253
1890 0.774004 0.080982 0.145014
5915 0.187086 0.519640 0.293273
5649 0.166837 0.768766 0.064396
20161 0.208572 0.236622 0.554806
1135 0.000000 0.193566 0.806434
18221 0.776477 0.082508 0.141016
18464 0.203554 0.668078 0.128368
5645 0.075653 0.549972 0.374376
22017 0.149270 0.121074 0.729656
5616 0.080616 0.427164 0.492219
20184 0.213709 0.623205 0.163086
3487 0.022003 0.834016 0.143981
5900 0.037059 0.879336 0.083605
977 0.553275 0.372283 0.074442
20126 0.391966 0.128188 0.479846
3484 0.050222 0.929527 0.020251
1108 0.763054 0.065309 0.171637
19201 0.234605 0.363060 0.402335
18231 0.252232 0.527778 0.219990
3345 0.015192 0.470664 0.514145
3348 0.379023 0.494829 0.126148
18194 0.031845 0.384906 0.583249
20175 0.141936 0.011549 0.846515
22056 0.127413 0.045016 0.827571
3244 0.040120 0.369015 0.590865
18390 0.084076 0.348859 0.567064
18393 0.453352 0.109957 0.436691
3270 0.217483 0.231916 0.550601
3410 0.331231 0.288558 0.380210
5715 0.188223 0.389405 0.422373
21146 0.100923 0.761067 0.138010
18449 0.589793 0.194571 0.215635
3519 0.720841 0.186005 0.093154
961 0.492021 0.507979 0.000000
960 0.234114 0.644966 0.120920
5904 0.634973 0.215789 0.149238
21981 0.692085 0.180373 0.127542
958 0.153543 0.652448 0.194010
3337 0.019025 0.671357 0.309618
21286 0.558642 0.174828 0.266530
3276 0.127482 0.305811 0.566707
21309 0.586396 0.356272 0.057332
20125 0.092935 0.538698 0.368367
974 0.152326 0.340791 0.506883
21990 0.162590 0.546781 0.290630
5897 0.115880 0.514373 0.369747
21307 0.452656 0.383384 0.163960
5626 0.131539 0.705454 0.163007
3236 0.252048 0.626359 0.121592
5604 0.034009 0.713692 0.252299
3457 0.865116 0.025316 0.109568
3325 0.093743 0.676399 0.229858
20582 0.228686 0.766632 0.004682
20644 0.207224 0.731078 0.061699
3478 0.177404 0.756369 0.066227
20637 0.771147 0.158095 0.070758
1851 0.184722 0.019991 0.795287
20146 0.443845 0.105391 0.450764
20165 0.832521 0.035204 0.132275
1897 0.273772 0.096626 0.629602
20604 0.199034 0.679125 0.121841
22052 0.654071 0.281178 0.064751
20131 0.113031 0.239635 0.647334
20651 0.166602 0.798701 0.034696
2036 0.334173 0.108106 0.557721
21991 0.089930 0.655680 0.254390
2040 0.008919 0.491331 0.499750
2044 0.031027 0.282803 0.686170
20597 0.276385 0.278367 0.445248
1877 0.286610 0.012462 0.700929
21152 0.230503 0.158049 0.611448
22969 0.323722 0.216936 0.459342
1103 0.096149 0.678887 0.224964
5910 0.856115 0.043137 0.100748
21141 0.403877 0.300582 0.295541
18412 0.251659 0.233432 0.514909
1127 0.039199 0.086419 0.874382
18378 0.215552 0.118669 0.665779
3515 0.309999 0.656461 0.033541
18151 0.780179 0.166277 0.053545
3644 0.450264 0.354673 0.195063
3309 0.826550 0.173450 0.000000
18182 0.000000 0.314269 0.685731
3654 0.513477 0.378788 0.107735
3656 0.244519 0.580505 0.174976
18147 0.269553 0.553341 0.177106
18172 0.539845 0.095948 0.364207
18263 0.723066 0.109639 0.167296
18173 0.563291 0.252597 0.184112
3588 0.365057 0.476837 0.158105
3585 0.169158 0.106509 0.724333
3583 0.303912 0.430610 0.265478
18120 0.462971 0.269706 0.267322
18136 0.092447 0.406749 0.500804
3595 0.202374 0.000000 0.797626
18108 0.484679 0.069143 0.446178
3554 0.526548 0.448746 0.024706
18255 0.040003 0.225016 0.734980
3634 0.346152 0.414470 0.239378
3635 0.072396 0.376446 0.551158
18282 0.375385 0.081754 0.542861
3502 0.291692 0.234312 0.473997
18158 0.037000 0.818930 0.144069
18168 0.016097 0.145356 0.838547
18244 0.727715 0.120990 0.151295
3651 0.038854 0.876561 0.084585
18237 0.138856 0.567591 0.293553
3465 0.379833 0.030290 0.589876
18276 0.007126 0.280864 0.712009
18249 0.809185 0.102764 0.088051
3620 0.431278 0.403963 0.164760
3304 0.332514 0.010508 0.656978
18270 0.501838 0.125409 0.372754
18267 0.325123 0.629039 0.045838
3617 0.368235 0.028080 0.603685
3320 0.021649 0.512632 0.465719
18206 0.228730 0.081880 0.689390
3298 0.148367 0.215038 0.636595
20666 0.160498 0.070516 0.768987
20625 0.305160 0.126218 0.568622
20514 0.008948 0.511380 0.479672
2032 0.358732 0.366372 0.274896
1901 0.693231 0.271813 0.034957
1849 0.128595 0.063943 0.807462
20634 0.174434 0.110049 0.715517
20636 0.135687 0.108434 0.755879
20643 0.827315 0.140614 0.032071
20654 0.328599 0.172422 0.498980
1884 0.229239 0.452886 0.317875
23704 0.597041 0.241692 0.161267
23765 0.564319 0.030466 0.405215
1232 0.008456 0.706173 0.285370
23750 0.570771 0.338302 0.090927
23882 0.120956 0.559137 0.319906
23285 0.107667 0.403557 0.488775
6303 0.100841 0.667167 0.231992
23881 0.620290 0.075246 0.304464
1231 0.784312 0.056588 0.159100
6828 0.799782 0.177716 0.022502
6715 0.306893 0.558033 0.135075
20895 0.067086 0.407277 0.525637
6716 0.267075 0.288511 0.444414
20892 0.406421 0.195470 0.398109
23761 0.110310 0.108098 0.781592
23736 0.133804 0.501086 0.365110
23735 0.357160 0.034654 0.608187
23738 0.095427 0.350137 0.554436
23273 0.213822 0.382288 0.403890
6291 0.875406 0.048011 0.076583
6301 0.606681 0.099078 0.294240
6166 0.850137 0.038262 0.111601
23299 0.025430 0.284112 0.690459
23745 0.032954 0.439792 0.527254
5754 0.446966 0.090166 0.462869
5677 0.058390 0.804837 0.136773
24048 0.788259 0.171941 0.039800
24050 0.344111 0.099629 0.556260
6293 0.054396 0.762930 0.182674
23195 0.344149 0.340064 0.315787
5760 0.175536 0.316290 0.508175
6095 0.275503 0.357824 0.366673
6173 0.332708 0.033747 0.633545
23315 0.150880 0.289004 0.560116
24005 0.601347 0.256450 0.142204
23899 0.455231 0.250201 0.294567
23809 0.362884 0.063998 0.573118
5687 0.170002 0.696742 0.133256
23163 0.282012 0.079565 0.638423
23413 0.045361 0.621635 0.333004
6171 0.385957 0.429150 0.184892
24024 0.781470 0.022736 0.195794
6351 0.806177 0.137315 0.056508
23979 0.593838 0.131170 0.274992
5672 0.708336 0.041506 0.250158
23870 0.666325 0.107909 0.225766
23874 0.439068 0.369314 0.191618
23290 0.264611 0.661245 0.074143
23778 0.024439 0.243365 0.732196
5753 0.223964 0.067680 0.708356
6004 0.104317 0.277506 0.618177
6016 0.638675 0.100230 0.261096
23971 0.314892 0.548546 0.136562
23194 0.176231 0.708377 0.115392
5921 0.637123 0.184779 0.178098
6011 0.157330 0.223444 0.619226
23775 0.024462 0.470198 0.505340
6094 0.764119 0.041143 0.194738
6061 0.000000 0.253455 0.746545
6148 0.000000 0.575728 0.424272
23446 0.805116 0.194616 0.000269
23772 0.380187 0.562571 0.057241
23442 0.703761 0.151245 0.144995
6131 0.093855 0.662013 0.244132
23463 0.067773 0.147565 0.784662
6189 0.279243 0.651788 0.068969
5925 0.396794 0.114934 0.488272
6054 0.012877 0.861903 0.125220
5940 0.034768 0.917588 0.047644
16182 0.797562 0.109455 0.092983
5941 0.458099 0.423799 0.118103
6727 0.230583 0.442377 0.327040
16184 0.050710 0.598790 0.350500
1635 0.589169 0.353980 0.056851
23363 0.025583 0.489270 0.485147
23464 0.879573 0.031619 0.088808
22837 0.050327 0.352749 0.596924
6090 0.000000 0.688126 0.311874
6035 0.672318 0.062406 0.265277
22037 0.282179 0.234852 0.482970
6196 0.600476 0.178933 0.220592
6204 0.081898 0.096745 0.821357
6201 0.791324 0.118634 0.090042
23360 0.211180 0.034207 0.754613
6182 0.055798 0.255481 0.688720
6129 0.427447 0.515925 0.056629
23429 0.125435 0.643810 0.230755
23368 0.520208 0.275170 0.204622
2075 0.291848 0.601048 0.107104
6043 0.067842 0.277869 0.654289
23592 0.036097 0.623477 0.340426
1158 0.198600 0.541643 0.259757
1173 0.438194 0.262606 0.299200
22060 0.002147 0.490871 0.506983
5931 0.019415 0.851282 0.129304
22066 0.619299 0.230735 0.149967
1640 0.332744 0.226403 0.440853
23362 0.710009 0.199454 0.090537
23393 0.122838 0.792165 0.084997
6120 0.644021 0.286934 0.069045
20490 0.563589 0.429407 0.007004
23333 0.392566 0.178690 0.428744
23326 0.127797 0.423961 0.448242
20611 0.441582 0.021919 0.536499
20619 0.045174 0.098509 0.856316
23291 0.074278 0.852746 0.072976
2058 0.864826 0.082211 0.052963
6055 0.245609 0.717517 0.036874
1238 0.655124 0.025952 0.318924
2064 0.115646 0.144466 0.739888
23377 0.064703 0.117733 0.817564
16186 0.150067 0.517428 0.332506
16211 0.113056 0.735905 0.151039
6034 0.106018 0.064550 0.829432
6057 0.034440 0.466471 0.499089
23079 0.664825 0.140508 0.194667
20365 0.197725 0.458060 0.344215
23334 0.744680 0.198627 0.056694
20366 0.176579 0.034619 0.788802
20622 0.140280 0.116154 0.743566
5765 0.223035 0.550427 0.226539
23156 0.332832 0.212872 0.454296
5743 0.262650 0.118550 0.618799
5574 0.111982 0.646178 0.241840
5582 0.033317 0.117013 0.849670
5580 0.606705 0.272834 0.120461
23007 0.154862 0.335600 0.509538
19260 0.948408 0.011612 0.039981
5686 0.023050 0.657090 0.319860
23049 0.166245 0.087387 0.746368
22905 0.486245 0.443159 0.070596
5573 0.431399 0.463717 0.104885
5581 0.353223 0.017362 0.629414
22855 0.272334 0.029301 0.698365
23002 0.336504 0.048865 0.614632
5761 0.316791 0.042034 0.641175
23187 0.764772 0.166871 0.068357
22910 0.114407 0.661452 0.224141
22933 0.657994 0.193149 0.148857
5657 0.760282 0.226716 0.013002
5579 0.303742 0.329580 0.366678
23006 0.089110 0.736849 0.174040
5682 0.530772 0.301144 0.168084
5681 0.100258 0.443299 0.456443
23201 0.679813 0.279281 0.040906
22898 0.444795 0.282113 0.273093
22899 0.143371 0.300564 0.556065
22903 0.536175 0.028275 0.435550
5596 0.162436 0.818477 0.019087
5692 0.027589 0.094977 0.877434
5694 0.800045 0.197544 0.002411
23204 0.605992 0.105258 0.288751
22894 0.042473 0.163268 0.794258
22891 0.610711 0.232000 0.157289
5736 0.471027 0.305940 0.223034
5545 0.361024 0.222003 0.416973
6237 0.051761 0.489762 0.458477
23920 0.604739 0.137175 0.258086
6393 0.596298 0.171013 0.232689
6367 0.026544 0.729089 0.244367
6370 0.769414 0.015213 0.215373
6375 0.718689 0.182384 0.098927
24047 0.810132 0.187802 0.002067
6408 0.097747 0.235621 0.666631
23923 0.387596 0.263471 0.348933
6390 0.461051 0.059561 0.479388
24095 0.438342 0.112091 0.449567
24091 0.362533 0.263380 0.374086
24087 0.032748 0.100240 0.867012
24075 0.001552 0.238520 0.759928
24035 0.280773 0.576714 0.142513
24113 0.345402 0.530512 0.124086
6451 0.412329 0.391286 0.196385
24127 0.009631 0.320267 0.670102
23943 0.180220 0.689202 0.130578
23951 0.430042 0.122192 0.447766
6387 0.457996 0.335205 0.206798
6421 0.104454 0.837562 0.057984
24126 0.755565 0.215199 0.029236
24077 0.114424 0.097083 0.788493
24078 0.353631 0.506165 0.140204
6380 0.229065 0.348475 0.422460
6401 0.778542 0.168229 0.053229
6403 0.304499 0.140332 0.555170
6377 0.040222 0.238939 0.720839
23966 0.518257 0.402091 0.079652
6361 0.300760 0.136249 0.562991
24022 0.414012 0.304435 0.281553
23950 0.079268 0.861669 0.059063
23958 0.250288 0.632901 0.116811
6399 0.565169 0.133489 0.301342
6379 0.579978 0.382691 0.037332
6358 0.652673 0.169597 0.177730
23968 0.278566 0.001658 0.719776
6073 0.398831 0.137973 0.463196
23998 0.212988 0.361854 0.425158
24002 0.852988 0.121425 0.025586
23209 0.067207 0.448829 0.483964
24004 0.463526 0.504560 0.031914
6064 0.388574 0.483731 0.127695
23999 0.183893 0.697621 0.118486
23996 0.487431 0.148174 0.364395
6386 0.112147 0.310868 0.576986
6385 0.042850 0.776151 0.180998
6396 0.027188 0.087962 0.884850
6388 0.483772 0.253574 0.262654
1341 0.142836 0.402826 0.454339
1344 0.067829 0.077074 0.855097
76 0.547349 0.446764 0.005887
73 0.552119 0.341020 0.106861
18730 0.190761 0.606939 0.202300
18731 0.051505 0.761999 0.186495
85 0.663161 0.142805 0.194033
3087 0.759518 0.125420 0.115062
19 0.326961 0.620434 0.052605
17956 0.107908 0.853308 0.038784
1846 0.659729 0.331089 0.009182
1342 0.399080 0.262971 0.337949
18725 0.445639 0.123131 0.431230
20443 0.695884 0.225159 0.078956
111 0.564159 0.435841 0.000000
18806 0.342831 0.189413 0.467755
120 0.494469 0.064936 0.440595
18545 0.228215 0.525160 0.246625
18603 0.893196 0.068583 0.038221
20402 0.359104 0.526851 0.114044
20399 0.339269 0.040988 0.619744
20439 0.716542 0.256848 0.026609
1350 0.625227 0.047024 0.327749
3045 0.067834 0.197360 0.734806
16 0.489125 0.058132 0.452743
18674 0.112326 0.086279 0.801395
18664 0.095120 0.507361 0.397519
20415 0.144102 0.785083 0.070815
93 0.352014 0.306420 0.341566
15172 0.465156 0.184541 0.350302
15161 0.424835 0.077784 0.497381
15173 0.566548 0.333779 0.099674
20468 0.085020 0.573970 0.341010
2629 0.037910 0.727606 0.234484
19983 0.417959 0.222338 0.359703
20408 0.908749 0.003658 0.087593
694 0.474596 0.001088 0.524316
1627 0.174049 0.718392 0.107558
1626 0.250538 0.697899 0.051563
1259 0.118176 0.501256 0.380568
278 0.753931 0.201394 0.044675
19414 0.039484 0.198014 0.762502
272 0.447236 0.303639 0.249125
19539 0.100699 0.303516 0.595785
19559 0.718772 0.112388 0.168840
1161 0.219842 0.732839 0.047319
23342 0.033070 0.254942 0.711988
310 0.413695 0.340885 0.245420
304 0.408241 0.217649 0.374110
19385 0.154393 0.756898 0.088709
299 0.049365 0.553960 0.396675
296 0.001354 0.484510 0.514136
295 0.024095 0.369939 0.605966
23339 0.764136 0.149845 0.086019
950 0.238684 0.352067 0.409249
23510 0.297648 0.611891 0.090461
21219 0.644237 0.266827 0.088936
23514 0.813143 0.107602 0.079255
23515 0.412409 0.062271 0.525320
20016 0.514579 0.005279 0.480141
19079 0.150871 0.808410 0.040719
19496 0.698286 0.121746 0.179968
23652 0.838217 0.035136 0.126647
19492 0.278524 0.132782 0.588694
324 0.096871 0.069512 0.833617
337 0.131441 0.616066 0.252493
334 0.929148 0.000000 0.070852
2171 0.844290 0.155710 0.000000
20021 0.459055 0.167311 0.373634
18473 0.026190 0.070458 0.903352
18755 0.182762 0.148522 0.668716
20223 0.035165 0.491213 0.473622
20218 0.217276 0.617037 0.165687
2020 0.866110 0.109998 0.023892
18537 0.233089 0.427545 0.339366
3379 0.685038 0.272186 0.042776
3354 0.163072 0.596996 0.239932
20286 0.131161 0.718568 0.150271
576 0.093096 0.518374 0.388530
20394 0.310058 0.487320 0.202621
1978 0.097789 0.196730 0.705481
1968 0.903183 0.021670 0.075147
3397 0.914364 0.050393 0.035244
20232 0.234378 0.085111 0.680511
20281 0.656257 0.192896 0.150847
774 0.035488 0.771194 0.193319
