8488 0.505424 0.060257 0.434318
20839 0.051755 0.818350 0.129896
4897 0.016325 0.338658 0.645016
27791 0.034048 0.675448 0.290505
31902 0.268261 0.446116 0.285623
24667 0.308959 0.391360 0.299681
31724 0.415527 0.539310 0.045163
24775 0.129889 0.335382 0.534729
5303 0.000000 0.636948 0.363052
33440 0.430661 0.406801 0.162538
7788 0.574698 0.317070 0.108232
4880 0.271393 0.673344 0.055262
27297 0.491375 0.042092 0.466533
24792 0.150812 0.324111 0.525078
31690 0.080812 0.820418 0.098771
8511 0.447354 0.527225 0.025421
223 0.152141 0.469622 0.378237
16065 0.046575 0.553271 0.400154
5245 0.074867 0.616999 0.308134
3114 0.223062 0.775206 0.001732
913 0.306604 0.568036 0.125360
32173 0.826282 0.060224 0.113494
4890 0.036549 0.600895 0.362556
33259 0.595431 0.246216 0.158353
8794 0.346605 0.186459 0.466936
8866 0.054291 0.549664 0.396044
5065 0.360241 0.500872 0.138886
9061 0.247930 0.188387 0.563683
3142 0.178105 0.275539 0.546356
28448 0.193006 0.795492 0.011502
27838 0.194126 0.107716 0.698158
32109 0.017061 0.532097 0.450842
28631 0.836991 0.073652 0.089357
5816 0.539276 0.216756 0.243968
4620 0.093215 0.446772 0.460013
32052 0.364479 0.469096 0.166426
1189 0.177382 0.650471 0.172147
31102 0.260853 0.243356 0.495791
5933 0.360925 0.639075 0.000000
5880 0.710312 0.254086 0.035602
20507 0.286087 0.071091 0.642822
3540 0.083122 0.246296 0.670582
31643 0.252105 0.416113 0.331782
5432 0.101563 0.123209 0.775228
31435 0.265451 0.532674 0.201875
31489 0.253120 0.315433 0.431447
20632 0.122871 0.863517 0.013612
1743 0.428116 0.059970 0.511914
31409 0.194370 0.237547 0.568083
26679 0.670504 0.275361 0.054135
7817 0.119829 0.080957 0.799214
8016 0.311458 0.393253 0.295289
20532 0.649745 0.344150 0.006105
32917 0.019960 0.394651 0.585389
8909 0.074387 0.331624 0.593988
32920 0.127243 0.067500 0.805257
32768 0.049733 0.860142 0.090125
3472 0.209219 0.242703 0.548078
20015 0.150128 0.117314 0.732559
8266 0.858218 0.080152 0.061629
16438 0.855844 0.129882 0.014275
2697 0.449139 0.276833 0.274028
32227 0.552900 0.112001 0.335098
902 0.739619 0.018824 0.241557
33273 0.293492 0.540111 0.166396
32903 0.082854 0.377817 0.539329
9332 0.051960 0.118281 0.829759
25180 0.353913 0.230199 0.415889
9435 0.479452 0.291689 0.228859
9142 0.365750 0.469658 0.164592
5440 0.097876 0.266113 0.636012
3938 0.303173 0.022401 0.674426
28385 0.343741 0.163019 0.493239
16000 0.425122 0.242358 0.332521
16046 0.339301 0.021649 0.639050
4394 0.586040 0.381052 0.032908
8779 0.165169 0.046741 0.788090
5807 0.243009 0.590534 0.166457
21140 0.190217 0.023078 0.786705
9165 0.068259 0.342898 0.588843
29558 0.144827 0.353315 0.501858
7476 0.418532 0.395521 0.185947
32641 0.181333 0.778418 0.040249
32662 0.114527 0.235986 0.649487
7573 0.040557 0.144133 0.815310
29496 0.202382 0.535999 0.261619
7479 0.150489 0.352730 0.496781
7532 0.028137 0.006076 0.965787
7516 0.158045 0.565740 0.276215
7714 0.035646 0.146121 0.818233
32441 0.032823 0.448881 0.518296
874 0.323463 0.064287 0.612250
29796 0.685673 0.123334 0.190994
15766 0.835822 0.150261 0.013918
31243 0.164770 0.660662 0.174568
2785 0.550140 0.206319 0.243540
25182 0.183672 0.122922 0.693406
33423 0.007261 0.303494 0.689245
25599 0.709483 0.256996 0.033521
7874 0.059406 0.729083 0.211510
32327 0.167574 0.229151 0.603275
25204 0.455493 0.359845 0.184662
5623 0.841626 0.084533 0.073840
26049 0.646929 0.168562 0.184509
2543 0.346509 0.653491 0.000000
27167 0.121578 0.759670 0.118752
26002 0.442166 0.214331 0.343503
24450 0.277988 0.514232 0.207780
1309 0.323279 0.000000 0.676721
9463 0.010373 0.832283 0.157344
1306 0.646540 0.311379 0.042081
481 0.517110 0.280275 0.202615
26020 0.019851 0.111698 0.868451
1541 0.243264 0.696372 0.060363
26054 0.506434 0.063386 0.430180
25325 0.068632 0.522445 0.408924
15919 0.250100 0.683988 0.065912
9039 0.091980 0.374539 0.533481
451 0.602860 0.196633 0.200507
24011 0.309416 0.307143 0.383441
25821 0.216914 0.108431 0.674655
2440 0.320558 0.399389 0.280053
3316 0.032900 0.622063 0.345037
25861 0.586474 0.043072 0.370454
25979 0.138558 0.466293 0.395149
19259 0.294235 0.461493 0.244272
16175 0.427248 0.116699 0.456053
16235 0.102260 0.337706 0.560034
15639 0.084843 0.862027 0.053130
24024 0.729803 0.166063 0.104134
16385 0.165970 0.170291 0.663739
16275 0.234374 0.166281 0.599345
2535 0.352045 0.385282 0.262673
127 0.653802 0.238748 0.107450
26132 0.869438 0.022500 0.108062
2354 0.407959 0.533075 0.058966
1551 0.831626 0.010131 0.158243
1619 0.063023 0.785617 0.151360
7924 0.526797 0.311835 0.161368
16333 0.372566 0.592350 0.035084
1842 0.813025 0.093895 0.093080
23958 0.049832 0.385107 0.565061
1824 0.655851 0.205528 0.138621
2642 0.627596 0.251413 0.120991
23947 0.712921 0.281565 0.005513
23928 0.095736 0.459144 0.445121
2193 0.150538 0.520860 0.328603
21279 0.045488 0.690930 0.263581
21224 0.004712 0.004907 0.990380
25957 0.009893 0.844201 0.145906
1844 0.413438 0.204865 0.381697
23951 0.542084 0.308891 0.149025
23991 0.702527 0.093129 0.204344
23994 0.000497 0.980459 0.019044
19371 0.240459 0.147047 0.612494
16309 0.689555 0.040569 0.269876
8999 0.100398 0.824746 0.074856
334 0.587868 0.039298 0.372834
7960 0.126558 0.362513 0.510929
33169 0.322628 0.499170 0.178202
24609 0.118920 0.007133 0.873946
37 0.071836 0.156255 0.771909
66 0.203000 0.313736 0.483264
24506 0.676186 0.064149 0.259665
234 0.608849 0.107399 0.283752
597 0.327981 0.595558 0.076461
261 0.216631 0.256031 0.527338
8517 0.249816 0.122418 0.627766
31781 0.624878 0.301371 0.073751
28084 0.025215 0.116401 0.858384
741 0.144087 0.459007 0.396906
717 0.764778 0.211767 0.023455
5839 0.387502 0.266691 0.345807
8144 0.904849 0.082508 0.012644
31238 0.746478 0.094987 0.158535
31347 0.792244 0.197771 0.009985
5800 0.848578 0.069972 0.081451
10278 0.274045 0.653586 0.072369
3652 0.065191 0.141384 0.793424
875 0.056961 0.791309 0.151730
16533 0.853617 0.127882 0.018502
25486 0.493988 0.118839 0.387173
27673 0.691664 0.136452 0.171883
28459 0.001808 0.924151 0.074041
2730 0.875213 0.023186 0.101600
29623 0.329098 0.661629 0.009272
31452 0.139840 0.173082 0.687078
9007 0.080684 0.561648 0.357668
4153 0.684338 0.263701 0.051961
32080 0.172662 0.211289 0.616050
7983 0.051098 0.133603 0.815298
4553 0.638743 0.275740 0.085517
4486 0.005077 0.550081 0.444842
4538 0.093767 0.341657 0.564576
32015 0.747298 0.129481 0.123222
26763 0.173152 0.791163 0.035684
4281 0.134992 0.017089 0.847919
19338 0.630129 0.322781 0.047089
26780 0.108858 0.364583 0.526559
26385 0.210049 0.463484 0.326466
26373 0.046720 0.711262 0.242018
4221 0.003536 0.237833 0.758630
8496 0.186970 0.053075 0.759955
8259 0.463552 0.422860 0.113588
31807 0.103564 0.456455 0.439980
26357 0.275049 0.687890 0.037062
4411 0.477981 0.125330 0.396689
26563 0.423496 0.343178 0.233326
26573 0.699200 0.095037 0.205763
5513 0.349035 0.501329 0.149636
21002 0.055706 0.204685 0.739609
15562 0.769680 0.009256 0.221064
9000 0.130460 0.337471 0.532069
32210 0.312102 0.405039 0.282859
2208 0.040143 0.069340 0.890517
24299 0.712416 0.222456 0.065128
26112 0.362616 0.395735 0.241649
2959 0.768043 0.003412 0.228545
27444 0.131382 0.837237 0.031381
27355 0.745322 0.070081 0.184597
2969 0.000000 0.889858 0.110142
27471 0.000581 0.401600 0.597819
27449 0.656156 0.035657 0.308188
26010 0.804669 0.158019 0.037312
2626 0.516943 0.456504 0.026553
7810 0.004013 0.577152 0.418835
2611 0.145270 0.508422 0.346308
3342 0.064107 0.203590 0.732303
20521 0.636838 0.176734 0.186428
5216 0.141599 0.156223 0.702178
3067 0.179992 0.342419 0.477589
3122 0.079303 0.838758 0.081939
20441 0.169908 0.481276 0.348817
5099 0.332477 0.248237 0.419287
3214 0.541523 0.189897 0.268580
31090 0.049286 0.383545 0.567169
15964 0.529535 0.470465 0.000000
19149 0.347750 0.281528 0.370722
21284 0.434041 0.456588 0.109371
16219 0.214009 0.553295 0.232696
33339 0.384269 0.267485 0.348246
29309 0.259823 0.625964 0.114213
32312 0.219979 0.272948 0.507074
27881 0.226180 0.250244 0.523576
21146 0.167562 0.128822 0.703615
19476 0.188250 0.491085 0.320665
15752 0.454459 0.312875 0.232666
9224 0.831505 0.146568 0.021927
16440 0.392887 0.239370 0.367743
19133 0.162031 0.593971 0.243998
20903 0.006746 0.683109 0.310145
7876 0.159245 0.192146 0.648609
25589 0.741645 0.163210 0.095144
24694 0.255672 0.607532 0.136796
5912 0.031337 0.753448 0.215215
27671 0.405976 0.334272 0.259752
31955 0.177908 0.037928 0.784165
183 0.977325 0.022675 0.000000
164 0.424268 0.085973 0.489760
24786 0.565013 0.363806 0.071182
16119 0.309587 0.098579 0.591834
24737 0.688383 0.244095 0.067522
24540 0.224565 0.617446 0.157989
9337 0.000000 0.321304 0.678696
8960 0.735417 0.034221 0.230362
5132 0.460982 0.334949 0.204070
5339 0.386044 0.447644 0.166313
27185 0.938982 0.037194 0.023824
32933 0.446504 0.065467 0.488029
5254 0.467779 0.465975 0.066247
5527 0.488547 0.170425 0.341028
32992 0.192734 0.242617 0.564649
8442 0.673922 0.209874 0.116204
8907 0.097157 0.069851 0.832993
8710 0.788490 0.104735 0.106776
31646 0.281924 0.116227 0.601849
9480 0.622542 0.373980 0.003478
31384 0.447383 0.445988 0.106629
23129 0.560619 0.376178 0.063204
3890 0.547663 0.319210 0.133127
18274 0.601220 0.300669 0.098111
23658 0.106010 0.031102 0.862888
3198 0.183602 0.017532 0.798867
21830 0.817325 0.161264 0.021411
29515 0.027113 0.066217 0.906670
7736 0.034570 0.545010 0.420420
9568 0.484905 0.195610 0.319484
25763 0.368901 0.315934 0.315165
8043 0.440936 0.458512 0.100552
7953 0.268620 0.522035 0.209346
24378 0.325573 0.318019 0.356408
25795 0.800223 0.035037 0.164740
1446 0.847847 0.109791 0.042362
8214 0.375202 0.402695 0.222103
25408 0.441182 0.224872 0.333946
32470 0.270099 0.655048 0.074853
8283 0.063165 0.025725 0.911110
25564 0.029079 0.597617 0.373303
20923 0.104168 0.060201 0.835631
8088 0.199156 0.721961 0.078883
801 0.000588 0.801980 0.197432
8150 0.335415 0.551494 0.113091
25667 0.580487 0.109016 0.310497
16706 0.115808 0.727252 0.156940
19704 0.521344 0.180027 0.298629
16670 0.093058 0.636726 0.270216
19487 0.216659 0.436710 0.346631
25540 0.194195 0.733108 0.072697
8342 0.426096 0.489029 0.084875
8236 0.112187 0.109108 0.778705
16623 0.430012 0.550260 0.019727
16718 0.818276 0.047813 0.133911
16585 0.134561 0.710141 0.155298
16657 0.000000 0.703166 0.296834
5256 0.107126 0.541462 0.351412
9408 0.237979 0.193572 0.568449
5326 0.113185 0.481529 0.405286
20779 0.368053 0.398377 0.233570
765 0.391772 0.204653 0.403575
788 0.168266 0.415140 0.416594
557 0.376381 0.556306 0.067314
29299 0.183741 0.730302 0.085957
9416 0.028860 0.877085 0.094055
9376 0.417894 0.376121 0.205985
7496 0.609879 0.194943 0.195178
29452 0.659153 0.174537 0.166311
29429 0.648442 0.067441 0.284117
29445 0.235181 0.362313 0.402506
29433 0.096396 0.294010 0.609594
31717 0.355889 0.439613 0.204498
7314 0.285052 0.514985 0.199963
19264 0.576137 0.228244 0.195619
19142 0.088902 0.683999 0.227099
21223 0.009761 0.056557 0.933681
16248 0.128469 0.188528 0.683003
16032 0.662447 0.124643 0.212910
24233 0.130443 0.052835 0.816722
1641 0.429860 0.000000 0.570140
1766 0.686718 0.240366 0.072916
1753 0.409225 0.110459 0.480316
24495 0.240225 0.653037 0.106738
1677 0.763622 0.166488 0.069890
2247 0.407209 0.058351 0.534440
1204 0.064371 0.787184 0.148445
1759 0.225575 0.050600 0.723825
2009 0.071358 0.425462 0.503180
1777 0.406983 0.559121 0.033897
26270 0.357971 0.198512 0.443517
21328 0.343331 0.247591 0.409078
95 0.184011 0.065064 0.750925
15978 0.012947 0.572398 0.414655
26155 0.533351 0.137033 0.329616
1437 0.307603 0.383361 0.309036
25001 0.124979 0.389374 0.485647
2000 0.793153 0.003196 0.203651
1323 0.455619 0.164543 0.379839
27253 0.563397 0.395814 0.040789
1233 0.135172 0.237710 0.627118
1264 0.658494 0.326584 0.014922
15868 0.338446 0.465496 0.196058
1975 0.109275 0.640973 0.249752
21495 0.138572 0.405969 0.455460
24954 0.173728 0.029902 0.796370
21355 0.571622 0.119398 0.308980
394 0.102145 0.066234 0.831620
1661 0.039960 0.623357 0.336683
24101 0.661678 0.050938 0.287384
24062 0.205876 0.568175 0.225949
16347 0.395654 0.250188 0.354158
31737 0.117403 0.368027 0.514570
28204 0.250067 0.114565 0.635368
26635 0.565092 0.307562 0.127346
3634 0.137935 0.835012 0.027053
7298 0.173990 0.824056 0.001954
27046 0.051295 0.740193 0.208512
27779 0.161910 0.309383 0.528708
9485 0.584976 0.117247 0.297777
24859 0.516802 0.408968 0.074230
24830 0.240582 0.264888 0.494530
21105 0.374505 0.341037 0.284458
21109 0.132726 0.056712 0.810562
9438 0.611196 0.293020 0.095784
8416 0.165672 0.567049 0.267279
20658 0.220636 0.574636 0.204728
3437 0.591180 0.377481 0.031339
4278 0.730661 0.211486 0.057853
19397 0.858084 0.120917 0.020999
24890 0.353173 0.600267 0.046560
24875 0.215387 0.480402 0.304212
319 0.423939 0.503762 0.072298
14716 0.522271 0.248926 0.228803
24247 0.672413 0.285441 0.042147
24242 0.010665 0.741717 0.247618
16678 0.144739 0.461889 0.393373
32934 0.881322 0.020290 0.098389
4812 0.473443 0.107762 0.418795
3093 0.433190 0.546516 0.020294
31922 0.185717 0.281562 0.532721
4463 0.079681 0.163878 0.756441
15372 0.133571 0.100857 0.765573
14963 0.018397 0.878084 0.103519
5584 0.099853 0.291010 0.609137
12286 0.728085 0.110643 0.161272
26446 0.105223 0.786433 0.108344
18225 0.166781 0.391363 0.441855
17583 0.241488 0.000000 0.758512
28504 0.008418 0.262122 0.729460
13792 0.121704 0.821612 0.056684
33218 0.065688 0.206925 0.727386
22080 0.141024 0.203474 0.655503
7584 0.000671 0.100448 0.898882
7489 0.059810 0.051898 0.888292
7755 0.071447 0.922563 0.005991
17257 0.481151 0.507788 0.011061
30207 0.421701 0.136419 0.441880
10431 0.013085 0.884871 0.102043
10311 0.019969 0.080528 0.899503
37739 0.006428 0.306825 0.686748
10356 0.332808 0.506543 0.160649
31108 0.531001 0.227515 0.241483
2586 0.618445 0.191852 0.189703
20474 0.568049 0.093003 0.338949
37302 0.341436 0.072358 0.586206
13970 0.148169 0.601823 0.250008
14701 0.415008 0.017387 0.567605
7017 0.311471 0.016994 0.671535
10350 0.760197 0.164324 0.075480
20090 0.242126 0.568142 0.189732
6216 0.819370 0.098543 0.082086
14863 0.545949 0.452292 0.001759
16870 0.157722 0.138901 0.703376
22199 0.086708 0.631241 0.282051
14917 0.571435 0.090315 0.338250
12267 0.383910 0.548477 0.067613
14928 0.307150 0.281605 0.411245
20048 0.305708 0.236953 0.457338
20077 0.307371 0.450732 0.241898
22330 0.280445 0.037436 0.682120
20059 0.049837 0.942765 0.007398
14870 0.013798 0.317765 0.668437
20061 0.431521 0.256254 0.312225
20276 0.323782 0.359670 0.316548
34110 0.218926 0.082815 0.698259
14794 0.342975 0.509208 0.147817
9813 0.070104 0.559431 0.370465
23599 0.070971 0.561071 0.367957
14853 0.663904 0.000000 0.336096
20193 0.497667 0.127164 0.375169
23398 0.735106 0.231647 0.033246
23384 0.408268 0.047335 0.544397
20225 0.254203 0.036456 0.709342
31750 0.144111 0.033576 0.822313
31756 0.110322 0.595015 0.294663
19794 0.181612 0.636925 0.181463
12681 0.130787 0.774939 0.094274
12692 0.309717 0.553002 0.137281
20217 0.155140 0.164941 0.679920
19823 0.147007 0.066639 0.786355
12658 0.594264 0.387635 0.018101
9775 0.000000 0.800902 0.199098
14349 0.364942 0.232730 0.402327
23468 0.020040 0.654987 0.324972
19727 0.142361 0.671460 0.186179
17957 0.059508 0.757046 0.183446
37449 0.929671 0.054549 0.015780
10577 0.462700 0.352013 0.185287
18427 0.009369 0.029674 0.960957
37239 0.096039 0.728518 0.175444
34611 0.296050 0.513869 0.190081
14033 0.552862 0.145910 0.301228
10092 0.698683 0.092344 0.208973
14594 0.054663 0.441130 0.504207
22400 0.305887 0.587417 0.106696
38008 0.180941 0.318314 0.500745
21993 0.248423 0.163461 0.588116
37410 0.740075 0.127727 0.132197
20009 0.720745 0.190647 0.088608
13651 0.045948 0.412615 0.541437
13681 0.371561 0.376516 0.251923
10177 0.613510 0.232672 0.153817
10299 0.197561 0.556470 0.245970
13292 0.149038 0.140902 0.710060
13166 0.148652 0.614106 0.237242
37593 0.332463 0.079082 0.588454
13622 0.056217 0.112308 0.831474
13602 0.660096 0.224756 0.115147
21550 0.878830 0.048657 0.072513
10246 0.831133 0.048383 0.120484
16942 0.063410 0.040292 0.896297
30281 0.592129 0.192442 0.215430
15306 0.197630 0.457356 0.345014
37525 0.041164 0.229591 0.729245
10219 0.096623 0.658771 0.244606
22112 0.074719 0.785925 0.139356
15493 0.735244 0.076559 0.188198
31119 0.349586 0.462707 0.187708
12362 0.158708 0.090394 0.750897
36847 0.049201 0.854872 0.095927
22294 0.547210 0.166991 0.285798
36060 0.080041 0.763468 0.156490
2789 0.630871 0.355939 0.013189
13160 0.352796 0.071627 0.575577
14325 0.112716 0.861511 0.025773
13196 0.337236 0.336991 0.325773
37702 0.049096 0.152766 0.798138
22110 0.250051 0.456764 0.293185
34781 0.117960 0.267472 0.614568
30074 0.318788 0.358589 0.322623
34672 0.428728 0.013924 0.557347
36263 0.191021 0.111530 0.697449
17344 0.047653 0.597734 0.354613
15035 0.259250 0.101443 0.639306
36488 0.825314 0.172480 0.002206
18245 0.392225 0.056190 0.551585
30079 0.633979 0.043516 0.322504
13092 0.590387 0.295767 0.113846
15083 0.147279 0.567381 0.285340
30208 0.110341 0.504007 0.385651
5168 0.931541 0.066961 0.001498
31539 0.256679 0.341641 0.401679
34904 0.109568 0.506141 0.384291
14946 0.361248 0.109623 0.529130
14980 0.432991 0.179494 0.387515
14974 0.062223 0.043137 0.894641
37943 0.273321 0.267119 0.459560
14171 0.235169 0.746458 0.018374
15217 0.062810 0.307685 0.629505
36228 0.402055 0.284985 0.312960
22750 0.345837 0.079855 0.574308
6777 0.100798 0.714177 0.185025
22879 0.002992 0.706393 0.290615
34189 0.431340 0.370349 0.198311
15175 0.197852 0.040048 0.762101
18600 0.382149 0.225683 0.392167
22003 0.207962 0.669099 0.122939
19027 0.834068 0.095017 0.070915
22932 0.338846 0.386001 0.275153
18192 0.378170 0.299288 0.322542
36599 0.122644 0.812406 0.064950
17553 0.577489 0.321605 0.100907
16989 0.735045 0.175170 0.089785
18362 0.035131 0.123444 0.841425
37247 0.871203 0.114662 0.014135
18337 0.028494 0.525041 0.446465
12303 0.492354 0.417067 0.090578
18564 0.056909 0.779644 0.163448
36172 0.181981 0.365644 0.452375
8720 0.146006 0.853994 0.000000
23626 0.146079 0.030086 0.823835
23670 0.780181 0.034293 0.185526
36008 0.879756 0.054452 0.065792
18462 0.000000 0.594006 0.405994
18456 0.089229 0.150550 0.760221
18509 0.110375 0.544669 0.344956
18375 0.226079 0.522358 0.251563
13741 0.429301 0.044880 0.525820
18518 0.589006 0.210439 0.200556
32995 0.081785 0.104178 0.814037
9334 0.221034 0.766676 0.012289
10460 0.525043 0.312370 0.162586
14321 0.447127 0.523504 0.029369
21616 0.089696 0.879944 0.030360
28237 0.067442 0.536261 0.396297
9082 0.320806 0.080856 0.598338
8827 0.297909 0.014732 0.687360
18057 0.055948 0.828847 0.115205
18091 0.191016 0.594660 0.214324
13795 0.683461 0.267593 0.048946
21745 0.446310 0.376600 0.177091
6179 0.601941 0.311247 0.086812
22105 0.328616 0.670342 0.001042
35921 0.105485 0.552222 0.342293
22062 0.137303 0.782844 0.079853
17443 0.207656 0.204410 0.587934
17994 0.818476 0.072020 0.109503
23328 0.786760 0.148613 0.064627
20253 0.086411 0.326889 0.586700
29916 0.202158 0.755145 0.042697
15519 0.026559 0.335295 0.638147
34129 0.110776 0.501637 0.387587
18931 0.269687 0.237515 0.492798
22706 0.086970 0.418784 0.494246
7019 0.285129 0.386762 0.328109
7032 0.422804 0.003021 0.574175
9288 0.104932 0.288206 0.606862
18855 0.197126 0.120001 0.682873
9294 0.516179 0.116327 0.367494
21924 0.214091 0.784194 0.001714
32536 0.228701 0.758626 0.012673
30346 0.469567 0.043969 0.486464
17402 0.077537 0.871633 0.050829
17430 0.061248 0.534190 0.404562
17435 0.111729 0.777131 0.111139
34739 0.088256 0.384037 0.527707
17549 0.858135 0.006458 0.135408
30664 0.063084 0.826888 0.110028
18536 0.610796 0.071184 0.318020
21633 0.032842 0.194753 0.772404
22045 0.044901 0.695477 0.259622
34419 0.030828 0.527659 0.441512
36111 0.659749 0.204990 0.135260
37957 0.021340 0.974495 0.004165
6687 0.420362 0.249579 0.330059
10041 0.424199 0.077263 0.498539
23563 0.152326 0.237447 0.610227
8540 0.139193 0.054189 0.806617
35589 0.150985 0.588516 0.260500
29098 0.168677 0.618336 0.212987
30657 0.533823 0.201072 0.265106
10327 0.226610 0.245491 0.527899
18788 0.590355 0.165979 0.243666
21802 0.041544 0.466860 0.491596
17042 0.113837 0.680982 0.205182
21669 0.571571 0.120929 0.307500
22444 0.134007 0.823385 0.042608
22433 0.467137 0.136613 0.396250
22526 0.166909 0.621776 0.211315
30997 0.048756 0.128885 0.822359
6615 0.004668 0.980003 0.015328
23494 0.536271 0.102727 0.361003
9772 0.142179 0.087060 0.770761
21722 0.128329 0.058143 0.813528
34326 0.374745 0.557821 0.067435
21724 0.100601 0.776091 0.123308
34348 0.315139 0.615987 0.068874
17164 0.201515 0.258251 0.540235
9782 0.708787 0.009534 0.281680
34287 0.967905 0.026131 0.005964
17154 0.707115 0.085423 0.207462
22490 0.005723 0.472774 0.521502
22549 0.110729 0.005091 0.884180
22551 0.078500 0.834001 0.087499
22425 0.228647 0.348152 0.423201
9591 0.223039 0.011516 0.765445
34478 0.020862 0.133550 0.845588
34361 0.788971 0.072533 0.138497
10542 0.038772 0.682547 0.278681
22591 0.094141 0.329036 0.576823
17815 0.114236 0.389640 0.496124
35913 0.701155 0.216978 0.081867
13210 0.248551 0.733558 0.017892
15142 0.440281 0.538104 0.021615
30609 0.039483 0.674586 0.285932
30754 0.600836 0.032376 0.366788
29215 0.640711 0.170152 0.189137
22297 0.216961 0.770439 0.012600
35201 0.159366 0.586759 0.253875
35033 0.810180 0.112414 0.077405
17850 0.429119 0.175376 0.395505
17870 0.330340 0.392923 0.276737
6925 0.115959 0.080252 0.803789
7112 0.467922 0.526227 0.005850
35021 0.461147 0.044824 0.494029
35177 0.755330 0.106177 0.138493
30525 0.083192 0.008333 0.908475
17347 0.258756 0.714935 0.026308
6571 0.657725 0.105600 0.236675
35575 0.616911 0.311751 0.071338
9889 0.034783 0.864759 0.100458
36896 0.334822 0.092108 0.573071
11992 0.177343 0.258560 0.564097
11093 0.771069 0.010705 0.218226
36925 0.371447 0.015081 0.613472
10874 0.041243 0.587780 0.370977
17537 0.131742 0.813590 0.054668
22729 0.298793 0.591547 0.109661
11002 0.219946 0.544481 0.235573
10033 0.417028 0.364364 0.218608
17514 0.534496 0.211412 0.254092
10887 0.008941 0.236387 0.754672
37003 0.236160 0.068842 0.694998
11795 0.133951 0.324948 0.541101
35251 0.080112 0.580567 0.339321
34006 0.296531 0.319569 0.383900
11503 0.245158 0.373847 0.380995
33803 0.483910 0.094099 0.421991
33887 0.366138 0.501721 0.132141
12112 0.044968 0.195339 0.759692
11923 0.337781 0.418553 0.243667
34875 0.585071 0.195996 0.218933
21981 0.021778 0.441456 0.536766
35292 0.278650 0.398028 0.323321
34637 0.234839 0.733276 0.031885
36899 0.185757 0.003668 0.810575
35402 0.140483 0.053635 0.805883
35492 0.720576 0.248205 0.031219
33517 0.374568 0.232814 0.392618
33607 0.299090 0.521479 0.179431
35461 0.408560 0.131404 0.460036
28800 0.220064 0.569417 0.210519
34029 0.147009 0.182246 0.670745
6543 0.487471 0.017710 0.494819
30786 0.298545 0.292224 0.409231
28686 0.826870 0.044697 0.128433
35518 0.187825 0.644014 0.168162
11713 0.488141 0.124585 0.387274
35541 0.247941 0.188537 0.563522
28760 0.670554 0.160050 0.169396
28790 0.866255 0.052110 0.081635
30799 0.500871 0.128297 0.370832
28785 0.159142 0.156946 0.683912
6273 0.419276 0.276386 0.304338
30209 0.008971 0.296317 0.694712
29192 0.201676 0.584498 0.213826
6470 0.171116 0.125681 0.703202
35550 0.695083 0.302798 0.002119
33788 0.179536 0.118331 0.702134
6536 0.184024 0.058123 0.757853
33777 0.041765 0.879517 0.078718
30952 0.448811 0.503201 0.047988
6827 0.436103 0.296012 0.267885
33707 0.511924 0.400507 0.087569
30993 0.390434 0.442745 0.166821
33820 0.745559 0.093820 0.160621
12428 0.010369 0.782532 0.207099
10892 0.323975 0.066538 0.609487
35358 0.082660 0.742664 0.174675
11617 0.225937 0.573306 0.200758
11390 0.237984 0.701108 0.060908
33709 0.004337 0.740066 0.255596
10915 0.000518 0.727141 0.272340
11711 0.444395 0.041327 0.514278
34080 0.624554 0.217249 0.158197
34068 0.260813 0.280080 0.459107
24552 0.058978 0.520688 0.420334
9831 0.549413 0.323789 0.126798
34292 0.000285 0.157442 0.842274
9733 0.087314 0.491664 0.421022
20145 0.377901 0.033167 0.588932
30461 0.134059 0.324264 0.541677
14776 0.327717 0.134969 0.537314
29992 0.598231 0.228433 0.173336
37359 0.305755 0.351110 0.343134
10500 0.787054 0.135602 0.077343
19767 0.475994 0.363861 0.160145
23836 0.536932 0.040919 0.422148
16833 0.160135 0.011500 0.828365
37326 0.405259 0.042992 0.551749
37339 0.495897 0.108292 0.395811
19965 0.314968 0.524792 0.160240
10038 0.378313 0.050789 0.570898
37847 0.311866 0.631017 0.057117
34582 0.096460 0.109459 0.794081
14262 0.143928 0.210010 0.646062
37913 0.166467 0.320876 0.512656
6372 0.036284 0.015187 0.948529
13843 0.210451 0.030773 0.758776
36342 0.491880 0.312347 0.195773
9999 0.707755 0.140717 0.151529
35958 0.503814 0.307566 0.188619
9931 0.045823 0.091238 0.862939
36787 0.151442 0.206737 0.641821
13765 0.638175 0.225522 0.136303
33358 0.453148 0.158579 0.388273
26444 0.500738 0.465683 0.033580
14376 0.319992 0.576869 0.103139
12448 0.720029 0.038181 0.241790
12054 0.089646 0.830278 0.080077
36946 0.189933 0.411496 0.398571
11966 0.537488 0.353710 0.108802
11581 0.393766 0.250203 0.356031
6325 0.343583 0.104048 0.552370
23458 0.434914 0.281197 0.283889
30415 0.567345 0.091197 0.341457
14662 0.162168 0.510363 0.327468
23270 0.581901 0.234346 0.183753
34406 0.039526 0.414591 0.545883
17203 0.444533 0.092033 0.463434
17186 0.327098 0.649899 0.023003
22072 0.051964 0.249227 0.698810
34749 0.439386 0.283320 0.277294
17967 0.061941 0.055289 0.882770
30339 0.228891 0.608035 0.163075
21820 0.495893 0.117227 0.386881
6202 0.128055 0.615758 0.256187
33509 0.668120 0.234202 0.097679
13056 0.629881 0.033250 0.336870
31115 0.219295 0.449021 0.331684
13541 0.247084 0.568206 0.184710
6619 0.095043 0.566665 0.338292
21260 0.420088 0.399783 0.180129
9711 0.146654 0.436504 0.416842
14883 0.220665 0.265386 0.513949
14679 0.176521 0.141889 0.681590
3918 0.413138 0.413054 0.173808
38052 0.482098 0.269778 0.248124
23660 0.010131 0.238390 0.751479
6225 0.101591 0.054181 0.844228
29142 0.145227 0.535861 0.318912
6060 0.377059 0.324625 0.298316
29202 0.029260 0.012267 0.958473
6019 0.293911 0.025516 0.680573
6103 0.000000 0.665480 0.334520
29242 0.532586 0.278142 0.189273
6008 0.000000 0.793849 0.206151
29208 0.150342 0.662768 0.186890
6220 0.079801 0.039909 0.880291
6022 0.366880 0.633120 0.000000
17946 0.529203 0.196363 0.274434
30385 0.697873 0.038651 0.263476
19857 0.653758 0.329351 0.016891
30321 0.138211 0.165378 0.696411
21884 0.683976 0.195724 0.120300
6370 0.141329 0.844579 0.014092
6350 0.382787 0.261723 0.355490
34949 0.539186 0.266310 0.194504
34946 0.337039 0.411682 0.251279
35840 0.897050 0.070633 0.032317
35830 0.467836 0.403885 0.128280
35799 0.057849 0.455941 0.486209
9965 0.313876 0.554871 0.131252
10757 0.659593 0.022057 0.318350
11540 0.868923 0.115105 0.015973
6415 0.576618 0.265374 0.158008
9945 0.592865 0.179378 0.227757
11215 0.146682 0.478730 0.374589
11217 0.039912 0.175830 0.784258
11801 0.070125 0.407036 0.522839
9635 0.748094 0.008040 0.243866
10804 0.720899 0.009204 0.269897
35728 0.914815 0.075233 0.009952
33733 0.078845 0.069469 0.851686
35266 0.006789 0.948569 0.044642
35968 0.730659 0.191857 0.077483
6286 0.754669 0.213597 0.031733
35793 0.188591 0.791400 0.020009
11825 0.094465 0.756809 0.148726
10821 0.534364 0.126095 0.339541
6578 0.852450 0.052883 0.094667
31058 0.916698 0.031745 0.051556
30872 0.107642 0.510250 0.382108
34564 0.703515 0.198751 0.097734
12396 0.181930 0.750795 0.067275
34459 0.796400 0.018759 0.184841
35786 0.255615 0.043857 0.700528
33954 0.019958 0.318545 0.661497
6347 0.544563 0.162447 0.292990
34445 0.328389 0.306201 0.365410
34523 0.351177 0.359643 0.289179
28968 0.178179 0.782071 0.039750
4740 0.395670 0.090540 0.513790
28139 0.425844 0.349416 0.224739
7212 0.415193 0.268484 0.316322
3178 0.452874 0.198340 0.348786
20468 0.672581 0.180942 0.146476
20466 0.069213 0.279081 0.651705
32567 0.155234 0.352673 0.492094
32568 0.466202 0.473152 0.060646
4414 0.508747 0.411540 0.079713
4468 0.446088 0.355313 0.198599
4418 0.293665 0.118989 0.587346
4419 0.166139 0.091036 0.742825
31857 0.720937 0.098013 0.181050
31855 0.462230 0.113009 0.424761
3182 0.776780 0.124159 0.099061
21081 0.010535 0.473201 0.516264
15743 0.092560 0.122963 0.784477
15741 0.276983 0.181238 0.541779
27646 0.293659 0.322690 0.383650
27638 0.186390 0.188857 0.624753
27638 0.957873 0.029693 0.012434
796 0.506898 0.273544 0.219558
5115 0.094895 0.860050 0.045056
31932 0.540037 0.454893 0.005070
16578 0.009060 0.010787 0.980153
16681 0.837993 0.143633 0.018374
19477 0.043891 0.295616 0.660493
16677 0.628595 0.097856 0.273550
16677 0.074970 0.667679 0.257352
5303 0.559258 0.129093 0.311649
5303 0.052341 0.007254 0.940405
29795 0.183560 0.516171 0.300269
7308 0.070004 0.294968 0.635029
29740 0.282353 0.665946 0.051701
29760 0.822901 0.099288 0.077811
29761 0.367612 0.509740 0.122648
31959 0.208644 0.701490 0.089865
5144 0.095980 0.505970 0.398050
31958 0.011193 0.090493 0.898314
27320 0.326419 0.365582 0.307998
27270 0.199419 0.101631 0.698950
27270 0.017740 0.915905 0.066355
31712 0.697028 0.180964 0.122007
31706 0.062658 0.646920 0.290422
31720 0.456217 0.113201 0.430582
31708 0.830943 0.029271 0.139786
5118 0.173236 0.543534 0.283230
31949 0.249798 0.685958 0.064244
5117 0.374666 0.473962 0.151372
31950 0.192493 0.163202 0.644305
31726 0.153183 0.470451 0.376366
5371 0.655151 0.273570 0.071279
5341 0.379555 0.503468 0.116977
31730 0.373831 0.137713 0.488456
31732 0.524364 0.150898 0.324738
7306 0.351702 0.337389 0.310908
7307 0.373979 0.476582 0.149439
29766 0.058577 0.865667 0.075756
29766 0.284573 0.133540 0.581887
29767 0.546796 0.411768 0.041436
7303 0.055256 0.552033 0.392711
31727 0.467658 0.063635 0.468707
31734 0.404851 0.000385 0.594764
14871 0.044861 0.599649 0.355490
14877 0.033565 0.205136 0.761299
14877 0.025514 0.806217 0.168269
31796 0.113841 0.480098 0.406061
31719 0.140750 0.519147 0.340103
31718 0.521470 0.224382 0.254148
5313 0.209370 0.226327 0.564303
31716 0.504975 0.163285 0.331740
5314 0.420177 0.148869 0.430954
31917 0.330689 0.027173 0.642138
31916 0.146691 0.032665 0.820643
31816 0.070231 0.041716 0.888052
31692 0.434423 0.113224 0.452354
285 0.221705 0.715563 0.062732
233 0.301899 0.427348 0.270754
24544 0.171303 0.716355 0.112342
5231 0.248093 0.718020 0.033887
5243 0.203693 0.754178 0.042129
31691 0.085892 0.872469 0.041639
5239 0.036565 0.936204 0.027231
31789 0.545180 0.136731 0.318089
238 0.313771 0.165021 0.521208
231 0.235977 0.412143 0.351880
5250 0.155402 0.590390 0.254208
33197 0.072837 0.580674 0.346490
5264 0.576718 0.289908 0.133374
5284 0.723967 0.001369 0.274664
5241 0.051871 0.330234 0.617894
5262 0.233255 0.167099 0.599645
31813 0.329374 0.652010 0.018616
5266 0.549068 0.211554 0.239377
31812 0.106834 0.456242 0.436923
33350 0.539128 0.102042 0.358830
8476 0.091230 0.443764 0.465005
33357 0.660589 0.045826 0.293586
33380 0.679638 0.173295 0.147067
4879 0.924346 0.036611 0.039043
4879 0.439049 0.526497 0.034454
4880 0.934909 0.039152 0.025939
4927 0.613080 0.268350 0.118570
31773 0.081226 0.385446 0.533329
31748 0.620907 0.254154 0.124939
31750 0.651429 0.047632 0.300939
31754 0.136615 0.077859 0.785526
31754 0.649417 0.122646 0.227937
31755 0.222061 0.426880 0.351059
31751 0.299927 0.189335 0.510738
8511 0.117076 0.098698 0.784225
32130 0.124570 0.585301 0.290129
32120 0.090594 0.184100 0.725306
3104 0.236880 0.018991 0.744130
3121 0.272852 0.653213 0.073935
3130 0.423059 0.476769 0.100172
3132 0.111804 0.346859 0.541337
4858 0.493872 0.241578 0.264551
4862 0.840037 0.080606 0.079357
4800 0.068091 0.283044 0.648865
5246 0.343167 0.500394 0.156439
5247 0.675004 0.220279 0.104717
5247 0.044993 0.848363 0.106644
31699 0.071655 0.566771 0.361574
5255 0.272903 0.313217 0.413880
5256 0.570793 0.054090 0.375117
32154 0.079136 0.662605 0.258259
32171 0.557851 0.002309 0.439840
32159 0.410539 0.191090 0.398371
4911 0.121774 0.025384 0.852842
31695 0.050934 0.749560 0.199506
5260 0.470059 0.522502 0.007439
4917 0.373480 0.578583 0.047937
4922 0.297694 0.617248 0.085058
4921 0.057872 0.792972 0.149156
32153 0.869275 0.083641 0.047084
4896 0.909518 0.085502 0.004980
24547 0.830821 0.008886 0.160294
32129 0.213775 0.605693 0.180532
3107 0.002187 0.140971 0.856842
20399 0.266589 0.639431 0.093979
3124 0.215796 0.620550 0.163654
3123 0.478667 0.479169 0.042164
3122 0.806876 0.157747 0.035377
220 0.626943 0.015810 0.357247
24670 0.102967 0.654313 0.242720
4793 0.411791 0.363366 0.224843
24754 0.175047 0.548711 0.276242
33251 0.214597 0.277659 0.507744
33270 0.229402 0.612322 0.158276
33272 0.211807 0.562044 0.226149
33246 0.235416 0.485575 0.279008
24673 0.383495 0.518182 0.098322
32247 0.557224 0.051723 0.391052
7631 0.177897 0.344441 0.477662
7631 0.811178 0.065707 0.123115
8395 0.090573 0.710231 0.199196
32251 0.235734 0.391231 0.373035
27890 0.390618 0.402330 0.207052
1025 0.044071 0.488063 0.467865
32257 0.205396 0.435220 0.359384
4928 0.224973 0.428106 0.346922
4823 0.704373 0.227241 0.068386
29808 0.297450 0.024365 0.678185
7413 0.384620 0.020136 0.595244
7411 0.126742 0.060962 0.812295
7401 0.141002 0.373297 0.485701
27674 0.485657 0.223359 0.290985
27703 0.899835 0.048578 0.051587
27306 0.769185 0.175361 0.055454
2698 0.596533 0.110970 0.292496
4821 0.654081 0.236839 0.109080
4826 0.134199 0.685930 0.179871
33051 0.681569 0.228440 0.089991
577 0.404253 0.435377 0.160370
586 0.182328 0.086091 0.731581
25049 0.648922 0.186354 0.164724
4477 0.017186 0.287257 0.695557
530 0.009140 0.859709 0.131151
5005 0.630480 0.107616 0.261904
32216 0.388999 0.340116 0.270885
32217 0.246962 0.094557 0.658481
14579 0.026422 0.947869 0.025709
14572 0.569193 0.045708 0.385098
36091 0.180426 0.392766 0.426808
14013 0.369328 0.575798 0.054874
32111 0.086950 0.592853 0.320197
3883 0.283361 0.091179 0.625460
4083 0.032846 0.746010 0.221144
7438 0.177544 0.420320 0.402136
29635 0.575468 0.085771 0.338761
9063 0.081924 0.420890 0.497187
32004 0.698589 0.180046 0.121365
3706 0.175747 0.777263 0.046991
1146 0.090541 0.114916 0.794543
7352 0.400520 0.131718 0.467762
29599 0.723614 0.123335 0.153051
7326 0.214563 0.027598 0.757839
4936 0.614372 0.051841 0.333787
4930 0.228588 0.089387 0.682025
4171 0.716564 0.193172 0.090264
4168 0.515416 0.206730 0.277854
4099 0.282056 0.608418 0.109526
20583 0.380393 0.391704 0.227902
28538 0.063803 0.848816 0.087381
4078 0.020196 0.865359 0.114445
4076 0.062350 0.395088 0.542562
32092 0.768986 0.054104 0.176910
32084 0.246435 0.139650 0.613915
32079 0.235227 0.238005 0.526768
27519 0.091020 0.696470 0.212509
27832 0.856980 0.105615 0.037405
27825 0.609757 0.096897 0.293346
742 0.069497 0.821892 0.108610
27984 0.269549 0.042846 0.687605
27633 0.630517 0.166202 0.203281
1171 0.112360 0.195811 0.691829
744 0.057615 0.015594 0.926791
28581 0.218289 0.049398 0.732313
28183 0.117539 0.760844 0.121616
4983 0.174112 0.738212 0.087676
4992 0.743212 0.197323 0.059465
32373 0.023088 0.509533 0.467378
32352 0.052104 0.217311 0.730586
4976 0.095276 0.137254 0.767470
28220 0.487473 0.083206 0.429321
3618 0.242246 0.322064 0.435690
1179 0.060084 0.642661 0.297255
1190 0.303879 0.624407 0.071714
1191 0.422056 0.505737 0.072207
27854 0.268249 0.426212 0.305539
28662 0.062035 0.719782 0.218183
28663 0.032888 0.431007 0.536106
4155 0.973746 0.009069 0.017184
28618 0.087008 0.851063 0.061929
32062 0.184670 0.364257 0.451072
32061 0.213469 0.721692 0.064839
5787 0.274838 0.484684 0.240478
5786 0.406192 0.268820 0.324988
31263 0.643315 0.187397 0.169288
15326 0.097888 0.641452 0.260661
15328 0.112713 0.832309 0.054979
38180 0.193054 0.122097 0.684849
5728 0.174148 0.409521 0.416332
27981 0.353846 0.024750 0.621404
27978 0.630717 0.090656 0.278627
7381 0.469184 0.137208 0.393608
29706 0.054388 0.763916 0.181696
5791 0.364994 0.012831 0.622176
31359 0.573327 0.263201 0.163473
7359 0.697869 0.228776 0.073356
4531 0.261356 0.724193 0.014451
4629 0.499056 0.393262 0.107681
4526 0.701093 0.048956 0.249952
31198 0.425184 0.076029 0.498787
31248 0.581488 0.111534 0.306978
31226 0.350558 0.028843 0.620599
5750 0.000660 0.086179 0.913161
5862 0.208347 0.215365 0.576288
5825 0.058159 0.039488 0.902354
31298 0.580280 0.042922 0.376797
8142 0.694151 0.270768 0.035081
665 0.527559 0.246485 0.225956
5737 0.644857 0.050678 0.304465
3392 0.516617 0.222379 0.261004
3372 0.252987 0.271542 0.475471
5707 0.621051 0.291333 0.087616
3376 0.009810 0.169595 0.820595
27073 0.278283 0.256259 0.465458
5921 0.011680 0.308263 0.680056
4729 0.016294 0.721701 0.262005
26647 0.380354 0.441426 0.178220
26598 0.422206 0.186661 0.391133
31335 0.294682 0.482662 0.222656
31334 0.163669 0.367227 0.469104
31333 0.008288 0.285155 0.706557
29679 0.365163 0.081508 0.553329
29676 0.008544 0.798406 0.193051
31120 0.650122 0.174041 0.175838
27521 0.567242 0.025397 0.407362
37073 0.571551 0.094923 0.333527
23078 0.440774 0.227569 0.331657
5881 0.096745 0.068685 0.834570
5869 0.136080 0.549410 0.314510
26701 0.551251 0.078507 0.370242
2827 0.225375 0.503012 0.271613
26490 0.318730 0.572007 0.109263
2822 0.555082 0.430512 0.014407
31096 0.330669 0.568668 0.100663
2833 0.085663 0.836083 0.078254
27291 0.628865 0.370820 0.000316
4511 0.070100 0.384462 0.545437
4512 0.109829 0.096410 0.793761
4482 0.118743 0.737450 0.143807
26478 0.840622 0.123008 0.036370
26495 0.433518 0.212985 0.353497
7369 0.010142 0.237105 0.752752
26452 0.032891 0.704118 0.262991
3585 0.078128 0.178205 0.743667
26451 0.581163 0.139010 0.279827
26453 0.357642 0.476965 0.165394
32836 0.257699 0.572236 0.170065
31219 0.074999 0.629217 0.295784
8964 0.892420 0.104444 0.003136
8970 0.259735 0.286994 0.453270
26511 0.457211 0.291078 0.251711
5939 0.389215 0.320774 0.290011
5969 0.603697 0.006066 0.390237
31138 0.502835 0.120875 0.376289
4718 0.771299 0.207146 0.021555
26641 0.326127 0.115281 0.558592
1188 0.025866 0.589045 0.385089
5300 0.230466 0.462433 0.307102
3614 0.025418 0.942864 0.031718
28206 0.627334 0.212221 0.160445
3624 0.035345 0.241695 0.722961
32044 0.494910 0.139246 0.365844
4736 0.059552 0.805731 0.134717
4714 0.000413 0.600146 0.399441
1070 0.311213 0.051993 0.636794
28043 0.582640 0.258847 0.158513
3634 0.688426 0.084092 0.227482
3862 0.306285 0.253112 0.440603
3627 0.016328 0.277061 0.706611
31345 0.333837 0.323341 0.342821
7207 0.063569 0.562231 0.374200
28135 0.583512 0.237887 0.178601
3873 0.059189 0.282247 0.658564
5846 0.029463 0.297019 0.673518
31085 0.064673 0.865788 0.069538
29838 0.430182 0.025752 0.544066
7220 0.673290 0.077467 0.249242
5685 0.272915 0.669023 0.058062
27054 0.165317 0.251720 0.582963
27066 0.181335 0.569338 0.249327
5877 0.077896 0.182747 0.739357
5599 0.680069 0.065868 0.254063
5470 0.172649 0.332006 0.495345
5471 0.119751 0.356682 0.523566
25097 0.134795 0.439331 0.425874
25127 0.258982 0.732672 0.008346
7837 0.104669 0.028053 0.867278
25129 0.243097 0.359251 0.397652
7832 0.204140 0.400871 0.394989
5864 0.254790 0.103017 0.642193
5478 0.033381 0.253527 0.713092
5475 0.710598 0.102416 0.186985
5482 0.460301 0.201891 0.337808
5522 0.826296 0.137005 0.036699
20672 0.399123 0.205132 0.395745
20626 0.448599 0.508523 0.042878
20625 0.714478 0.221140 0.064382
20685 0.078394 0.463834 0.457772
5607 0.394140 0.277680 0.328180
31620 0.278280 0.420484 0.301236
5463 0.135162 0.523505 0.341333
5462 0.277518 0.562403 0.160079
8018 0.463616 0.346358 0.190026
8008 0.662666 0.321657 0.015677
33029 0.165135 0.623674 0.211191
8688 0.625351 0.202384 0.172266
7998 0.187086 0.643115 0.169799
31622 0.396267 0.310686 0.293047
25151 0.162664 0.202001 0.635334
25152 0.079128 0.263416 0.657456
8015 0.554374 0.345532 0.100094
5515 0.342247 0.017666 0.640088
27117 0.177724 0.666473 0.155803
2657 0.272108 0.461040 0.266852
2564 0.114700 0.714984 0.170316
31580 0.329441 0.593901 0.076659
31579 0.625000 0.048080 0.326920
31572 0.299914 0.636892 0.063195
32739 0.164752 0.801611 0.033637
5622 0.644902 0.227800 0.127298
24437 0.321878 0.198058 0.480064
2263 0.242218 0.127488 0.630294
2262 0.187668 0.533207 0.279125
27167 0.385353 0.293692 0.320956
24927 0.174501 0.775830 0.049669
314 0.017790 0.597999 0.384211
5396 0.344720 0.191098 0.464182
20499 0.454015 0.527119 0.018866
20476 0.464497 0.367959 0.167544
20522 0.092193 0.440750 0.467056
5537 0.483712 0.489094 0.027194
