8313 0.068858 0.794574 0.136568
8362 0.344172 0.477108 0.178720
27411 0.197536 0.740869 0.061595
12134 0.530870 0.327368 0.141762
12133 0.007302 0.273587 0.719111
26730 0.075298 0.055254 0.869448
10147 0.408477 0.289772 0.301751
26195 0.525602 0.453128 0.021270
9715 0.571948 0.112279 0.315773
8469 0.188462 0.110232 0.701307
7958 0.694254 0.211864 0.093881
8979 0.439407 0.238928 0.321665
24707 0.193066 0.261585 0.545349
24660 0.259314 0.605745 0.134941
23472 0.367935 0.460456 0.171610
14037 0.214369 0.174192 0.611439
28324 0.738640 0.176540 0.084820
13929 0.297032 0.142939 0.560029
13871 0.848196 0.026191 0.125613
28129 0.313465 0.185970 0.500565
28211 0.038641 0.484204 0.477156
12812 0.160159 0.643297 0.196544
26685 0.390903 0.360488 0.248610
12737 0.419189 0.142653 0.438158
25742 0.136929 0.302051 0.561019
22319 0.082244 0.173210 0.744547
22863 0.525016 0.356594 0.118390
12100 0.064813 0.498348 0.436839
12234 0.190804 0.377616 0.431580
12388 0.284850 0.148977 0.566173
26371 0.082630 0.844325 0.073046
8539 0.767853 0.154230 0.077917
10151 0.049478 0.147664 0.802857
24346 0.034600 0.789170 0.176230
26302 0.365633 0.127395 0.506972
9730 0.168035 0.314599 0.517366
9213 0.297235 0.379443 0.323322
24096 0.180231 0.398884 0.420885
21954 0.024236 0.442274 0.533490
21952 0.613592 0.361387 0.025021
7679 0.340158 0.459951 0.199890
24399 0.742634 0.142227 0.115139
22984 0.407642 0.511876 0.080481
22812 0.100357 0.120013 0.779630
22765 0.106526 0.236451 0.657023
23028 0.409904 0.228669 0.361427
7243 0.830179 0.169821 0.000000
7810 0.165685 0.811410 0.022905
21632 0.486551 0.467041 0.046408
21629 0.398939 0.213352 0.387709
12124 0.216061 0.035194 0.748746
10109 0.049324 0.090667 0.860009
26393 0.312859 0.673475 0.013666
12165 0.925202 0.024460 0.050338
26438 0.609126 0.144717 0.246157
12220 0.278262 0.054212 0.667526
8695 0.016581 0.819245 0.164174
8681 0.683180 0.085529 0.231291
21519 0.452216 0.050607 0.497177
22097 0.104503 0.558668 0.336829
7258 0.882787 0.040835 0.076377
25313 0.139757 0.166764 0.693479
11657 0.179283 0.244954 0.575763
9713 0.035121 0.379172 0.585707
25966 0.195087 0.668742 0.136171
11963 0.019284 0.196590 0.784126
26228 0.421368 0.286342 0.292289
26304 0.152252 0.416915 0.430834
26545 0.397322 0.263029 0.339649
26320 0.221173 0.148674 0.630153
22748 0.089718 0.210001 0.700281
27393 0.409618 0.120509 0.469873
13310 0.139763 0.252949 0.607288
13214 0.266656 0.457786 0.275558
27490 0.550505 0.440078 0.009418
26902 0.091565 0.152504 0.755931
10592 0.597469 0.322681 0.079851
10183 0.697791 0.276456 0.025753
24627 0.550323 0.089308 0.360369
24220 0.416599 0.550344 0.033056
24808 0.413198 0.100186 0.486616
27506 0.431038 0.026439 0.542523
27536 0.296924 0.285270 0.417806
27549 0.023744 0.570011 0.406246
27577 0.776887 0.085583 0.137530
27224 0.732033 0.154694 0.113273
27233 0.565816 0.123907 0.310277
27374 0.413519 0.122784 0.463696
9759 0.360492 0.151601 0.487906
24017 0.721657 0.061344 0.216999
22370 0.270791 0.294831 0.434378
10712 0.235621 0.627865 0.136514
8003 0.358057 0.466971 0.174972
8023 0.062637 0.693544 0.243819
25091 0.119960 0.457230 0.422810
25365 0.420351 0.381516 0.198133
11075 0.179966 0.058998 0.761036
25411 0.786136 0.007839 0.206025
10959 0.198079 0.606073 0.195848
12011 0.024218 0.212018 0.763764
11873 0.497374 0.437534 0.065091
25930 0.101541 0.576925 0.321534
26042 0.300990 0.654917 0.044093
26021 0.172456 0.769313 0.058232
12272 0.079941 0.541951 0.378108
11823 0.443857 0.046609 0.509534
26423 0.938087 0.043088 0.018825
12154 0.036055 0.816725 0.147220
8452 0.413113 0.527171 0.059716
9386 0.747979 0.121731 0.130290
12334 0.379922 0.262291 0.357787
26349 0.080235 0.029988 0.889777
25109 0.064075 0.372249 0.563677
10872 0.462770 0.468235 0.068995
27116 0.830291 0.161115 0.008594
12882 0.182304 0.181245 0.636451
26864 0.425741 0.373616 0.200643
26784 0.534505 0.247974 0.217521
11490 0.286427 0.117968 0.595606
11234 0.517189 0.313310 0.169501
11330 0.672657 0.184476 0.142868
11374 0.574741 0.343226 0.082033
27999 0.370299 0.404085 0.225616
13941 0.025964 0.697788 0.276248
27101 0.000000 0.542964 0.457036
11320 0.325082 0.242064 0.432854
11159 0.040766 0.166273 0.792961
11170 0.159460 0.646615 0.193925
11578 0.101194 0.075170 0.823635
11483 0.516294 0.416059 0.067647
8228 0.375119 0.413570 0.211312
27139 0.801161 0.085407 0.113432
25765 0.767408 0.113425 0.119167
27177 0.002499 0.527871 0.469630
8388 0.664148 0.033320 0.302532
22571 0.014915 0.250003 0.735082
8366 0.249323 0.526804 0.223873
25316 0.011714 0.902892 0.085393
9727 0.153094 0.549883 0.297022
22711 0.275704 0.419230 0.305066
22687 0.668405 0.284426 0.047168
22693 0.053846 0.037316 0.908838
10799 0.247525 0.221692 0.530783
22661 0.159448 0.424391 0.416161
10983 0.141433 0.612848 0.245719
26149 0.052825 0.011271 0.935904
26131 0.067749 0.808333 0.123918
25927 0.676777 0.269167 0.054056
26039 0.414002 0.523090 0.062908
26020 0.219700 0.292433 0.487867
12317 0.151535 0.385402 0.463063
26554 0.513750 0.273068 0.213181
26389 0.473521 0.303012 0.223467
26741 0.012972 0.747209 0.239818
25327 0.217941 0.722926 0.059133
11058 0.534188 0.050765 0.415047
10776 0.101769 0.725397 0.172834
7985 0.845575 0.133710 0.020714
22273 0.101574 0.228044 0.670381
22286 0.058691 0.370066 0.571243
10823 0.673323 0.294786 0.031891
25157 0.290764 0.670928 0.038308
25198 0.229924 0.230112 0.539964
25987 0.704827 0.051289 0.243884
11710 0.310736 0.462593 0.226671
11932 0.003618 0.973283 0.023099
12045 0.199724 0.654586 0.145690
25271 0.225670 0.325614 0.448715
11994 0.143913 0.212721 0.643366
26170 0.279279 0.189150 0.531571
26187 0.007132 0.012035 0.980833
11927 0.011324 0.950100 0.038576
8400 0.168388 0.371475 0.460137
8398 0.585057 0.060520 0.354423
11142 0.269695 0.256077 0.474228
11092 0.894675 0.045404 0.059921
25288 0.044128 0.946390 0.009482
11082 0.345107 0.114333 0.540560
11141 0.562845 0.074003 0.363152
11911 0.230526 0.513164 0.256310
11913 0.487669 0.161632 0.350699
11909 0.183044 0.519341 0.297615
11694 0.008851 0.162083 0.829065
11120 0.036732 0.679995 0.283274
11044 0.238082 0.022746 0.739172
9292 0.757050 0.190177 0.052773
23370 0.172155 0.030923 0.796923
13078 0.389537 0.055886 0.554577
8343 0.291214 0.234981 0.473805
13156 0.416012 0.503347 0.080641
23838 0.464749 0.458409 0.076842
23718 0.025436 0.349645 0.624919
27370 0.826813 0.066417 0.106770
12991 0.118469 0.274520 0.607011
12972 0.248042 0.151535 0.600423
22605 0.212288 0.233152 0.554560
22607 0.465956 0.301507 0.232537
27231 0.316370 0.399330 0.284300
27379 0.056089 0.050160 0.893750
9444 0.412230 0.217457 0.370312
27256 0.045325 0.777748 0.176927
8320 0.375703 0.335943 0.288353
23748 0.013504 0.772601 0.213895
9413 0.299990 0.371681 0.328330
22621 0.587119 0.043009 0.369872
22546 0.431678 0.036836 0.531486
9562 0.062495 0.220331 0.717173
22704 0.551709 0.159601 0.288690
9461 0.488261 0.156255 0.355484
8444 0.760171 0.139488 0.100341
23727 0.185781 0.448137 0.366082
23730 0.039767 0.355967 0.604266
23719 0.341413 0.192025 0.466562
23756 0.144442 0.621837 0.233721
23743 0.665651 0.043660 0.290688
24078 0.080907 0.144128 0.774966
22627 0.524324 0.424518 0.051158
22630 0.293256 0.446780 0.259965
24080 0.045184 0.011684 0.943132
23995 0.517930 0.000000 0.482070
9471 0.104193 0.588432 0.307375
23734 0.690510 0.087224 0.222266
12696 0.018862 0.016336 0.964802
12670 0.271445 0.695529 0.033026
10559 0.170296 0.111650 0.718053
10677 0.024509 0.906162 0.069329
12712 0.404748 0.524562 0.070690
9960 0.348968 0.382463 0.268569
24273 0.497647 0.078685 0.423668
10664 0.051109 0.748335 0.200556
24935 0.078606 0.885672 0.035722
27450 0.131946 0.641006 0.227048
27538 0.039409 0.868461 0.092130
27466 0.323616 0.578717 0.097668
27580 0.394700 0.199219 0.406081
13280 0.693919 0.246384 0.059697
12946 0.188632 0.594683 0.216686
27265 0.715174 0.109309 0.175517
27553 0.564441 0.080064 0.355496
13182 0.115765 0.842480 0.041755
13296 0.060978 0.906429 0.032593
27225 0.680805 0.286104 0.033091
13325 0.080497 0.556216 0.363287
27454 0.278847 0.671511 0.049643
27302 0.275121 0.071948 0.652931
27469 0.507103 0.428973 0.063924
8256 0.065755 0.854824 0.079421
27342 0.575431 0.193705 0.230864
26898 0.026791 0.135725 0.837483
27516 0.219218 0.040533 0.740249
10573 0.446139 0.504877 0.048984
10513 0.099266 0.322046 0.578689
12636 0.004367 0.540115 0.455518
24784 0.506495 0.284258 0.209247
24172 0.759426 0.206614 0.033960
9945 0.666923 0.146942 0.186135
24204 0.954444 0.019210 0.026346
27625 0.367531 0.286588 0.345880
13368 0.293232 0.356323 0.350445
13359 0.348212 0.120434 0.531354
27307 0.703503 0.241024 0.055474
13043 0.241744 0.437807 0.320449
27335 0.456389 0.216676 0.326935
13071 0.513667 0.197784 0.288549
13374 0.240109 0.642455 0.117437
13332 0.335242 0.281584 0.383174
27575 0.221222 0.022759 0.756020
13057 0.794765 0.205235 0.000000
27295 0.406468 0.580929 0.012603
27478 0.386354 0.567467 0.046179
13144 0.009378 0.783656 0.206966
27316 0.181588 0.732003 0.086410
13108 0.142553 0.603043 0.254404
8260 0.906046 0.008519 0.085435
24020 0.484440 0.182649 0.332911
25174 0.495409 0.054501 0.450090
23275 0.671888 0.069417 0.258695
11104 0.723419 0.264416 0.012165
9789 0.058160 0.392875 0.548965
24997 0.074674 0.602792 0.322534
10805 0.116105 0.414096 0.469799
11056 0.288043 0.102066 0.609891
10714 0.176930 0.134323 0.688747
10774 0.457510 0.259188 0.283303
11601 0.606091 0.392424 0.001485
26287 0.143263 0.853556 0.003181
3568 0.175930 0.349835 0.474235
11674 0.150891 0.823160 0.025949
11929 0.471913 0.288610 0.239477
11150 0.604238 0.230785 0.164977
11138 0.384496 0.409821 0.205682
8096 0.068213 0.116755 0.815032
22689 0.277664 0.638168 0.084168
22534 0.109233 0.189212 0.701555
22664 0.001892 0.476036 0.522072
22616 0.139446 0.693886 0.166668
10995 0.370099 0.094545 0.535356
12035 0.187664 0.728744 0.083592
11888 0.805194 0.129706 0.065100
26169 0.764603 0.116684 0.118714
10869 0.158004 0.033964 0.808032
8402 0.164987 0.825162 0.009851
8110 0.284621 0.210648 0.504731
10893 0.160996 0.166087 0.672917
25014 0.456923 0.285544 0.257534
25035 0.365715 0.034105 0.600180
23292 0.029937 0.549246 0.420818
9020 0.281470 0.678080 0.040450
9022 0.211840 0.610558 0.177602
12015 0.368128 0.131624 0.500248
11999 0.722656 0.217190 0.060154
12040 0.917823 0.017311 0.064866
10410 0.024730 0.352107 0.623163
24667 0.169541 0.352474 0.477985
10707 0.410582 0.100377 0.489041
10484 0.290701 0.181091 0.528209
24304 0.188990 0.338602 0.472408
24752 0.794030 0.116455 0.089515
24626 0.359976 0.358913 0.281112
10366 0.529006 0.045182 0.425812
24721 0.248403 0.236532 0.515066
10383 0.170164 0.619963 0.209873
10214 0.759996 0.240004 0.000000
24735 0.520765 0.431692 0.047543
24715 0.518763 0.076073 0.405164
24299 0.681612 0.238408 0.079980
10387 0.581837 0.271814 0.146349
24566 0.457981 0.223951 0.318068
24694 0.054562 0.870784 0.074654
10351 0.352417 0.181618 0.465966
10354 0.122972 0.013767 0.863261
24680 0.470445 0.132730 0.396825
13919 0.280677 0.296805 0.422518
28127 0.176998 0.123763 0.699238
12786 0.473786 0.268509 0.257706
28227 0.169414 0.119642 0.710944
13916 0.438586 0.169049 0.392366
13916 0.248254 0.438524 0.313222
13916 0.279310 0.184671 0.536019
13916 0.000000 0.427314 0.572686
28221 0.560327 0.384423 0.055250
28221 0.588040 0.250675 0.161285
28221 0.263268 0.703017 0.033715
28220 0.890997 0.000000 0.109003
28221 0.308006 0.356683 0.335311
28221 0.042719 0.215567 0.741714
13934 0.800492 0.111261 0.088247
27066 0.755657 0.028691 0.215652
26644 0.084535 0.303779 0.611685
13934 0.803081 0.144469 0.052450
13934 0.472574 0.291971 0.235455
13934 0.051481 0.650989 0.297530
26362 0.316542 0.246481 0.436977
12489 0.342451 0.407797 0.249752
12459 0.329595 0.116149 0.554256
26721 0.317746 0.208748 0.473506
28214 0.747309 0.092296 0.160396
14252 0.035996 0.590003 0.374001
13934 0.415828 0.000000 0.584172
28214 0.018709 0.857755 0.123536
28214 0.412955 0.251273 0.335772
28214 0.021736 0.143534 0.834730
12823 0.577827 0.085980 0.336193
13895 0.193939 0.511616 0.294444
13940 0.232898 0.752801 0.014301
28220 0.082004 0.720619 0.197377
14040 0.658262 0.013624 0.328114
13438 0.146071 0.472334 0.381596
27703 0.383001 0.143761 0.473237
13397 0.949935 0.020953 0.029112
27805 0.593060 0.071763 0.335177
13556 0.568901 0.061464 0.369635
13597 0.277567 0.394000 0.328433
13668 0.210181 0.706857 0.082962
11312 0.551007 0.365838 0.083155
27955 0.077013 0.334884 0.588103
27947 0.005686 0.887362 0.106952
11306 0.414895 0.581050 0.004056
27966 0.274339 0.293335 0.432325
27986 0.267697 0.179480 0.552823
11303 0.363246 0.481691 0.155063
13688 0.875311 0.106134 0.018555
11331 0.167356 0.501514 0.331130
25474 0.211121 0.118712 0.670167
25546 0.468091 0.489968 0.041941
11340 0.245936 0.608542 0.145521
25463 0.353913 0.354622 0.291465
11347 0.197906 0.483298 0.318796
25804 0.930862 0.020332 0.048807
25784 0.116527 0.184700 0.698773
11538 0.045077 0.078141 0.876782
25671 0.066857 0.143038 0.790105
11487 0.160610 0.228931 0.610459
11465 0.066944 0.446746 0.486311
12599 0.231731 0.733057 0.035212
12578 0.113771 0.341685 0.544544
11418 0.018728 0.974111 0.007161
11390 0.268658 0.048183 0.683158
12883 0.327077 0.021511 0.651412
11461 0.492520 0.333044 0.174435
11447 0.273249 0.611525 0.115226
11719 0.499980 0.295184 0.204836
12278 0.512238 0.299755 0.188008
25879 0.474042 0.429283 0.096675
25830 0.930119 0.039359 0.030523
25833 0.067383 0.063384 0.869233
12522 0.274796 0.725204 0.000000
25984 0.173215 0.325909 0.500876
25704 0.592233 0.365561 0.042206
11431 0.410173 0.278153 0.311674
26610 0.743808 0.209718 0.046475
26057 0.099014 0.305941 0.595045
25122 0.245597 0.308731 0.445673
10915 0.186916 0.103668 0.709415
25950 0.206719 0.519491 0.273790
25940 0.865841 0.002856 0.131303
26608 0.178930 0.333603 0.487467
10903 0.322654 0.241722 0.435624
11793 0.003571 0.220978 0.775451
26621 0.899631 0.044640 0.055729
11789 0.344975 0.043722 0.611303
26647 0.376190 0.185328 0.438483
26618 0.158042 0.609610 0.232348
11680 0.195166 0.197081 0.607753
11690 0.472517 0.068826 0.458657
11701 0.116643 0.374183 0.509173
25981 0.168528 0.418708 0.412764
1427 0.039321 0.112337 0.848342
13698 0.741017 0.222608 0.036375
13715 0.408286 0.456537 0.135177
27788 0.782078 0.013534 0.204388
28395 0.091323 0.804612 0.104065
25600 0.585202 0.214676 0.200122
25587 0.504558 0.235270 0.260172
11180 0.082964 0.058063 0.858973
11175 0.251835 0.221159 0.527006
13548 0.541446 0.359336 0.099218
28404 0.844015 0.060776 0.095210
13533 0.031094 0.414112 0.554795
13702 0.723731 0.041238 0.235031
13614 0.269091 0.312232 0.418676
27907 0.664535 0.016594 0.318871
13703 0.217588 0.653753 0.128659
13615 0.081428 0.484887 0.433685
27908 0.705342 0.118656 0.176002
27913 0.502629 0.127264 0.370107
13616 0.268182 0.285100 0.446718
13629 0.526478 0.326162 0.147359
11355 0.229826 0.743951 0.026224
13656 0.606830 0.384257 0.008913
25564 0.347643 0.206650 0.445707
11369 0.175890 0.386769 0.437341
25555 0.191636 0.362051 0.446313
11283 0.592366 0.183140 0.224494
25497 0.267364 0.197012 0.535624
25523 0.482821 0.296880 0.220299
11252 0.189000 0.099362 0.711638
25841 0.358785 0.145920 0.495294
27124 0.557136 0.264736 0.178128
12915 0.688956 0.132303 0.178741
25162 0.150663 0.475613 0.373724
11704 0.017638 0.177318 0.805043
8081 0.202733 0.299703 0.497564
8252 0.320293 0.283515 0.396192
26356 0.109030 0.476367 0.414603
22321 0.889228 0.076186 0.034586
12095 0.287625 0.530745 0.181630
12485 0.127709 0.388384 0.483907
12075 0.074092 0.077951 0.847957
12061 0.024472 0.082675 0.892854
12482 0.002881 0.230221 0.766898
26535 0.009682 0.015409 0.974908
26754 0.219553 0.558219 0.222228
12400 0.076880 0.277478 0.645642
12222 0.433057 0.346675 0.220267
26576 0.127640 0.052079 0.820280
25113 0.685279 0.024861 0.289860
25135 0.354013 0.055071 0.590916
26310 0.008953 0.128087 0.862960
26538 0.062275 0.004254 0.933471
25436 0.345981 0.310009 0.344010
12073 0.608080 0.221833 0.170087
11033 0.017018 0.614573 0.368409
25300 0.233056 0.586311 0.180633
21920 0.145673 0.780387 0.073940
22516 0.632899 0.133651 0.233450
22523 0.014700 0.710769 0.274531
8536 0.175719 0.460339 0.363943
8783 0.228656 0.003811 0.767533
7757 0.112382 0.161729 0.725889
8901 0.186801 0.546807 0.266392
23182 0.140938 0.159451 0.699611
23863 0.230032 0.459793 0.310174
8922 0.214632 0.736592 0.048776
8789 0.612336 0.134515 0.253148
22995 0.645738 0.294496 0.059765
22990 0.454701 0.028909 0.516390
22077 0.177694 0.473827 0.348478
8791 0.337033 0.248617 0.414350
23111 0.206144 0.258578 0.535278
8869 0.745926 0.072269 0.181805
23119 0.623534 0.334550 0.041916
22991 0.040346 0.556529 0.403125
23072 0.225843 0.175866 0.598291
22999 0.671523 0.157629 0.170849
8718 0.277922 0.247596 0.474482
8668 0.014634 0.656005 0.329362
24387 0.018189 0.691089 0.290722
23961 0.604915 0.268998 0.126087
22049 0.122701 0.009883 0.867416
8954 0.377026 0.535387 0.087587
9141 0.244372 0.515963 0.239665
23898 0.848487 0.133514 0.017999
8928 0.312060 0.047158 0.640781
22921 0.260743 0.024653 0.714603
8929 0.222725 0.025889 0.751386
9100 0.270019 0.446036 0.283945
22870 0.298859 0.129445 0.571696
9117 0.326904 0.160611 0.512484
23254 0.581212 0.137871 0.280917
8931 0.556730 0.411325 0.031945
23212 0.304363 0.480188 0.215449
8932 0.000000 0.448569 0.551431
8932 0.000000 0.653175 0.346825
8932 0.156593 0.477246 0.366162
8930 0.000000 0.577460 0.422540
8930 0.000000 0.536982 0.463018
8930 0.135428 0.225356 0.639216
8976 0.446781 0.368266 0.184953
23255 0.446485 0.153544 0.399971
23377 0.323770 0.532834 0.143396
23208 0.354403 0.182202 0.463395
9101 0.000000 0.003350 0.996650
9107 0.497072 0.171569 0.331359
23314 0.283882 0.263599 0.452519
23375 0.415388 0.140418 0.444194
23333 0.109604 0.817156 0.073240
23319 0.000162 0.935690 0.064148
23364 0.007197 0.332382 0.660422
9079 0.000000 0.822331 0.177669
7608 0.073571 0.859482 0.066947
23212 0.485806 0.311914 0.202281
9566 0.065765 0.926518 0.007716
24429 0.019325 0.672129 0.308545
9504 0.866473 0.064067 0.069460
9586 0.057956 0.690988 0.251056
11936 0.301711 0.352510 0.345778
23278 0.313009 0.309443 0.377548
11124 0.435827 0.133860 0.430313
26317 0.915345 0.032610 0.052045
8930 0.000000 0.501395 0.498605
22912 0.268244 0.673942 0.057814
8931 0.025460 0.004408 0.970131
8930 0.137886 0.210565 0.651549
13788 0.192459 0.115396 0.692145
13515 0.110345 0.861035 0.028619
28001 0.099074 0.184530 0.716396
27832 0.324233 0.171395 0.504372
28415 0.466020 0.324382 0.209598
28402 0.058078 0.721704 0.220218
13525 0.618242 0.293441 0.088317
28439 0.394416 0.036711 0.568874
28353 0.007440 0.356146 0.636415
13459 0.015565 0.381445 0.602989
27765 0.486537 0.224938 0.288525
28385 0.175674 0.708490 0.115836
28172 0.036729 0.941210 0.022061
28221 0.796164 0.114060 0.089776
13916 0.001557 0.920093 0.078350
13891 0.604299 0.306389 0.089312
13404 0.420198 0.534291 0.045511
28418 0.387712 0.316024 0.296264
13545 0.063372 0.403616 0.533012
28112 0.150259 0.453770 0.395971
28443 0.366829 0.605603 0.027568
27782 0.109210 0.565833 0.324957
13594 0.237688 0.040910 0.721402
27800 0.223268 0.502391 0.274341
13589 0.606621 0.185166 0.208213
25255 0.310264 0.503838 0.185898
10981 0.116485 0.260937 0.622578
10996 0.266789 0.391617 0.341594
25292 0.283057 0.002526 0.714417
11016 0.802097 0.015762 0.182141
11017 0.022926 0.927591 0.049483
25291 0.195744 0.714486 0.089769
11036 0.463367 0.295082 0.241551
12007 0.521862 0.463452 0.014686
11938 0.182227 0.412682 0.405091
12037 0.028204 0.791476 0.180321
11983 0.757161 0.067340 0.175499
12020 0.057551 0.740713 0.201736
11935 0.187751 0.688100 0.124148
11949 0.903585 0.078231 0.018185
26305 0.224599 0.126268 0.649134
26283 0.074695 0.039201 0.886104
8589 0.367493 0.276115 0.356391
8805 0.311453 0.490778 0.197769
23086 0.305663 0.080311 0.614027
8871 0.864792 0.032392 0.102816
23930 0.229379 0.000843 0.769778
9780 0.145256 0.478869 0.375874
23345 0.076280 0.238624 0.685095
8928 0.000000 0.582140 0.417860
23207 0.491500 0.014308 0.494192
9617 0.245007 0.356193 0.398800
9605 0.000000 0.994013 0.005987
24060 0.425351 0.065176 0.509473
23213 0.360608 0.365656 0.273736
8974 0.748520 0.045976 0.205504
22397 0.003235 0.861106 0.135659
12065 0.245245 0.505233 0.249521
26757 0.609378 0.056776 0.333846
12445 0.425776 0.265804 0.308420
12101 0.653919 0.291391 0.054690
12137 0.239224 0.193899 0.566878
12069 0.565291 0.404017 0.030692
24607 0.272123 0.217835 0.510043
10329 0.897857 0.022315 0.079828
23501 0.228662 0.743792 0.027546
24524 0.829182 0.051747 0.119070
23454 0.040636 0.782264 0.177099
9167 0.205667 0.732748 0.061585
10444 0.510199 0.408533 0.081268
9338 0.209370 0.201590 0.589040
9221 0.725319 0.177856 0.096825
9216 0.498450 0.376288 0.125262
9817 0.631975 0.318144 0.049881
23497 0.654367 0.298317 0.047315
9363 0.679515 0.176377 0.144108
9325 0.099501 0.309827 0.590672
9328 0.566001 0.356674 0.077325
9895 0.156107 0.016530 0.827363
9832 0.558929 0.086688 0.354383
24472 0.103412 0.237695 0.658893
24441 0.273651 0.571757 0.154591
24122 0.475239 0.351517 0.173243
24851 0.315741 0.119202 0.565057
24200 0.392747 0.231444 0.375809
24184 0.467606 0.529254 0.003140
26909 0.016448 0.781399 0.202153
27505 0.117712 0.076275 0.806012
26978 0.043275 0.759754 0.196971
26994 0.098312 0.083995 0.817693
10038 0.077673 0.891810 0.030517
10509 0.365470 0.617281 0.017249
13233 0.048495 0.166268 0.785237
10489 0.048662 0.901661 0.049677
24724 0.231753 0.534940 0.233306
23447 0.067477 0.395680 0.536843
24717 0.336988 0.118665 0.544347
10386 0.138800 0.305808 0.555392
23435 0.195394 0.427592 0.377014
9350 0.202864 0.748330 0.048806
9257 0.084998 0.068867 0.846135
24679 0.340182 0.610287 0.049531
9261 0.000000 0.592902 0.407098
9235 0.000000 1.000000 0.000000
23509 0.471165 0.138639 0.390195
24529 0.375789 0.544861 0.079350
10221 0.000000 0.230332 0.769668
10242 0.063290 0.936710 0.000000
9330 0.556081 0.067759 0.376160
23596 0.696527 0.045592 0.257881
9361 0.240143 0.513183 0.246674
9201 0.188929 0.166113 0.644958
9169 0.391313 0.000000 0.608687
23528 0.239184 0.059688 0.701128
24495 0.515502 0.427134 0.057364
23481 0.156597 0.414101 0.429302
23564 0.105664 0.563874 0.330461
9237 0.861733 0.000000 0.138267
9237 0.089860 0.910140 0.000000
23556 0.051399 0.811205 0.137396
23508 0.634957 0.004645 0.360398
9276 0.435952 0.366527 0.197521
9281 0.287744 0.467648 0.244609
23554 0.367113 0.397723 0.235164
24445 0.027412 0.184309 0.788279
9359 0.501745 0.078422 0.419833
23633 0.761788 0.204271 0.033941
23558 0.576257 0.346776 0.076967
9274 0.892999 0.049820 0.057181
9243 0.388463 0.145765 0.465772
9311 0.000000 0.431335 0.568665
23625 0.031730 0.899910 0.068360
24497 0.437430 0.088568 0.474002
9312 0.405226 0.000000 0.594774
25395 0.321618 0.314953 0.363429
25394 0.371255 0.046124 0.582621
26008 0.109493 0.561882 0.328625
8629 0.060572 0.234966 0.704462
8638 0.741436 0.088752 0.169812
9597 0.043759 0.634153 0.322087
23881 0.289307 0.178739 0.531954
8955 0.310001 0.542100 0.147900
9097 0.500986 0.000000 0.499014
23378 0.472120 0.312613 0.215266
8975 0.388997 0.291293 0.319710
23379 0.165557 0.048490 0.785954
23358 0.005457 0.939526 0.055018
9670 0.223746 0.322952 0.453302
7464 0.328074 0.006666 0.665261
7462 0.376370 0.495388 0.128243
7455 0.459207 0.086438 0.454355
7452 0.212599 0.118137 0.669264
8906 0.290753 0.037927 0.671320
22051 0.101739 0.405712 0.492549
22853 0.356490 0.240076 0.403434
22814 0.766881 0.085810 0.147309
8244 0.303202 0.484451 0.212347
22943 0.551662 0.228357 0.219982
22945 0.265394 0.302808 0.431798
22840 0.466943 0.040575 0.492481
8553 0.060503 0.904290 0.035207
22831 0.304445 0.677553 0.018002
24338 0.108386 0.393928 0.497686
24329 0.284094 0.575927 0.139979
10079 0.641007 0.081499 0.277494
24341 0.224391 0.587437 0.188172
24335 0.110198 0.238796 0.651006
7388 0.011913 0.719373 0.268714
23983 0.159878 0.563355 0.276767
9646 0.056972 0.475919 0.467109
9690 0.210869 0.337953 0.451178
9702 0.279335 0.115142 0.605523
23956 0.404464 0.363075 0.232461
22875 0.149657 0.185841 0.664502
22873 0.258424 0.408938 0.332638
21726 0.418650 0.274947 0.306403
7615 0.654334 0.147190 0.198476
9611 0.393297 0.025592 0.581111
9603 0.163324 0.437479 0.399197
10051 0.650273 0.032375 0.317351
8643 0.408726 0.374850 0.216425
8555 0.578963 0.415756 0.005281
22838 0.497311 0.326982 0.175707
22867 0.194755 0.794760 0.010485
8515 0.203014 0.042256 0.754730
9775 0.628714 0.000099 0.371187
9774 0.448612 0.052645 0.498743
7744 0.389707 0.561109 0.049184
10090 0.333559 0.250938 0.415502
7605 0.068244 0.730556 0.201200
7598 0.011065 0.692630 0.296305
7612 0.032742 0.752140 0.215118
10596 0.240456 0.121641 0.637902
8847 0.043790 0.588930 0.367280
23129 0.323831 0.615578 0.060591
8700 0.053226 0.062423 0.884351
22828 0.074553 0.748611 0.176836
8588 0.776802 0.099956 0.123242
8530 0.258479 0.651466 0.090056
22791 0.281376 0.573564 0.145060
7740 0.235896 0.606922 0.157181
22027 0.338392 0.108292 0.553317
7726 0.000000 0.492079 0.507921
7726 0.222352 0.512472 0.265176
7726 0.582492 0.228174 0.189333
22006 0.592920 0.232341 0.174739
7733 0.341899 0.365681 0.292421
7733 0.782989 0.217011 0.000000
7729 0.246020 0.089594 0.664387
22783 0.397719 0.534121 0.068160
22783 0.382411 0.363215 0.254375
22782 0.376064 0.169014 0.454923
7727 0.266385 0.682471 0.051143
7727 0.000000 0.528804 0.471196
23124 0.037245 0.054351 0.908403
8845 0.551199 0.325917 0.122884
23124 0.525139 0.433651 0.041210
8502 0.000000 0.347149 0.652851
8502 0.702031 0.089960 0.208009
8503 0.410599 0.512708 0.076693
22008 0.773686 0.106294 0.120019
22009 0.362245 0.435085 0.202670
7734 0.306282 0.558280 0.135439
22013 0.473581 0.385030 0.141389
22006 0.318303 0.233044 0.448653
8846 0.328245 0.139636 0.532118
23091 0.193956 0.147425 0.658619
22012 0.462561 0.475692 0.061748
10117 0.236903 0.271054 0.492043
21890 0.663397 0.000000 0.336603
7728 0.678614 0.310219 0.011167
8482 0.027375 0.351765 0.620859
22805 0.554048 0.118404 0.327548
22808 0.131702 0.421107 0.447191
8843 0.185024 0.365702 0.449274
23130 0.193948 0.775595 0.030457
22006 0.797321 0.092047 0.110632
7733 0.360745 0.535353 0.103902
22008 0.104922 0.187147 0.707931
7729 0.106605 0.216456 0.676939
7729 0.140676 0.791312 0.068012
22783 0.140687 0.441577 0.417736
7728 0.006294 0.907562 0.086144
22007 0.674505 0.276938 0.048556
22007 0.390284 0.569598 0.040117
22007 0.149610 0.659310 0.191080
8603 0.878376 0.055260 0.066364
8600 0.494112 0.376814 0.129074
22910 0.141052 0.304540 0.554408
22900 0.382667 0.495571 0.121762
21980 0.243335 0.134737 0.621928
21979 0.041650 0.066311 0.892040
7723 0.054336 0.750085 0.195579
23101 0.346007 0.515248 0.138745
8823 0.084867 0.650381 0.264752
23008 0.988802 0.010414 0.000783
22969 0.544874 0.079039 0.376088
22777 0.722911 0.229602 0.047486
7588 0.424965 0.083593 0.491442
21867 0.634944 0.101383 0.263673
22972 0.097185 0.153895 0.748920
8602 0.942657 0.044514 0.012830
22903 0.159240 0.477061 0.363698
21714 0.271855 0.527358 0.200787
21720 0.159552 0.327842 0.512606
7443 0.162343 0.295323 0.542334
7421 0.562097 0.219744 0.218158
7420 0.218000 0.349108 0.432892
8614 0.065309 0.314239 0.620451
22872 0.626616 0.209955 0.163429
21706 0.094194 0.369233 0.536573
21748 0.073792 0.786160 0.140048
21896 0.139274 0.748234 0.112491
7621 0.093400 0.496678 0.409922
7667 0.202937 0.163901 0.633163
7695 0.240766 0.594954 0.164279
22026 0.905428 0.021489 0.073083
7435 0.215978 0.371725 0.412297
7584 0.311621 0.514943 0.173436
21723 0.444571 0.008952 0.546477
8602 0.468673 0.501777 0.029551
22902 0.768671 0.138812 0.092517
8606 0.691673 0.153678 0.154648
7419 0.010016 0.645007 0.344978
21701 0.125893 0.468707 0.405400
7434 0.510214 0.325315 0.164472
21720 0.591869 0.093038 0.315093
7443 0.413779 0.001816 0.584405
7438 0.469393 0.185789 0.344818
21709 0.116340 0.300929 0.582731
7423 0.798064 0.052825 0.149111
7775 0.732898 0.141369 0.125733
22056 0.451374 0.261167 0.287459
21977 0.253037 0.183667 0.563296
8883 0.037339 0.299266 0.663395
8848 0.144433 0.313754 0.541813
22981 0.274824 0.030638 0.694538
22804 0.672851 0.229424 0.097725
22964 0.281495 0.021682 0.696823
23030 0.065720 0.164638 0.769642
23096 0.033515 0.558569 0.407916
7713 0.897774 0.005047 0.097178
22032 0.125722 0.068908 0.805371
21997 0.351914 0.252175 0.395911
7613 0.379438 0.504371 0.116191
7636 0.420784 0.238942 0.340274
21918 0.434686 0.479030 0.086284
23035 0.049895 0.556738 0.393367
23060 0.262556 0.613286 0.124157
8777 0.182767 0.646394 0.170839
7736 0.682944 0.128747 0.188309
21908 0.167323 0.345997 0.486681
23062 0.036614 0.804569 0.158817
22757 0.059243 0.368881 0.571876
8778 0.202380 0.624476 0.173144
8768 0.850454 0.023702 0.125844
8527 0.371731 0.341356 0.286913
22802 0.068834 0.208097 0.723069
9491 0.618451 0.025535 0.356014
8767 0.777793 0.131414 0.090793
8505 0.364807 0.308829 0.326364
8758 0.152458 0.092997 0.754544
23157 0.184880 0.416651 0.398470
23152 0.322699 0.653329 0.023972
7432 0.433011 0.404905 0.162084
21712 0.517079 0.185323 0.297598
8820 0.214559 0.515129 0.270312
23097 0.706600 0.200092 0.093307
23093 0.043757 0.487216 0.469027
21712 0.200586 0.768696 0.030718
23171 0.510357 0.175738 0.313905
7420 0.208304 0.753227 0.038469
7433 0.471372 0.345750 0.182879
8623 0.395816 0.133808 0.470377
8614 0.158888 0.684913 0.156198
8614 0.264932 0.326639 0.408428
21713 0.610640 0.341955 0.047405
7432 0.345622 0.352270 0.302108
7432 0.553499 0.035982 0.410520
7432 0.071732 0.333065 0.595203
21713 0.166043 0.779188 0.054769
8614 0.429050 0.228892 0.342059
8623 0.197297 0.570970 0.231734
23125 0.097480 0.308022 0.594498
8811 0.732103 0.149792 0.118105
22013 0.045146 0.031650 0.923205
22014 0.629033 0.291696 0.079271
7730 0.058103 0.253235 0.688663
22783 0.164777 0.585988 0.249234
8488 0.110190 0.152557 0.737253
8479 0.305887 0.365880 0.328233
8521 0.420148 0.319712 0.260141
23123 0.635497 0.063262 0.301241
8845 0.078365 0.580979 0.340657
21692 0.507364 0.382396 0.110241
21489 0.065007 0.683496 0.251497
7205 0.592240 0.125688 0.282071
7244 0.527212 0.472788 0.000000
9570 0.000000 0.220412 0.779588
9505 0.080465 0.042866 0.876669
24324 0.606245 0.355058 0.038697
21773 0.297480 0.500281 0.202239
21660 0.202742 0.681174 0.116084
7179 0.214845 0.754472 0.030683
22140 0.022055 0.913206 0.064739
21536 0.056148 0.577578 0.366274
8211 0.604699 0.110901 0.284400
8135 0.017738 0.800531 0.181731
7189 0.742264 0.125440 0.132295
7165 0.143345 0.669224 0.187431
7182 0.553326 0.355653 0.091021
7289 0.648938 0.314491 0.036571
7586 0.027018 0.921628 0.051354
7483 0.035887 0.019288 0.944825
7141 0.021396 0.396866 0.581738
21841 0.102742 0.204684 0.692574
21550 0.398324 0.080956 0.520719
22112 0.359249 0.375760 0.264992
22472 0.193177 0.132119 0.674704
22344 0.645004 0.136953 0.218043
22343 0.212658 0.223370 0.563972
7170 0.226477 0.724530 0.048992
7168 0.646983 0.269936 0.083081
7877 0.766395 0.175934 0.057671
7874 0.279597 0.671020 0.049382
21755 0.616761 0.009775 0.373464
7488 0.144746 0.727745 0.127509
7402 0.456878 0.405245 0.137877
21860 0.000000 0.123354 0.876646
21443 0.386333 0.059588 0.554078
22115 0.346014 0.401980 0.252006
7854 0.053686 0.616416 0.329898
7252 0.850431 0.034915 0.114654
7299 0.102697 0.252998 0.644306
7302 0.509178 0.020108 0.470714
21572 0.427919 0.273001 0.299080
7184 0.230325 0.742406 0.027269
7280 0.187994 0.121128 0.690878
7841 0.649599 0.133281 0.217120
7151 0.286758 0.612167 0.101075
7143 0.085903 0.898930 0.015167
21780 0.038308 0.298756 0.662936
9537 0.326713 0.150293 0.522994
21816 0.000000 0.427877 0.572123
7574 0.207821 0.251344 0.540836
7145 0.256737 0.730215 0.013048
21429 0.631598 0.217295 0.151108
7843 0.797174 0.101394 0.101432
7294 0.110774 0.559031 0.330195
21559 0.134811 0.202874 0.662315
21505 0.363323 0.505641 0.131036
7858 0.397588 0.439648 0.162764
22170 0.259318 0.204750 0.535931
7297 0.027384 0.201561 0.771055
21583 0.142205 0.014346 0.843449
21800 0.021514 0.081700 0.896785
7514 0.340191 0.358850 0.300959
7526 0.081220 0.360976 0.557804
7882 0.068936 0.178054 0.753010
7879 0.876179 0.092655 0.031166
21529 0.216108 0.042383 0.741509
21458 0.060761 0.006702 0.932538
21791 0.112927 0.468671 0.418402
7362 0.885105 0.081734 0.033160
7213 0.536547 0.275081 0.188372
22107 0.042587 0.456676 0.500737
7513 0.380947 0.144492 0.474561
22193 0.138971 0.776579 0.084450
7869 0.107819 0.764235 0.127946
7892 0.437848 0.424839 0.137312
7321 0.215385 0.081528 0.703087
21609 0.852804 0.052225 0.094971
21790 0.256540 0.669006 0.074454
22192 0.890556 0.032808 0.076636
7870 0.811883 0.039386 0.148732
21598 0.469316 0.438716 0.091968
7328 0.603164 0.004040 0.392796
21610 0.005025 0.098473 0.896502
22341 0.334917 0.306835 0.358248
8113 0.428142 0.273876 0.297982
8188 0.164829 0.325492 0.509680
7909 0.079399 0.915827 0.004774
21615 0.064155 0.274451 0.661394
7347 0.115668 0.719492 0.164840
21589 0.413210 0.334964 0.251825
21636 0.303798 0.592990 0.103211
22185 0.240787 0.077556 0.681657
14041 0.498944 0.205139 0.295917
28318 0.916124 0.057771 0.026105
28198 0.008127 0.307258 0.684615
27002 0.433643 0.445814 0.120543
27051 0.041850 0.630668 0.327481
27095 0.514676 0.054571 0.430752
13821 0.501460 0.287800 0.210740
13759 0.594975 0.036901 0.368124
28062 0.119520 0.470990 0.409489
28078 0.879477 0.071480 0.049043
13646 0.539989 0.300559 0.159451
13777 0.043026 0.705996 0.250978
13735 0.034557 0.639858 0.325584
28030 0.314531 0.342401 0.343069
13935 0.037097 0.107907 0.854996
28215 0.117610 0.095581 0.786809
14276 0.494785 0.238833 0.266382
13990 0.295364 0.458697 0.245940
13977 0.734910 0.212401 0.052690
13885 0.462983 0.433937 0.103079
13893 0.673258 0.101865 0.224878
27063 0.267345 0.101753 0.630902
28181 0.117664 0.143618 0.738718
28557 0.561896 0.224332 0.213772
13905 0.604904 0.354365 0.040731
14264 0.337395 0.553379 0.109226
28189 0.478022 0.111670 0.410308
27039 0.634398 0.314365 0.051237
27103 0.529251 0.004645 0.466105
12799 0.076120 0.893978 0.029902
27108 0.796120 0.085969 0.117911
12750 0.492415 0.038852 0.468733
12775 0.723323 0.105441 0.171236
26652 0.042467 0.816299 0.141234
12377 0.402846 0.597154 0.000000
12906 0.000000 0.237635 0.762365
12805 0.044471 0.907493 0.048036
12771 0.264857 0.176351 0.558792
27000 0.367992 0.173587 0.458421
13980 0.547388 0.318354 0.134258
13995 0.440226 0.541518 0.018256
28271 0.293663 0.553653 0.152684
11817 0.799122 0.191594 0.009284
28267 0.299479 0.692851 0.007670
12756 0.356696 0.451943 0.191360
28246 0.685387 0.000000 0.314613
13950 0.458821 0.004394 0.536785
28320 0.373608 0.161410 0.464982
28210 0.187615 0.441194 0.371191
12759 0.277516 0.059033 0.663451
12765 0.117519 0.218045 0.664436
13992 0.092757 0.334149 0.573094
26571 0.619871 0.126445 0.253684
27011 0.286254 0.637178 0.076568
12763 0.083773 0.893642 0.022585
27046 0.346366 0.461192 0.192442
28239 0.009839 0.310374 0.679787
28250 0.561776 0.202328 0.235896
27187 0.174422 0.124760 0.700818
11795 0.234220 0.660910 0.104871
26092 0.195788 0.537112 0.267100
28276 0.041227 0.162581 0.796192
28170 0.124655 0.148928 0.726416
28209 0.665035 0.066725 0.268240
28192 0.119639 0.075196 0.805165
28481 0.206987 0.418623 0.374390
28549 0.105585 0.383872 0.510543
28539 0.120008 0.284231 0.595761
14208 0.679074 0.308682 0.012243
14169 0.190713 0.037179 0.772108
28478 0.599247 0.396661 0.004092
28336 0.323648 0.219609 0.456743
28465 0.369143 0.234287 0.396571
14182 0.691857 0.206966 0.101177
14210 0.822754 0.066174 0.111072
28532 0.073973 0.509476 0.416552
14273 0.057362 0.885579 0.057059
13927 0.445520 0.226122 0.328357
13922 0.044578 0.822931 0.132490
14042 0.339238 0.160802 0.499960
28326 0.712193 0.003069 0.284737
13834 0.082504 0.192608 0.724888
14014 0.971732 0.007190 0.021078
28131 0.443199 0.122313 0.434488
14220 0.796894 0.122131 0.080975
14009 0.417036 0.319745 0.263218
7726 0.408823 0.455798 0.135379
22007 0.081799 0.763979 0.154222
7726 0.759446 0.014326 0.226228
7733 0.176443 0.693706 0.129851
22008 0.044213 0.422758 0.533029
7729 0.059190 0.248988 0.691822
7729 0.317623 0.365606 0.316770
22783 0.252302 0.218896 0.528802
22782 0.092099 0.107221 0.800680
7727 0.480675 0.293239 0.226086
7727 0.247608 0.144380 0.608012
23423 0.102717 0.061199 0.836084
9071 0.220160 0.063917 0.715923
23359 0.066563 0.253242 0.680196
9143 0.014415 0.339626 0.645959
9142 0.051879 0.948121 0.000000
9104 0.717819 0.181777 0.100403
9059 0.600588 0.060663 0.338749
7770 0.000000 0.997666 0.002334
9089 0.014921 0.699691 0.285389
9075 0.336465 0.558653 0.104882
9692 0.037306 0.234088 0.728606
9694 0.447695 0.124165 0.428140
10264 0.268772 0.188428 0.542799
24302 0.285001 0.065358 0.649641
9225 0.302263 0.241469 0.456268
10301 0.517548 0.361184 0.121268
24211 0.480106 0.092105 0.427789
10288 0.489984 0.343344 0.166672
23490 0.288359 0.458530 0.253111
24573 0.460847 0.440941 0.098213
10420 0.018809 0.627420 0.353770
24551 0.544202 0.335939 0.119859
10614 0.086501 0.901219 0.012280
24733 0.055577 0.254694 0.689729
9935 0.565837 0.401666 0.032496
9974 0.006543 0.555160 0.438297
24885 0.497322 0.428852 0.073826
10625 0.677021 0.192340 0.130639
9980 0.302805 0.546908 0.150287
10289 0.701480 0.187605 0.110914
9951 0.917731 0.003445 0.078824
9941 0.691328 0.055904 0.252769
10010 0.244827 0.121376 0.633797
9983 0.650522 0.047298 0.302180
24228 0.318546 0.522246 0.159208
10601 0.259123 0.400120 0.340757
10623 0.142291 0.000000 0.857709
24880 0.048271 0.339024 0.612705
10612 0.354185 0.645815 0.000000
24904 0.217549 0.723242 0.059210
10613 0.710108 0.000000 0.289892
24892 0.350257 0.284572 0.365172
10612 0.000000 0.502062 0.497938
24893 0.209458 0.369553 0.420989
24893 0.392796 0.279431 0.327773
9950 0.137656 0.334021 0.528323
9950 0.749574 0.000000 0.250426
24229 0.345733 0.516458 0.137808
9950 0.868901 0.131099 0.000000
24230 0.419755 0.057208 0.523037
10289 0.128046 0.673645 0.198309
10288 0.209903 0.059542 0.730555
10289 0.202727 0.797273 0.000000
10289 0.469225 0.503017 0.027759
10289 0.383195 0.616805 0.000000
28145 0.158490 0.218673 0.622837
26405 0.090011 0.814535 0.095453
15284 0.035793 0.619190 0.345017
22315 0.340755 0.101635 0.557610
22335 0.207951 0.355027 0.437023
8165 0.877531 0.027515 0.094954
26429 0.298877 0.099935 0.601189
22478 0.154015 0.727778 0.118207
7729 0.122732 0.460075 0.417193
7729 0.205405 0.375355 0.419240
7729 0.053683 0.748207 0.198110
7728 0.835085 0.114099 0.050816
22783 0.042168 0.462634 0.495198
22783 0.046111 0.759316 0.194573
8503 0.697007 0.188157 0.114836
8488 0.353555 0.129517 0.516928
22783 0.841716 0.070938 0.087346
8488 0.506025 0.148781 0.345193
8490 0.020768 0.563888 0.415344
22767 0.550750 0.025925 0.423326
22771 0.597962 0.178691 0.223347
7729 0.707010 0.155454 0.137536
8504 0.484250 0.113043 0.402706
8487 0.072959 0.003004 0.924037
21856 0.466403 0.413288 0.120309
21845 0.390872 0.114292 0.494836
9072 0.481025 0.000000 0.518975
23959 0.299118 0.516225 0.184657
7458 0.146952 0.278169 0.574878
7593 0.421661 0.177345 0.400994
21956 0.626518 0.148965 0.224517
22773 0.147247 0.521056 0.331697
23279 0.673716 0.323671 0.002613
23572 0.005165 0.736573 0.258262
22455 0.856978 0.031099 0.111924
9404 0.446618 0.298343 0.255039
9396 0.022608 0.970354 0.007038
23279 0.994175 0.000000 0.005825
8999 0.732549 0.152459 0.114993
23279 0.319914 0.409593 0.270493
23279 0.785398 0.011714 0.202888
8999 0.629707 0.221385 0.148908
23279 0.189207 0.596993 0.213800
8999 0.432533 0.157057 0.410410
1171 0.611976 0.340457 0.047568
20252 0.085286 0.795960 0.118753
5978 0.544122 0.359164 0.096714
19309 0.035274 0.267457 0.697269
5049 0.179133 0.555592 0.265275
5271 0.155518 0.680186 0.164296
17240 0.002943 0.142160 0.854897
4771 0.597301 0.234896 0.167803
3794 0.288835 0.058757 0.652408
1216 0.385465 0.024671 0.589864
14796 0.074123 0.644194 0.281683
16167 0.842230 0.084692 0.073078
2136 0.545628 0.009604 0.444768
17304 0.246282 0.615104 0.138614
16320 0.457816 0.506215 0.035969
6748 0.662237 0.170874 0.166889
6779 0.759289 0.009320 0.231391
20993 0.011851 0.029139 0.959010
19912 0.510312 0.016594 0.473094
6736 0.233494 0.602405 0.164101
20978 0.519309 0.082751 0.397940
6862 0.102671 0.738193 0.159136
19617 0.324173 0.412932 0.262896
21169 0.192203 0.240129 0.567668
18827 0.305248 0.043157 0.651594
