2675 0.712424 0.186708 0.100868
30531 0.382031 0.053408 0.564561
974 0.271304 0.231379 0.497316
22752 0.207972 0.589447 0.202580
6605 0.247882 0.016574 0.735545
773 0.532515 0.255447 0.212038
29870 0.713459 0.187430 0.099110
4163 0.645428 0.178858 0.175715
29855 0.590104 0.106969 0.302927
2311 0.141381 0.422174 0.436445
30023 0.050496 0.688872 0.260632
30115 0.105584 0.036515 0.857901
30380 0.436596 0.116385 0.447019
4154 0.104177 0.895823 0.000000
23212 0.167012 0.803617 0.029370
2140 0.633907 0.072492 0.293601
2015 0.378505 0.064166 0.557328
29518 0.634274 0.342890 0.022836
466 0.040787 0.214590 0.744623
818 0.208218 0.384301 0.407480
82 0.103538 0.455168 0.441293
728 0.138353 0.043632 0.818015
23974 0.542637 0.061936 0.395428
789 0.052311 0.564266 0.383423
5144 0.048853 0.162331 0.788816
23620 0.036694 0.227393 0.735913
22004 0.639908 0.126530 0.233562
5189 0.841638 0.011116 0.147246
5094 0.755689 0.041673 0.202638
5331 0.465598 0.469684 0.064718
24528 0.033775 0.628065 0.338160
24612 0.521990 0.096354 0.381656
5047 0.005028 0.280803 0.714169
24650 0.112318 0.189081 0.698601
21977 0.352306 0.034531 0.613163
21933 0.136091 0.428695 0.435214
18172 0.069088 0.680717 0.250195
28281 0.046122 0.734510 0.219369
9756 0.575113 0.113655 0.311232
26740 0.022525 0.638032 0.339444
29030 0.716264 0.193690 0.090046
10023 0.148567 0.433242 0.418192
27198 0.183812 0.569693 0.246495
21473 0.308557 0.558049 0.133394
21571 0.056573 0.095338 0.848089
28208 0.155533 0.146196 0.698271
27980 0.495077 0.500202 0.004721
10354 0.369424 0.036978 0.593599
10301 0.139192 0.000000 0.860808
21521 0.185551 0.718643 0.095806
8318 0.944543 0.015346 0.040111
25030 0.321820 0.155628 0.522551
20311 0.000000 0.804371 0.195629
8262 0.244302 0.068679 0.687019
9316 0.301485 0.436934 0.261582
22057 0.093330 0.671021 0.235649
4802 0.235242 0.158617 0.606141
29962 0.537759 0.302617 0.159624
2309 0.260148 0.201146 0.538707
29291 0.143896 0.843880 0.012224
23036 0.584115 0.200676 0.215210
30540 0.117029 0.033293 0.849678
22726 0.271349 0.428807 0.299843
23506 0.018609 0.115123 0.866268
2032 0.159003 0.646941 0.194056
27605 0.847288 0.001343 0.151369
9157 0.721171 0.037140 0.241689
56 0.018076 0.309683 0.672241
2191 0.008310 0.412907 0.578783
30214 0.459550 0.114693 0.425757
21411 0.125703 0.782786 0.091511
4715 0.608171 0.269028 0.122801
21794 0.019643 0.147306 0.833051
21506 0.488947 0.386445 0.124609
22024 0.218166 0.678948 0.102886
30261 0.095966 0.768541 0.135493
23439 0.369732 0.576708 0.053560
5339 0.569661 0.302491 0.127849
4480 0.209129 0.063868 0.727002
30222 0.044930 0.642925 0.312145
23778 0.185359 0.790699 0.023942
23760 0.151614 0.613925 0.234461
23313 0.628230 0.120224 0.251546
4129 0.284566 0.583120 0.132314
23954 0.372416 0.113979 0.513606
1147 0.092028 0.587543 0.320428
23751 0.321934 0.340312 0.337754
1192 0.564940 0.002543 0.432517
23066 0.407667 0.560506 0.031828
4524 0.114924 0.220908 0.664168
27985 0.019580 0.916569 0.063851
1280 0.022558 0.840129 0.137313
29852 0.738774 0.158814 0.102412
22786 0.480493 0.278973 0.240534
6058 0.406751 0.511320 0.081929
28005 0.147517 0.253368 0.599115
29414 0.395403 0.411487 0.193111
29418 0.097229 0.075139 0.827632
29305 0.444287 0.512514 0.043199
30253 0.555855 0.156519 0.287626
2240 0.021860 0.867934 0.110207
254 0.034256 0.859256 0.106488
8028 0.011922 0.075225 0.912853
29072 0.135099 0.556654 0.308247
9474 0.293557 0.444279 0.262165
9414 0.738262 0.172884 0.088854
29205 0.180402 0.144015 0.675583
26917 0.116954 0.692831 0.190215
3311 0.368209 0.519936 0.111855
21728 0.116094 0.568064 0.315842
22638 0.165972 0.474499 0.359529
22570 0.210830 0.503546 0.285624
26727 0.033485 0.199516 0.766999
10487 0.010042 0.840392 0.149566
29097 0.013774 0.431440 0.554786
10251 0.170768 0.314178 0.515054
29055 0.856995 0.072920 0.070085
21463 0.403664 0.344973 0.251363
22454 0.124592 0.007660 0.867748
31627 0.295676 0.495864 0.208461
9635 0.025781 0.153697 0.820522
31579 0.498251 0.049741 0.452008
8573 0.050266 0.168860 0.780874
8733 0.499227 0.490316 0.010456
31155 0.076945 0.015991 0.907064
1681 0.414822 0.367984 0.217194
27681 0.161421 0.742275 0.096304
27949 0.303959 0.391150 0.304891
27696 0.492265 0.159952 0.347783
31589 0.485631 0.115358 0.399010
31693 0.074300 0.330353 0.595347
30694 0.037334 0.860265 0.102401
9659 0.523914 0.410166 0.065920
29197 0.018840 0.652198 0.328962
8507 0.640968 0.143765 0.215267
27246 0.624654 0.047247 0.328099
8480 0.026713 0.693303 0.279985
29242 0.070153 0.594958 0.334888
26140 0.496274 0.256164 0.247561
17483 0.559237 0.366558 0.074205
26819 0.503818 0.024856 0.471326
26884 0.139002 0.000164 0.860833
2002 0.228640 0.644428 0.126932
8418 0.521179 0.093373 0.385448
8424 0.326150 0.344654 0.329195
31715 0.011475 0.149079 0.839446
8633 0.974204 0.017766 0.008030
8136 0.202534 0.240642 0.556824
26972 0.734081 0.233719 0.032200
8387 0.011223 0.181065 0.807712
26845 0.554443 0.274212 0.171344
26938 0.416463 0.284743 0.298794
3083 0.437881 0.389211 0.172908
21710 0.186278 0.292098 0.521624
26544 0.007044 0.530448 0.462508
17523 0.204676 0.073624 0.721700
302 0.424087 0.061877 0.514037
2205 0.185841 0.040568 0.773591
3193 0.169312 0.278600 0.552088
4807 0.011999 0.207967 0.780034
27125 0.435183 0.194768 0.370049
31839 0.137710 0.571292 0.290998
33138 0.484286 0.453499 0.062215
31360 0.517449 0.159688 0.322864
678 0.172417 0.364891 0.462692
1191 0.068903 0.795469 0.135628
967 0.154917 0.000000 0.845083
2039 0.070136 0.290683 0.639181
30276 0.015637 0.887183 0.097180
28440 0.250622 0.442850 0.306528
28376 0.672100 0.111412 0.216488
6577 0.078099 0.394992 0.526909
28180 0.349107 0.211940 0.438953
28595 0.795671 0.172434 0.031895
6123 0.208518 0.106495 0.684987
28505 0.587093 0.048171 0.364737
6102 0.329628 0.101231 0.569141
14625 0.015211 0.903220 0.081569
18655 0.274071 0.106840 0.619090
30148 0.268627 0.280750 0.450623
30133 0.263204 0.487284 0.249512
1017 0.859704 0.092459 0.047837
4080 0.680287 0.122667 0.197046
18402 0.211783 0.378433 0.409783
24448 0.054544 0.041066 0.904390
21984 0.019963 0.547716 0.432321
23422 0.238445 0.461045 0.300510
23667 0.028224 0.245459 0.726316
23606 0.565146 0.174909 0.259945
21886 0.634114 0.361979 0.003907
3265 0.219771 0.770628 0.009601
21954 0.545792 0.127330 0.326878
28184 0.091557 0.588415 0.320027
9836 0.846497 0.150814 0.002690
23502 0.481366 0.368761 0.149873
22213 0.545632 0.406879 0.047489
3026 0.049289 0.269539 0.681172
22201 0.006263 0.887122 0.106616
22130 0.049839 0.544480 0.405680
3177 0.176046 0.794733 0.029221
22161 0.163492 0.398753 0.437755
224 0.052942 0.700153 0.246905
29910 0.340813 0.574594 0.084592
29859 0.091600 0.367554 0.540846
29914 0.060391 0.181142 0.758467
30394 0.672550 0.265488 0.061963
30218 0.376693 0.143111 0.480197
200 0.446024 0.400840 0.153136
29947 0.669458 0.218243 0.112299
26755 0.927138 0.065013 0.007848
22772 0.262513 0.515891 0.221595
4413 0.009089 0.631330 0.359581
23944 0.242658 0.310420 0.446922
24464 0.323593 0.573365 0.103042
10634 0.613650 0.286783 0.099567
28807 0.608084 0.207384 0.184532
26687 0.170433 0.702860 0.126707
9561 0.240217 0.368994 0.390788
9597 0.277034 0.469149 0.253818
10184 0.352641 0.210739 0.436620
10672 0.170117 0.810337 0.019546
29159 0.179234 0.199853 0.620913
10425 0.347823 0.339556 0.312622
29139 0.212264 0.234429 0.553307
27859 0.076724 0.191307 0.731969
10148 0.400275 0.549109 0.050616
26735 0.474861 0.142468 0.382671
8748 0.228742 0.362176 0.409082
9848 0.102858 0.884064 0.013077
94 0.063254 0.071018 0.865728
4100 0.502129 0.245198 0.252673
971 0.095328 0.525534 0.379139
22784 0.484414 0.311783 0.203803
23303 0.011388 0.806618 0.181994
30450 0.583689 0.328846 0.087466
10093 0.029396 0.217366 0.753237
10300 0.605873 0.079776 0.314351
8186 0.074895 0.321520 0.603585
2416 0.574245 0.327410 0.098345
9003 0.262308 0.705515 0.032177
384 0.962987 0.022239 0.014774
579 0.375608 0.529053 0.095339
29960 0.809194 0.117919 0.072888
389 0.147492 0.713979 0.138529
23786 0.200497 0.495761 0.303742
30105 0.020726 0.908700 0.070574
2014 0.796834 0.055597 0.147569
2050 0.631305 0.146269 0.222426
26650 0.316401 0.604997 0.078601
31687 0.193599 0.108899 0.697502
30527 0.114364 0.662403 0.223233
30169 0.356071 0.639665 0.004264
30033 0.084967 0.846729 0.068304
564 0.382448 0.195282 0.422270
21849 0.139073 0.795652 0.065276
22829 0.231521 0.605045 0.163434
957 0.399095 0.493148 0.107758
1179 0.590783 0.262217 0.147000
24024 0.953448 0.027242 0.019309
23996 0.058578 0.850709 0.090713
29537 0.144710 0.187873 0.667417
23871 0.514550 0.417513 0.067937
29534 0.423518 0.163230 0.413252
23718 0.704308 0.056895 0.238797
6545 0.697614 0.262443 0.039942
2036 0.180711 0.716149 0.103139
22865 0.355538 0.354648 0.289814
21989 0.024599 0.341867 0.633534
22019 0.070379 0.139248 0.790373
4539 0.271748 0.527335 0.200917
28455 0.710248 0.092923 0.196829
684 0.486261 0.510943 0.002796
23408 0.558587 0.381716 0.059697
27432 0.627629 0.149018 0.223353
27504 0.205067 0.324654 0.470278
2784 0.352101 0.514393 0.133506
22654 0.056402 0.035718 0.907881
2705 0.044173 0.785413 0.170414
5527 0.017670 0.661122 0.321208
21089 0.362842 0.337432 0.299726
9125 0.635196 0.078510 0.286294
27401 0.289142 0.158248 0.552610
29472 0.014120 0.577520 0.408360
8250 0.208655 0.714697 0.076648
1201 0.066440 0.799452 0.134108
33235 0.608888 0.386604 0.004508
31625 0.066610 0.588845 0.344545
3181 0.077701 0.710846 0.211454
22419 0.508771 0.447457 0.043773
22459 0.170956 0.212062 0.616982
2985 0.777575 0.055360 0.167065
2746 0.263333 0.301966 0.434701
2718 0.360513 0.427612 0.211875
4622 0.046337 0.121866 0.831797
23818 0.521958 0.108851 0.369191
22897 0.478623 0.193466 0.327912
22893 0.457806 0.075125 0.467070
22887 0.159315 0.631822 0.208863
4408 0.426164 0.103357 0.470480
4481 0.889285 0.052430 0.058285
23013 0.178870 0.322930 0.498200
1284 0.849372 0.041431 0.109197
4510 0.074975 0.660452 0.264573
23197 0.077081 0.912088 0.010832
23803 0.382410 0.574727 0.042864
2275 0.831207 0.100599 0.068194
22922 0.275750 0.261403 0.462847
22889 0.199845 0.611828 0.188328
22883 0.841227 0.117425 0.041348
4615 0.668627 0.163262 0.168111
23798 0.354716 0.087990 0.557295
23162 0.142620 0.477653 0.379727
23792 0.451076 0.013067 0.535858
112 0.971100 0.028900 0.000000
30414 0.325356 0.070559 0.604085
22973 0.664634 0.124792 0.210574
916 0.096005 0.754889 0.149106
22985 0.230440 0.643798 0.125762
23184 0.362753 0.438844 0.198403
1095 0.191374 0.575604 0.233021
29953 0.392650 0.206709 0.400641
577 0.218493 0.164134 0.617373
29294 0.498848 0.025533 0.475619
23023 0.064647 0.782600 0.152754
29544 0.706167 0.256778 0.037055
23077 0.105973 0.328574 0.565453
4662 0.000000 0.603996 0.396004
23234 0.718989 0.193095 0.087916
4565 0.118434 0.071057 0.810508
30227 0.129232 0.232897 0.637871
1025 0.247437 0.608858 0.143705
8861 0.381342 0.433464 0.185193
2575 0.025741 0.474308 0.499951
8789 0.611262 0.089860 0.298879
30615 0.295587 0.632639 0.071775
1782 0.016695 0.959295 0.024010
31039 0.376480 0.617735 0.005785
27209 0.575964 0.196310 0.227726
17486 0.232789 0.721410 0.045801
26145 0.453589 0.401409 0.145002
25357 0.031868 0.258660 0.709473
25502 0.097811 0.877737 0.024452
25349 0.706880 0.282838 0.010282
25822 0.133669 0.410854 0.455476
3906 0.126018 0.188496 0.685486
3635 0.261059 0.096153 0.642787
22243 0.612396 0.181504 0.206100
22300 0.331243 0.572440 0.096316
25536 0.272194 0.184638 0.543168
26408 0.546070 0.121986 0.331944
18037 0.312398 0.230670 0.456932
25685 0.288311 0.508883 0.202806
3443 0.134764 0.776215 0.089020
22284 0.021597 0.404418 0.573985
25731 0.576110 0.289343 0.134547
17874 0.098921 0.299004 0.602076
26554 0.338252 0.169904 0.491844
25917 0.364497 0.535056 0.100447
17942 0.462508 0.514242 0.023250
26167 0.329284 0.624412 0.046304
25906 0.604426 0.033666 0.361908
25934 0.334651 0.420512 0.244837
26459 0.341443 0.403763 0.254794
17790 0.634286 0.215664 0.150050
26079 0.627893 0.159966 0.212141
25454 0.187378 0.555779 0.256844
26097 0.065781 0.780227 0.153992
17525 0.619985 0.063878 0.316137
17536 0.426979 0.451761 0.121259
929 0.245176 0.407635 0.347189
18160 0.110151 0.739143 0.150705
18082 0.712198 0.129970 0.157832
6105 0.325959 0.223465 0.450576
28052 0.000508 0.647463 0.352029
6281 0.399919 0.251195 0.348887
1156 0.840409 0.074512 0.085079
667 0.713319 0.257602 0.029078
326 0.044410 0.012329 0.943261
2208 0.903380 0.083880 0.012740
2249 0.162280 0.064958 0.772762
29289 0.369029 0.444415 0.186556
29322 0.112130 0.625118 0.262752
29965 0.117861 0.789178 0.092961
4470 0.197845 0.290337 0.511818
29944 0.627297 0.003514 0.369189
3020 0.700348 0.118137 0.181515
21590 0.125936 0.432352 0.441712
3084 0.116090 0.121874 0.762037
22487 0.519668 0.189931 0.290401
21608 0.001753 0.830038 0.168209
21620 0.217914 0.515755 0.266331
28620 0.314310 0.261678 0.424012
29095 0.041223 0.041086 0.917690
22809 0.144471 0.781209 0.074321
4257 0.082942 0.493256 0.423801
14262 0.725905 0.081718 0.192377
6551 0.080249 0.640597 0.279154
949 0.399429 0.011341 0.589230
12525 0.210049 0.599224 0.190727
11466 0.297793 0.616847 0.085359
25076 0.371030 0.189655 0.439315
24260 0.272669 0.637213 0.090118
14563 0.401603 0.245832 0.352565
9064 0.146561 0.208415 0.645024
8356 0.324579 0.206654 0.468768
37080 0.243240 0.415827 0.340934
21373 0.734896 0.237232 0.027872
220 0.719175 0.109389 0.171436
23086 0.202560 0.561394 0.236045
35425 0.678522 0.290284 0.031194
30183 0.597880 0.001239 0.400881
4661 0.472294 0.095595 0.432111
35673 0.073416 0.350910 0.575674
35696 0.115852 0.196409 0.687739
25042 0.143504 0.427575 0.428921
30247 0.212996 0.055491 0.731513
30248 0.763455 0.125759 0.110786
14108 0.218332 0.602966 0.178703
30205 0.551705 0.334656 0.113638
24577 0.134004 0.111289 0.754708
28566 0.821611 0.155699 0.022690
12523 0.579890 0.387587 0.032523
13348 0.045267 0.540872 0.413861
35491 0.146861 0.251698 0.601441
32740 0.046708 0.861952 0.091340
19579 0.782743 0.186804 0.030453
32574 0.216188 0.335946 0.447866
557 0.283303 0.198895 0.517801
13124 0.273730 0.046552 0.679718
35277 0.019394 0.772718 0.207888
19693 0.069325 0.181838 0.748836
11141 0.114946 0.566796 0.318257
32284 0.159153 0.100946 0.739901
32833 0.039440 0.303725 0.656836
35369 0.727761 0.214063 0.058176
32174 0.099936 0.737230 0.162834
32280 0.545331 0.058573 0.396095
13246 0.306294 0.335309 0.358397
992 0.132155 0.405805 0.462040
529 0.420085 0.181924 0.397990
13241 0.444556 0.357260 0.198184
10977 0.317896 0.341761 0.340343
35158 0.096241 0.244670 0.659089
10765 0.036709 0.589928 0.373363
35741 0.223921 0.449117 0.326962
32220 0.173046 0.557072 0.269882
12043 0.089842 0.176996 0.733162
19694 0.110786 0.012074 0.877139
13168 0.317963 0.483934 0.198102
13102 0.135649 0.462086 0.402265
13239 0.569856 0.416766 0.013378
531 0.212648 0.592071 0.195280
32614 0.299758 0.115238 0.585003
6649 0.234771 0.229854 0.535374
35254 0.100347 0.188649 0.711004
12275 0.374330 0.115476 0.510194
12206 0.327619 0.136765 0.535615
12259 0.329150 0.396152 0.274698
35327 0.744899 0.167251 0.087850
12896 0.208818 0.707891 0.083291
35779 0.359900 0.147060 0.493040
10962 0.261557 0.479830 0.258613
11073 0.073105 0.647542 0.279353
32089 0.672977 0.252804 0.074218
11061 0.387713 0.241166 0.371121
11732 0.327055 0.060554 0.612391
34412 0.271137 0.520103 0.208760
35809 0.148261 0.145109 0.706630
35524 0.624459 0.004686 0.370854
12083 0.010909 0.150674 0.838417
35822 0.781282 0.168216 0.050502
5620 0.130761 0.820051 0.049188
6454 0.346885 0.140594 0.512521
34211 0.343083 0.107641 0.549275
34298 0.030561 0.392434 0.577005
6366 0.291274 0.662378 0.046348
34064 0.643417 0.087073 0.269510
11886 0.037391 0.062653 0.899956
34201 0.727657 0.214742 0.057601
18073 0.211724 0.194864 0.593412
18135 0.566799 0.067243 0.365958
11481 0.543954 0.087974 0.368072
11696 0.682175 0.121009 0.196816
14334 0.127953 0.577327 0.294720
34119 0.345293 0.518290 0.136416
34494 0.051373 0.794519 0.154109
11538 0.396275 0.436783 0.166942
18328 0.364902 0.485832 0.149266
24270 0.422377 0.260782 0.316841
16423 0.138983 0.505847 0.355170
18368 0.332724 0.144326 0.522950
24518 0.054418 0.161178 0.784404
18386 0.314971 0.454805 0.230224
16407 0.303712 0.687839 0.008449
16616 0.029240 0.203151 0.767609
6144 0.728361 0.063438 0.208200
20414 0.019603 0.553681 0.426715
24771 0.907245 0.087626 0.005129
18305 0.044082 0.608100 0.347818
24273 0.101519 0.790791 0.107690
28001 0.103612 0.441182 0.455206
14244 0.036703 0.929782 0.033514
6620 0.642529 0.074909 0.282562
6435 0.070456 0.355590 0.573954
5571 0.318104 0.060080 0.621816
25169 0.909352 0.058496 0.032152
36527 0.265460 0.708315 0.026225
16065 0.418450 0.173896 0.407654
24750 0.345716 0.510442 0.143842
16722 0.294962 0.618044 0.086994
16184 0.774899 0.103379 0.121722
25220 0.187443 0.502461 0.310095
21174 0.540420 0.181995 0.277585
37084 0.393788 0.085961 0.520251
38116 0.234432 0.169090 0.596478
20541 0.269708 0.117196 0.613095
24722 0.035947 0.223625 0.740428
16154 0.270619 0.381055 0.348325
36258 0.520277 0.335966 0.143758
16598 0.722859 0.159338 0.117803
16179 0.016892 0.292123 0.690984
36262 0.857268 0.048238 0.094494
35058 0.423119 0.376915 0.199966
15215 0.756704 0.008842 0.234453
11600 0.520791 0.325064 0.154145
34871 0.108758 0.444319 0.446923
34686 0.068249 0.236531 0.695219
11591 0.063957 0.764998 0.171045
16666 0.144943 0.316676 0.538382
16483 0.362828 0.602581 0.034591
16169 0.464753 0.304072 0.231175
24713 0.019507 0.142092 0.838401
24810 0.008471 0.544540 0.446989
34947 0.310725 0.585082 0.104193
34071 0.228156 0.687864 0.083979
35097 0.489104 0.046590 0.464306
34715 0.562777 0.391381 0.045842
11632 0.221675 0.039734 0.738591
18233 0.497877 0.270724 0.231399
36291 0.289997 0.534230 0.175773
34512 0.269701 0.465492 0.264807
11713 0.180403 0.050018 0.769580
35864 0.610647 0.080587 0.308766
14560 0.157890 0.627365 0.214745
34417 0.812192 0.091713 0.096095
34483 0.166239 0.021580 0.812181
25290 0.451015 0.519408 0.029578
37154 0.058153 0.174866 0.766982
37168 0.101579 0.806804 0.091616
37180 0.734831 0.176822 0.088346
20897 0.604380 0.350588 0.045032
8229 0.216356 0.617936 0.165708
37806 0.034335 0.887101 0.078563
27316 0.749681 0.021561 0.228757
34445 0.599028 0.238635 0.162336
21824 0.304300 0.678629 0.017070
11976 0.415744 0.152091 0.432165
349 0.096244 0.108673 0.795083
30349 0.693886 0.115593 0.190520
32044 0.529222 0.447244 0.023534
32067 0.483108 0.237244 0.279648
21825 0.709853 0.109942 0.180205
5268 0.288737 0.143753 0.567511
5206 0.401713 0.552039 0.046248
23680 0.315078 0.298414 0.386508
1114 0.258644 0.708087 0.033269
1114 0.358699 0.035558 0.605744
13103 0.192487 0.317937 0.489576
32324 0.593605 0.182832 0.223563
32351 0.124839 0.841741 0.033420
12393 0.613871 0.003821 0.382309
35485 0.289752 0.366778 0.343470
31989 0.961575 0.031179 0.007246
32343 0.399497 0.183950 0.416553
12456 0.024528 0.207582 0.767890
32015 0.167619 0.316820 0.515561
35337 0.581527 0.306749 0.111725
12247 0.311906 0.360225 0.327868
11396 0.965981 0.021067 0.012952
12702 0.342978 0.657022 0.000000
11217 0.559815 0.163704 0.276482
11101 0.468682 0.215303 0.316014
36016 0.034349 0.491416 0.474234
36065 0.290101 0.083299 0.626600
25022 0.293212 0.291811 0.414978
16442 0.146583 0.185224 0.668193
28038 0.058361 0.619289 0.322350
37813 0.234275 0.587255 0.178470
37238 0.392764 0.336426 0.270810
32656 0.475228 0.049617 0.475155
13059 0.172347 0.685761 0.141892
13163 0.160763 0.092845 0.746392
32550 0.911660 0.083482 0.004858
32537 0.095019 0.629862 0.275119
12446 0.300281 0.655601 0.044118
32328 0.163785 0.780869 0.055345
32487 0.547659 0.173132 0.279209
12394 0.245757 0.582754 0.171489
12650 0.110702 0.641039 0.248259
32437 0.269870 0.439823 0.290306
32470 0.508433 0.081037 0.410530
34250 0.340471 0.581981 0.077548
34313 0.277646 0.680936 0.041418
11641 0.232426 0.000000 0.767574
21744 0.438015 0.126195 0.435790
5078 0.164676 0.696883 0.138441
16112 0.017247 0.007111 0.975642
35458 0.683483 0.148034 0.168483
35409 0.291266 0.355444 0.353290
35658 0.454481 0.118356 0.427164
19639 0.894557 0.031998 0.073445
32665 0.092938 0.569138 0.337924
35679 0.608623 0.321594 0.069783
35222 0.234075 0.713509 0.052416
35692 0.178192 0.191509 0.630300
35683 0.366902 0.060406 0.572692
12738 0.331105 0.277140 0.391755
35649 0.383968 0.404874 0.211158
35725 0.561845 0.173419 0.264737
12633 0.721450 0.000000 0.278550
31929 0.471089 0.120828 0.408083
12986 0.535126 0.464874 0.000000
12892 0.085041 0.502273 0.412686
10986 0.025021 0.240988 0.733992
35922 0.490144 0.412053 0.097803
13363 0.708800 0.278721 0.012480
11001 0.720992 0.186564 0.092444
4039 0.345557 0.242569 0.411874
12902 0.327289 0.181700 0.491011
10855 0.050813 0.817770 0.131417
10850 0.143831 0.072385 0.783785
10863 0.770341 0.227101 0.002558
35647 0.298622 0.027483 0.673896
19058 0.441210 0.173109 0.385680
32125 0.390093 0.048059 0.561849
32335 0.307060 0.162599 0.530341
32030 0.120171 0.253388 0.626442
35403 0.264126 0.603049 0.132825
19714 0.058545 0.941455 0.000000
19711 0.953442 0.020096 0.026462
5589 0.438539 0.170329 0.391132
11429 0.114399 0.372327 0.513275
11221 0.763633 0.099937 0.136430
10814 0.060686 0.776337 0.162977
12838 0.652561 0.071197 0.276243
35454 0.750945 0.099644 0.149412
11289 0.363843 0.148617 0.487540
35508 0.723293 0.136295 0.140412
11346 0.046645 0.439897 0.513458
36129 0.046297 0.395954 0.557749
11349 0.247701 0.690877 0.061423
32427 0.417580 0.119089 0.463332
11364 0.029030 0.328781 0.642190
11344 0.399307 0.236325 0.364368
13226 0.671780 0.070879 0.257341
31920 0.099935 0.104766 0.795300
12625 0.543551 0.117050 0.339399
24973 0.051092 0.310961 0.637947
16302 0.557108 0.270550 0.172343
20469 0.293978 0.387291 0.318731
16357 0.165821 0.620543 0.213636
38210 0.546638 0.008623 0.444739
36557 0.646924 0.304586 0.048490
14878 0.724038 0.155219 0.120743
14807 0.399992 0.209360 0.390648
7029 0.151106 0.824464 0.024430
34734 0.250715 0.029924 0.719361
14722 0.389970 0.355027 0.255002
7351 0.134633 0.083406 0.781961
14922 0.556326 0.023013 0.420661
16965 0.308194 0.225540 0.466266
36635 0.616054 0.138507 0.245439
20669 0.109738 0.874930 0.015333
20717 0.606923 0.201817 0.191260
24998 0.034479 0.487589 0.477932
20451 0.077775 0.552804 0.369421
36698 0.302769 0.174542 0.522689
24865 0.309777 0.262233 0.427989
36415 0.098359 0.543153 0.358488
24822 0.463821 0.048297 0.487882
7053 0.509766 0.361653 0.128581
7174 0.063782 0.395645 0.540573
15218 0.050600 0.105429 0.843971
38235 0.074268 0.658854 0.266878
17209 0.697265 0.291827 0.010909
18865 0.181067 0.186242 0.632691
33190 0.723498 0.233634 0.042868
37449 0.268253 0.369531 0.362216
20125 0.139752 0.291084 0.569164
21041 0.521177 0.077115 0.401708
38083 0.178865 0.474181 0.346955
38025 0.071261 0.533008 0.395731
37410 0.407237 0.049192 0.543571
37549 0.027055 0.882713 0.090232
18830 0.565946 0.004828 0.429226
38064 0.214748 0.343059 0.442193
38069 0.635213 0.156732 0.208055
20765 0.523606 0.424210 0.052184
16708 0.224921 0.140857 0.634222
19235 0.164833 0.785886 0.049281
20259 0.263650 0.708287 0.028063
19208 0.001816 0.830788 0.167396
37609 0.204899 0.504062 0.291039
20251 0.064651 0.850390 0.084959
19490 0.367573 0.090236 0.542191
18760 0.112245 0.483045 0.404710
37422 0.733459 0.205251 0.061291
19312 0.244991 0.122153 0.632855
19064 0.597655 0.398135 0.004210
38044 0.503566 0.417192 0.079242
20346 0.699572 0.272597 0.027831
20330 0.251572 0.191709 0.556719
19946 0.285329 0.241951 0.472721
20029 0.035485 0.557070 0.407445
16952 0.002546 0.235800 0.761654
14824 0.013569 0.515318 0.471113
34731 0.216990 0.169771 0.613239
20154 0.281642 0.187276 0.531082
18794 0.065671 0.683799 0.250530
37370 0.106006 0.698949 0.195046
20181 0.334770 0.376501 0.288730
20640 0.361226 0.296024 0.342750
33798 0.469854 0.451531 0.078615
31510 0.527868 0.448201 0.023931
23734 0.470860 0.312890 0.216250
1116 0.469286 0.180911 0.349802
32588 0.439074 0.384119 0.176807
12682 0.307109 0.314872 0.378019
11189 0.382037 0.209868 0.408095
32640 0.185225 0.017508 0.797266
6525 0.894319 0.040755 0.064926
32904 0.547880 0.133803 0.318317
11042 0.857856 0.142144 0.000000
12976 0.401112 0.535921 0.062968
12233 0.058096 0.365044 0.576861
10929 0.198480 0.091100 0.710420
13269 0.485766 0.074430 0.439804
1306 0.516119 0.288897 0.194984
32612 0.058274 0.613643 0.328083
11541 0.481889 0.008502 0.509609
7168 0.328551 0.558685 0.112765
11613 0.404292 0.465485 0.130223
14900 0.392657 0.434589 0.172754
14944 0.052715 0.567734 0.379551
7201 0.847663 0.100144 0.052193
34627 0.664373 0.287336 0.048291
15223 0.071245 0.566385 0.362370
7235 0.266205 0.725175 0.008620
15231 0.611118 0.168530 0.220352
7249 0.095764 0.286168 0.618069
15282 0.739012 0.136094 0.124893
6784 0.422324 0.249456 0.328220
15364 0.001594 0.440686 0.557720
15379 0.430063 0.004997 0.564940
21271 0.000000 0.760901 0.239099
32950 0.502991 0.208164 0.288845
17073 0.590641 0.024989 0.384370
38145 0.265256 0.110917 0.623827
38159 0.095540 0.813888 0.090571
17223 0.413818 0.257709 0.328473
18804 0.032119 0.387706 0.580175
32991 0.241712 0.615797 0.142492
14230 0.605808 0.259999 0.134192
14253 0.225673 0.669808 0.104519
12969 0.693609 0.167085 0.139306
36251 0.087002 0.823377 0.089622
13067 0.108254 0.149991 0.741756
12410 0.031094 0.740726 0.228180
32752 0.215139 0.554948 0.229913
12654 0.083010 0.535073 0.381917
13146 0.606557 0.393443 0.000000
13084 0.019037 0.971619 0.009344
11091 0.160347 0.316318 0.523335
35941 0.402405 0.322513 0.275083
210 0.244599 0.212225 0.543176
37434 0.252285 0.339490 0.408224
13050 0.074098 0.455138 0.470764
5214 0.011810 0.913026 0.075165
35371 0.576781 0.241325 0.181894
10835 0.730536 0.072080 0.197385
4642 0.134484 0.783817 0.081698
32117 0.910330 0.045700 0.043970
11097 0.311380 0.510955 0.177665
11147 0.461057 0.340488 0.198455
37004 0.428037 0.409833 0.162129
37891 0.414613 0.118071 0.467315
9156 0.379596 0.336026 0.284377
11342 0.277978 0.108307 0.613715
11338 0.565900 0.194250 0.239850
11338 0.032998 0.087224 0.879777
11288 0.384483 0.121256 0.494261
12484 0.362735 0.431911 0.205353
36145 0.662568 0.313203 0.024229
11334 0.117468 0.067510 0.815022
10807 0.096264 0.808721 0.095015
35609 0.254033 0.531408 0.214559
11233 0.484926 0.059222 0.455852
12327 0.215807 0.406870 0.377323
36042 0.515134 0.409732 0.075134
32403 0.218600 0.013232 0.768168
35439 0.131317 0.461847 0.406836
11317 0.611587 0.205009 0.183404
36000 0.085838 0.338392 0.575770
15343 0.127479 0.794508 0.078013
5761 0.155957 0.372104 0.471938
5985 0.051351 0.211296 0.737353
15221 0.165468 0.252274 0.582258
6962 0.253671 0.201289 0.545040
7459 0.797340 0.032827 0.169833
7917 0.067954 0.596656 0.335390
6767 0.281906 0.242201 0.475892
15498 0.406366 0.373490 0.220144
15425 0.593720 0.355773 0.050508
16016 0.005138 0.178223 0.816639
16031 0.005779 0.208518 0.785703
15674 0.436035 0.361641 0.202324
13891 0.022696 0.624510 0.352795
13537 0.253428 0.498035 0.248536
7942 0.624169 0.255116 0.120716
7770 0.491510 0.256017 0.252473
15911 0.294826 0.384374 0.320801
15515 0.204206 0.616157 0.179638
14026 0.262199 0.000185 0.737616
15349 0.019708 0.597626 0.382666
13690 0.745869 0.213278 0.040853
6896 0.057985 0.285457 0.656558
5816 0.261434 0.381150 0.357416
13799 0.529050 0.416449 0.054501
7792 0.740012 0.094286 0.165702
7793 0.481753 0.391054 0.127193
6816 0.556417 0.123978 0.319605
7654 0.490562 0.224713 0.284724
6008 0.354125 0.583210 0.062665
34793 0.841954 0.090164 0.067882
15996 0.570759 0.349825 0.079416
5979 0.015932 0.096516 0.887553
13568 0.038776 0.142833 0.818391
34833 0.439886 0.337974 0.222140
15318 0.682202 0.088676 0.229122
5966 0.154951 0.204592 0.640456
18201 0.020831 0.155969 0.823200
18225 0.067626 0.917971 0.014403
6230 0.060268 0.386704 0.553028
29389 0.485381 0.402428 0.112191
2299 0.363772 0.419039 0.217189
30229 0.011348 0.689014 0.299637
1141 0.772048 0.145733 0.082219
1141 0.146398 0.595445 0.258157
1140 0.505576 0.044839 0.449585
29353 0.401592 0.165952 0.432457
2325 0.731502 0.215991 0.052506
29386 0.121738 0.027851 0.850411
32309 0.874403 0.113782 0.011815
12524 0.495927 0.406852 0.097221
12523 0.066405 0.865562 0.068033
30103 0.158366 0.156044 0.685590
30102 0.394846 0.456603 0.148551
29791 0.273173 0.313989 0.412838
2018 0.285892 0.298053 0.416055
30172 0.343276 0.338497 0.318226
30203 0.089826 0.037249 0.872925
30201 0.023654 0.867633 0.108713
1124 0.021690 0.305327 0.672984
555 0.084856 0.172328 0.742816
30327 0.657555 0.013163 0.329282
546 0.389216 0.184591 0.426193
30329 0.356866 0.262633 0.380501
2168 0.183457 0.065271 0.751272
2169 0.119287 0.250392 0.630321
2170 0.028260 0.446687 0.525053
29845 0.180147 0.227541 0.592312
2160 0.585971 0.098898 0.315131
29862 0.171000 0.684515 0.144484
29851 0.290926 0.057190 0.651884
2166 0.011816 0.045135 0.943050
956 0.925004 0.005524 0.069472
956 0.232505 0.137968 0.629527
22817 0.035292 0.243798 0.720910
925 0.059273 0.581546 0.359181
29870 0.290625 0.408000 0.301375
29870 0.024440 0.822439 0.153121
2155 0.633059 0.153291 0.213651
29864 0.018291 0.813126 0.168583
984 0.628056 0.229847 0.142097
22867 0.076023 0.831052 0.092924
2067 0.803908 0.016890 0.179202
29921 0.247985 0.055081 0.696934
2037 0.068344 0.536245 0.395411
29890 0.785043 0.204930 0.010027
22834 0.274278 0.392332 0.333389
29873 0.196827 0.004212 0.798961
2100 0.677593 0.215035 0.107371
29874 0.308258 0.121115 0.570626
2106 0.636887 0.246931 0.116182
29875 0.255376 0.474267 0.270357
2109 0.764709 0.146674 0.088617
29849 0.446853 0.299244 0.253903
2158 0.945836 0.054137 0.000027
29847 0.277355 0.208731 0.513914
1026 0.550724 0.033981 0.415294
638 0.322927 0.253940 0.423134
2151 0.004802 0.009831 0.985367
29879 0.422200 0.134701 0.443098
993 0.402973 0.144382 0.452645
30387 0.559326 0.291204 0.149471
528 0.041225 0.540123 0.418652
30383 0.196775 0.608538 0.194686
536 0.332720 0.585127 0.082153
30112 0.192432 0.270869 0.536699
30227 0.009601 0.877761 0.112638
1029 0.434076 0.437434 0.128490
2153 0.700163 0.030232 0.269605
997 0.045860 0.140189 0.813951
989 0.056392 0.103249 0.840359
987 0.103769 0.187925 0.708306
29580 0.058150 0.344321 0.597529
470 0.160082 0.691855 0.148063
23226 0.656448 0.317993 0.025559
23210 0.429691 0.494331 0.075978
23227 0.154113 0.222070 0.623817
680 0.004254 0.736644 0.259102
23214 0.455113 0.061503 0.483384
672 0.551619 0.099946 0.348435
461 0.056983 0.710406 0.232610
463 0.163780 0.716885 0.119336
29584 0.126036 0.391484 0.482480
29585 0.227412 0.736133 0.036455
29891 0.226956 0.739994 0.033049
29783 0.128082 0.448602 0.423316
30284 0.071490 0.188819 0.739691
540 0.302992 0.640335 0.056673
30283 0.665708 0.310649 0.023643
644 0.212062 0.148282 0.639655
29912 0.827661 0.018427 0.153912
2144 0.163654 0.482258 0.354088
2143 0.331468 0.156700 0.511832
2027 0.676895 0.270327 0.052778
29898 0.454100 0.125387 0.420513
2039 0.036132 0.877116 0.086752
29908 0.488466 0.029672 0.481862
2139 0.294031 0.009835 0.696133
29907 0.093268 0.353091 0.553641
30114 0.078118 0.105623 0.816259
30392 0.083308 0.837163 0.079529
532 0.208045 0.194322 0.597633
217 0.783765 0.080129 0.136106
217 0.380284 0.535973 0.083742
29969 0.956171 0.034749 0.009080
213 0.543976 0.350396 0.105628
215 0.622880 0.117477 0.259643
225 0.642599 0.019628 0.337773
972 0.802091 0.103061 0.094848
972 0.243298 0.490987 0.265714
22855 0.629013 0.345101 0.025886
1247 0.600161 0.086022 0.313817
822 0.049836 0.256314 0.693851
23332 0.022466 0.308388 0.669147
1249 0.094950 0.297284 0.607766
1240 0.204177 0.593354 0.202470
1244 0.583708 0.362639 0.053653
29594 0.018743 0.194645 0.786612
23720 0.139050 0.022207 0.838743
23738 0.134866 0.411176 0.453959
628 0.321633 0.098118 0.580249
30402 0.725198 0.124064 0.150738
30414 0.014408 0.580072 0.405520
30373 0.329117 0.100954 0.569929
30398 0.576196 0.010835 0.412969
4122 0.298409 0.682793 0.018798
23980 0.183029 0.018851 0.798119
23981 0.534661 0.094229 0.371110
394 0.164291 0.633541 0.202167
30488 0.694504 0.062964 0.242533
51 0.939066 0.012031 0.048903
30477 0.107781 0.441561 0.450658
23352 0.028146 0.040782 0.931072
828 0.629317 0.170509 0.200174
796 0.219864 0.343955 0.436181
975 0.362736 0.444940 0.192324
965 0.137208 0.017616 0.845176
22857 0.578424 0.205453 0.216123
22850 0.137496 0.842294 0.020210
22845 0.223262 0.361373 0.415365
963 0.368547 0.055235 0.576218
1179 0.311958 0.351343 0.336699
1179 0.136348 0.333784 0.529868
1179 0.007590 0.226439 0.765971
967 0.151420 0.344131 0.504449
967 0.148457 0.653057 0.198486
6554 0.079164 0.028778 0.892058
23310 0.000000 0.123463 0.876537
23710 0.034851 0.239487 0.725662
23054 0.463212 0.099418 0.437370
150 0.045517 0.271703 0.682779
164 0.124038 0.264815 0.611147
29507 0.113781 0.303013 0.583206
29505 0.216422 0.409481 0.374096
610 0.327801 0.143749 0.528450
388 0.206097 0.489004 0.304900
501 0.756871 0.025710 0.217419
22735 0.522404 0.471430 0.006165
22728 0.283778 0.007492 0.708730
871 0.455274 0.113006 0.431720
872 0.294296 0.617274 0.088430
30578 0.650103 0.137716 0.212181
23566 0.291158 0.587105 0.121737
4028 0.455940 0.337565 0.206494
4083 0.114889 0.120262 0.764849
23908 0.135804 0.108980 0.755216
23916 0.081331 0.017460 0.901209
23916 0.014194 0.960305 0.025501
4077 0.065156 0.271642 0.663201
4078 0.416231 0.078055 0.505714
4025 0.750200 0.022654 0.227146
1023 0.580574 0.396988 0.022437
1038 0.663216 0.216776 0.120008
1005 0.113807 0.714527 0.171667
30270 0.383767 0.182988 0.433245
566 0.321328 0.185502 0.493170
18426 0.420184 0.387133 0.192682
18419 0.615218 0.379289 0.005494
24471 0.447316 0.244803 0.307881
5641 0.169824 0.208958 0.621218
5614 0.123081 0.499545 0.377374
35530 0.069802 0.192645 0.737553
13248 0.016225 0.898264 0.085511
24619 0.658111 0.181833 0.160056
18631 0.718040 0.194765 0.087194
21855 0.304606 0.402859 0.292535
5317 0.244925 0.187843 0.567232
21766 0.200516 0.270029 0.529455
24622 0.076947 0.190425 0.732628
24525 0.055245 0.511368 0.433387
24554 0.232851 0.292274 0.474875
24555 0.336036 0.138225 0.525739
18582 0.102810 0.383421 0.513769
18585 0.316741 0.523453 0.159806
24606 0.220012 0.400707 0.379282
5284 0.421978 0.419329 0.158693
23578 0.003271 0.759349 0.237380
5048 0.109908 0.046941 0.843151
23577 0.629917 0.058221 0.311861
23555 0.073141 0.117063 0.809796
23557 0.730093 0.172490 0.097417
23594 0.402079 0.328942 0.268979
5330 0.336999 0.522124 0.140877
5301 0.655149 0.324268 0.020582
21830 0.892680 0.096185 0.011135
5307 0.164419 0.021013 0.814568
5270 0.407398 0.408822 0.183780
24640 0.479215 0.050241 0.470544
6597 0.451350 0.499386 0.049264
6591 0.238635 0.633477 0.127888
6588 0.436058 0.469002 0.094940
28370 0.107763 0.051026 0.841211
28381 0.293003 0.524624 0.182373
6566 0.558736 0.211875 0.229389
18616 0.013275 0.977013 0.009712
18614 0.250232 0.374359 0.375409
18645 0.103106 0.282140 0.614754
24673 0.124532 0.363785 0.511682
18628 0.234042 0.565476 0.200482
5187 0.106197 0.253768 0.640036
21804 0.103332 0.507603 0.389065
21935 0.059966 0.110298 0.829736
18168 0.264065 0.108990 0.626944
24544 0.484267 0.074163 0.441569
18171 0.507256 0.137113 0.355631
18173 0.414383 0.373854 0.211763
24548 0.840115 0.129753 0.030132
24539 0.100560 0.582822 0.316618
11880 0.329704 0.256066 0.414230
11881 0.089256 0.727276 0.183468
23580 0.835634 0.002208 0.162158
23608 0.607484 0.180690 0.211826
23596 0.728546 0.241426 0.030028
21870 0.101302 0.635912 0.262785
5338 0.446492 0.356157 0.197350
34093 0.789672 0.198094 0.012234
34095 0.149105 0.064599 0.786296
11876 0.022482 0.140823 0.836695
11877 0.140840 0.079617 0.779543
11878 0.273936 0.016285 0.709779
9899 0.000496 0.940590 0.058914
28316 0.055296 0.893381 0.051322
6121 0.191308 0.570755 0.237937
6145 0.304770 0.311904 0.383326
6165 0.375457 0.535401 0.089141
28323 0.168150 0.542504 0.289346
28362 0.821617 0.036196 0.142187
28276 0.357810 0.533502 0.108687
28269 0.042150 0.083589 0.874261
9762 0.878326 0.055055 0.066619
9743 0.283627 0.404805 0.311568
9900 0.463197 0.196961 0.339842
28512 0.293238 0.538811 0.167951
28529 0.160774 0.783508 0.055718
28297 0.047618 0.932463 0.019918
28599 0.043289 0.270383 0.686328
28546 0.069209 0.220579 0.710212
6068 0.826900 0.149294 0.023806
28291 0.435973 0.552484 0.011543
6178 0.068665 0.047482 0.883852
6154 0.194247 0.017701 0.788052
28358 0.328367 0.615225 0.056408
6163 0.196913 0.036088 0.766999
28347 0.101124 0.174754 0.724122
6055 0.001294 0.657558 0.341148
6047 0.397917 0.083771 0.518312
28250 0.162775 0.189636 0.647589
9754 0.482282 0.344271 0.173447
9823 0.559995 0.178313 0.261693
28278 0.721037 0.149358 0.129605
24384 0.220746 0.360534 0.418720
18670 0.141939 0.551663 0.306398
24378 0.052979 0.488764 0.458258
6188 0.225284 0.216453 0.558263
6311 0.312479 0.367920 0.319601
6187 0.429844 0.424181 0.145974
24083 0.016772 0.475994 0.507234
18362 0.154561 0.141774 0.703665
5523 0.459311 0.295876 0.244813
10241 0.181781 0.615725 0.202494
26743 0.470142 0.281141 0.248717
10006 0.829846 0.032172 0.137981
29048 0.428888 0.326911 0.244201
9894 0.738034 0.247895 0.014071
28174 0.651556 0.242463 0.105981
10309 0.161045 0.351969 0.486987
10212 0.271688 0.074156 0.654156
26748 0.441945 0.255158 0.302897
9891 0.018918 0.161227 0.819855
28200 0.126447 0.327441 0.546111
28169 0.043221 0.621810 0.334969
28031 0.697285 0.223067 0.079647
28571 0.506482 0.283953 0.209565
28545 0.150610 0.786067 0.063324
28019 0.248372 0.506267 0.245361
9841 0.199272 0.222427 0.578302
28020 0.733497 0.110046 0.156457
28605 0.173872 0.490055 0.336073
28606 0.226765 0.482946 0.290289
28607 0.304220 0.425424 0.270355
28602 0.218914 0.433175 0.347912
28582 0.824076 0.145945 0.029979
9721 0.273747 0.184356 0.541897
24114 0.481649 0.025871 0.492479
24114 0.061239 0.401608 0.537154
18071 0.156214 0.364765 0.479021
18162 0.051603 0.730570 0.217827
18163 0.397739 0.355157 0.247103
24599 0.750492 0.246255 0.003253
24531 0.886785 0.063041 0.050174
24532 0.510686 0.328904 0.160410
24533 0.132658 0.605205 0.262138
24432 0.712562 0.187185 0.100254
18710 0.201796 0.150726 0.647479
18720 0.633563 0.061809 0.304628
18696 0.334820 0.601102 0.064077
18708 0.050484 0.738739 0.210777
18693 0.344288 0.190504 0.465208
28421 0.221078 0.696002 0.082920
28428 0.853895 0.002097 0.144008
28439 0.052383 0.158076 0.789541
28073 0.418500 0.231957 0.349543
6202 0.128284 0.050767 0.820949
28443 0.186007 0.683900 0.130093
28412 0.487775 0.394266 0.117959
6267 0.346463 0.263586 0.389951
28050 0.775995 0.083391 0.140615
6263 0.526842 0.315372 0.157787
6256 0.753609 0.015667 0.230723
6041 0.024443 0.756947 0.218610
26810 0.059319 0.069152 0.871528
9527 0.152388 0.239578 0.608035
9529 0.390134 0.380442 0.229424
9511 0.270044 0.296445 0.433511
29013 0.341935 0.433956 0.224109
28983 0.156560 0.070476 0.772963
9460 0.482785 0.347278 0.169937
9462 0.162132 0.489006 0.348862
28960 0.531414 0.305678 0.162908
10221 0.646657 0.156124 0.197219
26732 0.198930 0.405410 0.395660
10240 0.578092 0.038114 0.383795
9998 0.109919 0.770104 0.119977
10030 0.238361 0.701907 0.059733
28187 0.044249 0.417012 0.538740
10013 0.259512 0.447974 0.292514
10027 0.437206 0.523151 0.039642
9993 0.055793 0.856701 0.087506
28092 0.406536 0.446977 0.146486
28090 0.110151 0.860814 0.029035
9806 0.625648 0.029865 0.344487
28089 0.357090 0.606565 0.036345
8106 0.311740 0.286585 0.401675
8285 0.178490 0.245320 0.576190
25031 0.618929 0.155455 0.225616
37079 0.067772 0.878001 0.054226
20313 0.066716 0.841556 0.091728
8089 0.458763 0.413473 0.127764
27932 0.271522 0.518089 0.210389
9811 0.318167 0.106166 0.575667
8028 0.394610 0.292656 0.312734
28086 0.212126 0.449830 0.338043
9809 0.490721 0.234009 0.275270
26755 0.054041 0.531827 0.414132
26738 0.201132 0.055377 0.743490
26737 0.376924 0.592076 0.031000
26758 0.317198 0.530645 0.152158
26760 0.612233 0.088303 0.299464
27186 0.251968 0.516679 0.231353
10328 0.178566 0.161963 0.659471
28140 0.423923 0.085939 0.490138
10021 0.956470 0.002605 0.040925
10146 0.053351 0.573807 0.372842
10592 0.062291 0.272523 0.665186
10590 0.051248 0.411443 0.537309
29073 0.469045 0.330535 0.200420
9481 0.862908 0.079754 0.057338
27195 0.507351 0.157919 0.334730
25073 0.307576 0.590190 0.102234
25052 0.551772 0.015211 0.433017
9850 0.488401 0.104834 0.406765
27963 0.066046 0.813596 0.120358
