3109 0.002992 0.776975 0.220032
17989 0.026226 0.767478 0.206296
34 0.309397 0.654212 0.036390
127 0.523502 0.339275 0.137223
24063 0.665618 0.088830 0.245552
24072 0.335777 0.651617 0.012606
18008 0.018656 0.055698 0.925646
18 0.618368 0.012761 0.368871
20152 0.284995 0.043571 0.671434
3108 0.242827 0.628965 0.128208
3185 0.244840 0.649583 0.105578
35 0.356500 0.526466 0.117035
194 0.611970 0.206157 0.181873
24062 0.655539 0.037481 0.306981
24073 0.409230 0.562844 0.027926
23451 0.445254 0.222976 0.331769
23641 0.160916 0.266393 0.572691
20129 0.378227 0.399748 0.222025
20130 0.189606 0.445248 0.365146
747 0.258827 0.285903 0.455270
19099 0.703377 0.169726 0.126897
19094 0.921045 0.019450 0.059505
16372 0.427631 0.292265 0.280104
19089 0.588687 0.300112 0.111202
19093 0.689894 0.109865 0.200241
16347 0.179750 0.584695 0.235555
12434 0.778107 0.062395 0.159498
12139 0.693472 0.040713 0.265815
16395 0.518205 0.335846 0.145949
8844 0.014653 0.842096 0.143251
8807 0.034085 0.724783 0.241132
8809 0.037088 0.704585 0.258327
2879 0.884314 0.061758 0.053929
15945 0.178882 0.058562 0.762557
15900 0.489182 0.010184 0.500633
793 0.110342 0.793534 0.096125
795 0.213020 0.294764 0.492215
8805 0.317080 0.065853 0.617067
20149 0.273195 0.314170 0.412634
12450 0.051093 0.610090 0.338817
16349 0.100240 0.132810 0.766949
20148 0.599741 0.366114 0.034145
12451 0.116565 0.575313 0.308122
15926 0.702615 0.070157 0.227229
13793 0.019201 0.016720 0.964079
8808 0.384574 0.390754 0.224672
19988 0.001103 0.615601 0.383296
12436 0.773294 0.181589 0.045117
13800 0.094629 0.071383 0.833988
20147 0.476384 0.010967 0.512650
12437 0.269093 0.108858 0.622049
19230 0.124650 0.805018 0.070332
13799 0.156601 0.381582 0.461817
19588 0.482196 0.139959 0.377845
2894 0.042384 0.814443 0.143173
2895 0.560855 0.293926 0.145218
3038 0.447353 0.016764 0.535883
19573 0.524883 0.052777 0.422340
19571 0.572724 0.399770 0.027506
10066 0.632455 0.073276 0.294268
15947 0.209750 0.082425 0.707825
16005 0.049000 0.460368 0.490632
16003 0.653285 0.295796 0.050920
15909 0.610414 0.235489 0.154097
15936 0.131387 0.188635 0.679978
15903 0.080401 0.381789 0.537810
15898 0.257978 0.365428 0.376594
13789 0.799492 0.095320 0.105189
19088 0.201517 0.405375 0.393108
19224 0.393841 0.329448 0.276711
19255 0.224474 0.081551 0.693975
791 0.424442 0.335580 0.239978
19262 0.229084 0.320889 0.450027
19265 0.494785 0.202965 0.302250
476 0.168395 0.799740 0.031865
19179 0.050541 0.197790 0.751669
19191 0.484993 0.152106 0.362901
19183 0.062626 0.181854 0.755521
19193 0.718203 0.246621 0.035176
473 0.261603 0.082252 0.656144
19568 0.162817 0.037631 0.799552
19583 0.153450 0.695974 0.150575
3036 0.163501 0.581651 0.254848
19576 0.156737 0.262914 0.580349
18328 0.814889 0.114603 0.070508
3450 0.544203 0.327389 0.128408
18264 0.953547 0.016257 0.030196
25398 0.454756 0.015301 0.529943
2316 0.524680 0.436310 0.039010
2287 0.861496 0.095045 0.043458
2298 0.293486 0.673106 0.033408
27848 0.224418 0.014104 0.761477
2860 0.359164 0.640836 0.000000
18973 0.739774 0.158841 0.101385
18974 0.354071 0.531730 0.114198
2850 0.475804 0.103984 0.420212
25387 0.537055 0.012886 0.450059
3419 0.852166 0.071871 0.075963
3444 0.699818 0.101738 0.198444
3418 0.321707 0.548007 0.130286
27864 0.397912 0.036412 0.565676
2332 0.125612 0.838305 0.036082
20811 0.048293 0.813737 0.137969
20668 0.013923 0.445162 0.540915
27754 0.364168 0.461827 0.174005
11916 0.052659 0.384059 0.563282
20836 0.221927 0.708919 0.069154
20817 0.320098 0.418412 0.261490
19585 0.010262 0.774447 0.215292
2876 0.011939 0.419375 0.568686
19280 0.155497 0.397424 0.447079
19094 0.523101 0.366093 0.110806
749 0.140515 0.625910 0.233575
754 0.301290 0.333448 0.365262
1960 0.208589 0.273808 0.517603
77 0.363936 0.505758 0.130306
23372 0.640617 0.122424 0.236960
-1 0.000000 0.000000 0.000000
-1 0.000000 0.000000 0.000000
-1 0.000000 0.000000 0.000000
-1 0.000000 0.000000 0.000000
-1 0.000000 0.000000 0.000000
-1 0.000000 0.000000 0.000000
-1 0.000000 0.000000 0.000000
-1 0.000000 0.000000 0.000000
-1 0.000000 0.000000 0.000000
-1 0.000000 0.000000 0.000000
2822 0.378269 0.363347 0.258384
2833 0.185321 0.343507 0.471172
19327 0.460133 0.509836 0.030031
13870 0.118557 0.085567 0.795875
19520 0.092773 0.882500 0.024727
19606 0.046918 0.157829 0.795253
3145 0.634307 0.143828 0.221865
11952 0.485540 0.113150 0.401310
21353 0.049626 0.093795 0.856579
21347 0.115663 0.675569 0.208768
-1 0.000000 0.000000 0.000000
-1 0.000000 0.000000 0.000000
-1 0.000000 0.000000 0.000000
-1 0.000000 0.000000 0.000000
-1 0.000000 0.000000 0.000000
-1 0.000000 0.000000 0.000000
-1 0.000000 0.000000 0.000000
-1 0.000000 0.000000 0.000000
-1 0.000000 0.000000 0.000000
-1 0.000000 0.000000 0.000000
-1 0.000000 0.000000 0.000000
-1 0.000000 0.000000 0.000000
-1 0.000000 0.000000 0.000000
-1 0.000000 0.000000 0.000000
-1 0.000000 0.000000 0.000000
-1 0.000000 0.000000 0.000000
-1 0.000000 0.000000 0.000000
-1 0.000000 0.000000 0.000000
-1 0.000000 0.000000 0.000000
-1 0.000000 0.000000 0.000000
-1 0.000000 0.000000 0.000000
-1 0.000000 0.000000 0.000000
-1 0.000000 0.000000 0.000000
-1 0.000000 0.000000 0.000000
-1 0.000000 0.000000 0.000000
-1 0.000000 0.000000 0.000000
-1 0.000000 0.000000 0.000000
-1 0.000000 0.000000 0.000000
-1 0.000000 0.000000 0.000000
-1 0.000000 0.000000 0.000000
-1 0.000000 0.000000 0.000000
-1 0.000000 0.000000 0.000000
-1 0.000000 0.000000 0.000000
-1 0.000000 0.000000 0.000000
-1 0.000000 0.000000 0.000000
-1 0.000000 0.000000 0.000000
-1 0.000000 0.000000 0.000000
-1 0.000000 0.000000 0.000000
-1 0.000000 0.000000 0.000000
-1 0.000000 0.000000 0.000000
-1 0.000000 0.000000 0.000000
-1 0.000000 0.000000 0.000000
-1 0.000000 0.000000 0.000000
-1 0.000000 0.000000 0.000000
-1 0.000000 0.000000 0.000000
-1 0.000000 0.000000 0.000000
-1 0.000000 0.000000 0.000000
-1 0.000000 0.000000 0.000000
-1 0.000000 0.000000 0.000000
-1 0.000000 0.000000 0.000000
-1 0.000000 0.000000 0.000000
-1 0.000000 0.000000 0.000000
-1 0.000000 0.000000 0.000000
-1 0.000000 0.000000 0.000000
-1 0.000000 0.000000 0.000000
-1 0.000000 0.000000 0.000000
-1 0.000000 0.000000 0.000000
-1 0.000000 0.000000 0.000000
-1 0.000000 0.000000 0.000000
-1 0.000000 0.000000 0.000000
-1 0.000000 0.000000 0.000000
-1 0.000000 0.000000 0.000000
-1 0.000000 0.000000 0.000000
-1 0.000000 0.000000 0.000000
-1 0.000000 0.000000 0.000000
-1 0.000000 0.000000 0.000000
-1 0.000000 0.000000 0.000000
-1 0.000000 0.000000 0.000000
-1 0.000000 0.000000 0.000000
-1 0.000000 0.000000 0.000000
-1 0.000000 0.000000 0.000000
-1 0.000000 0.000000 0.000000
-1 0.000000 0.000000 0.000000
-1 0.000000 0.000000 0.000000
-1 0.000000 0.000000 0.000000
-1 0.000000 0.000000 0.000000
-1 0.000000 0.000000 0.000000
-1 0.000000 0.000000 0.000000
-1 0.000000 0.000000 0.000000
-1 0.000000 0.000000 0.000000
-1 0.000000 0.000000 0.000000
-1 0.000000 0.000000 0.000000
-1 0.000000 0.000000 0.000000
-1 0.000000 0.000000 0.000000
-1 0.000000 0.000000 0.000000
-1 0.000000 0.000000 0.000000
-1 0.000000 0.000000 0.000000
-1 0.000000 0.000000 0.000000
-1 0.000000 0.000000 0.000000
-1 0.000000 0.000000 0.000000
-1 0.000000 0.000000 0.000000
-1 0.000000 0.000000 0.000000
20134 0.083281 0.699834 0.216885
12144 0.207967 0.587634 0.204399
18012 0.105980 0.266781 0.627239
3102 0.133167 0.764278 0.102555
17983 0.162032 0.837625 0.000343
17994 0.088861 0.763973 0.147167
33 0.389505 0.562422 0.048073
24069 0.732637 0.218726 0.048637
41 0.151122 0.280842 0.568036
17952 0.636068 0.111814 0.252118
18077 0.001803 0.065573 0.932624
23978 0.036799 0.373198 0.590002
717 0.793894 0.056032 0.150074
11123 0.459581 0.516597 0.023821
20519 0.685128 0.220172 0.094701
100 0.251726 0.642453 0.105822
23358 0.025114 0.808037 0.166848
106 0.564525 0.250897 0.184578
2572 0.711098 0.155909 0.132992
11399 0.619729 0.342297 0.037974
15078 0.925459 0.013746 0.060795
20553 0.246208 0.236945 0.516847
15091 0.162333 0.515527 0.322140
15095 0.542426 0.242831 0.214743
12907 0.195183 0.233379 0.571439
2423 0.429281 0.241419 0.329300
2425 0.048724 0.641925 0.309351
2461 0.340644 0.040750 0.618606
2459 0.244503 0.315565 0.439932
18582 0.523106 0.042348 0.434546
18597 0.425011 0.515635 0.059355
2463 0.609757 0.279330 0.110913
18599 0.600473 0.341228 0.058299
2468 0.169501 0.440931 0.389567
15090 0.768556 0.022559 0.208885
15090 0.065071 0.452805 0.482125
15089 0.360995 0.530731 0.108274
2471 0.729874 0.226370 0.043755
18575 0.043176 0.682810 0.274013
2457 0.108766 0.134384 0.756850
18582 0.085240 0.620116 0.294644
18582 0.240904 0.070205 0.688891
2474 0.699620 0.257213 0.043167
2473 0.052136 0.523296 0.424568
2477 0.245367 0.086318 0.668315
18592 0.299411 0.573630 0.126959
15081 0.909908 0.024778 0.065314
12906 0.122234 0.059401 0.818365
12954 0.866899 0.115863 0.017238
18495 0.035785 0.642616 0.321599
18497 0.144998 0.560729 0.294273
18579 0.166240 0.699007 0.134753
18581 0.287382 0.256685 0.455933
18582 0.749569 0.117897 0.132533
20866 0.675258 0.033234 0.291508
18586 0.243443 0.614063 0.142494
2464 0.202133 0.725848 0.072019
10766 0.695637 0.069543 0.234819
12945 0.517293 0.481763 0.000944
12934 0.065471 0.755066 0.179463
20298 0.818282 0.020033 0.161685
2207 0.167860 0.584146 0.247995
2205 0.039223 0.709831 0.250946
2204 0.180605 0.746839 0.072556
20866 0.158047 0.528121 0.313831
20865 0.705195 0.042270 0.252535
2464 0.120491 0.459727 0.419782
10716 0.483870 0.379786 0.136344
20967 0.205595 0.394449 0.399956
12946 0.567262 0.211412 0.221326
20324 0.187616 0.149747 0.662636
20299 0.390138 0.387652 0.222210
10760 0.218382 0.002702 0.778916
2577 0.575935 0.127045 0.297020
20921 0.103152 0.686832 0.210016
15058 0.179022 0.007074 0.813904
20521 0.408065 0.388701 0.203234
12783 0.177045 0.204746 0.618209
12788 0.000000 0.603359 0.396641
14463 0.147353 0.448675 0.403972
2587 0.255338 0.631678 0.112984
2589 0.263258 0.299183 0.437559
18524 0.679142 0.090598 0.230259
18413 0.634081 0.301951 0.063968
1849 0.317945 0.171082 0.510973
20911 0.612650 0.309739 0.077610
20870 0.865996 0.017701 0.116303
20863 0.089130 0.615827 0.295043
12784 0.365497 0.206552 0.427951
14460 0.148832 0.614093 0.237074
12788 0.192162 0.442457 0.365382
12774 0.061089 0.633698 0.305213
20902 0.587606 0.032944 0.379450
20914 0.017990 0.636780 0.345230
1877 0.055259 0.588766 0.355975
1889 0.214264 0.778594 0.007142
1849 0.117414 0.600692 0.281894
2528 0.146105 0.327338 0.526557
2599 0.208133 0.512069 0.279798
20874 0.083972 0.419407 0.496621
12773 0.372636 0.574604 0.052761
12782 0.632095 0.081642 0.286263
12787 0.113037 0.241367 0.645597
12778 0.509889 0.142906 0.347204
20928 0.527683 0.036381 0.435936
20944 0.153356 0.751914 0.094730
2427 0.027494 0.835991 0.136515
1839 0.160142 0.118465 0.721394
18408 0.207637 0.404093 0.388270
2567 0.110473 0.365966 0.523562
2566 0.608843 0.138073 0.253084
2464 0.021042 0.087905 0.891053
20559 0.247302 0.376431 0.376267
15055 0.189139 0.121616 0.689245
14763 0.085061 0.455159 0.459780
18523 0.078491 0.661076 0.260433
2451 0.298827 0.185451 0.515722
1839 0.648145 0.326154 0.025702
18414 0.834250 0.065557 0.100193
2571 0.765897 0.214919 0.019184
12935 0.076476 0.555023 0.368501
2207 0.795183 0.076076 0.128741
20701 0.012958 0.380558 0.606484
2204 0.227821 0.251339 0.520840
20565 0.087139 0.645982 0.266879
10729 0.057348 0.093383 0.849268
11475 0.436081 0.316985 0.246934
1866 0.110341 0.143411 0.746248
20969 0.317270 0.337596 0.345134
12938 0.439004 0.199011 0.361985
20309 0.355742 0.074292 0.569966
18511 0.332244 0.405689 0.262067
2578 0.547035 0.289711 0.163254
15069 0.093228 0.307951 0.598821
11412 0.190482 0.150602 0.658916
18412 0.710741 0.146233 0.143027
1864 0.215518 0.118012 0.666471
20576 0.179363 0.705028 0.115610
10731 0.150399 0.076698 0.772903
11474 0.157891 0.434563 0.407546
20973 0.767851 0.184333 0.047816
15004 0.232303 0.618373 0.149324
2498 0.117451 0.846398 0.036151
20708 0.179316 0.166113 0.654571
20698 0.298187 0.523422 0.178391
18551 0.026973 0.751467 0.221561
20862 0.398805 0.008834 0.592361
15006 0.469326 0.522148 0.008526
2491 0.568893 0.135825 0.295281
18544 0.304043 0.666267 0.029689
12791 0.188739 0.722499 0.088762
15062 0.094562 0.597090 0.308348
20304 0.057560 0.903759 0.038681
2437 0.065383 0.680660 0.253957
2172 0.290236 0.695040 0.014725
15060 0.021549 0.590923 0.387528
20573 0.179644 0.403986 0.416370
20310 0.507176 0.223820 0.269005
21007 0.386235 0.361523 0.252242
2222 0.044011 0.699774 0.256215
2210 0.285012 0.484783 0.230205
20694 0.072856 0.762935 0.164209
20697 0.496204 0.106207 0.397589
18552 0.128852 0.390944 0.480204
21008 0.071452 0.110983 0.817565
14998 0.044480 0.841946 0.113574
2492 0.249629 0.674143 0.076227
18506 0.577158 0.028960 0.393882
12920 0.091310 0.620974 0.287716
15096 0.089940 0.750305 0.159755
19733 0.813481 0.181650 0.004870
20933 0.015628 0.800992 0.183381
1876 0.219031 0.423861 0.357107
12911 0.189487 0.635391 0.175122
1887 0.208645 0.725100 0.066255
2446 0.127037 0.513621 0.359342
2214 0.484781 0.339223 0.175996
2202 0.038202 0.832453 0.129345
21065 0.500895 0.060360 0.438745
21071 0.107627 0.885939 0.006434
2270 0.759442 0.068072 0.172487
21002 0.355636 0.581473 0.062892
10945 0.000000 0.139388 0.860612
2220 0.315565 0.523915 0.160520
18504 0.021499 0.961014 0.017487
2263 0.534571 0.180277 0.285152
15048 0.553510 0.051008 0.395482
12924 0.132397 0.788059 0.079543
20942 0.381218 0.320241 0.298541
18572 0.218857 0.160714 0.620430
1871 0.380436 0.369479 0.250086
12912 0.507169 0.455688 0.037144
1888 0.471117 0.300228 0.228655
2445 0.060119 0.157078 0.782803
19890 0.792186 0.159066 0.048749
10953 0.280314 0.133355 0.586331
19897 0.642599 0.118972 0.238429
10964 0.110569 0.638495 0.250936
10949 0.290426 0.075923 0.633651
10947 0.649210 0.178070 0.172720
10943 0.295205 0.452930 0.251865
10942 0.137446 0.809348 0.053206
10944 0.291083 0.209719 0.499198
21067 0.853260 0.110960 0.035779
2278 0.043242 0.364583 0.592175
21000 0.667295 0.294000 0.038705
2541 0.730141 0.042881 0.226978
2542 0.165242 0.571133 0.263625
2218 0.116582 0.234062 0.649356
20712 0.369266 0.622904 0.007830
15047 0.319753 0.388868 0.291379
12916 0.191488 0.015071 0.793441
15071 0.122135 0.130342 0.747522
1885 0.384047 0.181979 0.433974
2449 0.126560 0.828906 0.044534
20936 0.107987 0.293297 0.598716
20711 0.746481 0.222118 0.031401
2259 0.084612 0.768600 0.146788
2259 0.688765 0.231285 0.079950
2261 0.442557 0.014641 0.542802
2192 0.059901 0.904231 0.035868
18556 0.608576 0.185875 0.205549
18555 0.727804 0.000823 0.271373
20978 0.741415 0.185674 0.072911
19893 0.140062 0.546001 0.313937
21014 0.062469 0.703652 0.233878
10964 0.115033 0.615200 0.269766
20972 0.399797 0.245507 0.354695
2269 0.260576 0.582137 0.157288
20990 0.272926 0.151018 0.576055
21045 0.046999 0.383862 0.569139
2178 0.097784 0.335965 0.566251
21011 0.444905 0.204009 0.351086
2250 0.097279 0.250999 0.651721
2249 0.014322 0.069095 0.916583
21080 0.015569 0.246368 0.738064
2246 0.405781 0.575022 0.019197
21041 0.071015 0.090634 0.838351
21047 0.112297 0.846033 0.041670
10955 0.146934 0.266979 0.586087
19885 0.084952 0.234367 0.680682
19885 0.219748 0.036384 0.743867
10955 0.111900 0.336852 0.551248
10950 0.235111 0.169042 0.595846
19894 0.136092 0.838383 0.025525
18555 0.703471 0.021274 0.275254
2194 0.116669 0.128693 0.754639
21003 0.407858 0.251253 0.340890
20981 0.080782 0.482978 0.436240
2259 0.176780 0.251830 0.571390
21015 0.271635 0.576110 0.152255
2256 0.246409 0.175532 0.578059
21025 0.704609 0.152003 0.143387
2562 0.315251 0.079051 0.605698
2551 0.201682 0.711656 0.086662
2555 0.434164 0.264821 0.301015
18420 0.538286 0.100073 0.361641
2189 0.184760 0.740546 0.074694
21019 0.295032 0.282012 0.422956
21075 0.189080 0.440114 0.370806
2243 0.230991 0.108624 0.660385
2413 0.087134 0.521671 0.391194
2424 0.477770 0.024074 0.498155
18424 0.316745 0.120864 0.562391
1859 0.130071 0.716009 0.153920
10952 0.057352 0.531509 0.411139
10952 0.007591 0.280129 0.712280
19895 0.092926 0.757503 0.149571
10940 0.225964 0.627344 0.146692
10952 0.072987 0.277922 0.649092
10952 0.302594 0.156747 0.540659
19895 0.230679 0.750259 0.019063
10940 0.011166 0.974781 0.014054
2194 0.729280 0.197148 0.073573
2194 0.280465 0.563791 0.155744
18555 0.725379 0.102398 0.172224
18555 0.708607 0.150376 0.141017
21015 0.044809 0.432205 0.522985
2194 0.090330 0.896988 0.012682
2194 0.432339 0.245912 0.321749
18555 0.495418 0.102275 0.402307
10942 0.248387 0.470663 0.280950
20184 0.569260 0.078993 0.351747
19895 0.133096 0.435048 0.431856
10941 0.413097 0.577624 0.009279
10979 0.102072 0.631874 0.266053
10967 0.230232 0.590163 0.179605
2560 0.313786 0.439097 0.247118
2559 0.174343 0.267847 0.557811
2557 0.906733 0.026651 0.066616
18430 0.033488 0.419461 0.547051
15548 0.135783 0.077545 0.786672
15547 0.052682 0.442725 0.504593
11586 0.066849 0.205016 0.728136
2418 0.201489 0.600782 0.197729
2407 0.235448 0.064582 0.699970
18532 0.532106 0.098271 0.369624
18427 0.291205 0.578083 0.130712
1845 0.027203 0.082694 0.890103
19950 0.594447 0.255478 0.150075
11046 0.337917 0.083583 0.578499
19948 0.742663 0.167456 0.089882
19949 0.630926 0.218814 0.150260
11047 0.474763 0.029286 0.495951
11023 0.618114 0.065237 0.316649
11015 0.884990 0.015794 0.099216
12204 0.061253 0.719813 0.218934
19801 0.217863 0.032532 0.749605
19925 0.220014 0.444370 0.335616
11035 0.665876 0.277981 0.056143
19863 0.584084 0.351444 0.064472
11032 0.095764 0.272397 0.631839
19855 0.063807 0.484522 0.451671
19777 0.601403 0.098613 0.299984
19776 0.293032 0.549427 0.157541
19843 0.686632 0.167644 0.145724
12219 0.046325 0.442473 0.511203
2170 0.060615 0.397129 0.542255
17542 0.012648 0.263460 0.723893
18779 0.272430 0.279056 0.448514
18780 0.256932 0.247459 0.495609
18781 0.438472 0.182096 0.379432
1825 0.677305 0.279948 0.042748
20885 0.087206 0.289361 0.623433
20883 0.338089 0.158521 0.503390
2111 0.166970 0.475512 0.357518
17647 0.825477 0.158709 0.015814
2062 0.039216 0.175801 0.784982
2107 0.664138 0.234409 0.101453
20947 0.564320 0.304975 0.130705
18695 0.659754 0.062743 0.277503
18488 0.737105 0.231600 0.031295
17670 0.356636 0.409822 0.233542
17651 0.381034 0.534798 0.084168
20340 0.908360 0.039392 0.052248
18766 0.072064 0.646068 0.281868
18724 0.123932 0.163108 0.712960
1792 0.057225 0.866916 0.075860
18802 0.010443 0.334524 0.655033
18717 0.076528 0.911453 0.012019
18739 0.797592 0.168221 0.034188
1787 0.534314 0.161981 0.303705
18454 0.350969 0.097792 0.551239
1728 0.143953 0.010059 0.845988
1752 0.565609 0.362833 0.071558
18738 0.265394 0.250883 0.483724
18731 0.643597 0.307608 0.048795
18785 0.123997 0.535120 0.340884
18774 0.012240 0.235584 0.752176
8226 0.420754 0.503686 0.075561
8198 0.008884 0.636138 0.354978
18689 0.213868 0.059397 0.726736
18691 0.167412 0.163680 0.668908
109 0.058642 0.585753 0.355605
2668 0.173911 0.188316 0.637773
23341 0.413334 0.169818 0.416848
108 0.527128 0.394035 0.078836
8147 0.608793 0.355022 0.036185
13707 0.080569 0.508749 0.410681
170 0.176089 0.688934 0.134977
23506 0.730800 0.183979 0.085221
23509 0.602365 0.341967 0.055668
11500 0.342316 0.603880 0.053804
19140 0.296569 0.598416 0.105015
853 0.132234 0.804722 0.063044
814 0.467429 0.426852 0.105719
827 0.544741 0.455259 0.000000
828 0.056450 0.689830 0.253721
10735 0.565660 0.156572 0.277768
20340 0.018147 0.956104 0.025749
11439 0.613489 0.197502 0.189009
11013 0.095870 0.003949 0.900181
11019 0.358421 0.608721 0.032858
11014 0.414774 0.585032 0.000194
12207 0.160990 0.676155 0.162855
10994 0.651589 0.324881 0.023531
19854 0.556128 0.437437 0.006435
11040 0.285842 0.565346 0.148812
19869 0.258862 0.619071 0.122067
10997 0.310615 0.099540 0.589845
11002 0.001948 0.460358 0.537693
19945 0.321581 0.064148 0.614271
10998 0.254817 0.063053 0.682130
11026 0.127533 0.673704 0.198763
19858 0.273792 0.076235 0.649974
19953 0.944425 0.037490 0.018085
11008 0.240303 0.645289 0.114408
11017 0.303023 0.627560 0.069417
11018 0.031907 0.007838 0.960255
19848 0.658221 0.280247 0.061532
19847 0.113182 0.526334 0.360485
10996 0.295759 0.264658 0.439583
11007 0.035554 0.621551 0.342895
18382 0.435133 0.255513 0.309354
1924 0.834978 0.102105 0.062917
19933 0.183331 0.154863 0.661805
10999 0.139879 0.046302 0.813819
19922 0.661227 0.156738 0.182035
19920 0.214472 0.667715 0.117813
1861 0.543061 0.256168 0.200771
18389 0.427630 0.388488 0.183882
1930 0.100396 0.368327 0.531277
1932 0.084311 0.818631 0.097058
12214 0.354267 0.406875 0.238858
12212 0.485377 0.283764 0.230860
11039 0.363941 0.542139 0.093920
11043 0.020094 0.079592 0.900315
12271 0.502117 0.140205 0.357679
19789 0.410479 0.390006 0.199515
12189 0.339660 0.211537 0.448803
19780 0.007395 0.225281 0.767324
12264 0.003490 0.135679 0.860831
19831 0.197312 0.070586 0.732102
12179 0.341672 0.351761 0.306568
19833 0.581752 0.096905 0.321343
12192 0.185761 0.501264 0.312975
19762 0.382762 0.155773 0.461464
12279 0.136469 0.183561 0.679971
12240 0.199333 0.774414 0.026253
19923 0.202938 0.733465 0.063597
19769 0.420229 0.030049 0.549722
12253 0.065023 0.360309 0.574667
19746 0.554457 0.157597 0.287946
12232 0.877047 0.113901 0.009052
12199 0.459891 0.118694 0.421415
20872 0.286366 0.703510 0.010125
1812 0.087325 0.809328 0.103347
1810 0.609866 0.377040 0.013094
20871 0.212012 0.570548 0.217440
2101 0.165048 0.476998 0.357954
18804 0.482700 0.042890 0.474410
1782 0.417677 0.329015 0.253307
2113 0.312985 0.408303 0.278713
18737 0.879520 0.050288 0.070193
20882 0.041374 0.377799 0.580827
18736 0.555337 0.225153 0.219510
19745 0.000019 0.838729 0.161252
18713 0.575866 0.085743 0.338391
18806 0.203647 0.552282 0.244071
2594 0.086016 0.504960 0.409024
18455 0.906393 0.064100 0.029507
2618 0.327846 0.524731 0.147423
1727 0.399620 0.187456 0.412924
18714 0.349647 0.163590 0.486763
12227 0.578163 0.262890 0.158947
19735 0.018232 0.040208 0.941560
18735 0.065574 0.265892 0.668534
19736 0.032125 0.708660 0.259214
18733 0.625452 0.226315 0.148233
19782 0.601204 0.052857 0.345939
18782 0.189231 0.321139 0.489630
12176 0.622149 0.131219 0.246631
18787 0.013945 0.655893 0.330162
19772 0.417337 0.008052 0.574611
2093 0.816072 0.015190 0.168737
19774 0.190421 0.278634 0.530946
8190 0.128013 0.644276 0.227711
12225 0.028251 0.828408 0.143341
18659 0.549126 0.053534 0.397340
12226 0.330747 0.595859 0.073394
2127 0.595143 0.079966 0.324892
2169 0.548475 0.091249 0.360276
8155 0.095917 0.359686 0.544397
23321 0.416683 0.294811 0.288506
23511 0.343462 0.508315 0.148223
15522 0.548383 0.016939 0.434678
11440 0.131219 0.296425 0.572356
11398 0.060764 0.397093 0.542143
23333 0.015978 0.103664 0.880357
172 0.500704 0.264779 0.234517
2651 0.559426 0.029564 0.411010
19360 0.162463 0.802807 0.034730
23348 0.140571 0.586500 0.272930
646 0.279409 0.704304 0.016287
121 0.266267 0.436798 0.296936
23674 0.600818 0.378826 0.020356
17491 0.092466 0.142500 0.765034
10804 0.154180 0.038638 0.807182
119 0.149279 0.129272 0.721449
20528 0.036801 0.083273 0.879926
10972 0.610021 0.230457 0.159523
23364 0.541868 0.235610 0.222522
118 0.330918 0.032426 0.636656
95 0.159209 0.021109 0.819682
169 0.849252 0.013454 0.137294
23475 0.502217 0.221950 0.275832
15514 0.392238 0.355075 0.252686
11418 0.136593 0.588112 0.275295
20343 0.792125 0.092167 0.115708
124 0.647528 0.184901 0.167571
93 0.325482 0.352969 0.321549
23494 0.295531 0.093994 0.610475
20096 0.076126 0.222026 0.701848
23518 0.313049 0.105216 0.581734
15516 0.494484 0.296105 0.209411
11428 0.491195 0.323577 0.185228
10824 0.597106 0.374342 0.028552
67 0.353320 0.019978 0.626701
92 0.061084 0.817075 0.121841
23492 0.578481 0.351198 0.070321
20094 0.231069 0.509754 0.259177
20086 0.063723 0.273600 0.662677
24080 0.206071 0.530408 0.263520
11434 0.421795 0.398729 0.179477
17926 0.224456 0.559722 0.215822
88 0.920221 0.072329 0.007449
20092 0.260673 0.173617 0.565711
91 0.634124 0.326501 0.039375
12162 0.296182 0.275227 0.428592
12153 0.798477 0.191410 0.010113
24081 0.222968 0.587286 0.189746
47 0.817483 0.038772 0.143745
24032 0.716637 0.163697 0.119666
20541 0.102887 0.387908 0.509205
20578 0.786384 0.055978 0.157639
24029 0.267737 0.081727 0.650536
304 0.240819 0.154048 0.605134
11158 0.761298 0.152706 0.085996
20510 0.680049 0.300637 0.019314
23380 0.424707 0.061806 0.513487
719 0.073685 0.016016 0.910299
18080 0.210633 0.700716 0.088651
19345 0.474906 0.044023 0.481071
23312 0.167095 0.290326 0.542578
23998 0.242123 0.045135 0.712741
321 0.598292 0.317104 0.084604
825 0.010153 0.063846 0.926000
19112 0.370739 0.064704 0.564557
316 0.093334 0.266958 0.639708
341 0.316142 0.215035 0.468823
845 0.003957 0.262986 0.733057
2628 0.784875 0.052968 0.162157
23314 0.194966 0.772781 0.032253
13702 0.305225 0.694775 0.000000
18661 0.220873 0.685492 0.093635
18671 0.021108 0.769033 0.209859
8465 0.504480 0.042104 0.453416
18729 0.498420 0.375731 0.125849
18729 0.027603 0.407020 0.565377
17662 0.512297 0.264368 0.223335
17662 0.104120 0.822049 0.073831
8772 0.576572 0.423428 0.000000
19507 0.870955 0.096141 0.032904
23531 0.285489 0.039537 0.674974
20675 0.188036 0.381426 0.430538
2293 0.430739 0.078116 0.491144
8227 0.535259 0.348411 0.116330
636 0.053859 0.713019 0.233121
23385 0.198004 0.801996 0.000000
17074 0.273055 0.703871 0.023074
17073 0.145959 0.071280 0.782761
2635 0.564276 0.321127 0.114597
18667 0.391713 0.325893 0.282394
2626 0.496202 0.294219 0.209579
8467 0.705418 0.294582 0.000000
2135 0.363866 0.463124 0.173010
23319 0.008389 0.755680 0.235931
23482 0.156282 0.575863 0.267855
74 0.635306 0.331161 0.033533
635 0.494730 0.273980 0.231290
635 0.360169 0.493382 0.146449
20677 0.267760 0.513640 0.218600
2293 0.428646 0.566814 0.004540
2292 0.226686 0.641447 0.131868
2294 0.180860 0.306707 0.512433
17568 0.397144 0.255830 0.347026
8228 0.171143 0.160587 0.668270
20689 0.451005 0.161175 0.387820
8239 0.038727 0.757039 0.204234
8239 0.227200 0.459233 0.313567
2294 0.528265 0.321547 0.150188
20689 0.346226 0.442309 0.211465
20689 0.043752 0.339007 0.617241
2295 0.056609 0.934759 0.008632
2295 0.023101 0.362356 0.614543
18741 0.373818 0.452099 0.174083
18741 0.037003 0.797898 0.165098
1820 0.766492 0.054489 0.179019
18741 0.654950 0.283794 0.061256
18741 0.254382 0.659342 0.086276
8770 0.033743 0.966257 0.000000
18739 0.055292 0.749631 0.195077
18739 0.010570 0.840329 0.149101
18730 0.800423 0.121596 0.077981
18730 0.593444 0.245945 0.160610
18730 0.631273 0.099564 0.269163
1820 0.126504 0.705507 0.167989
1822 0.763605 0.160454 0.075941
18738 0.087614 0.027396 0.884990
23384 0.048265 0.657248 0.294487
633 0.692768 0.062687 0.244545
23382 0.338691 0.637794 0.023515
639 0.203023 0.625534 0.171443
2137 0.484225 0.515775 0.000000
23326 0.763706 0.236294 0.000000
15387 0.112883 0.196172 0.690945
13086 0.110348 0.520620 0.369032
10800 0.682224 0.279490 0.038285
20536 0.473226 0.190327 0.336447
643 0.284413 0.593552 0.122034
640 0.495351 0.480345 0.024304
19140 0.195811 0.131505 0.672684
13701 0.253146 0.110341 0.636513
19142 0.491843 0.478659 0.029499
19116 0.000000 0.158196 0.841804
642 0.059657 0.940343 0.000000
854 0.030423 0.883660 0.085917
19139 0.491452 0.494963 0.013585
13082 0.634293 0.195790 0.169917
13091 0.027055 0.358272 0.614673
13098 0.027058 0.779030 0.193912
17027 0.045560 0.631933 0.322508
11050 0.769004 0.075342 0.155655
23444 0.063746 0.384051 0.552203
23442 0.358595 0.070158 0.571246
17029 0.138514 0.021748 0.839738
20483 0.217104 0.453089 0.329807
10978 0.366669 0.520970 0.112362
10971 0.293965 0.324898 0.381137
10977 0.306028 0.442329 0.251642
23474 0.162725 0.770498 0.066776
23432 0.108002 0.163495 0.728503
23429 0.647704 0.040668 0.311628
20491 0.468466 0.012225 0.519309
23435 0.392646 0.446574 0.160780
23437 0.320003 0.558573 0.121425
23447 0.112677 0.126297 0.761026
23995 0.037967 0.666413 0.295621
3114 0.697504 0.100946 0.201550
3115 0.558080 0.027786 0.414134
11963 0.223287 0.534090 0.242624
23997 0.682362 0.280608 0.037029
329 0.476034 0.140419 0.383547
18006 0.192261 0.359050 0.448689
3123 0.498731 0.313056 0.188213
11961 0.310767 0.421175 0.268058
164 0.224419 0.051483 0.724098
23520 0.436549 0.191816 0.371635
12168 0.336362 0.008657 0.654981
12157 0.148553 0.828175 0.023272
20089 0.442264 0.336626 0.221109
24058 0.057451 0.878864 0.063684
48 0.193105 0.537967 0.268928
56 0.310079 0.308285 0.381635
24026 0.509221 0.363961 0.126818
343 0.609439 0.067784 0.322777
313 0.784048 0.008475 0.207477
318 0.839734 0.030258 0.130008
299 0.746107 0.085338 0.168556
300 0.507705 0.311339 0.180956
337 0.498330 0.327512 0.174159
24027 0.647684 0.146390 0.205927
23982 0.756297 0.011285 0.232418
23983 0.753408 0.062362 0.184230
23984 0.692073 0.232862 0.075065
23985 0.617508 0.103101 0.279390
6 0.010790 0.516054 0.473157
7 0.214568 0.457221 0.328211
8 0.739009 0.155241 0.105750
5 0.584165 0.361794 0.054041
17950 0.323291 0.335611 0.341098
23753 0.138431 0.225468 0.636101
21 0.470155 0.492616 0.037229
3246 0.270410 0.069053 0.660537
3291 0.115647 0.666075 0.218278
17946 0.279378 0.398524 0.322098
12135 0.115439 0.750585 0.133975
20139 0.525344 0.178568 0.296088
18075 0.465780 0.033821 0.500398
27 0.119407 0.556321 0.324272
24049 0.322430 0.361020 0.316549
20174 0.104187 0.091626 0.804187
12126 0.563384 0.115108 0.321508
1955 0.124586 0.190039 0.685376
11 0.318363 0.355736 0.325901
24037 0.112464 0.570043 0.317492
3 0.770165 0.075654 0.154180
24046 0.360949 0.139341 0.499710
12159 0.278232 0.187889 0.533879
20161 0.019095 0.643945 0.336960
12164 0.773820 0.224220 0.001959
20165 0.582165 0.107135 0.310700
12165 0.285329 0.096996 0.617675
12166 0.389789 0.586253 0.023958
23519 0.055335 0.036824 0.907841
18072 0.037308 0.224437 0.738255
18083 0.343352 0.632944 0.023705
1952 0.217978 0.095513 0.686509
335 0.021785 0.381810 0.596405
18295 0.242544 0.532595 0.224861
23979 0.057629 0.207757 0.734615
18296 0.240292 0.191059 0.568648
18297 0.290365 0.013650 0.695985
23976 0.024389 0.777140 0.198471
3085 0.129010 0.058199 0.812791
3100 0.021868 0.231646 0.746486
18306 0.039478 0.786277 0.174245
23977 0.011833 0.702652 0.285516
3074 0.162815 0.079129 0.758056
18303 0.326972 0.034828 0.638200
293 0.158319 0.518115 0.323565
307 0.330084 0.525781 0.144135
315 0.457343 0.523371 0.019286
24019 0.009490 0.354632 0.635878
24018 0.022546 0.216021 0.761433
18004 0.204200 0.581355 0.214445
3099 0.603949 0.124208 0.271843
3097 0.537341 0.137734 0.324925
3096 0.365063 0.317129 0.317808
3095 0.229484 0.485806 0.284710
3121 0.444615 0.161253 0.394132
18307 0.380317 0.335991 0.283692
18266 0.360904 0.370041 0.269054
18265 0.389835 0.503823 0.106341
3094 0.295646 0.176002 0.528351
3120 0.317661 0.661200 0.021139
18308 0.045251 0.268431 0.686318
18276 0.110660 0.273844 0.615497
18291 0.233933 0.358166 0.407901
18313 0.363430 0.550566 0.086004
17993 0.062272 0.517011 0.420717
18149 0.512212 0.414785 0.073004
3125 0.439103 0.528402 0.032495
18317 0.137518 0.700328 0.162154
18298 0.446567 0.243240 0.310192
17991 0.769834 0.090272 0.139894
17992 0.738199 0.207026 0.054775
3103 0.082667 0.796156 0.121178
18301 0.021895 0.797232 0.180872
11959 0.364224 0.383266 0.252510
12006 0.283585 0.467074 0.249341
12005 0.168735 0.552710 0.278556
3091 0.032538 0.326111 0.641351
3092 0.221059 0.257131 0.521810
11960 0.368795 0.352911 0.278295
18300 0.150970 0.651705 0.197325
18299 0.306908 0.422553 0.270539
13169 0.208390 0.749118 0.042492
17044 0.561029 0.074729 0.364242
145 0.082574 0.214119 0.703307
147 0.061292 0.685864 0.252844
142 0.059707 0.932525 0.007768
21342 0.871367 0.082235 0.046398
17986 0.780357 0.089933 0.129709
17987 0.765429 0.185484 0.049087
21138 0.123820 0.087215 0.788965
24181 0.023776 0.737512 0.238712
21356 0.772668 0.164276 0.063056
12035 0.723652 0.050379 0.225969
12041 0.520973 0.222607 0.256421
12042 0.225201 0.463803 0.310996
21317 0.570924 0.017076 0.412001
21354 0.790195 0.151444 0.058361
24169 0.181266 0.532472 0.286262
24193 0.349568 0.260584 0.389848
13139 0.047097 0.216338 0.736565
17089 0.003525 0.336508 0.659966
2905 0.470461 0.308062 0.221477
2931 0.095081 0.475611 0.429308
23467 0.246812 0.034607 0.718581
24156 0.154404 0.322597 0.522998
21092 0.188278 0.081360 0.730363
11579 0.131443 0.026339 0.842218
21144 0.498681 0.385619 0.115700
11809 0.051489 0.206973 0.741538
24166 0.264621 0.227733 0.507646
24154 0.540950 0.092191 0.366859
238 0.148379 0.705391 0.146231
24099 0.125044 0.579063 0.295892
24104 0.351143 0.198068 0.450788
24155 0.164408 0.283618 0.551974
21181 0.236026 0.583566 0.180409
21176 0.364177 0.198449 0.437375
24192 0.366963 0.005514 0.627523
362 0.281775 0.013222 0.705004
21175 0.282225 0.490309 0.227466
206 0.078991 0.392815 0.528194
21327 0.467337 0.350365 0.182298
11973 0.316352 0.235286 0.448362
21128 0.079766 0.056120 0.864114
11730 0.755258 0.059762 0.184979
11731 0.525926 0.035524 0.438550
24143 0.438852 0.474946 0.086202
24142 0.188225 0.619105 0.192669
21127 0.049499 0.215928 0.734573
13168 0.184267 0.641593 0.174140
17128 0.764874 0.088384 0.146742
13183 0.625576 0.132544 0.241880
13137 0.327237 0.084909 0.587853
17122 0.151998 0.346694 0.501308
13165 0.944421 0.017436 0.038143
24187 0.215181 0.298877 0.485943
24186 0.226629 0.083720 0.689651
11832 0.123790 0.108947 0.767263
24144 0.323773 0.182535 0.493692
24188 0.216400 0.371588 0.412012
24189 0.072717 0.583941 0.343342
23424 0.089885 0.607286 0.302830
23461 0.222513 0.633029 0.144458
62 0.589236 0.235847 0.174918
12037 0.200050 0.605194 0.194756
24139 0.097630 0.648101 0.254269
345 0.134730 0.736740 0.128530
24147 0.673449 0.032315 0.294237
385 0.199858 0.783501 0.016640
11968 0.324712 0.522564 0.152724
139 0.470704 0.130482 0.398813
61 0.164835 0.564538 0.270627
26 0.095715 0.174272 0.730012
11967 0.369808 0.528979 0.101213
386 0.128976 0.749485 0.121539
24149 0.581369 0.111807 0.306825
24157 0.412152 0.223981 0.363867
387 0.070659 0.651919 0.277422
21363 0.031845 0.551889 0.416266
21329 0.767166 0.034460 0.198374
24140 0.216222 0.345343 0.438435
24100 0.093161 0.571440 0.335399
140 0.495412 0.325843 0.178745
152 0.032666 0.428330 0.539004
151 0.417917 0.379706 0.202376
12044 0.631433 0.056447 0.312121
21325 0.628538 0.002574 0.368888
24098 0.271081 0.267420 0.461499
21116 0.106995 0.001396 0.891609
11742 0.118312 0.612547 0.269141
21130 0.398019 0.574070 0.027911
18768 0.340513 0.539990 0.119497
18703 0.075506 0.654085 0.270409
710 0.262958 0.456909 0.280134
18756 0.520197 0.155289 0.324513
1833 0.169363 0.050149 0.780487
2366 0.258187 0.659044 0.082769
2361 0.332966 0.222656 0.444378
18772 0.287297 0.184622 0.528081
702 0.163778 0.314728 0.521494
1751 0.100572 0.454104 0.445324
1991 0.179845 0.333824 0.486331
18741 0.006419 0.195516 0.798064
18809 0.089614 0.522566 0.387820
2363 0.012679 0.062073 0.925248
1801 0.672541 0.145343 0.182115
1799 0.268937 0.456989 0.274074
18823 0.498092 0.192576 0.309332
18800 0.348980 0.438407 0.212614
18799 0.067786 0.011384 0.920830
1804 0.091833 0.024528 0.883638
17661 0.009184 0.265830 0.724985
2631 0.583241 0.305051 0.111708
8766 0.410426 0.281627 0.307946
2635 0.051435 0.150466 0.798099
20684 0.282905 0.460227 0.256868
2625 0.384703 0.509969 0.105328
20689 0.922475 0.071955 0.005569
635 0.339711 0.585962 0.074327
17498 0.393373 0.586633 0.019994
8216 0.013928 0.133830 0.852241
8225 0.373296 0.563978 0.062726
8218 0.079528 0.539165 0.381308
18763 0.246976 0.485360 0.267665
1735 0.210657 0.528052 0.261290
18760 0.089020 0.751778 0.159202
18758 0.461688 0.243113 0.295199
14822 0.070768 0.007406 0.921826
17302 0.579000 0.348119 0.072881
12982 0.222743 0.167229 0.610028
14867 0.580658 0.092538 0.326804
13359 0.433770 0.398159 0.168071
13048 0.362155 0.637845 0.000000
13062 0.068441 0.786713 0.144846
12568 0.389081 0.345583 0.265336
12619 0.259677 0.685085 0.055238
13200 0.575288 0.375584 0.049127
13198 0.587469 0.277993 0.134537
13197 0.609411 0.270207 0.120383
15160 0.174871 0.121688 0.703440
15206 0.433683 0.013459 0.552858
15162 0.158246 0.151039 0.690715
15210 0.326819 0.369281 0.303900
17331 0.436896 0.294535 0.268569
17452 0.687343 0.161440 0.151217
13057 0.820163 0.029728 0.150109
15196 0.430717 0.153067 0.416216
12609 0.071794 0.566194 0.362012
14881 0.157278 0.385526 0.457197
13198 0.288384 0.379398 0.332218
12597 0.211951 0.735487 0.052562
15202 0.493260 0.425724 0.081016
15159 0.019057 0.683760 0.297183
12585 0.274002 0.579626 0.146372
12574 0.163882 0.679657 0.156461
13358 0.399854 0.096307 0.503839
17416 0.256722 0.270641 0.472637
13053 0.194883 0.313615 0.491502
13386 0.695114 0.106994 0.197892
17335 0.322812 0.133452 0.543736
14882 0.327196 0.074891 0.597913
13198 0.942718 0.015163 0.042118
13197 0.342951 0.181119 0.475930
15030 0.286965 0.003717 0.709318
14858 0.097810 0.212543 0.689647
15207 0.438434 0.400378 0.161187
13362 0.231450 0.520954 0.247596
17384 0.131633 0.782991 0.085376
17365 0.899782 0.021450 0.078768
12607 0.324604 0.629942 0.045454
13201 0.551369 0.190753 0.257878
13204 0.308868 0.687430 0.003703
13197 0.194931 0.033168 0.771901
15030 0.250493 0.496768 0.252739
14858 0.079242 0.509600 0.411158
14857 0.498921 0.023095 0.477984
13383 0.127687 0.129363 0.742950
14821 0.590537 0.353300 0.056163
17373 0.225447 0.054337 0.720216
15193 0.162299 0.337198 0.500503
12612 0.509563 0.228044 0.262392
12682 0.289995 0.124114 0.585892
17425 0.490969 0.200067 0.308964
17329 0.239139 0.094960 0.665901
17310 0.097813 0.843316 0.058872
13035 0.421074 0.051592 0.527334
17277 0.559252 0.096531 0.344217
13333 0.620469 0.192174 0.187357
17436 0.002767 0.269488 0.727745
12625 0.510090 0.109792 0.380119
15143 0.061456 0.085991 0.852554
15140 0.072647 0.766727 0.160625
12877 0.606074 0.162706 0.231220
15034 0.064414 0.112477 0.823109
15028 0.508337 0.358020 0.133643
14863 0.119622 0.249519 0.630859
14862 0.625804 0.026532 0.347664
13040 0.597121 0.309605 0.093274
13336 0.189606 0.146617 0.663777
13333 0.928182 0.059737 0.012081
17435 0.647097 0.291101 0.061802
12695 0.233084 0.687088 0.079828
15146 0.573657 0.420335 0.006007
15139 0.345271 0.019543 0.635186
15032 0.207773 0.562386 0.229841
12861 0.165678 0.321120 0.513201
15028 0.058974 0.920004 0.021022
12718 0.114797 0.827427 0.057776
12732 0.201562 0.345817 0.452621
17432 0.219702 0.412518 0.367780
13335 0.143247 0.624928 0.231825
13187 0.350134 0.088906 0.560959
13370 0.012383 0.517646 0.469971
17314 0.174962 0.817775 0.007263
13403 0.273186 0.534207 0.192608
17341 0.364590 0.557385 0.078025
15167 0.280605 0.317458 0.401937
12897 0.062231 0.448222 0.489547
12899 0.595258 0.219970 0.184772
14858 0.122272 0.786736 0.090993
14857 0.546891 0.450902 0.002207
13332 0.304404 0.356688 0.338908
17430 0.405769 0.489263 0.104968
17422 0.187943 0.438594 0.373463
17349 0.647945 0.295524 0.056530
12543 0.190238 0.217673 0.592089
12588 0.746852 0.094983 0.158165
15169 0.183673 0.002779 0.813548
13273 0.451770 0.329654 0.218576
17363 0.416211 0.513887 0.069902
13202 0.235724 0.580907 0.183369
14889 0.087717 0.157469 0.754814
14878 0.325042 0.610075 0.064883
13379 0.164910 0.677967 0.157123
13376 0.868128 0.062701 0.069171
13401 0.941098 0.030909 0.027993
15171 0.083336 0.000422 0.916242
14900 0.307498 0.298135 0.394368
17413 0.402014 0.494830 0.103155
15191 0.683129 0.137407 0.179464
12622 0.358120 0.371848 0.270032
13032 0.740809 0.166105 0.093087
17458 0.368688 0.316280 0.315032
12555 0.135200 0.401234 0.463567
15166 0.633385 0.270907 0.095708
12879 0.182335 0.008808 0.808857
15182 0.050830 0.577694 0.371476
12885 0.156942 0.555032 0.288026
15137 0.245676 0.084643 0.669681
14930 0.555341 0.384306 0.060353
14895 0.662905 0.091809 0.245286
14885 0.440099 0.068729 0.491171
13192 0.192753 0.102576 0.704671
14877 0.551867 0.085706 0.362426
15172 0.108691 0.069643 0.821666
14931 0.180036 0.060632 0.759331
15124 0.328565 0.174235 0.497200
15125 0.290947 0.307398 0.401655
15126 0.339754 0.624715 0.035530
13030 0.648387 0.186491 0.165122
17469 0.121366 0.050671 0.827962
14988 0.052828 0.187192 0.759981
12737 0.253058 0.101786 0.645155
12736 0.143226 0.559871 0.296903
13068 0.379233 0.349067 0.271701
12902 0.205806 0.594492 0.199702
15100 0.732442 0.088210 0.179348
12636 0.738803 0.233907 0.027290
14765 0.539161 0.295254 0.165585
