20263 0.118075 0.328670 0.553255
20259 0.270726 0.304707 0.424567
40410 0.296003 0.581054 0.122943
40472 0.545956 0.130521 0.323523
39452 0.706927 0.074901 0.218172
40862 0.522196 0.043088 0.434716
20794 0.009295 0.386824 0.603880
40865 0.878843 0.054153 0.067003
19200 0.797379 0.190369 0.012252
40961 0.111457 0.254610 0.633933
40958 0.251699 0.043905 0.704396
40956 0.187495 0.164132 0.648373
19334 0.488948 0.105508 0.405545
19333 0.206263 0.570437 0.223300
37539 0.215371 0.688018 0.096611
19335 0.263641 0.079758 0.656600
20399 0.731653 0.041484 0.226863
20330 0.049806 0.530100 0.420094
41165 0.135322 0.180567 0.684111
20398 0.630239 0.234900 0.134861
40412 0.478998 0.309907 0.211094
19314 0.503687 0.019019 0.477293
39413 0.675070 0.291211 0.033719
40411 0.415432 0.231781 0.352787
20671 0.078317 0.269890 0.651794
40902 0.670174 0.066675 0.263151
19331 0.056824 0.099667 0.843510
37554 0.243058 0.747822 0.009119
37536 0.694403 0.130908 0.174690
12903 0.171885 0.338702 0.489413
12385 0.746963 0.050116 0.202922
33699 0.197986 0.704448 0.097566
33767 0.256882 0.069283 0.673835
12490 0.559727 0.336984 0.103289
33728 0.038273 0.939883 0.021843
12917 0.060339 0.542265 0.397396
33769 0.333022 0.337577 0.329401
33684 0.306913 0.132028 0.561059
33736 0.378057 0.337368 0.284575
12448 0.537997 0.101696 0.360307
12901 0.562933 0.282631 0.154436
12900 0.573466 0.011623 0.414911
12899 0.054481 0.811592 0.133927
12891 0.165725 0.727087 0.107188
12898 0.528251 0.036553 0.435195
33772 0.681503 0.292739 0.025758
12882 0.289472 0.489010 0.221518
33794 0.348491 0.037100 0.614409
12888 0.051908 0.874892 0.073199
32067 0.509998 0.185348 0.304654
12477 0.135402 0.514767 0.349830
33800 0.569722 0.335942 0.094336
10444 0.351838 0.177484 0.470678
32023 0.318180 0.128586 0.553234
12635 0.048166 0.821345 0.130489
32020 0.100627 0.445545 0.453828
10468 0.075056 0.573127 0.351817
12461 0.106410 0.252212 0.641379
12463 0.033911 0.043730 0.922360
33776 0.176760 0.434508 0.388731
12497 0.246793 0.324126 0.429080
12469 0.890296 0.078422 0.031282
12445 0.167927 0.084996 0.747076
33734 0.204928 0.194568 0.600504
33785 0.107429 0.193012 0.699559
12440 0.445879 0.017463 0.536658
33733 0.137307 0.335088 0.527605
33841 0.322213 0.625662 0.052125
33810 0.092213 0.148573 0.759214
33881 0.565404 0.216874 0.217722
12654 0.199295 0.052147 0.748559
33686 0.105396 0.867348 0.027257
12491 0.192288 0.148247 0.659464
33912 0.173438 0.144337 0.682225
12452 0.320911 0.554929 0.124160
12358 0.153343 0.337313 0.509345
12418 0.497602 0.041426 0.460972
12503 0.328493 0.070009 0.601498
33665 0.414884 0.434373 0.150743
33664 0.263260 0.732404 0.004336
33849 0.156166 0.020661 0.823173
33671 0.044660 0.057124 0.898216
33669 0.209970 0.100057 0.689973
12368 0.549230 0.134561 0.316209
12367 0.234601 0.482395 0.283005
12363 0.139752 0.162161 0.698087
33719 0.218586 0.167558 0.613855
33721 0.889792 0.082155 0.028054
33916 0.542025 0.339138 0.118837
33715 0.362955 0.087077 0.549968
12645 0.254569 0.037314 0.708118
12431 0.868500 0.039315 0.092185
12433 0.591894 0.148152 0.259954
33710 0.534453 0.010400 0.455147
12378 0.069361 0.563731 0.366908
12389 0.477759 0.081713 0.440528
12386 0.740267 0.112244 0.147489
12357 0.345729 0.246250 0.408021
12631 0.310852 0.602246 0.086901
33914 0.402020 0.357607 0.240373
33889 0.005718 0.344165 0.650118
33903 0.644535 0.312004 0.043461
12427 0.000000 0.776888 0.223112
33898 0.668801 0.109070 0.222128
33899 0.350425 0.543024 0.106551
33832 0.337246 0.150986 0.511768
12633 0.675693 0.226402 0.097905
33842 0.349804 0.317251 0.332946
12609 0.442195 0.463454 0.094350
33813 0.311711 0.232480 0.455809
12651 0.066222 0.489997 0.443781
33814 0.099589 0.233937 0.666475
33815 0.008154 0.420478 0.571368
33818 0.111514 0.112351 0.776135
12664 0.067260 0.029855 0.902886
33847 0.004680 0.534239 0.461081
32815 0.065767 0.248619 0.685614
12554 0.174809 0.567177 0.258014
10603 0.016150 0.844314 0.139536
10419 0.601443 0.201555 0.197002
10581 0.019797 0.549868 0.430334
32008 0.030092 0.146378 0.823530
32772 0.660186 0.244183 0.095631
10718 0.688499 0.132507 0.178994
32776 0.456318 0.353077 0.190605
10714 0.255003 0.447273 0.297724
10635 0.408957 0.166048 0.424994
10708 0.339230 0.410010 0.250760
32784 0.432861 0.513611 0.053528
32040 0.098073 0.601750 0.300177
32767 0.550784 0.435901 0.013315
10606 0.525289 0.038135 0.436575
32049 0.590680 0.329881 0.079438
32038 0.001761 0.759660 0.238579
32925 0.793597 0.173614 0.032789
10608 0.492007 0.006117 0.501876
32765 0.412703 0.406520 0.180777
11389 0.644051 0.087049 0.268899
10617 0.199955 0.010146 0.789899
11398 0.336841 0.617593 0.045566
10726 0.086668 0.899852 0.013480
10755 0.129672 0.123458 0.746870
40395 0.405670 0.134394 0.459937
41207 0.023508 0.397844 0.578648
41205 0.021631 0.424318 0.554051
19321 0.092741 0.374697 0.532562
39419 0.329752 0.511385 0.158862
20345 0.273389 0.332419 0.394192
20347 0.426051 0.277288 0.296662
20350 0.388829 0.198747 0.412424
19304 0.223599 0.029831 0.746570
20249 0.756166 0.221779 0.022055
40399 0.364667 0.104081 0.531252
20247 0.123183 0.355471 0.521347
20273 0.031863 0.036015 0.932122
40423 0.227055 0.009430 0.763515
20238 0.011409 0.735811 0.252780
40893 0.327709 0.018332 0.653959
40892 0.039441 0.180206 0.780353
40910 0.079227 0.176497 0.744276
20774 0.434924 0.400603 0.164473
40913 0.075761 0.321619 0.602620
40916 0.160380 0.624822 0.214798
40915 0.107583 0.414273 0.478143
20770 0.062932 0.111765 0.825303
19211 0.682828 0.204219 0.112952
39463 0.075315 0.247502 0.677183
19732 0.050545 0.840140 0.109315
19729 0.575678 0.292104 0.132218
19730 0.195906 0.302509 0.501585
19707 0.374176 0.581692 0.044132
19674 0.584336 0.403332 0.012333
19677 0.333960 0.429077 0.236964
19685 0.334242 0.058274 0.607484
32400 0.185507 0.560416 0.254077
10755 0.908242 0.025794 0.065964
32925 0.428081 0.044135 0.527784
32049 0.217156 0.271853 0.510992
20650 0.281159 0.199071 0.519769
40885 0.443832 0.381819 0.174350
40440 0.093815 0.792010 0.114175
20477 0.421209 0.205387 0.373404
40588 0.259418 0.291963 0.448620
40716 0.317001 0.211325 0.471673
19255 0.120341 0.856661 0.022998
37524 0.202795 0.290957 0.506248
20566 0.063130 0.347817 0.589053
19814 0.046448 0.328710 0.624842
20584 0.701619 0.143340 0.155041
37725 0.403442 0.299614 0.296944
37530 0.138935 0.281720 0.579345
37514 0.264652 0.129505 0.605844
37502 0.346851 0.023692 0.629458
18377 0.254634 0.452257 0.293109
39334 0.175486 0.204953 0.619561
39329 0.195894 0.549127 0.254979
39322 0.740489 0.169449 0.090062
18207 0.385113 0.201290 0.413597
37508 0.684142 0.206099 0.109759
19797 0.542480 0.050911 0.406609
20583 0.580940 0.000000 0.419060
37508 0.606369 0.212619 0.181012
40618 0.466083 0.312136 0.221781
20360 0.168593 0.182770 0.648637
40618 0.464771 0.202125 0.333105
20289 0.139873 0.232747 0.627379
20292 0.621628 0.066561 0.311812
40983 0.213904 0.680469 0.105626
40194 0.568052 0.106371 0.325576
41002 0.564098 0.015964 0.419938
20764 0.113820 0.570955 0.315225
37696 0.078987 0.701193 0.219821
40999 0.619434 0.006421 0.374146
20186 0.070300 0.685381 0.244319
20185 0.152315 0.826258 0.021428
40586 0.170733 0.078137 0.751130
20188 0.117002 0.357172 0.525826
20409 0.695215 0.148128 0.156657
20410 0.348618 0.340460 0.310922
20374 0.370988 0.276260 0.352752
19506 0.297311 0.083222 0.619466
20329 0.036185 0.189212 0.774603
19336 0.059509 0.780195 0.160296
39722 0.701293 0.078002 0.220705
18241 0.619792 0.111049 0.269159
39716 0.580958 0.135061 0.283981
18214 0.514975 0.279743 0.205283
10419 0.253032 0.559564 0.187404
32039 0.033541 0.175327 0.791133
32852 0.244980 0.514364 0.240656
32041 0.007681 0.126625 0.865693
10725 0.069874 0.335938 0.594188
32850 0.317621 0.453517 0.228861
10718 0.020863 0.770472 0.208665
11490 0.751893 0.210176 0.037931
32825 0.583689 0.091124 0.325187
11491 0.002404 0.445728 0.551869
32775 0.495396 0.008155 0.496449
10636 0.046723 0.349382 0.603895
32783 0.456355 0.164865 0.378780
10624 0.514144 0.267122 0.218734
10613 0.511178 0.249494 0.239329
10611 0.492142 0.289021 0.218837
10612 0.315678 0.472772 0.211550
10616 0.038006 0.722049 0.239945
32810 0.768003 0.143009 0.088988
11052 0.039901 0.809583 0.150516
11697 0.651793 0.292588 0.055619
11696 0.200246 0.391691 0.408063
32578 0.365196 0.633780 0.001024
32581 0.377837 0.537130 0.085033
11664 0.663259 0.206552 0.130189
11663 0.217036 0.106659 0.676305
11666 0.407326 0.590579 0.002095
11462 0.508089 0.445527 0.046385
11464 0.489533 0.505223 0.005245
11673 0.034028 0.953786 0.012186
11673 0.906939 0.034572 0.058490
11674 0.601157 0.348792 0.050051
11471 0.199691 0.731694 0.068614
20373 0.345201 0.599727 0.055072
41263 0.102411 0.704735 0.192854
20365 0.650169 0.171523 0.178308
20369 0.282482 0.183963 0.533555
20368 0.380776 0.245935 0.373288
41267 0.020019 0.581245 0.398737
39392 0.493503 0.170935 0.335562
16434 0.222542 0.499886 0.277572
18494 0.647693 0.073163 0.279144
19785 0.182606 0.578749 0.238646
18495 0.025455 0.294855 0.679690
18495 0.330229 0.435439 0.234333
18515 0.519604 0.360794 0.119602
36899 0.026426 0.717260 0.256314
18500 0.081004 0.680106 0.238889
39490 0.706620 0.251956 0.041424
39291 0.200040 0.618535 0.181425
37633 0.092107 0.322807 0.585086
39387 0.042352 0.030205 0.927442
18247 0.135411 0.135204 0.729385
39736 0.082256 0.884319 0.033426
18350 0.080137 0.494745 0.425118
18327 0.171904 0.639005 0.189091
18674 0.264650 0.620645 0.114705
18352 0.030209 0.035882 0.933909
39796 0.587220 0.349853 0.062927
41251 0.064976 0.343032 0.591991
19992 0.195988 0.627438 0.176574
37963 0.051990 0.634351 0.313659
40642 0.463684 0.379708 0.156608
40640 0.130544 0.195933 0.673523
20172 0.424403 0.376640 0.198956
40637 0.513141 0.279245 0.207614
40798 0.042780 0.057548 0.899673
20556 0.426786 0.405275 0.167939
40239 0.026601 0.651591 0.321808
40238 0.438855 0.113758 0.447387
40801 0.263554 0.362196 0.374250
20635 0.065490 0.920087 0.014423
40726 0.068523 0.199651 0.731826
37648 0.094917 0.864560 0.040523
37651 0.061509 0.877931 0.060560
18509 0.015068 0.475868 0.509064
18489 0.161217 0.618331 0.220451
18855 0.017525 0.122383 0.860092
18250 0.040589 0.654712 0.304699
39485 0.317354 0.268758 0.413887
18251 0.171535 0.601563 0.226902
39735 0.055568 0.681174 0.263257
18305 0.493384 0.415257 0.091359
18489 1.000000 0.000000 0.000000
18520 0.551942 0.308381 0.139676
39290 0.930050 0.067142 0.002808
19783 0.738787 0.049472 0.211741
39374 0.000389 0.541556 0.458055
19782 0.104028 0.775679 0.120293
19781 0.558119 0.430202 0.011679
40680 0.350363 0.107561 0.542076
40683 0.357470 0.452581 0.189950
40803 0.310547 0.639521 0.049932
20092 0.925163 0.021746 0.053091
37941 0.061937 0.383220 0.554842
19449 0.224166 0.149860 0.625974
40723 0.619075 0.135482 0.245443
40725 0.290738 0.170289 0.538972
40727 0.309750 0.038398 0.651853
18409 0.049268 0.154564 0.796169
18503 0.263897 0.293099 0.443004
19785 0.609145 0.318824 0.072030
37616 0.032692 0.036023 0.931285
37623 0.684304 0.094672 0.221024
18355 0.581560 0.255606 0.162834
41239 0.601630 0.057205 0.341164
40673 0.248747 0.213116 0.538137
40678 0.715628 0.014213 0.270159
20168 0.434522 0.304680 0.260798
20165 0.224076 0.750933 0.024991
20539 0.067321 0.106864 0.825815
40946 0.209531 0.015631 0.774838
40580 0.565844 0.088653 0.345503
20166 0.759391 0.152099 0.088510
40636 0.133398 0.482617 0.383985
40579 0.312678 0.658685 0.028637
40575 0.035700 0.915226 0.049074
40575 0.052731 0.154785 0.792483
18620 0.557710 0.012530 0.429759
20421 0.161569 0.156446 0.681986
18613 0.798979 0.185269 0.015752
40624 0.020011 0.019216 0.960774
41227 0.366845 0.225271 0.407884
41225 0.137317 0.488447 0.374236
41224 0.537535 0.296651 0.165814
39823 0.549694 0.100650 0.349656
41223 0.605494 0.172200 0.222306
39825 0.049233 0.522206 0.428561
39756 0.003658 0.481298 0.515044
19430 0.242197 0.484349 0.273454
19232 0.230356 0.524631 0.245013
40249 0.469659 0.503325 0.027016
40245 0.361829 0.504576 0.133596
40734 0.658033 0.099309 0.242658
19231 0.012259 0.739575 0.248166
20631 0.387018 0.301791 0.311192
20627 0.545763 0.375639 0.078598
19752 0.848201 0.040873 0.110927
19767 0.183529 0.030748 0.785723
37625 0.554694 0.088175 0.357131
18502 0.391920 0.237551 0.370528
18449 0.281491 0.545778 0.172731
39301 0.140949 0.422735 0.436316
39502 0.097549 0.428998 0.473453
18444 0.113756 0.709654 0.176590
18351 0.150713 0.589554 0.259733
41149 0.456077 0.056968 0.486955
12969 0.021372 0.907601 0.071026
16436 0.319204 0.309975 0.370821
37962 0.093822 0.827602 0.078576
20096 0.040002 0.715357 0.244641
37841 0.625945 0.090908 0.283147
12830 0.355387 0.256737 0.387875
40778 0.242653 0.431189 0.326158
40149 0.423574 0.405656 0.170770
20496 0.222941 0.548627 0.228432
20494 0.791819 0.108657 0.099524
40665 0.457558 0.204512 0.337929
40668 0.329237 0.458310 0.212453
19455 0.212798 0.045350 0.741852
40235 0.039839 0.799715 0.160446
40233 0.556533 0.374616 0.068851
20605 0.193027 0.107626 0.699348
40827 0.242527 0.027136 0.730337
40186 0.416368 0.291479 0.292152
20609 0.297746 0.447956 0.254298
20608 0.494449 0.459110 0.046442
40825 0.021367 0.805188 0.173444
37641 0.626604 0.014396 0.359000
18255 0.269799 0.646787 0.083414
18258 0.325464 0.242944 0.431593
18463 0.670351 0.024842 0.304807
18529 0.554270 0.162331 0.283399
39773 0.751182 0.164874 0.083945
39774 0.075202 0.073597 0.851200
18487 0.018372 0.192679 0.788949
39403 0.610386 0.324236 0.065378
41075 0.207927 0.631954 0.160120
18658 0.178474 0.618319 0.203208
12981 0.948291 0.039129 0.012580
34088 0.285426 0.304365 0.410210
12837 0.374615 0.473155 0.152230
19886 0.329591 0.429658 0.240751
37936 0.246522 0.678423 0.075055
33990 0.722524 0.194411 0.083065
40832 0.895410 0.010776 0.093814
40792 0.462769 0.156995 0.380236
40128 0.013747 0.430187 0.556065
20515 0.376469 0.328335 0.295196
40785 0.331507 0.256490 0.412003
20493 0.019585 0.682809 0.297606
40131 0.382869 0.140343 0.476788
40132 0.150308 0.611377 0.238315
20615 0.003023 0.001092 0.995884
40820 0.014826 0.461746 0.523428
34086 0.052131 0.121384 0.826485
20144 0.036675 0.512033 0.451292
20612 0.520840 0.101022 0.378138
40824 0.870998 0.038947 0.090055
20613 0.128996 0.242488 0.628516
40821 0.223897 0.469276 0.306827
18453 0.420737 0.368399 0.210864
39373 0.196277 0.233022 0.570701
39369 0.258914 0.640122 0.100964
18288 0.379986 0.089959 0.530055
37667 0.130448 0.331553 0.537998
19969 0.347881 0.126606 0.525513
18551 0.014269 0.076940 0.908791
19279 0.759822 0.175210 0.064967
19951 0.000000 0.804049 0.195951
18532 0.114589 0.447477 0.437934
37784 0.381223 0.403770 0.215007
41012 0.073955 0.010709 0.915336
41022 0.387016 0.187542 0.425442
12705 0.008155 0.142575 0.849270
18805 0.487924 0.493018 0.019058
18541 0.314185 0.384763 0.301051
18607 0.811869 0.155989 0.032142
18569 0.196677 0.160541 0.642782
40120 0.088254 0.651711 0.260036
37947 0.130772 0.589849 0.279380
18602 0.016050 0.012330 0.971620
41125 0.513384 0.232156 0.254460
19626 0.216563 0.142828 0.640609
18600 0.559874 0.359786 0.080340
37468 0.393773 0.222540 0.383687
19615 0.092382 0.409944 0.497673
19600 0.518619 0.380530 0.100851
37458 0.147091 0.467416 0.385493
19595 0.131803 0.243770 0.624426
18424 0.237472 0.721638 0.040891
18460 0.809022 0.080767 0.110211
18296 0.155554 0.441437 0.403009
19293 0.047747 0.918219 0.034034
18662 0.544356 0.203201 0.252443
12993 0.303154 0.325615 0.371231
34013 0.169530 0.789390 0.041080
12811 0.449989 0.449519 0.100491
20516 0.053889 0.028264 0.917847
20511 0.763241 0.058693 0.178067
40849 0.650725 0.060565 0.288710
40816 0.266145 0.539025 0.194830
40816 0.014318 0.122131 0.863551
20559 0.012551 0.702027 0.285423
37466 0.070476 0.266499 0.663025
37470 0.410631 0.347563 0.241807
19493 0.226033 0.321922 0.452045
20112 0.668966 0.007857 0.323177
40628 0.292973 0.261634 0.445393
20407 0.290639 0.007569 0.701792
40643 0.108706 0.202472 0.688822
20162 0.537345 0.366213 0.096442
40990 0.117899 0.739708 0.142392
40989 0.085818 0.267648 0.646534
40992 0.366185 0.537717 0.096098
40142 0.477695 0.495080 0.027225
40143 0.749463 0.037840 0.212696
19226 0.721697 0.222418 0.055885
40220 0.001262 0.667572 0.331166
20603 0.251453 0.734980 0.013567
19222 0.417269 0.060182 0.522548
40705 0.380321 0.541774 0.077904
40709 0.007857 0.071525 0.920618
40704 0.201245 0.145648 0.653107
19761 0.122188 0.389678 0.488135
37631 0.530127 0.029035 0.440838
37516 0.046961 0.119691 0.833348
18391 0.074067 0.729904 0.196029
18395 0.008720 0.467032 0.524248
39278 0.317771 0.058318 0.623910
39274 0.011924 0.097675 0.890400
18268 0.078823 0.740192 0.180985
18222 0.615424 0.073254 0.311322
18267 0.258424 0.015171 0.726405
39695 0.328653 0.124991 0.546356
39800 0.641009 0.047766 0.311226
18218 0.063186 0.187529 0.749285
39803 0.162923 0.455388 0.381689
39809 0.338807 0.532173 0.129020
39516 0.440090 0.310939 0.248971
41279 0.118155 0.608116 0.273728
41278 0.503400 0.102236 0.394364
19285 0.651424 0.036370 0.312207
41283 0.398115 0.087287 0.514598
18639 0.212351 0.596737 0.190912
40581 0.322420 0.615723 0.061857
40565 0.550174 0.284256 0.165570
40584 0.327461 0.213946 0.458592
40574 0.019069 0.364100 0.616831
40570 0.123874 0.115952 0.760174
40657 0.125539 0.065069 0.809392
40658 0.430863 0.462852 0.106285
40995 0.034036 0.281197 0.684767
20534 0.542973 0.453598 0.003429
40190 0.517020 0.201319 0.281661
19256 0.128808 0.810254 0.060938
40715 0.444236 0.046524 0.509240
19789 0.568728 0.353382 0.077890
37520 0.383994 0.541820 0.074186
18401 0.261856 0.737314 0.000831
39325 0.227716 0.557803 0.214482
18376 0.186155 0.451162 0.362683
39701 0.289102 0.021894 0.689004
39703 0.144754 0.720573 0.134673
18229 0.215472 0.218991 0.565537
39482 0.444314 0.159957 0.395728
18856 0.098264 0.788884 0.112852
41288 0.556625 0.019237 0.424138
20400 0.038555 0.773998 0.187447
40557 0.256185 0.067847 0.675968
40767 0.186700 0.629907 0.183394
37496 0.658488 0.205002 0.136510
37500 0.583937 0.085109 0.330953
37511 0.007911 0.870124 0.121965
18384 0.064846 0.235232 0.699922
39500 0.349699 0.138899 0.511403
41272 0.197323 0.523590 0.279088
37728 0.129702 0.781245 0.089053
37726 0.305274 0.449902 0.244824
19206 0.038026 0.340625 0.621349
20415 0.114328 0.479693 0.405979
39475 0.247321 0.228398 0.524281
40645 0.041731 0.114978 0.843291
19909 0.156412 0.562039 0.281549
37720 0.285179 0.228398 0.486423
19253 0.993312 0.001883 0.004805
40773 0.213281 0.031447 0.755272
37499 0.042702 0.201300 0.755998
37504 0.201850 0.590301 0.207849
18386 0.416551 0.146147 0.437302
39313 0.753382 0.110420 0.136197
18440 0.175612 0.789175 0.035213
19862 0.000000 0.921335 0.078665
19860 0.000000 0.046781 0.953219
20440 0.468600 0.438026 0.093373
40613 0.432069 0.144049 0.423882
20315 0.438946 0.122514 0.438540
40547 0.525464 0.184562 0.289974
40490 0.386745 0.251008 0.362247
39465 0.427693 0.463351 0.108956
40457 0.076563 0.594241 0.329196
20309 0.250246 0.505011 0.244742
40515 0.625338 0.319518 0.055144
40517 0.075276 0.346128 0.578595
20438 0.153206 0.551767 0.295027
20663 0.220946 0.081605 0.697449
20677 0.088081 0.394321 0.517598
40887 0.604963 0.163258 0.231779
40855 0.692618 0.061835 0.245547
40869 0.161719 0.354511 0.483770
19186 0.700325 0.256143 0.043532
19715 0.190384 0.662788 0.146828
19713 0.301710 0.648629 0.049661
40950 0.092505 0.482543 0.424951
19689 0.191805 0.198339 0.609856
19711 0.234757 0.506951 0.258292
37566 0.242608 0.093589 0.663803
19323 0.219071 0.711835 0.069094
39432 0.013394 0.600869 0.385737
39443 0.092907 0.581614 0.325479
20383 0.618513 0.281754 0.099733
41153 0.262613 0.187685 0.549702
20382 0.211353 0.508572 0.280075
41155 0.655932 0.057838 0.286230
40595 0.081102 0.340225 0.578673
20447 0.069974 0.458385 0.471640
40599 0.125182 0.336984 0.537834
40851 0.352270 0.603685 0.044045
19315 0.211909 0.082866 0.705225
40434 0.042047 0.578472 0.379481
20303 0.399708 0.454916 0.145376
40522 0.351856 0.188805 0.459340
40700 0.565966 0.100586 0.333449
20675 0.089653 0.226147 0.684200
19183 0.575185 0.342822 0.081993
39449 0.619430 0.094799 0.285770
40955 0.203679 0.239377 0.556944
19716 0.135138 0.637687 0.227175
19331 0.452587 0.537705 0.009708
39438 0.225312 0.576831 0.197857
41157 0.504749 0.184692 0.310559
41164 0.636024 0.045395 0.318581
20450 0.444811 0.107363 0.447826
20346 0.225795 0.502810 0.271394
32467 0.046832 0.632890 0.320278
33804 0.874361 0.066970 0.058669
11552 0.582783 0.139768 0.277449
41214 0.070245 0.282226 0.647529
32481 0.261090 0.269670 0.469239
32523 0.493564 0.112829 0.393607
20353 0.152458 0.527122 0.320420
40416 0.075799 0.005927 0.918275
40415 0.971282 0.022111 0.006607
32449 0.517441 0.082071 0.400488
20256 0.061021 0.873221 0.065757
32454 0.053635 0.233326 0.713039
40429 0.331428 0.027863 0.640708
20777 0.117539 0.747672 0.134788
11575 0.263879 0.393673 0.342448
11573 0.348810 0.034761 0.616429
40924 0.220585 0.540241 0.239173
11559 0.117102 0.193877 0.689021
40917 0.800963 0.183626 0.015411
32464 0.620846 0.361694 0.017460
32473 0.387357 0.289633 0.323010
20773 0.446975 0.476884 0.076141
32472 0.327667 0.335820 0.336513
20775 0.112557 0.409692 0.477751
11548 0.362683 0.092552 0.544765
19706 0.166437 0.142061 0.691502
40940 0.549999 0.359017 0.090984
32474 0.312228 0.366247 0.321525
11545 0.001507 0.590398 0.408095
19682 0.072193 0.537105 0.390702
37547 0.752031 0.219984 0.027985
19673 0.508266 0.458780 0.032954
19734 0.282051 0.200762 0.517187
40932 0.029217 0.871256 0.099527
39459 0.035512 0.668134 0.296354
19216 0.634610 0.347128 0.018261
39458 0.039896 0.754832 0.205272
20801 0.094495 0.876769 0.028736
20724 0.055932 0.550083 0.393985
20272 0.050273 0.729273 0.220454
40420 0.912571 0.069601 0.017827
40406 0.018391 0.219902 0.761707
39416 0.131241 0.452653 0.416106
41192 0.087792 0.217512 0.694696
20320 0.428777 0.467894 0.103328
19322 0.334328 0.625427 0.040245
19799 1.000000 0.000000 0.000000
18432 0.000000 0.702867 0.297133
37544 0.143005 0.388136 0.468858
39428 0.160046 0.815798 0.024156
37540 0.457650 0.297177 0.245174
40947 0.010136 0.011541 0.978324
40962 0.161121 0.767188 0.071691
40868 0.033699 0.003449 0.962853
20253 0.718997 0.002740 0.278263
19311 0.570571 0.396341 0.033088
20341 0.776368 0.022700 0.200932
20321 0.161980 0.107598 0.730422
41184 0.063994 0.308334 0.627672
19204 0.926748 0.000000 0.073252
20458 0.412045 0.235248 0.352707
40591 0.361369 0.278591 0.360040
41178 0.050162 0.740332 0.209506
41182 0.789104 0.015684 0.195212
19302 0.973643 0.014913 0.011445
19746 0.137081 0.349296 0.513623
19806 0.053247 0.456705 0.490048
40753 0.355412 0.052642 0.591946
40205 0.256616 0.353395 0.389989
40886 0.270871 0.445773 0.283356
40501 0.246947 0.259638 0.493415
33029 0.529604 0.070051 0.400344
33089 0.247638 0.040656 0.711706
11712 0.713612 0.167457 0.118931
33196 0.430775 0.356842 0.212383
33199 0.777090 0.159617 0.063293
33114 0.046218 0.094052 0.859731
11741 0.230232 0.198235 0.571532
33297 0.338090 0.001878 0.660032
33317 0.854510 0.018548 0.126942
11949 0.320803 0.115144 0.564053
33295 0.220129 0.668565 0.111306
12249 0.816763 0.163211 0.020025
33578 0.181983 0.604230 0.213787
12238 0.329747 0.177460 0.492792
11832 0.834300 0.160855 0.004845
33185 0.094239 0.445639 0.460122
33201 0.580005 0.413065 0.006930
12234 0.286437 0.239954 0.473609
11825 0.068270 0.355791 0.575939
33287 0.334889 0.291928 0.373182
33286 0.156887 0.169722 0.673391
11827 0.232905 0.560877 0.206218
33294 0.866710 0.028783 0.104508
33121 0.241682 0.217313 0.541005
33122 0.390640 0.430390 0.178970
33205 0.468968 0.188633 0.342399
33301 0.022787 0.918466 0.058747
33115 0.156664 0.652287 0.191048
11719 0.940823 0.002544 0.056633
33175 0.509716 0.246889 0.243395
11833 0.809358 0.094802 0.095841
12235 0.028266 0.905027 0.066708
11951 0.313405 0.453032 0.233563
12199 0.000000 1.000000 0.000000
12199 0.000000 1.000000 0.000000
12046 0.581242 0.000000 0.418758
33373 0.698828 0.069831 0.231342
33358 0.300657 0.493058 0.206285
12116 0.244307 0.610696 0.144996
12091 0.080996 0.569107 0.349897
12067 0.532439 0.402398 0.065163
12046 0.133126 0.527161 0.339713
12068 0.121230 0.435758 0.443012
19906 1.000000 0.000000 0.000000
12046 1.000000 0.000000 0.000000
37917 0.214670 0.551126 0.234204
19906 1.000000 0.000000 0.000000
12215 0.610079 0.258853 0.131068
12217 0.449760 0.251204 0.299036
33453 0.525567 0.183682 0.290751
33647 0.786467 0.160409 0.053124
12332 0.278185 0.100095 0.621721
12330 0.672731 0.311064 0.016205
33650 0.067709 0.785738 0.146553
33653 0.177903 0.230699 0.591398
12314 0.008642 0.590677 0.400681
33656 0.323258 0.251396 0.425346
12315 0.506581 0.141998 0.351421
12331 0.590392 0.024823 0.384785
33649 0.045097 0.915632 0.039271
12088 0.081680 0.823250 0.095070
12086 0.254060 0.525656 0.220284
12069 0.136866 0.186524 0.676610
33646 0.116709 0.742546 0.140746
33390 0.024024 0.828045 0.147931
12332 0.543684 0.346897 0.109419
12347 0.177251 0.711047 0.111702
12213 0.227967 0.704686 0.067347
12326 0.244431 0.542624 0.212945
33423 0.345581 0.245696 0.408723
33624 0.890082 0.102861 0.007057
12072 0.386025 0.326331 0.287643
12329 0.362227 0.432110 0.205663
33419 0.168494 0.503300 0.328206
12076 0.567599 0.200592 0.231809
12124 0.129816 0.191390 0.678794
12103 0.561321 0.320074 0.118605
12087 0.539174 0.104464 0.356362
33392 0.145464 0.682750 0.171786
33413 0.420205 0.558859 0.020936
11705 0.103545 0.462504 0.433951
33058 0.358862 0.101278 0.539860
11848 0.555158 0.371720 0.073122
11850 0.163377 0.743476 0.093147
11704 0.000000 0.301817 0.698183
33057 0.217718 0.261625 0.520656
33344 0.372123 0.074950 0.552927
33556 0.217450 0.768234 0.014316
33557 0.502685 0.436711 0.060604
11961 0.006193 0.729887 0.263920
12264 0.404401 0.231892 0.363708
37908 0.733922 0.106968 0.159110
33329 0.561843 0.013108 0.425049
19873 0.418007 0.167709 0.414284
33567 0.472780 0.175511 0.351709
33327 0.764213 0.135102 0.100685
33333 0.490675 0.337705 0.171620
33346 0.352109 0.015359 0.632532
33349 0.215296 0.241343 0.543361
12009 0.397529 0.404046 0.198424
11975 0.407217 0.515313 0.077470
11772 0.418588 0.056319 0.525093
11724 0.179368 0.300326 0.520306
11780 0.654240 0.004767 0.340993
11776 0.730783 0.100238 0.168979
11762 0.534641 0.399470 0.065889
33104 0.796935 0.123333 0.079733
11970 0.178507 0.127264 0.694229
33552 0.136795 0.395450 0.467755
12243 0.339381 0.503275 0.157343
12098 0.583160 0.343627 0.073213
33458 0.521174 0.160133 0.318693
33367 0.081989 0.434731 0.483280
12119 0.633277 0.041428 0.325294
12118 0.223787 0.270533 0.505680
33365 0.342347 0.293848 0.363805
19028 0.097644 0.691882 0.210474
19032 0.340278 0.086936 0.572786
12109 0.517968 0.480095 0.001937
12161 0.132164 0.417937 0.449899
39997 0.544046 0.339402 0.116552
19056 0.675583 0.122259 0.202158
12304 0.488432 0.485989 0.025579
12299 0.157295 0.523425 0.319281
33471 0.006948 0.814185 0.178867
11993 0.787893 0.037592 0.174515
19095 0.058761 0.015037 0.926202
19123 0.095476 0.295429 0.609095
19096 0.333971 0.234332 0.431697
18912 0.246498 0.193888 0.559614
39841 0.229008 0.395903 0.375089
19099 0.141880 0.234286 0.623835
40048 0.551338 0.376269 0.072393
18935 0.852699 0.122311 0.024990
19005 0.249242 0.124355 0.626403
19149 0.003321 0.209084 0.787594
39849 0.202427 0.148286 0.649287
18908 1.000000 0.000000 0.000000
19001 0.349133 0.241952 0.408915
19004 0.414512 0.178224 0.407264
37706 0.413514 0.331254 0.255232
18880 0.062482 0.194372 0.743146
18879 0.290482 0.433261 0.276257
18877 0.425029 0.004658 0.570312
18996 0.043809 0.514147 0.442044
40296 0.448063 0.266465 0.285472
18978 0.575865 0.354870 0.069265
18985 0.286723 0.573145 0.140131
39869 0.753334 0.176338 0.070328
39889 0.460541 0.217191 0.322269
18878 0.031248 0.502484 0.466268
18934 0.248635 0.091438 0.659927
19041 0.771608 0.124434 0.103958
40107 0.930126 0.055573 0.014301
33206 0.228506 0.666271 0.105222
33212 0.487204 0.186297 0.326499
12156 0.236837 0.545168 0.217995
33492 0.182785 0.175895 0.641319
19101 0.124393 0.710920 0.164687
19103 0.048517 0.917078 0.034405
33402 0.242521 0.589213 0.168266
12152 0.264411 0.518832 0.216756
37918 0.171730 0.317674 0.510596
11870 0.269930 0.412782 0.317288
34054 0.680825 0.205983 0.113192
39914 0.585382 0.020237 0.394381
19110 0.381651 0.599056 0.019292
12166 0.281161 0.717355 0.001483
40091 0.127348 0.089365 0.783288
12297 0.782274 0.075933 0.141793
40255 0.291479 0.443936 0.264585
40116 0.252779 0.613829 0.133392
39892 0.165102 0.142771 0.692127
11888 0.439595 0.247609 0.312796
12003 0.677162 0.168653 0.154184
11944 0.329851 0.330951 0.339198
19060 0.486841 0.158588 0.354572
19064 0.652290 0.081727 0.265983
12054 0.711646 0.113411 0.174942
33474 0.428817 0.383968 0.187214
33481 0.399424 0.558578 0.041998
19068 0.708216 0.164808 0.126976
40075 0.173966 0.493263 0.332771
15605 0.231813 0.302505 0.465681
19147 0.266197 0.073257 0.660546
19146 0.348028 0.624250 0.027722
12133 0.696506 0.223964 0.079531
40058 0.197083 0.288253 0.514664
37715 0.261469 0.140871 0.597659
33244 0.468845 0.178317 0.352839
19177 0.233196 0.181485 0.585319
40060 0.212165 0.143148 0.644687
39863 0.137639 0.453496 0.408865
18913 0.737121 0.095960 0.166919
40320 0.419608 0.384924 0.195467
18902 0.262176 0.218699 0.519125
18900 0.610509 0.055928 0.333563
19000 0.577162 0.415055 0.007782
40077 0.073351 0.850441 0.076208
19843 0.018325 0.291424 0.690251
40004 0.134383 0.067705 0.797912
39974 0.358787 0.604820 0.036393
19088 0.021733 0.021098 0.957169
19006 0.506463 0.395857 0.097679
19395 0.327128 0.624299 0.048573
37705 0.034605 0.532376 0.433019
37704 0.672096 0.278539 0.049366
40325 0.043537 0.593061 0.363401
19181 0.076184 0.035249 0.888568
19138 0.177553 0.330066 0.492381
40280 0.379237 0.182977 0.437786
18977 0.081843 0.327412 0.590745
40324 0.308233 0.273194 0.418573
18950 0.065640 0.099542 0.834818
18976 0.613304 0.283020 0.103676
39951 0.143522 0.775634 0.080844
18949 0.023005 0.553729 0.423266
18977 0.469589 0.000000 0.530411
37710 0.294747 0.223062 0.482192
39859 0.093600 0.595974 0.310426
18925 0.326024 0.248389 0.425586
18918 0.150819 0.223198 0.625984
18874 0.646275 0.096483 0.257242
39963 0.217305 0.755927 0.026769
37833 0.024522 0.743480 0.231997
40064 0.164189 0.124829 0.710982
39961 0.641815 0.095892 0.262294
40096 0.152842 0.458367 0.388791
12352 0.144513 0.132627 0.722860
34059 0.505971 0.426212 0.067817
34040 0.721298 0.026091 0.252610
34043 0.033321 0.241710 0.724969
12774 0.361374 0.145026 0.493600
40166 0.895724 0.052186 0.052090
37855 0.451048 0.142761 0.406191
37837 0.148765 0.797903 0.053332
19837 0.664007 0.233929 0.102064
7290 0.739853 0.114130 0.146017
20073 0.566692 0.423760 0.009549
12353 0.559002 0.421250 0.019748
34042 0.380552 0.384606 0.234841
34060 0.111553 0.297477 0.590970
34039 0.272003 0.389444 0.338554
39877 0.114812 0.352407 0.532781
19112 0.351595 0.115967 0.532438
19125 0.159366 0.763925 0.076709
40297 0.086891 0.026482 0.886627
34097 0.850799 0.089396 0.059805
7273 0.428351 0.541088 0.030561
7632 0.484951 0.376622 0.138428
12154 0.012153 0.706208 0.281638
33486 0.825383 0.159173 0.015445
19107 0.053030 0.540741 0.406229
19015 0.147409 0.164412 0.688180
18936 0.279624 0.102672 0.617705
19841 0.517824 0.068112 0.414064
18983 0.273436 0.108152 0.618413
39930 0.667795 0.260011 0.072193
19136 0.015978 0.205004 0.779018
40097 0.647662 0.258002 0.094336
12167 0.296665 0.683015 0.020319
12186 0.348288 0.473699 0.178013
33252 0.329655 0.300378 0.369967
18865 0.309234 0.203151 0.487615
37448 0.049015 0.354237 0.596748
33525 0.018810 0.812625 0.168565
12192 0.749656 0.161324 0.089019
33540 0.640532 0.201140 0.158327
12198 0.128603 0.110450 0.760947
12292 0.416403 0.383617 0.199980
33224 0.574582 0.159432 0.265986
33398 0.462753 0.146941 0.390305
12188 0.192622 0.163366 0.644012
12084 0.063760 0.681041 0.255199
33395 0.811024 0.019017 0.169959
12182 0.297468 0.521219 0.181313
12181 0.524432 0.318580 0.156989
33438 0.491065 0.411585 0.097351
12180 0.591192 0.320397 0.088411
33434 0.281255 0.056860 0.661885
37814 0.174313 0.270290 0.555397
12193 0.594180 0.074396 0.331424
12194 0.321787 0.394407 0.283806
33610 0.351847 0.007213 0.640939
33614 0.108079 0.137232 0.754689
12291 0.361836 0.586249 0.051915
12035 0.502924 0.439843 0.057233
12032 0.320374 0.036350 0.643276
12033 0.753113 0.073406 0.173481
12030 0.680647 0.287458 0.031894
12137 0.797353 0.037545 0.165102
12141 0.525529 0.163669 0.310802
12144 0.161559 0.083294 0.755146
37933 0.116780 0.797606 0.085614
37929 0.238982 0.148001 0.613017
19902 0.470350 0.470098 0.059552
19901 0.028656 0.607832 0.363513
33272 0.390068 0.149961 0.459970
33217 0.326407 0.224553 0.449040
11901 0.773535 0.100795 0.125670
11900 0.138086 0.358030 0.503884
37816 0.086625 0.572794 0.340582
33269 0.734873 0.147111 0.118016
11874 0.087935 0.738668 0.173397
11893 0.126260 0.544463 0.329277
12345 1.000000 0.000000 0.000000
33366 0.236934 0.509765 0.253302
33371 0.550302 0.283767 0.165932
33623 0.264992 0.024003 0.711004
12270 0.099750 0.400365 0.499885
33543 0.363978 0.516891 0.119131
12309 0.079374 0.288762 0.631865
12282 0.134008 0.741535 0.124458
33357 0.148384 0.214186 0.637429
33517 0.478578 0.000401 0.521021
12208 0.049913 0.694589 0.255498
12286 0.616243 0.360195 0.023562
33521 0.055523 0.816286 0.128191
12312 0.142140 0.236796 0.621064
12350 0.625213 0.002586 0.372201
33139 0.914468 0.002172 0.083361
33527 0.473338 0.364213 0.162449
12201 0.582492 0.216737 0.200771
11801 0.209830 0.587720 0.202450
11794 0.232394 0.496319 0.271287
33132 0.024240 0.575167 0.400593
11733 0.058336 0.431652 0.510012
11729 0.619614 0.321949 0.058438
11804 0.034126 0.628500 0.337374
12090 0.123168 0.704760 0.172072
12207 0.422951 0.221817 0.355232
33597 0.578932 0.369376 0.051692
33360 0.072202 0.615203 0.312596
33600 0.040755 0.080882 0.878363
33638 0.752975 0.216000 0.031025
33641 0.431571 0.484926 0.083503
12342 0.683548 0.081032 0.235420
33643 0.208701 0.700724 0.090575
12344 0.395210 0.116183 0.488607
33645 0.016126 0.882875 0.100998
12346 0.165179 0.160937 0.673885
33159 0.506319 0.069005 0.424676
11814 0.077620 0.670571 0.251809
33155 0.151836 0.274015 0.574149
11811 0.873804 0.037728 0.088468
33152 0.737629 0.054236 0.208136
33152 0.023658 0.084388 0.891955
33535 0.368684 0.051102 0.580214
12223 0.277028 0.141941 0.581031
20124 0.183906 0.244179 0.571914
20132 0.595316 0.065201 0.339484
33394 0.118562 0.759606 0.121832
12077 0.133653 0.096494 0.769853
33437 0.470094 0.189210 0.340696
12175 0.919517 0.034094 0.046389
19849 0.512848 0.217333 0.269819
37920 0.830854 0.164367 0.004779
33214 0.264239 0.040277 0.695484
11894 0.568981 0.293026 0.137994
11897 0.316213 0.360481 0.323306
37921 0.562487 0.094066 0.343447
19898 0.022743 0.003154 0.974103
36920 0.308833 0.045488 0.645679
36688 0.060158 0.155364 0.784479
12038 0.767866 0.053733 0.178401
33616 0.426429 0.296998 0.276572
33537 0.057556 0.466795 0.475649
37828 0.426081 0.465607 0.108312
33531 0.369353 0.252375 0.378271
12227 0.894991 0.000000 0.105009
20122 0.614743 0.000000 0.385257
37906 0.071369 0.455842 0.472789
37832 0.300441 0.550902 0.148657
33225 0.029548 0.528135 0.442316
33628 0.185791 0.768934 0.045275
33425 0.400495 0.251076 0.348429
33424 0.391938 0.336415 0.271646
12178 0.226638 0.118822 0.654540
12073 0.352294 0.430140 0.217566
12174 0.061951 0.345222 0.592827
12173 0.051797 0.714113 0.234090
12172 0.180794 0.510528 0.308678
12171 0.076113 0.820471 0.103417
12170 0.000000 0.087267 0.912733
12170 0.169797 0.751502 0.078701
33466 0.255376 0.105185 0.639438
11902 0.090731 0.816457 0.092813
12148 0.782915 0.048259 0.168826
33211 0.089329 0.114152 0.796520
33463 0.812936 0.003392 0.183672
11890 0.085794 0.647076 0.267130
12123 0.303286 0.589209 0.107506
19894 0.479881 0.289014 0.231104
37925 0.116999 0.765789 0.117211
37928 0.154251 0.075029 0.770719
12126 0.078108 0.763215 0.158677
36080 0.692173 0.135402 0.172426
12115 0.676028 0.054162 0.269810
36686 0.299412 0.370276 0.330312
12114 0.353307 0.133902 0.512792
33388 0.518224 0.457859 0.023916
12040 0.001782 0.613491 0.384727
33374 0.214190 0.104191 0.681619
33617 0.545442 0.155718 0.298841
33601 0.123306 0.471103 0.405592
33509 0.017052 0.124927 0.858021
12199 0.000000 0.900079 0.099921
33406 0.658998 0.089182 0.251820
33505 0.099888 0.151611 0.748500
33603 0.251790 0.588643 0.159566
33605 0.510141 0.159131 0.330728
12057 0.080567 0.765415 0.154017
12059 0.083263 0.495614 0.421123
40024 0.249482 0.055105 0.695412
37901 0.268563 0.459051 0.272386
11880 0.597804 0.128424 0.273772
33271 0.131975 0.166981 0.701044
11885 0.636272 0.244301 0.119427
33242 0.291130 0.109207 0.599663
33264 0.457194 0.222212 0.320594
19846 0.229250 0.150074 0.620675
11889 0.557393 0.369069 0.073538
12183 0.441133 0.285780 0.273087
12107 0.095162 0.485166 0.419673
33399 0.361845 0.114388 0.523766
33401 0.216614 0.421992 0.361394
12295 0.124653 0.755366 0.119981
12228 0.445925 0.368961 0.185114
11802 0.302391 0.382866 0.314743
11739 0.579518 0.125232 0.295249
11737 0.654288 0.305342 0.040370
33085 0.144470 0.119705 0.735825
33078 0.460799 0.154507 0.384693
11967 0.306291 0.373642 0.320067
11811 0.150567 0.843194 0.006239
33151 0.017104 0.925536 0.057360
33149 0.064909 0.643859 0.291232
33354 0.235762 0.294557 0.469681
33323 0.066965 0.510154 0.422881
12014 0.211967 0.243030 0.545003
33596 0.940439 0.019887 0.039674
12333 0.217865 0.179173 0.602962
12253 0.651647 0.322975 0.025378
11706 0.178413 0.149542 0.672045
11707 0.257030 0.463064 0.279905
11747 0.047950 0.665127 0.286923
11753 0.074831 0.338978 0.586191
11769 0.163381 0.052715 0.783904
33177 0.095134 0.159240 0.745626
11980 0.563844 0.263061 0.173095
33337 0.165112 0.214789 0.620099
33342 0.050004 0.210043 0.739953
33339 0.106138 0.841905 0.051958
33550 0.509446 0.108706 0.381848
33549 0.144655 0.057152 0.798193
37903 0.662536 0.228232 0.109233
12263 0.443199 0.024069 0.532732
11856 0.113088 0.135871 0.751041
33195 0.276177 0.236281 0.487542
11713 0.321239 0.413019 0.265742
11714 0.151183 0.063098 0.785719
11767 0.105137 0.606703 0.288160
11828 0.258191 0.702605 0.039204
36681 0.910038 0.033998 0.055964
36547 0.038374 0.810660 0.150966
33335 0.844347 0.132800 0.022853
11952 0.308992 0.465735 0.225273
33171 0.268083 0.175284 0.556633
36622 0.551745 0.189732 0.258523
14619 0.700721 0.216754 0.082526
14614 0.031375 0.804247 0.164378
36617 0.773061 0.106645 0.120294
11860 0.457880 0.519862 0.022257
11731 0.720229 0.046271 0.233501
33188 0.193374 0.654754 0.151872
19877 0.124784 0.684999 0.190217
12022 0.212829 0.426974 0.360197
33326 0.384281 0.135898 0.479820
33322 0.271551 0.627269 0.101180
33558 0.354502 0.136493 0.509005
33347 0.081212 0.898227 0.020561
11984 0.617567 0.215859 0.166574
12025 0.188979 0.172536 0.638485
33353 0.183108 0.202906 0.613986
11784 0.155603 0.202438 0.641959
33097 0.549777 0.167729 0.282494
33099 0.047810 0.375743 0.576447
33055 0.163576 0.403804 0.432620
14338 0.400849 0.017766 0.581385
14336 0.869035 0.017462 0.113502
36542 0.828093 0.094079 0.077827
14538 0.078867 0.160000 0.761134
36682 0.125001 0.740847 0.134152
14534 0.046861 0.822760 0.130380
36424 0.566571 0.323986 0.109443
36577 0.404003 0.305729 0.290268
36579 0.128586 0.107188 0.764225
14508 0.537096 0.347859 0.115045
14507 0.366072 0.018790 0.615138
36623 0.085303 0.636406 0.278291
14613 0.628504 0.122180 0.249316
14611 0.480785 0.202135 0.317080
34109 0.394862 0.365817 0.239321
37432 0.120059 0.163374 0.716567
37395 0.137275 0.517085 0.345640
37446 0.187045 0.513711 0.299244
18963 0.318454 0.434547 0.246999
19385 0.891207 0.031178 0.077614
40365 0.114467 0.002381 0.883152
40289 0.491081 0.437602 0.071317
18931 0.785075 0.185400 0.029526
40371 0.481290 0.025922 0.492787
12761 0.475796 0.259497 0.264707
40371 0.163500 0.802300 0.034200
40327 0.134173 0.788537 0.077290
40285 0.195462 0.651699 0.152839
18961 0.527135 0.131100 0.341766
19370 0.118670 0.136145 0.745184
19380 0.048112 0.715735 0.236153
19372 0.084371 0.785102 0.130527
19372 0.053442 0.363320 0.583237
19369 0.017436 0.496943 0.485621
40348 0.535589 0.202836 0.261575
19376 0.330588 0.277000 0.392412
40154 0.549404 0.252421 0.198175
18947 0.533225 0.453136 0.013639
18915 0.005117 0.796172 0.198712
39867 0.413154 0.263012 0.323834
40804 0.532220 0.383716 0.084064
40224 0.070919 0.837270 0.091811
