18606 0.177037 0.197053 0.625910
18455 0.034535 0.624915 0.340550
19166 0.201788 0.002093 0.796119
17384 0.660129 0.081686 0.258185
19623 0.127017 0.603975 0.269008
20453 0.162390 0.196962 0.640649
17897 0.248388 0.215019 0.536593
20655 0.086082 0.541455 0.372463
22160 0.235027 0.624174 0.140799
21161 0.235145 0.731043 0.033812
28790 0.000000 0.691693 0.308307
21613 0.353838 0.012512 0.633651
20599 0.251380 0.738704 0.009916
20896 0.301531 0.659238 0.039231
20621 0.075884 0.735815 0.188302
21627 0.294240 0.247962 0.457797
21006 0.386824 0.402991 0.210184
21509 0.025758 0.165521 0.808721
17949 0.674216 0.023428 0.302356
21432 0.039305 0.039738 0.920957
17477 0.040199 0.817649 0.142151
22049 0.825408 0.069116 0.105477
22270 0.837276 0.117832 0.044892
17908 0.477591 0.522409 0.000000
16517 0.561050 0.182414 0.256536
16352 0.157544 0.324643 0.517813
15816 0.038214 0.935597 0.026189
33950 0.897538 0.097993 0.004469
15281 0.159427 0.592599 0.247975
15506 0.500738 0.099699 0.399563
15764 0.190220 0.009017 0.800763
12852 0.066463 0.206015 0.727522
16399 0.157117 0.786284 0.056599
15176 0.202706 0.690991 0.106303
34525 0.578851 0.191075 0.230073
33765 0.483940 0.387953 0.128107
13724 0.454899 0.184436 0.360665
8603 0.154862 0.095165 0.749973
8360 0.232828 0.439183 0.327989
8731 0.004846 0.667887 0.327267
9300 0.620312 0.314122 0.065566
8107 0.018676 0.854544 0.126780
8134 0.570912 0.149470 0.279618
35753 0.241566 0.203616 0.554818
34338 0.408226 0.028152 0.563622
7977 0.096090 0.050418 0.853492
7927 0.374558 0.098400 0.527042
8007 0.397048 0.183196 0.419756
7973 0.040023 0.419849 0.540128
33753 0.019487 0.872909 0.107604
2352 0.431671 0.104377 0.463951
1957 0.029409 0.047314 0.923276
2160 0.923229 0.001873 0.074898
38296 0.227517 0.398683 0.373801
38083 0.245406 0.240361 0.514232
15173 0.214026 0.368039 0.417936
15126 0.076055 0.871317 0.052627
20016 0.106696 0.729860 0.163444
29330 0.674744 0.112146 0.213111
29181 0.094641 0.770889 0.134470
18653 0.716821 0.148024 0.135156
16605 0.121564 0.795011 0.083425
17131 0.717472 0.146077 0.136451
16628 0.656991 0.246322 0.096687
20434 0.674974 0.230571 0.094455
38404 0.001263 0.158130 0.840607
38479 0.678771 0.316002 0.005226
29022 0.337660 0.281725 0.380615
29237 0.659843 0.000000 0.340157
21102 0.610886 0.323313 0.065801
35658 0.817027 0.038605 0.144367
33791 0.113778 0.503525 0.382698
15878 0.283869 0.670415 0.045716
34635 0.930340 0.046382 0.023278
34175 0.225828 0.393958 0.380214
21495 0.034420 0.829102 0.136478
16794 0.249544 0.540931 0.209525
15046 0.270660 0.496540 0.232799
19884 0.101116 0.428660 0.470224
22537 0.074585 0.249747 0.675668
21708 0.281267 0.030369 0.688364
21712 0.039861 0.786535 0.173605
21912 0.097527 0.453370 0.449102
17852 0.149594 0.288262 0.562144
21913 0.336912 0.111523 0.551565
22374 0.645280 0.060232 0.294488
21759 0.062076 0.536712 0.401211
22009 0.562427 0.156119 0.281453
22379 0.051879 0.650460 0.297661
21915 1.000000 0.000000 0.000000
3334 1.000000 0.000000 0.000000
20622 0.623365 0.000000 0.376635
21317 0.430425 0.181275 0.388300
20122 0.578452 0.085973 0.335574
2502 0.599856 0.326395 0.073749
2381 0.276159 0.173776 0.550065
29020 0.671447 0.237393 0.091159
29284 0.491684 0.195256 0.313059
29234 0.121312 0.469867 0.408822
29168 0.196232 0.802682 0.001086
29335 0.644582 0.214251 0.141167
28882 0.484538 0.066817 0.448645
2289 0.192031 0.102415 0.705554
7817 0.174569 0.247725 0.577706
7864 0.103793 0.754905 0.141302
9257 0.619434 0.333141 0.047425
8945 0.441773 0.319146 0.239081
9395 0.137283 0.357666 0.505051
35268 0.804430 0.129343 0.066227
35124 0.016500 0.594318 0.389182
35102 0.273846 0.054613 0.671541
34643 0.081719 0.760336 0.157945
9193 0.519967 0.276048 0.203985
9204 0.174010 0.130480 0.695510
8978 0.806249 0.175902 0.017849
9147 0.232786 0.012060 0.755154
7888 0.440262 0.070370 0.489368
34928 0.700282 0.097939 0.201779
34685 0.253593 0.262064 0.484343
9981 0.870757 0.102678 0.026566
9813 0.596224 0.169226 0.234549
9967 1.000000 0.000000 0.000000
10910 0.448191 0.228391 0.323418
10803 0.356563 0.384423 0.259014
11627 0.877458 0.054153 0.068389
11874 0.831014 0.143503 0.025483
11034 0.682714 0.242521 0.074765
10894 0.004544 0.102040 0.893416
10978 0.821115 0.047492 0.131393
10342 0.116753 0.231757 0.651490
9665 0.073302 0.441471 0.485227
11407 0.929048 0.000000 0.070952
9702 0.008928 0.986636 0.004436
8880 0.046816 0.857095 0.096089
9323 0.693100 0.041158 0.265742
10169 0.301812 0.593624 0.104564
9038 0.234546 0.064533 0.700920
9519 0.707784 0.153663 0.138553
36351 0.109081 0.444016 0.446903
36023 0.565160 0.227061 0.207779
10057 0.791693 0.056749 0.151558
9949 0.073631 0.677980 0.248388
9708 0.704363 0.045895 0.249742
9881 0.528787 0.209150 0.262063
9599 0.323785 0.663542 0.012673
9598 0.363065 0.437241 0.199694
10683 0.276827 0.032984 0.690188
10766 0.020341 0.895837 0.083822
9612 0.194938 0.303171 0.501891
10668 0.821165 0.061305 0.117530
9963 0.615939 0.317934 0.066127
9605 0.592763 0.181112 0.226125
36367 0.050973 0.630249 0.318778
36081 0.121324 0.613838 0.264838
35908 0.118441 0.137769 0.743791
35843 0.520620 0.458428 0.020952
29203 0.211870 0.472020 0.316110
20034 0.625058 0.056026 0.318916
34692 0.142659 0.276177 0.581164
34214 0.202954 0.560335 0.236710
8782 0.298109 0.650623 0.051268
3358 0.448557 0.156156 0.395287
3408 0.337720 0.139003 0.523277
3397 0.197685 0.620851 0.181464
20933 0.131384 0.101304 0.767311
20595 0.378136 0.005240 0.616624
20509 0.627713 0.068139 0.304148
21120 0.008993 0.153493 0.837515
20638 0.044073 0.404100 0.551827
12348 0.784917 0.051347 0.163736
12901 0.048224 0.556706 0.395070
2407 0.176412 0.663888 0.159700
3161 0.157088 0.705513 0.137400
2559 0.125053 0.006561 0.868387
2877 0.065758 0.222182 0.712060
2384 0.372169 0.338333 0.289497
2959 0.195091 0.758836 0.046073
12758 0.130783 0.748728 0.120488
13084 0.251508 0.089319 0.659172
22319 0.492260 0.418815 0.088925
21481 0.388560 0.014151 0.597289
20303 0.189576 0.119909 0.690515
17066 0.015687 0.833213 0.151100
17036 0.001674 0.740053 0.258273
16984 0.190774 0.417895 0.391332
16497 0.648663 0.059385 0.291952
16528 0.507098 0.396479 0.096423
16608 0.126084 0.616914 0.257001
16309 0.038751 0.364630 0.596619
15219 0.615706 0.023590 0.360704
35525 0.184644 0.231396 0.583960
33833 0.477840 0.115191 0.406969
3154 0.255772 0.332402 0.411827
2761 0.344077 0.004797 0.651126
16623 0.604839 0.001898 0.393264
35797 0.203475 0.395828 0.400697
36649 0.624742 0.349654 0.025604
36574 0.127109 0.015715 0.857175
36639 0.041771 0.147964 0.810265
36552 0.725966 0.013247 0.260787
36502 0.375305 0.526328 0.098367
17959 0.007303 0.128998 0.863699
21453 0.673415 0.070475 0.256110
20968 0.185818 0.792678 0.021504
20779 0.019819 0.684467 0.295715
20946 0.600421 0.106814 0.292765
22511 0.729148 0.073933 0.196919
20757 0.833943 0.135957 0.030101
22102 0.352665 0.221237 0.426098
8363 0.445675 0.282987 0.271338
19250 0.166448 0.240286 0.593266
18709 0.003963 0.297966 0.698071
17249 0.261289 0.493550 0.245161
17450 0.228790 0.486073 0.285137
10615 0.602431 0.142762 0.254807
10387 0.774319 0.070045 0.155636
8818 0.262393 0.516827 0.220780
10365 0.044117 0.014533 0.941350
10563 0.581601 0.262821 0.155578
10389 0.284832 0.452204 0.262964
10587 0.144730 0.400572 0.454699
10155 0.046607 0.764247 0.189147
10160 0.351909 0.439941 0.208149
9479 0.843090 0.066983 0.089927
2518 0.182273 0.598026 0.219701
7905 0.467430 0.244675 0.287895
8472 0.219740 0.332063 0.448197
10922 0.086060 0.768922 0.145018
7969 0.166402 0.394788 0.438809
18895 0.259337 0.301589 0.439074
19153 0.107576 0.397167 0.495258
20119 0.278801 0.176900 0.544299
18860 0.436645 0.487481 0.075875
19774 0.178463 0.501463 0.320074
21801 0.877813 0.041083 0.081104
8487 0.562893 0.330873 0.106234
8083 0.507125 0.375428 0.117447
11151 0.520170 0.001957 0.477873
11586 0.166759 0.130492 0.702749
11554 0.297880 0.618978 0.083142
17301 0.300723 0.236678 0.462599
20284 0.264349 0.660062 0.075589
20316 0.621256 0.356806 0.021938
17305 0.302724 0.639355 0.057921
18311 0.383220 0.600354 0.016426
22356 0.054574 0.907773 0.037652
21203 0.042631 0.223169 0.734200
20569 0.097740 0.329329 0.572931
19674 0.408421 0.303900 0.287679
9631 0.368559 0.465659 0.165782
19163 0.076866 0.060128 0.863005
29053 0.664426 0.035014 0.300560
28965 0.845907 0.133503 0.020590
19717 0.179081 0.551484 0.269435
34172 0.123847 0.125036 0.751117
20475 0.761632 0.228453 0.009915
21477 0.137275 0.793742 0.068983
20550 1.000000 0.000000 0.000000
20582 0.845245 0.121240 0.033515
21333 0.343910 0.633970 0.022119
21000 0.661223 0.239884 0.098893
22147 0.612914 0.253569 0.133516
21426 0.063420 0.300395 0.636185
20582 0.457244 0.470572 0.072184
20108 0.300980 0.370184 0.328836
20145 0.312276 0.551745 0.135979
20419 0.060888 0.831901 0.107211
15425 0.172458 0.221691 0.605851
15240 0.285316 0.314998 0.399686
23452 0.015247 0.600031 0.384721
2044 0.469977 0.072029 0.457994
23116 0.213547 0.568907 0.217547
16618 0.013972 0.145903 0.840124
38252 0.182806 0.265990 0.551204
3191 0.063113 0.135895 0.800993
35552 0.010221 0.814909 0.174870
35089 0.284299 0.121518 0.594183
34609 0.026378 0.273347 0.700275
1766 0.613977 0.124238 0.261785
38314 0.487299 0.512701 0.000000
3303 0.257809 0.305831 0.436359
38265 0.467122 0.423841 0.109037
17492 0.234042 0.635729 0.130229
38468 0.678966 0.089991 0.231043
22969 0.785452 0.099434 0.115114
3371 0.528708 0.273567 0.197724
3348 0.203657 0.267674 0.528669
34773 0.370805 0.252443 0.376753
35556 0.084532 0.600639 0.314829
35052 0.742419 0.090242 0.167339
35365 0.814929 0.174986 0.010085
34993 0.898883 0.017339 0.083777
34815 0.048689 0.040785 0.910526
22948 0.075828 0.537190 0.386982
19052 0.633100 0.080642 0.286258
19111 0.164014 0.283079 0.552907
19649 0.811375 0.179825 0.008801
19963 0.676920 0.256296 0.066784
20287 0.257656 0.152555 0.589790
19999 0.495016 0.357253 0.147731
20207 0.650130 0.275324 0.074546
18541 0.042175 0.207718 0.750107
19745 0.511243 0.449820 0.038938
17813 0.490856 0.181670 0.327474
17825 0.043636 0.009984 0.946380
17831 0.003088 0.560429 0.436483
19908 0.502204 0.185140 0.312656
20169 0.124477 0.330231 0.545293
20201 0.313979 0.295921 0.390100
20200 0.722807 0.109956 0.167237
28165 0.467595 0.269270 0.263136
17822 0.629879 0.058305 0.311816
19743 0.637933 0.284277 0.077789
19420 0.190381 0.331103 0.478516
23436 0.026872 0.572043 0.401085
18452 0.211252 0.091189 0.697559
19565 0.498417 0.059008 0.442574
18676 0.419984 0.388758 0.191259
22339 0.573451 0.239757 0.186792
22722 0.767780 0.115220 0.117000
20740 0.267123 0.076683 0.656194
17357 0.727630 0.045417 0.226954
29328 0.163026 0.302303 0.534671
19578 0.220606 0.110992 0.668402
21549 0.221512 0.771599 0.006889
17964 0.768605 0.190897 0.040498
22114 0.086636 0.692773 0.220591
23465 0.393890 0.196129 0.409981
22027 0.815650 0.066544 0.117805
22190 0.098361 0.346540 0.555100
21183 0.575808 0.212021 0.212171
11349 0.151098 0.245344 0.603557
11604 0.566411 0.098775 0.334814
11006 0.240956 0.234956 0.524088
11388 0.007849 0.971143 0.021008
11564 0.701051 0.145750 0.153199
10882 0.090931 0.847202 0.061867
8017 0.124783 0.340042 0.535176
36005 0.260446 0.095369 0.644185
36396 0.033981 0.618885 0.347133
37679 0.377114 0.224774 0.398112
37570 0.782024 0.000000 0.217976
37539 0.683383 0.166806 0.149810
37052 0.730396 0.091453 0.178152
37171 0.179010 0.425354 0.395637
37255 0.204328 0.053566 0.742106
37069 0.407496 0.274278 0.318226
37040 0.129225 0.242161 0.628614
37461 0.083557 0.249297 0.667146
37491 0.042617 0.730464 0.226919
37880 0.328345 0.078324 0.593331
37590 0.486628 0.441110 0.072263
37142 0.014598 0.394358 0.591045
37023 0.105086 0.319497 0.575417
36898 0.489417 0.365482 0.145101
37607 0.500785 0.357552 0.141664
35851 0.251257 0.531034 0.217709
37664 0.439664 0.542378 0.017959
37532 0.516069 0.333898 0.150033
37648 0.308238 0.108480 0.583282
37144 0.054753 0.783820 0.161427
37239 0.411352 0.557524 0.031124
37639 0.423077 0.557786 0.019136
37623 0.105001 0.459848 0.435151
36419 0.188854 0.298709 0.512437
36804 0.043635 0.657541 0.298824
36046 0.086863 0.334960 0.578176
35871 0.023437 0.626505 0.350058
35803 0.257503 0.345052 0.397445
20470 0.153791 0.567805 0.278404
33736 0.473306 0.142541 0.384153
13668 0.215431 0.669001 0.115568
12258 0.713903 0.146515 0.139582
374 0.369810 0.224436 0.405754
8066 0.476840 0.408450 0.114709
23180 0.033628 0.641200 0.325172
29084 0.695451 0.005837 0.298712
28881 0.552227 0.016935 0.430838
29004 0.642655 0.048943 0.308402
29216 0.079135 0.102435 0.818430
29190 0.006032 0.413058 0.580911
29220 0.341094 0.621518 0.037388
29192 0.121822 0.269075 0.609103
18959 0.114421 0.193289 0.692290
19543 0.066329 0.685188 0.248483
36320 0.813992 0.064005 0.122003
35894 0.431222 0.539898 0.028879
36330 0.083884 0.704161 0.211955
36160 0.229232 0.399722 0.371046
35946 0.153413 0.475156 0.371432
36104 0.107238 0.629706 0.263057
9076 0.196281 0.725282 0.078437
8835 0.721373 0.120888 0.157739
22297 0.773422 0.059444 0.167134
16394 0.768109 0.202020 0.029871
18573 0.599856 0.157881 0.242263
18811 0.205660 0.052671 0.741668
20431 0.234748 0.344460 0.420792
23243 0.058985 0.416672 0.524343
14922 0.027430 0.269722 0.702848
1829 0.327055 0.154362 0.518583
1898 0.019637 0.840428 0.139935
16940 0.310453 0.020643 0.668904
3248 0.174123 0.548289 0.277589
2052 0.053427 0.020972 0.925601
1594 0.828251 0.061684 0.110066
38451 0.553079 0.088063 0.358858
23075 0.843688 0.074208 0.082103
23141 0.230540 0.675244 0.094216
23237 0.638933 0.304296 0.056771
23305 0.209818 0.060302 0.729880
22971 0.809575 0.116628 0.073797
23293 0.069989 0.122004 0.808007
23295 0.167897 0.090241 0.741862
1624 0.301243 0.677334 0.021423
23681 0.162179 0.042132 0.795689
23267 0.462098 0.087852 0.450050
14858 0.071640 0.511726 0.416634
23173 0.681636 0.169020 0.149344
13606 0.091653 0.019281 0.889066
335 0.157136 0.358624 0.484240
23252 0.020221 0.229575 0.750204
28211 0.675319 0.140659 0.184022
25072 0.176561 0.104478 0.718961
24090 0.098694 0.675407 0.225900
24636 0.691718 0.092294 0.215988
23725 0.473991 0.238081 0.287928
23170 0.368469 0.580857 0.050674
24151 0.233519 0.703913 0.062568
24059 0.083203 0.207560 0.709237
24870 0.460046 0.098192 0.441762
24971 0.643081 0.126832 0.230086
25791 0.661622 0.089980 0.248398
25848 0.380715 0.373656 0.245629
26120 0.014410 0.908813 0.076776
26302 0.668775 0.109237 0.221988
26017 0.952780 0.013620 0.033601
25092 0.308871 0.409514 0.281615
18036 0.176477 0.702560 0.120963
23127 0.467359 0.205932 0.326708
24088 0.088262 0.098492 0.813245
25167 0.298346 0.583815 0.117839
25515 0.683155 0.243078 0.073767
25794 0.414060 0.556498 0.029442
25644 0.078540 0.021541 0.899919
25261 0.270893 0.307369 0.421738
25885 0.231084 0.315264 0.453651
25583 0.555928 0.227744 0.216327
24776 0.388915 0.561452 0.049633
24223 0.116321 0.002752 0.880927
24542 0.000000 0.451167 0.548833
23105 0.359645 0.264630 0.375726
23088 0.362410 0.062530 0.575059
27280 0.407878 0.401941 0.190181
26328 0.570592 0.297298 0.132110
24903 0.003418 0.662486 0.334096
24181 0.785118 0.198380 0.016502
24399 0.093868 0.039248 0.866884
27294 0.540031 0.158130 0.301838
25837 0.628001 0.165541 0.206458
26051 0.749723 0.010660 0.239616
26013 0.401914 0.390397 0.207689
17142 0.037901 0.039194 0.922905
17742 0.150181 0.152228 0.697591
17692 0.673808 0.241915 0.084276
17156 0.211717 0.164514 0.623769
16857 0.464720 0.260666 0.274614
16844 0.067276 0.428123 0.504602
17513 0.162766 0.635157 0.202077
25496 0.111865 0.300587 0.587548
17620 0.036426 0.790970 0.172604
17520 0.055665 0.723235 0.221099
14222 0.550556 0.324793 0.124651
14149 0.005295 0.271797 0.722907
13972 0.821674 0.169902 0.008424
14155 0.101049 0.392136 0.506815
14502 0.131493 0.849897 0.018610
16103 0.117795 0.377685 0.504520
14402 0.135191 0.418411 0.446398
12598 0.147889 0.010894 0.841217
12709 0.433795 0.273336 0.292870
13181 0.525979 0.328134 0.145888
29360 0.045335 0.262474 0.692191
13323 0.069167 0.119506 0.811327
16258 0.076831 0.843658 0.079511
16174 0.021129 0.160842 0.818029
14661 0.016640 0.240633 0.742728
745 0.630899 0.036894 0.332207
712 0.365533 0.145073 0.489395
536 0.536687 0.353888 0.109426
656 0.239694 0.389762 0.370545
1146 0.587471 0.093403 0.319126
1212 0.014089 0.053249 0.932662
157 0.194727 0.003092 0.802181
4250 0.566226 0.151465 0.282309
2213 0.004398 0.406068 0.589535
3744 0.179881 0.438557 0.381562
500 0.291692 0.501262 0.207046
1139 0.208618 0.205005 0.586377
1465 0.618401 0.212855 0.168744
2176 0.388416 0.092867 0.518717
13379 0.238019 0.659034 0.102947
13396 0.400443 0.388202 0.211355
12112 0.038509 0.164729 0.796762
12060 0.819662 0.018412 0.161926
203 0.604206 0.223823 0.171970
4017 0.489563 0.387339 0.123098
3967 0.207643 0.644159 0.148199
4039 0.218448 0.574829 0.206723
1072 0.158022 0.146626 0.695352
739 0.658955 0.014721 0.326324
1167 0.004899 0.273448 0.721653
1270 0.350895 0.574171 0.074933
1364 0.835997 0.033667 0.130335
1421 0.031334 0.756628 0.212038
4325 0.117853 0.507661 0.374486
4261 0.027711 0.286845 0.685445
4501 0.608833 0.095018 0.296148
4516 0.804889 0.114040 0.081072
1963 0.471796 0.363179 0.165025
3588 0.165766 0.179087 0.655147
4451 0.503675 0.414122 0.082203
30419 0.098531 0.184485 0.716984
30315 0.131722 0.843891 0.024387
29645 0.424774 0.071079 0.504148
30232 0.721137 0.199307 0.079555
31204 0.360284 0.498013 0.141703
29821 0.298622 0.353127 0.348251
1346 0.096038 0.135487 0.768475
1301 0.619393 0.269221 0.111387
4535 0.035097 0.050442 0.914461
3718 0.704998 0.058957 0.236045
3694 0.375469 0.145880 0.478651
31484 0.572910 0.151626 0.275464
29491 0.465829 0.028598 0.505573
29959 0.610442 0.008751 0.380807
30047 0.275149 0.688560 0.036291
29368 0.212923 0.632522 0.154555
1463 0.365304 0.353652 0.281044
4558 0.473259 0.452424 0.074317
16060 0.319862 0.434829 0.245309
16560 0.536249 0.268339 0.195412
16860 0.297697 0.205537 0.496766
16759 0.381277 0.313532 0.305191
16673 0.126328 0.506399 0.367272
16712 0.700224 0.272889 0.026887
1369 0.079365 0.365477 0.555158
38244 0.107673 0.063626 0.828701
38205 0.764307 0.044142 0.191551
38342 0.362710 0.427784 0.209506
3203 0.284322 0.393513 0.322165
38286 0.317781 0.058206 0.624013
38425 0.435040 0.285937 0.279023
38435 0.585286 0.267615 0.147099
16248 0.273290 0.293148 0.433562
14832 0.202198 0.294456 0.503346
14633 0.352031 0.169587 0.478382
23099 0.079180 0.319954 0.600866
23395 0.061261 0.440059 0.498681
17532 0.896197 0.094677 0.009126
16706 0.608902 0.253795 0.137303
13459 0.495236 0.206738 0.298026
15020 0.246762 0.641448 0.111790
13614 0.379685 0.251201 0.369114
16304 0.379489 0.207181 0.413330
23387 0.307652 0.421360 0.270987
23442 0.019683 0.676652 0.303665
24673 0.400788 0.254808 0.344404
28332 0.231594 0.653633 0.114772
28292 0.619827 0.315205 0.064968
28275 0.492359 0.138288 0.369353
28233 0.168547 0.586381 0.245072
28608 0.559980 0.213442 0.226577
28416 0.243966 0.670314 0.085721
28293 0.686241 0.124375 0.189385
28381 0.106693 0.033997 0.859310
25543 0.117771 0.477321 0.404908
24645 0.208991 0.641314 0.149695
13547 0.498126 0.216514 0.285360
25858 0.138239 0.143086 0.718675
27233 0.180500 0.416950 0.402549
26542 0.449737 0.315582 0.234682
26160 0.077146 0.751923 0.170931
27076 0.409589 0.429794 0.160617
3474 0.493413 0.506122 0.000464
3338 0.000000 0.192667 0.807333
3547 0.118627 0.789789 0.091584
38458 0.548649 0.074820 0.376531
38487 0.535098 0.124815 0.340087
28263 0.085337 0.561728 0.352935
28316 0.151878 0.634736 0.213386
28318 0.231598 0.472795 0.295607
28482 0.283785 0.483552 0.232663
28299 0.079457 0.179975 0.740568
28315 0.100641 0.417841 0.481518
28168 0.294266 0.661147 0.044588
26080 0.059414 0.385380 0.555205
28348 0.812757 0.093620 0.093623
28422 0.168837 0.009583 0.821580
28377 0.020901 0.721904 0.257196
25033 0.139702 0.187432 0.672867
13838 0.197021 0.699337 0.103642
29511 0.219135 0.261499 0.519366
30167 0.092417 0.482334 0.425250
13560 0.270846 0.167086 0.562069
34136 0.537316 0.386082 0.076602
3716 0.241949 0.063602 0.694449
26772 0.306794 0.671590 0.021616
18165 0.581813 0.308587 0.109600
24109 0.526928 0.377638 0.095434
25878 0.410248 0.474285 0.115468
25691 0.163825 0.555556 0.280619
24741 0.330562 0.209914 0.459524
24735 0.594133 0.039888 0.365979
24533 0.752041 0.117573 0.130386
24633 0.820815 0.047780 0.131405
24689 0.453535 0.265062 0.281403
24439 0.610559 0.377702 0.011739
25447 0.061514 0.472973 0.465513
25491 0.457138 0.122716 0.420147
25939 0.000000 0.780220 0.219780
18225 0.643942 0.000000 0.356058
25839 0.014219 0.540346 0.445435
24534 0.577691 0.195477 0.226832
25114 0.166257 0.447876 0.385867
24073 0.269151 0.406046 0.324803
24423 0.799716 0.112836 0.087448
23363 0.473921 0.144841 0.381238
24547 0.316463 0.150693 0.532843
23495 0.251309 0.729474 0.019217
24898 0.115628 0.635589 0.248784
24333 0.060578 0.191557 0.747865
24110 0.032603 0.897089 0.070308
3342 0.312289 0.620457 0.067254
26461 0.861601 0.016421 0.121978
28454 0.160947 0.794903 0.044149
26911 0.066818 0.895820 0.037362
25606 0.037628 0.451076 0.511296
25483 0.326700 0.509392 0.163908
25392 0.717231 0.259614 0.023155
12558 0.199942 0.781663 0.018395
14499 0.400027 0.284614 0.315360
27837 0.438581 0.105483 0.455936
28134 0.645418 0.286852 0.067730
28068 1.000000 0.000000 0.000000
27688 0.808132 0.126765 0.065103
26241 0.142068 0.419838 0.438094
26038 0.378431 0.565501 0.056068
26417 0.292638 0.153491 0.553871
27396 0.043577 0.260357 0.696066
27818 0.385659 0.528527 0.085814
26619 0.059802 0.598014 0.342184
26702 0.138235 0.657506 0.204258
26408 0.064870 0.787612 0.147518
26040 0.003426 0.982046 0.014528
28362 0.377625 0.615668 0.006707
28280 0.639071 0.231504 0.129425
5148 0.376530 0.037640 0.585830
4927 0.329289 0.082177 0.588535
4753 0.631239 0.303444 0.065318
4686 0.603436 0.309801 0.086763
4970 0.678205 0.018189 0.303606
5010 0.545577 0.220905 0.233517
31209 0.258252 0.584244 0.157505
30451 0.853891 0.130864 0.015245
30455 0.550034 0.370410 0.079556
30761 0.393391 0.437030 0.169579
30263 0.297483 0.490021 0.212497
30826 0.556149 0.418064 0.025787
31090 0.797813 0.166084 0.036104
5924 0.100693 0.056497 0.842810
6155 0.384931 0.288854 0.326216
4960 0.320135 0.241544 0.438322
4777 0.241013 0.452208 0.306779
5307 0.152391 0.110498 0.737111
5313 0.182963 0.434422 0.382615
5185 0.073998 0.659294 0.266708
4691 0.309347 0.164960 0.525692
4593 0.116828 0.313840 0.569332
3650 0.125453 0.353364 0.521183
30616 0.144694 0.725796 0.129510
31447 0.136680 0.120605 0.742715
31306 0.943084 0.003455 0.053462
5974 0.416981 0.529404 0.053615
6115 0.025199 0.074782 0.900019
5678 0.146298 0.065873 0.787829
5480 0.163495 0.451436 0.385070
6498 0.045033 0.094656 0.860310
5440 0.132410 0.675340 0.192250
6974 0.935991 0.064009 0.000000
6963 0.186809 0.315953 0.497238
7452 0.691682 0.197065 0.111253
6537 0.133968 0.105536 0.760496
6991 0.712337 0.282765 0.004898
7009 0.540587 0.008678 0.450735
6540 0.450911 0.343796 0.205293
6566 0.207209 0.645762 0.147030
7235 0.199735 0.019149 0.781116
7267 0.352318 0.553805 0.093876
7703 0.734966 0.044233 0.220800
6951 0.032544 0.214518 0.752938
6935 0.114614 0.375585 0.509802
6596 0.155849 0.685263 0.158888
6864 0.439987 0.195119 0.364894
7376 0.000000 0.875644 0.124356
5803 0.066493 0.299453 0.634054
6512 0.277931 0.053447 0.668622
7440 0.283620 0.645956 0.070424
7184 0.138128 0.680794 0.181078
7424 0.173979 0.466499 0.359522
6922 0.209096 0.494710 0.296194
6906 0.769005 0.014525 0.216470
7408 0.164559 0.552532 0.282909
7393 0.524891 0.393251 0.081858
6426 0.127285 0.647165 0.225550
30449 0.473367 0.199075 0.327559
30449 0.381179 0.356339 0.262482
5489 0.134025 0.080655 0.785320
5500 0.345137 0.330986 0.323877
6584 0.041500 0.782638 0.175862
5715 0.170738 0.662067 0.167194
5858 0.805132 0.007795 0.187073
3415 0.000000 0.289334 0.710666
3424 0.828321 0.045199 0.126479
23432 0.294720 0.113981 0.591299
23710 0.362279 0.018361 0.619360
25440 0.187240 0.665189 0.147571
25771 0.146772 0.594865 0.258363
25977 0.178981 0.651213 0.169806
26946 0.327046 0.656331 0.016623
27553 0.485987 0.029440 0.484573
27406 0.768978 0.096877 0.134145
27587 0.476249 0.512612 0.011139
17603 0.091452 0.035786 0.872763
17168 0.567349 0.125070 0.307581
16198 0.022671 0.767270 0.210060
24890 0.560355 0.352642 0.087003
23271 0.608223 0.015518 0.376258
18069 0.292621 0.196236 0.511143
13945 0.149816 0.801548 0.048636
31264 0.192944 0.611483 0.195573
14391 0.129417 0.515806 0.354776
31100 0.648629 0.136376 0.214996
31322 0.238710 0.088629 0.672660
31254 0.154120 0.218487 0.627393
31137 0.238116 0.412529 0.349355
32218 0.051585 0.287960 0.660455
30888 0.010345 0.729125 0.260530
32210 0.415055 0.468547 0.116398
30628 0.854418 0.110961 0.034620
32214 0.252404 0.340808 0.406788
30714 0.847613 0.039040 0.113348
32333 0.133080 0.792042 0.074878
32378 0.082751 0.591908 0.325341
38024 0.180268 0.248586 0.571145
17761 0.586447 0.403795 0.009758
6027 0.087289 0.598162 0.314549
6170 0.350809 0.119774 0.529416
6346 0.337297 0.557150 0.105553
6353 0.183836 0.376181 0.439983
5713 0.670579 0.252778 0.076643
5788 0.427358 0.289612 0.283031
26339 0.201982 0.646974 0.151044
27992 0.365935 0.323248 0.310818
26672 0.052918 0.724019 0.223063
4010 0.353057 0.406507 0.240435
25944 0.482028 0.017061 0.500910
26198 0.412465 0.096840 0.490695
17683 0.264892 0.346125 0.388984
28484 0.375046 0.538171 0.086783
28520 0.412856 0.208762 0.378383
28355 0.171056 0.055117 0.773827
27770 0.459898 0.317426 0.222675
27926 0.354182 0.156111 0.489707
23158 0.092766 0.194734 0.712499
5889 0.040627 0.717755 0.241618
26430 0.291070 0.197390 0.511540
33709 0.215801 0.056537 0.727663
25833 0.618694 0.114188 0.267117
25267 0.270364 0.047177 0.682459
23426 0.151369 0.759464 0.089167
25792 0.000000 0.480572 0.519428
26883 0.296185 0.638810 0.065006
26821 0.575765 0.358252 0.065983
38159 0.133503 0.559014 0.307483
38148 0.026195 0.639418 0.334387
38138 0.615285 0.098843 0.285871
26278 0.199476 0.673825 0.126699
26272 0.548854 0.284273 0.166874
26244 0.189782 0.017331 0.792887
26350 0.160004 0.071065 0.768930
18255 0.219171 0.763535 0.017294
27087 0.331132 0.504747 0.164122
26705 0.232540 0.150610 0.616850
27272 0.044241 0.913991 0.041768
18260 0.464637 0.277182 0.258181
26538 0.478247 0.254428 0.267325
27025 0.135123 0.615696 0.249181
27840 0.157751 0.654064 0.188185
27504 0.093320 0.817049 0.089631
27875 0.345750 0.431099 0.223151
27488 0.606831 0.145193 0.247976
26694 0.812550 0.008851 0.178599
32310 0.708599 0.016387 0.275014
32004 0.101999 0.772890 0.125111
31892 0.081730 0.334060 0.584210
32271 0.559727 0.368061 0.072212
32781 0.052311 0.661305 0.286384
32731 0.811881 0.024434 0.163685
33091 0.271018 0.642815 0.086166
32441 0.070599 0.655369 0.274032
32767 0.093798 0.670366 0.235836
32673 0.518495 0.078716 0.402789
32059 0.349901 0.620474 0.029625
31566 0.000000 0.295844 0.704156
33305 0.887157 0.101091 0.011752
33190 0.436239 0.419706 0.144056
33141 0.407398 0.045840 0.546762
32915 0.036833 0.179472 0.783696
32631 0.086693 0.616372 0.296935
32544 0.038856 0.921546 0.039598
32518 0.852541 0.034097 0.113362
32847 0.557091 0.386281 0.056628
32362 0.159426 0.506409 0.334165
32079 0.468373 0.471755 0.059872
32876 0.782994 0.007439 0.209567
33108 0.211624 0.345760 0.442616
33360 0.133068 0.310424 0.556508
32646 0.432448 0.377416 0.190136
32663 0.250242 0.237278 0.512480
33343 0.434869 0.017782 0.547349
33326 0.660853 0.282975 0.056172
31660 0.647339 0.137760 0.214901
32207 0.273753 0.072859 0.653388
32093 0.087803 0.510064 0.402132
31616 0.056776 0.491720 0.451504
31945 0.152761 0.499696 0.347542
32213 0.118147 0.136981 0.744872
32327 0.211498 0.765419 0.023083
31998 0.179142 0.587923 0.232935
13623 0.222013 0.738561 0.039426
12200 0.000507 0.878009 0.121484
338 0.321209 0.317006 0.361785
23253 0.180833 0.102720 0.716447
23194 0.387251 0.422653 0.190096
22537 0.191864 0.761896 0.046239
22535 0.760670 0.019357 0.219973
22534 0.140474 0.671329 0.188197
22524 0.182974 0.104004 0.713022
22492 0.725804 0.218647 0.055549
23202 0.310283 0.234741 0.454976
23203 0.174372 0.129114 0.696514
23246 0.197592 0.118176 0.684232
23923 0.060191 0.019477 0.920332
23912 0.886453 0.046232 0.067315
21911 0.228242 0.425713 0.346045
21910 0.279602 0.296523 0.423875
21910 0.091387 0.788517 0.120096
21811 0.223847 0.565332 0.210820
22397 0.220602 0.158077 0.621321
22397 0.222968 0.671444 0.105588
22742 0.092949 0.760623 0.146428
22742 0.359464 0.406504 0.234031
22743 0.573074 0.337235 0.089691
18009 0.063610 0.123248 0.813142
22598 0.165939 0.748702 0.085359
22356 0.090647 0.032030 0.877324
22002 0.077915 0.243888 0.678197
17972 0.273049 0.596790 0.130161
22096 0.009551 0.352100 0.638349
22160 0.681533 0.276087 0.042381
21576 0.899240 0.025446 0.075314
21576 0.315133 0.426208 0.258659
21369 0.057689 0.447161 0.495150
21368 0.156385 0.396876 0.446739
21476 0.070605 0.877471 0.051924
21476 0.635691 0.054890 0.309420
21476 0.943678 0.038014 0.018308
22002 0.585008 0.283266 0.131726
20506 0.250330 0.585778 0.163892
20506 0.695405 0.223654 0.080941
20599 0.120642 0.158699 0.720660
20449 0.408293 0.057583 0.534124
20449 0.213013 0.781591 0.005396
17894 0.144242 0.161780 0.693977
20309 0.607239 0.094694 0.298067
20241 0.136829 0.787834 0.075336
20240 0.385337 0.506037 0.108625
20165 0.520007 0.131050 0.348943
20280 0.713732 0.151915 0.134353
20392 0.710035 0.058988 0.230978
20429 0.651664 0.069815 0.278521
20465 0.066117 0.471800 0.462083
20430 0.828985 0.116886 0.054129
21013 0.364443 0.050304 0.585253
21147 0.152529 0.238263 0.609208
21146 0.620978 0.335812 0.043210
21388 0.064468 0.849132 0.086400
21273 0.288604 0.601847 0.109548
21355 0.309849 0.255570 0.434581
17921 0.410453 0.407946 0.181601
20921 0.292678 0.597472 0.109850
20699 0.027831 0.318776 0.653394
23125 0.115150 0.216618 0.668232
23123 0.432581 0.176826 0.390594
23127 0.034807 0.184030 0.781163
22682 0.308396 0.288910 0.402693
17997 0.311679 0.212577 0.475744
22358 0.200883 0.218489 0.580628
22157 0.326469 0.275440 0.398091
22156 0.038948 0.770098 0.190954
22161 0.311617 0.557204 0.131179
22388 0.622663 0.179437 0.197900
22482 0.173744 0.569574 0.256682
22696 0.413731 0.422878 0.163391
21418 0.875139 0.022149 0.102712
20986 0.409223 0.567107 0.023670
20929 0.139143 0.084082 0.776775
20887 0.672247 0.065452 0.262301
20663 0.315522 0.674816 0.009662
20663 0.433762 0.035973 0.530265
20705 0.205133 0.210937 0.583930
20791 0.500906 0.073888 0.425206
20980 0.212755 0.556695 0.230550
21428 0.182426 0.635002 0.182572
21428 0.646369 0.095518 0.258113
21443 0.367804 0.548846 0.083350
21018 0.143107 0.563837 0.293056
20879 0.503134 0.073509 0.423357
20700 0.140705 0.685768 0.173526
20759 0.176438 0.221967 0.601596
20801 0.717593 0.130489 0.151918
20769 0.743963 0.056768 0.199269
20709 0.350036 0.597535 0.052429
20692 0.553670 0.235841 0.210489
21148 0.172764 0.069290 0.757946
21486 0.399196 0.535936 0.064868
21510 0.103122 0.171649 0.725228
21188 0.894789 0.097124 0.008087
21641 0.086380 0.153572 0.760048
21367 0.093827 0.788505 0.117668
21458 0.080354 0.234455 0.685191
22276 0.016727 0.366183 0.617089
22615 0.016196 0.801479 0.182325
22613 0.836176 0.148535 0.015289
23101 0.157985 0.305547 0.536468
23100 0.638832 0.141604 0.219564
23095 0.475247 0.456733 0.068020
22679 0.585686 0.029159 0.385156
22301 0.122637 0.291157 0.586206
22300 0.546048 0.252354 0.201599
19252 0.775708 0.035647 0.188645
19408 0.236356 0.602943 0.160701
19695 0.570676 0.283888 0.145436
20337 0.299888 0.299352 0.400760
20433 0.815720 0.103729 0.080552
20667 0.466350 0.345833 0.187817
20466 0.115233 0.476514 0.408254
19666 0.562955 0.104749 0.332296
19253 0.137831 0.076559 0.785611
17969 0.122704 0.133249 0.744047
22548 0.064527 0.675616 0.259857
22732 0.316672 0.486252 0.197076
23460 0.065078 0.479540 0.455382
23462 0.000000 0.256419 0.743581
23686 0.574819 0.424756 0.000425
23010 0.441056 0.084985 0.473959
22759 0.078944 0.365741 0.555315
22538 0.222175 0.309384 0.468441
22270 0.157719 0.173423 0.668859
21945 0.595975 0.388168 0.015857
21988 0.073454 0.786658 0.139888
22264 0.757263 0.050312 0.192426
22286 0.151181 0.402372 0.446446
22347 0.261626 0.686523 0.051851
22048 0.267587 0.173773 0.558641
21540 0.248192 0.368587 0.383221
21485 0.147668 0.313762 0.538570
18983 0.322972 0.358096 0.318932
18982 0.300411 0.445849 0.253740
18986 0.176321 0.065059 0.758620
19152 0.019505 0.972792 0.007703
19528 0.240194 0.125489 0.634317
19925 0.489510 0.173441 0.337049
20605 0.200357 0.558288 0.241355
20588 0.152079 0.203972 0.643949
20508 0.108915 0.452797 0.438288
20508 0.693800 0.215238 0.090962
20453 0.479160 0.186728 0.334112
20453 0.399460 0.535093 0.065447
20556 0.250799 0.073284 0.675917
20557 0.608233 0.163975 0.227792
20585 0.256786 0.588104 0.155110
17258 0.325896 0.539648 0.134456
17285 0.066963 0.106343 0.826694
17281 0.330236 0.144482 0.525282
17271 0.340358 0.537950 0.121692
17282 0.278848 0.674761 0.046390
17290 0.585009 0.090710 0.324281
17308 0.220998 0.564887 0.214115
17294 0.794484 0.048667 0.156849
17220 0.372639 0.405786 0.221575
17130 0.279998 0.324433 0.395569
17128 0.275435 0.267539 0.457027
17129 0.703244 0.164075 0.132681
17081 0.150295 0.684754 0.164951
17083 0.424634 0.439192 0.136174
17087 0.631772 0.282028 0.086199
17068 0.320152 0.198913 0.480935
16643 0.353400 0.374266 0.272335
17127 0.889677 0.045097 0.065226
16635 0.393091 0.382124 0.224785
17065 0.063660 0.593770 0.342570
17076 0.267952 0.418701 0.313347
17503 0.816202 0.131483 0.052315
23215 0.014803 0.897534 0.087663
22076 0.390355 0.079730 0.529915
17437 0.631442 0.084022 0.284536
17432 0.433621 0.545823 0.020556
17452 0.239157 0.559072 0.201770
17474 0.550049 0.233648 0.216302
17495 0.211616 0.606874 0.181510
17521 0.771669 0.190323 0.038008
17518 0.101016 0.762848 0.136136
17516 0.256222 0.472097 0.271681
17514 0.364735 0.096716 0.538549
15466 0.058191 0.144615 0.797194
15448 0.701574 0.074011 0.224416
15458 0.042928 0.544274 0.412798
15613 0.251951 0.323262 0.424788
15630 0.096484 0.086291 0.817225
15562 0.783911 0.043351 0.172737
15504 0.235893 0.598664 0.165443
15575 0.139868 0.634241 0.225891
15671 0.158651 0.170551 0.670798
12895 0.181257 0.625675 0.193068
12919 0.530505 0.357776 0.111718
12862 0.006961 0.218255 0.774784
15188 0.579212 0.060093 0.360696
15153 0.746456 0.069980 0.183565
16402 0.050517 0.625020 0.324463
16399 0.793263 0.007377 0.199360
16427 0.583897 0.252537 0.163567
15247 0.469337 0.383271 0.147392
15389 0.369632 0.579280 0.051088
13228 0.029317 0.739480 0.231203
15589 0.579521 0.293339 0.127140
15415 0.374829 0.379614 0.245558
13225 0.137495 0.050432 0.812073
15252 0.473008 0.060224 0.466767
12861 0.035355 0.150059 0.814586
12878 0.134407 0.857461 0.008131
12883 0.168887 0.018704 0.812409
12849 0.042367 0.895286 0.062347
2542 0.058153 0.542085 0.399762
105 0.368905 0.327059 0.304036
12814 0.418336 0.570392 0.011272
12812 0.444940 0.301967 0.253093
12805 0.183668 0.758730 0.057603
12808 0.801540 0.195704 0.002756
12828 0.116607 0.509733 0.373660
12838 0.076758 0.800392 0.122850
33909 0.775693 0.064131 0.160175
33841 0.797517 0.186898 0.015585
33829 0.112881 0.077183 0.809936
33766 0.051779 0.709058 0.239163
13718 0.062240 0.481399 0.456361
13715 0.199582 0.082674 0.717744
13745 0.291557 0.287691 0.420751
15510 0.586842 0.327609 0.085549
15753 0.737065 0.132922 0.130014
16258 0.177945 0.080176 0.741880
16275 0.451706 0.434433 0.113861
16279 0.278683 0.390483 0.330834
16316 0.355252 0.541609 0.103139
15028 0.161650 0.205378 0.632972
15041 0.680480 0.153046 0.166473
15019 0.469861 0.438837 0.091302
14972 0.344783 0.403420 0.251797
14922 0.683628 0.215010 0.101363
14872 0.319761 0.014102 0.666137
16254 0.397589 0.136956 0.465455
16257 0.096349 0.778965 0.124686
3143 0.384422 0.081722 0.533856
3020 0.039355 0.543453 0.417192
2878 0.910975 0.028569 0.060456
2953 0.937031 0.036418 0.026551
3011 0.918200 0.006043 0.075757
2984 0.625557 0.374221 0.000222
2890 0.037312 0.541136 0.421552
2880 0.578784 0.134894 0.286322
124 0.479805 0.289296 0.230900
3123 0.159631 0.065018 0.775351
3149 0.078138 0.095538 0.826324
3142 0.023850 0.727112 0.249038
2496 0.301878 0.296638 0.401484
2608 0.625150 0.070109 0.304742
2715 0.044762 0.652381 0.302857
3045 0.486257 0.368037 0.145706
2870 0.163789 0.514062 0.322149
2730 0.142850 0.773623 0.083527
2597 0.306723 0.429323 0.263955
2595 0.532702 0.096918 0.370380
2401 0.041525 0.580868 0.377607
2844 0.063742 0.814822 0.121435
2824 0.012943 0.256906 0.730151
2659 0.586326 0.294640 0.119034
2533 0.004973 0.115591 0.879435
2563 0.435130 0.477831 0.087039
8309 0.061554 0.417139 0.521307
2757 0.665631 0.299259 0.035110
2821 0.754859 0.058472 0.186668
8565 0.005153 0.666125 0.328723
2029 0.866787 0.093069 0.040143
2273 0.110714 0.860192 0.029094
94 0.329228 0.305233 0.365539
2558 0.127929 0.004031 0.868040
2440 0.010989 0.226799 0.762211
2314 0.294431 0.035028 0.670542
2038 0.397809 0.480873 0.121318
2035 0.391714 0.228277 0.380009
1774 0.903313 0.003647 0.093040
8738 0.532586 0.081784 0.385630
3166 0.012666 0.320739 0.666595
131 0.520080 0.326551 0.153369
3157 0.667662 0.175232 0.157106
3163 0.374309 0.061949 0.563742
3160 1.000000 0.000000 0.000000
8727 0.674895 0.157012 0.168093
8736 0.172608 0.779663 0.047729
8730 0.029267 0.875663 0.095070
3092 0.155040 0.106941 0.738019
3094 0.568492 0.399354 0.032154
2902 0.130774 0.194218 0.675008
2827 0.550276 0.196266 0.253457
2708 0.707787 0.232950 0.059263
2724 0.288147 0.175039 0.536814
2380 0.701499 0.177449 0.121052
2297 0.384517 0.401911 0.213571
2298 0.066357 0.885121 0.048521
2195 0.366071 0.396578 0.237351
2210 0.005302 0.335501 0.659197
2211 0.219914 0.402459 0.377627
2313 0.402624 0.273740 0.323636
2302 0.118138 0.482919 0.398943
2386 0.354140 0.020912 0.624948
13656 0.263831 0.519717 0.216452
13653 0.074007 0.047752 0.878241
13674 0.169172 0.764805 0.066023
13668 0.845609 0.018269 0.136122
13689 0.440319 0.162171 0.397510
13709 0.218506 0.360582 0.420912
33754 0.144395 0.251559 0.604046
33750 0.196777 0.712288 0.090934
33736 0.173943 0.193729 0.632328
12375 0.388267 0.027517 0.584216
12369 0.934635 0.001824 0.063541
13736 0.892052 0.066275 0.041673
13666 0.172586 0.621542 0.205872
13660 0.322285 0.605363 0.072353
12248 0.207311 0.562007 0.230682
12284 0.235364 0.520138 0.244498
12285 0.615988 0.145601 0.238411
12317 0.433614 0.281438 0.284948
2536 0.518347 0.449782 0.031871
419 0.444315 0.506098 0.049587
12358 0.026837 0.671665 0.301498
12267 0.218029 0.319739 0.462232
12241 0.363189 0.618507 0.018304
380 0.178903 0.387434 0.433663
375 0.256944 0.025731 0.717325
2365 0.336269 0.246127 0.417604
2435 0.519481 0.038548 0.441971
8682 0.012194 0.313078 0.674729
8599 0.225297 0.331400 0.443303
8532 0.298417 0.037959 0.663624
7900 0.596947 0.061418 0.341635
7910 0.023238 0.685473 0.291290
7908 0.122259 0.086429 0.791313
8497 0.668638 0.005246 0.326116
8503 0.322336 0.135632 0.542032
8518 0.738850 0.032091 0.229059
8582 0.732195 0.117794 0.150010
8657 0.055442 0.621036 0.323521
8706 0.067260 0.248510 0.684230
2590 0.380000 0.090361 0.529639
2641 0.910431 0.037113 0.052456
2704 0.347390 0.012028 0.640583
8285 0.006941 0.807743 0.185316
8244 0.360068 0.512727 0.127206
8172 0.446776 0.129591 0.423633
8085 0.092350 0.657559 0.250091
8047 0.236065 0.084187 0.679748
2288 0.368082 0.449715 0.182202
2318 0.097335 0.543604 0.359061
2404 0.606922 0.360523 0.032556
2456 0.216291 0.399503 0.384206
2089 0.033306 0.487657 0.479037
2089 0.213005 0.107165 0.679830
2076 0.560892 0.097737 0.341371
2160 0.202670 0.069342 0.727988
2230 0.200382 0.529655 0.269963
2231 0.275664 0.336748 0.387588
2229 0.166577 0.200421 0.633002
2189 0.376651 0.200335 0.423014
2107 0.099573 0.332135 0.568292
8402 0.219998 0.471162 0.308840
8441 0.543018 0.059288 0.397694
8428 0.352131 0.076217 0.571652
8376 0.083970 0.911669 0.004360
8318 0.033744 0.518109 0.448147
8224 0.636393 0.268099 0.095508
8115 0.002984 0.890279 0.106737
8136 0.536828 0.114602 0.348570
8108 0.206657 0.078484 0.714860
7898 0.452399 0.146945 0.400657
7882 0.794972 0.002648 0.202380
7872 0.054670 0.797423 0.147907
8227 0.367123 0.347573 0.285304
8181 1.000000 0.000000 0.000000
8142 0.267604 0.069858 0.662537
1926 0.362098 0.403355 0.234548
