13672 0.795668 0.073821 0.130511
13609 0.038780 0.933965 0.027255
9793 0.757467 0.029323 0.213210
1430 0.090258 0.210701 0.699041
19098 0.254398 0.373973 0.371628
1422 0.501506 0.410344 0.088150
19182 0.339941 0.140846 0.519213
19096 0.689488 0.121029 0.189483
19094 0.275584 0.071421 0.652994
18219 0.026590 0.231034 0.742376
844 0.811089 0.045780 0.143131
18222 0.387677 0.233791 0.378531
1435 0.377384 0.206228 0.416387
18863 0.016932 0.226380 0.756688
5314 0.619511 0.349796 0.030693
18224 0.063167 0.783418 0.153415
19093 0.357618 0.611718 0.030664
1464 0.045515 0.398640 0.555845
5309 0.132045 0.867955 0.000000
1424 0.000000 0.650893 0.349107
6234 0.713765 0.054485 0.231750
16384 0.280318 0.170663 0.549019
5100 0.063658 0.579339 0.357003
18725 0.063287 0.703594 0.233118
16736 0.766234 0.182989 0.050777
16736 0.540530 0.284882 0.174589
18576 0.740291 0.060875 0.198834
18576 0.339193 0.189948 0.470859
16736 0.288261 0.337443 0.374297
1224 0.051059 0.705884 0.243058
19313 0.258660 0.569296 0.172044
1224 0.336201 0.242289 0.421510
5272 0.171508 0.488625 0.339867
18741 0.175379 0.050145 0.774475
18741 0.082261 0.608737 0.309001
18576 0.085892 0.710003 0.204105
5190 0.011323 0.355175 0.633502
5189 0.075464 0.875887 0.048648
1481 0.950675 0.047315 0.002010
16734 0.814100 0.029995 0.155905
18010 0.335673 0.517768 0.146560
1480 0.059815 0.685934 0.254251
16734 0.438677 0.376974 0.184349
18483 0.090532 0.138651 0.770817
18670 0.179340 0.342197 0.478463
322 0.123535 0.227234 0.649230
5225 0.151943 0.120359 0.727697
315 0.358163 0.139035 0.502801
321 0.827618 0.126346 0.046037
319 0.320410 0.012318 0.667272
5226 0.210235 0.689403 0.100362
5225 0.715435 0.258583 0.025982
18671 0.598747 0.200025 0.201229
18483 0.391983 0.057054 0.550962
19018 0.518726 0.305990 0.175284
5121 0.365417 0.438151 0.196431
18483 0.822996 0.061233 0.115771
20 0.265010 0.002286 0.732704
20 0.232372 0.610804 0.156824
18842 0.376042 0.270543 0.353414
18842 0.372653 0.601647 0.025699
18553 0.742306 0.096831 0.160863
18481 0.555938 0.058801 0.385261
18481 0.307661 0.646673 0.045666
78 0.284561 0.090958 0.624481
894 0.067506 0.753667 0.178827
894 0.214565 0.028184 0.757251
318 0.596599 0.168660 0.234741
18554 0.111749 0.590815 0.297435
80 0.263370 0.569405 0.167225
18556 0.629188 0.126894 0.243918
80 0.868691 0.103605 0.027703
5455 0.573103 0.236553 0.190344
5455 0.447692 0.187789 0.364519
18783 0.249016 0.251400 0.499584
19016 0.409575 0.267433 0.322992
81 0.197664 0.204821 0.597515
899 0.226880 0.166501 0.606619
18002 0.395321 0.517827 0.086852
18002 0.124942 0.732551 0.142507
18578 0.322525 0.167662 0.509813
5274 0.568903 0.000000 0.431097
1469 0.037693 0.651829 0.310478
17927 0.720891 0.084315 0.194793
18092 0.692799 0.182480 0.124722
4830 0.653658 0.150485 0.195857
783 0.671243 0.240310 0.088446
5431 0.000000 0.810607 0.189393
16731 0.378938 0.164573 0.456489
258 0.086366 0.051976 0.861658
18136 0.117274 0.185736 0.696990
18537 0.015777 0.135827 0.848396
18537 0.702723 0.206125 0.091152
5363 0.259015 0.534074 0.206911
1470 0.155251 0.634642 0.210107
18793 0.386720 0.180699 0.432581
18599 0.408320 0.182858 0.408822
18599 0.318812 0.330121 0.351067
18599 0.132317 0.123456 0.744226
5334 0.127917 0.405942 0.466141
18599 0.114302 0.699338 0.186360
5269 0.627456 0.099370 0.273174
1466 0.156525 0.093148 0.750327
16672 0.152575 0.153979 0.693446
5361 0.306325 0.384361 0.309314
16674 0.014440 0.478200 0.507360
5361 0.764332 0.176598 0.059070
17800 0.563637 0.259224 0.177138
375 0.350249 0.350596 0.299156
1294 0.371407 0.551454 0.077139
1294 0.102095 0.230957 0.666948
18599 0.661746 0.279128 0.059126
5271 0.082236 0.774931 0.142833
16673 0.360219 0.357511 0.282271
17762 0.173716 0.537860 0.288424
17762 0.002416 0.684386 0.313197
17761 0.376899 0.349045 0.274056
1295 0.454249 0.206745 0.339006
17799 0.200067 0.698199 0.101734
17760 0.116734 0.414777 0.468489
376 0.014874 0.307405 0.677721
17761 0.389219 0.019210 0.591571
17762 0.394924 0.261520 0.343556
5303 0.479558 0.464328 0.056115
17762 0.011116 0.116565 0.872319
18620 0.460362 0.439695 0.099943
18619 0.102370 0.640153 0.257477
18619 0.434433 0.051360 0.514207
18619 0.711616 0.179692 0.108692
18571 0.230747 0.496297 0.272956
5299 0.078116 0.373651 0.548233
18848 0.375300 0.096016 0.528684
4822 0.070417 0.512882 0.416702
4822 0.409470 0.479006 0.111524
18734 0.019403 0.283236 0.697361
18621 0.443606 0.319422 0.236971
18400 0.554804 0.368839 0.076358
5230 0.417919 0.395407 0.186674
16722 0.708799 0.207313 0.083889
18621 0.188489 0.763116 0.048395
1252 0.845667 0.113823 0.040510
4822 0.239790 0.036120 0.724091
1252 0.304283 0.154207 0.541510
5302 0.506351 0.247537 0.246112
16723 0.024441 0.581085 0.394474
16723 0.607456 0.098238 0.294306
4824 0.618547 0.095676 0.285777
329 0.041554 0.715518 0.242929
18405 0.190482 0.219115 0.590404
16732 0.594348 0.005025 0.400627
16732 0.441444 0.459559 0.098997
5268 0.068012 0.017460 0.914528
18600 0.450550 0.525915 0.023535
4831 0.012297 0.283806 0.703897
1370 0.605956 0.186718 0.207327
1466 0.708510 0.187676 0.103814
4832 0.300740 0.402908 0.296352
5268 0.796026 0.073483 0.130491
16732 0.826014 0.054363 0.119623
17989 0.010563 0.658913 0.330525
1489 0.759546 0.032140 0.208314
18738 0.040822 0.234089 0.725089
16727 0.695772 0.012399 0.291828
4826 0.376131 0.379397 0.244472
4826 0.158416 0.250752 0.590832
5478 0.158350 0.108781 0.732869
5097 0.049243 0.562491 0.388266
5432 0.327663 0.374562 0.297776
18650 0.244175 0.585334 0.170491
17947 0.538216 0.351752 0.110031
274 0.803501 0.048579 0.147920
5143 0.236652 0.086307 0.677041
891 0.677135 0.215912 0.106953
5277 0.664477 0.000000 0.335523
5279 0.030962 0.611125 0.357912
19004 0.432459 0.440653 0.126887
18484 0.518205 0.172915 0.308880
1491 0.112320 0.699631 0.188049
18606 0.279294 0.447112 0.273594
5410 0.368859 0.005026 0.626115
18806 0.002777 0.325406 0.671818
18531 0.242088 0.689556 0.068356
18672 0.134885 0.689440 0.175675
18672 0.431880 0.018348 0.549772
5199 0.303538 0.465963 0.230499
5204 0.440597 0.477017 0.082386
18964 0.272822 0.702793 0.024386
18674 0.435498 0.495058 0.069444
5276 0.362135 0.424413 0.213452
18984 0.054525 0.031748 0.913727
5221 0.012425 0.955035 0.032540
18750 0.145884 0.792774 0.061343
19028 0.142566 0.194593 0.662840
928 0.252038 0.675331 0.072631
72 0.343848 0.207190 0.448962
18611 0.084061 0.029994 0.885945
18891 0.123721 0.032799 0.843481
5222 0.323498 0.539238 0.137264
18641 0.200228 0.140823 0.658949
363 0.603416 0.291176 0.105408
18457 0.251713 0.399055 0.349232
174 0.081151 0.727691 0.191158
17885 0.642292 0.199670 0.158039
19035 0.179964 0.591017 0.229019
18248 0.529489 0.148202 0.322309
174 0.704355 0.213490 0.082155
18257 0.209032 0.646991 0.143977
17885 0.074179 0.612463 0.313358
17893 0.067660 0.337497 0.594843
5407 0.435915 0.454116 0.109968
355 0.144158 0.535643 0.320198
231 0.852216 0.085390 0.062394
231 0.437249 0.281306 0.281445
17892 0.281938 0.125420 0.592642
18936 0.072184 0.264991 0.662825
354 0.415723 0.393658 0.190619
18430 0.577724 0.151262 0.271014
356 0.690647 0.224453 0.084901
356 0.204017 0.470046 0.325938
17945 0.020278 0.614753 0.364969
5427 0.125577 0.491318 0.383105
5428 0.389495 0.405994 0.204511
18934 0.368090 0.173461 0.458449
17886 0.295748 0.199787 0.504464
885 0.305056 0.637340 0.057604
904 0.279892 0.648413 0.071695
19083 0.252827 0.446386 0.300787
16644 0.429866 0.474434 0.095700
19180 0.388631 0.443574 0.167795
16645 0.058940 0.862787 0.078273
19138 0.434748 0.112065 0.453187
908 0.226641 0.120299 0.653060
19155 0.144787 0.794136 0.061077
918 0.385485 0.572283 0.042232
19012 0.086052 0.276217 0.637731
19148 0.265201 0.202559 0.532240
162 0.205109 0.558459 0.236432
18369 0.642075 0.083803 0.274122
16665 0.249090 0.405404 0.345506
917 0.332337 0.383746 0.283917
1439 0.000000 0.659398 0.340602
19147 0.230776 0.226843 0.542381
18232 0.206765 0.000000 0.793235
907 0.149638 0.692639 0.157723
19137 0.238775 0.599714 0.161511
19011 0.000000 0.390903 0.609097
5358 0.171678 0.234967 0.593355
19011 0.757023 0.213787 0.029191
884 0.262980 0.351713 0.385307
892 0.101045 0.554003 0.344952
18784 0.735915 0.058096 0.205990
18564 0.064867 0.419448 0.515685
89 0.435188 0.297874 0.266938
5442 0.122029 0.407185 0.470786
5191 0.352041 0.640374 0.007586
18966 0.797652 0.177670 0.024677
5223 0.348234 0.322175 0.329591
18531 0.190665 0.054962 0.754373
5222 0.247451 0.081186 0.671363
888 0.276080 0.651264 0.072656
18940 0.207072 0.752080 0.040848
264 0.224787 0.403573 0.371639
5389 0.541519 0.327317 0.131164
5454 0.011648 0.606145 0.382207
18773 0.026399 0.110272 0.863328
17797 0.404602 0.156946 0.438452
1418 0.190733 0.282492 0.526775
19120 0.089239 0.382770 0.527991
19118 0.322374 0.073776 0.603849
19105 0.000000 0.328615 0.671385
19092 0.283413 0.076052 0.640536
1450 0.392331 0.323792 0.283878
19118 0.943508 0.005638 0.050854
1376 0.562590 0.221723 0.215687
19127 0.497362 0.012549 0.490089
4850 0.358820 0.030164 0.611016
19105 0.867287 0.122469 0.010244
19127 0.109583 0.612434 0.277982
44 1.000000 0.000000 0.000000
16547 0.747802 0.007953 0.244245
19335 0.500477 0.230079 0.269444
18520 0.377425 0.284054 0.338521
4 0.241473 0.758527 0.000000
45 0.396384 0.460380 0.143236
45 0.160595 0.315016 0.524389
4 0.000000 0.321773 0.678227
18476 0.606980 0.372685 0.020335
1377 0.158771 0.485399 0.355830
19 0.154132 0.745849 0.100019
1384 0.080439 0.398923 0.520638
1384 0.562849 0.045268 0.391883
16583 0.270536 0.675410 0.054054
1406 0.063709 0.246049 0.690242
1526 0.466093 0.286879 0.247029
1526 0.101337 0.177971 0.720692
1406 0.350522 0.535726 0.113753
1535 0.287746 0.613225 0.099029
1535 0.579372 0.113189 0.307440
18039 0.823947 0.026657 0.149396
37 0.691392 0.163774 0.144834
30 0.176636 0.451397 0.371967
4885 0.918808 0.081192 0.000000
37 0.310500 0.093630 0.595871
37 0.016841 0.041150 0.942009
18504 0.038899 0.591425 0.369676
1147 0.161365 0.732820 0.105815
18501 0.059912 0.662014 0.278074
1534 0.568626 0.189251 0.242123
19199 0.134388 0.854940 0.010672
18501 0.357902 0.075810 0.566288
18501 0.599403 0.400504 0.000093
39 0.094184 0.768585 0.137232
18040 0.132560 0.846044 0.021397
1398 0.405410 0.137713 0.456877
18023 0.380311 0.094421 0.525268
18038 0.627878 0.141318 0.230805
5151 0.373085 0.135079 0.491836
18896 0.089444 0.353477 0.557079
18523 0.195423 0.662683 0.141894
18988 0.708166 0.032741 0.259093
5144 0.836606 0.011061 0.152333
5144 0.250418 0.524371 0.225210
5162 0.614470 0.088887 0.296643
94 0.241264 0.294867 0.463869
18493 0.416197 0.053433 0.530370
358 0.601823 0.275020 0.123157
18997 0.027460 0.618041 0.354499
15 0.117752 0.629790 0.252458
934 0.632558 0.220581 0.146861
18494 0.341207 0.521828 0.136965
18997 0.755744 0.152063 0.092193
18460 0.700660 0.082927 0.216412
18524 0.718581 0.276933 0.004486
18551 0.535556 0.172862 0.291582
18904 0.127545 0.098163 0.774293
5181 0.453424 0.369588 0.176987
5175 0.151749 0.286395 0.561856
17 0.752876 0.000208 0.246915
17 0.166789 0.673013 0.160198
5160 0.114572 0.856758 0.028669
5147 0.571752 0.291440 0.136807
18 0.558860 0.344717 0.096423
5148 0.321456 0.513968 0.164576
14 0.541697 0.410884 0.047419
14 0.145203 0.322447 0.532349
18168 0.204703 0.300588 0.494709
17869 0.891077 0.088197 0.020726
932 0.402816 0.101818 0.495366
18168 0.076985 0.886686 0.036330
17898 0.097143 0.723975 0.178883
73 0.984706 0.011968 0.003326
18898 0.166379 0.204635 0.628986
18886 0.657203 0.114946 0.227852
17924 0.770123 0.125141 0.104736
18916 0.504596 0.118579 0.376826
274 0.197069 0.607669 0.195262
5181 0.216835 0.104425 0.678740
18551 0.396793 0.588911 0.014297
77 0.629959 0.134660 0.235382
19031 0.511544 0.189231 0.299225
939 0.107377 0.106872 0.785751
5150 0.346170 0.100568 0.553262
276 0.297601 0.505182 0.197218
17950 0.175897 0.341861 0.482242
17899 0.158315 0.707259 0.134426
18895 0.055004 0.087859 0.857137
886 0.567448 0.116207 0.316345
18590 0.042892 0.043049 0.914060
13745 0.919728 0.018763 0.061509
18592 0.218671 0.760691 0.020638
503 0.175588 0.031799 0.792613
13865 0.325749 0.206862 0.467389
506 0.100559 0.813608 0.085833
5240 0.315487 0.077811 0.606702
5132 0.196753 0.390167 0.413080
5133 0.161866 0.195943 0.642192
5391 0.380434 0.485106 0.134460
5103 0.067846 0.173802 0.758353
18743 0.129520 0.684840 0.185640
5113 0.339987 0.386739 0.273274
5246 0.000000 0.171338 0.828662
18676 0.356919 0.233330 0.409751
5112 0.033333 0.615027 0.351639
18635 0.227873 0.277452 0.494675
5258 0.576263 0.063358 0.360379
18587 0.470542 0.248354 0.281104
5125 0.438065 0.066749 0.495186
502 0.667691 0.218926 0.113383
18627 0.595277 0.396291 0.008432
18805 0.847197 0.122922 0.029881
18662 0.721284 0.238174 0.040542
5280 0.182748 0.804749 0.012503
5248 0.242096 0.183458 0.574446
5255 0.526399 0.271095 0.202506
18655 0.034606 0.612846 0.352548
5131 0.117370 0.486904 0.395727
338 0.906250 0.068822 0.024927
5099 0.683064 0.092055 0.224882
18629 0.337026 0.331163 0.331811
18626 0.061304 0.535644 0.403051
18643 0.187396 0.419635 0.392969
5130 0.205636 0.639138 0.155226
5127 0.178504 0.244382 0.577114
18805 0.260917 0.458309 0.280773
5401 0.564140 0.331168 0.104691
18827 0.078568 0.764559 0.156873
18827 0.398005 0.282693 0.319303
1490 0.932228 0.030695 0.037077
5448 0.598557 0.348572 0.052871
1368 0.236167 0.358428 0.405405
18617 0.000772 0.849075 0.150153
88 0.223870 0.719797 0.056333
5382 0.706104 0.142101 0.151795
18795 0.860190 0.100020 0.039790
1513 0.251690 0.399173 0.349137
18597 0.227345 0.143951 0.628704
377 0.430747 0.347135 0.222118
18638 0.195122 0.408233 0.396645
5090 0.655084 0.242183 0.102733
18665 0.717408 0.149320 0.133272
18666 0.442317 0.416435 0.141248
18586 0.104487 0.112168 0.783345
18586 0.581150 0.282588 0.136262
5259 0.117830 0.398842 0.483328
18639 0.461465 0.466711 0.071824
18777 0.778090 0.201275 0.020635
18776 0.026180 0.607521 0.366299
5101 0.110453 0.598695 0.290852
5096 0.131075 0.037392 0.831532
5110 0.569090 0.426573 0.004337
897 0.279122 0.548338 0.172540
893 0.045285 0.196673 0.758042
898 0.114080 0.124583 0.761336
19024 0.327410 0.611565 0.061026
18731 0.424122 0.257427 0.318451
5229 0.558420 0.299759 0.141821
896 0.306366 0.361511 0.332123
19023 0.156529 0.622355 0.221116
18736 0.260536 0.682544 0.056919
18983 0.226791 0.614216 0.158993
18640 0.200674 0.742442 0.056884
18595 0.361647 0.592435 0.045918
5105 0.035073 0.955628 0.009299
18885 0.031682 0.297992 0.670326
18594 0.541485 0.351745 0.106770
5392 0.664752 0.038896 0.296352
18952 0.643707 0.262777 0.093516
18951 0.337839 0.035049 0.627112
5243 0.366097 0.453637 0.180266
5169 0.325718 0.028513 0.645769
5172 0.799910 0.181789 0.018301
5106 0.391605 0.463885 0.144509
5107 0.693656 0.050048 0.256297
18544 0.200620 0.536918 0.262462
18779 0.364774 0.339693 0.295533
18452 0.780544 0.162583 0.056872
5304 0.008025 0.937086 0.054890
18812 0.407596 0.212232 0.380172
5264 0.302545 0.280163 0.417293
18533 0.724061 0.145767 0.130172
5466 0.437947 0.318958 0.243095
18609 0.198860 0.593850 0.207290
5474 0.063133 0.926611 0.010256
18543 0.672589 0.294630 0.032781
5135 0.081836 0.214738 0.703426
18778 0.003300 0.086823 0.909877
5176 0.410394 0.348042 0.241564
16 0.034648 0.558752 0.406600
5399 0.441102 0.343766 0.215132
18879 0.403400 0.116091 0.480509
5109 0.482096 0.135501 0.382403
10 0.691484 0.133708 0.174809
5177 0.016254 0.500900 0.482846
5108 0.103326 0.318068 0.578607
5173 0.137906 0.225988 0.636106
5245 0.315894 0.012582 0.671524
5445 0.325062 0.572184 0.102754
17951 0.128355 0.312219 0.559425
975 0.036822 0.489306 0.473873
287 0.376185 0.224923 0.398892
17938 0.391845 0.382949 0.225205
252 0.010770 0.984336 0.004894
253 0.059469 0.805764 0.134767
18796 0.193902 0.238209 0.567889
18797 0.018687 0.626527 0.354786
1202 0.467388 0.373488 0.159124
18823 0.160654 0.533222 0.306124
18532 0.005058 0.326959 0.667983
18570 0.544329 0.181787 0.273884
5471 0.605186 0.363387 0.031427
18566 0.278719 0.329479 0.391802
18450 0.312260 0.324916 0.362824
5293 0.165119 0.249395 0.585486
18532 0.770114 0.162980 0.066906
18377 0.581568 0.235653 0.182779
18561 0.161853 0.110988 0.727159
5179 0.107155 0.707642 0.185203
3131 0.338366 0.403029 0.258606
85 0.043872 0.004267 0.951861
18894 0.034975 0.252528 0.712497
18891 0.545270 0.204106 0.250624
82 0.054195 0.070262 0.875543
18557 0.317767 0.119306 0.562927
5159 0.746803 0.157530 0.095667
5159 0.171340 0.527243 0.301417
18882 0.392422 0.169567 0.438010
5142 0.732577 0.219993 0.047431
5188 0.069538 0.566413 0.364050
5209 0.617199 0.045603 0.337198
18008 0.360669 0.369770 0.269561
1484 0.122913 0.634607 0.242480
5211 0.600736 0.123227 0.276037
18732 0.383341 0.119062 0.497596
328 0.631245 0.337052 0.031703
18730 0.155168 0.101611 0.743221
18402 0.423000 0.194029 0.382972
5398 0.098960 0.243829 0.657210
18929 0.537653 0.150716 0.311631
5142 0.023756 0.228416 0.747827
5398 0.546727 0.344900 0.108372
18804 0.692055 0.004522 0.303423
5401 0.326487 0.065401 0.608112
5127 0.309898 0.645842 0.044260
18484 0.003416 0.631514 0.365070
18929 0.031722 0.301057 0.667221
1365 0.249248 0.217898 0.532853
16735 0.000886 0.616671 0.382443
19051 0.937636 0.048149 0.014216
1260 0.164048 0.190263 0.645689
19313 0.418944 0.475410 0.105646
268 0.489429 0.221872 0.288700
16669 0.374875 0.535488 0.089637
17937 0.164776 0.697974 0.137250
19183 0.039511 0.648139 0.312350
16947 0.668807 0.236277 0.094916
258 0.254913 0.158702 0.586386
18147 0.846107 0.074129 0.079765
817 0.075362 0.911059 0.013579
18102 0.224989 0.009943 0.765068
1012 0.941105 0.010610 0.048285
1012 0.102024 0.359796 0.538180
19260 0.128672 0.035584 0.835744
17820 0.112209 0.847019 0.040771
825 0.061908 0.099037 0.839054
1201 0.224552 0.331816 0.443633
1009 0.252007 0.061573 0.686420
826 0.700841 0.218503 0.080656
17939 0.124387 0.589601 0.286012
19045 0.735909 0.036937 0.227154
19261 0.477417 0.174921 0.347662
1237 0.092239 0.872201 0.035559
18123 0.363593 0.168137 0.468270
19223 0.057689 0.738847 0.203465
19223 0.100929 0.036131 0.862940
17973 0.327964 0.051651 0.620385
1124 0.075747 0.382729 0.541524
19224 0.613817 0.098397 0.287787
16740 0.388549 0.118975 0.492475
4817 0.417515 0.381537 0.200948
16716 0.349312 0.342857 0.307832
1152 1.000000 0.000000 0.000000
19228 0.817417 0.030479 0.152104
18043 0.498715 0.339214 0.162071
1557 0.042431 0.742669 0.214901
18003 0.473358 0.428422 0.098220
16738 0.557038 0.384790 0.058172
1095 0.144262 0.233554 0.622184
1502 0.112867 0.229584 0.657550
17966 0.014840 0.614519 0.370641
1094 0.632087 0.324768 0.043145
1019 0.395805 0.521421 0.082775
17968 0.089608 0.372924 0.537468
19215 0.035869 0.388815 0.575316
1518 0.439628 0.468364 0.092008
19258 0.136222 0.689721 0.174057
18049 0.069833 0.631831 0.298336
1252 0.000063 0.210132 0.789805
18620 0.493927 0.269130 0.236942
19344 0.049722 0.091579 0.858699
16722 0.028105 0.597708 0.374188
17812 0.124599 0.460090 0.415311
18571 0.650626 0.056282 0.293092
5299 0.611841 0.130061 0.258098
18546 0.285264 0.038839 0.675896
5266 0.888156 0.084066 0.027777
51 0.371117 0.518616 0.110267
1192 0.134469 0.519542 0.345989
18763 0.632259 0.363885 0.003856
18372 0.128561 0.806444 0.064994
18394 0.077136 0.437656 0.485208
1117 0.375973 0.489178 0.134849
335 0.172998 0.793701 0.033302
19348 0.618134 0.068284 0.313582
18392 0.512827 0.067317 0.419856
369 0.608162 0.140721 0.251117
17854 0.237127 0.243889 0.518984
333 0.031750 0.340897 0.627353
1119 0.163958 0.178398 0.657643
18390 0.496875 0.169726 0.333400
1102 0.219886 0.683724 0.096390
302 0.026236 0.044272 0.929492
18843 0.537962 0.292799 0.169239
331 0.023629 0.100158 0.876213
336 0.225054 0.713279 0.061667
373 0.599502 0.332225 0.068273
1101 0.276494 0.598210 0.125296
1104 0.214212 0.129342 0.656446
1348 0.019320 0.422681 0.558000
1356 0.462288 0.097337 0.440375
5087 0.215625 0.308371 0.476004
1103 0.141941 0.039229 0.818830
5871 0.296421 0.680743 0.022835
1370 0.130625 0.505877 0.363498
18124 0.075428 0.831087 0.093486
1290 0.722116 0.240013 0.037871
19359 0.011774 0.791630 0.196596
17787 0.059631 0.673923 0.266446
17863 0.094617 0.651823 0.253560
1082 0.756330 0.128440 0.115230
1082 0.012139 0.826292 0.161570
5361 0.081809 0.317576 0.600614
1219 0.125225 0.030278 0.844497
375 0.033634 0.627083 0.339284
16672 0.302444 0.696812 0.000744
17862 0.212906 0.655832 0.131262
19212 0.077615 0.477866 0.444519
1180 0.409802 0.304801 0.285397
1083 0.213560 0.686399 0.100041
1194 0.171441 0.727149 0.101409
1097 0.172138 0.645855 0.182007
19213 0.090969 0.552342 0.356689
18850 0.044132 0.280265 0.675603
1280 0.099703 0.618831 0.281465
5302 0.069279 0.180016 0.750704
1087 0.064884 0.842147 0.092969
17793 0.072554 0.897988 0.029458
17935 0.471785 0.170158 0.358058
1312 0.701611 0.025272 0.273116
1369 0.266837 0.326311 0.406851
19358 0.102804 0.723451 0.173746
1086 0.398537 0.111186 0.490277
19356 0.281541 0.662203 0.056256
5353 0.052048 0.345163 0.602788
18090 0.443763 0.143623 0.412614
1062 0.801804 0.180109 0.018087
19288 0.947309 0.037999 0.014692
19288 0.066882 0.059377 0.873741
18701 0.175708 0.190474 0.633818
1063 0.180662 0.372110 0.447227
17790 0.285348 0.157708 0.556944
17932 0.197708 0.136625 0.665666
863 0.204817 0.478146 0.317036
19290 0.347925 0.254044 0.398031
18699 0.520647 0.187965 0.291388
1066 0.655882 0.337861 0.006256
17933 0.770798 0.004764 0.224437
1188 0.062787 0.743578 0.193634
1269 0.604272 0.282011 0.113718
1293 0.658708 0.212843 0.128449
1278 0.063537 0.825920 0.110542
868 0.073763 0.853316 0.072921
1068 0.688490 0.124899 0.186611
17914 0.168660 0.496675 0.334664
17866 0.109804 0.208416 0.681781
234 0.710876 0.255215 0.033909
5154 0.635867 0.352825 0.011308
19000 0.175874 0.555552 0.268574
18931 0.221389 0.252144 0.526467
17873 0.315191 0.215083 0.469727
949 0.179692 0.680171 0.140137
5416 0.209809 0.538200 0.251991
280 0.236152 0.276954 0.486894
1265 0.014867 0.616044 0.369089
19204 0.534911 0.050333 0.414756
1399 0.119346 0.165590 0.715064
19189 0.434082 0.020117 0.545800
19187 0.257135 0.646026 0.096839
1327 0.133497 0.125936 0.740567
19203 0.070162 0.101229 0.828609
18016 0.287813 0.072739 0.639449
1167 0.073828 0.846710 0.079463
19193 0.883585 0.072645 0.043770
1134 0.077827 0.727832 0.194341
18025 0.165677 0.269844 0.564479
18019 0.155396 0.196015 0.648589
1402 0.600325 0.326429 0.073246
18023 0.053722 0.846440 0.099838
18513 0.576027 0.408364 0.015608
18023 0.065037 0.026868 0.908095
39 0.048689 0.062248 0.889064
1135 0.459888 0.075617 0.464495
1531 0.559408 0.315865 0.124727
18060 0.188396 0.106153 0.705451
1532 0.000000 0.091320 0.908680
18512 0.081427 0.264607 0.653966
38 0.690707 0.158169 0.151124
1401 0.345780 0.105709 0.548511
1148 0.223821 0.634256 0.141923
37 0.020578 0.699309 0.280113
18521 0.237399 0.580026 0.182575
18521 0.618043 0.146097 0.235861
18039 0.295227 0.423375 0.281399
19197 0.679965 0.119414 0.200621
18034 0.355601 0.490234 0.154166
32 0.668898 0.208014 0.123089
1149 0.062719 0.819268 0.118013
1403 0.666214 0.314427 0.019359
19198 0.046844 0.406513 0.546644
1414 0.443720 0.226053 0.330227
18056 0.456616 0.168843 0.374541
1535 0.000000 0.488140 0.511860
16584 0.207590 0.206500 0.585910
18038 0.270011 0.494679 0.235310
858 0.030117 0.863230 0.106653
4854 0.925062 0.036024 0.038914
16589 0.638537 0.043518 0.317945
19089 0.450886 0.072388 0.476726
1383 0.086471 0.160013 0.753516
16566 0.147779 0.786587 0.065634
5 0.395280 0.281454 0.323266
1419 0.150776 0.680701 0.168523
1447 0.821556 0.123250 0.055193
1447 0.043236 0.300843 0.655921
19088 0.202221 0.105581 0.692198
1447 0.000083 0.878127 0.121790
16567 0.191331 0.399401 0.409268
4867 0.654707 0.038231 0.307062
1389 0.367221 0.385590 0.247190
1446 1.000000 0.000000 0.000000
858 0.017366 0.053536 0.929098
19312 0.168647 0.060732 0.770622
1391 0.065321 0.612616 0.322063
1381 0.196677 0.384902 0.418422
857 0.242311 0.330358 0.427331
1390 0.287869 0.102737 0.609393
16588 0.249625 0.631673 0.118702
19107 0.328867 0.259205 0.411928
16588 0.165048 0.173129 0.661823
19124 0.124924 0.494959 0.380117
856 0.040249 0.572880 0.386871
4868 0.964916 0.006611 0.028473
19324 0.319058 0.354735 0.326207
1382 0.893590 0.048669 0.057740
16587 0.262004 0.632010 0.105986
19122 0.251541 0.045043 0.703416
17981 0.677816 0.033784 0.288400
19129 0.518770 0.450275 0.030956
19114 0.257268 0.056773 0.685959
18495 0.220350 0.528736 0.250914
1393 0.375368 0.559126 0.065506
8 0.026268 0.573987 0.399745
19110 0.337422 0.190448 0.472131
18480 0.456998 0.442742 0.100260
19329 0.370777 0.429875 0.199348
1415 0.283244 0.547513 0.169244
1374 0.494672 0.379394 0.125934
1 0.300204 0.152505 0.547291
1444 0.277711 0.373611 0.348679
16543 0.656327 0.127641 0.216032
1416 0.343922 0.547803 0.108275
802 0.042547 0.103275 0.854178
18479 0.439148 0.075879 0.484973
18478 0.372452 0.082550 0.544999
18517 0.222591 0.711572 0.065837
19109 0.609386 0.107901 0.282714
19111 0.666997 0.305024 0.027979
19121 0.217402 0.332709 0.449888
19115 0.371743 0.024371 0.603886
1379 0.298934 0.482895 0.218171
19325 0.173672 0.786030 0.040299
18497 0.106245 0.574029 0.319727
19 0.289727 0.280906 0.429367
18476 0.224176 0.301319 0.474506
18497 0.640918 0.015283 0.343799
19 0.756164 0.237653 0.006183
18476 0.018385 0.957403 0.024212
19325 0.303765 0.040780 0.655455
1386 0.048178 0.396259 0.555563
19128 0.324926 0.670118 0.004956
19325 0.728782 0.064166 0.207052
800 0.148025 0.456180 0.395795
19128 0.360199 0.218952 0.420849
1419 0.296444 0.067077 0.636479
18477 0.102801 0.432289 0.464910
3 0.842395 0.104416 0.053189
18475 0.261302 0.298455 0.440243
799 0.061630 0.061148 0.877221
799 0.314190 0.460285 0.225524
18518 0.535552 0.326494 0.137954
1378 0.000000 0.433216 0.566784
44 0.048290 0.659178 0.292532
18474 0.130854 0.678375 0.190771
19131 0.203635 0.491605 0.304760
1378 0.716320 0.222157 0.061523
798 0.130480 0.436394 0.433127
3 0.196785 0.136992 0.666223
1375 0.506262 0.210205 0.283532
18474 0.726393 0.172577 0.101030
1385 0.123445 0.287003 0.589552
1385 0.731549 0.174475 0.093976
19084 0.171585 0.620651 0.207764
1465 0.320036 0.334422 0.345542
16545 0.781845 0.033079 0.185076
16545 0.351496 0.152111 0.496392
18575 0.228167 0.745108 0.026726
19117 0.206365 0.150545 0.643090
19116 0.288900 0.669105 0.041995
19322 0.068772 0.580923 0.350305
4849 0.739778 0.082780 0.177442
19091 0.538137 0.066683 0.395180
4848 0.262201 0.706860 0.030939
4849 0.276443 0.273376 0.450181
19126 0.292465 0.240533 0.467002
19326 0.058725 0.127865 0.813410
23 0.231153 0.058340 0.710508
19111 0.211328 0.113493 0.675179
19091 0.016950 0.439156 0.543894
905 0.280565 0.345293 0.374142
5372 0.347047 0.349299 0.303654
834 0.056503 0.730526 0.212971
1074 0.059054 0.618451 0.322495
16686 0.194924 0.354307 0.450769
19308 0.097789 0.026251 0.875960
5373 0.749819 0.183790 0.066391
5373 0.064485 0.826589 0.108926
19146 0.116796 0.023174 0.860030
870 0.885609 0.036830 0.077560
167 0.155399 0.008555 0.836046
5377 0.159963 0.623195 0.216842
19297 0.057829 0.822535 0.119636
5376 0.095385 0.134558 0.770057
5375 0.561289 0.128311 0.310400
144 0.491129 0.401619 0.107252
158 0.113668 0.824469 0.061863
18371 0.603898 0.272754 0.123348
18232 0.112662 0.315359 0.571979
18369 0.340322 0.525674 0.134004
162 0.532596 0.231021 0.236383
872 0.120170 0.218879 0.660951
18716 0.187445 0.321933 0.490622
1053 0.350518 0.552887 0.096594
5342 0.451697 0.464291 0.084012
18126 0.734973 0.113344 0.151683
1056 0.400829 0.455051 0.144120
18717 0.141922 0.517408 0.340670
5336 0.736102 0.179531 0.084367
5337 0.596135 0.333630 0.070235
1323 0.166879 0.096514 0.736607
1029 0.110908 0.562835 0.326257
1332 0.163670 0.611832 0.224498
19366 0.832409 0.162693 0.004897
1031 0.114407 0.754848 0.130745
18382 0.006190 0.183793 0.810016
839 0.041083 0.060910 0.898007
19364 0.497464 0.218457 0.284078
5327 0.317389 0.239655 0.442956
1432 0.095364 0.222303 0.682333
58 0.428156 0.162044 0.409800
1114 0.601515 0.230744 0.167742
1036 0.447429 0.378746 0.173825
19339 0.083135 0.694265 0.222599
1191 0.076529 0.357190 0.566281
1048 0.305649 0.531635 0.162715
18383 0.081125 0.302956 0.615919
18548 0.561949 0.357814 0.080237
1190 0.140019 0.448334 0.411647
1034 0.164278 0.443801 0.391921
18693 0.526369 0.366662 0.106969
334 0.554514 0.362797 0.082689
18754 0.216517 0.275068 0.508415
1042 0.204032 0.656830 0.139137
18526 0.038739 0.919024 0.042237
17836 0.619846 0.252309 0.127845
1352 0.249239 0.275560 0.475201
18389 0.304865 0.354733 0.340402
303 0.141593 0.295884 0.562523
297 0.108549 0.538536 0.352915
18407 0.320621 0.402153 0.277226
5212 0.198318 0.046050 0.755632
1035 0.366236 0.623613 0.010152
1351 0.600196 0.363261 0.036543
17785 0.359918 0.589148 0.050934
18387 0.189750 0.306624 0.503626
19381 0.157953 0.695756 0.146291
18764 0.059508 0.017436 0.923056
18088 0.168282 0.098775 0.732942
18076 0.065674 0.875286 0.059040
1253 0.058358 0.781315 0.160327
1060 0.442070 0.423583 0.134347
1292 0.386843 0.524421 0.088736
1291 0.147280 0.485049 0.367671
996 0.209091 0.377360 0.413549
5297 0.585388 0.393689 0.020923
17778 0.587781 0.186613 0.225606
1028 0.831786 0.107224 0.060991
19175 0.234868 0.746186 0.018945
18874 0.195985 0.296393 0.507622
19367 0.878303 0.050194 0.071503
18068 0.533565 0.294096 0.172340
18069 0.149822 0.525330 0.324848
5318 0.122561 0.016060 0.861379
19338 0.324088 0.224592 0.451321
5329 0.430990 0.119320 0.449690
5218 0.036875 0.115558 0.847566
52 0.633646 0.020328 0.346026
977 0.417382 0.044029 0.538589
18770 0.335857 0.391962 0.272181
18711 0.017319 0.384761 0.597920
1198 0.435640 0.514881 0.049479
1176 0.744807 0.118356 0.136837
16656 0.086868 0.692339 0.220792
19379 0.079804 0.017988 0.902207
927 0.586249 0.188987 0.224764
19379 0.728588 0.170794 0.100618
19360 0.755521 0.089826 0.154653
1108 0.341465 0.546292 0.112243
18547 0.411014 0.291420 0.297566
836 0.004686 0.199656 0.795658
19102 0.559710 0.390383 0.049907
18109 0.060883 0.569968 0.369149
16657 0.090685 0.766557 0.142759
5319 0.249058 0.628514 0.122428
19377 0.582066 0.004637 0.413297
1334 0.031601 0.252398 0.716001
19369 0.335296 0.387092 0.277612
17777 0.215065 0.605766 0.179169
836 0.193350 0.724097 0.082553
17834 0.281339 0.105247 0.613414
1028 0.035415 0.799729 0.164856
862 0.429474 0.347931 0.222596
16654 0.744997 0.142076 0.112927
18127 0.232185 0.767380 0.000435
18161 0.125724 0.358575 0.515701
1337 0.049761 0.501412 0.448827
19292 0.039874 0.932772 0.027354
17804 0.653617 0.152296 0.194086
1257 0.070457 0.378467 0.551076
1188 0.048245 0.093410 0.858345
1322 0.003660 0.248287 0.748052
17851 0.307557 0.165123 0.527320
1525 0.103835 0.707059 0.189106
16700 0.251486 0.214299 0.534215
5366 0.314019 0.652100 0.033881
16680 0.070809 0.822542 0.106648
4887 0.055752 0.837807 0.106441
1523 0.067586 0.014302 0.918112
5364 1.000000 0.000000 0.000000
4888 0.910798 0.003702 0.085500
4796 0.111371 0.608962 0.279668
1476 0.215116 0.380736 0.404147
19321 0.090716 0.846995 0.062288
18132 0.066396 0.021699 0.911905
19371 0.807959 0.020877 0.171164
1421 0.284929 0.218950 0.496122
1431 0.109553 0.249851 0.640596
19160 0.304632 0.411371 0.283998
19172 0.533062 0.353733 0.113205
18675 0.406063 0.408347 0.185590
18905 0.576561 0.329024 0.094415
18897 0.162519 0.512995 0.324486
5325 0.022642 0.969851 0.007506
17824 0.345373 0.168652 0.485975
19266 0.178182 0.219310 0.602509
17825 0.112121 0.865339 0.022540
19274 0.039564 0.842006 0.118430
17960 0.711964 0.007383 0.280653
1154 0.115924 0.290655 0.593421
1153 0.183188 0.191946 0.624866
19276 0.064667 0.620846 0.314487
19264 0.202969 0.050541 0.746489
1210 0.063903 0.173371 0.762725
16628 0.080715 0.469234 0.450051
16641 0.484679 0.082883 0.432437
18157 0.086200 0.781556 0.132244
1229 0.188439 0.809584 0.001976
1264 0.040679 0.932779 0.026541
1264 0.054022 0.022722 0.923256
4809 0.180694 0.015945 0.803361
1159 0.097278 0.001382 0.901341
1360 0.851008 0.009728 0.139264
1366 0.810508 0.006482 0.183010
279 0.058276 0.281832 0.659892
17889 0.596948 0.151977 0.251075
809 0.668227 0.047830 0.283943
17874 0.187656 0.733948 0.078397
812 0.376044 0.223403 0.400554
218 0.343792 0.148926 0.507282
199 0.277734 0.699089 0.023177
19034 0.074715 0.696717 0.228568
18468 0.053432 0.830819 0.115749
343 0.270096 0.361619 0.368285
18465 0.282626 0.608096 0.109277
950 0.463047 0.420001 0.116952
810 0.601768 0.150286 0.247946
344 0.270875 0.035326 0.693799
238 0.592695 0.397313 0.009992
19080 0.072165 0.626233 0.301602
942 0.448570 0.401280 0.150150
17911 0.203075 0.420158 0.376766
18446 0.356036 0.324613 0.319351
18262 0.172533 0.648288 0.179178
19041 0.015017 0.038249 0.946733
175 0.171098 0.765435 0.063467
243 0.183453 0.639637 0.176910
205 0.645080 0.295011 0.059909
18251 0.398403 0.012939 0.588657
18443 0.253581 0.007862 0.738557
177 0.000000 0.303335 0.696665
229 0.830136 0.161306 0.008558
18244 0.694851 0.302361 0.002787
18245 0.469590 0.101291 0.429120
18189 0.651718 0.123107 0.225175
17876 0.825810 0.024800 0.149390
241 0.018131 0.894547 0.087322
818 0.398688 0.452381 0.148931
180 0.061764 0.362344 0.575892
18252 0.263208 0.011380 0.725412
217 0.050028 0.769893 0.180079
178 0.189068 0.141617 0.669315
815 0.139613 0.696120 0.164268
143 0.141634 0.419438 0.438928
115 0.027495 0.483340 0.489165
113 0.096161 0.296746 0.607094
18185 0.484990 0.077790 0.437220
18442 0.466399 0.349285 0.184315
19037 0.609879 0.053759 0.336362
18258 0.179931 0.417372 0.402697
176 0.383887 0.048332 0.567781
18257 0.516730 0.132303 0.350966
814 0.450227 0.118827 0.430946
18248 0.904273 0.047822 0.047905
345 0.474236 0.411774 0.113990
228 0.104784 0.465714 0.429502
18977 0.040428 0.744680 0.214892
18183 0.650952 0.142711 0.206337
18186 0.088595 0.124396 0.787009
182 0.612075 0.343699 0.044226
18447 0.015338 0.444394 0.540268
345 0.125507 0.086358 0.788135
813 0.069539 0.540212 0.390250
189 0.290948 0.212062 0.496990
18253 0.049562 0.248607 0.701831
18851 0.302820 0.199700 0.497480
19162 0.008200 0.531844 0.459955
511 0.300668 0.125690 0.573642
524 0.598683 0.022020 0.379297
13866 0.431974 0.382926 0.185100
492 0.570720 0.309891 0.119389
506 0.510206 0.101144 0.388650
16382 0.331739 0.227923 0.440338
18888 0.664586 0.281232 0.054182
5184 0.448070 0.332651 0.219280
18656 0.285884 0.249876 0.464239
18648 0.048885 0.408110 0.543006
18948 0.095581 0.493882 0.410538
5397 0.065283 0.446585 0.488133
18066 0.120510 0.486492 0.392998
18064 0.013950 0.632119 0.353931
1509 0.327407 0.637899 0.034694
1239 0.539738 0.419924 0.040339
16697 0.077311 0.379765 0.542924
4797 0.426343 0.478075 0.095582
18125 0.631095 0.014857 0.354048
5369 0.024678 0.315054 0.660268
992 0.022788 0.302156 0.675055
995 0.056814 0.650295 0.292891
19113 0.062982 0.152696 0.784323
19310 0.392308 0.075253 0.532439
17992 0.466442 0.066754 0.466804
16699 0.521339 0.144647 0.334014
16691 0.014218 0.409841 0.575941
1471 0.466039 0.421222 0.112738
1477 0.361239 0.470511 0.168250
1539 0.020083 0.048227 0.931689
4847 0.218044 0.595032 0.186924
19087 0.030897 0.038051 0.931052
991 0.293373 0.631422 0.075206
19333 0.202754 0.262810 0.534436
1233 0.451934 0.536015 0.012051
18134 0.175902 0.313528 0.510570
1020 0.592860 0.260457 0.146683
1238 0.538520 0.384030 0.077450
1236 0.297048 0.584812 0.118141
993 0.060518 0.153534 0.785948
17971 0.801724 0.120132 0.078143
19315 0.064761 0.015784 0.919455
791 0.088777 0.750119 0.161103
19254 0.021596 0.958526 0.019878
18139 0.885807 0.023379 0.090814
795 0.681836 0.196332 0.121833
19319 0.050942 0.634013 0.315046
1261 0.223722 0.675773 0.100505
1261 0.207849 0.023806 0.768345
1499 0.186247 0.609213 0.204540
18131 0.817422 0.137756 0.044823
19317 0.209072 0.310752 0.480176
1228 0.080133 0.511832 0.408035
17974 0.642840 0.049590 0.307570
17984 0.015893 0.613137 0.370970
17975 0.114773 0.350971 0.534257
794 0.389401 0.541593 0.069006
5371 0.001608 0.602698 0.395694
1472 0.036404 0.402894 0.560702
984 0.051913 0.878688 0.069400
984 0.762418 0.202029 0.035553
19254 0.009508 0.239872 0.750620
1023 0.360034 0.534460 0.105506
19241 0.018806 0.564961 0.416233
18140 0.046969 0.404438 0.548593
791 0.797511 0.153459 0.049030
18051 0.108318 0.598765 0.292916
986 0.658419 0.180924 0.160657
1527 0.255218 0.667968 0.076814
1555 0.096435 0.130311 0.773255
980 0.078986 0.412645 0.508369
18982 0.506595 0.111906 0.381499
19314 0.806527 0.034561 0.158912
19252 0.444280 0.018913 0.536808
18142 0.465013 0.370716 0.164271
18129 0.234554 0.547969 0.217477
1151 0.336497 0.295898 0.367606
19227 0.681625 0.153012 0.165363
1519 0.606960 0.277895 0.115145
1561 0.907107 0.082484 0.010410
994 0.057152 0.561183 0.381665
1542 0.285259 0.623582 0.091159
19220 0.054412 0.316420 0.629169
18129 0.144618 0.006138 0.849245
18164 0.730757 0.079946 0.189297
19214 0.052028 0.376476 0.571496
17986 0.120896 0.334075 0.545029
1556 0.159248 0.143904 0.696848
1088 0.112465 0.049361 0.838174
19332 0.213909 0.570339 0.215752
17991 0.019944 0.681021 0.299035
18703 0.248584 0.208064 0.543352
16681 0.149502 0.284915 0.565583
1000 0.640975 0.235177 0.123848
1016 0.214462 0.495158 0.290380
19239 0.100899 0.648810 0.250291
17979 0.044321 0.645975 0.309705
19250 0.074234 0.525012 0.400754
1505 0.172581 0.062777 0.764642
18065 0.176575 0.666708 0.156717
19244 0.234985 0.375332 0.389682
1506 0.589449 0.198125 0.212426
1013 0.565726 0.243850 0.190423
18014 0.716024 0.194975 0.089002
1524 0.061265 0.762236 0.176499
16718 0.256421 0.146320 0.597259
1090 0.545902 0.255245 0.198853
1091 0.271700 0.239464 0.488835
1227 0.146215 0.637064 0.216721
16741 0.108932 0.853504 0.037564
1092 0.189522 0.249731 0.560747
19222 0.201103 0.302021 0.496876
18705 0.720119 0.035353 0.244528
1493 0.026607 0.627373 0.346020
1551 0.216201 0.617707 0.166092
1552 0.333986 0.560773 0.105241
18878 0.075283 0.856817 0.067900
16684 0.738839 0.085374 0.175787
1561 0.025209 0.842570 0.132221
1524 0.503760 0.268773 0.227467
16718 0.171568 0.550433 0.277998
16739 0.345344 0.480638 0.174018
1122 0.340539 0.388116 0.271345
1503 0.138692 0.608676 0.252631
1501 0.583137 0.155427 0.261436
1475 0.161189 0.556695 0.282116
17976 0.597823 0.059086 0.343092
17983 0.917198 0.063824 0.018978
4839 0.939102 0.008412 0.052487
16719 0.215441 0.700329 0.084230
16719 0.308503 0.172203 0.519295
1475 0.656312 0.165333 0.178355
1096 0.081903 0.677087 0.241010
16734 0.219846 0.353920 0.426234
18009 0.405830 0.377607 0.216563
17977 0.270388 0.683935 0.045678
1171 0.409009 0.355848 0.235143
979 0.613968 0.362160 0.023872
18052 0.082783 0.475856 0.441361
19243 0.752451 0.058931 0.188618
1246 0.223856 0.479481 0.296662
18150 0.168568 0.687637 0.143795
988 0.745339 0.009549 0.245112
19246 0.061349 0.341627 0.597024
1516 0.351546 0.604216 0.044238
18044 0.026333 0.105377 0.868290
18132 0.004574 0.958747 0.036679
1240 0.241213 0.706172 0.052615
982 0.264982 0.653011 0.082007
18160 0.091343 0.021794 0.886863
19316 0.033307 0.245141 0.721552
1558 0.558879 0.323772 0.117349
1262 0.273355 0.276770 0.449875
1247 0.314268 0.502419 0.183313
1015 0.322840 0.577548 0.099612
1018 0.362012 0.602778 0.035210
1504 0.159529 0.036806 0.803666
1125 0.631094 0.118602 0.250304
1543 0.011179 0.300709 0.688112
4840 0.018454 0.686018 0.295529
18165 0.034465 0.354325 0.611210
1125 0.291162 0.590378 0.118460
16586 0.071451 0.120697 0.807852
16585 0.942640 0.053517 0.003842
1540 0.033326 0.783319 0.183355
1498 0.179746 0.303070 0.517183
19090 0.777927 0.200411 0.021662
19112 0.743743 0.071702 0.184556
790 0.262141 0.684277 0.053582
19321 0.103486 0.100746 0.795768
17980 0.149600 0.035416 0.814984
18117 0.192463 0.465837 0.341700
1227 0.705899 0.188399 0.105703
1488 0.207008 0.131508 0.661484
1562 0.851515 0.000000 0.148485
18160 0.133189 0.739050 0.127761
792 0.046202 0.156350 0.797448
985 0.701976 0.143807 0.154217
17980 0.118205 0.742974 0.138821
1522 0.536886 0.455023 0.008091
1152 0.230251 0.467729 0.302020
1089 0.030937 0.041903 0.927160
18132 0.847158 0.077333 0.075508
18044 0.885719 0.016367 0.097914
1543 0.928078 0.002509 0.069413
4836 0.355398 0.549371 0.095231
17832 0.399537 0.582454 0.018009
19184 0.233013 0.179279 0.587708
1010 0.033721 0.521176 0.445104
18144 0.726778 0.071414 0.201808
19188 0.229356 0.009862 0.760781
1162 0.012075 0.038328 0.949597
1361 0.800893 0.022764 0.176343
4803 0.062105 0.860794 0.077100
17929 0.072291 0.112514 0.815196
