18057 0.197569 0.682484 0.119948
832 0.235195 0.478943 0.285863
174 0.026703 0.946340 0.026957
176 0.013489 0.519752 0.466758
17973 0.450925 0.112487 0.436588
185 0.060185 0.700911 0.238903
966 0.507358 0.128125 0.364517
17998 0.372250 0.399513 0.228236
835 0.356171 0.481027 0.162802
927 0.101746 0.553622 0.344632
956 0.767493 0.165007 0.067500
958 0.184292 0.062756 0.752951
18026 0.276783 0.157645 0.565572
143 0.407634 0.037802 0.554564
17969 0.694264 0.000545 0.305191
17965 0.454209 0.523196 0.022595
157 0.110734 0.829003 0.060263
153 0.202291 0.311969 0.485740
17959 0.315131 0.261186 0.423683
935 0.280694 0.706022 0.013283
163 0.000000 0.086717 0.913283
18027 0.156246 0.602400 0.241354
924 0.279623 0.495056 0.225321
556 0.131844 0.598002 0.270153
177 0.247834 0.375090 0.377076
178 0.110799 0.071588 0.817613
141 0.126458 0.613798 0.259744
191 0.269701 0.103146 0.627153
17955 0.168912 0.687282 0.143806
776 0.012680 0.258529 0.728790
23726 0.000496 0.970213 0.029291
777 0.956063 0.005254 0.038683
18444 0.082322 0.917264 0.000414
561 0.212318 0.515190 0.272493
780 0.609585 0.292126 0.098289
18445 0.449867 0.157524 0.392609
18442 0.134326 0.197444 0.668230
18460 0.232098 0.151841 0.616061
588 0.142403 0.718468 0.139129
18457 0.878217 0.110015 0.011767
18822 0.237114 0.749391 0.013495
18820 0.268212 0.570575 0.161213
18481 0.686959 0.178818 0.134223
18494 0.482126 0.431392 0.086482
18492 0.695468 0.254824 0.049709
599 0.046994 0.160846 0.792160
18818 0.116113 0.695944 0.187944
18493 0.251878 0.446611 0.301511
18489 0.940565 0.044154 0.015281
18416 0.132973 0.533388 0.333638
809 0.381559 0.115126 0.503314
18412 0.420121 0.295207 0.284672
825 0.551375 0.288196 0.160429
618 0.899263 0.085426 0.015311
18482 0.366845 0.076604 0.556551
18846 0.479546 0.217142 0.303312
18845 0.129366 0.132187 0.738447
18827 0.780499 0.040984 0.178517
18825 0.106090 0.249007 0.644903
590 0.456289 0.484871 0.058840
589 0.403207 0.510996 0.085797
821 0.056489 0.431831 0.511679
23729 0.554351 0.130184 0.315465
18435 0.242181 0.593558 0.164261
18365 0.436540 0.052274 0.511186
689 0.059442 0.094390 0.846168
677 0.113958 0.885771 0.000271
687 0.207759 0.115085 0.677156
6048 0.273083 0.056077 0.670840
18462 0.260871 0.556946 0.182183
565 0.537196 0.238967 0.223837
572 0.856457 0.046886 0.096657
18469 0.469381 0.308038 0.222580
783 0.428451 0.047488 0.524062
18497 0.059895 0.672271 0.267834
18477 0.483498 0.226484 0.290018
3583 0.028770 0.642556 0.328674
682 0.191318 0.105632 0.703050
680 0.351392 0.618290 0.030319
678 0.267520 0.686794 0.045686
684 0.181456 0.418000 0.400544
18638 0.211330 0.500750 0.287921
629 0.183289 0.173256 0.643456
23682 0.816173 0.044375 0.139452
23684 0.050189 0.530513 0.419298
739 0.862798 0.124864 0.012337
18470 0.142825 0.561055 0.296120
18630 0.033064 0.645314 0.321622
18629 0.031927 0.363701 0.604372
18585 0.237809 0.657704 0.104487
3701 0.061347 0.316356 0.622297
699 0.411411 0.180023 0.408566
18586 0.325044 0.254739 0.420217
775 0.337756 0.543905 0.118340
710 0.183569 0.655055 0.161376
18387 0.223022 0.012514 0.764464
3706 0.041315 0.893167 0.065518
770 0.204002 0.711895 0.084103
18606 0.345725 0.161647 0.492628
695 0.840281 0.156613 0.003107
18623 0.086469 0.694314 0.219218
6073 0.147655 0.138962 0.713384
6079 0.705474 0.047273 0.247253
18635 0.124017 0.182164 0.693819
734 0.268004 0.148125 0.583871
18618 0.141415 0.842866 0.015719
724 0.156830 0.220734 0.622436
692 0.100507 0.375035 0.524458
18783 0.622141 0.065466 0.312393
18785 0.606683 0.016589 0.376728
18789 0.263112 0.556236 0.180651
18808 0.056736 0.492337 0.450928
628 0.483905 0.225177 0.290918
580 0.527498 0.069510 0.402992
18819 0.426223 0.567400 0.006377
584 0.556430 0.085496 0.358074
18556 0.802370 0.154988 0.042642
3651 0.054105 0.468726 0.477169
3697 0.055697 0.051508 0.892794
3620 0.823712 0.046288 0.129999
3696 0.499780 0.308297 0.191923
3618 0.435154 0.085366 0.479480
18531 0.391204 0.449572 0.159224
21541 0.213313 0.642968 0.143718
3690 0.375568 0.203955 0.420477
3857 0.305090 0.515726 0.179184
18528 0.166510 0.366868 0.466622
3876 0.255038 0.293450 0.451512
3670 0.037410 0.174692 0.787898
21216 0.383800 0.548928 0.067272
3675 0.742193 0.254637 0.003169
21511 0.217045 0.452029 0.330927
5864 0.247215 0.375371 0.377414
23810 0.155510 0.469337 0.375153
21213 0.815319 0.066058 0.118622
21563 0.073886 0.090659 0.835455
3663 0.701191 0.267068 0.031741
3453 0.125001 0.790225 0.084774
3748 0.200289 0.647179 0.152532
21577 0.571344 0.164793 0.263863
18554 0.228329 0.062730 0.708942
3656 0.079596 0.802009 0.118395
18684 0.088796 0.852291 0.058913
18687 0.072497 0.673100 0.254402
1053 0.277551 0.231517 0.490931
18656 0.073378 0.450783 0.475838
18657 0.387833 0.571580 0.040586
1057 0.399383 0.061025 0.539592
18689 0.110813 0.340654 0.548533
18691 0.215243 0.375078 0.409679
1084 0.143554 0.151171 0.705274
1068 0.111493 0.574782 0.313725
18703 0.396232 0.544432 0.059337
1067 0.435269 0.331619 0.233111
18701 0.549179 0.011277 0.439544
1060 0.003159 0.911482 0.085360
1089 0.213698 0.373522 0.412780
1075 0.257736 0.717462 0.024802
18756 0.023111 0.455618 0.521270
1090 0.498024 0.113957 0.388019
995 0.033165 0.598384 0.368452
1107 0.000000 0.063090 0.936910
996 0.437762 0.193583 0.368654
1105 0.058143 0.571382 0.370475
18677 0.073099 0.527122 0.399779
1103 0.033879 0.065090 0.901030
999 0.475418 0.127414 0.397168
18644 0.576262 0.022390 0.401348
18680 0.038392 0.492008 0.469600
18646 0.063302 0.096006 0.840692
18681 0.509938 0.388938 0.101125
18650 0.578584 0.201913 0.219503
1045 0.657284 0.335828 0.006888
18683 0.025062 0.269240 0.705697
21572 0.574201 0.079050 0.346748
21577 0.304503 0.304732 0.390765
21615 0.124179 0.079730 0.796092
5864 0.325558 0.052912 0.621529
18287 0.023952 0.871368 0.104680
89 0.350673 0.111501 0.537826
18088 0.387880 0.138668 0.473452
18294 0.092702 0.686854 0.220444
18292 0.129862 0.447299 0.422839
1690 0.731056 0.096698 0.172246
19581 0.221452 0.321573 0.456976
19935 0.058376 0.163312 0.778312
19617 0.153972 0.499397 0.346631
1697 0.042531 0.008251 0.949218
314 0.237146 0.412088 0.350766
18152 0.293080 0.280020 0.426900
19586 0.311121 0.371102 0.317776
1775 0.033761 0.532278 0.433961
1836 0.065955 0.235737 0.698308
1912 0.435301 0.542404 0.022295
1705 0.030934 0.242951 0.726115
19589 0.031164 0.442472 0.526365
1913 0.084045 0.183580 0.732375
19524 0.603511 0.208167 0.188322
529 0.423103 0.000000 0.576897
528 0.000000 0.411938 0.588062
18127 0.467861 0.327940 0.204200
458 0.360216 0.532175 0.107608
535 0.000000 0.202484 0.797516
535 0.000000 0.615950 0.384050
465 0.000000 0.585326 0.414674
18132 0.503643 0.115436 0.380921
18208 0.091205 0.274780 0.634015
1885 0.491515 0.439847 0.068638
19577 0.148364 0.395181 0.456455
1882 0.390922 0.502472 0.106606
19490 0.620172 0.099459 0.280368
19488 0.263989 0.659763 0.076248
1878 0.616010 0.037834 0.346155
1900 0.021146 0.358656 0.620198
19691 0.095504 0.859574 0.044922
19713 0.321182 0.603381 0.075437
19481 0.140544 0.567256 0.292200
19538 0.053846 0.229816 0.716339
19742 0.382746 0.401564 0.215690
19532 0.021965 0.875412 0.102623
19746 0.331994 0.060319 0.607687
18037 0.292405 0.627374 0.080220
17964 0.341697 0.000795 0.657509
19737 0.079468 0.134621 0.785911
19741 0.128315 0.472954 0.398731
1850 0.347478 0.420900 0.231621
1846 0.511500 0.288100 0.200400
21537 0.616962 0.265002 0.118036
23810 0.303244 0.429800 0.266956
21539 0.131452 0.621598 0.246951
3589 0.223850 0.224658 0.551493
3878 0.195748 0.367792 0.436460
3856 0.059225 0.370880 0.569896
3823 0.187978 0.656280 0.155742
18568 0.184668 0.690707 0.124626
18521 0.684217 0.305420 0.010363
3693 0.035117 0.767575 0.197307
799 0.009159 0.267159 0.723682
799 0.087649 0.840426 0.071925
18515 0.431497 0.391468 0.177035
3717 0.576367 0.349355 0.074278
3737 0.350718 0.172761 0.476522
18505 0.220658 0.569296 0.210045
18500 0.609989 0.018680 0.371331
803 0.308942 0.073932 0.617126
3731 0.083462 0.213218 0.703321
3727 0.117576 0.800689 0.081734
18569 0.306051 0.324894 0.369055
3698 0.030819 0.966179 0.003002
18373 0.417174 0.139231 0.443595
18371 0.024480 0.412296 0.563225
18367 0.555780 0.178103 0.266117
3707 0.065943 0.636787 0.297270
831 0.027443 0.803876 0.168681
3738 0.075831 0.838325 0.085844
18502 0.628519 0.068057 0.303424
18422 0.071566 0.208457 0.719976
18410 0.779055 0.055795 0.165150
18408 0.373920 0.365475 0.260604
18404 0.066615 0.784611 0.148775
19749 0.403130 0.542237 0.054633
19536 0.101939 0.401405 0.496656
19754 0.238934 0.102714 0.658352
1857 0.127088 0.192723 0.680189
19539 0.013340 0.844690 0.141970
1852 0.778039 0.093143 0.128817
23963 0.021504 0.905277 0.073219
19366 0.041794 0.241516 0.716690
18936 0.241772 0.000000 0.758228
1337 0.272039 0.632341 0.095619
18948 0.289033 0.529474 0.181492
1350 0.519773 0.409724 0.070503
23967 0.343038 0.339552 0.317410
1207 0.480259 0.188599 0.331143
19361 0.200097 0.610005 0.189897
1206 0.010321 0.080592 0.909088
1334 0.100044 0.630265 0.269691
1315 0.212452 0.243050 0.544499
23963 0.705363 0.231851 0.062786
1249 0.052311 0.820217 0.127472
6255 0.249472 0.510287 0.240241
1565 0.418912 0.224321 0.356767
23978 0.025835 0.237655 0.736509
1278 0.265579 0.654134 0.080287
19452 0.451078 0.533827 0.015095
19450 0.109312 0.772319 0.118369
1276 0.556218 0.416076 0.027706
18957 0.096080 0.094707 0.809213
19127 0.008473 0.415068 0.576459
19128 0.566331 0.343734 0.089934
2036 0.388540 0.123295 0.488165
2038 0.530196 0.075289 0.394515
19846 0.728744 0.217123 0.054133
18973 0.130734 0.257657 0.611609
1286 0.200437 0.286715 0.512848
1197 0.037161 0.673087 0.289751
1194 0.330000 0.538768 0.131231
18976 0.401936 0.234833 0.363231
1323 0.446505 0.428629 0.124866
1322 0.594009 0.384678 0.021313
5627 0.072685 0.767546 0.159769
23508 0.108539 0.273734 0.617727
19368 0.099931 0.344935 0.555134
2696 0.056151 0.777531 0.166318
3526 0.286522 0.685690 0.027788
23973 0.529433 0.282862 0.187705
5841 0.152298 0.684501 0.163201
5844 0.349630 0.329490 0.320880
6152 0.576162 0.323350 0.100488
23989 0.514254 0.062280 0.423466
2694 0.274477 0.653705 0.071818
24020 0.372101 0.566306 0.061593
1330 0.141088 0.304723 0.554188
1302 0.104626 0.368472 0.526901
18928 0.740258 0.145498 0.114245
18926 0.025544 0.319738 0.654717
1328 0.013694 0.897124 0.089183
18983 0.115642 0.526015 0.358343
18971 0.160115 0.630750 0.209135
1387 0.026004 0.390456 0.583540
19066 0.864650 0.072612 0.062738
2026 0.081665 0.582361 0.335974
19353 0.609198 0.137709 0.253093
1198 0.459522 0.356820 0.183658
19369 0.278708 0.523896 0.197396
18924 0.017410 0.406527 0.576063
1340 0.419631 0.456287 0.124082
1342 0.073982 0.442932 0.483086
1351 0.110482 0.519343 0.370175
19192 0.417969 0.025798 0.556234
19194 0.408474 0.060158 0.531368
19031 0.430881 0.173570 0.395549
1274 0.452853 0.457990 0.089158
19390 0.259442 0.177843 0.562714
1362 0.112103 0.003337 0.884560
1965 0.599305 0.329811 0.070884
19855 0.407259 0.339586 0.253155
1970 0.441263 0.263392 0.295346
19852 0.639627 0.097676 0.262697
19844 0.010719 0.567495 0.421787
1964 0.055325 0.123562 0.821113
1963 0.023518 0.462135 0.514347
19843 0.194319 0.483043 0.322637
19840 0.020016 0.209543 0.770441
19839 0.095418 0.042435 0.862147
19838 0.023929 0.885319 0.090752
19837 0.019836 0.620877 0.359287
19834 0.118049 0.555426 0.326526
19089 0.450929 0.400122 0.148949
1998 0.014317 0.770022 0.215661
19884 0.835392 0.148315 0.016293
19065 0.013950 0.830162 0.155888
2016 0.556738 0.207064 0.236199
19063 0.391876 0.252262 0.355862
19140 0.197998 0.103764 0.698238
1258 0.062660 0.374062 0.563277
1974 0.211454 0.749890 0.038656
19848 0.094367 0.569523 0.336110
1975 0.142956 0.620249 0.236795
19478 0.237779 0.539104 0.223117
19096 0.361379 0.133977 0.504644
19095 0.589773 0.148472 0.261755
2052 0.567032 0.311581 0.121388
19101 0.008211 0.112407 0.879382
19103 0.387500 0.367838 0.244662
19185 0.120689 0.481890 0.397420
19188 0.348119 0.416350 0.235532
1352 0.543776 0.300715 0.155509
19131 0.136985 0.159943 0.703073
18939 0.718964 0.114293 0.166743
1254 0.040658 0.054192 0.905150
18988 0.317836 0.068357 0.613807
19454 0.435135 0.447596 0.117269
1577 0.327319 0.429212 0.243468
1280 0.222083 0.740070 0.037847
21402 0.358776 0.415130 0.226094
1281 0.415763 0.496908 0.087329
19384 0.019839 0.020640 0.959522
19385 0.628339 0.032837 0.338823
19381 0.506808 0.300893 0.192299
1242 0.276102 0.362674 0.361223
19397 0.780843 0.042549 0.176608
23531 0.592895 0.227066 0.180039
23528 0.164580 0.078311 0.757109
1231 0.095921 0.716628 0.187451
3509 0.814833 0.087285 0.097882
19363 0.157524 0.003887 0.838589
19392 0.565211 0.174674 0.260114
19340 0.886831 0.083818 0.029351
1187 0.254701 0.457997 0.287302
21374 0.245976 0.370663 0.383361
1216 0.013841 0.074482 0.911677
3529 0.288985 0.620742 0.090274
6379 0.724428 0.016340 0.259232
24009 0.742121 0.125643 0.132236
24010 0.310344 0.050297 0.639359
23980 0.704126 0.068407 0.227467
24031 0.434718 0.012849 0.552434
23812 0.096587 0.436437 0.466976
6162 0.425071 0.131571 0.443358
1579 0.348453 0.626703 0.024844
19473 0.213507 0.568131 0.218362
23813 0.096401 0.000968 0.902631
2674 0.124861 0.646538 0.228601
19046 0.571629 0.094137 0.334234
19057 0.464766 0.027264 0.507970
19377 0.320996 0.352705 0.326299
21397 0.156822 0.025611 0.817567
1221 0.108615 0.719873 0.171512
3490 0.888775 0.092402 0.018823
24198 0.398970 0.542735 0.058295
21398 0.349791 0.243524 0.406685
21387 0.301066 0.372797 0.326136
24192 0.168371 0.493486 0.338143
24191 0.249474 0.018651 0.731875
24203 0.113900 0.289114 0.596985
6391 0.338200 0.457895 0.203905
6389 0.053001 0.075129 0.871870
6390 0.162785 0.224949 0.612266
6376 0.037258 0.576870 0.385872
23998 0.400674 0.144029 0.455297
23999 0.082620 0.645158 0.272222
22592 0.070275 0.871385 0.058340
4775 0.231987 0.666210 0.101803
4778 0.017139 0.155864 0.826997
24003 0.459670 0.122081 0.418250
6392 0.808993 0.083522 0.107485
22672 0.401242 0.460941 0.137817
20535 0.158431 0.721956 0.119613
19433 0.539864 0.442324 0.017811
1530 0.211546 0.353153 0.435301
1164 0.054377 0.543405 0.402218
19020 0.749207 0.162149 0.088645
19019 0.430594 0.209553 0.359853
24178 0.007147 0.115479 0.877374
24179 0.131142 0.580565 0.288293
22690 0.006521 0.377320 0.616159
22633 0.007002 0.699839 0.293159
22666 0.508868 0.439801 0.051331
4989 0.145757 0.338235 0.516008
4959 0.022506 0.083302 0.894192
22627 0.097531 0.206873 0.695596
4937 0.248528 0.307927 0.443545
4938 0.553173 0.351555 0.095272
26080 0.168786 0.564837 0.266377
4940 0.538595 0.387639 0.073766
26073 0.369930 0.393326 0.236744
26068 0.324049 0.553904 0.122046
7880 0.423658 0.410464 0.165879
1552 0.233395 0.522845 0.243759
7810 0.006082 0.956355 0.037563
5667 0.123963 0.049555 0.826482
23495 0.636863 0.182042 0.181094
25714 0.300644 0.368468 0.330888
23530 0.269296 0.153385 0.577319
4391 0.383431 0.142877 0.473692
7800 0.495504 0.026625 0.477872
24072 0.379981 0.134258 0.485760
6171 0.185401 0.551836 0.262763
24068 0.050110 0.874900 0.074990
19471 0.075858 0.612534 0.311608
19007 0.577334 0.226997 0.195669
24187 0.073111 0.703440 0.223449
6363 0.597391 0.285947 0.116662
24199 0.610067 0.162777 0.227156
4730 0.151720 0.146080 0.702200
4742 0.556781 0.416833 0.026386
22682 0.161349 0.811565 0.027086
4953 0.714961 0.274685 0.010354
23510 0.198046 0.063447 0.738507
4958 0.414786 0.108016 0.477198
4963 0.764113 0.113193 0.122693
4956 0.214830 0.510184 0.274985
22572 0.230297 0.014391 0.755312
21384 0.451863 0.234275 0.313862
19975 0.288187 0.127122 0.584691
19900 0.267238 0.451859 0.280903
19904 0.475434 0.508082 0.016484
2091 0.107200 0.260065 0.632734
19908 0.152215 0.600814 0.246971
19983 0.049141 0.927640 0.023219
1743 0.206306 0.622434 0.171261
2183 0.108428 0.133796 0.757776
1747 0.098631 0.415377 0.485992
2186 0.317923 0.212595 0.469482
19992 0.785757 0.026334 0.187909
19777 0.136209 0.503505 0.360286
2108 0.927170 0.004321 0.068509
2173 0.341806 0.486537 0.171657
19987 0.239100 0.318919 0.441981
2084 0.581234 0.243583 0.175184
2143 0.459964 0.061927 0.478109
19124 0.090281 0.681002 0.228717
19875 0.017105 0.736660 0.246235
2078 0.057371 0.336374 0.606255
1992 0.242416 0.581301 0.176283
19119 0.626822 0.173699 0.199480
19881 0.061944 0.863909 0.074148
19114 0.315213 0.313825 0.370963
2206 0.551269 0.312730 0.136000
2009 0.729169 0.208904 0.061927
2220 0.170294 0.105954 0.723753
2219 0.081425 0.491593 0.426982
20034 0.132886 0.320701 0.546412
2214 0.309065 0.052071 0.638864
19965 0.760428 0.045549 0.194023
2147 0.007575 0.976828 0.015597
2141 0.566945 0.231097 0.201958
2145 0.728443 0.146629 0.124927
19961 0.649716 0.302396 0.047888
19957 0.503942 0.456675 0.039384
1797 0.292141 0.013942 0.693917
2137 0.329147 0.343987 0.326866
1792 0.024610 0.385912 0.589478
19971 0.747241 0.005685 0.247074
2040 0.080404 0.094379 0.825216
19088 0.632975 0.038192 0.328833
19552 0.012519 0.908680 0.078800
1700 0.179143 0.070203 0.750654
1749 0.229431 0.378358 0.392211
1753 0.315332 0.635252 0.049415
1768 0.217331 0.249155 0.533514
1764 0.430959 0.249239 0.319802
1760 0.581287 0.155740 0.262973
1757 0.561663 0.375326 0.063011
2195 0.050662 0.484179 0.465159
20019 0.156927 0.650925 0.192147
20005 0.664525 0.158349 0.177125
20011 0.084545 0.572295 0.343160
19950 0.182729 0.533129 0.284142
1710 0.038599 0.059459 0.901942
19600 0.049036 0.166975 0.783989
19612 0.182304 0.121544 0.696152
1732 0.496190 0.346944 0.156866
19605 0.078050 0.812786 0.109164
19603 0.146374 0.140404 0.713222
1722 0.471073 0.498852 0.030075
23711 0.382299 0.547980 0.069720
1837 0.296911 0.083432 0.619657
365 0.150763 0.279287 0.569950
19732 0.149464 0.551619 0.298917
389 0.148405 0.362839 0.488756
19670 0.585860 0.241317 0.172823
19685 0.693782 0.024178 0.282040
397 0.097925 0.593314 0.308761
399 0.340670 0.267769 0.391561
19677 0.764064 0.203368 0.032568
408 0.170559 0.300916 0.528525
1861 0.086784 0.676158 0.237058
1841 0.286753 0.619535 0.093712
19697 0.337564 0.075604 0.586832
21208 0.656092 0.303210 0.040698
21204 0.132448 0.262699 0.604854
19689 0.203261 0.079692 0.717046
19728 0.076080 0.798452 0.125469
19661 0.597050 0.096104 0.306846
387 0.562232 0.330934 0.106834
18199 0.193073 0.088634 0.718293
323 0.015298 0.219948 0.764755
325 0.088616 0.102152 0.809231
18210 0.172384 0.728014 0.099602
18209 0.268494 0.366055 0.365451
19672 0.661888 0.311539 0.026573
19643 0.163758 0.715116 0.121126
400 0.690448 0.226596 0.082956
21198 0.074201 0.009317 0.916483
17831 0.889885 0.023967 0.086149
239 0.025037 0.264873 0.710090
14 0.033729 0.930523 0.035748
18241 0.379244 0.324313 0.296442
237 0.477431 0.476614 0.045955
17902 0.522144 0.297628 0.180228
18238 0.315438 0.174006 0.510556
227 1.000000 0.000000 0.000000
18079 0.341271 0.090353 0.568376
208 0.017551 0.410815 0.571634
30 0.617790 0.338805 0.043405
252 0.026120 0.927877 0.046004
17917 0.811592 0.037418 0.150990
254 0.158257 0.651445 0.190298
253 0.061399 0.718715 0.219886
17857 0.033409 0.554935 0.411656
200 0.419467 0.322012 0.258521
18033 0.265788 0.250899 0.483313
17853 0.008567 0.228918 0.762516
57 0.101121 0.057955 0.840925
267 0.504790 0.030382 0.464828
17872 0.259592 0.287549 0.452858
17809 0.535078 0.204933 0.259989
18226 0.234976 0.529741 0.235283
212 0.112570 0.436079 0.451351
71 0.516049 0.434584 0.049367
214 0.480708 0.210901 0.308391
73 0.379556 0.352886 0.267558
17886 0.010328 0.825363 0.164310
223 0.796420 0.149770 0.053810
238 0.207982 0.556210 0.235808
162 0.205104 0.750972 0.043924
166 0.442062 0.148723 0.409215
17841 0.050761 0.399562 0.549677
244 0.388719 0.120557 0.490724
187 0.562047 0.301359 0.136594
189 0.595631 0.083175 0.321194
959 0.266620 0.368497 0.364882
957 0.201663 0.590358 0.207978
17808 0.122199 0.612187 0.265614
17810 0.012760 0.333641 0.653599
146 0.012720 0.950450 0.036830
17816 0.060262 0.525998 0.413740
17829 0.426815 0.052210 0.520975
18858 0.657306 0.152226 0.190468
1029 0.529172 0.097805 0.373023
18812 0.071588 0.861042 0.067370
18849 0.210717 0.553153 0.236130
988 0.776342 0.033623 0.190035
18886 0.390783 0.583392 0.025825
18887 0.585585 0.240653 0.173763
977 0.233724 0.714412 0.051865
647 0.862186 0.004435 0.133379
18880 0.065898 0.493553 0.440549
646 0.915768 0.011150 0.073082
18876 0.222926 0.076588 0.700486
644 0.949760 0.005246 0.044994
986 0.103481 0.138796 0.757723
18870 0.238830 0.634901 0.126268
643 0.059614 0.298801 0.641584
18897 0.867371 0.123772 0.008857
993 0.000000 0.798164 0.201836
1008 0.134747 0.545601 0.319652
18899 0.206400 0.482055 0.311545
18806 0.064556 0.228762 0.706682
18811 0.068209 0.828827 0.102964
18912 0.851875 0.095204 0.052921
18804 0.223930 0.775599 0.000472
18909 0.191736 0.092260 0.716004
638 0.389108 0.242468 0.368424
18905 0.392788 0.021010 0.586202
1037 0.861052 0.025125 0.113823
18800 0.257785 0.462459 0.279756
642 0.294529 0.359076 0.346395
1033 0.733980 0.262134 0.003886
880 0.047082 0.156188 0.796730
879 0.141146 0.675785 0.183068
877 0.241011 0.067012 0.691977
876 0.364335 0.464575 0.171089
18775 0.288019 0.545899 0.166083
873 0.496329 0.281147 0.222523
18759 0.499950 0.051256 0.448793
887 0.383137 0.156126 0.460737
888 0.338049 0.046127 0.615825
890 0.066034 0.209360 0.724606
18711 0.182099 0.209203 0.608698
18733 0.036563 0.859448 0.103989
1073 0.501940 0.480120 0.017940
1056 0.476077 0.462481 0.061441
1052 0.101509 0.823715 0.074776
18655 0.278816 0.037806 0.683378
533 0.000000 0.860328 0.139672
535 0.000000 0.764769 0.235231
853 0.661870 0.176609 0.161521
18637 0.289824 0.455412 0.254765
850 0.705602 0.132079 0.162318
18741 0.039010 0.817464 0.143526
841 0.141628 0.851636 0.006737
18718 0.042216 0.797280 0.160504
18003 0.561938 0.241342 0.196720
943 0.431609 0.038539 0.529852
939 0.429108 0.130281 0.440612
17980 0.418176 0.040733 0.541091
17976 0.467159 0.522673 0.010168
18299 0.347365 0.029933 0.622702
449 0.548516 0.078320 0.373164
451 0.266987 0.322770 0.410243
18220 0.869072 0.074996 0.055932
129 0.830969 0.151133 0.017898
17925 0.440641 0.364629 0.194729
47 0.523923 0.276733 0.199344
43 0.138736 0.859457 0.001807
18266 0.037611 0.072542 0.889847
58 0.655400 0.102634 0.241967
28 0.142759 0.769771 0.087470
18237 0.317431 0.193779 0.488790
21568 0.181434 0.232555 0.586011
7336 0.571596 0.350995 0.077409
25360 0.028764 0.590068 0.381168
25538 0.153981 0.218201 0.627817
25539 0.027724 0.273157 0.699119
25261 0.051726 0.232730 0.715544
22999 0.084000 0.306022 0.609978
5384 0.306049 0.664273 0.029678
22423 0.097095 0.728489 0.174415
5378 0.154622 0.725542 0.119836
5377 0.732293 0.216710 0.050997
25157 0.164886 0.212022 0.623092
7237 0.214223 0.585209 0.200568
7234 0.177879 0.346620 0.475501
25147 0.249331 0.331707 0.418962
7240 0.159431 0.759809 0.080761
25542 0.227336 0.638379 0.134284
25186 0.678667 0.153754 0.167579
25135 0.457433 0.465195 0.077372
5018 0.441679 0.442299 0.116022
22964 0.156432 0.182674 0.660894
2623 0.636189 0.325822 0.037989
5022 0.753589 0.227696 0.018715
5172 0.423066 0.276696 0.300237
5173 0.185049 0.415074 0.399877
23082 0.509824 0.407104 0.083072
23068 0.962149 0.022136 0.015715
23050 0.900260 0.077125 0.022615
23050 0.087370 0.310614 0.602017
23061 0.138663 0.411001 0.450337
19316 0.751473 0.020945 0.227583
7439 0.493406 0.206356 0.300238
25116 0.722242 0.170093 0.107665
5243 0.000000 0.208020 0.791980
1613 0.000000 1.000000 0.000000
5647 0.524213 0.475787 0.000000
4444 0.545600 0.201182 0.253217
8136 0.117825 0.701994 0.180180
23041 0.125193 0.225259 0.649547
23042 0.244057 0.666430 0.089513
23039 0.360257 0.407728 0.232015
23874 1.000000 0.000000 0.000000
23048 0.254701 0.532665 0.212634
5238 0.000000 0.000000 1.000000
1613 0.000000 1.000000 0.000000
22555 0.373290 0.224988 0.401722
4642 0.518734 0.435865 0.045401
5238 0.000000 0.000000 1.000000
22856 0.162650 0.085193 0.752157
8137 0.246748 0.370663 0.382588
22064 0.416558 0.543314 0.040128
25535 0.315393 0.348707 0.335900
25591 0.378184 0.470281 0.151535
4415 0.255181 0.015887 0.728932
7716 0.330133 0.026859 0.643008
7753 0.188931 0.803689 0.007380
25599 0.537309 0.113543 0.349148
22052 0.366277 0.133870 0.499853
7755 0.084294 0.289165 0.626541
25501 0.282254 0.101507 0.616239
7754 0.347555 0.485287 0.167158
25594 0.590457 0.063616 0.345926
7715 0.235045 0.634381 0.130575
7317 0.216582 0.753072 0.030347
7507 0.103378 0.278866 0.617755
25521 0.264761 0.198687 0.536552
7319 0.683587 0.248260 0.068153
4589 0.990289 0.000499 0.009211
22554 0.482928 0.393355 0.123717
25586 0.623014 0.131466 0.245520
22499 0.573150 0.354067 0.072783
7661 0.323516 0.600145 0.076339
7668 0.553578 0.438562 0.007861
25577 0.226338 0.518441 0.255222
7759 0.314311 0.132434 0.553255
8193 0.402526 0.057099 0.540375
23025 0.079031 0.760794 0.160175
7760 0.329904 0.079756 0.590340
25531 0.299968 0.521958 0.178074
7761 0.628679 0.000321 0.371000
23007 0.063130 0.425106 0.511763
5259 0.129081 0.847520 0.023399
5260 0.735770 0.209895 0.054336
23008 0.889269 0.084805 0.025926
23074 0.129776 0.135592 0.734631
19309 0.059970 0.933357 0.006673
25090 0.514248 0.053355 0.432396
25088 0.141182 0.583145 0.275673
7286 0.439257 0.060028 0.500715
7453 0.141999 0.645338 0.212664
25547 0.502828 0.106183 0.390989
1459 0.045098 0.293716 0.661186
7351 0.061614 0.273396 0.664990
7350 0.188398 0.706088 0.105513
23012 0.630093 0.196809 0.173098
25552 0.857389 0.064968 0.077643
25551 0.923740 0.059732 0.016528
5005 0.065587 0.620539 0.313874
7455 0.468043 0.410530 0.121427
4625 0.492203 0.417517 0.090280
4623 0.378821 0.053825 0.567354
5007 0.234548 0.756839 0.008613
22977 0.695245 0.250837 0.053918
5057 0.516923 0.000000 0.483077
1434 0.528170 0.068670 0.403160
1429 0.227759 0.011923 0.760318
23078 0.180034 0.706864 0.113102
22453 0.009288 0.768979 0.221732
25209 0.021258 0.037096 0.941646
25213 0.793294 0.136106 0.070600
23406 0.059313 0.107899 0.832787
8187 0.149907 0.636294 0.213798
7315 0.437535 0.089172 0.473292
8168 0.042945 0.889991 0.067064
23045 0.611683 0.012767 0.375549
8192 0.066092 0.446200 0.487708
24741 0.124830 0.351749 0.523422
25046 0.782713 0.132756 0.084532
7107 0.587822 0.303072 0.109106
25836 0.013200 0.281264 0.705536
23718 0.209212 0.031555 0.759233
24616 0.397645 0.501830 0.100526
25787 0.318277 0.257578 0.424145
6031 0.079339 0.396117 0.524544
24600 0.377521 0.357455 0.265024
25023 0.834426 0.031945 0.133628
24542 0.497538 0.443097 0.059365
25925 0.336050 0.441705 0.222245
24854 0.613773 0.237981 0.148246
7216 0.455283 0.405476 0.139241
4662 0.125026 0.378724 0.496250
24824 0.006415 0.505934 0.487651
7179 0.347179 0.466129 0.186692
24862 0.080268 0.277646 0.642086
7195 0.166182 0.492927 0.340891
7014 0.577478 0.058621 0.363901
7183 0.278624 0.404893 0.316484
24818 0.843265 0.133934 0.022801
7164 0.102750 0.817979 0.079271
22282 0.137844 0.118419 0.743737
24758 0.024702 0.593724 0.381574
6840 0.337278 0.646648 0.016074
6949 0.275946 0.171966 0.552089
6871 0.149628 0.387857 0.462515
8052 0.487543 0.099201 0.413256
26533 0.182995 0.086117 0.730888
8888 0.491187 0.404489 0.104324
23457 0.134102 0.622671 0.243227
24722 0.592726 0.025559 0.381715
25711 0.213706 0.261152 0.525142
6943 0.040812 0.818898 0.140291
24755 0.141957 0.091607 0.766436
22327 0.416794 0.007659 0.575547
24769 0.122018 0.296308 0.581674
24776 0.188811 0.624381 0.186808
8295 0.606040 0.037045 0.356914
25847 0.532833 0.438566 0.028601
8746 0.298662 0.201926 0.499412
6932 0.171754 0.427234 0.401011
6933 0.400987 0.111646 0.487367
7939 0.073310 0.422199 0.504492
25862 0.554454 0.387487 0.058059
22321 0.176361 0.284803 0.538836
7221 0.256596 0.200952 0.542451
24761 0.293337 0.526885 0.179778
6937 0.006647 0.907568 0.085785
6944 0.430507 0.389267 0.180226
25073 0.061541 0.766276 0.172183
7157 0.158821 0.136324 0.704855
25907 0.427637 0.064750 0.507613
8831 0.071873 0.168586 0.759541
5624 0.310624 0.278234 0.411142
8043 0.167468 0.532798 0.299734
25885 0.355713 0.637623 0.006664
4702 0.357829 0.352639 0.289532
22421 0.240234 0.156795 0.602972
24628 0.936449 0.037744 0.025807
6739 0.168843 0.053418 0.777740
24604 0.407581 0.318510 0.273909
24602 0.389508 0.437076 0.173416
6697 0.368723 0.010712 0.620565
24635 0.468326 0.072774 0.458900
24801 0.346772 0.363173 0.290055
24630 0.398573 0.359710 0.241718
7012 0.054590 0.434381 0.511029
7008 0.550908 0.199504 0.249588
24547 0.191363 0.257133 0.551505
24554 0.367269 0.432006 0.200725
24642 0.611853 0.161863 0.226284
24981 0.549480 0.389020 0.061499
6788 0.050949 0.507503 0.441548
24548 0.022331 0.744895 0.232774
7005 0.193790 0.743184 0.063026
24813 0.111394 0.431689 0.456918
7162 0.166937 0.354905 0.478158
24815 0.540629 0.068858 0.390513
24809 0.341026 0.092581 0.566394
7188 0.368281 0.170987 0.460732
25005 0.172682 0.743305 0.084013
6805 0.195367 0.703207 0.101427
6751 0.139420 0.270432 0.590148
24944 0.096003 0.622412 0.281584
24996 0.161581 0.553530 0.284888
4672 0.109189 0.335157 0.555653
26306 0.622670 0.135149 0.242180
7531 0.340767 0.606340 0.052894
7527 0.211443 0.148664 0.639892
26273 0.228640 0.602449 0.168911
26370 0.763154 0.196129 0.040717
8421 0.028565 0.786818 0.184617
26245 0.638203 0.326830 0.034966
25972 0.428869 0.206510 0.364620
25968 0.536782 0.115595 0.347623
7731 0.192413 0.374347 0.433240
4676 0.000000 0.230905 0.769095
8336 0.282217 0.073432 0.644351
25439 0.465560 0.266330 0.268110
8328 0.202473 0.222184 0.575343
6964 0.138291 0.785070 0.076640
23958 0.200854 0.196878 0.602269
6022 0.037577 0.622838 0.339585
19249 0.049446 0.195381 0.755173
6096 0.536446 0.180599 0.282955
22398 0.353123 0.609089 0.037788
22350 0.312393 0.532863 0.154744
23926 0.128072 0.366190 0.505738
24892 0.033470 0.617436 0.349094
6758 0.287370 0.306556 0.406074
8672 0.084053 0.805611 0.110336
8621 0.407304 0.506597 0.086100
26597 0.045096 0.509000 0.445904
4463 0.143581 0.491126 0.365293
8434 0.887718 0.007755 0.104528
8570 0.266756 0.330377 0.402867
26216 0.110413 0.658226 0.231361
8379 0.356992 0.245830 0.397178
5809 0.189579 0.142297 0.668124
23559 0.209856 0.504243 0.285901
8579 0.554851 0.114743 0.330406
22368 0.919414 0.028980 0.051606
22742 0.065909 0.719712 0.214379
23740 0.445759 0.495962 0.058280
26602 0.254629 0.742399 0.002973
25054 0.039247 0.237926 0.722828
25057 0.112330 0.017070 0.870599
24682 0.499029 0.473161 0.027811
24713 0.201969 0.384129 0.413902
25708 0.176650 0.719060 0.104290
23654 0.773884 0.164802 0.061314
23651 0.292422 0.594478 0.113100
25868 0.893801 0.054901 0.051298
8104 0.334525 0.103201 0.562274
8734 0.024194 0.956136 0.019670
26572 0.214494 0.207875 0.577631
26578 0.359649 0.437489 0.202862
26581 0.017889 0.346702 0.635409
26538 0.085497 0.250327 0.664177
23504 0.510331 0.085402 0.404267
23426 0.636279 0.225555 0.138166
8738 0.575543 0.145954 0.278503
8100 0.188525 0.726149 0.085327
22514 0.592255 0.096992 0.310753
4483 0.541278 0.146539 0.312183
4506 0.080019 0.861284 0.058697
26147 0.262651 0.582450 0.154899
24784 0.114679 0.534209 0.351112
25914 0.705684 0.033809 0.260507
25916 0.340858 0.209195 0.449947
8121 0.311964 0.444290 0.243746
26037 0.004171 0.563230 0.432600
8124 0.305052 0.638252 0.056695
8112 0.602597 0.306492 0.090911
8111 0.120300 0.751096 0.128604
25941 0.085919 0.289759 0.624322
8107 0.121939 0.100083 0.777977
1663 0.810065 0.137263 0.052672
25622 0.182606 0.014595 0.802799
25633 0.602906 0.133562 0.263532
5797 0.557739 0.176409 0.265852
25627 0.055550 0.636168 0.308282
7702 0.950664 0.049336 0.000000
25918 0.684701 0.286963 0.028336
25793 0.096186 0.810865 0.092949
25795 0.313819 0.491213 0.194968
25902 0.694297 0.102218 0.203485
8711 0.199811 0.280044 0.520145
8712 0.112300 0.884696 0.003004
8710 0.005288 0.194098 0.800615
8707 0.654462 0.005733 0.339805
25037 0.755006 0.155048 0.089946
25808 0.098501 0.565986 0.335513
7197 0.658060 0.093119 0.248822
7965 0.311746 0.329296 0.358958
26021 0.565584 0.372794 0.061622
23481 0.521903 0.184492 0.293606
26016 0.558309 0.243059 0.198632
8177 0.293793 0.698684 0.007522
7000 0.049521 0.465132 0.485347
8179 0.965258 0.002054 0.032689
24912 0.187975 0.668777 0.143248
8182 0.583739 0.294644 0.121617
7650 0.143988 0.720375 0.135637
23441 0.553384 0.124827 0.321789
25411 0.721189 0.185392 0.093418
6993 0.001564 0.486539 0.511897
19291 0.593972 0.302249 0.103778
25512 0.660159 0.287612 0.052229
25510 0.571121 0.249055 0.179824
22496 0.463554 0.335955 0.200491
22048 0.274752 0.067584 0.657664
4643 0.564143 0.383130 0.052727
5652 0.564935 0.291088 0.143977
5226 0.024601 0.540922 0.434477
23037 0.128566 0.689461 0.181973
5051 0.019076 0.581841 0.399083
5222 0.166262 0.551668 0.282070
5216 0.152942 0.541947 0.305111
22907 0.195231 0.686498 0.118271
23035 0.271281 0.525031 0.203688
23015 0.444952 0.278459 0.276590
21926 0.257440 0.199790 0.542770
5107 0.309786 0.207393 0.482821
23943 0.070368 0.381189 0.548442
21160 0.601451 0.211948 0.186602
21923 0.663067 0.159252 0.177681
1658 0.225287 0.245777 0.528936
21906 0.315783 0.651542 0.032674
22454 0.350617 0.512606 0.136777
23432 0.084072 0.576417 0.339511
1419 0.272639 0.668804 0.058557
23854 0.087409 0.882079 0.030512
7304 0.216349 0.544436 0.239216
1448 0.397160 0.048841 0.553998
25561 0.194433 0.202696 0.602870
7310 0.014083 0.808726 0.177190
7272 0.338467 0.106925 0.554608
25196 0.304718 0.325254 0.370028
7266 0.132551 0.041770 0.825679
7279 0.234471 0.442503 0.323026
25152 0.506647 0.327679 0.165674
7369 0.011288 0.812406 0.176305
7494 0.485200 0.126053 0.388747
7491 0.855706 0.070715 0.073579
25149 0.371222 0.605352 0.023426
25136 0.746969 0.114725 0.138307
7460 0.820708 0.048850 0.130442
7471 0.581656 0.150003 0.268341
7979 0.151122 0.540911 0.307968
8118 0.188118 0.439956 0.371926
26034 0.461511 0.341205 0.197285
5567 0.096535 0.234219 0.669245
5568 0.783168 0.044678 0.172154
25609 0.247290 0.252243 0.500466
7707 0.535849 0.179682 0.284469
25629 0.064615 0.331337 0.604048
7652 0.479524 0.297017 0.223459
7768 0.310663 0.624460 0.064877
7781 0.115709 0.129762 0.754529
23017 0.113970 0.266300 0.619731
5570 0.670704 0.289573 0.039723
4434 0.405877 0.452853 0.141270
7203 0.598450 0.083186 0.318364
5656 0.433921 0.184343 0.381735
25811 0.134815 0.376126 0.489059
25898 0.385911 0.458613 0.155476
25899 0.179547 0.683966 0.136487
7980 0.729582 0.082917 0.187501
22538 0.294445 0.473813 0.231742
26041 0.324271 0.286777 0.388953
5235 1.000000 0.000000 0.000000
22537 0.256103 0.181252 0.562645
22556 0.055005 0.338229 0.606766
4590 0.342452 0.292200 0.365348
23537 0.139216 0.429793 0.430992
5566 0.040215 0.283924 0.675861
7712 0.326316 0.235831 0.437853
7678 0.674397 0.225088 0.100516
25632 0.603700 0.255484 0.140816
7660 0.046695 0.394775 0.558530
7656 0.183535 0.680902 0.135563
7658 0.006911 0.833216 0.159873
25605 0.816734 0.105818 0.077447
7651 0.023745 0.921592 0.054663
25405 0.496004 0.050796 0.453200
7766 0.852328 0.138305 0.009368
7327 0.583895 0.409991 0.006113
25518 0.162541 0.271800 0.565659
25517 0.005038 0.994606 0.000356
8199 0.570766 0.343465 0.085769
8196 0.850703 0.135825 0.013472
8183 0.347279 0.623089 0.029632
8185 0.049889 0.854538 0.095573
23533 0.041542 0.217919 0.740539
23525 0.655555 0.226798 0.117646
5572 0.031336 0.457012 0.511652
23857 0.327706 0.649267 0.023027
26003 0.325611 0.152814 0.521575
5691 0.542597 0.299375 0.158028
25890 0.043565 0.253605 0.702830
25998 0.362001 0.404759 0.233240
25893 0.326501 0.500975 0.172524
26028 0.110429 0.436246 0.453325
25997 0.893262 0.024944 0.081794
8074 0.770506 0.088726 0.140768
23852 0.354294 0.539454 0.106252
8069 0.048923 0.312417 0.638661
22846 0.683307 0.031038 0.285655
8705 0.621885 0.197314 0.180801
8716 0.335795 0.588536 0.075669
25026 0.170118 0.786938 0.042944
25028 0.327597 0.456684 0.215718
7118 0.265693 0.308046 0.426261
7119 0.188642 0.009875 0.801483
24621 0.745669 0.054602 0.199728
7210 0.868033 0.098005 0.033962
24848 0.765945 0.147075 0.086980
24918 0.020106 0.591115 0.388780
24914 0.605385 0.349316 0.045300
6995 0.584643 0.131717 0.283641
24851 0.005209 0.294285 0.700506
25636 0.299485 0.574470 0.126045
5799 0.102601 0.664928 0.232471
4698 0.879273 0.098747 0.021980
8105 0.255980 0.682961 0.061060
7943 0.128912 0.780142 0.090946
25912 0.006888 0.727207 0.265905
25908 0.007043 0.265408 0.727549
5277 0.123899 0.280587 0.595514
5070 0.929089 0.049071 0.021841
22951 0.041995 0.920159 0.037846
21914 0.092906 0.705027 0.202068
2617 0.384859 0.171938 0.443202
4636 0.387138 0.116634 0.496228
4631 0.129828 0.022871 0.847301
25146 0.799014 0.080112 0.120873
25113 0.828935 0.066933 0.104132
25111 0.095459 0.104364 0.800177
25203 0.140283 0.430830 0.428887
7357 0.080668 0.443856 0.475476
25560 0.113586 0.552331 0.334082
22987 0.017826 0.019847 0.962327
8159 0.026877 0.538276 0.434847
5280 0.079132 0.778591 0.142277
5183 0.103180 0.619533 0.277286
5184 0.098788 0.835793 0.065419
5249 0.748212 0.116538 0.135251
5212 0.504163 0.055511 0.440326
19314 0.183042 0.265676 0.551282
22968 0.044914 0.076427 0.878659
5015 0.159551 0.539456 0.300993
22431 0.509944 0.026999 0.463057
22429 0.417763 0.294123 0.288114
7445 0.648787 0.157186 0.194027
7441 0.000000 0.988450 0.011550
25211 0.090116 0.119153 0.790731
25187 0.190474 0.342696 0.466830
25545 0.482347 0.237329 0.280324
7344 0.034359 0.363244 0.602396
25258 0.173677 0.491982 0.334341
25174 0.086859 0.190070 0.723070
7299 0.452481 0.119914 0.427604
21874 0.062476 0.427607 0.509918
5165 0.314233 0.410190 0.275577
1454 0.497668 0.211738 0.290595
21877 0.160264 0.734542 0.105194
21889 0.102876 0.538026 0.359098
2572 0.021078 0.014044 0.964879
2574 0.097082 0.022782 0.880136
21888 0.209233 0.036217 0.754549
21887 0.288105 0.307711 0.404184
7501 0.446898 0.306607 0.246495
7241 0.422668 0.388971 0.188361
2635 0.000000 0.472370 0.527630
19269 0.000000 0.039705 0.960295
5262 0.019398 0.972168 0.008434
22994 0.410266 0.110781 0.478952
1458 0.111105 0.366338 0.522557
7363 0.055059 0.067535 0.877406
7366 0.192474 0.030113 0.777413
7290 0.363885 0.089957 0.546158
25217 0.158033 0.195984 0.645983
7469 0.602206 0.375090 0.022704
7468 0.171019 0.779231 0.049750
22450 0.002605 0.158687 0.838708
4632 0.117885 0.253952 0.628163
5058 0.385057 0.080265 0.534678
22959 0.722337 0.150991 0.126672
1427 0.018243 0.110554 0.871203
25175 0.394649 0.325556 0.279796
7288 0.056324 0.552865 0.390811
5207 0.731142 0.152795 0.116063
23057 0.216950 0.594525 0.188525
19332 0.721491 0.093691 0.184818
5025 0.468699 0.263717 0.267584
22445 0.280378 0.316709 0.402913
22480 0.243893 0.632252 0.123855
23497 0.499082 0.126254 0.374664
23498 0.015869 0.140306 0.843825
23498 0.198283 0.792358 0.009359
7502 0.223971 0.147850 0.628180
7503 0.025159 0.447096 0.527745
7246 0.498755 0.112026 0.389218
24453 0.496781 0.053506 0.449713
6112 0.005865 0.315930 0.678205
2535 0.048257 0.160833 0.790910
4530 0.505755 0.100217 0.394028
26241 0.229765 0.760238 0.009997
26469 0.576484 0.176687 0.246829
8513 0.122242 0.014763 0.862995
8515 0.107419 0.587552 0.305029
26151 0.354847 0.272231 0.372922
23668 0.331630 0.120231 0.548139
6642 0.185450 0.253719 0.560831
23678 0.379829 0.024678 0.595493
6554 0.201982 0.641154 0.156864
8445 0.457354 0.155385 0.387261
8597 0.194170 0.173126 0.632703
26464 0.158753 0.091550 0.749697
8519 0.661355 0.170288 0.168357
24477 0.329791 0.004175 0.666034
6648 0.315310 0.003766 0.680924
26364 0.485527 0.357772 0.156702
26365 0.499965 0.388802 0.111233
26460 0.036142 0.215419 0.748439
23665 0.385206 0.444071 0.170723
7737 0.037415 0.680370 0.282215
7513 0.118350 0.665318 0.216331
8320 0.554404 0.411043 0.034553
18981 0.220210 0.004402 0.775387
1191 0.866457 0.012266 0.121277
19350 0.441413 0.318920 0.239668
21380 0.026378 0.370248 0.603374
1233 0.088204 0.142960 0.768836
19403 0.201240 0.164550 0.634209
5575 0.163865 0.602616 0.233519
24189 0.475212 0.484267 0.040522
4761 0.016127 0.038446 0.945426
4728 0.247340 0.331678 0.420982
4944 0.587422 0.240216 0.172362
26074 0.826392 0.051411 0.122197
26094 0.033588 0.871614 0.094798
19401 0.093816 0.575652 0.330531
1364 0.115354 0.773380 0.111266
19404 0.566630 0.252679 0.180691
19343 0.099004 0.837398 0.063598
465 0.000000 0.509255 0.490745
7814 0.357187 0.087063 0.555750
7787 0.858804 0.124359 0.016837
25742 0.096989 0.719189 0.183822
7838 0.757630 0.222328 0.020042
7892 0.139739 0.042186 0.818076
24336 0.533096 0.208179 0.258726
