30199 0.009211 0.950831 0.039958
30195 0.042738 0.297081 0.660181
30614 0.067977 0.607794 0.324230
30676 0.092461 0.125826 0.781713
30437 0.030401 0.868265 0.101334
7082 0.049751 0.079218 0.871032
7089 0.074082 0.850481 0.075437
7116 0.049023 0.831279 0.119699
7142 0.131545 0.365905 0.502550
31806 0.452257 0.084286 0.463458
7146 0.173660 0.025499 0.800841
30542 0.081709 0.881941 0.036350
30570 0.056291 0.398744 0.544965
30595 0.168247 0.000096 0.831656
7121 0.119109 0.087759 0.793132
7126 0.076079 0.106201 0.817720
7129 0.050015 0.112905 0.837080
7133 0.133643 0.036612 0.829745
30591 0.436140 0.049140 0.514720
30574 0.271771 0.197800 0.530430
7011 0.079643 0.011907 0.908450
30788 0.883714 0.037552 0.078734
30763 0.071914 0.090744 0.837342
30106 0.093988 0.717135 0.188877
30120 0.041463 0.436917 0.521620
30464 0.159744 0.411147 0.429109
30469 0.282967 0.040977 0.676056
30472 0.200059 0.046104 0.753836
30476 0.105214 0.280676 0.614110
30087 0.061002 0.190193 0.748806
6696 0.223967 0.029318 0.746715
7035 0.278285 0.340339 0.381377
30145 0.406451 0.548396 0.045153
6680 0.114982 0.417587 0.467431
30483 0.074760 0.526178 0.399062
6557 0.235399 0.657056 0.107545
6561 0.008566 0.830504 0.160930
30494 0.865076 0.006583 0.128340
34270 0.508405 0.001548 0.490046
31187 0.478268 0.305433 0.216298
31191 0.159205 0.671262 0.169532
33976 0.037397 0.703454 0.259149
33839 0.198857 0.421549 0.379594
33851 0.596616 0.159440 0.243944
6548 0.841089 0.124626 0.034285
6602 0.007356 0.745992 0.246653
30713 0.142226 0.494905 0.362869
6605 0.703738 0.189932 0.106330
488 0.015703 0.084827 0.899470
31519 0.556961 0.287679 0.155360
30747 0.312188 0.602697 0.085115
30773 0.529026 0.330428 0.140546
30782 0.109329 0.788557 0.102114
6598 0.149461 0.367693 0.482846
1160 0.218144 0.626302 0.155554
10659 0.015812 0.474360 0.509828
10663 0.203925 0.139633 0.656443
10654 0.001498 0.246869 0.751634
31283 0.125652 0.761175 0.113173
10443 0.674326 0.290233 0.035441
10446 0.157247 0.514741 0.328012
10563 0.499017 0.356523 0.144460
30304 0.249183 0.109958 0.640859
10547 0.476159 0.254436 0.269404
10436 0.156811 0.028440 0.814749
30274 0.043032 0.581963 0.375004
30180 0.159076 0.343179 0.497745
30664 0.518638 0.158247 0.323116
6577 0.099083 0.794238 0.106679
10424 0.196243 0.791282 0.012474
6501 0.442961 0.486826 0.070213
6497 0.089730 0.650686 0.259584
30685 0.554761 0.080643 0.364596
30659 0.491056 0.117352 0.391592
6530 0.263828 0.434780 0.301392
6468 0.109552 0.511886 0.378562
6597 0.014340 0.003555 0.982106
30771 0.495125 0.136795 0.368080
6483 0.040269 0.337072 0.622658
30768 0.793882 0.144030 0.062088
30755 0.887742 0.024301 0.087957
6467 0.126873 0.705330 0.167797
30642 0.766392 0.152221 0.081388
30646 0.726313 0.138359 0.135328
6459 0.002815 0.820498 0.176687
30699 0.016896 0.571388 0.411716
6489 0.907891 0.091793 0.000317
6514 0.172386 0.015998 0.811615
6518 0.135276 0.403284 0.461440
30630 0.929820 0.063239 0.006942
30633 0.884693 0.000479 0.114829
6746 0.121939 0.013488 0.864574
30246 0.027515 0.876583 0.095901
30243 0.171774 0.139018 0.689208
30247 0.204234 0.679364 0.116402
30254 0.220664 0.390265 0.389071
30251 0.112508 0.062119 0.825374
6716 0.437891 0.439836 0.122272
6720 0.165129 0.595022 0.239849
30206 0.785443 0.038057 0.176500
30190 0.841798 0.036989 0.121213
30173 0.173434 0.099407 0.727159
6760 0.219814 0.685820 0.094367
6764 0.220627 0.462230 0.317143
31172 0.287462 0.269110 0.443428
31271 0.428197 0.188177 0.383626
31294 0.257589 0.217160 0.525251
31166 0.160233 0.715881 0.123887
31296 0.842427 0.004315 0.153258
30280 0.735334 0.162119 0.102546
10640 0.311675 0.027534 0.660791
31196 0.294010 0.359552 0.346437
31171 0.090307 0.026218 0.883475
6775 0.477761 0.291992 0.230248
6711 0.107467 0.282202 0.610330
30220 0.545828 0.047045 0.407126
30224 0.823816 0.130952 0.045233
30361 0.434503 0.297883 0.267614
30124 0.046609 0.770268 0.183123
10712 0.871984 0.034507 0.093509
10556 0.106804 0.248365 0.644832
10540 0.002761 0.421149 0.576090
30421 0.348214 0.234867 0.416919
10524 0.739429 0.118429 0.142142
6642 0.129198 0.851074 0.019728
6638 0.126898 0.733329 0.139773
6643 0.513061 0.402595 0.084344
30397 0.095619 0.251554 0.652827
30402 0.166096 0.234404 0.599500
30878 0.018922 0.538411 0.442667
6658 0.060454 0.847250 0.092296
30146 0.372643 0.119764 0.507593
10651 0.091737 0.731234 0.177029
10467 0.558586 0.014496 0.426918
10449 0.181401 0.160283 0.658316
30325 0.537877 0.166881 0.295241
10429 0.656223 0.194578 0.149199
30375 0.661473 0.196741 0.141786
10479 0.043060 0.841224 0.115717
30369 0.146798 0.649558 0.203645
30348 0.049872 0.938562 0.011567
29327 0.071700 0.925802 0.002498
29311 0.574744 0.314268 0.110988
10847 0.851532 0.135114 0.013354
29294 0.181922 0.038809 0.779269
29278 0.189795 0.016140 0.794065
29283 0.209511 0.245191 0.545298
11425 0.038737 0.428112 0.533151
29181 0.713299 0.115736 0.170965
31084 0.772918 0.130634 0.096449
11203 0.715670 0.150255 0.134074
11208 0.264259 0.627437 0.108304
11195 0.137759 0.737618 0.124623
11191 0.008553 0.942953 0.048494
10262 0.775574 0.012571 0.211856
10418 0.258245 0.302655 0.439100
30347 0.049871 0.097990 0.852139
30282 0.001048 0.816942 0.182009
30286 0.110494 0.444138 0.445368
30299 0.367620 0.116182 0.516199
10399 0.002510 0.641590 0.355900
30873 0.396311 0.235467 0.368223
31324 0.157757 0.032297 0.809946
31262 0.088228 0.725253 0.186518
10722 0.651656 0.177548 0.170796
31261 0.500727 0.084136 0.415137
10729 0.043597 0.575274 0.381129
10690 0.836742 0.152848 0.010410
30272 0.431204 0.221951 0.346845
10321 0.255310 0.383541 0.361148
30318 0.046594 0.150199 0.803207
30793 0.381137 0.187850 0.431013
10673 0.569235 0.068203 0.362562
31416 0.054073 0.272682 0.673244
31284 0.674917 0.074267 0.250817
31310 0.279607 0.050549 0.669845
31314 0.624031 0.210827 0.165142
10702 0.500533 0.497713 0.001754
31327 0.097149 0.831947 0.070904
31307 0.036017 0.065762 0.898221
10148 0.057352 0.895928 0.046720
10617 0.263235 0.607336 0.129429
31233 0.127029 0.741867 0.131104
10149 0.076360 0.168953 0.754687
31213 0.403307 0.021535 0.575158
31462 0.084164 0.438491 0.477346
10176 0.846197 0.114538 0.039266
10065 0.116001 0.343367 0.540632
31352 0.149251 0.722164 0.128585
10110 0.624390 0.231811 0.143799
1483 0.196164 0.065748 0.738088
10600 0.172903 0.721924 0.105173
34335 0.314730 0.173999 0.511272
1471 0.019049 0.347135 0.633816
34233 0.020588 0.865111 0.114300
1440 0.174502 0.693841 0.131657
1500 0.043085 0.825616 0.131299
1735 0.063232 0.756731 0.180037
33849 0.472438 0.244157 0.283405
2633 0.053274 0.148178 0.798548
33718 0.231036 0.170081 0.598883
30828 0.561772 0.202561 0.235666
30934 0.225592 0.080352 0.694056
10229 0.076674 0.896323 0.027003
10356 0.177228 0.018533 0.804240
10352 0.216547 0.281940 0.501513
10358 0.484260 0.253374 0.262366
30960 0.044218 0.046306 0.909476
10306 0.567917 0.362154 0.069930
10304 0.634763 0.180662 0.184575
31482 0.667647 0.065849 0.266504
31504 0.335558 0.124262 0.540180
31436 0.907272 0.062581 0.030147
10134 0.012161 0.876929 0.110910
10143 0.039512 0.080039 0.880450
31228 0.326085 0.047987 0.625928
10596 0.093295 0.527603 0.379102
10592 0.275179 0.087545 0.637276
31181 0.725572 0.100406 0.174022
34241 0.351403 0.626129 0.022468
1582 0.246374 0.418034 0.335592
31174 0.325513 0.025165 0.649322
10631 0.443865 0.341742 0.214393
31161 0.008673 0.114093 0.877235
31235 0.260310 0.705135 0.034554
31206 0.154893 0.282253 0.562854
10628 0.088704 0.824739 0.086557
10629 0.570564 0.088933 0.340503
10608 0.193190 0.255972 0.550838
31214 0.082377 0.760234 0.157389
10625 0.742789 0.155992 0.101219
10203 0.181773 0.447525 0.370702
31199 0.395336 0.305885 0.298779
31203 0.186276 0.680022 0.133702
10152 0.155874 0.788581 0.055545
31445 0.697022 0.271535 0.031442
10116 0.240896 0.197564 0.561539
31448 0.183973 0.213017 0.603010
10118 0.342708 0.615179 0.042113
10131 0.009944 0.840629 0.149427
10202 0.632623 0.044927 0.322449
10185 0.225700 0.172905 0.601395
31427 0.109247 0.172344 0.718409
10187 0.325959 0.598738 0.075303
10201 0.805624 0.187525 0.006851
10169 0.461111 0.430841 0.108048
10164 0.143369 0.552919 0.303712
31496 0.365913 0.137395 0.496692
31500 0.145928 0.649379 0.204694
31358 0.479067 0.459992 0.060941
10031 0.260419 0.062630 0.676951
10036 0.052208 0.026932 0.920859
31475 0.821305 0.059296 0.119398
31479 0.595669 0.361713 0.042618
10095 0.395135 0.479079 0.125785
10099 0.176094 0.669854 0.154053
10103 0.000327 0.544707 0.454966
31351 0.128144 0.047624 0.824233
10037 0.870892 0.021521 0.107587
31401 0.016854 0.702826 0.280321
10073 0.087475 0.008189 0.904336
10071 0.964773 0.006368 0.028860
31407 0.723364 0.106740 0.169896
31411 0.347959 0.214769 0.437272
10158 0.051878 0.013945 0.934177
31398 0.030973 0.061781 0.907246
31378 0.863608 0.111978 0.024414
31151 0.725702 0.253046 0.021252
10325 0.083265 0.678075 0.238660
31389 0.759134 0.039725 0.201141
10328 0.084318 0.197888 0.717794
10331 0.331621 0.500644 0.167736
10364 0.258524 0.326184 0.415292
30916 0.090733 0.411658 0.497610
10040 0.679326 0.109121 0.211552
31483 0.511914 0.031520 0.456566
30903 0.196724 0.528395 0.274881
30898 0.209040 0.681018 0.109943
30902 0.312787 0.585086 0.102127
10361 0.555693 0.070210 0.374096
10340 0.507371 0.339504 0.153125
30956 0.158653 0.171736 0.669611
10246 0.005756 0.463290 0.530953
2597 0.076979 0.768252 0.154769
34014 0.075791 0.086028 0.838181
34010 0.057007 0.082601 0.860393
34006 0.114526 0.176494 0.708980
2601 0.465858 0.268936 0.265206
2677 0.694851 0.009536 0.295614
33973 0.153570 0.015232 0.831197
31834 0.654357 0.010979 0.334664
30799 0.716562 0.131571 0.151867
1574 0.040766 0.423620 0.535614
34213 0.198745 0.385885 0.415370
34345 0.366751 0.562391 0.070859
10510 0.209462 0.516367 0.274171
10505 0.554482 0.310672 0.134846
10265 0.645453 0.264434 0.090113
30806 0.109169 0.187278 0.703554
10285 0.124944 0.000703 0.874352
30837 0.259757 0.446572 0.293670
30863 0.567492 0.108246 0.324262
30867 0.930732 0.067365 0.001903
30868 0.208612 0.609899 0.181489
11210 0.276184 0.412848 0.310967
31092 0.080712 0.179168 0.740120
11133 0.007952 0.929109 0.062939
11117 0.116726 0.791019 0.092255
11393 0.480856 0.411452 0.107692
11376 0.592576 0.218143 0.189280
29109 0.769107 0.216175 0.014719
10514 0.111785 0.065010 0.823206
10513 0.000000 0.829018 0.170982
30846 0.583574 0.263678 0.152748
11220 0.268649 0.285006 0.446345
11225 0.444164 0.353360 0.202476
11418 0.859541 0.054786 0.085674
29184 0.264829 0.224492 0.510678
31141 0.031345 0.293762 0.674893
31071 0.289450 0.146595 0.563955
11267 0.129223 0.255809 0.614968
31080 0.395226 0.452283 0.152492
31150 0.821659 0.107526 0.070814
31134 0.838656 0.081176 0.080168
11239 0.508070 0.284831 0.207099
31144 0.607313 0.085787 0.306900
11250 0.160250 0.584196 0.255554
11188 0.708356 0.177577 0.114067
31109 0.014008 0.038844 0.947148
11132 0.091705 0.077999 0.830296
11113 0.381278 0.165770 0.452952
11112 0.035339 0.770554 0.194106
11108 0.386766 0.560549 0.052684
30999 0.008003 0.094601 0.897395
31126 0.034514 0.892138 0.073348
31123 0.088947 0.070959 0.840095
11185 0.064418 0.343289 0.592293
11184 0.334855 0.466822 0.198323
11180 0.687498 0.257056 0.055446
11170 0.004200 0.031731 0.964068
30976 0.043033 0.825497 0.131471
30995 0.098613 0.045287 0.856100
31044 0.445334 0.359522 0.195145
31050 0.698940 0.251884 0.049176
31054 0.796725 0.098846 0.104428
11162 0.038044 0.835668 0.126289
11279 0.185972 0.665308 0.148720
31025 0.104354 0.769776 0.125870
11398 0.074826 0.639270 0.285904
11407 0.053297 0.332980 0.613723
11391 0.078669 0.510993 0.410338
11370 0.123808 0.602960 0.273232
11374 0.162024 0.523282 0.314694
29129 0.000754 0.654128 0.345118
11316 0.034305 0.926975 0.038720
29095 0.078989 0.861268 0.059743
11439 0.185214 0.051830 0.762955
11443 0.175756 0.209564 0.614680
11447 0.129686 0.228588 0.641726
29108 0.329209 0.043872 0.626919
29162 0.632769 0.137402 0.229829
10888 0.421952 0.235878 0.342170
10862 0.123260 0.671559 0.205181
10858 0.189168 0.721107 0.089724
29158 0.023215 0.768452 0.208333
29145 0.110142 0.814465 0.075392
29141 0.100630 0.888549 0.010821
29142 0.051666 0.087546 0.860787
11369 0.012435 0.261892 0.725672
11429 0.004077 0.345937 0.649986
33458 0.282970 0.368970 0.348059
33470 0.163186 0.156076 0.680738
10000 0.128027 0.326425 0.545547
10009 0.170638 0.168130 0.661232
33404 0.068818 0.701562 0.229620
29846 0.311862 0.639781 0.048357
33386 0.288492 0.548870 0.162638
10021 0.171223 0.125076 0.703701
33393 0.267606 0.506193 0.226201
9951 0.597302 0.327299 0.075398
33450 0.581695 0.080178 0.338128
33426 0.289001 0.233972 0.477027
33418 0.054194 0.179852 0.765954
9977 0.317134 0.249919 0.432947
9973 0.423711 0.438161 0.138128
33373 0.018929 0.632606 0.348465
33338 0.070939 0.747275 0.181786
33452 0.358877 0.293206 0.347916
29052 0.175396 0.287666 0.536937
29029 0.085216 0.183465 0.731319
29033 0.054943 0.051065 0.893993
29037 0.049277 0.909802 0.040921
29040 0.237640 0.046741 0.715619
29044 0.061402 0.525089 0.413508
29026 0.102629 0.365186 0.532184
29025 0.756744 0.144027 0.099229
29019 0.147601 0.849684 0.002714
11323 0.055716 0.013571 0.930714
29072 0.897863 0.060929 0.041208
29076 0.794150 0.169335 0.036516
11329 0.529051 0.015937 0.455013
9674 0.331458 0.003593 0.664949
29012 0.154464 0.658207 0.187329
29085 0.520403 0.185815 0.293782
29089 0.359711 0.410827 0.229462
29069 0.253235 0.383942 0.362823
10853 0.422453 0.079383 0.498164
29303 0.272570 0.587334 0.140096
10839 0.268124 0.028143 0.703733
10771 0.363062 0.201589 0.435349
10775 0.406950 0.269808 0.323242
10779 0.728827 0.039731 0.231442
29270 0.810084 0.144644 0.045272
10743 0.718854 0.151610 0.129537
29214 0.424107 0.543549 0.032344
10752 0.179793 0.159982 0.660225
10755 0.013362 0.269613 0.717025
29219 0.203733 0.044050 0.752217
29186 0.353792 0.502341 0.143867
29190 0.469286 0.375165 0.155549
29203 0.617656 0.165938 0.216407
29198 0.670593 0.072851 0.256556
29202 0.581864 0.169954 0.248182
10827 0.280301 0.054167 0.665532
10795 0.105416 0.137172 0.757411
10790 0.030359 0.138838 0.830803
29255 0.186749 0.005249 0.808002
29266 0.198524 0.339514 0.461963
29250 0.288730 0.228835 0.482435
29229 0.414852 0.053752 0.531396
29233 0.404310 0.052095 0.543595
29238 0.260691 0.132702 0.606606
11042 0.148591 0.053623 0.797786
11046 0.042058 0.047381 0.910562
10807 0.961321 0.028221 0.010459
28872 0.037202 0.022139 0.940659
9857 0.158252 0.139336 0.702412
28760 0.113305 0.203509 0.683186
28764 0.188350 0.065486 0.746164
10874 0.063851 0.178176 0.757973
11033 0.101447 0.157913 0.740640
28776 0.063947 0.801390 0.134663
11028 0.143584 0.028568 0.827849
28669 0.032983 0.094480 0.872538
10938 0.931316 0.000319 0.068365
28873 0.949269 0.025356 0.025375
11032 0.040751 0.054556 0.904693
28763 0.122264 0.853737 0.023999
28767 0.159592 0.786800 0.053608
28771 0.157779 0.824069 0.018152
28734 0.120419 0.812049 0.067532
10930 0.191386 0.087383 0.721232
10925 0.138956 0.120432 0.740612
28673 0.107217 0.069066 0.823717
10964 0.078865 0.716072 0.205063
10990 0.834315 0.109702 0.055983
10994 0.958579 0.032143 0.009278
11089 0.853399 0.129849 0.016752
11064 0.072202 0.305369 0.622429
11059 0.183192 0.042758 0.774050
28814 0.259693 0.063526 0.676781
28819 0.026820 0.464725 0.508455
28679 0.921892 0.057024 0.021084
9247 0.031783 0.077454 0.890763
28746 0.093389 0.586154 0.320457
28749 0.067048 0.623321 0.309631
11091 0.009503 0.753077 0.237421
28752 0.856885 0.010691 0.132425
10025 0.082272 0.024609 0.893119
28713 0.108993 0.673741 0.217266
28728 0.131833 0.096714 0.771453
28725 0.766485 0.047156 0.186359
28817 0.779445 0.043680 0.176875
30017 0.272817 0.000572 0.726611
28785 0.038604 0.926121 0.035275
28789 0.080630 0.867296 0.052075
28793 0.088653 0.819380 0.091967
28797 0.084731 0.848554 0.066715
11003 0.150905 0.691334 0.157761
10987 0.303385 0.162435 0.534180
10966 0.255064 0.263614 0.481322
28719 0.180919 0.013183 0.805899
28677 0.064287 0.053478 0.882235
28707 0.089553 0.397660 0.512787
28703 0.095858 0.590388 0.313754
9068 0.062042 0.674628 0.263330
9064 0.024392 0.684640 0.290968
10026 0.052002 0.787765 0.160233
28884 0.042808 0.296707 0.660484
28888 0.051514 0.505919 0.442566
29363 0.052444 0.010349 0.937207
28943 0.303843 0.525425 0.170732
28947 0.222213 0.521754 0.256033
28951 0.155921 0.787777 0.056302
9055 0.096283 0.021203 0.882514
29842 0.129676 0.758838 0.111486
9059 0.069999 0.201262 0.728739
9086 0.158255 0.050404 0.791341
28922 0.145015 0.787335 0.067651
28926 0.038331 0.792708 0.168960
9300 0.076061 0.690424 0.233516
9031 0.702524 0.058632 0.238845
9035 0.795123 0.119009 0.085869
9011 0.103187 0.052646 0.844167
28879 0.228753 0.115494 0.655753
9307 0.075805 0.734480 0.189715
28835 0.476117 0.442554 0.081329
28830 0.653673 0.292883 0.053444
9023 0.788716 0.114957 0.096326
28899 0.033698 0.268533 0.697769
29750 0.020569 0.669404 0.310026
28854 0.324132 0.662543 0.013325
28867 0.508552 0.448527 0.042921
8963 0.678114 0.071462 0.250424
8967 0.514048 0.369957 0.115995
29758 0.077911 0.331715 0.590374
8984 0.138648 0.081226 0.780126
8987 0.342594 0.116350 0.541056
8991 0.470089 0.174830 0.355081
8973 0.317216 0.517083 0.165701
29752 0.091979 0.168421 0.739599
9120 0.151926 0.667429 0.180645
9040 0.061107 0.455190 0.483703
8976 0.206509 0.495645 0.297846
8980 0.160117 0.707113 0.132770
29887 0.135013 0.039040 0.825947
9102 0.060648 0.133800 0.805551
28960 0.082310 0.236671 0.681020
9095 0.090273 0.389009 0.520718
9090 0.076186 0.663195 0.260619
9094 0.082539 0.675382 0.242079
9251 0.020964 0.856269 0.122768
9238 0.063419 0.769389 0.167193
29883 0.021048 0.129436 0.849516
9158 0.090023 0.873379 0.036598
29858 0.005936 0.220008 0.774056
9222 0.347929 0.643556 0.008515
9241 0.261042 0.699145 0.039813
29835 0.000991 0.849825 0.149185
26168 0.007141 0.034825 0.958034
29891 0.056495 0.104396 0.839109
9234 0.036918 0.754233 0.208849
29849 0.763852 0.136368 0.099781
29873 0.094561 0.085370 0.820069
29754 0.062872 0.072005 0.865122
29818 0.433779 0.039915 0.526306
29855 0.104893 0.700824 0.194283
9290 0.971815 0.022599 0.005586
29882 0.037339 0.147106 0.815555
26227 0.046709 0.095381 0.857910
9145 0.091617 0.833439 0.074944
29751 0.712539 0.187598 0.099862
9219 0.111240 0.818435 0.070325
9277 0.210424 0.737197 0.052379
29894 0.064695 0.929392 0.005913
29761 0.080550 0.829121 0.090329
9198 0.867421 0.011564 0.121014
9176 0.011300 0.977684 0.011016
29963 0.981264 0.004327 0.014409
8887 0.975044 0.009679 0.015276
29949 0.007671 0.017250 0.975079
29945 0.054196 0.035625 0.910180
8793 0.974682 0.013707 0.011612
29789 0.030036 0.962247 0.007716
29805 0.036348 0.028958 0.934694
29768 0.003662 0.049890 0.946448
8787 0.935571 0.042162 0.022267
29384 0.035863 0.048449 0.915688
8743 0.046762 0.875958 0.077281
30003 0.006715 0.956430 0.036854
8752 0.024908 0.897422 0.077670
8727 0.004818 0.883651 0.111531
8735 0.002930 0.956514 0.040556
29740 0.930087 0.005668 0.064245
9183 0.984213 0.009327 0.006459
30069 0.068333 0.007807 0.923859
30062 0.816670 0.016031 0.167299
8731 0.019396 0.874045 0.106558
8720 0.007441 0.876299 0.116260
29782 0.878816 0.000604 0.120581
8697 0.667144 0.315633 0.017223
9178 0.801727 0.169793 0.028480
9211 0.806699 0.191929 0.001372
30007 0.000583 0.261849 0.737568
29999 0.047849 0.933827 0.018324
30016 0.046389 0.022555 0.931056
30021 0.201831 0.023016 0.775153
29798 0.043613 0.036156 0.920231
29772 0.014319 0.106519 0.879162
29776 0.013542 0.072081 0.914377
8617 0.010856 0.981277 0.007867
30047 0.047609 0.911351 0.041040
30051 0.234695 0.056238 0.709067
28709 0.580679 0.271217 0.148103
10020 0.569928 0.012533 0.417538
28931 0.116394 0.639092 0.244515
29929 0.094411 0.240517 0.665072
10007 0.184707 0.639510 0.175783
10936 0.297294 0.402490 0.300216
11073 0.123273 0.007341 0.869386
9942 0.378934 0.373816 0.247250
9795 0.005199 0.010060 0.984741
29654 0.075882 0.918026 0.006092
29658 0.070032 0.731990 0.197978
29662 0.865194 0.023788 0.111018
8615 0.035760 0.684324 0.279916
29624 0.029552 0.757162 0.213286
33375 0.885344 0.057353 0.057303
8884 0.000332 0.995592 0.004076
8863 0.031607 0.876411 0.091982
29483 0.040867 0.774949 0.184184
29568 0.169508 0.188327 0.642165
29552 0.211173 0.266405 0.522422
9794 0.006056 0.984102 0.009842
8888 0.003823 0.951096 0.045081
29422 0.003586 0.965686 0.030728
8639 0.663526 0.190804 0.145670
8660 0.189100 0.617494 0.193406
8653 0.158757 0.261891 0.579352
29978 0.278530 0.162636 0.558834
8648 0.165324 0.748291 0.086384
8643 0.611860 0.329042 0.059098
29516 0.028403 0.097688 0.873909
8637 0.804747 0.176866 0.018387
29906 0.690844 0.275259 0.033897
29919 0.071356 0.758937 0.169708
8668 0.278488 0.584860 0.136653
29504 0.949296 0.049924 0.000780
9309 0.910976 0.052031 0.036993
29940 0.012742 0.638745 0.348513
8608 0.296081 0.674145 0.029774
8659 0.215632 0.745979 0.038389
8640 0.120598 0.056435 0.822968
8644 0.018149 0.810285 0.171566
29418 0.249446 0.078789 0.671766
9786 0.198726 0.742252 0.059022
29448 0.218735 0.092471 0.688794
8835 0.015486 0.246409 0.738106
29910 0.041841 0.106949 0.851209
29905 0.153776 0.077494 0.768730
8817 0.924435 0.046464 0.029101
8843 0.933746 0.006681 0.059573
29528 0.166371 0.632958 0.200671
29474 0.084508 0.761071 0.154421
8934 0.592794 0.230116 0.177091
8945 0.113378 0.815697 0.070925
8943 0.058849 0.070243 0.870908
29497 0.347357 0.198985 0.453658
8941 0.270310 0.278772 0.450918
29524 0.302701 0.382769 0.314530
29507 0.037099 0.947171 0.015730
29510 0.172811 0.716493 0.110696
29514 0.103918 0.129188 0.766895
29513 0.876576 0.020474 0.102950
29451 0.486729 0.463669 0.049602
8794 0.847425 0.050220 0.102355
8926 0.403165 0.295884 0.300951
29538 0.028874 0.464150 0.506976
29406 0.060637 0.873973 0.065391
29430 0.932041 0.039877 0.028082
8849 0.028466 0.943365 0.028169
8819 0.066232 0.790567 0.143200
8821 0.822622 0.161063 0.016315
29715 0.069409 0.708474 0.222116
9810 0.617102 0.263462 0.119436
9806 0.570458 0.317100 0.112442
9811 0.432043 0.511468 0.056489
29648 0.440697 0.067092 0.492211
9836 0.320378 0.541106 0.138515
9798 0.080746 0.876931 0.042324
9766 0.272863 0.653092 0.074045
29633 0.886746 0.032889 0.080365
10765 0.247944 0.737023 0.015033
9769 0.070945 0.907750 0.021305
9773 0.137325 0.153693 0.708983
9801 0.038419 0.906106 0.055475
10757 0.063261 0.821054 0.115686
9819 0.075052 0.856273 0.068675
29679 0.030297 0.027442 0.942262
9697 0.834989 0.062496 0.102515
29690 0.779504 0.125714 0.094782
9704 0.002735 0.841570 0.155696
29628 0.121835 0.126550 0.751615
10793 0.683068 0.208570 0.108363
11047 0.259566 0.720626 0.019809
9678 0.275527 0.222614 0.501859
9684 0.227777 0.303628 0.468595
9710 0.113083 0.822018 0.064899
9735 0.215875 0.675148 0.108977
33477 0.064658 0.127752 0.807589
9097 0.031863 0.360196 0.607941
33376 0.508588 0.066303 0.425109
33375 0.121531 0.114933 0.763536
33378 0.653133 0.271398 0.075469
9910 0.490431 0.133913 0.375655
9907 0.515201 0.080110 0.404689
33314 0.320696 0.300516 0.378788
33391 0.344411 0.439957 0.215632
9886 0.192334 0.574842 0.232823
33439 0.391119 0.495674 0.113208
33308 0.519187 0.226187 0.254626
9927 0.232728 0.462235 0.305038
33320 0.262267 0.354983 0.382750
33346 0.256690 0.344533 0.398777
33373 0.594783 0.237926 0.167290
33339 0.477226 0.223267 0.299507
9742 0.129107 0.620774 0.250120
9753 0.413509 0.091279 0.495212
29611 0.268624 0.660670 0.070706
9715 0.453524 0.032837 0.513639
9720 0.379726 0.417755 0.202519
9731 0.728422 0.116740 0.154839
9726 0.708649 0.154369 0.136982
9729 0.469786 0.362875 0.167338
9917 0.679055 0.236766 0.084180
33455 0.464149 0.006785 0.529066
33445 0.183314 0.700488 0.116198
9990 0.110186 0.554083 0.335731
33467 0.049631 0.375127 0.575243
9923 0.108700 0.714525 0.176775
9861 0.394422 0.506143 0.099435
9875 0.080552 0.387542 0.531906
9870 0.698446 0.040180 0.261374
33377 0.948360 0.015176 0.036464
33381 0.045624 0.279374 0.675001
33385 0.107431 0.639002 0.253567
33306 0.457616 0.503906 0.038478
9890 0.152475 0.424350 0.423175
9913 0.071611 0.235333 0.693057
33434 0.176248 0.749653 0.074099
9436 0.186218 0.770002 0.043781
33613 0.092478 0.010349 0.897172
34134 0.822321 0.105489 0.072190
1994 0.000553 0.747755 0.251692
34171 0.503808 0.197347 0.298845
2075 0.312935 0.458579 0.228486
34188 0.064776 0.278719 0.656505
34181 0.289725 0.094941 0.615334
34025 0.136965 0.018225 0.844809
34177 0.246686 0.114482 0.638832
2139 0.008629 0.077540 0.913831
2135 0.004611 0.017627 0.977762
34126 0.053730 0.058602 0.887667
34109 0.218895 0.192388 0.588717
33170 0.562757 0.414473 0.022770
34028 0.801827 0.137963 0.060210
34089 0.128478 0.616239 0.255283
33502 0.007101 0.137889 0.855010
9648 0.044561 0.831612 0.123827
9665 0.142969 0.765351 0.091680
9595 0.208664 0.732696 0.058640
33071 0.007565 0.033658 0.958777
9548 0.976666 0.011815 0.011519
9330 0.870096 0.113999 0.015905
9538 0.050739 0.001194 0.948068
33020 0.932211 0.008561 0.059228
33024 0.019233 0.069888 0.910879
9544 0.935021 0.036880 0.028100
33521 0.662366 0.179514 0.158121
33571 0.893668 0.083777 0.022554
9484 0.106630 0.755814 0.137556
33569 0.560094 0.243714 0.196192
9321 0.355845 0.577774 0.066381
9468 0.245512 0.671061 0.083426
9447 0.116240 0.853794 0.029966
9342 0.116779 0.865507 0.017714
9317 0.404651 0.369343 0.226006
9472 0.151001 0.700678 0.148321
9455 0.238091 0.626984 0.134926
9333 0.403674 0.446215 0.150111
32111 0.992504 0.006739 0.000757
33639 0.007359 0.031144 0.961497
33582 0.023037 0.052163 0.924800
9399 0.009080 0.944247 0.046673
33505 0.841931 0.101392 0.056677
33587 0.963585 0.017945 0.018471
2426 0.958412 0.036764 0.004824
33640 0.937112 0.020034 0.042854
9337 0.151586 0.766569 0.081845
9451 0.012278 0.949324 0.038397
9660 0.059582 0.863981 0.076437
9664 0.016594 0.910514 0.072892
9663 0.933329 0.009712 0.056959
34358 0.169685 0.035662 0.794653
2010 0.574951 0.070730 0.354319
33602 0.057684 0.780045 0.162270
33609 0.317314 0.177400 0.505286
33591 0.120666 0.709097 0.170237
1874 0.941548 0.005685 0.052766
34132 0.000843 0.949533 0.049624
34194 0.160115 0.812132 0.027753
9378 0.124129 0.796174 0.079698
9382 0.139043 0.759286 0.101671
9386 0.104426 0.862844 0.032730
34332 0.641805 0.062258 0.295938
33281 0.109610 0.149109 0.741281
33523 0.603915 0.205443 0.190642
33611 0.083288 0.199557 0.717155
1906 0.911217 0.067630 0.021153
32995 0.064655 0.078154 0.857191
33123 0.076784 0.047910 0.875306
1531 0.946103 0.032167 0.021730
33140 0.934856 0.031689 0.033455
1957 0.140470 0.850516 0.009014
33220 0.083752 0.014354 0.901894
1902 0.126910 0.830883 0.042207
9600 0.015660 0.243509 0.740831
9616 0.052874 0.368859 0.578267
33070 0.125417 0.843317 0.031266
33063 0.146627 0.112694 0.740679
33064 0.029427 0.927816 0.042757
9579 0.257230 0.668181 0.074589
9370 0.075638 0.082046 0.842317
33546 0.620062 0.049301 0.330637
33527 0.670358 0.007404 0.322238
33531 0.187767 0.504141 0.308092
9604 0.409658 0.560773 0.029569
9608 0.191101 0.570612 0.238286
1895 0.271817 0.657069 0.071114
9609 0.076634 0.016288 0.907079
9369 0.071553 0.907537 0.020910
32994 0.012564 0.017191 0.970245
1953 0.001634 0.922377 0.075990
1816 0.144711 0.815425 0.039863
33219 0.711283 0.044320 0.244397
1966 0.033575 0.674192 0.292233
33249 0.190851 0.040050 0.769099
1893 0.050492 0.155569 0.793939
33530 0.048257 0.020683 0.931059
5728 0.011582 0.927961 0.060457
9549 0.019722 0.917069 0.063209
33072 0.974786 0.023683 0.001531
32971 0.159391 0.824369 0.016240
33109 0.964460 0.005471 0.030069
33099 0.074959 0.677247 0.247794
9523 0.075612 0.666872 0.257517
9524 0.762733 0.052431 0.184836
33096 0.173023 0.097968 0.729010
9519 0.431585 0.181093 0.387322
32967 0.307351 0.397692 0.294957
9558 0.037087 0.071541 0.891371
32963 0.375246 0.529355 0.095400
9561 0.862839 0.122834 0.014327
32957 0.444757 0.365871 0.189372
9569 0.689360 0.183116 0.127524
32987 0.979102 0.014968 0.005930
9500 0.286171 0.372543 0.341286
32984 0.187160 0.515009 0.297831
32990 0.008461 0.039050 0.952489
1914 0.062246 0.924604 0.013150
33001 0.025031 0.961284 0.013685
1910 0.056683 0.825261 0.118055
1884 0.009692 0.949563 0.040745
1881 0.049506 0.874459 0.076035
1535 0.049217 0.930916 0.019868
1539 0.016691 0.897098 0.086210
1566 0.046027 0.793006 0.160966
34306 0.728265 0.006146 0.265590
1596 0.014275 0.749295 0.236430
33292 0.020965 0.840548 0.138488
33296 0.030505 0.946769 0.022727
34305 0.722414 0.037003 0.240583
33297 0.063985 0.154741 0.781273
33265 0.147371 0.038545 0.814083
33269 0.019066 0.872775 0.108159
1604 0.001008 0.996672 0.002320
33348 0.008965 0.044830 0.946205
1600 0.073694 0.925569 0.000736
33273 0.048182 0.073505 0.878313
1821 0.047615 0.069943 0.882442
1792 0.022249 0.086462 0.891289
1796 0.219832 0.722985 0.057183
33164 0.015812 0.820196 0.163991
1803 0.077511 0.920421 0.002068
33365 0.050694 0.118082 0.831224
1837 0.035210 0.836683 0.128107
33131 0.045165 0.031051 0.923784
33135 0.110433 0.005870 0.883697
33139 0.162254 0.041260 0.796486
1977 0.487321 0.497593 0.015086
34059 0.141890 0.695907 0.162203
2117 0.530976 0.416649 0.052375
34193 0.327496 0.632253 0.040251
2057 0.171827 0.448216 0.379957
34157 0.664365 0.317219 0.018416
34319 0.283876 0.701877 0.014248
34033 0.415484 0.162021 0.422495
2044 0.908938 0.066709 0.024353
34034 0.912017 0.028283 0.059700
34083 0.044711 0.833833 0.121456
2142 0.018300 0.147307 0.834393
34075 0.045678 0.007876 0.946446
2134 0.022450 0.933084 0.044466
34118 0.896734 0.046371 0.056895
34080 0.721963 0.056596 0.221440
34091 0.627853 0.191126 0.181021
2131 0.056262 0.279727 0.664010
2090 0.034559 0.739897 0.225545
2094 0.004354 0.846458 0.149188
33183 0.950226 0.042946 0.006828
33188 0.024266 0.046886 0.928849
33604 0.947312 0.005760 0.046928
2064 0.178280 0.716814 0.104905
2077 0.517869 0.236910 0.245221
2072 0.744266 0.104069 0.151666
34021 0.025832 0.005776 0.968391
34045 0.080583 0.431228 0.488189
34170 0.147233 0.751515 0.101252
34041 0.155714 0.027507 0.816780
34104 0.065275 0.885870 0.048855
34094 0.821075 0.083998 0.094927
2020 0.839940 0.106028 0.054032
2024 0.809306 0.175454 0.015241
34310 0.146129 0.200458 0.653413
34314 0.321031 0.158428 0.520541
34318 0.306539 0.580963 0.112498
34074 0.011231 0.809105 0.179663
1556 0.076008 0.766045 0.157947
34077 0.696225 0.036195 0.267580
33103 0.111833 0.051763 0.836404
33256 0.902591 0.034160 0.063249
1540 0.030822 0.923306 0.045872
33293 0.010317 0.001712 0.987971
1605 0.035955 0.185558 0.778487
1601 0.119166 0.121460 0.759374
33270 0.826223 0.094471 0.079306
1812 0.045500 0.830973 0.123526
1791 0.079205 0.771987 0.148809
33153 0.895421 0.001475 0.103105
1537 0.014566 0.001387 0.984046
34340 0.727960 0.069774 0.202266
34209 0.039462 0.279378 0.681161
34226 0.096748 0.456140 0.447112
1453 0.976813 0.015742 0.007445
1509 0.621616 0.232565 0.145819
1437 0.513737 0.400260 0.086004
34235 0.016801 0.877468 0.105732
1505 0.357394 0.304629 0.337977
1475 0.255427 0.530338 0.214235
6569 0.121106 0.024088 0.854806
31178 0.009128 0.020977 0.969895
34370 0.011246 0.849751 0.139003
10569 0.105764 0.805451 0.088785
1579 0.392828 0.522905 0.084267
1461 0.505581 0.239011 0.255407
1433 0.355455 0.101113 0.543432
1449 0.121881 0.172061 0.706057
1491 0.238606 0.582942 0.178451
33837 0.445916 0.043406 0.510678
33776 0.635407 0.154199 0.210394
1610 0.045757 0.246944 0.707299
34248 0.660555 0.181171 0.158274
34255 0.347868 0.138595 0.513537
1728 0.193476 0.270490 0.536034
33781 0.223428 0.179213 0.597359
1710 0.397719 0.368959 0.233322
33769 0.137435 0.724933 0.137632
33789 0.224391 0.397061 0.378548
33773 0.142481 0.621455 0.236064
33808 0.202854 0.224330 0.572816
1632 0.151036 0.722029 0.126935
33704 0.165424 0.051310 0.783266
1676 0.335078 0.423889 0.241034
1750 0.205721 0.783917 0.010362
1768 0.053813 0.066872 0.879315
33805 0.112712 0.821039 0.066250
33801 0.293791 0.605868 0.100341
33815 0.027878 0.561109 0.411013
1775 0.389487 0.497565 0.112948
1760 0.034646 0.925988 0.039366
32072 0.057300 0.890855 0.051845
1745 0.058733 0.831855 0.109412
1771 0.670758 0.255652 0.073591
1631 0.874478 0.060866 0.064657
1779 0.220021 0.702674 0.077305
1783 0.067515 0.076567 0.855918
32160 0.022235 0.884731 0.093034
1746 0.487246 0.454550 0.058205
33748 0.020050 0.591129 0.388821
33749 0.178998 0.200061 0.620940
33698 0.593215 0.137028 0.269757
1627 0.120606 0.425795 0.453599
1619 0.253149 0.189041 0.557810
33690 0.258834 0.194421 0.546744
33726 0.032831 0.230519 0.736650
1683 0.139861 0.475294 0.384844
33674 0.259072 0.113916 0.627011
1691 0.059170 0.759365 0.181465
33666 0.223188 0.074358 0.702455
33733 0.135599 0.298078 0.566323
33737 0.181458 0.289735 0.528807
33840 0.277697 0.174721 0.547582
1788 0.444850 0.541167 0.013983
2804 0.050252 0.819490 0.130259
2570 0.818868 0.134012 0.047120
33964 0.681385 0.157729 0.160885
2569 0.066819 0.512742 0.420439
33968 0.326111 0.037033 0.636856
2572 0.353932 0.562146 0.083922
2613 0.077638 0.225910 0.696452
2588 0.286007 0.340020 0.373973
2640 0.727599 0.232585 0.039817
33908 0.166764 0.086708 0.746528
2666 0.044707 0.726843 0.228450
33911 0.780611 0.202274 0.017114
33939 0.633119 0.285448 0.081433
33981 0.082989 0.187116 0.729895
33985 0.184151 0.317891 0.497958
2542 0.180842 0.425704 0.393454
2546 0.178583 0.789736 0.031681
2545 0.167936 0.013073 0.818990
33862 0.115869 0.795380 0.088752
33869 0.043182 0.012967 0.943851
2556 0.134343 0.185055 0.680602
33900 0.214978 0.702344 0.082677
33975 0.522549 0.352708 0.124744
33885 0.712752 0.206475 0.080773
2568 0.690986 0.048748 0.260266
31978 0.671238 0.272119 0.056644
33942 0.400108 0.447056 0.152837
31971 0.011035 0.586937 0.402029
2642 0.444035 0.108536 0.447429
2646 0.698257 0.191039 0.110704
2516 0.581973 0.306802 0.111224
33741 0.073468 0.422291 0.504242
33712 0.325133 0.162291 0.512576
33876 0.013271 0.210011 0.776718
2518 0.756598 0.027165 0.216238
2523 0.781520 0.028013 0.190467
2573 0.066283 0.188078 0.745639
2845 0.913822 0.027525 0.058653
2858 0.532956 0.291753 0.175292
2840 0.187646 0.533879 0.278475
32028 0.039665 0.017387 0.942947
2838 0.721663 0.263019 0.015318
2831 0.890276 0.068937 0.040787
2345 0.024354 0.819015 0.156631
2565 0.261018 0.105396 0.633586
33893 0.453032 0.327919 0.219049
2842 0.227221 0.744185 0.028594
2816 0.520103 0.247523 0.232375
2789 0.507949 0.123823 0.368228
2785 0.220224 0.508441 0.271335
31990 0.220380 0.364923 0.414697
2776 0.555064 0.035642 0.409295
32226 0.609234 0.130597 0.260169
2710 0.376692 0.269252 0.354056
469 0.216446 0.403989 0.379565
32006 0.037646 0.850350 0.112005
32034 0.049113 0.856585 0.094302
31914 0.050044 0.504325 0.445632
31888 0.038565 0.240473 0.720962
31884 0.086993 0.037956 0.875051
31889 0.439158 0.055380 0.505461
31876 0.577110 0.172310 0.250580
31872 0.490971 0.363141 0.145888
2702 0.524932 0.180506 0.294562
1634 0.515270 0.140339 0.344391
2695 0.662458 0.279188 0.058354
2690 0.298300 0.655694 0.046006
31895 0.100459 0.863027 0.036514
31957 0.090513 0.422645 0.486841
32021 0.188466 0.303335 0.508199
32017 0.591442 0.292975 0.115583
2715 0.335810 0.154194 0.509996
31924 0.057005 0.355320 0.587675
31919 0.002690 0.127138 0.870172
2325 0.959900 0.035628 0.004472
31936 0.227277 0.047083 0.725639
31952 0.349274 0.222492 0.428234
31948 0.271661 0.264430 0.463909
2733 0.365786 0.492080 0.142134
31660 0.823552 0.069194 0.107253
2362 0.037027 0.916199 0.046774
2366 0.020905 0.962935 0.016160
2329 0.868167 0.087824 0.044009
31542 0.144148 0.179147 0.676704
31546 0.121636 0.249940 0.628423
2343 0.262564 0.680563 0.056873
2252 0.091826 0.573311 0.334863
2248 0.040925 0.264482 0.694593
2244 0.189746 0.027885 0.782369
32166 0.239481 0.305587 0.454933
32162 0.348230 0.240054 0.411716
32048 0.856534 0.125549 0.017917
2274 0.641118 0.262683 0.096198
2284 0.067225 0.243884 0.688891
2303 0.021939 0.149813 0.828248
2321 0.178317 0.609627 0.212056
32153 0.257047 0.304309 0.438644
32149 0.502852 0.226903 0.270245
2307 0.052629 0.243790 0.703582
2306 0.613578 0.192073 0.194349
2149 0.727708 0.165619 0.106673
2160 0.036563 0.745730 0.217707
32080 0.032120 0.205845 0.762035
2234 0.121668 0.308487 0.569845
32204 0.513217 0.323194 0.163589
32221 0.059597 0.173136 0.767267
2293 0.352385 0.103251 0.544364
2226 0.183573 0.039987 0.776440
32057 0.606568 0.307852 0.085579
2216 0.233043 0.375764 0.391193
2190 0.014186 0.636692 0.349122
32124 0.084808 0.091352 0.823840
32128 0.280354 0.031495 0.688151
32114 0.302428 0.098068 0.599504
32067 0.100753 0.096420 0.802827
2232 0.130726 0.757706 0.111568
2212 0.115780 0.705123 0.179097
2195 0.864499 0.094811 0.040690
2204 0.063095 0.928498 0.008407
2445 0.086915 0.070554 0.842531
32096 0.534855 0.112003 0.353141
2457 0.026091 0.039111 0.934798
31624 0.920723 0.066720 0.012557
2418 0.894392 0.071089 0.034520
2466 0.021635 0.932209 0.046156
31611 0.129069 0.015833 0.855098
31606 0.905821 0.085466 0.008713
2484 0.022976 0.237925 0.739098
31638 0.017371 0.162119 0.820510
31640 0.830081 0.060375 0.109545
31545 0.030512 0.092316 0.877172
31541 0.222073 0.133035 0.644892
2367 0.004813 0.202015 0.793172
2363 0.039653 0.030584 0.929763
31667 0.075771 0.029444 0.894785
31668 0.043142 0.882332 0.074526
2477 0.134157 0.752850 0.112993
2415 0.129348 0.791258 0.079394
2356 0.913091 0.042261 0.044647
2483 0.043886 0.759450 0.196664
31688 0.807724 0.081374 0.110903
31671 0.807430 0.111883 0.080687
2153 0.054315 0.655996 0.289690
2395 0.057601 0.827580 0.114819
30716 0.280310 0.330286 0.389404
31567 0.379404 0.283170 0.337427
31575 0.914275 0.065007 0.020717
480 0.085948 0.393329 0.520723
31574 0.062004 0.026095 0.911901
31558 0.280949 0.566240 0.152811
472 0.410294 0.079043 0.510662
24830 0.793028 0.068632 0.138340
24831 0.022463 0.727818 0.249719
24835 0.074349 0.276918 0.648732
31810 0.369657 0.402314 0.228029
471 0.006105 0.927491 0.066404
31565 0.394457 0.492645 0.112898
32465 0.000000 0.868952 0.131048
24588 0.732533 0.000000 0.267467
32487 0.000000 0.678134 0.321866
32460 0.088943 0.719803 0.191254
35594 0.200731 0.671996 0.127273
31747 0.012340 0.062739 0.924921
32466 0.073745 0.853636 0.072618
24389 0.650371 0.007849 0.341781
31818 0.625314 0.273426 0.101260
492 0.126801 0.761927 0.111273
518 0.287581 0.199160 0.513259
32553 0.115822 0.698141 0.186037
365 0.427851 0.556453 0.015697
2822 0.749729 0.244113 0.006158
32029 0.142131 0.398288 0.459581
2859 0.396182 0.166996 0.436821
31975 0.389172 0.268019 0.342809
430 0.513479 0.326485 0.160036
435 0.030313 0.683197 0.286490
439 0.016645 0.740551 0.242804
509 0.727677 0.101933 0.170390
445 0.493096 0.069237 0.437667
31798 0.146065 0.702401 0.151534
31825 0.098394 0.632810 0.268796
494 0.360794 0.617750 0.021456
498 0.192018 0.724770 0.083212
511 0.098578 0.775822 0.125601
506 0.082824 0.352246 0.564930
31830 0.224426 0.606660 0.168914
31835 0.025842 0.310727 0.663431
392 0.698640 0.127981 0.173379
396 0.535951 0.184771 0.279278
389 0.281204 0.481990 0.236806
31717 0.009681 0.939482 0.050837
364 0.040635 0.710387 0.248979
31734 0.795191 0.080266 0.124542
31760 0.435151 0.087648 0.477202
407 0.424526 0.499650 0.075825
31769 0.665676 0.322324 0.012000
31773 0.323180 0.276568 0.400251
31757 0.307372 0.419592 0.273035
669 0.549116 0.114652 0.336232
24423 0.797718 0.028565 0.173716
655 0.017984 0.795196 0.186821
685 0.066317 0.878162 0.055522
32756 0.053629 0.834764 0.111607
32752 0.184199 0.243568 0.572233
32749 0.370975 0.343422 0.285603
672 0.214638 0.634598 0.150764
693 0.431561 0.068981 0.499459
32693 0.413847 0.437999 0.148154
32689 0.220339 0.355474 0.424187
32694 0.544488 0.060535 0.394976
32678 0.126128 0.025921 0.847951
695 0.275402 0.625556 0.099041
668 0.015567 0.947617 0.036816
32715 0.424993 0.443020 0.131986
614 0.140672 0.026377 0.832951
32740 0.412890 0.091955 0.495155
32739 0.082232 0.351738 0.566030
91 0.127418 0.550853 0.321729
32881 0.612370 0.000000 0.387630
32736 0.289594 0.264398 0.446007
601 0.158068 0.155299 0.686633
95 0.000000 0.118831 0.881169
667 0.040035 0.165664 0.794300
32228 0.057035 0.750107 0.192858
645 0.911988 0.088012 0.000000
12 0.783792 0.069772 0.146436
32806 0.439568 0.112188 0.448244
2 0.001336 0.959378 0.039286
3 0.763177 0.077534 0.159289
32788 0.829580 0.147161 0.023259
39 0.534284 0.159519 0.306197
35 0.842878 0.107796 0.049326
29 0.153877 0.079736 0.766388
