6922 0.579959 0.294705 0.125336
6917 0.398294 0.317018 0.284688
20424 0.764929 0.103526 0.131545
6927 0.570398 0.199912 0.229690
3474 0.733348 0.266652 0.000000
7086 0.003870 0.946742 0.049388
23598 0.147958 0.601864 0.250178
23725 0.232688 0.105427 0.661886
20420 0.073009 0.901854 0.025136
23280 0.189485 0.601006 0.209510
23598 0.523408 0.222142 0.254450
11563 0.200886 0.121009 0.678104
3440 0.682964 0.287150 0.029886
20439 0.650839 0.223651 0.125510
12297 0.285990 0.053617 0.660393
3439 0.585200 0.290460 0.124340
20299 0.092926 0.586436 0.320638
3439 0.231938 0.356273 0.411789
23588 0.068098 0.119150 0.812752
6698 0.341325 0.483365 0.175310
20297 0.848468 0.064964 0.086569
20277 0.146416 0.064411 0.789174
20577 0.305687 0.020324 0.673989
3443 0.205220 0.020703 0.774077
23280 0.226454 0.476994 0.296552
23598 0.765682 0.169227 0.065091
3443 0.316228 0.050398 0.633374
7016 0.306253 0.115842 0.577905
20277 0.249660 0.009716 0.740624
6696 0.759155 0.139339 0.101505
6698 0.658372 0.093869 0.247759
3439 0.326933 0.192029 0.481038
6714 0.445131 0.432071 0.122798
6696 0.926581 0.022204 0.051215
12410 0.836523 0.163477 0.000000
22240 0.124670 0.756412 0.118918
6698 0.583054 0.274836 0.142111
3439 0.404164 0.078212 0.517624
24086 0.603393 0.074075 0.322531
12370 0.596661 0.110709 0.292630
24065 0.820560 0.048333 0.131107
24065 0.424830 0.267271 0.307899
10362 0.320470 0.333818 0.345712
24088 0.487856 0.153127 0.359017
12383 0.661681 0.078716 0.259603
12299 0.493381 0.284864 0.221755
24075 0.597771 0.042515 0.359714
10364 0.496080 0.005722 0.498198
10050 0.225773 0.048136 0.726091
10064 0.165464 0.388194 0.446342
10363 0.379981 0.012414 0.607605
10081 0.430998 0.484697 0.084305
12372 0.138798 0.694783 0.166419
12372 0.267997 0.003728 0.728275
23812 0.283149 0.210325 0.506526
23812 0.350198 0.331779 0.318022
12373 0.174447 0.735761 0.089792
12299 0.683184 0.185487 0.131329
11551 0.292561 0.573595 0.133844
23293 0.498836 0.476524 0.024640
24138 0.269762 0.052291 0.677947
11551 0.897940 0.069596 0.032464
11552 0.431939 0.515394 0.052667
12419 0.040129 0.907485 0.052386
11560 0.056940 0.038843 0.904217
12421 0.408575 0.566846 0.024579
10080 0.552751 0.447249 0.000000
23851 0.068666 0.151972 0.779362
23276 0.076304 0.398153 0.525543
11556 0.656506 0.157141 0.186353
10086 0.091595 0.838032 0.070373
10338 0.049147 0.901736 0.049117
11623 0.214405 0.556113 0.229482
11622 0.279767 0.649649 0.070584
11623 0.478802 0.392573 0.128625
23276 0.179344 0.641377 0.179278
11623 0.687758 0.271297 0.040945
23263 0.037214 0.223436 0.739351
11622 0.573583 0.408602 0.017815
11621 0.219754 0.641432 0.138813
23584 0.605777 0.114462 0.279760
12294 0.158976 0.278560 0.562463
12418 1.000000 0.000000 0.000000
24128 0.368938 0.075677 0.555385
10375 0.100850 0.363930 0.535220
10375 0.294622 0.505614 0.199764
12435 0.849144 0.097188 0.053669
12436 0.962061 0.015059 0.022880
23856 0.181708 0.347971 0.470321
10085 0.359786 0.427092 0.213122
23296 0.163038 0.373312 0.463649
24127 0.181744 0.013870 0.804385
23686 0.196634 0.127563 0.675803
23261 0.270267 0.375499 0.354234
23261 0.233770 0.708534 0.057696
24130 0.054562 0.700050 0.245389
12457 0.622030 0.040453 0.337517
23730 0.186545 0.433353 0.380102
12433 0.621495 0.106023 0.272481
23687 0.615880 0.293124 0.090995
23260 0.319234 0.429313 0.251453
24131 0.120981 0.575460 0.303558
24149 0.343148 0.514147 0.142705
10360 0.294545 0.277361 0.428094
24137 0.750485 0.062379 0.187136
10337 0.306392 0.175237 0.518371
12294 0.897657 0.000000 0.102343
24162 0.206307 0.470426 0.323267
12401 0.045612 0.891854 0.062535
12400 0.422070 0.318762 0.259168
24093 0.016997 0.801157 0.181846
10000 0.494025 0.389110 0.116865
12399 0.346400 0.513087 0.140513
10000 0.815551 0.177620 0.006829
21605 0.023094 0.105505 0.871401
21621 0.201588 0.519586 0.278826
23809 0.800096 0.028544 0.171360
23846 0.620033 0.138675 0.241293
4116 0.047447 0.889361 0.063193
6432 0.649503 0.214382 0.136115
6437 0.318882 0.539721 0.141397
4199 0.492529 0.026850 0.480620
21528 0.236347 0.154156 0.609497
24684 0.161490 0.350874 0.487637
4117 0.075536 0.624864 0.299599
6435 0.401873 0.596173 0.001954
4127 0.099176 0.786539 0.114285
24843 0.801494 0.064574 0.133932
24840 0.296361 0.320635 0.383003
24841 0.784885 0.042549 0.172565
6447 0.084853 0.256518 0.658629
21572 0.663533 0.152270 0.184197
24685 0.147894 0.138483 0.713623
9996 0.324884 0.247649 0.427467
21614 0.372509 0.524466 0.103025
24718 0.339585 0.300742 0.359674
4174 0.117624 0.747068 0.135308
4173 0.302937 0.125131 0.571931
4156 0.250336 0.359962 0.389703
21600 0.273423 0.219743 0.506834
4203 0.130981 0.798085 0.070934
6434 0.689548 0.011470 0.298981
22254 0.383375 0.068815 0.547810
24686 0.080514 0.868242 0.051244
9995 1.000000 0.000000 0.000000
21611 0.030331 0.571989 0.397680
23680 0.540152 0.171146 0.288702
12397 0.310205 0.380655 0.309140
23676 0.548484 0.109286 0.342230
21618 0.312803 0.305384 0.381813
23678 0.437224 0.512113 0.050663
23714 0.071106 0.858837 0.070057
10318 0.786999 0.111481 0.101520
21520 0.312862 0.122666 0.564472
10390 0.009467 0.685828 0.304704
10383 0.698912 0.156405 0.144683
4267 0.254005 0.311359 0.434636
10298 0.273068 0.286428 0.440504
10377 0.096479 0.533441 0.370079
10384 0.294921 0.564423 0.140656
10349 0.400707 0.502175 0.097118
10354 0.022829 0.958733 0.018438
10359 0.029788 0.023141 0.947071
10357 0.084296 0.808664 0.107039
3196 0.044156 0.612095 0.343749
23731 0.227361 0.131301 0.641338
23775 0.818706 0.067146 0.114148
21606 0.603297 0.223770 0.172933
12463 0.376165 0.407253 0.216582
12464 0.845435 0.099166 0.055399
23671 0.216773 0.076770 0.706457
11613 0.033876 0.625794 0.340330
23255 0.147563 0.124105 0.728332
12289 0.283324 0.471421 0.245255
24154 0.331611 0.449673 0.218716
21449 0.210605 0.729079 0.060316
24152 0.150446 0.396808 0.452746
11619 0.099389 0.779849 0.120762
11617 1.000000 0.000000 0.000000
11616 0.364062 0.461964 0.173974
4138 0.699328 0.075088 0.225584
21587 0.346094 0.454348 0.199558
21531 0.673762 0.268889 0.057349
12291 0.441905 0.482437 0.075658
23850 0.415847 0.140693 0.443461
10078 0.485389 0.412689 0.101922
10001 0.834279 0.042018 0.123703
23583 0.092163 0.892749 0.015088
23665 0.621629 0.279549 0.098822
24150 0.396282 0.296474 0.307244
23259 0.342529 0.568733 0.088738
24125 0.165728 0.704600 0.129672
12432 0.202722 0.445226 0.352052
12431 0.097935 0.494764 0.407300
24122 0.226931 0.684021 0.089048
4263 0.413750 0.227107 0.359142
12429 0.599303 0.311376 0.089321
10333 0.024565 0.365411 0.610024
4140 0.073412 0.007254 0.919335
10346 0.038244 0.512835 0.448921
10336 0.329193 0.356159 0.314648
22271 0.179158 0.335927 0.484915
11544 0.174135 0.600688 0.225176
4120 0.063625 0.462602 0.473773
4111 0.267397 0.664014 0.068589
23815 0.745232 0.093049 0.161719
21451 0.345442 0.060553 0.594006
22272 0.428456 0.443666 0.127878
24071 0.099301 0.187071 0.713628
21582 0.017801 0.108754 0.873445
21448 0.102627 0.102341 0.795031
12380 0.203834 0.605007 0.191159
11541 0.232793 0.161274 0.605932
12375 0.208572 0.106277 0.685151
11546 0.082006 0.133488 0.784506
10361 0.028434 0.109565 0.862001
11542 0.019806 0.165382 0.814812
11540 0.201490 0.446933 0.351577
24074 0.068212 0.074862 0.856926
10047 0.295037 0.540483 0.164481
23402 0.090428 0.844405 0.065167
10047 0.211537 0.532597 0.255866
11583 0.183672 0.184315 0.632013
12380 0.235453 0.684834 0.079713
10361 0.169406 0.044264 0.786329
19389 0.064323 0.868785 0.066892
12374 0.064068 0.928261 0.007672
23290 0.299543 0.123800 0.576658
24067 0.161965 0.104960 0.733074
23291 0.452763 0.160413 0.386824
22333 0.441888 0.038691 0.519420
3461 0.061765 0.411611 0.526625
6399 0.061942 0.386948 0.551110
4187 0.004966 0.781001 0.214033
4188 1.000000 0.000000 0.000000
24852 0.403174 0.345797 0.251029
6410 0.000000 0.489957 0.510043
6937 0.369629 0.329999 0.300373
6407 0.060129 0.793735 0.146136
6415 0.850755 0.149245 0.000000
6392 0.000000 0.498120 0.501880
6413 1.000000 0.000000 0.000000
22285 0.408560 0.433518 0.157922
3201 0.120959 0.458744 0.420297
3191 0.590770 0.183376 0.225854
3186 0.512499 0.147560 0.339942
21453 1.000000 0.000000 0.000000
21452 0.028685 0.000000 0.971315
24872 0.349256 0.402055 0.248690
6395 0.000000 0.984107 0.015893
24789 0.000000 0.276027 0.723973
6409 0.000000 0.846488 0.153512
20468 0.926061 0.068291 0.005648
6977 0.159719 0.764971 0.075310
24802 0.424980 0.345260 0.229760
6969 0.178102 0.202531 0.619367
6964 0.827437 0.063051 0.109512
6906 0.796861 0.082176 0.120964
20500 0.029097 0.059513 0.911390
20494 0.850473 0.078702 0.070826
20497 0.227707 0.417064 0.355229
4191 0.442057 0.483852 0.074091
20499 0.262970 0.427988 0.309042
20478 0.199710 0.639380 0.160910
20460 0.146047 0.732674 0.121279
20466 0.829211 0.075752 0.095037
6967 0.289624 0.536181 0.174195
20474 0.184681 0.098112 0.717207
21576 0.631802 0.138685 0.229513
20469 0.332866 0.215675 0.451459
20294 0.355698 0.444446 0.199856
20578 0.374856 0.070041 0.555102
20576 0.057931 0.082119 0.859950
20507 0.084581 0.202087 0.713332
24102 0.206905 0.784241 0.008854
6911 0.539655 0.221188 0.239157
24103 0.152417 0.104291 0.743292
3508 0.786866 0.037507 0.175627
7047 0.298294 0.050475 0.651231
12367 0.223372 0.706455 0.070173
6991 0.479336 0.011107 0.509557
12366 0.118421 0.413578 0.468001
3480 0.214760 0.210695 0.574545
22280 0.596444 0.329108 0.074449
20437 0.165000 0.532350 0.302650
6996 0.364854 0.468497 0.166649
3424 0.158761 0.035561 0.805679
12402 0.126387 0.016879 0.856735
3482 0.227807 0.423659 0.348534
3374 0.118272 0.366294 0.515433
6998 0.332141 0.615078 0.052782
22321 0.303426 0.582513 0.114061
20596 0.079029 0.404815 0.516156
24105 0.657897 0.235548 0.106555
7036 0.498426 0.020980 0.480594
12412 0.802859 0.178936 0.018204
20530 0.039811 0.853190 0.106999
23560 0.125582 0.209601 0.664817
23597 0.785051 0.061139 0.153810
23597 0.029047 0.126250 0.844703
22240 0.374267 0.011449 0.614284
23281 0.219853 0.717307 0.062840
11576 0.001407 0.976650 0.021943
23724 0.125410 0.244004 0.630586
12268 0.630827 0.198010 0.171163
22265 0.213832 0.742220 0.043948
22270 0.220900 0.643638 0.135463
3513 0.178923 0.218205 0.602872
12304 0.401208 0.188620 0.410173
22335 0.277463 0.618296 0.104241
3514 0.077963 0.176368 0.745669
22264 0.003600 0.684900 0.311499
22334 0.079533 0.593380 0.327087
3393 0.162454 0.207167 0.630379
3390 0.065603 0.904919 0.029478
21274 0.432381 0.412675 0.154944
23589 0.018750 0.576061 0.405189
3389 0.535729 0.393625 0.070646
23353 0.126770 0.528936 0.344294
22267 0.511008 0.458448 0.030544
11581 0.102330 0.241445 0.656225
3425 0.042188 0.502269 0.455543
23591 0.028698 0.622215 0.349087
23423 0.155354 0.499213 0.345432
23425 0.340850 0.247766 0.411384
23572 0.731118 0.182138 0.086744
23634 0.859127 0.014795 0.126079
22968 0.325075 0.489033 0.185891
7052 0.891131 0.000000 0.108869
20259 0.120807 0.541279 0.337915
7029 0.195089 0.519591 0.285320
6689 0.368174 0.000626 0.631200
6692 0.193152 0.020889 0.785958
3379 0.422843 0.532176 0.044980
3382 0.165876 0.646407 0.187717
3351 0.621714 0.299472 0.078814
23568 0.595731 0.023849 0.380419
12344 0.146844 0.438158 0.414998
22982 0.236170 0.417635 0.346195
20524 0.016863 0.683592 0.299545
20274 0.192757 0.013545 0.793698
20523 0.181702 0.465621 0.352676
22351 0.173882 0.475324 0.350794
22352 0.584138 0.230817 0.185045
6756 0.455696 0.182789 0.361516
7061 0.005943 0.105497 0.888560
12273 0.344106 0.561726 0.094168
6460 0.143934 0.213761 0.642305
10054 0.424900 0.177744 0.397356
3403 0.784004 0.182755 0.033242
12277 0.727826 0.091473 0.180702
12341 0.416779 0.285626 0.297594
23607 0.078995 0.799680 0.121326
12344 0.495634 0.292784 0.211582
12559 0.118505 0.337958 0.543537
12280 0.343004 0.103228 0.553768
12282 0.201778 0.630244 0.167978
22968 0.406950 0.368439 0.224611
3339 0.613043 0.190921 0.196036
7054 0.268103 0.678448 0.053449
6764 0.034805 0.899504 0.065691
3333 0.653326 0.240718 0.105957
20561 0.078465 0.360955 0.560580
7072 0.287788 0.610650 0.101562
10053 0.238401 0.432493 0.329106
22094 0.143813 0.339671 0.516517
12448 0.131980 0.005660 0.862360
22371 0.314644 0.265227 0.420129
22339 0.714018 0.008257 0.277726
3344 0.522886 0.477114 0.000000
23575 0.376788 0.548982 0.074230
12283 0.224610 0.273211 0.502179
22949 0.091435 0.882933 0.025632
12346 0.220075 0.220037 0.559887
23764 0.012648 0.303704 0.683648
9993 0.532262 0.372007 0.095731
10061 0.034936 0.163074 0.801990
10051 0.290277 0.234518 0.475204
23824 0.057637 0.259893 0.682470
23817 0.147371 0.452375 0.400255
8057 0.207966 0.412973 0.379061
22097 0.476325 0.482163 0.041512
10119 0.316273 0.330631 0.353096
10120 0.447359 0.418234 0.134407
23610 0.515288 0.231863 0.252849
10155 0.403185 0.028208 0.568608
9132 0.850481 0.019972 0.129547
17301 0.241138 0.231902 0.526960
5982 0.080303 0.821846 0.097851
17281 0.403581 0.147808 0.448611
3842 0.018838 0.763680 0.217482
19924 0.016993 0.150928 0.832079
22044 0.069874 0.601596 0.328530
9449 0.606149 0.370563 0.023288
11501 0.510347 0.163172 0.326481
17282 0.252113 0.631897 0.115990
3052 0.521464 0.074857 0.403679
19680 0.098508 0.414620 0.486872
16335 0.178944 0.798053 0.023002
3124 0.536399 0.092962 0.370639
9076 0.589787 0.035482 0.374731
9076 0.357927 0.003143 0.638930
23653 0.519225 0.248766 0.232009
8628 0.013742 0.409890 0.576368
23406 0.425564 0.219319 0.355117
23514 0.556080 0.228915 0.215004
12323 0.307497 0.328595 0.363908
12350 0.205777 0.009008 0.785215
11226 0.069510 0.000481 0.930010
11564 0.128048 0.029822 0.842130
22047 0.057359 0.808156 0.134486
3117 0.062906 0.222401 0.714693
3126 0.636735 0.009594 0.353671
20931 0.028978 0.391784 0.579238
2615 0.026714 0.278510 0.694775
19651 0.090666 0.777659 0.131674
8826 0.543341 0.165033 0.291626
21873 0.395863 0.397168 0.206969
9423 0.159754 0.585362 0.254884
13851 0.454028 0.445780 0.100192
8345 0.282525 0.245132 0.472343
8346 0.465254 0.472472 0.062274
20966 0.124128 0.071000 0.804872
8952 0.748369 0.081486 0.170145
20937 0.206887 0.630559 0.162554
9103 0.004466 0.804963 0.190571
22187 0.205642 0.279951 0.514407
22197 0.188390 0.579722 0.231888
9066 0.383202 0.057866 0.558933
20952 0.690710 0.079838 0.229452
8640 0.019744 0.824712 0.155544
22063 0.158769 0.165537 0.675694
23410 0.708942 0.062128 0.228930
8067 0.192907 0.587643 0.219450
22091 0.411444 0.451823 0.136733
12445 0.203992 0.578498 0.217510
23831 0.180613 0.513850 0.305537
23813 0.392542 0.530335 0.077123
10057 0.358879 0.024396 0.616726
12387 0.103807 0.870007 0.026186
8598 0.219547 0.043972 0.736481
8591 0.516502 0.347712 0.135786
24078 0.386124 0.077799 0.536077
12352 0.366126 0.449710 0.184164
12453 0.590167 0.263408 0.146424
8024 0.513292 0.245610 0.241098
11298 0.559054 0.156440 0.284506
19930 0.096290 0.375838 0.527872
12562 0.325636 0.523938 0.150425
12355 0.253795 0.085628 0.660576
24081 0.323791 0.036238 0.639970
12416 0.252158 0.468562 0.279280
12417 0.391908 0.311621 0.296472
8554 0.855461 0.138091 0.006448
22078 0.712477 0.019087 0.268436
8050 0.175547 0.122200 0.702252
23622 0.258592 0.032219 0.709189
22101 0.388310 0.293470 0.318220
8061 0.013293 0.171853 0.814854
23418 0.278761 0.578352 0.142887
9077 0.085248 0.522931 0.391821
21005 0.611159 0.308103 0.080738
12319 0.418990 0.436871 0.144139
22065 0.327361 0.302296 0.370343
23411 0.147965 0.222217 0.629818
23413 0.304342 0.163735 0.531923
22081 0.041355 0.773033 0.185613
12327 0.426785 0.232819 0.340396
20968 0.440112 0.289748 0.270141
23794 0.202534 0.071431 0.726035
13853 0.136334 0.826332 0.037334
5979 0.247216 0.429436 0.323348
3846 0.256652 0.514560 0.228789
17287 0.103162 0.057772 0.839066
2559 0.165907 0.323926 0.510167
16319 0.072180 0.823272 0.104548
13887 0.122086 0.829946 0.047968
16329 0.307379 0.177538 0.515083
22827 0.905446 0.073906 0.020648
23041 0.549015 0.131314 0.319672
20947 0.170204 0.053133 0.776662
8818 0.338258 0.600423 0.061319
8382 0.072374 0.789314 0.138312
8343 0.629046 0.249549 0.121405
8339 0.547508 0.289760 0.162732
9144 0.126632 0.845199 0.028169
23027 0.228805 0.180999 0.590196
23529 0.290436 0.588019 0.121545
5975 0.292602 0.569369 0.138029
6833 0.134889 0.099227 0.765883
20695 0.530054 0.394039 0.075907
8796 0.233588 0.313882 0.452530
12525 0.564036 0.168510 0.267455
23498 0.489178 0.471859 0.038964
23496 0.320648 0.483141 0.196211
6799 0.159334 0.333641 0.507025
16327 0.129963 0.495628 0.374409
11089 0.534490 0.103462 0.362048
13915 0.210634 0.579667 0.209699
5744 0.001623 0.683140 0.315237
14072 0.012544 0.051493 0.935964
447 0.605284 0.000000 0.394716
577 0.665585 0.019431 0.314984
10814 0.110913 0.245196 0.643891
3652 0.571723 0.204205 0.224071
14059 0.022184 0.401498 0.576317
17054 0.402403 0.187573 0.410023
10539 0.054920 0.867614 0.077466
10760 0.361426 0.460979 0.177595
13932 0.440262 0.071573 0.488165
13771 0.176794 0.084036 0.739170
15737 0.678613 0.044835 0.276552
11080 0.077999 0.308004 0.613997
14060 0.010173 0.903315 0.086512
15768 0.216890 0.636494 0.146616
15737 0.196896 0.346979 0.456124
448 0.139146 0.562370 0.298484
449 0.106767 0.585905 0.307328
14062 0.181520 0.347158 0.471322
14063 0.381751 0.359864 0.258385
693 0.059605 0.045296 0.895099
17054 0.587144 0.315028 0.097828
10539 0.349628 0.525646 0.124726
13909 0.081433 0.689501 0.229066
14063 0.324332 0.354216 0.321452
14062 0.134345 0.446293 0.419363
449 0.233240 0.429482 0.337278
14011 0.363660 0.465748 0.170592
15768 0.177164 0.702181 0.120656
14062 0.085703 0.591077 0.323220
449 0.253686 0.564957 0.181357
14063 0.266863 0.702079 0.031058
13909 0.217002 0.594445 0.188553
398 0.628439 0.371561 0.000000
15768 0.158002 0.730528 0.111470
17345 0.208708 0.219933 0.571359
3788 0.798266 0.168466 0.033268
3787 0.713100 0.173804 0.113096
16774 0.882579 0.037802 0.079619
3651 0.093846 0.114174 0.791979
17351 0.383500 0.124186 0.492314
17314 0.337530 0.192916 0.469555
3658 0.421064 0.355827 0.223109
17220 0.107855 0.507899 0.384246
5070 0.006514 0.795454 0.198031
17080 0.691283 0.158277 0.150439
16794 0.296053 0.163540 0.540407
5073 0.357707 0.339007 0.303285
700 0.532410 0.115338 0.352252
16773 0.299581 0.632040 0.068378
16774 0.381834 0.144643 0.473523
17090 0.839116 0.106428 0.054456
17090 0.688714 0.063416 0.247870
16774 0.180754 0.773919 0.045327
17096 0.070334 0.615059 0.314607
17219 0.215001 0.313783 0.471216
17345 0.182881 0.783088 0.034030
5713 0.330657 0.182776 0.486567
5712 0.394874 0.173614 0.431512
3890 0.069563 0.306151 0.624286
5711 0.391882 0.314858 0.293260
17580 0.020512 0.667442 0.312046
5714 0.359754 0.441213 0.199033
16785 0.320874 0.182109 0.497017
16786 0.310697 0.366907 0.322397
3905 0.579624 0.334259 0.086118
17632 0.131682 0.541193 0.327125
5041 0.394298 0.551228 0.054474
5050 0.489743 0.357695 0.152563
17192 0.196178 0.715516 0.088307
17350 0.260754 0.510639 0.228606
3760 0.305567 0.465172 0.229261
17344 0.482678 0.325098 0.192225
16756 0.089226 0.639432 0.271342
17344 0.074131 0.428594 0.497275
3911 0.583223 0.250934 0.165843
16755 0.289114 0.435112 0.275774
17191 0.352730 0.554994 0.092276
5046 0.557802 0.383873 0.058324
17077 0.671773 0.301279 0.026948
5743 0.311329 0.072210 0.616461
17224 0.830280 0.000000 0.169720
5760 0.233803 0.482074 0.284123
5728 0.437128 0.181785 0.381087
17622 0.714272 0.184158 0.101570
3771 0.407290 0.285789 0.306921
17349 0.875492 0.071836 0.052672
3887 0.090986 0.266259 0.642755
5699 0.284152 0.451279 0.264568
5727 0.760108 0.171180 0.068712
17179 0.604101 0.252877 0.143022
17179 0.091662 0.342981 0.565357
16754 0.423123 0.256324 0.320553
5697 0.273345 0.632904 0.093751
3910 0.398322 0.446267 0.155411
5042 0.107959 0.659852 0.232189
5727 0.114990 0.244170 0.640840
3747 0.170287 0.116708 0.713004
16754 0.042201 0.575482 0.382318
5723 0.908746 0.042569 0.048685
3770 0.044532 0.624664 0.330804
17559 0.012274 0.487990 0.499736
5064 0.593584 0.048311 0.358105
17190 0.346021 0.238763 0.415216
5742 0.408774 0.478506 0.112720
3904 0.111292 0.218991 0.669717
17586 0.078778 0.353497 0.567725
17587 0.211161 0.177800 0.611039
5839 0.927419 0.015455 0.057127
17585 0.494896 0.087351 0.417753
5839 0.455943 0.498046 0.046011
15098 0.100113 0.180857 0.719030
15106 0.549460 0.381402 0.069139
18171 0.338860 0.485875 0.175266
3902 1.000000 0.000000 0.000000
10278 0.173203 0.048648 0.778149
18269 0.591287 0.152362 0.256352
132 0.000000 0.564712 0.435288
18333 0.274464 0.465997 0.259539
648 0.176518 0.654716 0.168766
10225 0.038148 0.203036 0.758816
10209 0.309442 0.347718 0.342840
3762 0.884113 0.065642 0.050245
15038 0.113665 0.705685 0.180651
15094 0.966766 0.029680 0.003555
18211 0.093400 0.360217 0.546382
15046 0.347854 0.107024 0.545122
10220 0.247815 0.208472 0.543714
18326 0.747129 0.047473 0.205399
106 0.664501 0.165934 0.169565
3824 0.707291 0.115377 0.177333
10273 0.136165 0.204355 0.659480
18290 0.481773 0.352788 0.165440
602 0.479081 0.210385 0.310534
18208 0.062234 0.633805 0.303961
10222 0.801003 0.002707 0.196290
15031 0.385692 0.283490 0.330818
15044 0.774191 0.174440 0.051369
99 0.059816 0.146694 0.793490
18323 0.279345 0.554643 0.166011
17176 0.735815 0.077187 0.186998
3835 0.056672 0.138544 0.804784
15099 0.712900 0.226036 0.061063
17590 0.571148 0.004457 0.424396
17659 0.506361 0.356870 0.136768
17236 0.161063 0.084425 0.754512
17205 0.282252 0.400394 0.317354
17243 0.180858 0.552718 0.266424
17159 0.158721 0.668577 0.172702
10260 0.172391 0.054528 0.773081
5726 0.044290 0.236859 0.718851
17239 0.301258 0.448021 0.250720
5751 0.028480 0.095421 0.876099
3723 0.070544 0.712498 0.216958
17153 0.610585 0.282826 0.106589
17246 0.410821 0.157315 0.431864
3732 0.623666 0.198854 0.177480
3781 0.269614 0.594662 0.135724
17165 0.187850 0.282131 0.530019
15088 0.544986 0.078119 0.376895
10253 0.145916 0.107514 0.746570
3780 0.015944 0.706310 0.277745
15024 0.926845 0.022095 0.051060
17247 0.748980 0.078719 0.172302
3791 0.096788 0.087204 0.816008
14955 0.159015 0.605432 0.235552
17629 0.191267 0.107614 0.701119
17355 0.103015 0.540526 0.356459
5770 0.463444 0.347755 0.188801
9706 0.074156 0.720543 0.205301
17613 0.120715 0.760440 0.118845
5053 0.048207 0.692839 0.258955
16751 0.294782 0.441854 0.263365
17625 0.175146 0.691463 0.133391
5748 0.234735 0.666901 0.098364
5749 0.454224 0.110395 0.435381
17616 0.345797 0.123866 0.530337
17354 0.076791 0.047449 0.875760
17611 0.928691 0.003533 0.067776
15080 0.058680 0.068109 0.873211
15079 0.038328 0.084054 0.877618
17076 0.265272 0.236235 0.498494
17655 0.193525 0.150590 0.655885
17249 0.068644 0.625621 0.305735
3758 0.167788 0.569242 0.262970
17643 0.043138 0.018434 0.938429
5730 0.389241 0.610759 0.000000
17180 0.423716 0.371613 0.204671
16775 0.058296 0.535656 0.406048
5701 0.036514 0.777639 0.185848
5722 0.501690 0.333693 0.164617
17565 0.193045 0.442808 0.364147
17564 0.067156 0.342409 0.590435
5719 0.083000 0.308918 0.608082
5718 0.435103 0.177581 0.387316
15112 0.272802 0.632760 0.094438
10263 0.190602 0.445589 0.363808
16783 0.246258 0.384947 0.368795
17073 0.678518 0.021095 0.300386
5065 0.067584 0.598962 0.333454
5040 0.265960 0.490196 0.243843
10535 0.307328 0.675180 0.017492
15740 0.373583 0.257953 0.368464
16917 0.304837 0.419888 0.275275
15760 0.022099 0.001797 0.976104
5067 0.491588 0.147084 0.361327
3867 0.713410 0.246177 0.040414
5086 0.293211 0.585068 0.121721
14765 0.104706 0.564047 0.331247
14770 0.038100 0.186031 0.775869
17098 0.106816 0.307375 0.585809
17326 0.182944 0.112203 0.704853
17083 0.088678 0.097178 0.814143
5068 0.554302 0.424935 0.020763
17312 0.202657 0.755975 0.041369
3523 0.467366 0.171314 0.361320
5069 0.016833 0.091405 0.891762
17081 0.000000 0.786935 0.213065
4697 0.164997 0.765638 0.069364
14772 0.944724 0.026044 0.029233
14765 0.104167 0.263272 0.632560
17083 0.380966 0.142814 0.476220
17089 0.311489 0.228457 0.460055
17089 0.128798 0.223053 0.648149
17217 0.579927 0.238049 0.182025
5039 0.234054 0.229164 0.536782
17223 0.264093 0.554900 0.181007
775 0.514302 0.361818 0.123880
773 0.182865 0.324166 0.492969
10197 0.168914 0.000000 0.831086
15818 0.193526 0.183620 0.622855
10200 0.442674 0.473343 0.083983
10242 0.019743 0.978489 0.001768
13974 0.350122 0.043118 0.606760
635 0.000000 0.982221 0.017779
636 0.167661 0.416113 0.416226
10550 0.000000 0.253099 0.746901
609 0.686930 0.313070 0.000000
664 0.000000 0.891221 0.108779
17168 0.413719 0.230390 0.355890
17171 0.495795 0.130312 0.373893
17175 0.177924 0.425764 0.396312
3800 0.205546 0.355795 0.438660
17157 0.454789 0.355383 0.189827
10582 0.310987 0.604493 0.084520
3796 0.392610 0.186968 0.420421
10268 0.311108 0.050212 0.638680
17228 0.762481 0.077793 0.159726
17200 0.057243 0.204398 0.738360
9987 0.150906 0.690938 0.158156
15086 0.406236 0.518050 0.075714
18980 1.000000 0.000000 0.000000
742 0.330287 0.435085 0.234629
736 0.931649 0.000464 0.067887
13995 0.843496 0.123043 0.033461
10233 0.040985 0.231258 0.727757
771 0.008403 0.577815 0.413781
13990 0.103389 0.019014 0.877597
15030 0.181624 0.155965 0.662411
776 0.101985 0.790659 0.107356
13973 0.535287 0.073762 0.390951
13953 0.405674 0.067025 0.527301
755 0.197538 0.328518 0.473944
16135 0.156472 0.047476 0.796051
684 1.000000 0.000000 0.000000
15084 0.098655 0.137637 0.763708
3801 0.274991 0.073970 0.651039
13787 0.018143 0.599343 0.382514
459 0.050894 0.080649 0.868456
459 0.129073 0.736055 0.134871
13779 0.326386 0.548450 0.125164
13907 0.163948 0.589130 0.246922
683 0.208587 0.579933 0.211480
689 0.092239 0.156391 0.751371
13788 0.629126 0.102070 0.268804
718 0.130774 0.248107 0.621119
16790 0.355609 0.299826 0.344566
11201 0.053695 0.204937 0.741368
14777 0.196282 0.288744 0.514974
11046 0.700785 0.080576 0.218639
11106 0.453733 0.447893 0.098373
3624 0.212785 0.018666 0.768549
3638 0.302583 0.349070 0.348347
14083 0.242611 0.356374 0.401014
14085 0.438903 0.193716 0.367380
6208 0.278254 0.325606 0.396139
11111 0.485268 0.000000 0.514732
17064 0.041730 0.766532 0.191738
720 0.372499 0.262119 0.365381
3628 0.631971 0.228620 0.139408
410 0.146410 0.100032 0.753558
15909 0.556261 0.161315 0.282424
433 0.743335 0.194039 0.062625
15884 0.010060 0.974439 0.015501
17597 0.212906 0.325549 0.461545
17596 0.362862 0.073304 0.563834
10539 0.594029 0.255160 0.150811
13909 0.665181 0.225945 0.108874
17053 0.159018 0.397020 0.443963
15744 0.541287 0.342685 0.116027
3664 0.120276 0.622497 0.257227
11039 0.607620 0.047737 0.344643
5703 0.104263 0.553549 0.342188
15762 0.328519 0.176186 0.495294
430 0.115339 0.388155 0.496506
17599 0.204629 0.465082 0.330289
3662 0.642299 0.139783 0.217918
15895 0.708340 0.271804 0.019857
11101 0.327336 0.110558 0.562106
11084 0.436644 0.011618 0.551739
14774 0.402699 0.397559 0.199742
17605 0.267199 0.375441 0.357360
11208 0.617993 0.008317 0.373690
11211 0.302892 0.515505 0.181602
15774 0.463985 0.087189 0.448826
11203 0.441313 0.396563 0.162124
15773 0.317890 0.476414 0.205696
15739 0.355234 0.275610 0.369156
762 0.005444 0.655653 0.338903
11041 0.128968 0.005173 0.865859
17601 0.112890 0.074240 0.812871
11212 0.237952 0.670266 0.091783
17067 0.628607 0.119449 0.251943
3627 0.243866 0.465983 0.290150
127 0.043434 0.480605 0.475961
15919 0.005448 0.212385 0.782168
13753 0.253250 0.741587 0.005162
586 0.434765 0.522664 0.042571
567 0.284852 0.201046 0.514102
570 0.260208 0.142440 0.597352
13926 0.269322 0.136901 0.593777
465 0.000000 0.155640 0.844360
17059 0.145273 0.537832 0.316895
3623 0.045347 0.882793 0.071860
3636 0.399428 0.195886 0.404685
3637 0.222264 0.341603 0.436132
405 0.357814 0.091234 0.550952
13769 0.173361 0.009106 0.817533
404 0.393584 0.032646 0.573770
11058 0.261543 0.067420 0.671037
15845 0.329121 0.135446 0.535433
13747 0.517840 0.297460 0.184700
417 0.425335 0.244542 0.330123
13945 0.229799 0.243574 0.526626
3631 0.073855 0.144837 0.781308
15854 0.395515 0.206077 0.398408
3633 0.240935 0.206139 0.552925
17071 0.093723 0.167881 0.738395
15877 0.454834 0.140509 0.404657
15855 0.495849 0.248705 0.255446
3623 0.195933 0.741824 0.062243
11196 0.153867 0.553049 0.293084
125 0.000000 0.432980 0.567020
725 0.518552 0.267252 0.214195
725 0.152514 0.742549 0.104937
14018 0.756231 0.124004 0.119765
14018 0.142952 0.233049 0.623999
13754 0.668287 0.052418 0.279295
13755 0.046444 0.328075 0.625482
14037 0.000000 0.300808 0.699192
14056 0.361846 0.382799 0.255355
17318 0.474443 0.418147 0.107410
2325 0.378837 0.221955 0.399208
17645 0.226667 0.475257 0.298075
15619 0.032061 0.578783 0.389155
11096 0.135441 0.399724 0.464835
11048 0.199579 0.200799 0.599622
11060 0.151391 0.129077 0.719532
13940 0.154646 0.738180 0.107174
15916 0.318651 0.235273 0.446076
126 0.485166 0.151165 0.363670
11064 0.597647 0.059041 0.343311
3624 0.031174 0.768473 0.200353
17316 0.347781 0.064123 0.588096
17310 0.340089 0.071940 0.587972
3877 0.109081 0.104510 0.786410
17317 0.216588 0.670404 0.113008
15589 0.039771 0.279670 0.680559
2328 0.257669 0.148415 0.593915
17048 0.202287 0.302027 0.495685
17035 0.421825 0.498392 0.079783
17011 0.827175 0.105128 0.067697
17010 0.455239 0.344127 0.200634
17104 0.724256 0.117243 0.158501
14500 0.181698 0.741357 0.076945
2422 0.488232 0.483407 0.028361
17050 0.875945 0.089384 0.034670
15537 0.222360 0.113663 0.663977
2369 0.398582 0.377776 0.223642
14501 0.397515 0.079475 0.523011
13168 0.528140 0.164345 0.307515
17105 0.154892 0.518731 0.326377
14506 0.250990 0.499130 0.249880
14506 0.144331 0.270975 0.584695
17146 0.057216 0.507939 0.434845
2276 0.614675 0.047125 0.338200
16899 0.165449 0.534831 0.299720
3577 0.100026 0.192068 0.707906
3680 0.918644 0.040234 0.041122
3706 0.132739 0.154691 0.712569
13694 0.108423 0.085874 0.805703
5002 0.060275 0.040559 0.899166
17005 0.030689 0.676232 0.293079
2380 0.678847 0.074014 0.247139
17106 0.196305 0.061916 0.741780
14494 0.283862 0.345503 0.370635
10703 0.181164 0.565927 0.252909
10704 0.029366 0.260003 0.710631
17255 0.123857 0.565953 0.310190
17107 0.009047 0.666509 0.324444
1966 0.948245 0.011092 0.040663
1966 0.539811 0.181192 0.278997
15678 0.684891 0.207318 0.107792
2052 0.217030 0.125378 0.657592
15702 0.149714 0.665032 0.185253
2005 0.007339 0.548755 0.443906
2527 0.801443 0.073202 0.125355
2514 0.191474 0.587247 0.221279
5004 0.431178 0.489913 0.078909
2033 0.219288 0.532485 0.248227
2370 0.714431 0.139828 0.145741
2279 0.252224 0.615174 0.132602
17143 0.436686 0.368183 0.195131
15618 0.808873 0.027185 0.163942
11184 0.356950 0.164627 0.478423
15530 0.092193 0.468913 0.438894
3716 0.135836 0.193899 0.670265
3630 0.433720 0.045295 0.520985
11045 0.405531 0.386889 0.207580
16442 0.035004 0.931827 0.033169
6207 0.252344 0.350238 0.397418
17101 0.266403 0.025785 0.707812
17570 0.540368 0.327650 0.131981
5694 0.222105 0.130455 0.647440
17124 0.599689 0.279530 0.120781
15599 0.303824 0.241956 0.454220
2296 0.797686 0.063876 0.138438
3639 0.049166 0.604276 0.346558
3641 0.353361 0.551257 0.095382
16443 0.676106 0.024878 0.299016
17131 0.121050 0.626184 0.252766
2031 0.042235 0.206075 0.751690
15616 0.361861 0.380373 0.257766
17142 0.255272 0.660691 0.084037
17578 0.831724 0.041518 0.126758
15614 0.128259 0.665057 0.206683
2289 0.734619 0.250424 0.014956
17129 0.106857 0.313166 0.579977
3639 0.766026 0.119432 0.114541
15605 0.785890 0.124846 0.089265
15532 0.046221 0.099506 0.854272
3583 0.166395 0.681903 0.151702
15571 0.148404 0.099914 0.751682
2271 0.187468 0.750868 0.061665
3701 0.158959 0.356186 0.484855
16446 0.312985 0.585501 0.101514
15579 0.412923 0.080418 0.506659
2287 0.331230 0.037656 0.631114
16518 0.266544 0.114180 0.619276
17297 0.202230 0.082786 0.714984
3845 0.137166 0.140368 0.722466
3848 0.326883 0.578154 0.094963
16320 0.872988 0.022205 0.104807
6189 1.000000 0.000000 0.000000
17020 0.274162 0.152887 0.572951
3677 0.723681 0.107044 0.169275
15604 0.402602 0.514652 0.082747
2333 0.145122 0.051033 0.803845
10661 0.205313 0.791135 0.003552
14170 0.209895 0.521028 0.269076
10664 0.313068 0.147972 0.538960
2521 0.079995 0.859983 0.060022
16298 0.237765 0.392945 0.369290
17023 0.811588 0.135776 0.052637
3672 0.010500 0.259229 0.730271
2438 0.037395 0.858670 0.103935
2436 0.412615 0.166216 0.421169
6178 0.275153 0.549318 0.175530
6168 0.176642 0.132044 0.691314
16990 0.456465 0.245666 0.297869
23521 0.657880 0.054243 0.287877
23615 0.740099 0.057000 0.202901
8541 0.564767 0.267396 0.167837
15553 0.065372 0.126773 0.807855
15552 0.139571 0.469677 0.390753
15542 0.097736 0.634471 0.267793
3613 0.301094 0.673806 0.025100
3613 0.335990 0.208313 0.455698
2508 0.065813 0.545917 0.388270
14419 0.000000 0.058950 0.941050
2133 0.629924 0.168823 0.201252
15523 0.277612 0.353623 0.368766
3600 0.639254 0.001083 0.359663
3601 0.485596 0.110825 0.403579
1959 0.624900 0.131858 0.243242
2147 0.453283 0.545198 0.001519
1959 0.394290 0.189351 0.416359
2147 0.387842 0.317986 0.294172
16311 0.492068 0.203537 0.304395
2365 1.000000 0.000000 0.000000
16987 0.325212 0.073318 0.601470
17032 0.121621 0.333148 0.545231
17043 0.011955 0.266923 0.721122
1992 0.334162 0.000000 0.665838
15675 0.078969 0.680551 0.240480
17031 0.646098 0.127864 0.226039
5985 0.112315 0.462672 0.425014
3613 0.283348 0.042184 0.674468
15523 0.046224 0.242299 0.711477
2454 0.129160 0.511094 0.359746
17043 0.147928 0.163756 0.688316
15675 0.061392 0.766731 0.171877
16986 0.385789 0.392955 0.221256
15709 0.414368 0.085276 0.500356
14437 0.117449 0.069416 0.813135
2530 0.554239 0.263047 0.182714
2392 0.808828 0.191172 0.000000
14470 0.294456 0.576662 0.128882
3601 0.011765 0.237933 0.750302
14784 0.160937 0.406030 0.433033
11200 0.482546 0.173139 0.344315
14795 0.210342 0.551630 0.238028
10095 0.613279 0.212112 0.174609
10027 0.301943 0.517184 0.180873
23799 0.841509 0.041362 0.117128
10095 0.042723 0.747836 0.209440
23458 0.691071 0.197913 0.111016
23458 0.853064 0.037689 0.109247
23458 0.452753 0.166434 0.380813
10094 0.039126 0.387152 0.573723
23801 0.634749 0.115861 0.249389
10027 0.247990 0.274191 0.477819
10094 0.315900 0.327545 0.356555
19667 0.383179 0.284957 0.331864
23470 0.795730 0.037168 0.167102
10107 0.739140 0.084630 0.176230
23551 0.264873 0.258427 0.476699
23551 0.226492 0.022791 0.750717
10179 0.316787 0.024080 0.659133
23470 0.458282 0.323516 0.218201
10107 0.371023 0.484508 0.144468
10107 0.289448 0.207610 0.502941
6802 0.464891 0.461790 0.073320
6802 0.373015 0.078079 0.548906
23551 0.062161 0.722017 0.215821
23458 0.473450 0.455651 0.070899
19687 0.479197 0.037559 0.483244
8762 0.018545 0.185465 0.795990
23470 0.011493 0.341371 0.647136
20399 0.029427 0.659055 0.311518
23470 0.054522 0.076116 0.869362
10169 0.227283 0.711179 0.061539
20640 0.412381 0.098110 0.489509
21890 0.230115 0.114034 0.655851
22176 0.721405 0.095192 0.183402
8681 0.477512 0.223848 0.298639
22179 0.108457 0.865921 0.025622
8648 0.441366 0.339644 0.218990
22165 0.334589 0.087876 0.577536
8726 0.167772 0.272057 0.560171
8655 1.000000 0.000000 0.000000
20611 0.165939 0.523381 0.310680
8662 0.102102 0.210493 0.687404
8761 0.303483 0.422238 0.274278
8683 0.075951 0.735568 0.188482
9459 0.455688 0.218416 0.325896
20634 0.073029 0.410137 0.516834
8747 0.224589 0.374828 0.400583
8789 0.134121 0.233877 0.632002
8788 0.000000 0.744016 0.255984
8869 1.000000 0.000000 0.000000
8033 1.000000 0.000000 0.000000
20764 0.431565 0.240483 0.327952
20622 0.587109 0.165848 0.247043
8034 0.629141 0.199334 0.171525
19935 0.009464 0.558518 0.432018
19662 0.157958 0.434108 0.407933
12516 0.036735 0.498027 0.465238
22149 0.040940 0.280919 0.678141
22150 0.207731 0.209862 0.582407
3083 0.055915 0.629582 0.314503
16963 0.171833 0.009867 0.818300
14115 0.018108 0.209959 0.771933
17292 0.713049 0.160549 0.126402
10659 0.494702 0.027144 0.478154
9422 0.679026 0.305327 0.015647
6800 0.802212 0.018777 0.179011
19647 0.396723 0.058458 0.544820
9429 0.271603 0.353036 0.375360
8914 0.329184 0.353060 0.317756
8917 0.290988 0.109070 0.599942
19936 0.030282 0.877923 0.091795
13892 0.194846 0.479375 0.325779
2486 0.624857 0.151404 0.223739
2456 0.186109 0.743654 0.070237
13890 0.183956 0.595678 0.220365
10683 0.040703 0.585419 0.373878
1960 0.315728 0.545434 0.138838
17043 0.935713 0.056608 0.007680
15709 0.154462 0.229660 0.615878
5986 0.505317 0.419048 0.075635
15526 0.075599 0.636434 0.287967
15526 0.367459 0.461425 0.171116
15547 0.027188 0.399155 0.573657
3565 0.159848 0.503914 0.336238
3565 0.000000 0.660570 0.339430
16959 0.389762 0.543978 0.066260
3528 0.306548 0.180449 0.513004
15393 0.072696 0.450513 0.476791
15393 0.129695 0.676793 0.193511
15628 0.275418 0.637268 0.087314
15628 0.135702 0.267437 0.596862
16985 0.368605 0.535152 0.096244
3553 0.117425 0.312496 0.570078
2136 0.224209 0.553060 0.222731
2136 0.492462 0.304378 0.203160
15720 0.198152 0.707378 0.094470
15653 0.101187 0.615013 0.283800
2132 0.801343 0.068442 0.130215
2148 0.067816 0.229038 0.703146
15703 0.237184 0.360260 0.402556
2440 0.452532 0.127141 0.420327
3719 0.353532 0.085302 0.561166
17003 0.443953 0.366854 0.189193
17042 0.345010 0.499072 0.155918
15393 0.419633 0.228252 0.352116
2027 0.213907 0.509074 0.277020
14796 0.311555 0.639301 0.049144
17302 0.473012 0.442078 0.084911
5989 0.217975 0.432681 0.349344
3564 0.267487 0.707667 0.024846
16994 0.123244 0.236366 0.640390
3606 0.092128 0.051156 0.856716
16956 0.618468 0.207771 0.173762
2129 0.018235 0.429835 0.551931
2104 0.192209 0.668005 0.139787
14787 0.551613 0.043016 0.405371
16930 0.038948 0.897398 0.063654
6179 0.625233 0.108055 0.266712
16529 0.016555 0.413063 0.570382
6174 0.611760 0.119381 0.268859
3608 0.511970 0.033325 0.454705
15652 0.198165 0.697319 0.104516
16955 0.009010 0.428000 0.562989
2846 0.330472 0.527450 0.142078
2135 0.019977 0.698492 0.281532
16469 0.086725 0.316842 0.596433
16479 0.169698 0.407328 0.422974
17047 0.047993 0.913632 0.038374
2844 0.032891 0.714319 0.252791
16326 0.442144 0.544459 0.013397
5972 0.313538 0.155296 0.531166
3570 0.063567 0.380124 0.556309
11136 0.368222 0.380937 0.250841
2862 0.223789 0.105697 0.670514
16323 0.210116 0.001078 0.788806
11137 0.854421 0.099438 0.046142
5981 0.151989 0.560253 0.287758
19437 0.773849 0.095983 0.130167
9238 0.146039 0.606961 0.247000
10108 0.150868 0.090452 0.758680
23485 0.714885 0.113555 0.171560
21305 0.667397 0.269933 0.062670
10093 0.736579 0.195397 0.068024
10142 0.033326 0.887025 0.079649
22138 0.352473 0.620158 0.027369
8742 0.379971 0.036651 0.583379
23511 0.589566 0.216030 0.194403
22225 0.244742 0.626504 0.128754
8708 0.005339 0.753383 0.241278
3915 0.558658 0.072836 0.368507
8714 0.059579 0.744356 0.196065
8711 0.219509 0.056940 0.723551
8721 0.357858 0.594792 0.047350
21302 0.267357 0.155980 0.576663
23467 0.578777 0.318710 0.102513
8618 0.296921 0.628939 0.074140
23479 0.836881 0.053908 0.109211
10103 0.558276 0.386508 0.055216
8560 0.739567 0.028946 0.231486
4445 0.320426 0.060805 0.618769
10147 0.895547 0.074305 0.030149
10115 0.280100 0.666934 0.052966
23465 0.693970 0.108232 0.197798
22134 0.256214 0.651378 0.092408
21291 0.025386 0.911469 0.063145
23501 0.101020 0.035399 0.863580
23544 0.105565 0.434066 0.460369
10111 0.247276 0.302794 0.449930
8666 0.138037 0.650828 0.211135
12471 0.087852 0.141450 0.770698
12550 0.162824 0.168666 0.668510
22961 0.354196 0.073463 0.572342
12553 0.219505 0.523425 0.257070
22963 0.019064 0.681353 0.299583
22976 0.375701 0.346196 0.278103
10182 0.414143 0.386577 0.199281
23461 0.007645 0.782776 0.209579
19470 0.677849 0.102246 0.219905
19430 0.309353 0.102168 0.588478
21307 0.158837 0.617184 0.223979
8911 0.034054 0.643101 0.322845
10179 0.285089 0.455031 0.259880
15855 0.730220 0.248086 0.021694
3622 0.473745 0.262499 0.263755
123 0.468476 0.243777 0.287747
3864 0.417897 0.442173 0.139931
13749 0.868064 0.039640 0.092296
14092 0.585617 0.219883 0.194500
14091 0.491610 0.311405 0.196985
540 0.029407 0.178483 0.792110
11029 0.668563 0.321898 0.009539
14018 0.804846 0.080633 0.114521
725 0.348546 0.172677 0.478777
13940 0.257302 0.179435 0.563263
11064 0.465705 0.245998 0.288297
3623 0.038046 0.518154 0.443800
17086 0.101594 0.131070 0.767336
12282 0.453052 0.292342 0.254606
22968 0.407618 0.588287 0.004095
7052 0.383418 0.498897 0.117684
22426 0.077090 0.465218 0.457692
7088 0.671453 0.081226 0.247322
7002 0.514043 0.162717 0.323240
7003 0.763700 0.214753 0.021546
20256 0.196756 0.658371 0.144873
