4364 0.038061 0.604577 0.357362
4549 0.244083 0.124964 0.630953
4550 0.719558 0.207642 0.072800
4543 0.324620 0.166838 0.508542
575 0.483773 0.026575 0.489652
4409 0.399875 0.548715 0.051410
4407 0.106525 0.384595 0.508880
4407 0.003493 0.993865 0.002642
576 0.875244 0.059290 0.065466
576 0.379781 0.560755 0.059464
576 0.329577 0.190974 0.479449
577 0.468415 0.162827 0.368758
4765 0.801508 0.070956 0.127536
4789 0.560817 0.236749 0.202434
4789 0.128348 0.393457 0.478195
4766 0.018528 0.550064 0.431408
4548 0.109826 0.385595 0.504579
4547 0.388313 0.014359 0.597328
4545 0.088422 0.463912 0.447665
4546 0.096005 0.439540 0.464455
4522 0.583291 0.245722 0.170987
4537 0.208454 0.709267 0.082279
4540 0.456534 0.231636 0.311830
4539 0.025820 0.893594 0.080586
4357 0.159635 0.169087 0.671278
4339 0.576794 0.182260 0.240946
4788 0.345547 0.328234 0.326219
583 0.470972 0.226129 0.302899
4788 0.005616 0.268496 0.725887
4633 0.046007 0.456793 0.497200
4700 0.122576 0.599036 0.278389
4601 0.642904 0.010849 0.346246
4633 0.461017 0.066251 0.472732
4614 0.396312 0.230084 0.373604
4599 0.228108 0.216087 0.555805
4629 0.055726 0.814757 0.129517
4633 0.037525 0.900396 0.062079
4631 0.126539 0.496428 0.377033
4699 0.257343 0.599886 0.142771
4627 0.054284 0.085974 0.859742
2866 0.196822 0.686493 0.116685
2844 0.503996 0.378862 0.117142
2866 0.160989 0.251863 0.587148
2866 0.500873 0.274453 0.224674
2863 0.030436 0.324275 0.645290
2865 0.386843 0.570607 0.042550
2845 0.044756 0.281083 0.674161
2868 0.063851 0.752963 0.183186
3676 0.388821 0.151865 0.459313
4456 0.336386 0.059839 0.603775
2859 0.693002 0.267465 0.039533
4454 0.135580 0.537871 0.326548
4680 0.310384 0.116502 0.573114
4680 0.072678 0.532097 0.395226
4506 0.687708 0.082289 0.230003
4457 0.117874 0.738928 0.143198
4507 0.037072 0.224516 0.738412
3677 0.429888 0.058610 0.511501
2841 0.247417 0.652316 0.100267
4698 0.371278 0.541701 0.087021
4696 0.621473 0.095231 0.283296
4681 0.670067 0.043587 0.286346
4686 0.757803 0.055548 0.186649
4690 0.673028 0.046358 0.280614
4677 0.567147 0.146995 0.285858
4695 0.090340 0.634278 0.275382
4692 0.280818 0.169909 0.549274
4618 0.093642 0.687620 0.218738
4689 0.870392 0.051422 0.078185
4626 0.338232 0.580124 0.081644
4626 0.148320 0.092527 0.759154
4496 0.107487 0.471573 0.420940
4495 0.582139 0.249564 0.168297
4495 0.039445 0.689908 0.270648
2862 0.096450 0.072883 0.830667
2861 0.462575 0.268755 0.268670
2867 0.330778 0.225732 0.443490
4634 0.058762 0.027455 0.913783
4630 0.539891 0.427879 0.032229
4632 0.179651 0.615151 0.205197
4617 0.554624 0.033151 0.412225
2846 0.337894 0.118169 0.543937
4497 0.496675 0.175676 0.327649
2864 0.395454 0.080982 0.523564
2860 0.639426 0.149163 0.211411
4487 0.130508 0.237185 0.632307
4488 0.371350 0.349345 0.279305
4487 0.654601 0.073357 0.272042
3181 0.148432 0.699038 0.152530
4603 0.617992 0.355740 0.026268
4605 0.565105 0.362751 0.072144
4604 0.302228 0.493748 0.204024
4603 0.282147 0.623331 0.094522
4600 0.543096 0.344853 0.112052
4600 0.271712 0.071973 0.656315
4701 0.063845 0.493078 0.443077
4687 0.738065 0.101318 0.160617
4691 0.521263 0.387722 0.091016
3140 0.242480 0.460235 0.297285
2854 0.324745 0.588241 0.087014
2858 0.690862 0.117344 0.191795
2860 0.000000 0.752025 0.247975
4446 0.017943 0.915996 0.066061
2858 0.111580 0.534649 0.353772
2857 0.269653 0.331090 0.399257
4514 1.000000 0.000000 0.000000
3149 0.227293 0.167351 0.605356
4618 0.694223 0.156045 0.149732
4674 0.168115 0.150132 0.681753
4624 0.850146 0.033779 0.116075
4489 0.546807 0.375932 0.077261
2851 0.384446 0.286795 0.328758
2835 0.319048 0.056522 0.624429
2871 0.463056 0.083602 0.453342
2871 0.536520 0.439568 0.023913
2843 0.030812 0.302951 0.666237
4473 0.384947 0.203868 0.411185
4472 0.114659 0.834826 0.050516
4714 0.057096 0.368956 0.573948
4721 0.357020 0.627491 0.015489
4714 0.606006 0.356428 0.037566
4717 0.117777 0.640633 0.241590
4744 0.177191 0.684965 0.137844
4716 0.271362 0.280962 0.447676
4746 0.407927 0.473145 0.118928
4731 0.807259 0.006950 0.185790
4745 0.370425 0.294453 0.335121
4606 0.165315 0.233706 0.600979
4730 0.062738 0.256033 0.681229
4608 0.362510 0.059647 0.577843
4728 0.097192 0.360291 0.542518
4563 0.915134 0.062861 0.022005
4572 0.319746 0.432251 0.248003
4610 0.391795 0.117325 0.490880
4575 0.057773 0.365595 0.576631
4562 0.039425 0.818069 0.142506
4561 0.242378 0.134958 0.622663
4575 0.313642 0.330335 0.356023
4560 0.830289 0.132105 0.037606
4576 0.688528 0.305675 0.005797
4467 0.288530 0.049402 0.662068
4469 0.135990 0.565897 0.298113
4529 0.055822 0.338709 0.605468
4386 0.359021 0.401430 0.239550
4378 0.634894 0.216764 0.148343
4526 0.332791 0.051264 0.615945
4442 0.432325 0.210256 0.357419
4405 0.196194 0.779489 0.024318
4374 0.081911 0.086261 0.831827
4425 0.036662 0.196630 0.766708
4417 0.198037 0.021775 0.780188
4432 0.250901 0.674583 0.074515
4416 0.316745 0.352673 0.330582
4338 0.268365 0.249770 0.481864
4421 0.273778 0.477136 0.249087
4335 0.098506 0.503998 0.397496
4412 0.903359 0.018829 0.077812
3859 0.043827 0.488850 0.467322
3860 0.583765 0.295489 0.120745
4441 0.103496 0.893212 0.003292
4392 0.129853 0.657567 0.212580
4391 0.231397 0.402813 0.365791
4392 0.036289 0.038112 0.925599
4392 0.648721 0.305892 0.045387
4517 0.277730 0.506708 0.215563
4825 0.302972 0.328212 0.368816
4517 0.627094 0.124469 0.248437
4818 0.476288 0.185828 0.337884
4559 0.043095 0.642412 0.314493
4538 0.330047 0.297928 0.372026
4501 0.037122 0.479315 0.483563
4558 0.366593 0.401469 0.231937
4536 0.359325 0.135890 0.504785
4534 0.164952 0.401456 0.433592
4469 0.294175 0.329156 0.376669
4469 0.418202 0.581798 0.000000
4575 0.068542 0.530216 0.401242
4572 0.447362 0.393039 0.159599
4293 0.080393 0.911316 0.008291
4296 0.486000 0.334409 0.179590
3900 0.279090 0.351923 0.368987
3937 0.155304 0.533935 0.310761
3938 0.198333 0.029722 0.771945
418 0.566470 0.285090 0.148440
391 0.405043 0.293429 0.301528
394 0.217153 0.470897 0.311950
395 0.061981 0.704298 0.233721
394 0.539392 0.203518 0.257090
3849 0.724670 0.014990 0.260340
3907 0.026844 0.746714 0.226442
398 0.110451 0.720541 0.169008
398 0.627656 0.184897 0.187446
385 0.027662 0.870042 0.102296
571 0.075774 0.018993 0.905233
385 0.511122 0.074131 0.414746
384 0.114414 0.411384 0.474202
387 0.076691 0.100414 0.822895
387 0.536978 0.229341 0.233680
3835 0.496126 0.000000 0.503874
3835 0.702740 0.000000 0.297260
3835 1.000000 0.000000 0.000000
3835 0.433021 0.000000 0.566979
3925 0.000000 0.000000 1.000000
3926 0.000000 0.772085 0.227915
3926 0.000000 0.907966 0.092034
3946 0.339376 0.000000 0.660624
3906 0.109554 0.437766 0.452680
2064 0.063912 0.750055 0.186033
2064 0.445748 0.262770 0.291482
2049 0.362107 0.069091 0.568802
459 0.342970 0.645812 0.011219
557 0.305737 0.566899 0.127364
2038 0.407055 0.189900 0.403045
2057 0.440678 0.121882 0.437440
541 0.274616 0.502899 0.222485
543 0.309703 0.357128 0.333169
2054 0.423224 0.477375 0.099401
2050 0.268527 0.256972 0.474501
548 0.548176 0.361923 0.089901
2030 0.123544 0.120618 0.755839
546 0.000000 0.529099 0.470901
4547 0.024624 0.863564 0.111812
4820 0.262642 0.261988 0.475370
400 0.067353 0.290820 0.641828
537 0.331712 0.659302 0.008986
1401 0.521586 0.302007 0.176406
417 0.468398 0.105983 0.425619
4721 0.289478 0.673780 0.036742
4610 0.513714 0.045326 0.440960
4717 0.161376 0.759078 0.079546
4609 0.469281 0.485557 0.045162
4607 0.075381 0.593525 0.331093
4606 0.096746 0.793675 0.109579
4716 0.120113 0.518101 0.361786
4742 0.167816 0.680625 0.151559
4741 0.268573 0.446371 0.285056
4748 0.387039 0.574787 0.038174
4710 0.549082 0.288065 0.162853
4711 0.439218 0.369238 0.191544
4732 0.322038 0.235897 0.442065
4736 0.407719 0.159156 0.433125
4453 0.242189 0.705165 0.052646
4478 0.027629 0.023569 0.948802
4463 0.004989 0.659833 0.335178
4462 0.274093 0.565896 0.160011
4460 0.130672 0.277098 0.592230
4473 0.015128 0.363777 0.621096
3193 0.076403 0.131688 0.791909
4742 0.570104 0.020172 0.409724
4686 0.050436 0.928883 0.020680
4685 0.109523 0.734185 0.156291
4711 0.078270 0.864968 0.056762
4712 0.211929 0.218934 0.569137
4735 0.366812 0.015978 0.617210
4453 0.316771 0.192177 0.491052
4456 0.173174 0.540607 0.286219
4455 0.583449 0.291638 0.124914
4445 0.487046 0.248160 0.264794
4449 0.682361 0.282928 0.034711
4450 0.197816 0.099250 0.702934
3912 0.000000 0.176155 0.823845
1499 0.317078 0.294137 0.388786
3732 0.515558 0.435320 0.049122
3727 0.149025 0.521606 0.329369
1498 0.305464 0.033997 0.660538
1400 0.127603 0.478332 0.394065
3326 0.279228 0.177034 0.543739
1888 0.076425 0.450367 0.473208
1882 0.479819 0.218565 0.301616
1882 0.828352 0.115670 0.055978
1881 0.403348 0.275622 0.321030
1881 0.352425 0.000000 0.647575
2133 0.396401 0.333582 0.270017
1884 0.217912 0.127958 0.654130
1905 0.324033 0.618519 0.057448
1880 0.020396 0.213523 0.766081
2011 0.011135 0.257252 0.731613
2011 0.418573 0.444387 0.137040
3326 0.357894 0.460527 0.181578
1877 0.540027 0.414515 0.045457
1877 0.025116 0.558887 0.415997
2253 0.606638 0.290331 0.103031
2252 0.160168 0.675887 0.163945
1421 0.540275 0.413652 0.046073
2249 0.229300 0.315746 0.454954
2248 0.065514 0.719064 0.215423
1424 0.963212 0.017403 0.019385
1381 0.665264 0.008677 0.326058
1380 0.274503 0.516842 0.208655
1500 0.959692 0.034307 0.006002
1506 0.082193 0.300639 0.617169
1506 0.362208 0.032651 0.605141
1510 0.060367 0.533292 0.406342
2115 0.228159 0.394801 0.377040
1509 0.687390 0.186219 0.126390
2022 0.600423 0.251680 0.147898
2116 0.100583 0.348222 0.551195
1500 0.074142 0.296277 0.629581
2021 0.080828 0.635869 0.283303
2024 0.305877 0.087878 0.606245
2006 0.185617 0.044039 0.770344
1998 0.511813 0.168459 0.319728
1994 0.350689 0.086349 0.562962
2098 0.235098 0.744345 0.020557
1980 0.187589 0.176736 0.635675
1892 0.634239 0.215849 0.149912
2071 0.030383 0.121643 0.847974
2131 0.177337 0.000000 0.822663
2227 0.408551 0.254056 0.337393
2103 0.289451 0.356822 0.353727
2084 0.016767 0.975813 0.007420
3298 0.129908 0.660501 0.209591
2027 0.367460 0.305290 0.327250
2011 0.756661 0.000000 0.243339
1994 0.107178 0.787333 0.105489
2025 0.465081 0.534919 0.000000
1993 0.464492 0.106243 0.429265
1455 0.088542 0.215684 0.695773
1407 0.538303 0.073741 0.387955
1501 0.410405 0.247692 0.341903
1425 0.451344 0.462302 0.086355
894 0.410534 0.059478 0.529988
755 0.387023 0.171346 0.441631
755 0.000000 0.712401 0.287599
2026 0.251311 0.193002 0.555687
2024 0.371953 0.590677 0.037370
1899 0.108600 0.188572 0.702827
1906 0.123518 0.503106 0.373375
1878 0.127831 0.066790 0.805379
2020 0.316716 0.427867 0.255417
2020 0.252886 0.091567 0.655547
2247 0.162968 0.616183 0.220849
1450 0.121661 0.099305 0.779034
1397 0.177587 0.612265 0.210148
840 0.166077 0.432095 0.401828
1509 0.332147 0.049874 0.617978
1509 0.035549 0.056525 0.907926
2118 0.073012 0.270469 0.656519
2118 0.388236 0.128634 0.483130
1507 0.397917 0.048374 0.553709
1509 0.052028 0.805110 0.142861
1510 0.185109 0.132794 0.682098
1507 0.418921 0.344379 0.236700
1409 0.488453 0.439154 0.072392
1409 0.432597 0.204471 0.362932
1435 0.203699 0.421453 0.374848
1435 0.485610 0.292057 0.222333
1418 0.405262 0.272856 0.321882
786 0.215552 0.526640 0.257809
901 0.506722 0.042893 0.450385
1838 0.730966 0.034489 0.234545
1430 0.616075 0.154310 0.229615
1760 0.066482 0.735355 0.198163
1429 0.081465 0.515520 0.403015
2242 0.023952 0.570868 0.405180
2239 0.056768 0.289251 0.653981
2017 0.523382 0.406285 0.070333
2017 0.405035 0.078765 0.516201
2016 0.533949 0.241767 0.224284
2066 0.064329 0.162238 0.773432
2015 0.275263 0.267733 0.457004
2066 0.115249 0.673112 0.211639
2014 0.619247 0.240251 0.140502
2068 0.246300 0.293561 0.460140
1896 0.377016 0.025489 0.597495
2013 0.105684 0.574342 0.319973
1911 0.244178 0.038460 0.717363
1912 0.259620 0.355451 0.384929
1909 0.567726 0.251562 0.180711
1908 0.450318 0.507350 0.042332
1903 0.675743 0.212256 0.112001
1901 0.603806 0.057183 0.339011
2224 0.019485 0.236129 0.744385
2223 0.181188 0.054486 0.764326
1421 0.046188 0.901472 0.052340
1389 0.551380 0.243759 0.204860
1380 0.301632 0.096596 0.601771
1381 0.294431 0.402095 0.303474
1393 0.126406 0.087039 0.786555
1390 0.101739 0.619586 0.278675
1504 0.685604 0.200480 0.113916
1511 0.485860 0.071181 0.442959
1512 0.242022 0.033601 0.724377
1811 0.496303 0.004867 0.498830
1397 0.499471 0.482104 0.018425
1414 0.580472 0.359535 0.059993
1454 0.156074 0.802167 0.041759
1528 0.009386 0.595288 0.395326
1503 0.298450 0.069649 0.631901
748 0.008718 0.720559 0.270722
3094 0.428087 0.390196 0.181717
1527 0.483208 0.127939 0.388853
748 0.235064 0.098209 0.666727
3094 0.265313 0.013031 0.721656
747 0.539531 0.337471 0.122998
749 0.259202 0.082459 0.658338
2132 0.118906 0.218953 0.662141
2130 0.105457 0.565644 0.328899
2075 0.250905 0.488996 0.260099
2073 0.176404 0.088610 0.734986
2127 0.235105 0.564670 0.200225
2135 0.811783 0.060157 0.128060
2102 0.462870 0.199811 0.337319
2101 0.638766 0.006661 0.354573
2234 0.218087 0.080273 0.701640
2234 0.164437 0.491408 0.344155
1387 0.092248 0.553470 0.354281
1386 0.300129 0.592795 0.107076
1390 0.000000 0.230593 0.769407
1394 0.064860 0.404234 0.530907
1437 0.043141 0.564288 0.392572
1384 0.153032 0.099746 0.747222
1439 0.206385 0.360324 0.433291
1417 0.326885 0.139760 0.533356
1434 0.338717 0.138054 0.523229
1439 0.025976 0.090043 0.883981
1810 0.447619 0.109463 0.442918
1814 0.376250 0.389860 0.233890
1815 0.868483 0.065149 0.066368
1808 0.129431 0.402287 0.468281
1815 0.046792 0.746057 0.207150
1815 0.150742 0.161370 0.687888
3100 0.874232 0.119300 0.006469
3318 0.742472 0.122686 0.134842
3096 0.441215 0.386766 0.172019
1710 0.017625 0.939699 0.042676
1709 0.124660 0.388865 0.486475
1710 0.618269 0.191096 0.190635
1062 0.693913 0.149729 0.156358
1009 0.456426 0.117559 0.426015
936 0.474176 0.105037 0.420787
2370 0.383344 0.257855 0.358801
2366 0.485067 0.097752 0.417181
2366 0.254559 0.627411 0.118030
2360 0.570142 0.331567 0.098291
2360 0.517769 0.172169 0.310062
1738 0.171113 0.540259 0.288628
1728 0.592331 0.099774 0.307895
1734 0.174099 0.089095 0.736806
1532 0.167094 0.608083 0.224823
1531 0.572578 0.056195 0.371226
1733 0.127231 0.158381 0.714388
1755 0.248563 0.176194 0.575243
1742 0.567637 0.122280 0.310083
1756 0.526527 0.445294 0.028179
1757 0.472335 0.406569 0.121096
1606 0.104216 0.428738 0.467047
1563 0.393038 0.371839 0.235123
1556 0.241671 0.276109 0.482219
1554 0.321377 0.036778 0.641845
1561 0.682919 0.316381 0.000700
1553 0.786301 0.000000 0.213699
1660 0.374061 0.179014 0.446925
1659 0.272784 0.656273 0.070944
1659 0.775488 0.177502 0.047010
1655 0.178040 0.432172 0.389789
1656 0.611831 0.315312 0.072857
2095 0.303608 0.084112 0.612280
2093 0.565061 0.238882 0.196057
2085 0.076076 0.047058 0.876865
2136 0.223302 0.681777 0.094921
2233 0.096322 0.009925 0.893753
1385 0.393576 0.337295 0.269129
1384 0.101052 0.652572 0.246376
1411 0.095384 0.494637 0.409979
1412 0.416756 0.086969 0.496275
1724 0.251488 0.483410 0.265102
1806 0.289224 0.253720 0.457056
1803 0.246397 0.214334 0.539268
1608 0.375359 0.142344 0.482297
1816 0.150116 0.644226 0.205658
1657 0.264747 0.672944 0.062309
1657 0.254479 0.288134 0.457387
1816 0.489452 0.193421 0.317127
1413 0.274022 0.004477 0.721501
1495 0.397899 0.085576 0.516524
1497 0.779524 0.116885 0.103592
2007 0.527576 0.287802 0.184622
2120 0.442091 0.385826 0.172083
2029 0.172864 0.619936 0.207200
2012 0.568565 0.334584 0.096851
2051 0.007075 0.509362 0.483563
2066 0.789409 0.077484 0.133107
2052 0.267741 0.307591 0.424667
2051 0.803299 0.150553 0.046148
2034 0.128724 0.575044 0.296232
2033 0.473038 0.335317 0.191646
2032 0.136792 0.654019 0.209190
2031 0.243787 0.529494 0.226719
2062 0.160450 0.644702 0.194848
2061 0.087386 0.731616 0.180998
2059 0.109466 0.039994 0.850540
2062 0.878348 0.089304 0.032349
407 0.039495 0.912097 0.048408
2060 0.879432 0.065620 0.054948
407 0.120804 0.082555 0.796641
2222 0.054654 0.247968 0.697378
405 0.556081 0.155937 0.287983
2241 0.498295 0.360107 0.141598
1225 0.057345 0.040135 0.902520
1839 0.127815 0.021954 0.850230
1837 0.142388 0.039453 0.818159
1838 0.010289 0.043733 0.945978
1837 0.877621 0.030330 0.092049
1226 0.111684 0.680053 0.208263
416 0.012667 0.538799 0.448533
2044 0.579815 0.145827 0.274358
1406 0.067712 0.419041 0.513247
1419 0.365047 0.196947 0.438006
2042 0.218198 0.724706 0.057097
2042 0.840851 0.068347 0.090802
1405 0.111808 0.589282 0.298910
1403 0.460559 0.511494 0.027947
1496 0.273771 0.573755 0.152474
1494 0.238188 0.201810 0.560001
1410 0.334846 0.654457 0.010698
1448 0.431762 0.340379 0.227859
2009 0.092319 0.060027 0.847654
2055 0.577714 0.186766 0.235519
2040 0.199163 0.275791 0.525046
2037 0.658511 0.143349 0.198140
2035 0.523262 0.098024 0.378714
2046 0.500661 0.367861 0.131478
408 0.154528 0.428580 0.416892
396 0.230180 0.085314 0.684507
393 0.043192 0.428656 0.528151
392 0.519390 0.134016 0.346595
412 0.416186 0.441474 0.142341
414 0.358679 0.515164 0.126157
415 0.087902 0.619863 0.292236
416 0.635708 0.066338 0.297954
2042 0.323499 0.021626 0.654876
1405 0.676345 0.016481 0.307174
1404 0.192682 0.552551 0.254767
1497 0.202027 0.585684 0.212289
1497 0.127906 0.086855 0.785239
2009 0.098577 0.573580 0.327843
567 0.419321 0.302710 0.277969
555 0.389299 0.368877 0.241824
554 0.115031 0.240750 0.644219
539 0.132396 0.243123 0.624481
3702 0.443116 0.031392 0.525492
3747 0.415297 0.253992 0.330711
3749 1.000000 0.000000 0.000000
3720 1.000000 0.000000 0.000000
3908 0.000000 0.562608 0.437392
3973 0.136885 0.744607 0.118508
3916 0.055170 0.439628 0.505203
3922 0.309749 0.391265 0.298986
3970 0.397317 0.249303 0.353381
3943 0.246312 0.184719 0.568969
556 0.130122 0.740895 0.128983
559 0.246216 0.248514 0.505270
484 0.688747 0.047802 0.263451
488 0.631054 0.137304 0.231642
4259 0.396410 0.218466 0.385124
3701 0.695473 0.130798 0.173729
3861 0.879634 0.000000 0.120366
3749 0.189797 0.000000 0.810203
3720 0.161453 0.000000 0.838547
3923 0.186518 0.291626 0.521857
3980 0.160300 0.383854 0.455846
3963 0.279629 0.674499 0.045871
3955 0.108828 0.636559 0.254613
3855 0.064819 0.197521 0.737659
574 0.581804 0.319397 0.098799
4308 0.100878 0.615439 0.283682
4358 0.287522 0.297035 0.415443
4388 0.355984 0.123524 0.520492
4388 0.874350 0.015774 0.109876
4341 0.829386 0.000000 0.170614
4343 0.397588 0.440625 0.161786
4309 0.538052 0.458083 0.003865
4348 0.286627 0.692200 0.021173
4349 0.071882 0.756245 0.171872
4313 0.838481 0.099306 0.062214
4310 0.160241 0.660721 0.179038
4327 0.475522 0.040752 0.483726
4366 0.487849 0.218469 0.293683
3684 0.050832 0.859004 0.090165
579 0.431426 0.063733 0.504842
3690 0.054349 0.428028 0.517623
581 0.435019 0.313462 0.251519
580 0.124495 0.422259 0.453246
3687 0.114873 0.112604 0.772523
923 0.002156 0.652849 0.344995
3876 0.571987 0.420467 0.007547
923 0.510305 0.208646 0.281049
3877 0.030895 0.469442 0.499663
3904 0.041459 0.075066 0.883475
4300 0.051359 0.419295 0.529346
4303 0.900337 0.048250 0.051413
4333 0.305080 0.536265 0.158655
4598 0.058405 0.537402 0.404192
4334 0.572271 0.211877 0.215851
4334 0.106375 0.259139 0.634486
4341 0.361689 0.149439 0.488872
4342 0.345452 0.239059 0.415488
4343 0.200586 0.079182 0.720232
4348 0.324126 0.175679 0.500195
4411 0.346444 0.063481 0.590075
4408 0.530323 0.418783 0.050894
578 0.949507 0.014337 0.036156
580 0.798552 0.192338 0.009110
577 0.080192 0.726725 0.193083
3876 0.066083 0.474026 0.459891
4788 0.943057 0.021756 0.035187
4330 0.479676 0.400041 0.120283
4547 0.667312 0.109678 0.223010
4333 0.164992 0.349824 0.485184
4394 0.046749 0.881195 0.072056
4459 0.306488 0.248392 0.445121
4482 0.131877 0.363358 0.504765
4394 0.721027 0.058572 0.220401
4383 0.090386 0.259584 0.650030
3882 0.031005 0.948766 0.020229
4399 0.681646 0.013532 0.304822
4429 0.249492 0.659516 0.090992
4704 0.747590 0.162544 0.089866
4416 0.970338 0.025621 0.004041
4706 0.258830 0.676911 0.064259
4440 0.360454 0.297823 0.341723
4707 0.283793 0.357873 0.358333
4437 0.273183 0.225602 0.501215
2838 0.774895 0.190542 0.034563
2853 0.264471 0.057344 0.678186
2896 0.080030 0.841636 0.078334
2890 0.187150 0.788209 0.024641
2888 0.536079 0.283519 0.180402
2890 0.448844 0.335042 0.216114
2908 0.247371 0.291871 0.460759
2900 0.250309 0.110943 0.638748
2891 0.178453 0.101005 0.720542
2898 0.706019 0.144118 0.149863
2903 0.375721 0.002872 0.621407
2848 0.310197 0.659330 0.030474
4500 0.117559 0.277974 0.604467
4498 0.687863 0.211279 0.100858
2855 0.178823 0.319328 0.501849
4510 0.066655 0.577852 0.355493
4504 0.421005 0.544241 0.034754
4535 0.052611 0.394410 0.552979
4817 0.060426 0.502123 0.437451
4814 0.518776 0.344652 0.136571
4787 0.178036 0.162915 0.659048
4787 0.164147 0.762540 0.073313
592 0.337677 0.530068 0.132255
592 0.828834 0.058480 0.112686
4406 0.262016 0.689865 0.048119
3859 0.094758 0.884774 0.020467
4412 0.039393 0.215457 0.745150
4336 0.014479 0.374884 0.610638
4444 0.569395 0.293685 0.136920
4432 0.043464 0.098300 0.858236
4541 0.174551 0.433919 0.391530
4403 0.381347 0.247095 0.371558
4528 0.110189 0.664917 0.224894
3836 0.223995 0.541375 0.234630
3836 0.023696 0.656756 0.319548
4811 0.524546 0.408126 0.067328
4531 0.604086 0.194667 0.201247
4810 0.105705 0.787384 0.106912
4787 0.689935 0.098470 0.211595
592 0.386238 0.019947 0.593815
4406 0.154366 0.311497 0.534138
4444 0.146850 0.709507 0.143643
4556 0.587409 0.040199 0.372392
4554 0.553204 0.222582 0.224215
4552 0.575260 0.069999 0.354740
4380 0.391669 0.220096 0.388234
4804 0.490879 0.056579 0.452542
3901 0.662870 0.305786 0.031344
3901 0.144642 0.229400 0.625958
3831 0.675887 0.273507 0.050606
3730 0.013298 0.340098 0.646603
3745 0.637958 0.156707 0.205335
3741 0.160276 0.321567 0.518157
3682 0.099613 0.897458 0.002929
3707 0.053862 0.883489 0.062650
4322 0.260152 0.545815 0.194033
4297 0.110162 0.060555 0.829284
4309 0.056898 0.453416 0.489687
4576 0.441131 0.321189 0.237681
2429 0.252014 0.439383 0.308603
2414 0.206677 0.736006 0.057318
2399 0.060853 0.651306 0.287842
2401 0.225078 0.432398 0.342523
4041 0.121820 0.602872 0.275309
4056 0.105171 0.620803 0.274025
352 0.168539 0.463511 0.367950
346 0.452399 0.013086 0.534515
351 0.104024 0.617545 0.278431
475 0.159014 0.717608 0.123378
1871 0.258231 0.138756 0.603013
1872 0.017325 0.723944 0.258731
1844 0.896307 0.072222 0.031471
376 0.381417 0.050166 0.568417
2376 0.155719 0.503039 0.341242
2379 0.229907 0.380864 0.389229
375 0.125136 0.650180 0.224684
376 0.091580 0.732158 0.176262
671 0.522263 0.054871 0.422866
849 0.260688 0.463232 0.276080
673 0.585950 0.230058 0.183993
460 0.105218 0.700906 0.193875
880 0.072730 0.214551 0.712719
855 0.096445 0.324057 0.579498
687 0.549457 0.086346 0.364198
4028 0.026077 0.247233 0.726690
4024 0.434682 0.396369 0.168950
4025 0.231664 0.245479 0.522858
853 0.080170 0.270043 0.649786
855 0.864183 0.073303 0.062515
346 0.182082 0.632480 0.185438
360 0.462985 0.159644 0.377371
1941 0.554648 0.000000 0.445352
1941 0.762158 0.000000 0.237842
1973 0.440936 0.000000 0.559064
1974 0.492951 0.366365 0.140684
1973 0.281332 0.208116 0.510551
1953 0.309768 0.000000 0.690232
1973 0.046957 0.853189 0.099853
1973 0.009466 0.000000 0.990534
1973 0.509194 0.134218 0.356587
1953 0.426340 0.069616 0.504044
2186 1.000000 0.000000 0.000000
1940 0.695565 0.304435 0.000000
1515 0.000000 0.909284 0.090716
2171 0.420988 0.490719 0.088293
2186 1.000000 0.000000 0.000000
2186 1.000000 0.000000 0.000000
1986 0.723820 0.104933 0.171247
340 0.128353 0.261784 0.609862
341 0.269138 0.166101 0.564761
325 0.472316 0.034406 0.493277
337 0.296765 0.065030 0.638205
339 0.121070 0.071306 0.807624
342 0.244190 0.560354 0.195456
380 0.671668 0.263180 0.065152
380 0.001190 0.915511 0.083299
330 0.216979 0.610245 0.172776
333 0.214701 0.772582 0.012717
335 0.525239 0.389171 0.085589
334 0.192439 0.647965 0.159596
434 0.257561 0.106399 0.636039
322 0.576566 0.387168 0.036266
427 0.832388 0.127237 0.040375
324 0.012963 0.191691 0.795346
307 0.714338 0.014429 0.271233
2171 0.571227 0.126951 0.301821
1515 0.504817 0.420196 0.074987
1922 0.035750 0.868952 0.095298
1915 0.681451 0.229458 0.089091
1875 0.484468 0.073852 0.441681
434 0.904982 0.089396 0.005622
432 0.072659 0.793781 0.133559
431 0.087320 0.244767 0.667914
310 0.869319 0.091599 0.039082
309 0.390016 0.075362 0.534623
430 0.062290 0.934715 0.002995
314 0.079945 0.856407 0.063648
313 0.056167 0.937738 0.006094
2193 0.128751 0.656433 0.214817
2192 0.287960 0.568167 0.143873
2396 0.519328 0.217518 0.263155
2397 0.061456 0.591023 0.347522
2418 0.219888 0.484665 0.295446
2417 0.328271 0.654006 0.017723
467 0.819862 0.097342 0.082796
348 0.091213 0.438712 0.470076
373 0.660843 0.299833 0.039324
374 0.100057 0.392642 0.507301
1874 0.244265 0.389685 0.366050
1866 0.196170 0.538300 0.265529
1845 0.074673 0.687321 0.238006
1846 0.706223 0.165694 0.128083
2383 0.496401 0.227751 0.275849
1847 0.543027 0.294112 0.162861
379 0.676389 0.120561 0.203050
468 0.419874 0.425983 0.154143
371 0.300247 0.369653 0.330100
465 0.054759 0.539525 0.405716
496 0.808503 0.128489 0.063008
689 0.812686 0.175597 0.011717
518 0.826322 0.098072 0.075606
1951 0.739611 0.233835 0.026554
518 0.145798 0.685103 0.169100
1470 0.043940 0.709493 0.246567
2323 0.252052 0.506983 0.240965
473 0.037050 0.674740 0.288211
363 0.203328 0.391997 0.404676
1848 0.008633 0.434210 0.557157
423 0.099786 0.386124 0.514090
1956 0.146944 0.224755 0.628301
437 0.181365 0.668087 0.150548
1956 0.143374 0.696827 0.159799
1987 0.377870 0.105637 0.516493
1983 0.119357 0.503537 0.377105
2212 0.182012 0.742414 0.075573
1238 1.000000 0.000000 0.000000
2201 0.426718 0.239367 0.333916
2215 0.358816 0.040430 0.600754
1243 0.353778 0.063251 0.582971
2409 0.820474 0.017486 0.162040
2218 0.303134 0.694730 0.002136
2211 0.305763 0.558385 0.135852
173 0.233154 0.687243 0.079603
2218 0.095568 0.068133 0.836299
175 0.172676 0.564987 0.262336
1796 0.514460 0.095409 0.390131
1794 0.060854 0.658194 0.280952
1583 0.066091 0.576285 0.357624
1584 0.340090 0.082910 0.577001
1582 0.531802 0.112600 0.355598
1337 0.150804 0.485780 0.363416
1792 0.019190 0.494854 0.485957
1585 0.441438 0.320501 0.238062
184 0.330830 0.119372 0.549798
1318 0.206848 0.490302 0.302850
1303 0.592446 0.085297 0.322257
1332 0.000000 0.553232 0.446768
1791 0.229823 0.675742 0.094435
4833 0.147220 0.653388 0.199393
2772 0.003304 0.853378 0.143318
4839 0.268402 0.442475 0.289123
4840 0.282551 0.571365 0.146085
4898 0.429033 0.085688 0.485279
4870 0.259083 0.029767 0.711150
4867 0.040701 0.178342 0.780957
4900 0.323103 0.511555 0.165342
1236 0.085802 0.551590 0.362608
4866 0.096249 0.781959 0.121792
4842 0.302511 0.453529 0.243960
4864 0.680236 0.235852 0.083911
1701 0.461633 0.128439 0.409928
1235 0.107945 0.484416 0.407639
1236 0.702732 0.067852 0.229416
1234 0.372416 0.537774 0.089811
2165 0.127407 0.522654 0.349939
2165 0.417541 0.314231 0.268228
2268 0.271576 0.484833 0.243592
2213 0.522485 0.032139 0.445376
2166 0.285181 0.408318 0.306501
2272 0.154294 0.046184 0.799522
1233 0.236593 0.671460 0.091946
1794 0.706801 0.244196 0.049003
2772 0.111984 0.258944 0.629072
2773 0.680356 0.187735 0.131909
4841 0.410835 0.322801 0.266364
2165 0.006669 0.902423 0.090908
2212 0.626295 0.326608 0.047096
2167 0.126836 0.573526 0.299638
4883 0.338399 0.004907 0.656694
4892 0.432746 0.393132 0.174122
4866 0.038530 0.293284 0.668186
4886 0.556290 0.275614 0.168096
1466 0.341889 0.171402 0.486709
1492 0.205720 0.604108 0.190172
173 0.087249 0.248124 0.664627
169 0.214081 0.545345 0.240574
2217 0.071153 0.152995 0.775852
2217 0.046733 0.582331 0.370937
171 0.207924 0.657441 0.134635
154 0.351796 0.352516 0.295689
171 0.015319 0.074721 0.909960
171 0.424944 0.059324 0.515732
183 0.020098 0.524824 0.455077
172 0.028261 0.009780 0.961959
187 0.467738 0.089990 0.442272
172 0.078946 0.599380 0.321674
178 0.880967 0.067320 0.051713
177 0.152438 0.168305 0.679257
180 0.504400 0.233200 0.262400
163 0.099042 0.481843 0.419115
161 0.312218 0.651775 0.036008
181 0.003022 0.808251 0.188727
1321 0.047352 0.089825 0.862823
181 0.462983 0.537017 0.000000
159 1.000000 0.000000 0.000000
1336 0.192138 0.387810 0.420051
227 1.000000 0.000000 0.000000
179 0.248490 0.203184 0.548326
1240 0.303714 0.568253 0.128033
1284 0.612147 0.283440 0.104413
1231 0.032454 0.000000 0.967546
1684 0.142190 0.411235 0.446575
1576 0.038684 0.525793 0.435523
1789 1.000000 0.000000 0.000000
1787 0.041378 0.223852 0.734770
1575 1.000000 0.000000 0.000000
1575 0.044945 0.390952 0.564103
1685 0.583116 0.252159 0.164725
1574 0.724487 0.000000 0.275513
1332 0.378426 0.382670 0.238904
156 0.617678 0.366596 0.015726
1786 0.499845 0.152571 0.347584
156 0.020819 0.831329 0.147851
185 0.666473 0.297065 0.036462
2179 0.109459 0.604144 0.286398
1333 0.170258 0.284108 0.545634
282 0.257907 0.344129 0.397963
1227 0.086542 0.323399 0.590060
278 0.626234 0.180922 0.192844
186 0.016549 0.258365 0.725086
1286 0.091023 0.870291 0.038686
1286 0.386428 0.272522 0.341050
1228 0.596111 0.206893 0.196995
1232 0.068062 0.127613 0.804326
1280 0.155504 0.460547 0.383949
1284 0.061354 0.592358 0.346288
2999 0.080125 0.262907 0.656968
2998 0.303035 0.035235 0.661729
2473 0.017753 0.793178 0.189069
2982 0.134522 0.348635 0.516843
4645 0.461393 0.385823 0.152784
4649 0.056178 0.629661 0.314161
4650 0.256759 0.729033 0.014207
1763 0.775352 0.215028 0.009620
1580 0.418659 0.046385 0.534956
4848 0.305208 0.388572 0.306220
4849 0.334830 0.246233 0.418937
2580 0.276548 0.208547 0.514904
2473 0.048444 0.181741 0.769815
2591 0.440991 0.520011 0.038999
2581 0.482669 0.014978 0.502353
1237 0.308532 0.103551 0.587916
1237 0.726124 0.098495 0.175381
1720 0.544293 0.408620 0.047086
4897 0.307778 0.086569 0.605653
4885 0.320133 0.149458 0.530408
1718 0.634563 0.234917 0.130520
1719 0.902633 0.066731 0.030636
2165 0.668880 0.133006 0.198114
2272 0.318980 0.397401 0.283619
4864 0.027436 0.403145 0.569419
4865 0.683347 0.204221 0.112432
4843 0.118326 0.428507 0.453166
4833 0.339689 0.139807 0.520505
4836 0.343176 0.246879 0.409946
4894 0.574847 0.148637 0.276516
4865 0.040977 0.117423 0.841600
4886 0.153542 0.194752 0.651706
1466 0.071602 0.621772 0.306626
1467 0.644721 0.065839 0.289440
1265 0.401745 0.160344 0.437912
1287 0.104791 0.483088 0.412121
1227 0.959581 0.027857 0.012562
2169 0.099782 0.658319 0.241899
2205 0.177684 0.634418 0.187897
2205 0.015019 0.186995 0.797986
2169 0.025517 0.190501 0.783983
2167 0.941290 0.013784 0.044926
2168 0.547048 0.341005 0.111947
2273 0.557730 0.016828 0.425443
2274 0.505151 0.091214 0.403635
1491 0.912375 0.002919 0.084707
1472 0.500808 0.432776 0.066416
1521 0.897128 0.009104 0.093769
1519 0.576990 0.316495 0.106515
1521 0.304712 0.420643 0.274645
1521 0.334817 0.033407 0.631776
1926 0.647033 0.039534 0.313432
1522 0.036460 0.741569 0.221972
2206 0.660867 0.146826 0.192307
2207 0.322995 0.512213 0.164792
2208 0.064177 0.236356 0.699467
2208 0.262801 0.540083 0.197116
2209 0.277435 0.396535 0.326030
2209 0.805356 0.161287 0.033358
2203 0.690610 0.222351 0.087040
2203 0.135346 0.463428 0.401225
2183 0.112077 0.548325 0.339598
2182 0.065392 0.871051 0.063556
2182 1.000000 0.000000 0.000000
2182 0.512503 0.414789 0.072708
2200 0.502724 0.180414 0.316862
2200 0.966265 0.032356 0.001379
2162 0.442524 0.304606 0.252871
2162 0.003927 0.560587 0.435486
1526 0.533769 0.102631 0.363600
1947 0.255051 0.105643 0.639306
1525 0.129333 0.136613 0.734054
1924 0.282234 0.675020 0.042746
1927 0.156277 0.320234 0.523489
1522 0.136934 0.196580 0.666486
1924 0.268357 0.092156 0.639487
1524 0.217071 0.538632 0.244297
421 0.232709 0.585680 0.181611
437 0.593957 0.075349 0.330695
1983 0.308893 0.216605 0.474501
1860 0.390554 0.609446 0.000000
1516 0.439250 0.145770 0.414980
2187 0.476680 0.149930 0.373389
1975 0.473041 0.089541 0.437418
1941 0.040783 0.051343 0.907875
1974 0.024591 0.610233 0.365176
1938 0.567576 0.196775 0.235649
1939 0.367120 0.610665 0.022215
1916 0.061074 0.156037 0.782888
1918 0.247407 0.724563 0.028030
1974 0.086859 0.133478 0.779663
1976 0.206213 0.640297 0.153490
2189 0.419416 0.214076 0.366507
2187 0.041814 0.572715 0.385471
2296 0.003279 0.806048 0.190674
2174 0.170908 0.505764 0.323328
2173 0.649577 0.096743 0.253679
1913 0.132708 0.275491 0.591801
1517 0.559873 0.277299 0.162827
1914 0.099416 0.764001 0.136583
445 0.673987 0.149338 0.176675
1981 0.239177 0.285590 0.475232
2286 0.259392 0.740608 0.000000
1979 0.339975 0.411877 0.248148
1989 0.071185 0.666231 0.262583
1961 0.498491 0.347650 0.153859
1960 0.519759 0.363624 0.116618
1963 0.172135 0.728439 0.099425
1962 0.167462 0.427500 0.405039
436 0.883772 0.077743 0.038485
1963 0.463154 0.151070 0.385776
424 0.416333 0.247234 0.336434
1964 0.260507 0.204634 0.534859
443 0.483329 0.125880 0.390791
420 0.320945 0.135881 0.543174
336 0.371342 0.474066 0.154591
1862 0.236869 0.251574 0.511557
1861 0.163187 0.609016 0.227797
1863 0.401757 0.249596 0.348647
2197 0.607863 0.206660 0.185477
2184 0.420835 0.487235 0.091930
2219 0.190866 0.673404 0.135731
2271 0.019852 0.433629 0.546519
1472 0.048884 0.918680 0.032436
1519 0.179705 0.714027 0.106268
1519 0.218306 0.077103 0.704590
1926 0.267990 0.410363 0.321648
1927 0.121794 0.679387 0.198819
1925 0.323619 0.329386 0.346995
1924 0.668958 0.131636 0.199406
1946 0.355714 0.111171 0.533115
1934 0.228715 0.266997 0.504288
1950 0.505781 0.175894 0.318324
1949 0.357560 0.523076 0.119364
1948 0.482446 0.310391 0.207163
1942 0.286042 0.258083 0.455874
1943 0.578659 0.120814 0.300526
2393 0.475966 0.129952 0.394082
2196 0.090649 0.535346 0.374005
2220 0.216422 0.526895 0.256683
2198 0.698240 0.301760 0.000000
2186 1.000000 0.000000 0.000000
2171 0.025243 0.974757 0.000000
2270 0.302052 0.581832 0.116115
2270 0.501632 0.056948 0.441420
1513 0.144529 0.485548 0.369923
1514 0.248380 0.675379 0.076241
1944 0.227852 0.565313 0.206835
1944 0.431207 0.000000 0.568793
1944 0.779304 0.035011 0.185685
1922 0.442507 0.296804 0.260689
1923 0.582984 0.128128 0.288888
1923 0.165893 0.658561 0.175546
1923 0.110918 0.031046 0.858036
1928 0.341666 0.296290 0.362044
1971 0.043902 0.197964 0.758134
1971 0.262378 0.644608 0.093014
1970 0.225803 0.570677 0.203521
1971 0.673016 0.212555 0.114429
1970 0.240318 0.161453 0.598230
1988 0.004796 0.136027 0.859177
1972 0.284876 0.147569 0.567555
1934 0.009592 0.026034 0.964375
1972 0.945088 0.033939 0.020972
1950 0.013854 0.432232 0.553913
1986 0.052086 0.462652 0.485261
1920 0.053878 0.805210 0.140912
1953 0.062201 0.828289 0.109509
1920 0.504475 0.323441 0.172084
1953 0.392337 0.512660 0.095003
1921 0.848369 0.064014 0.087617
1953 0.704172 0.217547 0.078281
1931 0.301014 0.613891 0.085095
1933 0.286160 0.651601 0.062239
1974 0.930279 0.069721 0.000000
1940 0.660374 0.212285 0.127341
1940 0.621120 0.378880 0.000000
2388 0.527974 0.472026 0.000000
2388 0.199019 0.735209 0.065772
2211 0.294957 0.104728 0.600315
2202 0.390016 0.456161 0.153823
2218 0.736332 0.087357 0.176311
2216 0.454897 0.201565 0.343538
2217 0.681747 0.044058 0.274195
188 0.649947 0.077436 0.272618
187 0.164820 0.719205 0.115975
2200 0.022871 0.284288 0.692841
2160 0.665477 0.332824 0.001698
1320 0.162034 0.069168 0.768797
1320 0.058154 0.843483 0.098364
1523 0.333175 0.644256 0.022569
1529 0.599315 0.221090 0.179595
1529 0.009498 0.576928 0.413574
1492 0.415829 0.046910 0.537261
1468 0.339298 0.088583 0.572119
2272 0.694977 0.202318 0.102705
2273 0.369543 0.423320 0.207136
2166 0.648735 0.162817 0.188448
2167 0.178969 0.167320 0.653710
1937 0.550007 0.231278 0.218715
2298 0.386106 0.299727 0.314167
2190 0.334204 0.493183 0.172613
2175 0.363817 0.500377 0.135807
1469 0.286983 0.601804 0.111213
1951 0.085776 0.100465 0.813759
450 0.410848 0.100614 0.488538
1967 0.232821 0.199351 0.567828
1967 0.099357 0.875601 0.025042
1856 0.476720 0.370085 0.153195
1853 0.220608 0.506712 0.272680
1854 0.660240 0.057870 0.281890
1849 0.300336 0.530067 0.169597
1841 0.640487 0.181404 0.178109
1977 0.042316 0.456475 0.501209
1919 0.289884 0.651751 0.058365
2319 0.315627 0.247332 0.437041
2416 0.468011 0.328653 0.203335
521 0.557183 0.104106 0.338711
689 0.127122 0.234096 0.638781
688 0.385806 0.135177 0.479017
523 0.587649 0.328147 0.084204
497 0.166658 0.346821 0.486521
470 0.524958 0.453805 0.021237
477 0.536351 0.389296 0.074354
350 0.412680 0.530138 0.057182
362 0.152410 0.191836 0.655754
1844 0.041382 0.060287 0.898330
1843 0.581965 0.281707 0.136328
1857 0.021460 0.395170 0.583371
2380 0.642460 0.114664 0.242876
2398 0.336691 0.183408 0.479902
2440 0.271164 0.367524 0.361311
2430 0.228990 0.552464 0.218546
880 0.477747 0.102285 0.419968
853 0.656043 0.117862 0.226094
472 0.328634 0.432011 0.239355
460 0.527240 0.224777 0.247983
352 0.468477 0.087607 0.443916
345 0.739023 0.076280 0.184697
345 0.150750 0.458909 0.390342
378 0.352386 0.446938 0.200676
1870 0.009784 0.910911 0.079305
1871 0.175685 0.627790 0.196526
2377 0.615068 0.289330 0.095602
2402 0.356714 0.243266 0.400020
2191 0.174576 0.704733 0.120691
2395 0.055553 0.443487 0.500960
1865 0.421087 0.100086 0.478826
1840 0.290334 0.278627 0.431039
1847 0.081350 0.749266 0.169384
1851 0.003369 0.922823 0.073808
373 0.072776 0.851466 0.075758
1854 0.009139 0.854967 0.135894
1876 0.150506 0.728009 0.121486
1966 0.399094 0.499441 0.101464
473 0.906377 0.053383 0.040240
448 0.550840 0.363197 0.085963
1952 0.655410 0.267467 0.077123
1469 0.286641 0.048137 0.665222
2176 0.265249 0.669039 0.065713
2440 0.568467 0.267270 0.164264
2431 0.391761 0.289934 0.318305
879 0.002029 0.577881 0.420089
796 1.000000 0.000000 0.000000
472 0.301359 0.182375 0.516267
461 0.140734 0.392558 0.466709
355 0.546314 0.091103 0.362583
357 0.372711 0.320098 0.307191
357 0.908921 0.015315 0.075764
377 0.554956 0.263566 0.181478
1870 0.058441 0.459148 0.482412
1869 0.279810 0.425725 0.294465
2390 0.041604 0.787326 0.171070
2402 0.791583 0.107924 0.100493
1601 0.103170 0.505365 0.391465
1227 0.369120 0.532205 0.098675
1289 0.098691 0.714598 0.186711
1290 0.303003 0.674089 0.022908
1571 0.568797 0.319654 0.111549
1543 0.547978 0.122472 0.329550
1586 0.661176 0.064978 0.273846
1573 0.466994 0.310067 0.222939
277 0.510993 0.464858 0.024149
1624 0.048027 0.853060 0.098914
1605 0.325511 0.546061 0.128428
1626 0.162837 0.337591 0.499572
1602 0.529702 0.157548 0.312750
2147 0.021416 0.327820 0.650764
1785 0.029777 0.720082 0.250141
1631 0.315398 0.519762 0.164840
1633 0.319407 0.631578 0.049015
1641 0.188293 0.589428 0.222279
1642 0.282604 0.558837 0.158558
1639 0.693263 0.058548 0.248189
1635 0.154412 0.377609 0.467979
1629 0.291484 0.310877 0.397640
1609 0.100556 0.716097 0.183347
2164 0.563369 0.304423 0.132209
280 0.054845 0.827575 0.117580
278 0.000000 0.379655 0.620345
1502 0.210880 0.504136 0.284984
752 0.223948 0.094903 0.681150
763 0.346472 0.246819 0.406709
2003 0.369396 0.264281 0.366323
1398 0.066761 0.357359 0.575879
1443 0.250164 0.432550 0.317286
1413 0.666327 0.168451 0.165223
1413 0.206302 0.657729 0.135969
1434 0.625290 0.282905 0.091805
1724 0.034351 0.025127 0.940522
1559 0.112140 0.399333 0.488527
1555 0.203903 0.157101 0.638997
1555 0.147702 0.760244 0.092054
1446 0.887811 0.021140 0.091049
1445 0.243421 0.540231 0.216349
841 0.760172 0.005303 0.234525
1503 0.073916 0.778803 0.147282
3926 0.000000 0.901068 0.098932
1566 0.633933 0.264095 0.101972
1565 0.236586 0.296145 0.467268
1551 0.173374 0.078974 0.747652
1548 0.447969 0.426716 0.125315
1533 0.431525 0.228091 0.340383
1391 0.403906 0.302749 0.293345
1648 0.698623 0.276722 0.024655
2479 0.396208 0.431255 0.172537
1650 0.310853 0.222835 0.466312
1649 0.847537 0.064552 0.087911
1649 0.291128 0.465146 0.243726
1650 0.178004 0.740781 0.081215
1663 0.384741 0.044251 0.571008
1550 0.595985 0.393821 0.010194
2479 0.417820 0.065073 0.517107
1652 0.576564 0.345982 0.077454
1561 0.311405 0.651682 0.036912
1562 0.146699 0.653701 0.199600
1564 0.393400 0.509479 0.097121
1747 0.528884 0.034906 0.436211
1749 0.503144 0.315919 0.180937
1759 0.528734 0.248468 0.222798
1751 0.179066 0.402981 0.417952
1727 0.397232 0.062832 0.539936
2361 0.195406 0.618997 0.185596
981 0.356880 0.550653 0.092468
989 0.663657 0.119282 0.217062
963 0.209034 0.254360 0.536606
