1585 0.305538 0.050669 0.643794
14397 0.386345 0.222248 0.391407
18001 0.634433 0.015102 0.350464
955 0.169939 0.463915 0.366146
4819 0.186537 0.101220 0.712243
17019 0.574651 0.358290 0.067058
14128 0.390986 0.056473 0.552540
2051 0.608369 0.211791 0.179840
1541 0.164398 0.755411 0.080191
1436 0.007246 0.992754 0.000000
16989 0.142620 0.136727 0.720653
479 0.309235 0.437018 0.253747
2335 0.423590 0.342888 0.233522
2163 0.366416 0.417148 0.216436
3059 0.460277 0.000000 0.539723
2312 0.000000 0.400334 0.599666
4763 0.101921 0.349586 0.548493
881 0.705980 0.136479 0.157542
17778 0.128459 0.275455 0.596086
1374 0.012785 0.946301 0.040914
17943 0.199703 0.712806 0.087490
18095 0.256263 0.077456 0.666281
4894 0.599258 0.116198 0.284544
4305 0.226640 0.675295 0.098065
4725 0.119284 0.411424 0.469292
4585 0.644699 0.112670 0.242630
4650 0.425089 0.396225 0.178686
17237 0.179372 0.543814 0.276814
4741 0.821964 0.078952 0.099084
963 0.227550 0.114895 0.657554
19251 0.491950 0.287566 0.220484
17439 0.002463 0.066262 0.931275
1661 0.204236 0.434373 0.361391
1807 0.694820 0.215689 0.089491
1584 0.775599 0.057758 0.166642
14183 0.364561 0.034830 0.600609
14424 0.679146 0.005698 0.315157
14138 0.658711 0.128718 0.212570
17085 0.472446 0.096812 0.430742
15228 0.467488 0.389236 0.143276
14407 0.110215 0.544853 0.344933
1490 0.377775 0.473719 0.148505
14207 0.335110 0.396689 0.268201
21295 0.011889 0.070111 0.918000
2449 0.126937 0.458009 0.415054
16380 0.467910 0.141739 0.390350
16372 0.662296 0.270428 0.067276
1837 0.081315 0.228706 0.689979
444 0.028875 0.024081 0.947044
440 0.339849 0.224455 0.435695
501 0.020999 0.335204 0.643797
21918 0.660662 0.325638 0.013701
14517 0.529045 0.249938 0.221017
2342 0.596884 0.076483 0.326633
2386 0.292432 0.022385 0.685182
14548 0.029086 0.233067 0.737848
1789 0.015154 0.146821 0.838026
15097 0.166671 0.602853 0.230476
517 0.740326 0.112246 0.147429
14978 0.119416 0.867455 0.013128
14999 0.335476 0.102472 0.562052
14625 0.127428 0.734151 0.138421
14609 0.006240 0.712934 0.280826
458 0.334487 0.234417 0.431096
9478 0.031100 0.794289 0.174611
14762 0.583147 0.071810 0.345043
16370 0.081581 0.792213 0.126205
9495 0.468981 0.531019 0.000000
16431 0.257103 0.540111 0.202786
9346 0.307327 0.024480 0.668192
14595 0.166236 0.077492 0.756272
14682 0.092855 0.705892 0.201253
2019 0.217208 0.636469 0.146323
2082 0.372720 0.545749 0.081531
21356 0.513173 0.065220 0.421607
1053 0.587279 0.037122 0.375598
2005 0.539298 0.176932 0.283770
14352 0.114856 0.337543 0.547601
14358 0.059266 0.322380 0.618354
383 0.250685 0.323989 0.425325
21867 0.305425 0.021103 0.673472
2359 0.101803 0.451866 0.446331
21370 0.001307 0.538458 0.460235
14560 0.337376 0.078329 0.584295
1829 0.048340 0.788660 0.163000
14694 0.439065 0.166931 0.394003
14690 0.129077 0.119201 0.751722
14377 0.073253 0.895474 0.031273
14181 0.322744 0.236760 0.440497
1653 0.031982 0.837008 0.131010
1817 0.188687 0.076282 0.735031
14631 0.459294 0.290176 0.250530
4723 0.038607 0.752338 0.209055
22278 0.199876 0.449613 0.350511
14661 0.633159 0.088998 0.277843
2315 0.003527 0.058007 0.938466
9492 0.149408 0.272980 0.577612
16379 0.645070 0.226716 0.128213
1537 0.196973 0.324372 0.478655
14272 0.025287 0.186271 0.788442
17504 0.513195 0.246431 0.240374
1706 0.170384 0.697949 0.131667
1724 0.156705 0.570556 0.272740
14250 0.064988 0.411479 0.523533
1605 0.875668 0.040501 0.083830
18227 0.096483 0.112244 0.791273
1296 0.038677 0.121646 0.839677
17702 0.688047 0.233491 0.078462
1144 0.076950 0.200205 0.722845
21603 0.365004 0.160998 0.473998
1349 0.144070 0.834411 0.021518
17833 0.141176 0.504985 0.353838
1358 0.272065 0.502360 0.225575
17927 0.042796 0.324212 0.632992
21592 0.220770 0.591506 0.187724
1285 0.327999 0.219235 0.452766
200 0.043101 0.680658 0.276240
525 0.174623 0.090183 0.735194
17902 0.199589 0.782625 0.017786
17919 0.721214 0.058639 0.220147
1313 0.584671 0.415329 0.000000
322 0.259621 0.738885 0.001493
1044 0.408460 0.368348 0.223192
17963 0.850459 0.080746 0.068795
17661 0.120557 0.228904 0.650539
17616 0.143765 0.714442 0.141793
335 0.428583 0.194347 0.377070
332 0.302679 0.381063 0.316258
269 0.087360 0.241866 0.670774
1016 0.246035 0.053224 0.700740
903 0.270848 0.706459 0.022692
711 0.568961 0.357411 0.073628
737 0.356329 0.390440 0.253231
17705 0.408291 0.525356 0.066352
18232 0.207123 0.427301 0.365576
14283 0.683845 0.089180 0.226975
17946 0.198673 0.413105 0.388222
1029 0.160942 0.604815 0.234243
17076 0.085325 0.713981 0.200695
18017 0.755233 0.183883 0.060885
17108 0.389195 0.381318 0.229487
17892 0.342952 0.344866 0.312182
1395 0.130695 0.611186 0.258120
17717 0.480364 0.092267 0.427369
1191 0.824520 0.109684 0.065796
4757 0.796569 0.014411 0.189020
4295 0.629894 0.180622 0.189485
277 0.447132 0.292477 0.260391
21171 0.275500 0.271659 0.452842
21210 0.910239 0.041308 0.048453
21193 0.242375 0.751701 0.005924
607 0.365153 0.527172 0.107675
1236 0.078740 0.187780 0.733481
838 0.135622 0.631535 0.232844
1169 0.098031 0.746108 0.155861
1226 0.069495 0.697679 0.232826
1084 0.097406 0.720751 0.181843
18292 0.150139 0.164998 0.684863
805 0.057884 0.000000 0.942116
17033 0.119615 0.467705 0.412681
18218 0.133808 0.201314 0.664878
18245 0.159250 0.344815 0.495935
22330 0.100234 0.103385 0.796381
4623 0.589867 0.158673 0.251460
708 0.811451 0.011562 0.176988
858 0.075182 0.122578 0.802240
865 0.407764 0.012829 0.579406
17900 0.117390 0.305572 0.577037
19517 0.289694 0.675546 0.034759
716 0.424426 0.491018 0.084556
18210 0.133627 0.234356 0.632017
14316 0.534226 0.096596 0.369178
21167 0.060901 0.559046 0.380053
21155 0.216437 0.208603 0.574961
434 0.487164 0.485745 0.027091
21714 0.598494 0.130489 0.271017
21278 0.102559 0.115547 0.781893
21651 0.265212 0.361153 0.373635
21665 0.413434 0.180520 0.406046
173 0.448660 0.302901 0.248440
599 0.410975 0.358753 0.230272
19420 0.619950 0.199530 0.180520
4493 0.138484 0.699434 0.162082
19087 0.235328 0.206447 0.558225
4499 0.090290 0.082111 0.827599
17276 0.402585 0.012823 0.584592
100 0.546823 0.337570 0.115608
369 0.025536 0.247174 0.727291
15308 0.051607 0.448638 0.499755
14929 0.134141 0.475590 0.390269
2661 0.357554 0.283859 0.358587
15422 0.086564 0.600930 0.312506
15186 0.848185 0.009295 0.142520
15421 0.624228 0.012800 0.362972
2618 0.528934 0.303817 0.167249
14890 0.124424 0.109937 0.765640
14779 0.057387 0.922460 0.020153
2660 0.650238 0.237872 0.111890
2587 0.233685 0.672650 0.093666
5006 0.801068 0.198932 0.000000
19362 0.022192 0.365922 0.611886
19413 0.827662 0.035901 0.136438
4958 0.676862 0.259455 0.063683
4938 0.068457 0.144871 0.786672
19384 0.420699 0.021310 0.557991
19570 0.163842 0.249472 0.586686
19553 0.091199 0.371623 0.537177
19696 0.175903 0.461833 0.362264
4402 0.000815 0.499847 0.499338
17394 0.457498 0.266735 0.275767
18856 0.378044 0.047103 0.574853
19284 0.107417 0.789075 0.103509
5310 0.054167 0.198158 0.747675
5452 0.075150 0.535777 0.389073
19317 0.094772 0.203108 0.702120
5455 0.262678 0.564118 0.173204
16394 0.008665 0.289472 0.701863
3412 0.044811 0.029185 0.926004
5372 0.495555 0.362046 0.142399
19472 0.373516 0.307048 0.319436
19182 0.187817 0.238572 0.573611
2872 0.495893 0.326419 0.177688
4460 0.636971 0.075577 0.287452
18853 0.320859 0.425434 0.253706
19146 0.671742 0.057110 0.271148
5489 0.712596 0.201374 0.086030
4446 0.321868 0.510940 0.167193
18489 0.464746 0.310444 0.224811
5407 0.068291 0.323536 0.608174
4404 0.122901 0.327643 0.549456
16458 0.296788 0.644151 0.059062
5281 0.291315 0.031220 0.677464
9209 0.225214 0.223963 0.550823
3299 0.474389 0.090706 0.434905
19490 0.020353 0.712268 0.267379
5398 0.109428 0.876431 0.014142
19440 0.125075 0.733250 0.141674
18867 0.472392 0.254973 0.272635
3276 0.190781 0.619989 0.189230
9432 0.000000 0.472440 0.527560
5459 0.000000 0.526407 0.473593
19288 0.351933 0.467962 0.180106
5463 0.218674 0.066059 0.715267
19292 0.511450 0.484065 0.004485
18991 0.689355 0.235918 0.074727
3104 0.128129 0.109900 0.761971
2933 0.343423 0.500677 0.155900
2987 0.282098 0.433845 0.284057
2856 0.380912 0.458122 0.160966
2929 0.489957 0.108359 0.401684
4924 0.276304 0.256867 0.466829
9161 0.200314 0.422218 0.377469
2896 0.754979 0.134861 0.110160
18954 0.370404 0.239062 0.390534
9309 0.510655 0.295546 0.193799
9298 0.186452 0.281962 0.531586
16505 0.909728 0.023998 0.066274
16314 0.443597 0.395703 0.160700
9737 0.564981 0.295749 0.139271
9733 0.196306 0.165388 0.638306
9219 0.318353 0.249774 0.431873
16391 0.115152 0.821895 0.062953
2966 0.403515 0.380051 0.216434
2953 0.901487 0.057659 0.040854
18834 0.144750 0.130542 0.724708
19492 0.037057 0.731539 0.231404
5384 0.330546 0.246651 0.422803
16287 0.102428 0.460661 0.436911
16589 0.689389 0.142460 0.168151
16819 0.572636 0.211100 0.216264
9649 0.302938 0.697062 0.000000
9294 0.357451 0.081716 0.560833
16349 0.382750 0.155759 0.461491
16713 0.108728 0.371681 0.519591
9809 0.447045 0.071518 0.481438
16802 0.134349 0.807505 0.058147
18826 0.008076 0.453653 0.538271
18463 0.569833 0.329578 0.100588
3310 0.761140 0.197628 0.041232
5531 0.314975 0.348429 0.336596
9192 0.632240 0.319366 0.048394
16513 0.036418 0.422892 0.540690
18503 0.144228 0.843615 0.012157
5529 0.128353 0.483718 0.387929
16493 0.060415 0.453816 0.485769
19065 0.191172 0.456163 0.352665
3338 0.191685 0.656502 0.151813
9183 0.434241 0.203875 0.361885
16475 0.102888 0.142238 0.754874
9249 0.390928 0.282102 0.326971
9776 0.191187 0.600545 0.208267
9299 0.767910 0.153133 0.078957
18485 0.120027 0.245933 0.634039
5572 0.794065 0.141151 0.064783
3396 0.056839 0.907575 0.035585
18343 0.248700 0.052122 0.699178
18340 0.709181 0.116537 0.174282
3500 0.838082 0.100683 0.061235
5418 0.770690 0.061606 0.167704
18912 0.224451 0.451188 0.324360
3160 0.856493 0.055286 0.088221
16960 0.371040 0.347104 0.281857
4861 0.484505 0.133186 0.382309
3017 0.662919 0.034290 0.302791
4847 0.374189 0.523201 0.102610
4854 0.143366 0.364565 0.492069
4873 0.558948 0.021832 0.419220
4857 0.000000 0.710594 0.289406
16938 0.108458 0.857282 0.034259
4844 0.000000 0.861325 0.138675
9583 0.013900 0.983027 0.003073
18305 0.543464 0.061480 0.395056
3344 0.140123 0.723577 0.136300
3453 0.351334 0.446993 0.201673
3507 0.433746 0.440475 0.125779
18309 0.033662 0.457100 0.509239
3444 0.677456 0.286951 0.035593
3512 0.105539 0.400239 0.494222
3248 0.035944 0.317544 0.646512
18574 0.470224 0.119330 0.410446
18579 0.036335 0.281368 0.682298
18629 0.243716 0.721027 0.035257
18589 0.251490 0.317054 0.431456
3375 0.119016 0.076546 0.804438
3242 0.206732 0.355147 0.438121
3427 0.294879 0.612590 0.092532
3451 0.215668 0.259042 0.525290
3212 0.047761 0.634846 0.317393
4576 0.329937 0.352896 0.317167
14259 0.355846 0.632263 0.011891
4910 0.691876 0.022179 0.285945
1646 0.870918 0.121071 0.008011
1614 0.069554 0.177478 0.752968
4766 0.515817 0.261268 0.222914
18426 0.259636 0.288208 0.452156
18495 0.420934 0.109140 0.469927
14500 0.046651 0.800257 0.153092
9408 0.703943 0.167332 0.128724
19447 0.029231 0.448941 0.521828
781 0.269857 0.423315 0.306828
19027 0.315801 0.548828 0.135371
4423 0.389995 0.386551 0.223453
19202 0.055443 0.123096 0.821461
513 0.140227 0.749533 0.110240
449 0.179061 0.619903 0.201035
473 0.686514 0.273460 0.040026
21913 0.262145 0.690057 0.047798
15015 0.025609 0.295686 0.678705
14219 0.314369 0.290992 0.394639
2345 0.122023 0.788622 0.089355
17658 0.131572 0.681730 0.186698
17679 0.177653 0.254170 0.568177
1313 0.823852 0.176148 0.000000
17780 0.194359 0.706357 0.099284
1058 0.330456 0.424330 0.245215
1129 0.189680 0.693179 0.117141
17889 0.130758 0.026797 0.842445
1313 0.560621 0.439379 0.000000
18124 0.250063 0.744209 0.005728
17634 0.647227 0.160378 0.192395
1133 0.011701 0.806687 0.181612
17903 0.512449 0.378537 0.109014
1218 0.603754 0.368213 0.028033
1342 0.439631 0.358787 0.201582
223 0.209184 0.135540 0.655276
241 0.718344 0.049115 0.232541
1232 0.101327 0.091483 0.807191
1147 0.038623 0.818396 0.142981
1348 0.103015 0.256965 0.640021
21430 0.553234 0.071179 0.375587
387 0.102991 0.866581 0.030428
292 0.306952 0.516700 0.176348
294 0.133900 0.263586 0.602513
296 0.047661 0.865026 0.087312
338 0.553542 0.359297 0.087162
40 0.781746 0.042658 0.175596
279 0.779552 0.130536 0.089912
21773 0.461417 0.324183 0.214401
210 0.621943 0.093132 0.284926
21514 0.524515 0.215638 0.259846
205 0.294342 0.257483 0.448175
619 0.175765 0.649391 0.174845
21274 0.183714 0.229554 0.586732
168 0.490261 0.377769 0.131970
79 0.050778 0.332351 0.616871
12 0.062796 0.379679 0.557525
21437 0.819803 0.083916 0.096281
149 0.664576 0.325468 0.009956
206 0.003690 0.405484 0.590826
41 0.514162 0.150949 0.334889
21672 0.478676 0.509666 0.011658
396 0.684702 0.205504 0.109794
622 0.142753 0.313816 0.543432
21503 0.456514 0.474251 0.069235
187 0.666885 0.006846 0.326269
17935 0.080469 0.341353 0.578178
21593 0.706457 0.275901 0.017642
243 0.580484 0.356270 0.063245
2264 0.044027 0.843140 0.112833
2281 0.097154 0.201731 0.701114
9486 0.427607 0.520090 0.052303
9350 0.338056 0.206396 0.455548
14709 0.183985 0.162886 0.653128
16433 0.218116 0.132215 0.649669
14805 0.782337 0.159894 0.057770
14591 0.063756 0.390768 0.545476
2674 0.784658 0.034439 0.180903
2561 0.514561 0.002974 0.482465
2486 0.349953 0.255675 0.394373
2277 0.010437 0.614202 0.375360
1919 0.395737 0.202453 0.401810
14442 0.685999 0.199131 0.114870
14433 0.147112 0.178338 0.674551
1862 0.075057 0.114460 0.810483
1883 0.238022 0.511548 0.250430
1900 0.063842 0.291438 0.644720
1912 0.184679 0.219911 0.595411
1918 0.715281 0.169956 0.114763
1849 0.218539 0.017816 0.763646
16825 0.216012 0.243040 0.540948
9528 0.591786 0.408214 0.000000
19079 0.554146 0.069624 0.376230
18400 0.023995 0.847024 0.128980
5524 0.754686 0.121041 0.124273
9210 0.339833 0.564891 0.095276
19041 0.166866 0.786409 0.046725
19049 0.642864 0.280004 0.077131
16474 0.358027 0.488001 0.153972
9253 0.600163 0.211909 0.187928
2923 0.538340 0.413951 0.047709
3108 0.535654 0.192987 0.271359
2880 0.397607 0.542839 0.059554
3129 0.426749 0.318881 0.254370
18705 0.412257 0.401447 0.186296
18692 0.275745 0.268060 0.456195
18726 0.128126 0.238327 0.633546
4881 0.750763 0.029675 0.219563
16937 0.188910 0.425323 0.385767
3080 0.046458 0.548401 0.405141
19223 0.110577 0.832232 0.057191
19475 0.023222 0.647592 0.329185
3007 0.345391 0.375895 0.278714
14530 0.015168 0.923386 0.061446
2147 0.122376 0.017874 0.859750
14544 0.642730 0.069573 0.287696
1894 0.424981 0.070848 0.504171
9337 0.462973 0.515005 0.022022
15066 0.409414 0.030640 0.559946
2135 0.185589 0.055013 0.759398
16557 0.520323 0.195467 0.284210
18529 0.585511 0.079532 0.334957
18996 0.117641 0.528886 0.353472
9881 0.105894 0.531782 0.362324
18539 0.449396 0.153945 0.396659
15567 0.870047 0.121266 0.008687
16676 0.297345 0.571538 0.131118
18816 0.345820 0.214564 0.439616
19011 0.079305 0.267842 0.652853
5434 0.137209 0.475907 0.386884
19450 0.017646 0.103764 0.878590
1729 0.446992 0.399868 0.153139
1737 0.293805 0.545509 0.160686
18169 0.175672 0.301604 0.522724
18184 0.427049 0.381042 0.191909
5235 0.053813 0.591089 0.355098
5516 0.308462 0.363110 0.328428
19125 0.148449 0.311511 0.540040
5511 0.003645 0.000028 0.996327
19561 0.285565 0.414161 0.300274
5006 0.230525 0.709248 0.060228
5197 0.328968 0.157741 0.513291
19387 0.230536 0.639936 0.129528
19408 0.387318 0.002781 0.609901
19551 0.138793 0.741123 0.120085
5070 0.857906 0.000268 0.141825
5056 0.828963 0.025678 0.145359
4966 0.902475 0.097525 0.000000
5081 0.808099 0.036055 0.155846
19400 0.157527 0.787857 0.054616
19359 0.002454 0.324824 0.672721
19579 0.616220 0.112481 0.271299
4966 0.233837 0.000000 0.766163
5003 0.435397 0.146131 0.418472
5031 0.000000 0.777711 0.222289
2843 0.124706 0.072432 0.802862
2903 0.172793 0.019148 0.808058
5506 0.290749 0.514148 0.195104
5440 0.091468 0.461336 0.447196
3400 0.281355 0.111430 0.607215
18410 0.560824 0.148581 0.290595
3005 0.373324 0.321394 0.305283
3258 0.146493 0.637966 0.215540
18820 0.441020 0.437280 0.121700
3808 0.002918 0.763722 0.233359
8563 0.938998 0.047919 0.013083
16826 0.388515 0.089974 0.521511
17468 0.189974 0.600733 0.209293
9612 0.259568 0.302596 0.437836
3742 0.161970 0.838030 0.000000
3266 0.003962 0.235271 0.760768
18553 0.098881 0.807533 0.093586
11340 0.166973 0.515608 0.317419
4324 0.196575 0.562550 0.240875
15865 0.324776 0.296036 0.379188
5354 0.837099 0.033491 0.129410
19278 0.460950 0.187376 0.351675
16525 0.415968 0.010314 0.573717
16061 0.038303 0.635470 0.326227
16671 0.417076 0.049504 0.533420
19339 0.374065 0.535818 0.090117
5570 0.786020 0.189616 0.024364
9189 0.267865 0.499236 0.232899
9535 0.395202 0.061114 0.543685
16059 0.209943 0.542948 0.247109
15629 0.560784 0.159216 0.280000
4631 0.914863 0.013217 0.071920
17123 0.031009 0.462970 0.506021
4732 0.224468 0.684927 0.090605
17219 0.635149 0.322102 0.042749
17966 0.972696 0.014252 0.013051
18034 0.095488 0.214634 0.689878
3259 0.064822 0.089641 0.845538
4313 0.159533 0.458636 0.381831
7922 0.563495 0.436505 0.000000
13148 0.549607 0.035108 0.415285
20664 0.028920 0.341425 0.629655
8690 0.034650 0.160413 0.804936
19756 0.062115 0.169215 0.768670
7920 0.322611 0.675036 0.002354
20584 0.291937 0.590800 0.117264
11877 0.315756 0.208606 0.475638
3051 0.088450 0.784450 0.127100
10438 0.277094 0.357640 0.365266
6136 0.205081 0.794919 0.000000
7793 0.174555 0.050953 0.774492
7803 0.056784 0.940981 0.002235
7924 0.106064 0.397203 0.496733
8672 0.049010 0.301648 0.649342
8694 0.102923 0.300270 0.596808
16708 0.139561 0.391367 0.469073
16704 0.153165 0.290705 0.556130
10464 0.250389 0.472751 0.276861
3322 0.207085 0.011066 0.781849
9968 0.320325 0.072577 0.607097
9965 0.977176 0.011165 0.011658
11700 0.140938 0.540130 0.318932
11292 0.250268 0.385626 0.364106
11278 0.000540 0.574348 0.425111
11279 0.063505 0.556383 0.380112
6430 0.024159 0.294237 0.681604
6821 0.290929 0.520431 0.188640
13581 0.181256 0.037982 0.780762
11932 0.122713 0.043789 0.833498
11644 0.067713 0.840243 0.092043
10294 0.464525 0.238896 0.296579
10403 0.398714 0.187301 0.413985
11380 0.374327 0.568602 0.057072
10027 0.900783 0.005218 0.093999
10117 0.150490 0.444800 0.404710
4310 0.129764 0.342306 0.527930
19309 0.211184 0.037204 0.751612
10370 0.608254 0.210856 0.180890
11613 0.213115 0.376202 0.410683
11663 0.377414 0.386690 0.235896
10402 0.404575 0.122533 0.472892
11543 0.095686 0.199114 0.705200
11366 0.699218 0.127806 0.172976
7293 0.679921 0.283947 0.036132
11402 0.184956 0.289873 0.525171
7259 0.131398 0.330388 0.538214
10238 0.267744 0.655038 0.077218
7255 0.197996 0.654863 0.147141
20399 0.338601 0.327079 0.334320
19824 0.083661 0.392048 0.524291
19808 0.047722 0.428679 0.523599
19814 0.366923 0.479903 0.153174
19899 0.092260 0.071092 0.836648
7314 0.033737 0.332371 0.633892
7052 0.164199 0.685758 0.150043
19784 0.163543 0.786210 0.050247
7663 0.049180 0.874947 0.075873
7676 0.327144 0.234328 0.438528
20052 0.921779 0.012652 0.065569
7607 0.270789 0.154865 0.574346
7637 0.478084 0.392205 0.129711
7611 0.306596 0.129139 0.564265
20858 0.070885 0.113727 0.815388
10233 0.574795 0.381451 0.043754
7450 0.224882 0.245419 0.529699
7333 0.673474 0.233292 0.093234
19907 0.076889 0.027429 0.895682
7114 0.404162 0.070976 0.524861
20044 0.204040 0.269677 0.526284
19730 0.057316 0.150062 0.792622
7066 0.136139 0.219956 0.643906
13059 0.046111 0.076527 0.877362
4026 0.064502 0.218963 0.716534
7778 0.390560 0.237345 0.372094
13176 0.102122 0.761986 0.135892
13050 0.595421 0.118412 0.286167
6081 0.755992 0.162192 0.081816
6078 0.863451 0.077542 0.059007
7590 0.039632 0.701148 0.259219
20284 0.119936 0.178722 0.701342
19716 0.136140 0.028055 0.835804
8021 0.126332 0.071659 0.802009
7889 0.043147 0.067001 0.889852
20905 0.748050 0.056097 0.195854
6126 0.191391 0.348924 0.459685
8065 0.548645 0.191016 0.260340
19851 0.856741 0.047248 0.096011
19837 0.302788 0.309461 0.387751
8064 0.125558 0.236591 0.637850
19705 0.227101 0.200248 0.572652
19721 0.410407 0.439502 0.150091
13023 0.081648 0.025726 0.892626
13054 0.370814 0.001336 0.627851
20279 0.846975 0.146124 0.006901
7702 0.147938 0.444688 0.407374
20396 0.070505 0.008712 0.920783
3939 0.695953 0.214566 0.089481
3941 0.755932 0.237809 0.006260
7471 0.414317 0.398182 0.187501
20173 0.405740 0.169779 0.424481
22008 0.147540 0.544689 0.307772
3974 0.855526 0.114239 0.030235
4038 0.233687 0.139349 0.626964
4036 0.229829 0.082637 0.687534
20346 0.924874 0.036818 0.038308
7556 0.671146 0.326351 0.002504
20144 0.232736 0.683499 0.083764
20142 0.374685 0.380446 0.244869
22070 0.413500 0.238406 0.348094
22055 0.159129 0.282683 0.558189
4018 0.265490 0.426371 0.308140
20167 0.227082 0.459384 0.313534
7403 0.309431 0.260815 0.429755
7399 0.506518 0.271362 0.222119
3912 0.426828 0.066185 0.506987
20578 0.021103 0.641534 0.337362
7549 0.630084 0.205213 0.164703
20741 0.124820 0.425437 0.449743
7879 0.096579 0.667046 0.236375
6149 0.015554 0.653598 0.330848
13091 0.050799 0.439741 0.509461
7035 0.407861 0.260361 0.331778
13161 0.130622 0.764624 0.104754
20381 0.042994 0.449699 0.507307
20698 0.798620 0.154517 0.046863
7998 0.212526 0.437285 0.350189
20622 0.000551 0.854942 0.144507
13132 0.030327 0.621645 0.348028
20580 0.252114 0.054010 0.693876
20105 0.008561 0.894049 0.097391
22049 0.037520 0.448389 0.514092
3885 0.028658 0.632829 0.338512
3882 0.395123 0.330590 0.274287
20192 0.072318 0.653485 0.274197
3959 0.373798 0.315029 0.311172
8214 0.181454 0.580743 0.237803
8368 0.500238 0.070835 0.428927
20064 0.099715 0.470484 0.429800
20070 0.724977 0.106497 0.168526
7655 0.016861 0.296684 0.686455
13181 0.562792 0.060119 0.377089
7126 0.200976 0.070801 0.728224
20224 0.026106 0.781329 0.192565
10352 0.209376 0.306850 0.483773
10149 0.011610 0.173539 0.814851
7356 0.250055 0.533255 0.216690
6419 0.315068 0.006559 0.678374
13609 0.164987 0.244521 0.590492
6544 0.553473 0.370775 0.075753
6649 0.158740 0.527284 0.313976
10285 0.052144 0.503461 0.444396
6521 0.096617 0.658792 0.244591
6652 0.207517 0.686625 0.105857
12910 0.372475 0.592252 0.035273
13846 0.386896 0.120813 0.492291
13752 0.564444 0.290247 0.145309
12920 0.234804 0.363178 0.402018
6983 0.847894 0.021712 0.130394
13838 0.217131 0.322675 0.460194
14028 0.426248 0.544593 0.029159
6760 0.919498 0.069366 0.011137
6957 0.191473 0.169697 0.638830
14059 0.626367 0.165986 0.207647
6946 0.905992 0.075722 0.018287
5878 0.060809 0.564099 0.375092
5942 0.698877 0.097361 0.203762
6456 0.045284 0.068267 0.886449
6925 0.153787 0.426950 0.419264
6862 0.282403 0.098994 0.618602
6452 0.210755 0.100917 0.688329
13462 0.012998 0.485953 0.501049
6891 0.494643 0.411467 0.093889
13540 0.328493 0.077147 0.594360
13511 0.020144 0.101741 0.878115
13577 0.239892 0.723268 0.036839
6637 0.102455 0.528816 0.368729
6804 0.240731 0.287454 0.471815
14012 0.416697 0.089897 0.493406
13769 0.052309 0.634650 0.313041
13869 0.133461 0.599227 0.267313
13368 0.222397 0.460079 0.317524
5830 0.543506 0.068088 0.388407
14062 0.890671 0.098847 0.010481
13773 0.368429 0.285469 0.346102
13776 0.004586 0.765462 0.229953
6719 0.430020 0.559121 0.010859
14020 0.341622 0.541861 0.116517
5885 0.462191 0.200595 0.337214
13502 0.523959 0.001151 0.474889
6606 0.029661 0.478323 0.492017
13682 0.797668 0.187774 0.014558
13983 0.274411 0.173970 0.551620
13997 0.259834 0.725703 0.014463
5983 0.140015 0.567739 0.292246
13300 0.765198 0.189950 0.044852
6322 0.181221 0.117899 0.700880
6197 0.636594 0.233016 0.130390
5828 0.003820 0.551046 0.445134
12884 0.719403 0.142483 0.138114
12861 0.126760 0.570440 0.302799
5956 0.709824 0.000000 0.290176
12846 0.813744 0.060272 0.125984
5950 0.072213 0.202887 0.724900
5965 0.000872 0.088476 0.910652
12908 0.000000 0.232599 0.767401
5969 0.000000 0.434697 0.565303
13317 0.083891 0.321568 0.594541
6416 0.166229 0.023277 0.810494
6380 0.190872 0.430524 0.378604
13975 0.349219 0.440989 0.209793
6492 0.448019 0.185272 0.366709
13783 0.463223 0.309455 0.227322
13671 0.169804 0.740157 0.090038
5667 0.817481 0.075012 0.107507
5636 0.052473 0.820502 0.127025
7254 0.254829 0.378530 0.366641
6375 0.646226 0.036110 0.317663
13654 0.577633 0.228763 0.193603
11815 0.106527 0.298276 0.595197
10326 0.373835 0.562918 0.063248
13605 0.139933 0.399519 0.460548
6534 0.175063 0.180514 0.644424
11624 0.505815 0.200199 0.293986
10364 0.416638 0.218302 0.365060
11534 0.248611 0.676380 0.075008
11924 0.721628 0.062888 0.215484
10396 0.367013 0.312095 0.320893
13964 0.669645 0.066657 0.263698
7030 0.093066 0.388699 0.518235
12686 0.196673 0.154436 0.648891
12705 0.171939 0.579510 0.248551
6162 0.416969 0.000000 0.583031
6307 0.494297 0.071263 0.434440
13731 0.105693 0.396298 0.498009
12905 0.401113 0.120349 0.478539
13955 0.566961 0.258370 0.174669
6723 0.373369 0.460216 0.166414
6925 0.861395 0.037836 0.100768
7267 0.170486 0.780624 0.048890
10284 0.223932 0.208625 0.567444
6408 0.044041 0.343878 0.612081
7242 0.365172 0.363405 0.271423
20868 0.070023 0.815811 0.114165
19939 0.096266 0.161465 0.742270
6866 0.017427 0.278572 0.704001
13985 0.312987 0.293279 0.393734
6976 0.132655 0.419930 0.447415
7028 0.629766 0.222981 0.147253
13445 0.351283 0.398114 0.250603
6259 0.125966 0.303392 0.570642
14063 0.890547 0.035867 0.073585
6712 0.574138 0.008877 0.416985
13649 0.061611 0.100112 0.838277
12801 0.206439 0.659190 0.134371
13249 0.290040 0.353647 0.356313
13245 0.118874 0.031993 0.849134
12698 0.449646 0.034242 0.516112
12731 0.146969 0.177819 0.675212
5765 0.508297 0.083951 0.407752
5772 0.830576 0.142589 0.026835
5673 0.055452 0.374170 0.570378
5732 0.131761 0.853328 0.014911
5675 0.271756 0.589441 0.138803
5702 0.550497 0.189507 0.259997
12669 0.674963 0.104198 0.220839
12928 0.773126 0.072885 0.153989
12943 0.451120 0.235908 0.312972
5710 0.017701 0.680552 0.301746
6027 0.398739 0.009111 0.592150
6030 0.084739 0.013482 0.901779
13269 0.177100 0.076264 0.746636
10066 0.189251 0.582051 0.228698
11504 0.104170 0.308934 0.586896
5663 0.187283 0.313606 0.499111
8107 0.380141 0.446021 0.173838
8112 0.124476 0.327814 0.547710
8294 0.259942 0.503081 0.236977
20985 0.345673 0.462166 0.192161
20415 0.143484 0.782890 0.073627
7893 0.026977 0.886929 0.086094
8098 0.605431 0.093714 0.300855
20816 0.203205 0.614773 0.182022
21001 0.165614 0.450506 0.383881
8410 0.575820 0.376481 0.047699
10880 0.454727 0.539633 0.005640
12267 0.106890 0.076087 0.817023
12179 0.183565 0.773843 0.042592
10877 0.139103 0.851243 0.009654
12266 0.334363 0.639748 0.025889
15950 0.041979 0.772048 0.185973
10832 0.170173 0.168570 0.661256
10836 0.133129 0.308390 0.558481
10729 0.669134 0.172843 0.158023
11967 0.009776 0.978080 0.012144
12020 0.180508 0.012191 0.807301
10651 0.066043 0.933957 0.000000
10906 0.008164 0.567206 0.424630
10651 0.945160 0.000000 0.054840
10686 0.480564 0.478880 0.040556
11992 0.215520 0.271566 0.512914
12253 0.271668 0.522132 0.206201
12043 0.663051 0.195068 0.141881
15952 0.135220 0.284901 0.579880
10695 0.650375 0.265572 0.084053
10563 0.578625 0.157304 0.264071
10854 0.000000 0.933654 0.066346
12162 0.000000 0.767319 0.232681
12474 0.222864 0.488428 0.288708
12482 0.017702 0.008437 0.973861
10070 0.142730 0.655693 0.201577
10185 0.834107 0.139440 0.026453
10167 0.226374 0.310037 0.463589
10917 0.219321 0.212186 0.568493
11198 0.015738 0.902586 0.081676
11206 0.265072 0.558260 0.176668
12589 0.529491 0.196273 0.274237
12378 0.546346 0.002593 0.451061
12317 0.039554 0.140814 0.819631
12360 0.188444 0.480362 0.331195
11061 0.843426 0.154137 0.002437
8924 0.189532 0.622077 0.188391
11059 0.084447 0.001006 0.914546
15869 0.872315 0.098154 0.029531
11031 0.151862 0.238492 0.609646
12349 0.013136 0.296474 0.690390
10949 0.948182 0.008715 0.043103
12464 0.393774 0.582967 0.023259
11219 0.453601 0.231235 0.315163
12369 0.340228 0.496763 0.163008
11186 0.147679 0.525341 0.326980
10084 0.188549 0.257137 0.554314
11021 0.622670 0.106114 0.271216
8473 0.082801 0.735423 0.181776
15559 0.012737 0.231780 0.755483
11096 0.365733 0.145698 0.488569
11126 0.477863 0.378978 0.143159
12055 0.208136 0.538655 0.253209
11114 0.050277 0.491877 0.457847
8944 0.790650 0.000000 0.209350
22095 0.107381 0.371404 0.521214
22025 0.637250 0.294544 0.068205
12595 0.221648 0.271377 0.506975
12391 0.452207 0.209862 0.337931
4165 0.059500 0.122920 0.817581
22078 0.197353 0.315138 0.487509
15893 0.603176 0.065681 0.331143
10579 0.411711 0.104267 0.484022
12368 0.512449 0.400743 0.086808
11009 0.189434 0.128607 0.681959
10789 0.467587 0.101277 0.431135
11000 0.250260 0.026966 0.722774
15544 0.100972 0.632958 0.266071
3918 0.180097 0.819903 0.000000
11151 0.257399 0.293712 0.448889
11210 0.150372 0.029364 0.820264
12528 0.019115 0.646518 0.334367
12122 0.189846 0.218955 0.591199
15518 0.059541 0.140189 0.800270
15515 0.136670 0.860633 0.002696
15487 0.081271 0.473184 0.445545
8535 0.030488 0.349626 0.619885
8521 0.693669 0.173063 0.133268
8710 0.419065 0.083371 0.497563
15688 0.227612 0.396438 0.375949
8610 0.023448 0.278783 0.697769
15706 0.221247 0.204416 0.574337
8733 0.760744 0.095022 0.144234
8540 0.306504 0.269602 0.423894
15511 0.818762 0.063274 0.117964
4212 0.081290 0.877595 0.041114
8494 0.115086 0.837942 0.046972
8502 0.155639 0.728684 0.115676
21923 0.054887 0.677670 0.267443
21856 0.107138 0.021063 0.871800
3639 0.442590 0.047804 0.509606
3628 0.063414 0.285585 0.651001
4065 0.417147 0.111914 0.470939
4081 0.190953 0.710102 0.098944
3953 0.372495 0.512580 0.114925
15536 0.562584 0.337845 0.099571
8529 0.590274 0.206373 0.203352
8470 0.077550 0.302679 0.619771
8590 0.040207 0.076133 0.883660
10942 0.011139 0.385071 0.603790
22218 0.189739 0.102747 0.707513
3716 0.054922 0.033390 0.911688
22200 0.131236 0.834618 0.034146
3523 0.242110 0.478174 0.279716
21984 0.018667 0.127329 0.854004
3796 0.129471 0.607507 0.263023
21924 0.789405 0.062604 0.147992
22342 0.585221 0.296587 0.118192
3847 0.291294 0.527979 0.180727
4074 0.111080 0.733073 0.155848
15640 0.343639 0.644631 0.011730
11249 0.148064 0.025641 0.826294
9034 0.704994 0.168585 0.126421
15613 0.309868 0.651532 0.038600
22123 0.025362 0.568007 0.406632
11130 0.533942 0.336029 0.130029
11135 0.432317 0.257997 0.309686
21888 0.447664 0.022260 0.530076
15897 0.149892 0.363216 0.486892
8831 0.159179 0.153564 0.687257
22140 0.597214 0.151832 0.250954
8821 0.216124 0.581550 0.202326
12132 0.248322 0.664152 0.087526
22127 0.433349 0.288586 0.278064
21895 0.022434 0.486913 0.490653
15880 0.053495 0.613472 0.333033
15583 0.027767 0.011623 0.960610
12538 0.333441 0.582396 0.084163
12505 0.520781 0.476196 0.003023
4190 0.539096 0.268685 0.192219
22105 0.722096 0.264217 0.013687
8979 0.180348 0.163156 0.656496
16067 0.169481 0.448192 0.382327
8816 0.257280 0.678429 0.064291
3598 0.071352 0.590228 0.338420
4124 0.352444 0.414276 0.233279
21901 0.063194 0.281972 0.654835
4119 0.297235 0.231876 0.470889
4121 0.266201 0.384728 0.349071
22104 0.309465 0.065427 0.625108
9016 0.085343 0.104796 0.809861
15622 0.912423 0.038118 0.049459
16026 0.437007 0.261479 0.301515
16051 0.042742 0.057512 0.899747
9131 0.448271 0.442146 0.109582
16665 0.341746 0.533348 0.124906
15821 0.475754 0.191653 0.332593
15823 0.582900 0.180647 0.236453
15669 0.108273 0.667645 0.224081
8652 0.467966 0.105938 0.426096
11822 0.000980 0.434718 0.564303
11824 0.480526 0.083045 0.436429
8718 0.795453 0.030277 0.174270
11792 0.294177 0.609438 0.096385
10536 0.049230 0.356472 0.594298
15790 0.857727 0.054748 0.087526
8500 0.729663 0.178342 0.091995
10534 0.202280 0.160626 0.637094
10514 1.000000 0.000000 0.000000
11839 0.510523 0.264482 0.224995
11857 0.258603 0.123515 0.617882
16823 0.289795 0.515390 0.194814
22181 0.222103 0.555032 0.222865
22180 0.383828 0.539273 0.076898
9078 0.296875 0.181406 0.521719
16009 0.689501 0.199867 0.110632
9061 0.253745 0.082499 0.663756
8853 0.747072 0.249902 0.003026
16040 0.297077 0.652637 0.050286
9139 0.200029 0.230808 0.569163
16087 0.124365 0.084442 0.791193
16173 0.256391 0.137108 0.606501
16169 0.236319 0.444660 0.319020
9125 0.400294 0.127586 0.472120
16104 0.283797 0.134839 0.581364
8984 0.484951 0.000000 0.515049
16149 0.415620 0.577681 0.006699
8872 0.615802 0.065220 0.318978
16082 0.263814 0.438847 0.297339
18761 0.284188 0.354135 0.361677
15722 0.066999 0.899810 0.033191
10535 0.467445 0.160699 0.371856
8491 0.412631 0.036605 0.550764
6264 0.054371 0.528551 0.417078
12876 0.276035 0.289562 0.434402
5897 0.426995 0.111399 0.461606
9889 0.107418 0.388170 0.504412
8629 0.198547 0.200371 0.601082
16074 0.387555 0.244229 0.368216
19825 0.054566 0.196024 0.749410
15508 0.240890 0.567673 0.191437
10456 0.369058 0.381925 0.249017
10444 0.106152 0.447437 0.446411
12204 0.028474 0.203776 0.767750
16675 0.084806 0.235210 0.679984
16296 0.641182 0.279226 0.079592
16304 0.150253 0.513889 0.335858
4314 0.116923 0.488938 0.394138
16639 0.038891 0.903573 0.057536
12601 0.636499 0.036647 0.326854
19334 0.319812 0.204460 0.475729
16343 0.226778 0.329933 0.443288
22450 0.855376 0.117283 0.027341
9541 0.065477 0.065699 0.868824
7326 0.156768 0.448564 0.394668
7223 0.965948 0.017747 0.016306
6575 0.441472 0.078299 0.480228
16071 0.277927 0.108970 0.613104
9114 0.169997 0.198538 0.631465
8565 0.340545 0.636948 0.022507
9228 0.058511 0.681361 0.260128
8815 0.222121 0.000000 0.777879
4035 0.478782 0.496107 0.025111
20539 0.133929 0.235607 0.630464
8281 0.889579 0.108178 0.002243
10635 0.379410 0.058613 0.561977
12294 0.100955 0.612181 0.286864
10039 0.732666 0.240682 0.026653
20056 0.169945 0.106025 0.724030
13359 0.176367 0.781718 0.041915
13490 0.202693 0.711892 0.085416
12725 0.273293 0.120977 0.605731
13761 0.206456 0.414950 0.378594
7483 0.107950 0.290229 0.601821
7516 0.077225 0.840235 0.082540
7862 0.394459 0.525848 0.079692
20424 0.077444 0.367718 0.554838
8918 0.598203 0.059663 0.342134
12262 0.287208 0.474460 0.238333
10614 0.334724 0.337454 0.327822
12304 0.417397 0.268075 0.314528
12234 0.183014 0.581429 0.235557
10704 0.000000 0.941801 0.058199
12031 0.757357 0.158226 0.084416
10708 0.009578 0.558217 0.432205
12291 0.067071 0.775648 0.157281
10691 0.522211 0.011812 0.465977
15117 0.087283 0.829696 0.083021
15118 0.014663 0.759465 0.225872
2121 0.192099 0.628441 0.179461
15043 0.179559 0.647682 0.172758
15051 0.025066 0.373551 0.601383
1542 0.801367 0.077281 0.121352
14125 0.122951 0.229840 0.647209
14642 0.390908 0.539535 0.069557
2051 0.074016 0.567937 0.358047
6095 0.548464 0.302167 0.149368
6094 0.470016 0.406027 0.123957
21969 0.165186 0.729637 0.105177
1561 0.677730 0.290418 0.031853
2123 0.832939 0.118023 0.049038
2427 0.093138 0.788224 0.118638
15031 0.286647 0.625006 0.088347
2309 0.435355 0.353172 0.211474
2328 0.182099 0.554707 0.263194
21864 0.202663 0.728905 0.068433
1566 0.165308 0.172973 0.661719
15030 0.778627 0.114266 0.107107
2413 0.551027 0.300841 0.148132
2412 0.848537 0.073318 0.078145
2376 0.655267 0.271287 0.073446
16995 0.466640 0.255385 0.277975
18759 0.418806 0.190308 0.390886
0 0.458543 0.172215 0.369242
16576 0.350884 0.118716 0.530399
16568 0.195850 0.064552 0.739598
9624 0.001723 0.052923 0.945354
3050 0.084664 0.758535 0.156801
4830 0.039168 0.838761 0.122072
4832 0.963526 0.025373 0.011101
16992 0.236247 0.214946 0.548807
16993 0.335134 0.276659 0.388207
17039 0.434079 0.315375 0.250546
479 0.120911 0.000000 0.879089
21342 0.509551 0.008216 0.482233
21342 0.036045 0.027186 0.936769
14730 0.942487 0.053059 0.004454
2290 0.049167 0.081300 0.869533
3743 0.000000 0.507788 0.492212
3742 0.306728 0.693272 0.000000
3742 0.440310 0.559690 0.000000
3742 0.563388 0.436612 0.000000
21863 0.528717 0.019137 0.452146
21862 0.514509 0.125271 0.360220
15018 0.323669 0.000000 0.676331
2419 0.801518 0.198482 0.000000
15027 0.253308 0.678382 0.068310
2164 0.758490 0.017499 0.224011
22258 0.560109 0.002232 0.437660
459 0.283954 0.394933 0.321113
459 0.508137 0.288111 0.203753
15018 0.156100 0.000000 0.843900
2421 0.481751 0.122871 0.395378
21862 0.686774 0.189589 0.123637
15122 0.000000 0.347072 0.652928
2292 0.731847 0.268153 0.000000
2420 0.232030 0.503135 0.264835
2175 0.486767 0.402466 0.110767
18806 0.194575 0.602001 0.203424
3059 0.135562 0.217063 0.647374
3059 0.657450 0.000000 0.342550
3059 0.802133 0.000000 0.197867
16689 0.047518 0.047401 0.905081
16689 0.443136 0.211228 0.345636
16689 0.344998 0.567763 0.087238
16708 0.247202 0.002737 0.750062
18801 0.102595 0.854654 0.042751
15105 0.493150 0.136231 0.370619
15123 0.028963 0.378483 0.592554
18805 0.459150 0.170625 0.370226
16704 0.000000 0.390041 0.609959
16704 0.000000 0.338369 0.661631
16704 0.154896 0.602235 0.242869
8694 0.200483 0.000000 0.799517
8694 0.218375 0.000000 0.781625
2335 0.054390 0.292209 0.653402
2334 0.193567 0.118622 0.687811
2334 0.215177 0.684822 0.100001
22257 0.572378 0.067356 0.360266
457 0.124812 0.430552 0.444636
21364 0.178067 0.549331 0.272601
18543 0.167732 0.598645 0.233622
17015 0.147094 0.445994 0.406912
16997 0.154269 0.375358 0.470374
4651 0.365865 0.038772 0.595363
4651 0.350073 0.646290 0.003637
17204 0.406772 0.344568 0.248659
4800 0.347401 0.127755 0.524844
4812 0.340924 0.225850 0.433226
18538 0.470247 0.232530 0.297222
18540 0.765098 0.161568 0.073334
18540 0.093447 0.178495 0.728057
3297 0.194576 0.363149 0.442275
18536 0.098124 0.755855 0.146021
910 0.450983 0.528801 0.020217
918 0.610759 0.278252 0.110990
18085 0.052100 0.298808 0.649092
17152 0.236614 0.313748 0.449638
17160 0.473690 0.362957 0.163352
4809 0.711751 0.099703 0.188545
4810 0.652743 0.256442 0.090815
18552 0.002577 0.542134 0.455289
3267 0.157828 0.723324 0.118848
3270 0.107054 0.570789 0.322157
3272 0.051671 0.415868 0.532461
18519 0.095725 0.464920 0.439355
17238 0.083978 0.150104 0.765918
17238 0.112494 0.867173 0.020334
17149 0.314752 0.673130 0.012118
4337 0.195531 0.308889 0.495580
4336 0.056676 0.665032 0.278293
4333 0.723694 0.199679 0.076627
4334 0.525397 0.437016 0.037586
18516 0.038460 0.692881 0.268659
3259 0.110060 0.753179 0.136762
3263 0.145458 0.435272 0.419270
3255 0.180580 0.150514 0.668906
793 0.344533 0.138886 0.516582
17913 0.116830 0.863783 0.019387
17913 0.631867 0.194211 0.173922
17915 0.002445 0.722239 0.275316
1377 0.294356 0.256043 0.449601
18180 0.182320 0.780931 0.036749
18177 0.739097 0.053096 0.207807
17999 0.209594 0.383092 0.407314
988 0.185313 0.456862 0.357826
18002 0.372299 0.251774 0.375927
18182 0.584885 0.160156 0.254959
18174 0.307124 0.089511 0.603365
18103 0.321120 0.214939 0.463941
952 0.199358 0.771895 0.028747
989 0.168773 0.598510 0.232717
18005 0.593966 0.167427 0.238607
1006 0.073235 0.831378 0.095387
17998 0.301948 0.556558 0.141494
956 0.503749 0.304461 0.191791
956 0.113394 0.267468 0.619138
955 0.705214 0.278835 0.015951
16908 0.386631 0.512843 0.100526
4898 0.121863 0.544293 0.333844
16920 0.885944 0.032539 0.081517
16921 0.260220 0.041109 0.698671
16922 0.158625 0.047077 0.794299
4265 0.130990 0.005805 0.863205
4269 0.008354 0.464561 0.527085
4270 0.333103 0.201687 0.465210
17513 0.712091 0.202735 0.085174
4234 0.011032 0.050863 0.938106
17569 0.114679 0.817830 0.067491
16927 0.716859 0.262605 0.020536
4376 0.382247 0.298751 0.319001
18112 0.640765 0.229560 0.129674
18115 0.204052 0.156735 0.639213
17162 0.205355 0.655872 0.138773
17159 0.245443 0.465919 0.288638
4325 0.323376 0.397401 0.279224
4327 0.109554 0.420145 0.470301
4329 0.115364 0.061638 0.822997
10023 0.230843 0.648346 0.120810
17156 0.053001 0.440339 0.506660
17155 0.424135 0.443585 0.132281
17195 0.201531 0.559996 0.238473
3322 0.228437 0.684041 0.087523
3271 0.226993 0.397388 0.375619
3317 0.215945 0.132422 0.651633
16894 0.375911 0.221580 0.402510
16895 0.204859 0.298947 0.496194
4888 0.015148 0.646936 0.337916
4231 0.502508 0.479632 0.017860
17552 0.102694 0.284605 0.612701
17553 0.166933 0.120761 0.712307
19308 0.162352 0.149633 0.688015
5284 0.731442 0.224868 0.043690
17469 0.596829 0.394457 0.008714
18055 0.591785 0.195342 0.212873
4702 0.376642 0.254892 0.368466
17590 0.704222 0.229771 0.066006
4699 0.306930 0.541221 0.151849
17124 0.449788 0.279877 0.270334
4700 0.120049 0.073391 0.806560
4734 0.094416 0.106309 0.799276
17132 0.444346 0.433411 0.122242
17137 0.719677 0.053443 0.226879
