5519 0.357165 0.301265 0.341570
4698 0.152781 0.296419 0.550799
1647 0.019018 0.826868 0.154114
1030 0.226141 0.240322 0.533537
4900 0.639598 0.258248 0.102154
610 0.316168 0.683832 0.000000
1682 0.090453 0.142238 0.767310
1618 0.262207 0.290979 0.446813
1687 0.100806 0.175919 0.723275
799 0.489564 0.278626 0.231809
3673 0.190313 0.768825 0.040862
1631 0.127995 0.618636 0.253369
4844 0.529149 0.356596 0.114254
1785 0.385156 0.614844 0.000000
4549 0.341870 0.497474 0.160656
1631 0.000000 0.300722 0.699278
1774 0.165887 0.609089 0.225023
4572 0.771057 0.000000 0.228943
5503 0.402621 0.530508 0.066870
1699 0.259617 0.088824 0.651558
1026 0.686937 0.060775 0.252288
1609 0.042042 0.261256 0.696702
1762 0.195479 0.760884 0.043637
610 0.319996 0.013593 0.666411
940 0.475666 0.380090 0.144245
935 0.066996 0.835718 0.097286
1712 0.626465 0.157263 0.216272
1713 0.951501 0.046502 0.001997
5086 0.344012 0.322095 0.333892
997 0.143531 0.035320 0.821149
4924 0.825059 0.099736 0.075205
1355 0.747881 0.124194 0.127925
928 0.357675 0.291736 0.350589
4938 0.143204 0.061188 0.795609
5244 0.221862 0.671558 0.106580
5255 0.122949 0.711626 0.165425
1343 0.838265 0.020723 0.141012
367 0.215170 0.530841 0.253989
1279 0.000000 0.154180 0.845820
343 0.282415 0.185735 0.531850
451 0.299413 0.591913 0.108675
370 0.261859 0.446635 0.291506
5330 0.328351 0.396280 0.275368
1503 0.277820 0.713225 0.008956
1527 0.099317 0.518330 0.382353
3038 0.270631 0.506704 0.222665
374 0.103659 0.538228 0.358113
357 0.268132 0.334862 0.397006
4233 0.612883 0.095051 0.292065
1500 0.314225 0.474704 0.211071
1017 0.498240 0.357851 0.143909
377 0.607152 0.032324 0.360525
4430 0.192667 0.471193 0.336140
4453 0.611998 0.388002 0.000000
677 0.142557 0.000000 0.857443
920 0.277475 0.580636 0.141889
5237 0.508872 0.345995 0.145132
1066 0.666580 0.198701 0.134720
904 0.512650 0.487350 0.000000
3816 0.576123 0.393266 0.030611
1664 0.520376 0.113249 0.366375
943 0.002279 0.943636 0.054085
939 0.088265 0.730941 0.180794
1019 0.213151 0.319838 0.467011
4890 0.522143 0.454937 0.022920
4454 1.000000 0.000000 0.000000
642 1.000000 0.000000 0.000000
858 0.122925 0.698122 0.178953
721 0.557817 0.181835 0.260348
475 0.000000 0.419209 0.580791
5290 0.052104 0.190007 0.757889
1478 0.614576 0.333438 0.051986
1714 0.586503 0.206689 0.206808
1518 0.707271 0.004819 0.287910
1518 0.300060 0.000000 0.699940
4781 0.415811 0.420848 0.163340
5079 0.032183 0.794692 0.173125
1006 0.103328 0.696046 0.200626
4871 0.065959 0.271501 0.662540
525 0.036927 0.313841 0.649232
1699 0.332480 0.667520 0.000000
1658 0.668597 0.000000 0.331403
603 0.000000 1.000000 0.000000
603 0.000000 1.000000 0.000000
4535 0.320259 0.124279 0.555462
1817 0.161620 0.284989 0.553391
3054 0.000000 0.303289 0.696711
1611 1.000000 0.000000 0.000000
4849 0.357454 0.512189 0.130357
3051 1.000000 0.000000 0.000000
651 0.330684 0.411619 0.257698
4711 0.057822 0.021939 0.920239
1686 0.022165 0.506573 0.471262
1689 0.623606 0.139370 0.237024
1252 0.237734 0.188401 0.573865
5151 0.829215 0.059153 0.111632
822 0.370005 0.048983 0.581013
3860 0.552878 0.319919 0.127204
841 1.000000 0.000000 0.000000
806 0.427204 0.186152 0.386643
3779 0.116898 0.567905 0.315197
3784 0.489480 0.103184 0.407336
4014 0.584601 0.019834 0.395565
5301 0.309002 0.384763 0.306235
5326 0.709974 0.000000 0.290026
412 0.054638 0.280966 0.664396
445 1.000000 0.000000 0.000000
280 0.468598 0.335069 0.196333
5434 0.890088 0.109216 0.000695
5262 0.391874 0.153004 0.455123
1480 0.209591 0.085758 0.704651
1517 0.039403 0.618957 0.341641
276 0.035760 0.088192 0.876048
403 0.465602 0.407741 0.126657
5339 0.459016 0.250135 0.290849
265 0.599991 0.259030 0.140978
428 0.086155 0.613164 0.300681
5278 0.275111 0.369024 0.355865
5272 0.353989 0.330086 0.315925
5191 0.272621 0.458491 0.268889
5186 0.033207 0.358661 0.608132
5231 0.719783 0.226565 0.053651
3748 0.442929 0.285151 0.271920
3697 0.118585 0.104958 0.776456
3636 0.163172 0.322407 0.514421
703 0.088974 0.411459 0.499567
747 0.354307 0.612591 0.033102
759 0.499925 0.460239 0.039837
3703 0.511649 0.408359 0.079992
288 0.617818 0.054441 0.327741
5179 0.384070 0.425735 0.190194
3640 0.429270 0.556207 0.014523
5183 0.319111 0.545064 0.135826
5401 0.012221 0.644337 0.343441
272 0.084923 0.294142 0.620935
5365 0.218237 0.252334 0.529428
420 0.070162 0.021726 0.908112
411 0.113176 0.138159 0.748666
5596 0.330532 0.172640 0.496828
5589 0.494841 0.489980 0.015179
183 0.217687 0.757748 0.024565
199 1.000000 0.000000 0.000000
4030 0.199833 0.299283 0.500884
124 0.747233 0.186621 0.066146
291 0.097723 0.819979 0.082298
296 0.376068 0.615948 0.007984
4067 0.081297 0.787245 0.131457
4079 0.008751 0.746874 0.244375
220 0.162640 0.071301 0.766059
4119 0.367714 0.064736 0.567550
3719 0.104954 0.878850 0.016196
146 0.818911 0.098460 0.082629
1372 0.333847 0.657699 0.008454
1377 0.025585 0.934297 0.040118
5357 0.115159 0.396509 0.488332
1576 0.153667 0.311923 0.534410
724 0.346309 0.090006 0.563686
559 0.000000 0.028894 0.971106
1509 0.425101 0.211660 0.363239
1511 0.785484 0.158811 0.055705
5304 0.530800 0.194534 0.274665
4436 0.695449 0.304551 0.000000
2456 0.000000 0.066447 0.933553
636 0.090035 0.158268 0.751698
5549 0.940019 0.048561 0.011420
4886 0.218965 0.245150 0.535884
4889 0.017665 0.273604 0.708731
1779 0.345047 0.263457 0.391496
4838 0.397385 0.541117 0.061497
4983 0.117136 0.311918 0.570946
4995 0.278113 0.033555 0.688333
1139 0.617762 0.016991 0.365247
3958 0.462936 0.019547 0.517517
978 0.580366 0.197580 0.222053
4963 0.548827 0.301787 0.149385
1267 0.276897 0.506510 0.216594
4954 0.325409 0.445507 0.229084
2967 0.276382 0.597994 0.125624
1183 0.929002 0.007333 0.063665
4716 0.358602 0.220936 0.420462
5492 0.943440 0.045366 0.011194
4870 0.186817 0.536750 0.276433
945 0.129436 0.027927 0.842638
951 0.052276 0.723191 0.224533
955 0.203934 0.056165 0.739902
5099 0.177033 0.221527 0.601440
922 0.314164 0.139781 0.546055
950 0.014959 0.518944 0.466097
932 0.165919 0.735303 0.098778
5064 0.052182 0.529174 0.418644
5288 0.074245 0.808569 0.117186
1492 0.341118 0.370233 0.288649
3978 0.285982 0.566228 0.147790
3963 0.867746 0.079051 0.053203
1101 0.376826 0.249719 0.373455
5648 0.434126 0.445503 0.120371
5662 0.259565 0.659687 0.080748
5653 0.252682 0.221439 0.525879
1373 0.317985 0.275170 0.406845
1375 0.205538 0.316547 0.477915
5577 0.514982 0.452672 0.032346
4827 0.424643 0.566148 0.009209
4825 0.091084 0.173612 0.735303
1630 0.356204 0.160471 0.483325
1627 0.238440 0.306456 0.455104
4798 0.024055 0.053256 0.922689
3800 0.270740 0.312564 0.416696
3803 0.694549 0.211139 0.094313
3801 0.024106 0.095228 0.880665
5166 0.096801 0.415167 0.488032
1659 0.411410 0.072294 0.516297
4867 0.505134 0.376273 0.118593
4764 0.812897 0.060995 0.126107
4773 0.256474 0.199273 0.544253
248 0.294608 0.077678 0.627714
282 0.378741 0.000000 0.621259
5402 0.146011 0.196432 0.657558
285 0.238178 0.095052 0.666771
5192 0.105712 0.343748 0.550539
326 0.000000 0.958299 0.041701
307 0.189936 0.101718 0.708346
290 0.103079 0.110408 0.786513
325 0.611685 0.277532 0.110783
407 0.718222 0.121660 0.160118
391 0.463233 0.288605 0.248162
5354 0.558906 0.058061 0.383033
5352 0.171072 0.411399 0.417529
694 0.167211 0.457989 0.374799
2972 0.273904 0.725332 0.000764
1063 0.079509 0.718071 0.202420
1649 0.121040 0.721796 0.157164
1658 0.384525 0.100070 0.515405
1594 0.257043 0.363498 0.379459
1052 0.116844 0.483977 0.399179
5539 0.169432 0.695004 0.135563
366 0.115761 0.367305 0.516933
3046 0.413180 0.161198 0.425622
768 0.000000 0.278213 0.721787
3737 0.408900 0.333962 0.257138
3745 0.597142 0.148751 0.254108
4762 0.128356 0.558617 0.313027
561 0.272424 0.001088 0.726487
519 0.457605 0.495707 0.046688
1113 0.290725 0.352856 0.356419
1671 0.319119 0.581681 0.099200
1693 0.428101 0.104644 0.467255
4873 0.235424 0.611664 0.152912
1663 0.125713 0.250152 0.624135
5494 0.587943 0.142628 0.269430
296 0.681959 0.043381 0.274661
4805 0.318862 0.558231 0.122907
3856 0.770991 0.130505 0.098504
3857 0.479698 0.141039 0.379263
563 0.654406 0.210071 0.135523
1484 0.530822 0.085036 0.384143
4904 0.221415 0.425090 0.353496
4903 0.271439 0.639728 0.088833
4836 0.074025 0.280815 0.645160
611 0.795763 0.123024 0.081213
4560 0.250783 0.457042 0.292175
605 0.000000 0.590307 0.409693
4588 0.059640 0.449077 0.491283
620 0.060471 0.334187 0.605342
4623 0.049438 0.933258 0.017304
1676 0.020299 0.174736 0.804965
1679 0.533128 0.317580 0.149292
1678 0.048349 0.191342 0.760309
5487 0.635207 0.007212 0.357581
912 0.059089 0.131664 0.809247
5504 0.277544 0.211311 0.511145
3040 0.064899 0.006368 0.928733
4880 0.442479 0.517966 0.039555
4732 0.390040 0.469901 0.140059
674 0.734651 0.162015 0.103334
668 0.263630 0.076615 0.659755
1476 0.039335 0.411548 0.549117
1480 0.015589 0.710046 0.274365
1512 0.000000 0.422231 0.577769
4184 0.498528 0.089136 0.412336
2302 0.289060 0.355438 0.355502
2484 0.000000 0.963081 0.036919
4605 0.552148 0.163247 0.284605
1043 0.414105 0.359325 0.226571
6103 0.212048 0.000000 0.787952
1694 0.403245 0.054446 0.542309
2456 0.122750 0.550873 0.326376
4617 0.321171 0.000000 0.678829
1736 0.683221 0.140963 0.175816
5438 0.476877 0.130487 0.392636
5425 0.346034 0.229643 0.424322
1752 0.021961 0.305373 0.672666
5446 0.189666 0.209247 0.601087
1530 0.048902 0.025472 0.925625
1671 0.043885 0.383221 0.572894
4872 0.316889 0.408956 0.274156
1659 0.135562 0.504463 0.359975
4869 0.156114 0.304021 0.539865
1689 0.300554 0.682191 0.017255
4903 0.729917 0.037788 0.232295
4870 0.049843 0.038599 0.911558
4870 0.447849 0.079224 0.472927
1671 0.181856 0.000000 0.818144
1661 0.082837 0.822708 0.094455
4872 0.137919 0.148939 0.713142
4872 0.076748 0.417536 0.505716
4869 0.748199 0.160173 0.091628
4869 0.431924 0.446108 0.121967
4869 0.239601 0.750223 0.010176
1661 0.116192 0.000000 0.883808
1661 0.175253 0.029569 0.795178
1661 0.147698 0.355122 0.497180
1661 0.937715 0.062285 0.000000
1661 0.268044 0.557908 0.174048
1661 0.562128 0.078600 0.359272
5507 0.161856 0.615191 0.222953
5491 0.061989 0.533280 0.404731
4866 0.210416 0.099045 0.690539
1660 0.497283 0.481347 0.021370
4876 0.807312 0.155045 0.037643
4874 0.524328 0.263825 0.211846
3805 0.479413 0.130924 0.389664
1121 0.611662 0.074013 0.314325
733 0.058182 0.456458 0.485360
5493 0.122188 0.787937 0.089875
597 0.000000 0.247271 0.752729
4883 0.275226 0.118318 0.606456
4884 0.309731 0.457735 0.232533
3021 1.000000 0.000000 0.000000
596 0.503040 0.399033 0.097927
1632 0.209804 0.239461 0.550735
1633 0.629993 0.122055 0.247952
685 0.145186 0.087606 0.767207
3733 0.270352 0.504061 0.225587
3699 0.326744 0.251857 0.421400
3654 0.604607 0.174795 0.220598
3740 0.461483 0.115779 0.422737
755 0.515705 0.272352 0.211944
359 0.458812 0.050454 0.490735
5556 0.345544 0.182880 0.471576
1391 0.175702 0.791088 0.033210
4104 0.759022 0.101261 0.139716
4085 0.621994 0.183951 0.194055
186 0.266545 0.527109 0.206347
23 0.198080 0.344783 0.457137
47 0.063959 0.846620 0.089421
51 0.505242 0.087538 0.407220
4106 0.088264 0.428149 0.483587
13 0.279954 0.212532 0.507514
4114 0.333753 0.500748 0.165499
12 0.076083 0.808122 0.115795
28 0.134072 0.570890 0.295037
9 0.157669 0.183505 0.658825
6 0.000000 0.350607 0.649393
3931 0.625467 0.258907 0.115626
93 0.243947 0.553649 0.202404
5 0.357752 0.291735 0.350513
1549 0.087765 0.894796 0.017439
50 0.008339 0.500477 0.491185
4098 0.825723 0.052063 0.122214
3952 0.180658 0.471611 0.347731
27 0.321697 0.458432 0.219871
2 0.631371 0.340946 0.027682
52 0.052971 0.804613 0.142416
12 0.777961 0.145996 0.076043
3997 0.200808 0.432479 0.366713
89 0.540561 0.442276 0.017162
77 0.364681 0.356245 0.279074
3910 0.630240 0.118384 0.251377
1545 0.375026 0.492017 0.132957
4840 0.436163 0.339516 0.224321
4914 0.165515 0.739615 0.094871
1339 0.172734 0.724243 0.103023
4979 0.271958 0.418938 0.309104
1260 0.167122 0.403139 0.429739
1076 0.254272 0.013603 0.732125
1806 0.003679 0.272258 0.724063
3679 0.030894 0.383607 0.585500
3672 0.738056 0.093635 0.168309
727 0.809531 0.182214 0.008255
716 0.372628 0.588241 0.039131
808 0.766115 0.114397 0.119489
718 0.013831 0.447169 0.539000
4475 0.279703 0.579677 0.140620
1064 0.306233 0.496804 0.196963
4485 0.103913 0.466015 0.430072
1366 0.156413 0.234075 0.609512
5651 0.394374 0.430830 0.174796
1372 0.380636 0.081943 0.537421
1377 0.119362 0.268918 0.611720
1404 0.443951 0.322953 0.233096
5654 0.627776 0.160441 0.211783
259 0.139948 0.621619 0.238432
425 0.430249 0.118680 0.451071
1690 0.648453 0.287533 0.064014
1018 0.703781 0.009904 0.286315
1796 0.248543 0.424635 0.326822
1653 0.134784 0.700350 0.164866
1683 0.399688 0.427296 0.173016
1040 0.476938 0.164323 0.358738
4279 0.802837 0.180352 0.016811
1199 0.559797 0.203139 0.237064
4231 0.118292 0.781124 0.100584
6731 0.719987 0.264873 0.015140
6181 0.220684 0.000000 0.779316
479 0.076795 0.398242 0.524964
496 0.353327 0.000000 0.646673
4458 0.217641 0.106472 0.675888
2470 0.641417 0.331066 0.027518
1723 0.692736 0.082712 0.224552
4676 0.856183 0.015279 0.128538
6221 0.898228 0.069563 0.032209
4848 0.234817 0.510233 0.254950
3014 0.000000 1.000000 0.000000
3014 1.000000 0.000000 0.000000
2200 0.431135 0.006550 0.562316
1074 0.283521 0.409285 0.307195
4714 0.007257 0.854659 0.138084
3131 0.140338 0.426403 0.433259
1666 0.200603 0.414957 0.384440
1305 0.540441 0.266349 0.193209
985 0.438482 0.351465 0.210054
1604 0.617092 0.341104 0.041805
3428 0.233527 0.398784 0.367689
6836 0.348335 0.451832 0.199833
6796 0.154187 0.429333 0.416480
2951 0.257485 0.276685 0.465830
6779 0.316272 0.476167 0.207561
1692 0.173541 0.488992 0.337467
6795 0.509097 0.042153 0.448750
6628 0.125284 0.701148 0.173569
6676 0.011362 0.440847 0.547791
6555 0.211118 0.703283 0.085599
6553 0.173413 0.712886 0.113701
3454 0.666266 0.279011 0.054723
6549 0.202923 0.614994 0.182084
6548 0.595789 0.087391 0.316820
6552 0.370619 0.139264 0.490118
3458 0.810043 0.026710 0.163247
6794 0.043966 0.816361 0.139673
6504 0.153086 0.674693 0.172220
6500 0.424102 0.493805 0.082094
3581 0.249007 0.100583 0.650410
3597 0.263410 0.385208 0.351382
3595 0.737209 0.105343 0.157448
6261 0.265922 0.424863 0.309214
3602 0.022681 0.408225 0.569095
6494 0.171737 0.384962 0.443300
3452 0.611945 0.036825 0.351230
6513 0.065818 0.421596 0.512586
3456 0.387620 0.038711 0.573668
6501 0.533514 0.168991 0.297495
3460 0.279148 0.069766 0.651086
3460 0.322496 0.477007 0.200497
6805 0.424028 0.292114 0.283858
3471 0.451350 0.352326 0.196324
3467 0.385528 0.392779 0.221693
3587 0.571277 0.094596 0.334126
3493 0.430813 0.145282 0.423905
6811 0.324064 0.216416 0.459520
2429 0.089474 0.265179 0.645347
3502 0.047950 0.646418 0.305633
3501 0.000000 0.724144 0.275856
6746 0.008350 0.474971 0.516679
6715 0.583642 0.228432 0.187926
2939 0.431294 0.438669 0.130038
6763 0.068186 0.771057 0.160756
6761 0.520920 0.226372 0.252708
2768 0.129806 0.136562 0.733632
2897 0.229047 0.068463 0.702490
2923 0.081294 0.354901 0.563805
6679 0.216543 0.481534 0.301923
6680 0.257314 0.175159 0.567527
4202 0.812523 0.092270 0.095206
2819 0.243506 0.634212 0.122282
6616 0.594494 0.403811 0.001695
4201 0.813935 0.162433 0.023632
2822 0.114304 0.041622 0.844075
4316 0.476735 0.173772 0.349494
2744 0.828955 0.138477 0.032568
2954 0.015276 0.325139 0.659585
2963 0.044629 0.850633 0.104738
4149 0.326375 0.129566 0.544059
3310 1.000000 0.000000 0.000000
6885 0.054440 0.789787 0.155773
4324 0.112809 0.714435 0.172756
2781 0.542818 0.264846 0.192336
2913 0.619188 0.182401 0.198411
3111 0.759237 0.039250 0.201513
3087 0.000000 0.959576 0.040424
3081 0.888198 0.039339 0.072463
4392 0.227969 0.083472 0.688559
4179 0.426190 0.022897 0.550913
4339 0.192064 0.407493 0.400443
4366 0.360092 0.250789 0.389118
4387 0.285030 0.245587 0.469382
5136 0.542524 0.274304 0.183172
2164 0.106891 0.818153 0.074956
2208 0.599840 0.294807 0.105353
5890 0.034062 0.392332 0.573606
4303 0.153460 0.520546 0.325993
975 0.221713 0.445818 0.332469
4188 0.102941 0.352180 0.544879
4156 0.848181 0.024230 0.127589
4252 0.158074 0.363857 0.478069
2998 0.480699 0.372562 0.146739
4348 0.190861 0.305083 0.504056
2168 0.157910 0.343922 0.498168
2256 0.060353 0.601926 0.337720
5942 0.588373 0.072681 0.338946
2210 0.244875 0.026796 0.728329
2170 0.050160 0.294347 0.655493
5928 0.423737 0.111433 0.464830
2809 0.061087 0.387696 0.551217
2282 0.015615 0.714411 0.269974
6140 0.057338 0.866164 0.076498
2195 0.143787 0.419734 0.436479
2261 0.452800 0.224819 0.322381
2199 0.111582 0.531222 0.357196
1218 0.609176 0.046988 0.343836
4228 0.069496 0.188929 0.741575
2266 0.567522 0.358096 0.074382
2177 0.101553 0.302494 0.595953
6956 0.055630 0.202929 0.741440
3303 0.160751 0.489422 0.349826
3304 0.186628 0.461401 0.351971
6955 0.218676 0.193994 0.587330
6948 0.592169 0.325302 0.082530
6949 0.513667 0.218842 0.267491
2198 0.232223 0.126533 0.641245
1209 0.199598 0.531079 0.269324
3633 0.092286 0.530484 0.377230
2216 0.164109 0.087017 0.748874
2247 0.143103 0.567749 0.289148
5921 0.093276 0.614395 0.292329
2190 0.157332 0.635090 0.207578
7081 0.207157 0.607254 0.185589
3556 0.508402 0.093634 0.397963
2814 0.341715 0.479225 0.179060
4380 0.364377 0.203554 0.432070
1210 0.422228 0.106713 0.471059
2743 0.438685 0.126259 0.435057
4315 0.159875 0.724281 0.115844
2771 0.252926 0.737958 0.009116
6732 0.633755 0.355600 0.010646
2774 0.243890 0.573970 0.182141
2775 0.282698 0.552765 0.164537
2807 0.844564 0.149903 0.005532
2454 0.557494 0.122575 0.319931
2494 0.693900 0.097724 0.208376
2382 0.597651 0.000000 0.402349
6129 0.236002 0.271944 0.492054
637 0.407366 0.103307 0.489327
2300 1.000000 0.000000 0.000000
4454 1.000000 0.000000 0.000000
6736 0.139868 0.021704 0.838428
2728 0.272925 0.450280 0.276795
2732 0.546601 0.069396 0.384003
1605 0.637283 0.007815 0.354902
5508 0.239548 0.328679 0.431772
2844 0.272888 0.214003 0.513109
6750 0.349105 0.323479 0.327416
4775 0.269065 0.678814 0.052121
960 0.453045 0.382720 0.164235
4774 0.588472 0.341976 0.069553
959 0.065925 0.839279 0.094795
2438 0.915705 0.045120 0.039175
4647 0.114851 0.707251 0.177898
6529 0.268065 0.710118 0.021817
6422 0.711273 0.039332 0.249395
2500 0.000000 0.723141 0.276859
2500 0.723005 0.027031 0.249964
6487 0.049854 0.240197 0.709948
2713 0.497491 0.038973 0.463537
6365 0.466101 0.000000 0.533899
6324 0.215092 0.112976 0.671932
2540 0.134251 0.130053 0.735696
6541 0.018503 0.238101 0.743395
3607 0.459649 0.091585 0.448765
5050 0.276174 0.677676 0.046151
6233 0.018256 0.654513 0.327231
3488 0.673405 0.261015 0.065580
3488 0.242992 0.168559 0.588448
6815 0.387326 0.177584 0.435090
6771 0.243092 0.500896 0.256011
6099 0.217817 0.557490 0.224692
6085 0.000000 0.368440 0.631560
6125 0.252852 0.000000 0.747148
6107 0.548444 0.242609 0.208947
6165 0.272592 0.470882 0.256525
6468 0.458094 0.508383 0.033523
6442 0.806226 0.083344 0.110430
6484 0.558986 0.000000 0.441014
2668 0.280912 0.556674 0.162414
6323 0.031440 0.534668 0.433891
6461 0.394570 0.000000 0.605430
6460 0.036611 0.816571 0.146818
2549 0.000000 0.760146 0.239854
2505 0.897710 0.102290 0.000000
6358 0.334232 0.397941 0.267828
6349 0.147556 0.758900 0.093544
6770 0.082044 0.180879 0.737077
6930 0.119314 0.340248 0.540438
5922 1.000000 0.000000 0.000000
2189 0.240950 0.603783 0.155267
4004 0.540599 0.184293 0.275108
80 0.548683 0.195300 0.256017
6285 0.860140 0.035349 0.104511
6633 0.042513 0.460937 0.496550
6635 0.215180 0.186215 0.598605
6778 0.808688 0.142005 0.049307
6781 0.595960 0.092771 0.311270
6480 0.439032 0.105928 0.455040
6203 0.000000 0.822530 0.177470
6200 0.000000 0.785044 0.214956
1156 1.000000 0.000000 0.000000
6802 0.825056 0.048133 0.126811
1233 0.000000 0.955633 0.044367
3468 0.044620 0.062175 0.893205
2419 0.000000 0.833731 0.166269
1231 0.000000 0.567883 0.432117
2428 0.785082 0.044198 0.170721
1232 1.000000 0.000000 0.000000
6277 0.066878 0.452808 0.480314
6200 0.000000 0.826130 0.173870
6196 0.086803 0.698436 0.214762
2415 1.000000 0.000000 0.000000
6190 0.867077 0.053017 0.079905
6189 0.130088 0.387216 0.482697
6265 0.353306 0.515643 0.131052
3430 0.439933 0.000000 0.560067
2423 0.534633 0.390532 0.074836
6538 0.377552 0.599609 0.022840
3490 0.411350 0.075835 0.512816
2468 0.330408 0.185212 0.484380
2329 0.611718 0.244555 0.143727
2510 0.264583 0.609541 0.125876
2332 0.800180 0.169744 0.030076
2867 0.232645 0.560619 0.206736
3457 0.582558 0.289125 0.128316
3451 0.100195 0.153263 0.746542
4264 0.170944 0.318847 0.510208
2740 0.196386 0.208300 0.595314
3482 0.482293 0.040152 0.477555
6790 0.197574 0.145884 0.656542
3180 0.424274 0.472167 0.103559
6790 0.097335 0.841857 0.060808
3487 0.488847 0.180692 0.330461
6775 0.176687 0.779291 0.044022
3487 0.112699 0.550097 0.337204
3180 0.327352 0.123830 0.548818
6777 0.348538 0.361865 0.289598
3486 0.040003 0.505613 0.454385
6775 0.905670 0.073644 0.020687
6776 0.024679 0.972819 0.002502
6555 0.679448 0.227455 0.093097
6352 0.685900 0.205933 0.108167
2684 0.131759 0.174936 0.693306
7024 0.474475 0.479294 0.046231
2071 0.324220 0.291359 0.384422
2068 0.537459 0.140299 0.322242
2092 0.154275 0.519939 0.325787
2088 0.127920 0.529963 0.342117
2097 0.761988 0.044445 0.193567
6615 0.029549 0.149321 0.821131
6623 0.241597 0.091917 0.666487
6626 0.673671 0.220427 0.105901
7161 0.810777 0.176597 0.012625
3266 0.451736 0.009805 0.538460
3238 0.231190 0.067424 0.701386
7158 0.083028 0.207569 0.709402
6897 0.161083 0.153170 0.685747
6902 0.328361 0.270687 0.400952
7026 0.578948 0.113151 0.307901
7025 0.287376 0.139670 0.572954
2079 0.395546 0.358894 0.245561
2054 0.420250 0.436912 0.142838
2083 0.126550 0.239348 0.634102
2095 0.162914 0.606055 0.231031
2073 0.800351 0.034559 0.165090
2251 0.076204 0.461443 0.462353
6604 0.216937 0.682602 0.100461
6611 0.000000 0.218772 0.781228
6609 0.316476 0.261524 0.421999
3323 0.371743 0.153289 0.474968
6868 0.600752 0.071614 0.327635
6891 0.111615 0.350873 0.537513
3324 0.583390 0.186361 0.230249
2041 0.059803 0.210994 0.729203
5739 0.124706 0.036879 0.838415
5798 0.388743 0.268121 0.343136
5827 0.410738 0.179960 0.409302
2508 0.159265 0.232855 0.607880
1979 0.275875 0.414334 0.309791
2598 0.370056 0.388335 0.241609
2597 0.143989 0.060657 0.795355
1972 0.193188 0.615713 0.191099
5765 0.491161 0.135611 0.373228
5826 0.134770 0.572780 0.292450
5789 0.113330 0.367866 0.518804
5792 0.349311 0.151268 0.499420
5869 0.609802 0.033594 0.356604
2581 0.197007 0.291410 0.511583
5851 0.358366 0.244603 0.397031
1934 0.299303 0.297579 0.403118
2608 0.363929 0.154662 0.481408
6914 0.132921 0.286454 0.580625
1988 0.270279 0.243725 0.485996
2599 0.337750 0.466172 0.196078
5803 0.758709 0.075536 0.165756
2596 0.085327 0.318310 0.596363
5862 0.740787 0.140654 0.118559
2601 0.002615 0.513737 0.483649
2600 0.057033 0.769035 0.173932
5861 0.598524 0.016015 0.385461
2141 0.074655 0.315037 0.610307
7141 0.437154 0.379718 0.183128
3283 0.623612 0.331866 0.044522
2001 0.674689 0.291460 0.033851
6874 0.108497 0.166697 0.724806
5721 0.592270 0.181375 0.226355
2007 0.115690 0.073717 0.810593
5772 0.043737 0.839541 0.116722
6108 0.866119 0.075800 0.058081
4609 0.000000 0.925711 0.074289
4634 0.247683 0.181061 0.571256
624 0.040816 0.851862 0.107322
6519 0.282413 0.421499 0.296088
3600 0.432388 0.256239 0.311373
6533 0.170762 0.165223 0.664015
6424 0.207631 0.436631 0.355738
6848 0.223020 0.368365 0.408615
3424 0.415067 0.558508 0.026424
6803 0.249356 0.145412 0.605232
2849 0.232662 0.132681 0.634657
6754 0.185230 0.457020 0.357750
2757 0.035639 0.719510 0.244851
6860 0.413835 0.408446 0.177719
5499 0.506070 0.174085 0.319844
3605 0.149159 0.133632 0.717209
6924 0.439177 0.381313 0.179510
7093 0.609951 0.000000 0.390049
3347 0.455546 0.101443 0.443011
3220 0.552382 0.106343 0.341276
3182 0.001550 0.673378 0.325072
7110 0.469538 0.483155 0.047307
3402 0.233270 0.310147 0.456583
3351 0.008754 0.702038 0.289209
3188 0.550769 0.428622 0.020609
7217 0.081135 0.130314 0.788551
7122 0.189402 0.316760 0.493837
7105 0.970407 0.018759 0.010834
3199 0.316819 0.562095 0.121086
3396 0.283531 0.585826 0.130643
7082 0.264606 0.124222 0.611172
6094 0.098775 0.268820 0.632404
6720 0.098900 0.527311 0.373789
3329 0.087969 0.225559 0.686472
6878 0.289836 0.300780 0.409383
6909 0.203808 0.360316 0.435875
2118 0.468281 0.035752 0.495968
6877 0.642044 0.116856 0.241100
6910 0.771209 0.175080 0.053712
6543 0.178441 0.702407 0.119152
6667 0.072864 0.771562 0.155574
3612 0.035208 0.384388 0.580404
5930 0.019956 0.915582 0.064461
6482 0.693647 0.250721 0.055632
6400 0.525696 0.361957 0.112347
6719 0.432404 0.224111 0.343485
2540 0.600661 0.279085 0.120253
6363 0.443121 0.218201 0.338677
6396 0.879226 0.053399 0.067375
6773 0.433083 0.090528 0.476390
3626 0.091611 0.447588 0.460802
1691 0.073902 0.789683 0.136415
1949 0.446400 0.553600 0.000000
6466 0.368838 0.074906 0.556256
964 0.378566 0.163375 0.458058
3514 0.263043 0.161773 0.575184
6283 0.438446 0.337775 0.223779
4590 0.216770 0.022007 0.761224
6510 0.086515 0.461644 0.451840
3483 0.220014 0.547916 0.232069
3510 0.646595 0.055556 0.297848
6097 0.006350 0.564121 0.429530
6089 0.169989 0.830011 0.000000
674 0.219994 0.000000 0.780006
6776 0.082024 0.765048 0.152928
3487 0.120134 0.825031 0.054835
3487 0.267258 0.690972 0.041770
3487 0.549017 0.412130 0.038853
3180 0.000000 0.831223 0.168777
3488 1.000000 0.000000 0.000000
6776 0.099325 0.143626 0.757049
3180 0.109409 0.345737 0.544854
3180 0.173835 0.566238 0.259926
6776 0.408649 0.575099 0.016252
6776 0.399602 0.314294 0.286105
3621 0.457406 0.206764 0.335830
6792 0.153939 0.236086 0.609974
6669 0.159316 0.091735 0.748949
6861 0.305906 0.183171 0.510923
3628 0.039683 0.289788 0.670529
3210 0.000000 0.631516 0.368484
1886 0.629763 0.041672 0.328564
1890 0.305294 0.414163 0.280543
3213 0.078248 0.177287 0.744466
6005 0.868183 0.073125 0.058691
1835 0.276818 0.324868 0.398314
5879 0.483953 0.501634 0.014412
6081 0.320017 0.322649 0.357335
1844 0.662863 0.325027 0.012109
1821 0.465195 0.170893 0.363912
1871 0.361076 0.113875 0.525049
6038 0.811790 0.157653 0.030556
6010 0.062701 0.677137 0.260162
6023 0.225630 0.278495 0.495875
6026 0.158079 0.824357 0.017564
1831 0.113988 0.831021 0.054991
6000 0.551468 0.127941 0.320592
6034 0.201955 0.393078 0.404967
1913 0.092061 0.775666 0.132273
1827 0.742945 0.075900 0.181155
7186 0.451630 0.081342 0.467028
1878 0.344636 0.563182 0.092182
5988 0.141402 0.680023 0.178576
5778 0.458731 0.106193 0.435075
1822 0.262577 0.559445 0.177978
1826 0.124784 0.571744 0.303472
1820 0.221494 0.040666 0.737840
1819 0.023855 0.282319 0.693826
5996 0.016231 0.839974 0.143795
1897 0.418058 0.402023 0.179918
3357 1.000000 0.000000 0.000000
1884 0.117977 0.498465 0.383558
5920 0.734399 0.105948 0.159653
1874 0.252639 0.061971 0.685390
3363 0.456467 0.323636 0.219896
3397 0.000000 0.514877 0.485123
7184 0.007446 0.883574 0.108980
4926 0.405822 0.000415 0.593764
1171 0.006086 0.322159 0.671755
1301 0.457424 0.156202 0.386374
1604 0.073194 0.886036 0.040770
1602 0.534170 0.385281 0.080548
1602 0.046262 0.821647 0.132092
3797 0.328595 0.618109 0.053296
3797 0.284890 0.177736 0.537374
528 0.467478 0.191716 0.340806
4674 0.208699 0.382662 0.408639
1039 0.557822 0.090881 0.351297
4675 0.155085 0.496802 0.348113
1040 0.047009 0.564838 0.388153
4812 0.314503 0.390545 0.294952
1604 0.610664 0.031543 0.357793
1693 0.469660 0.229534 0.300805
1693 0.541820 0.334410 0.123770
1665 0.096206 0.265489 0.638305
1665 0.434639 0.087283 0.478078
1665 0.471711 0.320923 0.207366
4874 0.498894 0.039706 0.461400
4874 0.240441 0.335703 0.423856
1692 0.586657 0.401177 0.012166
1692 0.431771 0.396365 0.171864
1692 0.525888 0.066880 0.407232
4907 0.571649 0.107618 0.320733
1693 0.187229 0.367918 0.444852
1690 0.732324 0.042749 0.224928
4905 0.608910 0.134845 0.256246
1687 0.029591 0.410759 0.559650
1687 0.312736 0.008814 0.678450
4902 0.371860 0.464929 0.163210
4902 0.433825 0.236773 0.329403
4902 0.687402 0.265982 0.046616
1687 0.572239 0.279741 0.148020
4903 0.027578 0.538015 0.434407
4903 0.117166 0.795751 0.087083
4903 0.024257 0.905994 0.069749
1690 0.879642 0.093802 0.026556
4897 0.140089 0.651581 0.208330
4897 0.024067 0.462908 0.513025
1629 0.593907 0.233073 0.173021
1624 0.109376 0.731317 0.159308
4895 0.034193 0.545225 0.420582
4895 0.145299 0.257854 0.596847
4895 0.371269 0.069738 0.558993
4895 0.522896 0.199586 0.277518
1679 0.658701 0.031290 0.310009
1679 0.169187 0.545282 0.285531
4897 0.577722 0.194062 0.228216
4897 0.436334 0.557988 0.005678
4898 0.423575 0.049649 0.526776
4898 0.579737 0.243827 0.176436
1683 0.567268 0.145572 0.287160
1683 0.089049 0.599059 0.311892
4901 0.589213 0.272613 0.138175
1686 0.358618 0.181553 0.459829
1686 0.184743 0.136712 0.678544
4901 0.146585 0.594818 0.258597
1633 0.605815 0.380213 0.013972
1628 0.054289 0.834793 0.110919
4898 0.031669 0.615036 0.353295
4898 0.132748 0.304027 0.563225
3516 0.019941 0.058468 0.921590
6504 0.104451 0.216477 0.679072
6504 0.127554 0.450281 0.422166
4787 0.338636 0.489994 0.171370
1637 0.158559 0.200782 0.640659
4788 0.393327 0.255735 0.350938
1632 0.235364 0.452929 0.311707
1632 0.268643 0.673397 0.057959
4902 0.118467 0.817197 0.064336
4905 0.241896 0.313549 0.444555
1690 0.150757 0.066954 0.782289
4906 0.195939 0.429658 0.374403
1810 0.501592 0.350346 0.148062
5500 0.230778 0.646646 0.122576
5549 0.348287 0.212405 0.439308
1770 0.452325 0.252264 0.295411
1770 0.085206 0.454366 0.460428
4549 0.338786 0.076795 0.584419
4549 0.092315 0.738020 0.169665
595 1.000000 0.000000 0.000000
595 0.114995 0.373398 0.511607
4630 0.397833 0.166555 0.435612
619 0.307699 0.079937 0.612364
5503 0.119529 0.619848 0.260623
4823 0.848043 0.133913 0.018044
1780 0.404344 0.570739 0.024917
4841 0.031781 0.043120 0.925099
4841 0.385772 0.310125 0.304103
1626 0.147046 0.253215 0.599739
4842 0.473993 0.338410 0.187596
1627 0.071836 0.258588 0.669576
4816 0.138923 0.185602 0.675475
4828 0.269103 0.393620 0.337277
4845 0.335439 0.324195 0.340366
1702 0.131439 0.389851 0.478709
1758 0.470725 0.204670 0.324604
1631 0.000000 0.407910 0.592090
1631 0.028568 0.486228 0.485204
1631 0.078489 0.548392 0.373119
4785 0.309000 0.291254 0.399746
1634 0.689402 0.310598 0.000000
4786 0.550620 0.333737 0.115644
3460 0.283262 0.175048 0.541690
3460 0.290108 0.272893 0.436999
3460 0.302343 0.370949 0.326708
1635 0.222507 0.529418 0.248076
4786 0.056481 0.767828 0.175691
1634 0.264465 0.263683 0.471852
1647 0.153501 0.290130 0.556369
4855 0.143323 0.773884 0.082793
1658 0.313568 0.526498 0.159934
4854 0.414442 0.232152 0.353406
1672 0.138935 0.229987 0.631077
4853 0.347809 0.420037 0.232155
1672 0.565855 0.364437 0.069707
1648 0.056860 0.229356 0.713784
1647 0.554258 0.033120 0.412622
5503 0.496119 0.053402 0.450479
5505 0.407725 0.433545 0.158730
1788 0.190986 0.159911 0.649103
5504 0.538572 0.193659 0.267769
5504 1.000000 0.000000 0.000000
1772 0.095441 0.077153 0.827407
1772 0.434532 0.119857 0.445611
1772 0.552970 0.394545 0.052485
5506 0.451630 0.203194 0.345176
5516 0.705277 0.259476 0.035247
5516 0.263412 0.405906 0.330682
1813 0.506077 0.303579 0.190343
1765 0.552511 0.030669 0.416820
5515 0.196902 0.674271 0.128827
1768 0.180585 0.707532 0.111883
4882 0.110301 0.425817 0.463882
1767 0.062496 0.709484 0.228021
5038 0.322729 0.518548 0.158723
4860 0.672306 0.287736 0.039958
4860 0.456085 0.507619 0.036296
4860 0.193177 0.684986 0.121838
1649 0.530856 0.175830 0.293314
4857 0.602528 0.133006 0.264466
1658 0.114429 0.422497 0.463074
613 0.270255 0.476778 0.252967
1621 1.000000 0.000000 0.000000
1646 0.455386 0.016259 0.528355
1646 0.231390 0.499679 0.268931
1646 0.099051 0.470562 0.430387
4890 0.477314 0.104467 0.418219
4890 0.038204 0.065729 0.896067
1621 0.125099 0.317606 0.557295
4836 0.152598 0.606323 0.241079
1118 0.571110 0.409996 0.018894
4765 0.032748 0.839964 0.127288
4762 0.077957 0.208798 0.713245
1117 0.403636 0.100057 0.496307
1116 0.378115 0.544861 0.077025
4758 0.273237 0.652968 0.073795
1113 0.687673 0.017053 0.295275
1114 0.143660 0.645866 0.210475
1114 0.620410 0.174733 0.204857
942 0.064292 0.313205 0.622503
942 0.044502 0.863858 0.091640
943 0.023966 0.411181 0.564853
941 0.392336 0.023018 0.584645
4846 0.006383 0.688628 0.304989
944 0.215667 0.368566 0.415767
4911 0.111035 0.150014 0.738951
4911 0.053876 0.436885 0.509240
943 0.278858 0.710516 0.010626
939 0.424849 0.396891 0.178260
939 0.772180 0.060142 0.167678
940 0.126111 0.732064 0.141825
4771 0.525772 0.298166 0.176063
1128 0.691565 0.132597 0.175838
4770 0.138487 0.325915 0.535598
4781 0.641087 0.102722 0.256191
1126 0.196324 0.644141 0.159535
4773 0.080943 0.500441 0.418616
1131 0.769643 0.092543 0.137814
4772 0.494933 0.244610 0.260456
2908 0.152460 0.098232 0.749308
6680 0.544309 0.335312 0.120379
2908 0.512902 0.304819 0.182279
6681 0.070093 0.631906 0.298001
1355 0.157368 0.640879 0.201753
1352 0.582541 0.103740 0.313719
1352 0.019063 0.510438 0.470498
5057 0.318076 0.459799 0.222126
5055 0.467053 0.331615 0.201333
5527 0.682670 0.243655 0.073675
1719 0.643689 0.065041 0.291271
4923 0.257093 0.540762 0.202145
1346 0.201544 0.338970 0.459487
4929 0.585050 0.099600 0.315350
4928 0.355036 0.120913 0.524051
4933 0.124712 0.162220 0.713067
4723 0.027894 0.481018 0.491088
4724 0.117295 0.354303 0.528402
928 0.731379 0.026008 0.242612
5045 0.090942 0.577259 0.331799
924 0.506513 0.062621 0.430866
5041 0.054168 0.403520 0.542313
1085 0.468633 0.216099 0.315268
1084 0.385353 0.384951 0.229695
998 0.184650 0.089570 0.725780
1000 0.003787 0.155238 0.840975
999 0.864591 0.036534 0.098876
5063 0.520062 0.325092 0.154846
1327 0.402291 0.527293 0.070416
1248 0.111692 0.858959 0.029350
5028 0.019987 0.126898 0.853115
4996 0.380476 0.362083 0.257441
1138 0.292843 0.193245 0.513912
4999 0.574394 0.039290 0.386316
1245 0.522067 0.142787 0.335147
1246 0.709373 0.014282 0.276344
1358 0.862535 0.003979 0.133486
4936 0.096432 0.727477 0.176091
4937 0.313298 0.524779 0.161923
4932 0.572839 0.377222 0.049940
1718 0.227877 0.295387 0.476736
5529 0.158879 0.423884 0.417236
5254 0.731079 0.088206 0.180715
1729 0.266165 0.335773 0.398062
1704 0.355079 0.585441 0.059481
4918 0.718218 0.111828 0.169954
4920 0.611505 0.151822 0.236673
4925 0.355635 0.132210 0.512155
4924 0.072541 0.092382 0.835077
4323 0.074443 0.345249 0.580308
4323 0.003426 0.948018 0.048556
931 0.087323 0.371003 0.541673
932 0.528687 0.357829 0.113483
5049 0.886967 0.110755 0.002278
4727 0.862573 0.091257 0.046170
1007 0.065245 0.204077 0.730678
1007 0.082151 0.716799 0.201050
4278 0.274123 0.375461 0.350416
2917 0.812682 0.057487 0.129831
2813 0.247618 0.010864 0.741518
2813 0.267302 0.434574 0.298124
1289 0.016078 0.201856 0.782066
5124 0.151253 0.630602 0.218145
4963 0.031367 0.392825 0.575808
4959 0.499817 0.029381 0.470802
1259 0.184710 0.251882 0.563408
4973 0.368983 0.624056 0.006960
1283 0.582473 0.164005 0.253523
5117 0.081876 0.440464 0.477660
5114 0.426415 0.430239 0.143346
341 0.076438 0.064640 0.858922
3955 0.462818 0.457199 0.079983
379 0.158802 0.226100 0.615097
1268 0.599801 0.118144 0.282055
4962 0.663726 0.060290 0.275984
1263 0.341194 0.262610 0.396196
381 0.257603 0.117917 0.624480
3959 0.286806 0.397821 0.315373
978 0.057929 0.749074 0.192996
5127 0.173288 0.390322 0.436390
5128 0.013747 0.519592 0.466660
1267 0.137333 0.084794 0.777872
4955 0.325401 0.255181 0.419418
4950 0.358651 0.033242 0.608106
1251 0.047567 0.350352 0.602080
4951 0.010058 0.534695 0.455248
5112 0.047396 0.573385 0.379219
1279 0.057421 0.447345 0.495234
1281 0.504338 0.289434 0.206228
5115 0.384020 0.160280 0.455700
5114 0.131043 0.857276 0.011681
1271 0.683205 0.205790 0.111005
4971 0.867863 0.118287 0.013850
1272 0.064656 0.794825 0.140519
979 0.168927 0.610479 0.220594
5161 0.768188 0.225238 0.006574
982 0.654953 0.065934 0.279113
5130 0.715457 0.024659 0.259884
3067 0.698687 0.112934 0.188379
3155 0.368447 0.269518 0.362034
343 0.045306 0.841991 0.112703
3978 0.790520 0.156826 0.052653
3978 0.533729 0.365438 0.100834
3978 0.092752 0.143898 0.763350
3961 0.625244 0.009018 0.365738
3961 0.062021 0.037850 0.900129
3975 0.382964 0.536709 0.080327
341 0.648736 0.155366 0.195898
3976 0.148685 0.079815 0.771500
3978 0.037329 0.773382 0.189289
388 0.686465 0.214345 0.099189
3964 0.004606 0.711730 0.283664
385 0.516630 0.054767 0.428603
383 0.307920 0.472769 0.219311
5160 0.026541 0.839921 0.133538
5151 0.296692 0.053919 0.649389
5155 0.737131 0.011193 0.251676
974 0.093607 0.110025 0.796368
5157 0.655930 0.284932 0.059138
5162 0.204112 0.592956 0.202932
980 0.528398 0.224338 0.247264
981 0.667927 0.126459 0.205614
5158 0.145208 0.091473 0.763320
5153 0.503162 0.466195 0.030644
1336 0.193083 0.303615 0.503302
1336 0.137442 0.786325 0.076234
1339 0.155368 0.200173 0.644459
1338 0.789858 0.040916 0.169226
1338 0.338156 0.491163 0.170681
4921 0.199831 0.167087 0.633082
1486 0.355178 0.556350 0.088472
1730 0.256419 0.315103 0.428478
1730 0.842426 0.012008 0.145566
5017 0.847227 0.012015 0.140757
1330 0.217943 0.614814 0.167243
1315 0.530877 0.306394 0.162728
1311 0.457644 0.335635 0.206721
1314 0.110699 0.650783 0.238518
5013 0.722042 0.134865 0.143093
4979 0.239426 0.011293 0.749281
4980 0.210390 0.555347 0.234262
4980 0.154869 0.017046 0.828085
1252 0.255254 0.713109 0.031637
1253 0.366788 0.168201 0.465011
4982 0.204798 0.433788 0.361414
4978 0.378761 0.547578 0.073661
1249 0.325903 0.333793 0.340304
4948 0.093560 0.787512 0.118928
4947 0.571181 0.417437 0.011381
1274 0.050187 0.482440 0.467372
4946 0.497749 0.402534 0.099717
3977 0.087697 0.282754 0.629549
429 0.133012 0.499995 0.366994
5347 0.196285 0.378559 0.425156
5350 0.270627 0.381617 0.347756
432 0.086740 0.270790 0.642470
5349 0.470649 0.479713 0.049639
5354 0.289750 0.307452 0.402798
433 0.281982 0.704719 0.013299
5352 0.595240 0.092442 0.312318
347 0.074059 0.836770 0.089172
347 0.573954 0.149071 0.276974
343 0.566111 0.431874 0.002015
4144 0.211223 0.275730 0.513047
348 0.032767 0.497556 0.469677
348 0.311950 0.507172 0.180877
4656 0.260744 0.035372 0.703884
350 0.367632 0.030914 0.601453
371 0.401583 0.243302 0.355115
4011 0.435146 0.419208 0.145646
4011 0.307689 0.072206 0.620105
4014 0.260212 0.166203 0.573585
373 0.388130 0.302638 0.309232
372 0.749907 0.070605 0.179488
372 0.158073 0.825101 0.016826
460 0.013350 0.630874 0.355776
460 0.516326 0.331554 0.152120
462 0.019121 0.082882 0.897997
462 0.000645 0.831760 0.167595
461 0.420408 0.441480 0.138112
3985 0.856451 0.111803 0.031746
376 0.466158 0.103033 0.430809
3985 0.194826 0.516686 0.288488
377 0.561179 0.362406 0.076415
5166 0.363432 0.157381 0.479187
346 0.085944 0.532579 0.381477
346 0.317070 0.538426 0.144504
5355 0.054784 0.416150 0.529066
5355 0.759907 0.096236 0.143856
439 0.206884 0.265644 0.527472
353 0.514195 0.136673 0.349132
4657 0.055486 0.646467 0.298048
4236 0.067354 0.126646 0.806000
436 0.283346 0.350154 0.366499
5353 0.366255 0.254510 0.379234
5323 0.000000 0.288620 0.711380
5323 0.000000 0.961576 0.038424
5325 0.000000 0.313745 0.686255
5341 0.778665 0.108978 0.112357
1199 0.183361 0.271350 0.545289
4220 0.192745 0.679359 0.127896
2972 0.304629 0.289465 0.405906
4230 0.126783 0.074351 0.798865
4230 0.327186 0.293694 0.379121
5331 0.000000 0.527844 0.472156
3038 0.231905 0.163729 0.604366
4230 0.020698 0.842068 0.137234
3007 0.026337 0.603697 0.369966
1217 0.143480 0.173679 0.682841
1217 0.327981 0.374020 0.297999
1204 0.243931 0.507997 0.248073
412 0.000000 0.000000 1.000000
445 1.000000 0.000000 0.000000
5300 1.000000 0.000000 0.000000
5301 0.194521 0.619952 0.185527
5300 0.899266 0.000000 0.100734
359 0.242462 0.561630 0.195908
5334 0.682431 0.205836 0.111733
354 0.242607 0.478127 0.279266
5329 0.527850 0.185056 0.287095
1503 0.924218 0.068141 0.007642
1487 0.020571 0.615776 0.363653
1477 1.000000 0.000000 0.000000
5290 0.237196 0.236739 0.526065
5290 0.438802 0.292330 0.268867
1478 0.634299 0.037685 0.328017
1478 0.105513 0.820441 0.074046
1501 0.021948 0.467134 0.510918
5244 0.090026 0.130915 0.779058
1502 0.315617 0.484629 0.199754
1502 0.284494 0.223481 0.492025
5285 0.235699 0.737186 0.027115
1495 0.637962 0.177762 0.184276
5243 0.418447 0.528939 0.052614
