25762 0.004493 0.056499 0.939008
4708 0.002580 0.063683 0.933737
4712 0.052350 0.017576 0.930073
25757 0.064518 0.904802 0.030680
25753 0.039608 0.852114 0.108278
4369 0.008563 0.202255 0.789182
4365 0.039234 0.333792 0.626974
4361 0.001609 0.715111 0.283279
25912 0.888039 0.010056 0.101905
20246 0.948762 0.022104 0.029134
25908 0.023265 0.039407 0.937327
4288 0.023047 0.014056 0.962897
4284 0.028493 0.018677 0.952830
25948 0.029822 0.045796 0.924383
25955 0.005653 0.036801 0.957546
25728 0.066185 0.911510 0.022305
25732 0.145054 0.742846 0.112101
25737 0.115320 0.674461 0.210219
25876 0.057164 0.785832 0.157004
25868 0.431078 0.564464 0.004458
25710 0.005523 0.857492 0.136986
25703 0.102224 0.804203 0.093573
4689 0.876157 0.052907 0.070936
25279 0.014178 0.200209 0.785613
25715 0.003385 0.979511 0.017104
4670 0.005019 0.005122 0.989858
25247 0.015683 0.848873 0.135445
25645 0.066380 0.158940 0.774680
3973 0.032488 0.163926 0.803587
25579 0.587977 0.314914 0.097110
3966 0.204679 0.026625 0.768696
3977 0.255177 0.147784 0.597039
4822 0.516428 0.039684 0.443888
25326 0.486452 0.068640 0.444908
17429 0.680397 0.108043 0.211560
13548 0.516261 0.063895 0.419844
25566 0.438191 0.329066 0.232743
4010 0.167674 0.284336 0.547990
11787 0.324985 0.015730 0.659285
4920 0.148582 0.578045 0.273373
15965 0.190774 0.807343 0.001883
3997 0.013113 0.048158 0.938729
25563 0.932761 0.038602 0.028637
25624 0.006072 0.931833 0.062095
25628 0.051940 0.896905 0.051155
25633 0.015535 0.921880 0.062585
25636 0.031659 0.899101 0.069241
25640 0.018194 0.915399 0.066407
25621 0.003286 0.931106 0.065608
3906 0.100494 0.878927 0.020579
3931 0.087683 0.869639 0.042678
25599 0.856167 0.061612 0.082221
3950 0.007207 0.901115 0.091677
25612 0.015605 0.891429 0.092965
3947 0.092908 0.866075 0.041017
20223 0.045534 0.089765 0.864701
3251 0.934476 0.005905 0.059619
3935 0.116492 0.775234 0.108274
25886 0.797570 0.063442 0.138988
25890 0.812662 0.049558 0.137779
4101 0.041186 0.850515 0.108299
3417 0.000000 0.056571 0.943429
25474 0.547663 0.003160 0.449176
4452 0.026309 0.547299 0.426391
4492 0.132806 0.296028 0.571166
4417 0.758291 0.180856 0.060853
25443 0.795137 0.147691 0.057172
25447 0.858850 0.132273 0.008876
25452 0.796466 0.132936 0.070598
13593 0.103146 0.402804 0.494050
4830 0.030869 0.911358 0.057773
25465 0.861675 0.102060 0.036265
4465 0.159256 0.579791 0.260953
4740 0.260688 0.353472 0.385840
4059 0.818352 0.178360 0.003288
4063 0.903177 0.093792 0.003032
4473 0.046665 0.886814 0.066521
4469 0.000183 0.930027 0.069790
25192 0.950903 0.008545 0.040552
25185 0.945227 0.003092 0.051681
25190 0.891973 0.003576 0.104451
6866 0.190000 0.552027 0.257973
4092 0.215437 0.731210 0.053353
4097 0.406052 0.003739 0.590210
25871 0.196203 0.702297 0.101500
25863 0.220898 0.750843 0.028259
25930 0.664964 0.331402 0.003634
4690 0.251572 0.069340 0.679088
4126 0.472116 0.516959 0.010925
4122 0.915678 0.069003 0.015320
25852 0.008591 0.000174 0.991235
25779 0.010094 0.017737 0.972169
25951 0.959161 0.013270 0.027569
4045 0.952443 0.029128 0.018429
4041 0.916108 0.037052 0.046840
4037 0.027665 0.811167 0.161168
25839 0.683676 0.059942 0.256382
25804 0.339826 0.037124 0.623050
25808 0.215854 0.002323 0.781823
25812 0.149395 0.026204 0.824401
25816 0.112595 0.039547 0.847858
25820 0.047502 0.077910 0.874588
4656 0.943118 0.051906 0.004976
4705 0.004219 0.994095 0.001687
4701 0.026370 0.971969 0.001661
25771 0.914369 0.042698 0.042934
25801 0.900149 0.012074 0.087777
4540 0.013754 0.884241 0.102005
25844 0.291095 0.066829 0.642076
4727 0.005937 0.190151 0.803912
4693 0.028801 0.076203 0.894996
4658 0.047453 0.922890 0.029657
4743 0.070949 0.526038 0.403014
4747 0.033659 0.270094 0.696247
25359 0.125295 0.021052 0.853652
25533 0.224403 0.007368 0.768229
4875 0.235713 0.152349 0.611938
25819 0.009363 0.947902 0.042734
4655 0.072683 0.910072 0.017245
4646 0.027221 0.951643 0.021137
25403 0.006220 0.916435 0.077344
4612 0.940738 0.048531 0.010730
4663 0.016306 0.957385 0.026309
21183 0.048789 0.071194 0.880017
4832 0.903783 0.039627 0.056589
25321 0.594269 0.121668 0.284063
25537 0.206582 0.026516 0.766902
5385 0.323332 0.657641 0.019027
12073 0.122945 0.474607 0.402448
25313 0.157685 0.398088 0.444227
4842 0.081085 0.631602 0.287313
4816 0.100717 0.831902 0.067381
4667 0.057293 0.935044 0.007663
25256 0.968112 0.014434 0.017454
4672 0.967233 0.024617 0.008151
4680 0.144031 0.841488 0.014481
4683 0.408875 0.577633 0.013493
25270 0.165994 0.659632 0.174374
17432 0.697503 0.211006 0.091491
13550 0.187246 0.794939 0.017815
3965 0.320190 0.359707 0.320103
4887 0.003684 0.689414 0.306902
4438 0.075811 0.177718 0.746471
25286 0.192946 0.162279 0.644775
25290 0.040980 0.261794 0.697226
25294 0.031086 0.381173 0.587741
25298 0.053660 0.680650 0.265691
4855 0.090551 0.037120 0.872329
4851 0.209617 0.687960 0.102423
26030 0.118538 0.129761 0.751701
7329 0.700536 0.184277 0.115187
26226 0.300803 0.062529 0.636668
26167 0.686627 0.194940 0.118433
7409 0.748915 0.056345 0.194740
26175 0.708156 0.107240 0.184604
4768 0.489694 0.203464 0.306842
25177 0.376833 0.441691 0.181477
25152 0.454806 0.085628 0.459567
25137 0.329479 0.237755 0.432766
4807 0.085541 0.762708 0.151751
4803 0.108358 0.829661 0.061981
4799 0.071147 0.899670 0.029183
7069 0.882915 0.021439 0.095646
7043 0.768259 0.026973 0.204768
26631 0.363897 0.574348 0.061755
25230 0.044070 0.840464 0.115466
25223 0.012081 0.917412 0.070507
6888 0.052322 0.913989 0.033690
6884 0.018766 0.939132 0.042102
6880 0.008061 0.942765 0.049174
6876 0.065810 0.806311 0.127880
6872 0.258620 0.593854 0.147526
25518 0.165363 0.056327 0.778310
4512 0.850286 0.045629 0.104086
25497 0.171494 0.141763 0.686743
4595 0.881832 0.001502 0.116667
25505 0.782637 0.079137 0.138226
11792 0.887249 0.080959 0.031792
4886 0.320784 0.056148 0.623068
26449 0.099247 0.020286 0.880466
13596 0.331483 0.415855 0.252662
25519 0.090914 0.827349 0.081737
25520 0.060642 0.040813 0.898544
7300 0.011013 0.893178 0.095809
4585 0.069675 0.089765 0.840561
25514 0.894685 0.068375 0.036941
4578 0.898947 0.018243 0.082809
25366 0.913317 0.072747 0.013936
4631 0.029586 0.902620 0.067794
4627 0.017156 0.854997 0.127847
4623 0.015122 0.825385 0.159493
4619 0.014878 0.858192 0.126930
6829 0.011548 0.939320 0.049132
7140 0.008223 0.916709 0.075068
7177 0.937717 0.060440 0.001843
7092 0.945090 0.041656 0.013254
26540 0.930806 0.054960 0.014234
26409 0.941339 0.045171 0.013490
26381 0.938955 0.033363 0.027683
7304 0.011633 0.048064 0.940302
4541 0.060783 0.846090 0.093127
25428 0.020856 0.154591 0.824553
25432 0.032962 0.021186 0.945852
21236 0.014308 0.886910 0.098782
21158 0.167557 0.054758 0.777685
21142 0.033625 0.083795 0.882580
246 0.944190 0.046413 0.009397
19751 0.053215 0.898284 0.048502
19555 0.973038 0.016739 0.010223
239 0.001840 0.985451 0.012710
210 0.550820 0.406233 0.042947
6851 0.415052 0.566455 0.018493
26654 0.077442 0.484907 0.437651
26771 0.133702 0.019202 0.847096
395 0.804295 0.184250 0.011455
19843 1.000000 0.000000 0.000000
6897 0.900775 0.084021 0.015204
7238 0.841127 0.134130 0.024744
468 0.785478 0.157151 0.057371
472 0.292824 0.588978 0.118197
19909 0.175290 0.823426 0.001284
429 0.908723 0.008720 0.082557
26539 0.046205 0.042222 0.911573
26566 0.083576 0.076516 0.839908
26490 0.121069 0.025193 0.853738
21250 0.866351 0.019892 0.113757
21204 0.923257 0.009869 0.066874
4544 0.000153 0.081919 0.917928
360 0.004338 0.067955 0.927706
4539 0.009950 0.921527 0.068523
4571 0.187884 0.763413 0.048703
282 0.045194 0.945955 0.008851
25422 0.018315 0.903544 0.078141
4520 0.083902 0.890036 0.026062
25410 0.006780 0.981877 0.011344
4561 0.970498 0.026826 0.002676
26503 0.039304 0.010284 0.950411
7146 0.023875 0.022925 0.953199
26511 0.051352 0.027176 0.921472
25542 0.005391 0.003228 0.991381
7160 0.971520 0.019347 0.009133
26486 0.017523 0.014606 0.967871
7183 0.014499 0.005327 0.980174
26483 0.013009 0.019207 0.967784
7176 0.020810 0.963484 0.015706
26495 0.033944 0.023970 0.942086
7133 0.008052 0.042022 0.949926
7098 0.009205 0.020128 0.970667
26559 0.017624 0.045018 0.937358
7086 0.002203 0.041872 0.955925
26571 0.051045 0.003766 0.945189
7078 0.038096 0.027232 0.934672
7103 0.008395 0.062712 0.928893
26531 0.051278 0.008830 0.939891
7123 0.013241 0.068401 0.918358
7119 0.014015 0.058808 0.927177
7115 0.060934 0.053968 0.885098
7111 0.046755 0.104598 0.848647
7108 0.071442 0.055515 0.873043
7282 0.022774 0.052022 0.925204
7278 0.013072 0.071020 0.915909
7274 0.066092 0.073776 0.860131
7270 0.098082 0.072291 0.829627
7267 0.125463 0.038959 0.835578
7283 0.029829 0.966671 0.003500
26391 0.001868 0.970398 0.027734
26421 0.073068 0.917416 0.009516
26451 0.103106 0.845835 0.051059
26713 0.060150 0.718254 0.221596
7259 0.028720 0.922220 0.049060
7288 0.031137 0.938736 0.030127
7312 0.049375 0.927570 0.023055
7308 0.092256 0.883732 0.024012
7253 0.308040 0.654699 0.037261
7296 0.049200 0.901850 0.048950
7292 0.033578 0.916070 0.050351
7258 0.054374 0.865198 0.080428
7249 0.196980 0.720471 0.082549
7219 0.040671 0.851604 0.107725
7215 0.028296 0.888749 0.082955
7226 0.005781 0.886443 0.107776
7231 0.883502 0.040069 0.076429
6896 0.752911 0.201557 0.045532
7241 0.773581 0.203383 0.023036
7245 0.906405 0.088675 0.004921
26721 0.113568 0.644956 0.241476
26768 0.021270 0.922791 0.055939
6915 0.005506 0.079924 0.914570
6921 0.058354 0.757132 0.184514
6947 0.163288 0.786906 0.049806
6938 0.040219 0.013872 0.945908
6934 0.202466 0.667602 0.129932
6930 0.295814 0.658754 0.045433
26740 0.090993 0.719462 0.189544
26744 0.003086 0.739542 0.257372
26748 0.009280 0.788245 0.202475
26752 0.012757 0.844684 0.142559
6855 0.828552 0.169220 0.002227
4343 0.169312 0.018510 0.812179
4340 0.824559 0.121316 0.054125
20186 0.022789 0.006870 0.970341
20212 0.017689 0.001663 0.980647
344 0.013381 0.153590 0.833029
21194 0.134260 0.041496 0.824244
21243 0.105999 0.061944 0.832057
26659 0.324578 0.141119 0.534303
6952 0.078639 0.073752 0.847609
26617 0.006469 0.979873 0.013658
7049 0.113578 0.871939 0.014483
7045 0.067154 0.911692 0.021154
26581 0.041286 0.942164 0.016550
6877 0.035303 0.003880 0.960817
6972 0.030714 0.884560 0.084725
26108 0.146317 0.702830 0.150853
6967 0.157798 0.684139 0.158063
26085 0.378902 0.223337 0.397761
26140 0.640387 0.176235 0.183378
26116 0.836936 0.105721 0.057343
7588 0.824716 0.085282 0.090002
26652 0.008089 0.150984 0.840927
26024 0.083984 0.235231 0.680785
26663 0.093245 0.178079 0.728675
26668 0.054378 0.256700 0.688922
26671 0.041351 0.494417 0.464232
26675 0.089986 0.742444 0.167570
26656 0.128493 0.789221 0.082286
7762 0.862401 0.024103 0.113496
26209 0.035681 0.149599 0.814720
26062 0.094456 0.167092 0.738453
6960 0.154625 0.823984 0.021391
6956 0.074303 0.909421 0.016276
26110 0.050218 0.922232 0.027550
6973 0.048005 0.850662 0.101333
7005 0.108690 0.861813 0.029497
26114 0.096025 0.187282 0.716693
7648 0.155036 0.820425 0.024540
7561 0.112429 0.874312 0.013259
6985 0.078577 0.906285 0.015138
6989 0.105600 0.888743 0.005656
7002 0.029936 0.791697 0.178367
25986 0.044960 0.222603 0.732436
7681 0.226343 0.771348 0.002309
26159 0.006230 0.785708 0.208062
7628 0.172882 0.794459 0.032658
26162 0.010329 0.796035 0.193636
6990 0.069691 0.575334 0.354976
25990 0.015052 0.415604 0.569343
26033 0.012153 0.557732 0.430115
26135 0.020618 0.574476 0.404906
26131 0.040382 0.631393 0.328225
26127 0.052265 0.639360 0.308375
7633 0.036554 0.415030 0.548416
25967 0.057462 0.710711 0.231827
7580 0.713322 0.259559 0.027119
25999 0.012307 0.293097 0.694596
26003 0.081052 0.352686 0.566262
25982 0.102132 0.383699 0.514169
7589 0.115994 0.171473 0.712533
26058 0.085640 0.785748 0.128612
7613 0.789742 0.127961 0.082297
7609 0.827908 0.122209 0.049883
25994 0.036372 0.177682 0.785946
26036 0.125086 0.236810 0.638104
7592 0.111333 0.045414 0.843253
26276 0.074297 0.896420 0.029283
7791 0.878365 0.070126 0.051509
7795 0.885450 0.095963 0.018587
26034 0.007889 0.097328 0.894783
26012 0.074639 0.123669 0.801693
26016 0.075473 0.874096 0.050431
26022 0.261878 0.333020 0.405102
26223 0.551977 0.275601 0.172422
26213 0.883078 0.091305 0.025617
7402 0.955446 0.012389 0.032165
26269 0.038656 0.054762 0.906583
26294 0.025937 0.046357 0.927705
26313 0.076919 0.057903 0.865178
7748 0.186075 0.775471 0.038454
7752 0.298780 0.551710 0.149510
7756 0.453808 0.404581 0.141611
1254 0.142119 0.765849 0.092032
24986 0.861521 0.127531 0.010949
1260 0.924163 0.050993 0.024844
1225 0.466739 0.373498 0.159763
1221 0.018146 0.922987 0.058867
5898 0.048732 0.074092 0.877176
1248 0.000900 0.975900 0.023199
1334 0.982326 0.014234 0.003440
1236 0.307288 0.292100 0.400612
24943 0.094239 0.182076 0.723686
1430 0.005177 0.990146 0.004677
24939 0.086333 0.081221 0.832446
1316 0.016023 0.003862 0.980115
25091 0.004493 0.004606 0.990901
25087 0.007807 0.004839 0.987354
25083 0.009317 0.015235 0.975449
1325 0.007536 0.958700 0.033765
26369 0.003453 0.015458 0.981089
7336 0.066419 0.041740 0.891841
7340 0.027888 0.049514 0.922598
7344 0.069223 0.031312 0.899465
7438 0.121463 0.087713 0.790824
7413 0.278513 0.594836 0.126651
7417 0.346761 0.533748 0.119492
7422 0.397412 0.413528 0.189060
7426 0.282932 0.585721 0.131346
7430 0.145945 0.812367 0.041689
26181 0.016719 0.976815 0.006466
7739 0.947581 0.012861 0.039559
26326 0.843941 0.110878 0.045181
25078 0.794187 0.147677 0.058136
26354 0.723337 0.126595 0.150068
26330 0.777201 0.111900 0.110898
26334 0.107148 0.027507 0.865345
7724 0.013263 0.014920 0.971816
26196 0.081017 0.886623 0.032359
26206 0.658490 0.218702 0.122808
26211 0.652014 0.261044 0.086942
7386 0.677495 0.130256 0.192248
7722 0.867601 0.040173 0.092226
7349 0.748321 0.212343 0.039336
7373 0.802127 0.132820 0.065053
25128 0.883291 0.104968 0.011741
24255 0.147390 0.071367 0.781242
5870 0.725919 0.220697 0.053384
5866 0.772656 0.134144 0.093199
5859 0.117311 0.131370 0.751318
5868 0.065276 0.208011 0.726713
7718 0.787479 0.098584 0.113937
7524 0.666447 0.286647 0.046907
7520 0.725780 0.238774 0.035446
7529 0.637870 0.285918 0.076212
7512 0.768143 0.148017 0.083840
24008 0.103293 0.218903 0.677804
24012 0.019617 0.156956 0.823427
7352 0.872204 0.006296 0.121500
24037 0.842965 0.105368 0.051667
7683 0.897576 0.018020 0.084403
7549 0.766489 0.180763 0.052749
7545 0.615314 0.336175 0.048511
7541 0.358154 0.598877 0.042969
7537 0.380908 0.618462 0.000630
24044 0.385196 0.146929 0.467874
24048 0.101446 0.124212 0.774342
24052 0.013275 0.071384 0.915342
23622 0.102400 0.070575 0.827024
1442 0.004340 0.982126 0.013534
7782 0.937415 0.003529 0.059056
7457 0.730553 0.211021 0.058426
7453 0.464237 0.467156 0.068607
7449 0.191669 0.752361 0.055969
7445 0.230213 0.758287 0.011499
23919 0.555824 0.095028 0.349148
23923 0.235652 0.013866 0.750482
6157 0.955531 0.010222 0.034247
5954 0.050942 0.813577 0.135481
7778 0.811360 0.096776 0.091865
6166 0.580964 0.352829 0.066206
6162 0.273717 0.642296 0.083987
6189 0.122879 0.832506 0.044615
6215 0.210088 0.767361 0.022550
23950 0.702760 0.041982 0.255259
23943 0.529910 0.068819 0.401271
23947 0.246489 0.091971 0.661540
26292 0.817861 0.118820 0.063319
7487 0.807419 0.118498 0.074083
23894 0.001069 0.239627 0.759305
23898 0.057976 0.357999 0.584025
6341 0.070629 0.373203 0.556168
23899 0.394337 0.009187 0.596476
23903 0.360558 0.102213 0.537228
23907 0.032390 0.036045 0.931565
6178 0.917088 0.053735 0.029177
6187 0.847891 0.097634 0.054475
26347 0.794924 0.081459 0.123617
24283 0.901890 0.064572 0.033538
6130 0.870363 0.109396 0.020240
6135 0.042928 0.202628 0.754444
6139 0.022088 0.237572 0.740340
24214 0.052702 0.284384 0.662914
6146 0.758156 0.226190 0.015654
6150 0.755657 0.244222 0.000120
5877 0.801248 0.167790 0.030962
5873 0.795927 0.196972 0.007101
7745 0.850659 0.021819 0.127522
24228 0.094007 0.686119 0.219875
24232 0.056995 0.450131 0.492874
6109 0.681771 0.317908 0.000321
24240 0.008457 0.346946 0.644597
24244 0.578811 0.075207 0.345982
24235 0.567107 0.064827 0.368066
24200 0.232717 0.036802 0.730482
23962 0.106363 0.034575 0.859062
26367 0.807266 0.136391 0.056342
24126 0.905284 0.044264 0.050453
24130 0.076944 0.034150 0.888906
6243 0.026017 0.207077 0.766906
5948 0.006035 0.226230 0.767736
5951 0.681678 0.314387 0.003935
5916 0.591855 0.344639 0.063506
5881 0.614309 0.353418 0.032273
6296 0.094986 0.900865 0.004149
24298 0.018557 0.828352 0.153091
24261 0.040134 0.898238 0.061628
24267 0.116311 0.059835 0.823854
24271 0.085798 0.168073 0.746129
6312 0.029855 0.092330 0.877815
24273 0.062928 0.030076 0.906996
6335 0.010396 0.003702 0.985902
23615 0.075295 0.129058 0.795648
23618 0.060204 0.221909 0.717887
7697 0.018303 0.893856 0.087841
24159 0.850039 0.093929 0.056032
24163 0.835076 0.058957 0.105967
24167 0.066786 0.245832 0.687382
23886 0.024286 0.244470 0.731243
6493 0.026817 0.885557 0.087626
24172 0.872481 0.081345 0.046174
24147 0.689803 0.101988 0.208209
24151 0.094549 0.310206 0.595245
24155 0.034643 0.239654 0.725703
26324 0.022384 0.948795 0.028821
24179 0.867162 0.064384 0.068454
24184 0.758351 0.075047 0.166602
24187 0.803356 0.057602 0.139042
24191 0.849135 0.006107 0.144759
7741 0.063507 0.025980 0.910514
24111 0.793802 0.051471 0.154727
24115 0.790062 0.051433 0.158505
24145 0.859581 0.045008 0.095411
23495 0.034911 0.023826 0.941264
26350 0.644838 0.041524 0.313638
24096 0.804592 0.094661 0.100747
24100 0.830789 0.030093 0.139118
24104 0.947508 0.031161 0.021332
23496 0.897681 0.046701 0.055618
26363 0.823530 0.090468 0.086003
26362 0.071602 0.140414 0.787984
24117 0.007100 0.062528 0.930372
24132 0.984226 0.014701 0.001073
24103 0.127955 0.022620 0.849424
23647 0.899750 0.032951 0.067299
23643 0.795498 0.044060 0.160442
23516 0.903495 0.032775 0.063729
6046 0.032563 0.909414 0.058023
6047 0.887295 0.033931 0.078773
23510 0.016759 0.819617 0.163624
6049 0.225852 0.711734 0.062414
23503 0.036677 0.289273 0.674050
6062 0.710400 0.193190 0.096410
23648 0.085149 0.867052 0.047800
23638 0.761301 0.054755 0.183944
23634 0.850349 0.141149 0.008502
23517 0.004351 0.940101 0.055549
6039 0.887122 0.034239 0.078639
6095 0.720760 0.166069 0.113171
5909 0.046645 0.717102 0.236254
23672 0.798752 0.010344 0.190904
5906 0.241244 0.746488 0.012267
16818 0.008362 0.043469 0.948169
13433 0.857849 0.071929 0.070222
6085 0.795295 0.190581 0.014124
16819 0.023309 0.850248 0.126442
23577 0.755913 0.049925 0.194163
6071 0.067072 0.831336 0.101591
23493 0.022545 0.849638 0.127817
23553 0.007485 0.007798 0.984718
23840 0.031057 0.014679 0.954264
23733 0.022782 0.014124 0.963094
23758 0.055398 0.008648 0.935954
6821 0.010192 0.985441 0.004367
23770 0.925712 0.014382 0.059905
6445 0.954176 0.010890 0.034934
23740 0.028554 0.014555 0.956891
6455 0.021849 0.009365 0.968786
24880 0.959502 0.008256 0.032242
6453 0.007973 0.953123 0.038904
6449 0.027955 0.928836 0.043209
6703 0.002913 0.121314 0.875773
23570 0.056862 0.006331 0.936808
23554 0.096971 0.002532 0.900497
6610 0.023399 0.157199 0.819402
6680 0.021273 0.837291 0.141436
6647 0.008777 0.936026 0.055197
23531 0.918270 0.002674 0.079057
6667 0.008889 0.861645 0.129466
6650 0.061596 0.073070 0.865335
6677 0.010901 0.070221 0.918878
23875 0.005944 0.982926 0.011130
6012 0.043060 0.864406 0.092534
6693 0.160792 0.829652 0.009555
5992 0.099152 0.884181 0.016667
6025 0.064475 0.913499 0.022026
23548 0.010971 0.914331 0.074698
6673 0.901878 0.087711 0.010411
6034 0.946510 0.032359 0.021131
6656 0.155111 0.843855 0.001034
5980 0.060599 0.932346 0.007055
23576 0.002371 0.009714 0.987916
23542 0.973611 0.006216 0.020173
6801 0.009490 0.982918 0.007591
6767 1.000000 0.000000 0.000000
23855 0.038326 0.014568 0.947107
24288 0.073256 0.072607 0.854137
1275 0.989522 0.006638 0.003840
24122 0.058938 0.184066 0.756996
24142 0.528602 0.291763 0.179635
25005 0.226241 0.699809 0.073950
23961 0.043559 0.125666 0.830775
6169 0.954920 0.038128 0.006952
24935 0.042090 0.048364 0.909547
6599 0.014771 0.974836 0.010393
6595 0.020161 0.978215 0.001623
24806 0.002632 0.950387 0.046981
6600 0.015827 0.168857 0.815316
6644 0.074538 0.139997 0.785465
6640 0.622490 0.041540 0.335970
1231 0.561811 0.438189 0.000000
24745 0.982758 0.005123 0.012119
6735 0.000530 0.986960 0.012510
23751 0.012597 0.972886 0.014517
25077 0.030367 0.953266 0.016367
6501 0.027237 0.004054 0.968709
6382 0.021762 0.959691 0.018546
24811 0.053153 0.036093 0.910754
24794 0.002463 0.968438 0.029099
6785 0.998714 0.000396 0.000890
6789 0.995518 0.003391 0.001091
6764 0.003322 0.996310 0.000368
6760 0.003813 0.995115 0.001072
24856 0.004119 0.000001 0.995880
23732 0.994690 0.001130 0.004179
6461 0.985209 0.007085 0.007706
24897 0.010484 0.013391 0.976125
6618 0.991231 0.007234 0.001535
23685 0.002031 0.003750 0.994219
6796 0.995756 0.002646 0.001598
24911 0.003599 0.004373 0.992028
6399 0.992126 0.001482 0.006392
6791 0.007344 0.983112 0.009544
6629 0.034842 0.959966 0.005192
23715 0.006474 0.010543 0.982983
6779 0.009018 0.002329 0.988653
6527 0.010218 0.973595 0.016188
24752 0.032455 0.007586 0.959959
6394 0.000845 0.982183 0.016972
24732 0.984329 0.003446 0.012225
6373 0.004394 0.010078 0.985529
24718 0.009221 0.984793 0.005986
23704 0.030986 0.025242 0.943772
6442 0.946854 0.026128 0.027017
23716 0.958034 0.013964 0.028002
6721 0.001852 0.997621 0.000527
24863 0.000020 0.994119 0.005861
6717 0.001232 0.996076 0.002693
6759 0.000000 0.004696 0.995304
6752 0.002848 0.991596 0.005557
24851 0.995508 0.000432 0.004060
23754 0.991178 0.007638 0.001184
24302 0.989462 0.003175 0.007363
6425 0.994618 0.004539 0.000842
6420 0.000375 0.996696 0.002929
6416 0.000000 0.996647 0.003353
24839 0.994137 0.001669 0.004194
24835 0.010593 0.002196 0.987211
6746 0.989018 0.008333 0.002650
6707 0.009479 0.990337 0.000183
6429 0.989042 0.010958 0.000000
24754 0.029877 0.949644 0.020479
24756 0.970938 0.001928 0.027134
6367 0.001803 0.028940 0.969257
6357 0.004185 0.974122 0.021694
6354 0.972628 0.015658 0.011714
25070 0.012582 0.982185 0.005232
25065 0.985230 0.010873 0.003897
25061 0.991280 0.006822 0.001898
6578 0.994405 0.005004 0.000591
24789 0.993460 0.004196 0.002343
6556 0.013154 0.971202 0.015644
6378 0.023041 0.966506 0.010453
6374 0.047091 0.942959 0.009950
6465 0.045990 0.104780 0.849229
6299 0.162015 0.762578 0.075407
6545 0.026363 0.948272 0.025364
6541 0.023444 0.007491 0.969065
6537 0.033668 0.029132 0.937200
26229 0.029664 0.070486 0.899850
25074 0.024566 0.973586 0.001848
25076 0.001893 0.018096 0.980011
25055 0.007199 0.990039 0.002762
6568 0.000356 0.996053 0.003591
25041 0.989293 0.007154 0.003554
6471 0.015008 0.001055 0.983937
24017 0.022655 0.031386 0.945959
6490 0.003240 0.009749 0.987011
25031 0.006088 0.984912 0.009000
25127 0.997438 0.000443 0.002119
25120 0.991399 0.007206 0.001394
25124 0.984834 0.014883 0.000282
6322 0.772101 0.196311 0.031588
26785 0.693384 0.060204 0.246412
20867 0.527239 0.027164 0.445596
1361 0.590571 0.194165 0.215264
1358 0.851606 0.088166 0.060228
1222 0.048346 0.919763 0.031891
1350 0.973516 0.020113 0.006372
20838 0.145763 0.073631 0.780606
20854 0.062682 0.030785 0.906533
1341 0.001149 0.045714 0.953137
20872 0.016898 0.929022 0.054080
20830 0.043185 0.003620 0.953195
1317 0.002835 0.010561 0.986604
24926 0.008633 0.988305 0.003062
24969 0.009967 0.972174 0.017860
25081 0.014934 0.974533 0.010533
24947 0.984079 0.011007 0.004914
6520 0.981253 0.014483 0.004263
25114 0.001848 0.994452 0.003700
25121 0.000656 0.994319 0.005025
1296 0.009993 0.982955 0.007052
25025 0.022039 0.000324 0.977636
1289 0.216463 0.616701 0.166836
1285 0.052694 0.892400 0.054907
1281 0.011032 0.967236 0.021732
1310 0.008465 0.977457 0.014078
20850 0.002206 0.009161 0.988633
1251 0.013568 0.859001 0.127431
24978 0.004788 0.984168 0.011044
20835 0.002119 0.989135 0.008746
1413 0.018245 0.058478 0.923276
1458 0.007135 0.988407 0.004458
1455 0.985511 0.012692 0.001796
1451 0.964414 0.030701 0.004886
1437 0.088530 0.085532 0.825938
1268 0.961942 0.028508 0.009549
20777 0.020447 0.017063 0.962490
20796 0.011517 0.984320 0.004164
20792 0.005725 0.988445 0.005831
20789 0.991078 0.001214 0.007708
20813 0.009642 0.985833 0.004525
1388 0.016729 0.979049 0.004222
1666 0.992555 0.002505 0.004940
21491 0.047297 0.010754 0.941948
21487 0.046215 0.008957 0.944828
21483 0.035771 0.018837 0.945392
21039 0.034957 0.052905 0.912138
1517 0.374760 0.498327 0.126913
21414 0.038756 0.043018 0.918226
1701 0.010849 0.987985 0.001166
1469 0.984033 0.012938 0.003029
21413 0.007548 0.000612 0.991840
21448 0.004861 0.000010 0.995129
21452 0.006082 0.011103 0.982815
21456 0.004594 0.022093 0.973313
1487 0.027895 0.946445 0.025661
21297 0.005016 0.001601 0.993383
20799 0.010272 0.003875 0.985853
20945 0.068748 0.026840 0.904412
20538 0.040666 0.031730 0.927604
1116 0.953296 0.009377 0.037327
1120 0.966654 0.016710 0.016636
20965 0.001447 0.051707 0.946845
20551 0.035387 0.014592 0.950021
20531 0.025030 0.019517 0.955453
1733 0.008177 0.011149 0.980673
20706 0.028474 0.009691 0.961835
1731 0.017883 0.951615 0.030502
20663 0.036930 0.037678 0.925392
20488 0.986003 0.000676 0.013321
20956 0.026137 0.014521 0.959342
20946 0.003208 0.056794 0.939998
901 0.012046 0.942443 0.045511
20034 0.057355 0.087679 0.854966
20952 0.011911 0.071904 0.916185
1052 0.914932 0.082289 0.002779
20400 0.026347 0.008165 0.965488
872 0.003778 0.902972 0.093250
20905 0.014044 0.047813 0.938144
20922 0.028215 0.098159 0.873626
785 0.051635 0.850303 0.098062
983 0.104768 0.865816 0.029417
1043 0.960744 0.024751 0.014505
1076 0.014546 0.969584 0.015870
1072 0.049469 0.931649 0.018883
20489 0.022359 0.007598 0.970043
21002 0.991134 0.002830 0.006036
995 0.111875 0.876874 0.011251
21006 0.007967 0.028013 0.964020
498 0.945719 0.046413 0.007869
1084 0.033542 0.959777 0.006682
1103 0.012120 0.987128 0.000753
20934 0.001215 0.992180 0.006606
20937 0.002295 0.000329 0.997376
21213 0.021429 0.004488 0.974083
1605 0.973568 0.017224 0.009208
20929 0.983547 0.005369 0.011084
1097 0.029380 0.059910 0.910710
1513 0.367559 0.580198 0.052243
1869 0.988462 0.001905 0.009633
1384 0.000000 0.995347 0.004653
1473 0.987730 0.009118 0.003152
1023 0.023285 0.974920 0.001794
21332 0.002478 0.988623 0.008898
1895 0.002729 0.000612 0.996659
309 0.005773 0.982776 0.011451
1012 0.991650 0.005832 0.002518
20984 0.043711 0.003752 0.952537
1508 0.030487 0.205175 0.764338
20650 0.992637 0.004561 0.002802
20555 0.000312 0.997891 0.001798
1839 0.001861 0.997410 0.000730
1631 0.992435 0.003222 0.004342
21299 0.002149 0.003196 0.994655
1917 0.035261 0.964088 0.000651
1934 0.969056 0.030538 0.000406
21340 0.010146 0.984272 0.005582
20723 0.996768 0.001104 0.002128
1208 0.000000 0.994558 0.005442
20645 0.002991 0.008070 0.988939
1193 0.989791 0.009487 0.000722
1196 0.005146 0.992064 0.002790
1788 0.993039 0.001138 0.005823
1800 0.002642 0.993735 0.003623
20745 0.013990 0.006920 0.979091
1164 0.993962 0.003256 0.002782
20753 0.000399 0.000037 0.999564
1159 0.995764 0.002758 0.001479
20599 0.000289 0.001885 0.997826
1738 0.007337 0.989010 0.003653
1215 0.002982 0.003121 0.993897
1719 0.003938 0.985510 0.010552
1179 0.992255 0.002753 0.004992
1203 0.000964 0.001389 0.997646
21365 0.003757 0.004412 0.991831
21344 0.004739 0.004966 0.990295
1916 0.003981 0.987985 0.008033
20682 0.004460 0.005134 0.990406
1746 0.997697 0.002014 0.000289
20687 0.002540 0.989508 0.007952
20591 0.003043 0.020203 0.976754
20659 0.985859 0.005382 0.008759
20547 0.003567 0.001890 0.994543
20575 0.983336 0.001690 0.014974
20577 0.990833 0.000055 0.009112
20565 0.000829 0.007665 0.991506
20735 0.003918 0.991505 0.004577
20731 0.004169 0.002825 0.993006
1138 0.003103 0.989223 0.007674
1462 0.010124 0.985348 0.004527
20728 0.009427 0.007311 0.983262
1796 0.990612 0.001576 0.007813
1820 0.000746 0.998212 0.001042
20751 0.000889 0.992796 0.006316
20752 0.996572 0.000241 0.003187
1778 0.996276 0.002740 0.000984
1822 0.000000 0.007258 0.992742
1772 0.000000 0.000291 0.999709
1781 0.984356 0.005530 0.010114
1763 0.017893 0.006219 0.975888
20705 0.032398 0.010021 0.957581
1710 0.001519 0.975933 0.022548
1751 0.000525 0.010775 0.988701
20693 0.023641 0.004488 0.971871
1752 0.007279 0.987992 0.004729
21056 0.991360 0.002418 0.006222
1622 0.004438 0.989633 0.005929
1618 0.003816 0.995230 0.000953
974 0.004348 0.992148 0.003504
329 0.000388 0.989687 0.009925
21378 0.001371 0.983002 0.015627
1940 0.001823 0.003454 0.994723
318 0.001950 0.992175 0.005875
1893 0.997551 0.000769 0.001680
1945 0.020503 0.978328 0.001169
21356 0.002770 0.992620 0.004610
21266 0.000515 0.007849 0.991637
1836 0.995075 0.003178 0.001748
1831 0.004881 0.993136 0.001983
21321 0.002621 0.004650 0.992729
21292 0.006575 0.000662 0.992764
21282 0.002042 0.004303 0.993655
21278 0.007305 0.003245 0.989450
21061 0.001758 0.005380 0.992862
1395 0.996045 0.003153 0.000802
21291 0.003706 0.000171 0.996123
1346 0.000000 0.994935 0.005065
1862 0.995812 0.001174 0.003014
1827 0.998205 0.000659 0.001136
1544 0.005519 0.994067 0.000414
1375 0.006597 0.983818 0.009584
1059 0.092223 0.892334 0.015443
21045 0.028080 0.359563 0.612357
1511 0.740186 0.102536 0.157278
21430 0.050129 0.014176 0.935695
21426 0.059056 0.015937 0.925008
1555 0.034284 0.038126 0.927590
21034 0.570882 0.164604 0.264514
21133 0.933378 0.017756 0.048867
1698 0.005222 0.952150 0.042628
1468 0.998522 0.001478 0.000000
21043 0.994219 0.000532 0.005249
1477 0.008619 0.986210 0.005171
21403 0.992949 0.000280 0.006771
1523 0.012990 0.979360 0.007650
21458 0.021909 0.970976 0.007115
1488 0.992634 0.002556 0.004810
1863 0.996585 0.002317 0.001098
1532 0.991283 0.006730 0.001987
1528 0.995389 0.001606 0.003005
1580 0.001996 0.994330 0.003674
21499 0.004399 0.000457 0.995144
1354 0.012527 0.968600 0.018873
1398 0.010877 0.966035 0.023088
1394 0.010176 0.974856 0.014968
20816 0.986007 0.009265 0.004728
21125 0.996641 0.003111 0.000249
1657 0.018654 0.967343 0.014003
21120 0.980032 0.009517 0.010452
1494 0.986356 0.009524 0.004121
1672 0.013451 0.055773 0.930775
1681 0.007834 0.984083 0.008083
21078 0.001649 0.002711 0.995640
1653 0.973207 0.012694 0.014099
21073 0.104277 0.875553 0.020169
21418 0.963117 0.000706 0.036177
1496 0.018881 0.022923 0.958196
1609 0.992844 0.001735 0.005421
1589 0.000078 0.996265 0.003657
21114 0.008775 0.990333 0.000892
20583 0.008425 0.002188 0.989387
21331 0.992058 0.000638 0.007305
1630 0.002760 0.991909 0.005331
21377 0.006130 0.003214 0.990656
21222 0.004688 0.015158 0.980153
1890 0.011779 0.982916 0.005304
21324 0.999068 0.000074 0.000858
21050 0.002047 0.995630 0.002323
21049 0.000932 0.003895 0.995173
21053 0.006770 0.009307 0.983923
21057 0.006012 0.990824 0.003164
362 0.049327 0.857995 0.092678
21170 0.088089 0.080054 0.831857
21165 0.133744 0.071414 0.794842
257 0.061194 0.909660 0.029147
298 0.844298 0.127851 0.027851
21149 0.008171 0.099225 0.892604
452 0.052050 0.920575 0.027374
272 0.818592 0.080483 0.100925
249 0.900608 0.008478 0.090914
21172 0.054512 0.905845 0.039643
25427 0.044866 0.050521 0.904613
21229 0.056808 0.004684 0.938509
21180 0.000671 0.945181 0.054148
21247 0.151572 0.035723 0.812705
21200 0.077579 0.071478 0.850943
269 0.876592 0.094220 0.029188
253 0.858355 0.062899 0.078746
451 0.047139 0.000593 0.952268
19873 0.033675 0.064694 0.901631
403 0.439811 0.550453 0.009735
449 0.877629 0.022499 0.099871
443 0.018473 0.056779 0.924748
436 0.041697 0.014356 0.943947
441 0.878922 0.014610 0.106468
408 0.471605 0.484953 0.043442
19850 0.090421 0.643318 0.266261
19885 0.056101 0.711694 0.232205
19902 0.169989 0.490295 0.339716
480 0.331949 0.444842 0.223209
19815 0.088587 0.592379 0.319033
71 0.554874 0.433924 0.011201
392 0.010713 0.060729 0.928557
19801 0.856099 0.052394 0.091508
370 0.123630 0.819332 0.057038
462 0.008357 0.922561 0.069082
409 0.065628 0.056817 0.877555
20126 0.084707 0.021088 0.894205
20512 0.854254 0.123493 0.022252
389 0.420798 0.567007 0.012196
19791 0.137054 0.841442 0.021503
19798 0.150232 0.650102 0.199666
458 0.137287 0.823613 0.039100
425 0.257433 0.700918 0.041649
20031 0.022001 0.778800 0.199200
385 0.615570 0.363509 0.020920
381 0.069119 0.783354 0.147528
19804 0.760343 0.021356 0.218301
372 0.114855 0.096732 0.788413
180 0.768907 0.218137 0.012956
19822 0.031314 0.638669 0.330017
62 0.049735 0.932530 0.017736
20004 0.080170 0.770980 0.148850
67 0.829646 0.133627 0.036726
19987 0.013490 0.616687 0.369823
19930 0.122855 0.115449 0.761695
101 0.871106 0.081800 0.047094
105 0.577969 0.328507 0.093524
20025 0.043996 0.224237 0.731768
112 0.501538 0.435474 0.062988
20009 0.056201 0.041650 0.902149
59 0.263661 0.625427 0.110912
19938 0.107197 0.550178 0.342625
19939 0.122080 0.136583 0.741337
19922 0.056612 0.239039 0.704349
19594 0.047074 0.071055 0.881871
19950 0.065304 0.045156 0.889540
161 0.931873 0.067320 0.000807
19965 0.854116 0.003009 0.142875
19960 0.113887 0.717015 0.169098
19735 0.274378 0.065168 0.660454
122 0.204982 0.787947 0.007071
19957 0.766123 0.075076 0.158801
19952 0.024158 0.888675 0.087166
19731 0.087927 0.013957 0.898116
163 0.096536 0.852848 0.050615
19556 0.049082 0.048551 0.902367
236 0.133407 0.847728 0.018865
179 0.888185 0.100658 0.011156
223 0.011273 0.010413 0.978314
219 0.083668 0.790620 0.125712
215 0.079777 0.822496 0.097727
240 0.009498 0.927305 0.063196
819 0.029517 0.818619 0.151864
19586 0.013637 0.068659 0.917704
363 0.015480 0.281343 0.703177
185 0.077231 0.576319 0.346450
189 0.401819 0.589879 0.008302
19941 0.020485 0.242237 0.737278
201 0.174696 0.815971 0.009333
19913 0.209225 0.003954 0.786820
197 0.067344 0.911268 0.021388
193 0.034879 0.016884 0.948237
3223 0.015612 0.967886 0.016502
4 0.163649 0.831466 0.004885
150 0.777570 0.151751 0.070679
176 0.954694 0.000997 0.044309
19569 0.069214 0.071757 0.859029
19568 0.087849 0.067700 0.844451
130 0.001628 0.942454 0.055918
19665 0.893551 0.007706 0.098742
829 0.009479 0.924734 0.065787
19766 0.033861 0.872734 0.093405
19764 0.035229 0.002563 0.962208
3359 0.968665 0.007940 0.023394
19690 0.039384 0.012312 0.948304
3302 0.003208 0.963009 0.033784
20071 0.193366 0.107669 0.698966
19946 0.071347 0.025245 0.903408
208 0.001622 0.179745 0.818633
755 0.016031 0.893727 0.090242
19726 0.023589 0.975569 0.000842
19725 0.972674 0.024721 0.002604
746 0.022225 0.031110 0.946665
739 0.044752 0.015618 0.939630
19675 0.154586 0.771614 0.073801
19741 0.817065 0.015951 0.166984
788 0.098841 0.005113 0.896046
761 0.071607 0.914555 0.013838
759 0.011896 0.209313 0.778791
22817 0.968819 0.029178 0.002003
939 0.543057 0.337487 0.119457
19703 0.000430 0.279675 0.719895
769 0.842414 0.096924 0.060663
19711 0.962387 0.030434 0.007179
19715 0.087595 0.005309 0.907097
20363 0.914530 0.046579 0.038891
19723 0.028065 0.034210 0.937725
20449 0.019291 0.833934 0.146775
904 0.800135 0.112464 0.087401
881 0.001831 0.516783 0.481386
856 0.065624 0.683572 0.250803
20291 0.918695 0.041819 0.039485
861 0.923581 0.028463 0.047955
775 0.007505 0.026190 0.966305
20303 0.016513 0.009921 0.973567
20371 0.109028 0.337680 0.553293
20349 0.005253 0.862052 0.132695
919 0.088060 0.770399 0.141541
20385 0.000013 0.015398 0.984589
924 0.049662 0.857734 0.092604
941 0.004696 0.937188 0.058116
936 0.965321 0.027633 0.007046
20339 0.086771 0.256345 0.656884
20379 0.057624 0.842556 0.099820
948 0.101204 0.786647 0.112149
20384 0.956100 0.003675 0.040225
953 0.125962 0.868516 0.005521
957 0.094562 0.886968 0.018470
965 0.951407 0.038914 0.009679
567 0.169158 0.738335 0.092507
20312 0.486717 0.032360 0.480923
885 0.002691 0.669962 0.327347
20320 0.831039 0.049209 0.119751
20324 0.930367 0.069455 0.000177
20328 0.974580 0.020711 0.004709
20332 0.958055 0.023208 0.018736
596 0.200486 0.539151 0.260363
20465 0.687206 0.035246 0.277548
20469 0.050531 0.209737 0.739732
20473 0.106976 0.124326 0.768698
553 0.927159 0.042995 0.029846
557 0.983117 0.016883 0.000000
20329 0.001096 0.003930 0.994974
592 0.550793 0.318642 0.130565
582 0.870474 0.044002 0.085524
20504 0.936709 0.015008 0.048283
512 0.033272 0.892777 0.073951
550 0.012140 0.039333 0.948527
20478 0.023919 0.001105 0.974976
20482 0.034897 0.010316 0.954787
501 0.015980 0.927877 0.056142
20425 0.941022 0.003404 0.055573
20463 0.020656 0.954522 0.024823
513 0.916510 0.049730 0.033760
20500 0.040853 0.080943 0.878204
20508 0.021034 0.039550 0.939417
586 0.004026 0.945206 0.050767
20415 0.001818 0.045994 0.952188
489 0.039188 0.944646 0.016165
516 0.034308 0.939544 0.026148
20112 0.035899 0.047643 0.916459
20435 0.019067 0.111391 0.869542
20439 0.010302 0.087552 0.902146
530 0.961673 0.032540 0.005788
697 0.001435 0.929476 0.069089
20119 0.977953 0.007755 0.014292
20115 0.960044 0.014096 0.025860
692 0.007631 0.957372 0.034997
693 0.962366 0.025340 0.012294
714 0.033972 0.951464 0.014564
721 0.053570 0.006496 0.939934
699 0.005205 0.938229 0.056566
725 0.018224 0.948360 0.033417
629 0.032313 0.935421 0.032265
20062 0.165370 0.037643 0.796988
20046 0.054769 0.079211 0.866020
20092 0.052682 0.899412 0.047906
20039 0.094240 0.123332 0.782428
20058 0.083928 0.060780 0.855292
617 0.023701 0.061415 0.914884
20130 0.025740 0.029279 0.944981
20129 0.946382 0.009836 0.043782
20139 0.102036 0.102250 0.795714
713 0.033309 0.014165 0.952526
20146 0.130100 0.007845 0.862055
20510 0.113048 0.873623 0.013330
3254 0.039514 0.141433 0.819053
3943 0.899173 0.002045 0.098781
25614 0.039115 0.038935 0.921950
3239 0.072754 0.885805 0.041441
3235 0.077025 0.884711 0.038264
3247 0.861091 0.089451 0.049457
3243 0.690920 0.086471 0.222610
3554 0.089158 0.053421 0.857420
-1 0.000000 0.000000 0.000000
3558 0.054354 0.027342 0.918304
22755 0.001018 0.913378 0.085605
3257 0.027352 0.117201 0.855447
3280 0.098097 0.845126 0.056778
5664 0.013355 0.114252 0.872392
20236 0.102529 0.723892 0.173579
22311 0.166971 0.070943 0.762086
2909 0.723562 0.107988 0.168450
3641 0.007638 0.267930 0.724432
23072 0.197968 0.042236 0.759796
5637 0.651588 0.029779 0.318633
3192 0.420609 0.433017 0.146374
20215 0.023062 0.753346 0.223591
3370 0.058323 0.917553 0.024124
21574 0.007698 0.065439 0.926863
-1 0.000000 0.000000 0.000000
-1 0.000000 0.000000 0.000000
27202 0.859197 0.100666 0.040137
-1 0.000000 0.000000 0.000000
-1 0.000000 0.000000 0.000000
-1 0.000000 0.000000 0.000000
-1 0.000000 0.000000 0.000000
-1 0.000000 0.000000 0.000000
-1 0.000000 0.000000 0.000000
20268 0.416652 0.061534 0.521814
20264 0.358651 0.099690 0.541659
3264 0.326985 0.667237 0.005777
22293 0.009909 0.019251 0.970840
3366 0.076046 0.911564 0.012390
22819 0.001927 0.996909 0.001164
3361 0.003664 0.014017 0.982319
3367 0.084006 0.876210 0.039784
3411 0.115427 0.056741 0.827832
3407 0.080548 0.131696 0.787756
3403 0.029087 0.108178 0.862735
3399 0.062031 0.936043 0.001926
22856 0.032795 0.004198 0.963007
3218 0.011396 0.005626 0.982978
20208 0.015594 0.001203 0.983203
3181 0.003640 0.005877 0.990483
20172 0.005555 0.990312 0.004133
20168 0.000501 0.997176 0.002323
3227 0.000000 0.984671 0.015329
22107 0.002893 0.002742 0.994365
20209 0.003929 0.981576 0.014495
20205 0.009757 0.978272 0.011971
20201 0.013508 0.979888 0.006604
20197 0.006859 0.981744 0.011398
3378 0.010518 0.988299 0.001184
3374 0.004027 0.975766 0.020207
22106 0.022085 0.002937 0.974978
21536 0.057510 0.043898 0.898592
3394 0.016142 0.001424 0.982434
3387 0.030333 0.933217 0.036450
3412 0.025419 0.970450 0.004131
3353 0.019033 0.006082 0.974885
21628 0.982329 0.007735 0.009936
3310 0.014289 0.971011 0.014699
23342 0.929440 0.005429 0.065131
22095 0.009698 0.116880 0.873422
3018 0.942721 0.056096 0.001182
22938 0.946176 0.009384 0.044439
22942 0.015104 0.008125 0.976771
2946 0.869261 0.063302 0.067437
22956 0.925722 0.036144 0.038134
22957 0.842719 0.078320 0.078960
22961 0.736345 0.004975 0.258679
3023 0.642836 0.337074 0.020090
3027 0.749818 0.225662 0.024521
3032 0.882398 0.086480 0.031122
3300 0.841131 0.115069 0.043800
22764 0.029749 0.025482 0.944769
22979 0.021143 0.068140 0.910717
3038 0.057787 0.921122 0.021091
3042 0.019405 0.939307 0.041288
22766 0.009408 0.121751 0.868841
22745 0.914892 0.047339 0.037768
3341 0.848797 0.151203 0.000000
3294 0.131886 0.060483 0.807631
3123 0.096688 0.876515 0.026797
