30627 0.075095 0.093395 0.831510
17806 0.183536 0.230037 0.586427
41092 0.103523 0.180409 0.716068
5591 0.000000 0.060116 0.939884
31451 0.076164 0.193835 0.730001
31514 0.262292 0.487259 0.250449
27717 0.582345 0.111717 0.305939
2656 0.628493 0.206692 0.164815
37068 0.099208 0.107295 0.793497
4930 0.890805 0.053972 0.055223
15426 0.004345 0.272612 0.723043
26551 0.473129 0.209124 0.317747
5232 0.004396 0.517293 0.478311
28764 0.338920 0.060243 0.600836
26886 0.125016 0.074310 0.800674
4117 0.554254 0.421989 0.023757
30591 0.220266 0.274473 0.505261
30537 0.221558 0.414624 0.363818
2648 0.271772 0.093335 0.634894
27401 0.458981 0.097386 0.443633
26827 0.565880 0.218020 0.216100
17201 0.070010 0.211084 0.718905
31683 0.543425 0.216171 0.240404
26787 0.382237 0.560313 0.057451
4858 0.283217 0.663341 0.053442
31495 0.137547 0.446081 0.416372
28422 0.273192 0.463271 0.263537
39569 0.627707 0.075859 0.296435
28998 0.108541 0.322844 0.568614
40638 0.284632 0.643949 0.071419
4500 0.000000 0.349384 0.650616
29035 0.269572 0.625220 0.105208
3500 0.518795 0.308548 0.172658
30486 0.061538 0.121487 0.816975
35410 0.200048 0.395305 0.404647
35457 0.406187 0.190857 0.402956
5924 0.455728 0.479907 0.064365
35346 0.619575 0.290561 0.089864
35441 0.257230 0.733108 0.009662
30474 0.186826 0.075183 0.737992
34658 0.364351 0.321938 0.313712
35430 0.659116 0.140987 0.199898
35420 0.284179 0.058589 0.657232
5373 0.386199 0.387727 0.226074
34502 0.757866 0.221696 0.020439
34530 0.744969 0.105311 0.149720
5786 0.248252 0.104421 0.647326
35406 0.140686 0.181409 0.677905
34389 0.192261 0.287781 0.519957
5324 0.774085 0.079074 0.146841
34398 0.450722 0.236798 0.312480
5549 0.482867 0.052699 0.464435
5357 0.588876 0.015061 0.396063
5327 0.117636 0.488631 0.393734
34395 0.426187 0.426427 0.147385
34382 0.297615 0.457563 0.244821
34584 0.820821 0.176365 0.002814
34598 0.272474 0.099822 0.627704
5288 0.049001 0.506458 0.444541
34637 0.176005 0.808517 0.015478
34608 0.091998 0.575912 0.332090
5282 0.297752 0.634141 0.068107
34384 0.646218 0.116636 0.237147
34613 0.769141 0.220444 0.010415
5591 0.131707 0.000000 0.868293
5528 0.194781 0.127689 0.677530
34331 0.526202 0.227459 0.246338
34486 0.185971 0.801439 0.012590
5565 0.204038 0.748644 0.047319
5477 0.924637 0.071510 0.003853
34349 0.183457 0.263203 0.553339
5452 0.000000 0.805973 0.194027
17182 0.710087 0.056465 0.233448
31622 0.217605 0.379080 0.403315
27477 0.254446 0.638643 0.106911
17587 0.566848 0.091234 0.341918
17647 0.193474 0.712663 0.093864
17581 0.829181 0.137538 0.033280
3187 0.026394 0.656717 0.316889
2982 0.297456 0.387564 0.314980
27531 0.225433 0.194297 0.580270
3122 0.148839 0.033720 0.817441
3198 0.045810 0.729737 0.224453
27449 0.160749 0.462540 0.376710
27468 0.804350 0.046935 0.148715
3203 0.252610 0.445206 0.302184
38084 0.206990 0.176713 0.616297
27434 0.456653 0.201522 0.341825
17699 0.559616 0.143128 0.297256
31633 0.141315 0.511753 0.346931
31410 0.246541 0.148290 0.605170
17306 0.907195 0.011998 0.080806
27488 0.433309 0.111997 0.454694
3235 0.340275 0.080214 0.579510
17767 0.644072 0.070931 0.284997
26617 0.446750 0.078606 0.474644
26577 0.860791 0.134919 0.004290
28870 0.396614 0.451362 0.152023
4328 0.448854 0.216714 0.334432
392 0.089443 0.858180 0.052377
40656 0.602947 0.030724 0.366328
27779 0.274362 0.075022 0.650617
27773 0.629234 0.084993 0.285773
4358 0.038435 0.463560 0.498005
861 0.114208 0.345470 0.540322
40665 0.145931 0.088487 0.765582
4298 0.085609 0.542034 0.372357
4540 0.640102 0.196850 0.163048
27961 0.384408 0.525890 0.089702
4348 0.589661 0.063498 0.346842
28013 0.052194 0.733739 0.214068
27983 0.174932 0.600354 0.224714
-1 0.000000 0.000000 0.000000
-1 0.000000 0.000000 0.000000
-1 0.000000 0.000000 0.000000
-1 0.000000 0.000000 0.000000
-1 0.000000 0.000000 0.000000
-1 0.000000 0.000000 0.000000
-1 0.000000 0.000000 0.000000
-1 0.000000 0.000000 0.000000
-1 0.000000 0.000000 0.000000
-1 0.000000 0.000000 0.000000
33966 0.085286 0.580366 0.334348
33973 0.177049 0.781574 0.041377
33992 0.679525 0.212118 0.108357
31826 0.479591 0.465716 0.054693
33719 0.535430 0.463544 0.001027
33929 0.035129 0.701243 0.263629
33682 0.195616 0.097268 0.707116
33748 0.081959 0.901725 0.016316
8831 0.117655 0.748939 0.133406
8811 0.840869 0.112455 0.046676
34290 0.327363 0.200737 0.471899
8632 0.755010 0.194640 0.050351
792 0.782230 0.193918 0.023851
28109 0.645342 0.353921 0.000737
816 0.701001 0.174891 0.124108
33236 0.204138 0.554926 0.240936
34027 0.278169 0.572227 0.149604
34090 0.605201 0.339438 0.055361
1835 0.485098 0.064872 0.450030
33317 0.124741 0.379693 0.495566
33301 0.793479 0.111561 0.094959
1360 0.283478 0.476552 0.239970
1588 0.229729 0.651015 0.119256
40015 0.432352 0.035461 0.532187
40926 0.093748 0.112115 0.794137
28360 0.403815 0.111833 0.484352
708 0.558736 0.370277 0.070987
824 0.188582 0.628860 0.182558
1857 0.624727 0.342011 0.033262
1650 0.691005 0.155355 0.153639
1598 0.247892 0.098312 0.653796
1597 0.063715 0.061408 0.874877
852 0.512501 0.411377 0.076122
367 0.041238 0.166139 0.792623
9020 0.419442 0.350044 0.230513
32100 0.066887 0.039234 0.893880
9126 0.120066 0.403364 0.476570
9159 0.623958 0.179484 0.196558
7951 0.012401 0.008542 0.979057
34439 0.618792 0.000826 0.380382
32089 0.643748 0.104399 0.251853
5502 0.315525 0.192805 0.491669
9031 0.900426 0.063712 0.035863
32268 0.189536 0.583427 0.227038
9069 0.606727 0.138170 0.255103
7810 0.368273 0.375826 0.255901
32290 0.320615 0.612526 0.066859
8956 0.651495 0.066265 0.282240
32881 0.224347 0.595292 0.180361
32995 0.703395 0.050237 0.246367
6269 0.161395 0.670061 0.168544
6381 0.017850 0.264117 0.718033
8276 0.154687 0.181482 0.663831
28214 0.037638 0.857896 0.104467
8836 0.051393 0.071355 0.877252
28132 0.016315 0.113632 0.870053
28368 0.860043 0.099100 0.040857
27759 0.414690 0.372676 0.212634
27875 0.153016 0.354016 0.492968
1264 0.105133 0.726197 0.168670
28165 0.352098 0.014341 0.633561
28145 0.123377 0.416386 0.460237
39705 0.376197 0.179001 0.444801
302 0.312773 0.158351 0.528876
1304 0.262339 0.379620 0.358040
39678 0.062608 0.853218 0.084174
1019 0.625173 0.069119 0.305709
39674 0.426994 0.209697 0.363309
40242 0.031683 0.537451 0.430866
63 0.125472 0.591442 0.283086
40128 0.241217 0.709710 0.049073
283 0.035130 0.832141 0.132729
40116 0.396136 0.369836 0.234029
73 0.146714 0.188252 0.665034
1109 0.615724 0.130649 0.253627
321 0.294006 0.333168 0.372826
40234 0.004059 0.903497 0.092444
279 0.668906 0.057363 0.273730
39882 0.332850 0.181730 0.485420
122 0.260605 0.557374 0.182021
1096 0.027727 0.826460 0.145813
220 0.240659 0.404182 0.355159
39804 0.708455 0.198919 0.092625
39850 0.600967 0.017552 0.381481
58 0.009235 0.554186 0.436578
40277 0.647052 0.015433 0.337515
2287 0.590054 0.060900 0.349047
2265 0.083654 0.347040 0.569306
2291 0.012881 0.476223 0.510896
39901 0.079799 0.153547 0.766653
6 0.796681 0.142673 0.060646
153 0.030835 0.932919 0.036246
40411 0.218613 0.174027 0.607361
40523 0.178699 0.681341 0.139960
40346 0.316655 0.236145 0.447200
40314 0.594743 0.261656 0.143601
40547 0.518696 0.372170 0.109134
40526 0.230730 0.414759 0.354511
40342 0.308562 0.612352 0.079086
2059 0.332510 0.523222 0.144268
1995 0.215127 0.058620 0.726253
2343 0.175542 0.490154 0.334304
33354 0.131415 0.568110 0.300475
2446 0.018701 0.711356 0.269943
506 0.045928 0.505710 0.448362
563 0.035155 0.584358 0.380488
33346 0.160472 0.677234 0.162294
33620 0.025155 0.223978 0.750867
2562 0.226870 0.099614 0.673516
33647 0.343220 0.628021 0.028759
2573 0.246648 0.129515 0.623837
2383 0.281386 0.519576 0.199038
2625 0.887431 0.060633 0.051936
532 0.252149 0.244006 0.503844
2632 0.236412 0.599389 0.164199
40720 0.229713 0.717952 0.052336
2476 0.379805 0.127622 0.492573
40710 0.387750 0.034327 0.577923
509 0.214321 0.580378 0.205300
40714 0.350957 0.214198 0.434845
33631 0.326310 0.422013 0.251677
2412 0.784863 0.042729 0.172408
2416 0.625843 0.120522 0.253636
33539 0.084573 0.653578 0.261849
633 0.300757 0.606274 0.092969
40696 0.385318 0.542063 0.072619
33585 0.339130 0.317735 0.343135
1543 0.338108 0.410544 0.251348
40717 0.093820 0.190488 0.715692
33635 0.504742 0.394877 0.100380
33107 0.327163 0.235197 0.437640
34141 0.223312 0.158797 0.617891
1826 0.383232 0.230782 0.385986
1411 0.421871 0.545379 0.032749
33306 0.162929 0.722742 0.114328
33532 0.064585 0.290625 0.644790
1522 0.123349 0.616103 0.260548
33144 0.717221 0.092577 0.190202
1325 0.044224 0.710140 0.245636
1387 0.599509 0.268218 0.132273
34091 0.203395 0.491733 0.304873
1891 0.301887 0.630581 0.067533
33201 0.530438 0.264683 0.204879
33559 0.826337 0.169027 0.004636
33159 0.597226 0.384029 0.018745
33075 0.298858 0.207179 0.493962
33288 0.679273 0.160145 0.160582
33063 0.226115 0.726344 0.047541
28149 0.542675 0.105370 0.351954
1280 0.022058 0.966374 0.011567
40212 0.076230 0.856835 0.066936
997 0.604254 0.298703 0.097043
40198 0.700570 0.146265 0.153165
1105 0.557548 0.161078 0.281373
39955 0.430689 0.063315 0.505997
1286 0.226952 0.638392 0.134656
32581 0.121716 0.277178 0.601106
36013 0.405293 0.249112 0.345596
10003 0.078698 0.163237 0.758065
35988 0.435551 0.306429 0.258020
32557 0.109951 0.467308 0.422741
10513 0.894587 0.078423 0.026990
9497 0.292604 0.145000 0.562395
9406 0.596995 0.172835 0.230170
35694 0.173970 0.692952 0.133078
10506 0.008819 0.590583 0.400597
10443 0.189609 0.234825 0.575566
32541 0.052588 0.907208 0.040204
36191 0.181315 0.415377 0.403308
10335 0.207569 0.658689 0.133742
36215 0.342753 0.443236 0.214012
9451 0.513923 0.225260 0.260816
9486 0.097818 0.597545 0.304638
36157 0.124391 0.562807 0.312802
9457 0.215644 0.208188 0.576168
10342 0.309565 0.009652 0.680783
10040 0.841427 0.057182 0.101391
9952 0.098296 0.764733 0.136971
10178 0.684158 0.027099 0.288743
35806 0.674004 0.018049 0.307948
9938 0.014963 0.718653 0.266384
32607 0.657873 0.252654 0.089473
32662 0.318574 0.266970 0.414456
9957 0.080310 0.712813 0.206877
34060 0.321437 0.350972 0.327590
1727 0.087638 0.615970 0.296391
1719 0.344398 0.077441 0.578161
1903 0.014117 0.020960 0.964922
10157 0.043455 0.748434 0.208111
34012 0.408018 0.365203 0.226779
1690 0.062266 0.509565 0.428168
34072 0.193419 0.104414 0.702167
10306 0.126120 0.271833 0.602047
36253 0.566099 0.330630 0.103271
36233 0.083323 0.701323 0.215354
10250 0.282156 0.443468 0.274376
36294 0.187689 0.794351 0.017960
36237 0.253859 0.373592 0.372549
32851 0.680857 0.053902 0.265241
32848 0.705899 0.111049 0.183052
9241 0.355936 0.354464 0.289600
32972 0.819179 0.065038 0.115783
6414 0.153531 0.621999 0.224470
6295 0.837866 0.077365 0.084769
6371 0.142693 0.196082 0.661225
34923 0.487063 0.254483 0.258454
34774 0.162930 0.351419 0.485651
6584 0.358087 0.584277 0.057635
34777 0.136551 0.746739 0.116710
6462 0.787222 0.157733 0.055045
34713 0.726433 0.210176 0.063391
34710 0.957391 0.000000 0.042609
6270 0.000000 0.140548 0.859452
6492 0.148305 0.242242 0.609453
36864 0.492150 0.275247 0.232604
36833 0.089082 0.420557 0.490361
9734 0.221909 0.122344 0.655747
36818 0.039831 0.446663 0.513506
6156 0.360315 0.431022 0.208663
9633 0.727382 0.114021 0.158597
36638 0.085041 0.898018 0.016940
9623 0.265171 0.665507 0.069323
6153 0.028309 0.956609 0.015082
36703 0.218070 0.459730 0.322200
6147 0.098097 0.579395 0.322509
36652 0.110945 0.368633 0.520422
36855 0.238535 0.290151 0.471314
9837 0.107647 0.667117 0.225236
9686 0.335644 0.182902 0.481453
9587 0.468586 0.166564 0.364850
36402 0.055810 0.417957 0.526233
36409 0.452158 0.120951 0.426891
36427 0.093802 0.693013 0.213186
36427 0.062102 0.005792 0.932106
6195 0.141016 0.776677 0.082307
36336 0.133955 0.800057 0.065987
36420 0.518519 0.154608 0.326872
6129 0.048422 0.546927 0.404651
36436 0.213397 0.063673 0.722930
6198 0.687383 0.246418 0.066199
36352 0.231292 0.583747 0.184961
36447 0.064154 0.632097 0.303749
6258 0.161467 0.602973 0.235560
36132 0.155247 0.674935 0.169817
36106 0.377699 0.037551 0.584750
36066 0.196154 0.288569 0.515277
10403 0.060049 0.276423 0.663528
6229 0.000000 0.493621 0.506379
6421 0.747631 0.176081 0.076288
36529 0.249165 0.714186 0.036649
6551 0.431973 0.057482 0.510545
5943 0.188740 0.189277 0.621983
36583 0.248368 0.413875 0.337758
36625 0.143329 0.458349 0.398322
36514 0.306318 0.210458 0.483224
34814 0.587618 0.135400 0.276982
34763 0.177649 0.019017 0.803334
6408 0.254993 0.163727 0.581279
6350 0.021380 0.057421 0.921199
34681 0.575826 0.126101 0.298073
6049 0.307805 0.633634 0.058561
6068 0.111571 0.649421 0.239008
6484 0.641265 0.144989 0.213747
6456 0.743728 0.005589 0.250683
6054 0.155608 0.276299 0.568092
27729 0.473253 0.339186 0.187561
8229 0.124385 0.718103 0.157511
8526 0.284027 0.050972 0.665001
7958 0.548028 0.094434 0.357538
10277 0.414492 0.504535 0.080973
19139 0.279769 0.442629 0.277602
7417 0.361622 0.553059 0.085319
7407 0.043262 0.559229 0.397508
5496 0.352510 0.511663 0.135828
5878 0.213990 0.582923 0.203087
8573 0.056017 0.660708 0.283275
29546 0.598171 0.252747 0.149082
35263 0.327321 0.101396 0.571283
35141 0.048374 0.586698 0.364928
35004 0.331666 0.163790 0.504543
35007 0.227418 0.434892 0.337689
7470 0.213781 0.499217 0.287003
7502 0.123074 0.105996 0.770931
7492 0.891290 0.050492 0.058217
17998 0.026527 0.058533 0.914940
17163 0.672356 0.316973 0.010670
35013 0.001724 0.833339 0.164937
7571 0.675710 0.125778 0.198511
7580 0.564473 0.383687 0.051840
35552 0.064969 0.726278 0.208753
29083 0.292000 0.485749 0.222251
2936 0.366443 0.124678 0.508879
27721 0.545806 0.450414 0.003780
2862 0.168797 0.380839 0.450364
2930 0.757376 0.053871 0.188753
2887 0.605289 0.046235 0.348476
2939 0.155867 0.398601 0.445532
2695 0.061193 0.230400 0.708407
3385 0.163004 0.724595 0.112401
3757 0.749078 0.194342 0.056580
2847 0.610794 0.038263 0.350943
3345 0.614447 0.065828 0.319725
30994 0.273738 0.644374 0.081888
27191 0.204753 0.162151 0.633096
3938 0.342967 0.481704 0.175330
3943 0.068580 0.923407 0.008014
3704 0.060899 0.423459 0.515642
3814 0.483863 0.436273 0.079865
27249 0.036751 0.224317 0.738932
3317 0.000000 0.621027 0.378973
27702 0.850063 0.075180 0.074758
3405 0.652778 0.267655 0.079567
3665 0.241311 0.168725 0.589964
2860 0.280541 0.199466 0.519992
3836 0.121405 0.474532 0.404063
27300 0.171131 0.250931 0.577939
7094 0.098740 0.372445 0.528815
13575 0.414548 0.093257 0.492195
7797 0.006514 0.546738 0.446747
13715 0.012803 0.715443 0.271754
38606 0.111519 0.343248 0.545232
38602 0.322723 0.104032 0.573244
40737 0.370298 0.288577 0.341125
-1 0.000000 0.000000 0.000000
1058 0.509573 0.375656 0.114771
11763 0.838015 0.120620 0.041365
17939 0.753216 0.189118 0.057666
32191 0.083313 0.646386 0.270301
35219 0.177153 0.224633 0.598213
29727 0.103287 0.369004 0.527709
21416 0.598421 0.227231 0.174347
7468 0.047871 0.286168 0.665961
29209 0.026506 0.419904 0.553590
42162 0.157733 0.233075 0.609192
7114 0.678664 0.064947 0.256390
30216 0.492160 0.000000 0.507840
16108 0.000000 0.195296 0.804704
16034 0.565604 0.434396 0.000000
30276 0.200574 0.119676 0.679750
42074 0.476909 0.045799 0.477292
41250 0.080490 0.107707 0.811803
13219 0.686139 0.263228 0.050633
37550 0.628713 0.264516 0.106771
37096 0.248061 0.082864 0.669075
30214 0.036638 0.522111 0.441251
16095 1.000000 0.000000 0.000000
15637 0.273891 0.302077 0.424032
13605 0.554272 0.248299 0.197429
37463 0.195853 0.535258 0.268888
7618 0.091117 0.584733 0.324150
6793 0.080395 0.802570 0.117035
42027 0.530961 0.343310 0.125729
37101 0.489852 0.368704 0.141444
37343 0.737454 0.128686 0.133860
13288 0.289310 0.270344 0.440346
6880 0.533370 0.256365 0.210265
6833 0.742399 0.016389 0.241212
6831 0.211150 0.303780 0.485069
37403 0.038179 0.123236 0.838585
42184 0.071685 0.620591 0.307723
42248 0.029038 0.964585 0.006377
6809 0.683310 0.269828 0.046862
42057 0.827262 0.023106 0.149632
16093 0.000000 1.000000 0.000000
30219 0.248777 0.687163 0.064060
29803 0.108500 0.083419 0.808081
39601 0.979003 0.008471 0.012526
39421 0.313434 0.187776 0.498790
14068 0.279097 0.064357 0.656546
41019 0.636322 0.313929 0.049749
41060 0.325496 0.357936 0.316568
29273 0.093280 0.413299 0.493421
29290 0.158850 0.191958 0.649192
16434 0.561716 0.295725 0.142559
39443 0.030328 0.607417 0.362255
11141 0.799810 0.132508 0.067682
14604 0.112297 0.511203 0.376500
14161 0.550440 0.144579 0.304981
30187 0.225946 0.653823 0.120232
30199 0.104460 0.028961 0.866579
30048 0.261227 0.009857 0.728916
15939 0.581930 0.016827 0.401243
30043 0.322057 0.572648 0.105295
30118 0.127554 0.528185 0.344262
16402 0.069970 0.916071 0.013959
30130 0.249269 0.689194 0.061536
30228 0.385957 0.314081 0.299963
30340 0.525887 0.460841 0.013272
30240 0.372150 0.297563 0.330287
15903 0.396555 0.295594 0.307851
15920 0.279270 0.464141 0.256589
15891 0.254157 0.368970 0.376873
15987 0.012024 0.793453 0.194523
15916 0.614026 0.188440 0.197535
30326 0.308509 0.344123 0.347368
15878 0.040249 0.366444 0.593307
30293 0.177220 0.710970 0.111810
30364 0.614865 0.078752 0.306383
30352 0.139377 0.223455 0.637169
30298 0.134994 0.354188 0.510818
15860 0.401717 0.381451 0.216832
15849 0.507214 0.216753 0.276033
13291 0.588095 0.362622 0.049283
37222 0.154764 0.752143 0.093093
13573 0.268578 0.482001 0.249421
40946 0.147632 0.261284 0.591084
37985 0.278117 0.052327 0.669556
13545 0.176935 0.787947 0.035117
13760 0.410610 0.560817 0.028573
37020 0.698746 0.098318 0.202936
38117 0.161473 0.166441 0.672086
38033 0.494841 0.148215 0.356944
13365 0.218389 0.012214 0.769398
38104 0.103481 0.662728 0.233792
13313 0.424510 0.330223 0.245267
42209 0.662473 0.109822 0.227705
7607 0.594337 0.382674 0.022990
42179 0.546379 0.321985 0.131636
39429 0.755442 0.082462 0.162096
42197 0.855487 0.029050 0.115463
37147 0.336461 0.275072 0.388467
13726 0.093556 0.902568 0.003876
6893 0.139647 0.602009 0.258343
37169 0.649766 0.349612 0.000622
6907 0.159370 0.173147 0.667482
13857 0.297459 0.467323 0.235218
13849 0.501417 0.060149 0.438435
13586 0.812317 0.074624 0.113059
14895 0.247010 0.297056 0.455934
23964 0.026962 0.451209 0.521829
14873 0.038016 0.776235 0.185749
15160 0.491046 0.110458 0.398496
15127 0.091701 0.714146 0.194153
15172 0.165662 0.424758 0.409579
38552 0.169946 0.703625 0.126429
10957 0.289323 0.290943 0.419734
24085 0.431008 0.296761 0.272230
38355 0.712514 0.111966 0.175521
15009 0.299808 0.476135 0.224057
15147 0.108410 0.110711 0.780879
11424 0.471841 0.140705 0.387454
38843 0.265966 0.249352 0.484682
-1 0.000000 0.000000 0.000000
-1 0.000000 0.000000 0.000000
-1 0.000000 0.000000 0.000000
-1 0.000000 0.000000 0.000000
-1 0.000000 0.000000 0.000000
-1 0.000000 0.000000 0.000000
-1 0.000000 0.000000 0.000000
-1 0.000000 0.000000 0.000000
-1 0.000000 0.000000 0.000000
-1 0.000000 0.000000 0.000000
-1 0.000000 0.000000 0.000000
-1 0.000000 0.000000 0.000000
-1 0.000000 0.000000 0.000000
-1 0.000000 0.000000 0.000000
19192 0.604908 0.393483 0.001609
25460 0.374234 0.413700 0.212066
25719 0.151388 0.457086 0.391527
25590 0.767140 0.136127 0.096734
25598 0.249198 0.745386 0.005416
19299 0.830514 0.163544 0.005942
25107 0.717406 0.134718 0.147876
25582 0.686367 0.165362 0.148272
25137 0.006502 0.380558 0.612940
22331 0.246566 0.534857 0.218578
25639 0.202848 0.088471 0.708681
22318 0.367350 0.487461 0.145190
25729 0.085643 0.481423 0.432934
25621 0.055553 0.077927 0.866520
25675 0.050588 0.639408 0.310004
8902 0.801266 0.182997 0.015737
38679 0.544996 0.076273 0.378731
11354 0.618451 0.309066 0.072483
11335 0.267194 0.289711 0.443095
12515 0.749088 0.215741 0.035171
12415 0.500993 0.207771 0.291235
25316 0.368588 0.402107 0.229305
26166 0.075391 0.328299 0.596311
26401 0.175221 0.340124 0.484656
11918 0.621070 0.136280 0.242650
26399 0.155116 0.303345 0.541539
26127 0.037672 0.720950 0.241377
11603 0.636762 0.231288 0.131949
38753 0.004305 0.768980 0.226715
38911 0.769856 0.186379 0.043765
38919 0.104673 0.440624 0.454703
38944 0.566371 0.369982 0.063647
26215 0.335485 0.527151 0.137364
12434 0.094218 0.713285 0.192498
12155 0.242679 0.612952 0.144368
12156 0.193789 0.755263 0.050949
38410 0.087869 0.226266 0.685864
983 0.691988 0.161157 0.146855
24024 0.397542 0.391187 0.211271
40742 0.129489 0.178062 0.692449
38299 0.095663 0.679354 0.224983
19787 0.403894 0.494885 0.101221
19584 0.136112 0.446014 0.417875
19776 0.381153 0.310825 0.308022
25549 0.581212 0.164277 0.254511
22362 0.412715 0.310508 0.276777
18768 0.835021 0.117060 0.047919
22165 0.479362 0.510833 0.009804
29858 0.160585 0.507817 0.331598
21976 0.329192 0.334554 0.336254
19624 0.230687 0.235251 0.534063
21796 0.205783 0.675502 0.118715
19479 0.566210 0.209749 0.224040
22062 0.022699 0.949503 0.027798
29403 0.041005 0.596182 0.362813
19521 0.020561 0.545538 0.433902
19487 0.641211 0.345891 0.012898
18944 0.444686 0.321908 0.233405
21160 0.499823 0.216401 0.283776
21379 0.559042 0.234658 0.206299
16173 0.000593 0.272822 0.726585
18955 0.621308 0.308378 0.070314
21382 0.201946 0.733123 0.064931
11747 0.797638 0.048987 0.153374
19399 0.436480 0.040736 0.522785
38694 0.193817 0.276285 0.529897
11228 0.401016 0.518184 0.080800
24739 0.691500 0.097016 0.211483
38429 0.243192 0.124085 0.632724
11601 0.207859 0.047664 0.744477
38728 0.696735 0.154670 0.148595
24442 0.114577 0.812472 0.072951
11645 0.354776 0.458362 0.186862
24926 0.084591 0.474501 0.440908
10603 0.418040 0.044511 0.537449
11685 0.305413 0.325264 0.369323
10618 0.085641 0.786176 0.128183
11702 0.092913 0.798345 0.108742
24952 0.128248 0.627350 0.244402
24476 0.255826 0.707241 0.036934
24787 0.682344 0.095956 0.221700
10753 0.474939 0.383949 0.141112
11100 0.568407 0.205501 0.226093
24493 0.390631 0.394009 0.215361
10870 0.561910 0.284431 0.153659
11699 0.171307 0.655389 0.173304
25054 0.015958 0.224500 0.759542
11664 0.309320 0.161554 0.529127
24763 0.220983 0.746252 0.032766
10731 0.721058 0.041811 0.237131
11658 0.163030 0.582759 0.254211
10696 0.368987 0.396569 0.234444
24508 0.809775 0.060575 0.129649
24558 0.607050 0.141627 0.251323
10647 0.600605 0.301213 0.098182
12685 0.296075 0.051173 0.652752
12823 0.029950 0.464491 0.505559
24321 0.794297 0.140818 0.064884
12862 0.194496 0.633534 0.171970
12810 0.370758 0.428478 0.200764
24295 0.109878 0.827173 0.062949
12867 0.621376 0.048159 0.330465
25033 0.023790 0.168588 0.807622
12589 0.400267 0.311038 0.288695
12563 0.248434 0.352315 0.399252
24420 0.357550 0.522042 0.120409
12553 0.250809 0.007476 0.741715
24347 0.271883 0.414287 0.313830
24283 0.439639 0.432378 0.127982
12613 0.016819 0.591713 0.391468
12596 0.178523 0.240374 0.581103
13182 0.057860 0.513445 0.428695
12897 0.115323 0.096563 0.788115
26023 0.373004 0.582977 0.044018
13174 0.670477 0.276304 0.053219
26001 0.905620 0.062809 0.031571
13158 0.407338 0.367524 0.225137
11135 0.047539 0.553632 0.398828
12882 0.583422 0.120667 0.295911
26067 0.246399 0.655128 0.098474
11195 0.338405 0.226322 0.435273
26074 0.436842 0.365324 0.197834
25986 0.300929 0.111665 0.587406
25954 0.622188 0.265695 0.112117
26044 0.053805 0.199954 0.746241
24221 0.159601 0.744232 0.096167
25933 0.337353 0.115451 0.547195
24905 0.069025 0.091624 0.839352
11064 0.382754 0.009575 0.607670
12902 0.370857 0.456553 0.172590
13016 0.320004 0.085288 0.594708
24911 0.174135 0.672134 0.153731
25816 0.761771 0.025777 0.212452
12961 0.055864 0.174516 0.769620
12969 0.415222 0.473330 0.111447
11087 0.113000 0.337187 0.549813
13019 0.115889 0.498593 0.385517
24852 0.294076 0.353900 0.352024
24854 0.659410 0.318940 0.021650
26012 0.484942 0.220562 0.294496
13030 0.301720 0.541714 0.156566
12539 0.775566 0.035466 0.188968
11944 0.658704 0.310200 0.031096
11967 0.129465 0.077151 0.793384
12037 0.089945 0.490587 0.419468
25890 0.309110 0.620945 0.069946
25847 0.919051 0.010647 0.070302
12203 0.525003 0.306290 0.168707
11908 0.341109 0.397888 0.261003
11953 0.631371 0.214720 0.153909
12403 0.177917 0.383324 0.438759
12448 0.048263 0.209583 0.742154
26143 0.364838 0.620146 0.015016
26298 0.381315 0.544381 0.074304
25856 0.520273 0.159055 0.320672
11940 0.147834 0.682394 0.169772
26389 0.668294 0.292701 0.039006
26256 0.416683 0.490733 0.092584
24644 0.080308 0.762920 0.156772
11755 0.512896 0.011268 0.475836
24690 0.091351 0.903618 0.005032
24708 0.392946 0.212432 0.394622
11707 0.115957 0.803704 0.080339
24437 0.102392 0.671258 0.226350
24629 0.018769 0.947368 0.033863
11851 0.341092 0.524915 0.133993
21485 0.051862 0.500914 0.447224
21586 0.261683 0.291115 0.447202
21026 0.340015 0.194163 0.465822
23313 0.237823 0.568809 0.193368
21482 0.187918 0.014360 0.797721
23284 0.140685 0.421516 0.437799
21010 0.705249 0.260656 0.034095
23276 0.574989 0.319133 0.105878
21459 0.843019 0.008801 0.148180
23324 0.286873 0.001668 0.711459
21521 0.740140 0.048417 0.211443
20976 0.071442 0.441228 0.487330
21539 0.510224 0.201681 0.288094
21071 0.313556 0.215422 0.471022
21526 0.653557 0.245222 0.101221
20968 0.415024 0.228685 0.356291
20127 0.250025 0.740002 0.009972
23237 0.393618 0.553014 0.053368
20617 0.324715 0.404459 0.270825
20471 0.536056 0.001715 0.462230
21774 0.706552 0.066294 0.227153
21782 0.642600 0.057609 0.299791
20527 0.769273 0.056913 0.173814
20905 0.099484 0.030882 0.869634
21730 0.389212 0.434284 0.176504
21652 0.060482 0.467985 0.471533
21630 0.587693 0.332264 0.080043
20467 0.045679 0.912978 0.041342
23680 0.495045 0.184698 0.320258
23200 0.391927 0.490580 0.117493
20547 0.713012 0.252069 0.034920
21651 0.408576 0.089001 0.502423
12257 0.394054 0.222674 0.383272
12283 0.153516 0.350892 0.495592
12275 0.404140 0.062334 0.533527
12461 0.180757 0.293426 0.525817
23381 0.292245 0.216514 0.491240
23162 0.471203 0.463079 0.065717
25285 0.798438 0.090866 0.110697
12272 0.184774 0.632527 0.182700
20867 0.603163 0.391937 0.004900
20805 0.661552 0.206590 0.131857
20821 0.196781 0.445940 0.357278
20825 0.304066 0.673010 0.022924
21217 0.466573 0.480876 0.052552
18565 0.126060 0.416987 0.456953
20893 0.255460 0.132132 0.612407
20682 0.583169 0.107512 0.309319
18929 0.024437 0.911414 0.064148
21157 0.239780 0.095328 0.664892
21171 0.360521 0.322371 0.317108
16900 0.233902 0.576086 0.190012
29993 0.466491 0.479191 0.054318
16935 0.271167 0.029190 0.699642
29985 0.538902 0.212515 0.248583
22785 0.113243 0.431762 0.454995
16657 0.869971 0.105503 0.024525
22837 0.645367 0.227049 0.127584
17011 0.441755 0.154712 0.403533
29888 0.441914 0.506389 0.051697
30003 0.316594 0.443648 0.239758
16609 0.559208 0.372194 0.068599
22804 0.384095 0.105160 0.510745
22684 0.383658 0.164723 0.451619
20286 0.388249 0.571758 0.039993
22771 0.222434 0.739601 0.037965
20329 0.130624 0.556483 0.312893
22744 0.147989 0.051070 0.800940
20365 0.921908 0.018592 0.059501
22723 0.339270 0.645247 0.015483
20318 0.176667 0.441555 0.381778
23553 0.251704 0.233797 0.514500
20159 0.004650 0.702953 0.292397
20412 0.447705 0.182763 0.369532
23546 0.196248 0.015221 0.788531
20380 0.207878 0.227907 0.564216
22621 0.003848 0.077889 0.918263
20319 0.172106 0.750246 0.077648
20151 0.236517 0.015354 0.748129
20396 0.112964 0.747605 0.139430
22493 0.536086 0.276291 0.187623
20292 0.385281 0.493626 0.121093
22517 0.258791 0.713476 0.027733
20229 0.672237 0.265875 0.061888
16720 0.334296 0.442348 0.223355
20254 0.543863 0.168388 0.287749
20242 0.318800 0.261384 0.419816
22700 0.004379 0.723740 0.271881
16745 0.037120 0.632493 0.330386
20149 0.205514 0.225357 0.569129
20429 0.279294 0.416970 0.303737
23452 0.244832 0.102194 0.652974
20247 0.053098 0.230213 0.716689
23007 0.096131 0.020064 0.883805
16815 0.183495 0.235043 0.581463
22980 0.843590 0.021165 0.135246
16560 0.158471 0.290888 0.550641
16548 0.413990 0.209055 0.376955
16830 0.207200 0.290276 0.502524
22551 0.525436 0.066965 0.407599
22595 0.043419 0.619616 0.336965
16887 0.232839 0.360312 0.406849
16988 0.576130 0.237337 0.186533
17119 0.316142 0.569425 0.114433
23038 0.295572 0.341199 0.363229
23095 0.157305 0.214642 0.628053
22973 0.128689 0.132910 0.738401
23060 0.063756 0.324113 0.612130
16667 0.379350 0.339220 0.281429
16893 0.297596 0.365126 0.337278
21786 0.205836 0.164432 0.629732
18543 0.137844 0.730531 0.131625
18522 0.076951 0.337968 0.585081
17974 0.672941 0.026517 0.300542
16060 0.116110 0.722516 0.161374
19134 0.357597 0.020653 0.621750
19138 0.397617 0.299457 0.302926
17840 0.165693 0.682806 0.151501
29645 0.660706 0.092477 0.246818
29602 0.338528 0.440531 0.220941
29551 0.079080 0.252303 0.668617
18100 0.445324 0.167445 0.387231
18034 0.329650 0.527107 0.143243
29178 0.129330 0.308543 0.562127
18038 0.051975 0.098185 0.849840
29196 0.077049 0.768600 0.154351
29616 0.115760 0.202827 0.681414
29069 0.016193 0.749583 0.234223
29050 0.358780 0.171663 0.469557
29086 0.230122 0.198778 0.571100
35374 0.165998 0.161012 0.672990
38287 0.108608 0.227164 0.664229
37960 0.497756 0.476161 0.026082
14334 0.279386 0.162010 0.558605
13531 0.615634 0.315826 0.068540
13507 0.411660 0.041882 0.546458
37736 0.877280 0.097197 0.025524
41436 0.219015 0.011569 0.769415
14465 0.603565 0.264733 0.131703
14506 0.001147 0.397778 0.601075
14268 0.042757 0.226656 0.730587
14395 0.736679 0.166248 0.097073
14380 0.147810 0.215464 0.636726
37780 0.017678 0.696567 0.285755
14193 0.174695 0.647318 0.177987
41545 0.080288 0.044684 0.875027
38153 0.106074 0.828880 0.065046
14426 0.689825 0.271566 0.038609
14324 0.501310 0.278671 0.220019
13423 0.360730 0.419956 0.219314
37769 0.099576 0.147537 0.752887
14421 0.691356 0.051784 0.256860
14008 0.230185 0.597423 0.172393
14457 0.165952 0.101841 0.732207
13938 0.440370 0.040091 0.519539
13443 0.013777 0.087073 0.899150
5544 0.000000 0.000000 1.000000
5591 0.033555 0.078813 0.887632
34369 0.000000 0.659670 0.340330
5593 0.062795 0.859487 0.077718
5596 0.430502 0.520384 0.049114
34469 0.471625 0.190162 0.338213
34412 0.210538 0.422025 0.367438
5548 0.160024 0.091198 0.748778
5546 0.892164 0.107836 0.000000
5569 0.470040 0.189474 0.340486
5591 0.474226 0.009725 0.516049
5591 0.000000 0.143217 0.856783
31452 0.376620 0.219204 0.404176
31513 0.674338 0.285714 0.039948
17739 0.620575 0.352146 0.027279
30644 0.024187 0.657037 0.318777
17522 0.280314 0.515502 0.204184
17570 0.924358 0.023598 0.052044
4223 0.601354 0.346300 0.052346
17510 0.083013 0.688050 0.228936
17533 0.323102 0.327062 0.349836
30568 0.139483 0.147328 0.713188
30655 0.174253 0.190623 0.635124
30653 0.090777 0.555010 0.354213
2680 0.024186 0.525529 0.450285
2719 0.185369 0.210996 0.603635
27713 0.140865 0.607910 0.251225
17279 0.610289 0.148397 0.241314
17666 0.424072 0.382009 0.193919
31508 0.557937 0.011333 0.430730
31445 0.785564 0.189539 0.024897
31459 0.618687 0.026920 0.354393
31477 0.274941 0.358475 0.366585
26504 0.013365 0.525986 0.460649
26501 0.198613 0.128563 0.672824
4804 0.813535 0.134354 0.052111
4810 0.415050 0.295233 0.289717
26510 0.399532 0.265301 0.335167
4950 0.243304 0.238279 0.518416
15381 0.129288 0.420868 0.449843
38209 0.468338 0.435333 0.096329
15358 0.165464 0.245152 0.589384
26541 0.239954 0.024326 0.735720
4846 0.355517 0.012560 0.631923
26551 0.121189 0.770046 0.108765
26570 0.033346 0.061259 0.905395
26561 0.038110 0.799766 0.162124
26981 0.297471 0.580373 0.122156
37122 0.011849 0.597073 0.391078
15409 0.000203 0.492859 0.506938
15426 0.005093 0.113261 0.881646
5597 0.836785 0.091848 0.071366
5594 0.443473 0.425946 0.130581
34333 0.075126 0.438247 0.486627
5569 0.091035 0.908965 0.000000
5591 0.217603 0.596211 0.186186
5591 0.000000 0.221301 0.778699
5565 0.268483 0.264987 0.466529
5596 0.711292 0.026096 0.262612
5597 0.222846 0.055545 0.721608
31402 0.860730 0.069905 0.069365
30592 0.151642 0.718696 0.129662
26707 0.466245 0.253266 0.280489
3041 0.662333 0.157944 0.179723
26716 0.008382 0.492177 0.499442
28764 0.174490 0.766431 0.059079
26893 0.022682 0.277868 0.699450
26897 0.279716 0.653383 0.066901
17539 0.081367 0.618701 0.299932
28575 0.158092 0.337084 0.504823
5274 0.233816 0.113825 0.652359
28600 0.422544 0.008566 0.568889
31464 0.102585 0.116832 0.780583
17813 0.017529 0.618510 0.363961
30576 0.168048 0.807541 0.024410
17761 0.074455 0.013484 0.912061
17804 0.263990 0.177641 0.558368
26712 0.052058 0.780018 0.167924
31428 0.165603 0.808126 0.026271
17263 0.350544 0.383202 0.266254
30588 0.333065 0.498886 0.168049
26549 0.730217 0.215139 0.054643
4943 0.258811 0.495890 0.245300
4708 0.026603 0.465389 0.508007
27033 0.282032 0.429252 0.288717
4679 0.301488 0.177059 0.521454
26986 0.356485 0.640833 0.002681
4851 0.216575 0.285909 0.497516
26569 0.597426 0.188394 0.214181
4857 0.479710 0.291446 0.228844
17182 0.108236 0.213385 0.678379
31648 0.109136 0.772261 0.118603
17229 0.711690 0.159995 0.128315
31372 0.206107 0.432056 0.361837
17658 0.133049 0.342097 0.524854
31386 0.639860 0.315499 0.044641
27662 0.302862 0.246962 0.450177
2660 0.066965 0.163953 0.769081
27654 0.289579 0.575500 0.134921
17269 0.652806 0.077139 0.270055
31400 0.162732 0.567909 0.269359
17253 0.327628 0.147395 0.524977
26885 0.053857 0.642581 0.303563
31680 0.595833 0.072749 0.331418
5150 0.146505 0.137229 0.716266
5152 0.074420 0.282653 0.642926
17191 0.630648 0.237013 0.132339
31643 0.070823 0.664863 0.264314
17312 0.078599 0.506675 0.414726
17313 0.241218 0.196527 0.562255
30590 0.318687 0.543355 0.137958
17231 0.145966 0.268864 0.585170
31669 0.256587 0.593117 0.150295
31669 0.757771 0.019469 0.222760
31619 0.037772 0.598122 0.364106
31618 0.021464 0.709850 0.268686
31616 0.124220 0.815796 0.059984
26855 0.055400 0.612129 0.332471
31677 0.406940 0.462519 0.130541
17180 0.333489 0.556405 0.110106
2646 0.087135 0.183620 0.729245
4737 0.176585 0.081125 0.742290
4777 0.116811 0.430524 0.452665
26751 0.407801 0.270738 0.321462
4909 0.195052 0.416752 0.388197
27656 0.182324 0.699648 0.118028
31370 0.281266 0.148919 0.569815
31376 0.102288 0.270946 0.626766
17706 0.578616 0.409880 0.011504
28568 0.180039 0.649061 0.170900
31398 0.130705 0.709931 0.159363
31497 0.305609 0.353947 0.340444
5151 0.213585 0.272829 0.513586
28419 0.064022 0.051104 0.884874
28419 0.208202 0.703892 0.087907
26536 0.082633 0.748467 0.168901
26535 0.216760 0.629962 0.153279
2752 0.540044 0.000000 0.459956
31489 0.414994 0.293598 0.291408
2653 0.096435 0.020045 0.883520
27712 0.495680 0.125585 0.378735
31518 0.271488 0.166455 0.562056
17724 0.134355 0.178034 0.687610
17723 0.399859 0.157931 0.442210
26821 0.678817 0.123948 0.197235
17780 0.020310 0.395561 0.584129
17782 0.294062 0.591263 0.114676
28452 0.254992 0.152603 0.592405
28670 0.492289 0.084053 0.423659
28469 0.567830 0.336128 0.096042
5530 0.157973 0.000000 0.842027
5535 0.243690 0.451198 0.305112
34364 0.293428 0.307073 0.399499
5532 0.449497 0.363102 0.187401
5533 0.226004 0.735033 0.038962
5544 0.537808 0.036685 0.425508
5591 0.000000 0.218374 0.781626
5531 0.000000 0.000000 1.000000
5531 0.000000 0.000000 1.000000
5546 0.047292 0.936044 0.016664
34331 0.018264 0.651703 0.330033
34348 0.356393 0.302623 0.340984
5548 0.000000 0.009535 0.990465
34332 0.245621 0.089314 0.665065
34332 0.477988 0.482480 0.039532
29037 0.535610 0.078620 0.385770
3974 0.320033 0.398166 0.281800
28943 0.324042 0.069847 0.606111
4502 0.694699 0.072980 0.232321
28852 0.022242 0.914914 0.062844
4533 0.310410 0.338600 0.350990
17777 0.364148 0.320853 0.315000
26641 0.727950 0.144757 0.127294
29038 0.025048 0.896864 0.078089
3485 0.415721 0.146513 0.437765
30455 0.154397 0.142320 0.703282
3497 0.204113 0.697876 0.098012
30514 0.481949 0.300075 0.217976
30515 0.185492 0.170195 0.644313
3532 0.889800 0.108784 0.001416
41075 0.804494 0.069982 0.125524
30531 0.162334 0.298686 0.538981
30509 0.182676 0.461159 0.356164
3520 0.585333 0.331157 0.083510
3525 0.671832 0.112780 0.215388
3501 0.831501 0.134759 0.033740
5920 0.151152 0.618801 0.230046
5936 0.265935 0.661197 0.072868
30483 0.147231 0.833164 0.019605
30695 0.279063 0.096066 0.624871
30408 0.165584 0.459598 0.374818
30494 0.208422 0.542119 0.249459
35458 0.383132 0.013778 0.603090
35482 0.222777 0.464819 0.312404
5844 0.346584 0.291535 0.361882
30673 0.529861 0.148085 0.322054
17748 0.340092 0.270603 0.389305
26867 0.004060 0.360180 0.635760
5923 0.243134 0.322161 0.434705
35401 0.466738 0.151647 0.381615
5928 0.339117 0.251192 0.409691
28763 0.288658 0.422028 0.289314
28769 0.135117 0.797819 0.067064
28770 0.850323 0.069815 0.079862
5783 0.622167 0.108015 0.269817
35423 0.857764 0.092932 0.049304
5857 0.589615 0.280309 0.130076
4520 0.038132 0.794668 0.167200
28880 0.195330 0.736583 0.068087
580 0.073322 0.372104 0.554574
578 0.914762 0.044619 0.040619
28883 0.047525 0.761864 0.190611
28989 0.075769 0.552311 0.371920
28993 0.089364 0.104437 0.806199
28991 0.177640 0.275911 0.546448
5865 0.555316 0.426109 0.018575
3600 0.484542 0.434426 0.081032
3597 0.114840 0.671775 0.213384
5864 0.051923 0.333210 0.614868
29001 0.142445 0.091878 0.765677
28983 0.158904 0.806210 0.034885
28976 0.045370 0.395022 0.559609
3473 0.484221 0.386050 0.129730
30465 0.390140 0.225877 0.383984
3492 0.317410 0.679860 0.002729
3493 0.826166 0.118702 0.055132
3494 0.127992 0.000315 0.871693
3495 0.494741 0.030079 0.475180
14045 0.145933 0.018970 0.835097
41088 0.550998 0.202269 0.246733
41087 0.322211 0.225913 0.451876
5790 0.293548 0.507164 0.199288
5790 0.741398 0.223289 0.035314
34658 0.172699 0.805019 0.022282
35356 0.189783 0.767366 0.042850
3547 0.131429 0.638475 0.230096
30481 0.159558 0.669825 0.170618
30485 0.332094 0.169019 0.498887
5866 0.093283 0.185629 0.721088
35408 0.538065 0.441247 0.020688
35421 0.373619 0.550341 0.076040
35421 0.446109 0.043756 0.510134
5789 0.400825 0.148479 0.450696
35448 0.134372 0.267882 0.597746
5917 0.612187 0.289598 0.098215
35410 0.487986 0.207724 0.304290
5380 0.115487 0.777366 0.107147
34547 0.044166 0.229198 0.726636
35420 0.184551 0.623354 0.192096
35480 0.221506 0.048550 0.729944
35428 0.212387 0.377050 0.410563
5846 0.175743 0.517451 0.306806
34502 0.023625 0.260542 0.715833
34575 0.217720 0.295016 0.487264
5426 0.590189 0.116483 0.293329
35460 0.184379 0.321184 0.494437
35439 0.062224 0.206306 0.731469
5782 0.794981 0.068709 0.136309
34530 0.037356 0.131556 0.831087
34531 0.268111 0.160876 0.571014
34501 0.513932 0.191753 0.294315
5898 0.488789 0.291469 0.219742
35342 0.132518 0.322226 0.545256
35341 0.429199 0.254979 0.315822
5916 0.571721 0.329912 0.098368
5849 0.389304 0.493952 0.116744
5850 0.662703 0.127027 0.210271
5838 0.087209 0.595971 0.316820
34518 0.051654 0.019541 0.928805
34519 0.416761 0.074238 0.509001
35434 0.319968 0.375106 0.304927
5786 0.676593 0.246534 0.076873
35433 0.643585 0.025819 0.330596
35404 0.580208 0.088817 0.330975
5793 0.691758 0.201797 0.106445
35434 0.125181 0.543549 0.331269
3602 0.042701 0.260703 0.696596
5867 0.014361 0.480643 0.504995
35417 0.377662 0.596745 0.025594
5840 0.194804 0.278750 0.526446
34989 0.472064 0.280915 0.247021
5813 0.257441 0.093462 0.649097
34390 0.467740 0.232390 0.299870
34390 0.060935 0.250869 0.688196
34389 0.633602 0.258227 0.108171
34533 0.428260 0.044281 0.527459
34520 0.292395 0.278558 0.429047
5376 0.143471 0.585635 0.270894
5430 0.178359 0.173120 0.648522
34632 0.096722 0.271003 0.632275
34565 0.326173 0.107594 0.566234
5335 0.760304 0.170103 0.069593
34399 0.582496 0.227897 0.189607
34399 0.213807 0.230232 0.555962
34498 0.115273 0.878062 0.006665
5389 0.567020 0.373535 0.059445
5825 0.408975 0.352536 0.238489
5341 0.406837 0.297337 0.295826
34346 0.649422 0.245752 0.104826
5336 0.755058 0.025200 0.219742
5374 0.463334 0.324882 0.211785
5832 0.688612 0.043821 0.267567
34561 0.598510 0.209935 0.191555
5356 0.100052 0.457263 0.442685
5356 0.517705 0.016595 0.465700
5550 0.334311 0.175048 0.490640
5400 0.757956 0.119551 0.122493
5393 0.724423 0.123082 0.152494
5396 0.046614 0.620000 0.333386
5327 0.455516 0.180336 0.364148
34407 0.638603 0.181431 0.179966
5357 0.210187 0.414423 0.375390
34529 0.665601 0.113936 0.220462
34558 0.423787 0.184039 0.392174
34557 0.140893 0.279578 0.579529
5328 0.002895 0.448734 0.548371
5328 0.396016 0.121440 0.482544
34406 0.569682 0.223027 0.207291
5434 0.034338 0.002071 0.963592
34570 0.581177 0.180830 0.237993
34569 0.034294 0.415542 0.550164
5445 0.484828 0.351499 0.163673
34394 0.330754 0.559700 0.109546
5423 0.104830 0.309752 0.585419
5364 0.560816 0.064492 0.374692
