4080 0.331429 0.142647 0.525923
5123 0.120955 0.351730 0.527315
5114 0.105088 0.781013 0.113899
4483 0.036443 0.662107 0.301450
16645 0.457376 0.247734 0.294890
5125 0.010405 0.746907 0.242687
15906 0.354993 0.027671 0.617335
18035 0.276366 0.185725 0.537910
17333 0.203790 0.244940 0.551270
4277 0.046838 0.273625 0.679537
16667 0.032878 0.870930 0.096192
4963 0.920280 0.011821 0.067899
4332 0.395272 0.461297 0.143431
5246 0.438179 0.239408 0.322413
17180 0.370873 0.213636 0.415491
538 0.319199 0.615251 0.065550
17040 0.223402 0.577465 0.199133
17425 0.844963 0.119699 0.035338
4541 0.094726 0.104319 0.800955
17102 0.105127 0.680444 0.214429
5015 0.209046 0.069143 0.721810
4529 0.446839 0.368530 0.184632
17594 0.183197 0.485811 0.330992
4787 0.205225 0.162868 0.631907
188 0.590429 0.278903 0.130669
978 0.597566 0.402434 0.000000
212 0.037255 0.134123 0.828622
337 0.474435 0.259696 0.265869
234 0.611904 0.215393 0.172703
4560 0.659068 0.269763 0.071169
634 0.327365 0.549042 0.123593
5143 0.305005 0.607124 0.087872
239 0.706786 0.166350 0.126865
5098 0.763725 0.165784 0.070491
17747 0.572957 0.220665 0.206378
4349 0.391095 0.473030 0.135875
17928 0.532668 0.035208 0.432124
17736 0.603108 0.059889 0.337003
17356 0.721533 0.132688 0.145779
4199 0.168141 0.130173 0.701686
17464 0.143505 0.763254 0.093241
17961 0.293310 0.178183 0.528507
4361 0.749152 0.090800 0.160047
17938 0.170180 0.039711 0.790110
4728 0.634047 0.038438 0.327514
18415 0.612933 0.206943 0.180125
18433 0.001289 0.473134 0.525577
4620 0.751303 0.146622 0.102075
4545 0.665316 0.013500 0.321184
17718 0.112642 0.438519 0.448839
596 0.346861 0.297189 0.355949
18162 0.078032 0.288580 0.633389
17606 0.273858 0.561520 0.164621
18384 0.253229 0.714658 0.032113
17024 0.491645 0.487612 0.020743
18016 0.616802 0.378924 0.004274
4785 0.285386 0.157318 0.557296
4575 0.025651 0.538356 0.435993
17919 0.024894 0.873168 0.101939
5199 0.601801 0.142806 0.255392
5167 0.388530 0.075878 0.535592
642 0.272183 0.554193 0.173623
5027 0.627331 0.363857 0.008812
4157 0.200655 0.619202 0.180143
966 0.123796 0.615250 0.260955
18072 0.285661 0.296221 0.418119
17396 0.077591 0.416255 0.506154
17850 0.412528 0.071671 0.515801
17831 0.082298 0.413962 0.503740
4317 0.409655 0.526461 0.063883
4311 0.342699 0.537656 0.119645
17561 0.312309 0.105818 0.581874
15903 0.457057 0.206684 0.336259
15922 0.187039 0.071346 0.741615
16058 0.190055 0.543612 0.266333
17569 0.022845 0.847584 0.129571
15854 0.053893 0.510859 0.435248
4037 0.442353 0.254210 0.303437
17705 0.236324 0.202249 0.561427
18250 0.612446 0.287322 0.100232
16943 0.172751 0.029660 0.797589
5163 0.135850 0.180134 0.684015
1106 0.006778 0.101292 0.891930
1080 0.069340 0.062128 0.868532
15890 0.044188 0.032891 0.922921
315 0.235966 0.343883 0.420151
17695 0.869472 0.067166 0.063362
17183 0.410282 0.515868 0.073849
4284 0.787570 0.122695 0.089734
17478 0.185353 0.614942 0.199705
17391 0.553257 0.285806 0.160937
18286 0.816025 0.010779 0.173197
925 0.216067 0.298015 0.485917
17940 0.336218 0.139209 0.524573
16590 0.012196 0.091192 0.896612
16639 0.070979 0.407780 0.521241
16552 0.175497 0.175162 0.649341
16609 0.364294 0.333238 0.302468
473 0.103268 0.088181 0.808551
1825 0.046981 0.927775 0.025245
17987 0.147969 0.803509 0.048523
4415 0.096217 0.018602 0.885181
4542 0.028102 0.862320 0.109578
17992 0.258548 0.316164 0.425288
18478 0.013626 0.776141 0.210233
318 0.034360 0.702988 0.262653
17147 0.205071 0.662131 0.132798
115 0.269794 0.423609 0.306597
14338 0.042214 0.043486 0.914300
13417 0.019818 0.642779 0.337404
14336 0.337199 0.556973 0.105828
8690 0.452692 0.468441 0.078866
14329 0.068086 0.450032 0.481882
13429 0.181014 0.051275 0.767712
8677 0.487880 0.101455 0.410666
9142 0.687725 0.088427 0.223848
14358 0.369248 0.343666 0.287086
13413 0.120948 0.368021 0.511030
8714 0.529256 0.300973 0.169771
14351 0.091168 0.535270 0.373562
13384 0.302287 0.050872 0.646841
14347 0.167279 0.401371 0.431351
13446 0.374179 0.359955 0.265866
13433 0.684910 0.009871 0.305220
13506 0.167976 0.017770 0.814254
13434 0.701305 0.207562 0.091134
13505 0.650772 0.188056 0.161172
1680 0.168105 0.666126 0.165769
8575 0.284138 0.107475 0.608388
1901 0.886289 0.002609 0.111102
8800 0.466007 0.262144 0.271850
1941 0.243088 0.597071 0.159841
13885 0.047421 0.117011 0.835569
13896 0.773377 0.109058 0.117565
1694 0.119722 0.880278 0.000000
1700 0.077116 0.479123 0.443762
8886 0.434131 0.323760 0.242109
1958 0.899595 0.049911 0.050495
14003 0.037871 0.757706 0.204423
13909 0.146752 0.530911 0.322337
1704 0.245200 0.578165 0.176635
13969 0.173517 0.762990 0.063493
14157 0.196462 0.500492 0.303046
13916 0.257963 0.666661 0.075375
14120 0.505033 0.372567 0.122401
16578 0.118048 0.091115 0.790837
432 0.112784 0.616804 0.270411
416 0.134762 0.599108 0.266130
15481 0.180434 0.676669 0.142897
16586 0.398249 0.127758 0.473994
13933 0.276858 0.142452 0.580691
15490 0.525564 0.032936 0.441500
8040 0.062404 0.161243 0.776353
13484 0.081065 0.282618 0.636317
15264 0.430665 0.208981 0.360354
13821 0.347802 0.418696 0.233502
9184 0.326379 0.524801 0.148821
8054 0.515441 0.243133 0.241426
9180 0.237208 0.339338 0.423455
13813 0.866234 0.112240 0.021525
7996 0.482175 0.093151 0.424674
13548 0.423171 0.525286 0.051543
8019 0.796562 0.161025 0.042413
13463 0.134761 0.605536 0.259703
13635 0.431108 0.371356 0.197536
8916 0.658992 0.047224 0.293783
8935 0.169983 0.790573 0.039444
13210 0.228676 0.420968 0.350356
13480 0.157400 0.698585 0.144015
15437 0.943059 0.040582 0.016359
8468 0.240496 0.248996 0.510508
16583 0.428765 0.404133 0.167102
13559 0.627330 0.197282 0.175388
8981 0.345467 0.541789 0.112744
8985 0.717477 0.260913 0.021610
8490 0.407877 0.384690 0.207433
8005 0.200731 0.026941 0.772328
13743 0.733210 0.263169 0.003621
9035 0.181567 0.808632 0.009802
9032 0.012910 0.068509 0.918581
13247 0.434315 0.377364 0.188321
14446 0.203048 0.063542 0.733410
8640 0.344045 0.399579 0.256376
14274 0.562137 0.350416 0.087448
14270 0.184501 0.661773 0.153726
14214 0.139892 0.712836 0.147271
13316 0.941284 0.032005 0.026712
9032 0.176398 0.444454 0.379148
13758 0.597905 0.063709 0.338386
16607 0.181274 0.283816 0.534910
467 0.156323 0.150451 0.693226
460 0.156028 0.429871 0.414101
15402 0.375387 0.380520 0.244092
16657 0.747216 0.216347 0.036437
13532 0.581404 0.179307 0.239289
9115 0.147220 0.824439 0.028342
13402 0.195048 0.736315 0.068636
9222 0.190623 0.029982 0.779395
9241 0.102240 0.009880 0.887880
15498 0.127333 0.294027 0.578639
8481 0.464828 0.457809 0.077363
13464 0.227313 0.077252 0.695435
13404 0.134840 0.818747 0.046413
8458 0.580480 0.216630 0.202890
14498 0.244480 0.555018 0.200502
13641 0.228823 0.412574 0.358603
14489 0.124460 0.017080 0.858460
368 0.102268 0.335121 0.562611
16568 0.566840 0.087403 0.345757
1835 0.155576 0.505399 0.339025
8740 0.110260 0.028642 0.861098
15200 0.271659 0.349622 0.378719
15205 0.242113 0.404689 0.353198
8275 0.135388 0.377479 0.487133
15218 0.791729 0.157543 0.050729
8685 0.218282 0.129779 0.651939
8625 0.040370 0.920798 0.038833
14347 0.817319 0.038938 0.143743
14344 0.193622 0.730849 0.075529
14319 0.262910 0.711242 0.025849
1870 0.740615 0.012054 0.247331
14079 0.147693 0.152745 0.699562
16886 0.198039 0.623338 0.178623
5243 0.552596 0.123273 0.324131
19752 0.866252 0.113733 0.020015
15778 0.005513 0.256911 0.737576
10078 0.718057 0.023901 0.258042
10128 0.496565 0.086368 0.417067
8352 0.528724 0.190450 0.280826
8277 0.604907 0.122201 0.272892
8335 0.468414 0.150790 0.380796
13738 0.242222 0.054954 0.702824
13731 0.857856 0.043271 0.098873
8396 0.841782 0.000000 0.158218
15841 0.053113 0.931086 0.015801
8345 0.088531 0.601187 0.310283
8371 0.209881 0.613457 0.176662
15835 0.009874 0.374867 0.615259
10117 1.000000 0.000000 0.000000
4731 0.727259 0.077612 0.195129
5175 0.247065 0.189953 0.562983
5171 0.396475 0.141955 0.461570
17542 0.074544 0.230717 0.694738
15925 0.037416 0.397916 0.564668
15896 0.197689 0.442960 0.359351
16991 0.161755 0.057901 0.780343
15864 0.316786 0.296993 0.386221
1439 0.110505 0.682614 0.206880
19775 0.130530 0.737628 0.131842
13263 0.259441 0.041014 0.699544
13372 0.074426 0.522630 0.402944
20706 0.319181 0.079123 0.601696
20703 0.250621 0.364259 0.385120
1336 0.031869 0.463856 0.504275
1364 0.593747 0.295923 0.110330
18959 0.636911 0.228179 0.134910
1582 0.584546 0.314794 0.100660
20104 0.106943 0.676831 0.216226
1488 0.026047 0.717926 0.256027
20036 0.375166 0.023784 0.601050
18852 0.286611 0.207804 0.505585
1376 0.559945 0.061002 0.379053
1394 0.412075 0.171178 0.416747
20053 0.073891 0.668375 0.257734
2582 0.562085 0.272024 0.165891
20362 0.856028 0.027923 0.116049
19899 0.439355 0.424045 0.136601
2569 0.801289 0.085150 0.113561
2599 0.084987 0.903233 0.011780
2487 0.830923 0.067793 0.101284
837 0.506524 0.446815 0.046660
20436 0.704406 0.110832 0.184762
19945 0.314232 0.502445 0.183323
2492 0.121841 0.465518 0.412641
887 0.069658 0.884526 0.045816
885 0.728386 0.232672 0.038942
829 0.205051 0.528307 0.266643
2483 0.175450 0.093536 0.731014
18100 0.230738 0.139028 0.630235
18125 0.098077 0.615690 0.286233
18088 0.357827 0.377019 0.265154
18126 0.297024 0.367300 0.335676
20320 0.112533 0.276479 0.610988
2611 0.174292 0.781005 0.044703
18105 0.251876 0.154741 0.593383
18076 0.365726 0.384223 0.250051
18147 0.466874 0.403918 0.129208
18114 0.009677 0.948111 0.042212
1642 0.147449 0.044675 0.807876
20706 0.368461 0.129590 0.501949
20706 0.014863 0.120174 0.864963
19989 0.652895 0.314027 0.033078
20703 0.017721 0.581310 0.400969
20036 0.042920 0.574805 0.382275
19859 0.013365 0.833752 0.152883
19950 0.130453 0.121387 0.748160
20101 0.858846 0.135218 0.005936
2475 0.113573 0.060817 0.825610
2580 0.450256 0.409443 0.140302
20045 0.008904 0.512561 0.478535
2426 0.258592 0.545193 0.196214
1636 0.340749 0.007505 0.651745
1604 0.621388 0.219005 0.159608
1382 0.000000 0.655326 0.344674
1394 0.127886 0.732297 0.139816
1396 0.349155 0.141877 0.508968
1602 0.000000 0.316105 0.683895
20710 0.596791 0.164457 0.238752
1601 0.096633 0.297497 0.605870
1642 0.835662 0.068486 0.095852
1644 0.657263 0.342737 0.000000
18902 0.070136 0.785249 0.144615
18901 0.162542 0.171073 0.666386
1395 0.065788 0.788069 0.146142
18971 0.704008 0.081121 0.214871
1375 0.123192 0.464559 0.412249
1590 0.426346 0.566652 0.007002
19892 0.178338 0.241179 0.580483
1560 0.363633 0.540001 0.096366
2318 0.231642 0.156913 0.611445
1549 0.344506 0.503546 0.151948
18835 0.528609 0.288939 0.182451
1584 0.461075 0.337691 0.201234
20068 0.073497 0.274884 0.651619
20006 0.895674 0.075075 0.029251
18950 0.143610 0.238134 0.618256
1377 0.253567 0.125495 0.620938
1367 0.051574 0.904478 0.043947
18903 0.799984 0.057787 0.142228
18973 0.883064 0.078722 0.038214
1380 0.067835 0.446803 0.485362
18971 0.112378 0.720393 0.167229
1382 1.000000 0.000000 0.000000
18853 0.547306 0.215329 0.237365
1382 0.172808 0.761861 0.065331
1394 0.085662 0.886668 0.027669
19994 0.192757 0.087696 0.719547
1574 0.601885 0.001350 0.396765
1570 0.598522 0.214179 0.187299
19994 0.206559 0.547434 0.246006
1533 0.514357 0.317469 0.168174
18967 0.054748 0.704387 0.240866
1578 0.216487 0.487251 0.296262
20714 0.043228 0.899618 0.057153
19994 0.276216 0.355918 0.367866
20711 0.332992 0.272326 0.394681
1389 0.143108 0.399079 0.457813
1394 0.820233 0.040649 0.139118
18950 0.373794 0.150997 0.475209
1371 0.003634 0.469797 0.526569
18976 0.254219 0.333546 0.412236
1462 0.511901 0.056761 0.431338
1577 0.248465 0.599105 0.152430
1578 0.651793 0.154825 0.193382
19989 0.203862 0.579123 0.217015
1639 0.067981 0.460625 0.471394
1980 0.491005 0.065848 0.443148
19988 0.227964 0.203726 0.568310
20056 0.402266 0.591857 0.005877
1585 0.131836 0.351609 0.516555
19989 0.285948 0.556024 0.158027
19990 0.030660 0.245484 0.723856
20041 0.723788 0.172435 0.103777
1620 0.407229 0.398391 0.194381
1621 0.433679 0.159177 0.407145
18954 0.389461 0.598797 0.011742
20008 0.323895 0.191264 0.484841
19890 0.076854 0.135644 0.787502
20069 0.117786 0.164385 0.717829
1577 0.318401 0.502289 0.179310
20124 0.243763 0.087120 0.669117
1368 0.047120 0.330101 0.622778
20126 0.286558 0.552407 0.161035
1373 0.241697 0.234159 0.524144
1378 0.141647 0.488286 0.370067
18948 0.648937 0.325964 0.025099
1526 0.448552 0.536702 0.014745
18893 0.068673 0.517472 0.413854
1342 0.121407 0.506816 0.371778
1624 0.711347 0.075215 0.213438
1549 0.272690 0.181298 0.546012
1374 0.141225 0.071301 0.787474
18980 0.365506 0.568187 0.066308
18834 0.409551 0.003888 0.586561
1526 1.000000 0.000000 0.000000
1342 1.000000 0.000000 0.000000
18955 0.332353 0.234385 0.433261
1447 0.137581 0.207185 0.655234
18868 0.517336 0.100616 0.382048
18871 0.319737 0.121051 0.559212
18876 0.088856 0.741598 0.169546
1342 0.378572 0.397556 0.223872
19930 0.145151 0.255990 0.598859
20359 0.074978 0.650743 0.274279
16953 0.519520 0.198792 0.281688
5237 0.356445 0.625889 0.017666
5020 0.770329 0.003096 0.226574
16067 0.230216 0.021509 0.748276
18459 0.036206 0.158785 0.805010
18051 0.327334 0.233875 0.438791
277 0.766723 0.204210 0.029067
19931 0.698711 0.012662 0.288627
2449 0.091315 0.893900 0.014785
1542 0.681773 0.073155 0.245072
9052 0.297006 0.085841 0.617153
13288 0.474302 0.067371 0.458328
13597 0.081943 0.263122 0.654935
8003 0.423122 0.311782 0.265096
13224 0.374962 0.172117 0.452921
13717 0.312187 0.484020 0.203793
7929 0.128211 0.840350 0.031439
13661 0.454645 0.523962 0.021393
13677 0.392933 0.002447 0.604620
8311 0.221443 0.737645 0.040912
7931 0.344775 0.076591 0.578634
13571 0.169022 0.290970 0.540009
13804 0.138914 0.193147 0.667939
15266 0.184786 0.023059 0.792155
8562 0.050838 0.144983 0.804179
13853 0.563823 0.030818 0.405359
8942 0.083578 0.592829 0.323593
8663 0.580423 0.110949 0.308627
8628 0.171428 0.025327 0.803245
8533 0.430825 0.201457 0.367718
8569 0.010078 0.020794 0.969128
13912 0.833281 0.017647 0.149072
1926 0.343463 0.493765 0.162773
1944 0.735812 0.264188 0.000000
14011 0.562036 0.332768 0.105197
13998 0.356045 0.638761 0.005194
1767 0.035885 0.655239 0.308876
13994 0.434044 0.256885 0.309071
13895 0.191250 0.761379 0.047371
14014 0.594200 0.195426 0.210374
13976 0.423428 0.228537 0.348034
13962 0.704385 0.203172 0.092443
1739 0.173774 0.558951 0.267275
1772 0.568782 0.396725 0.034493
14127 0.380485 0.271955 0.347561
14055 0.035996 0.472286 0.491718
7961 0.625221 0.347831 0.026947
8312 0.122206 0.057714 0.820080
7992 0.251970 0.215362 0.532668
14491 0.196376 0.205492 0.598132
8851 0.418744 0.265286 0.315970
16562 0.091349 0.197044 0.711607
18299 0.155677 0.385437 0.458886
18291 0.407792 0.030715 0.561494
4701 0.215748 0.660852 0.123400
4042 0.560069 0.254964 0.184967
4093 0.306376 0.117327 0.576296
17323 0.087550 0.893600 0.018850
18189 0.685541 0.301530 0.012929
4617 0.129686 0.850918 0.019395
18005 0.043723 0.223007 0.733270
18398 0.380566 0.574105 0.045329
17934 0.847386 0.069829 0.082785
987 0.308342 0.081561 0.610097
4344 0.655277 0.223017 0.121705
17932 0.034489 0.548687 0.416823
333 0.154288 0.170463 0.675248
355 0.108328 0.625480 0.266192
8967 0.049745 0.535983 0.414272
8963 0.340577 0.563887 0.095536
13276 0.649949 0.277313 0.072738
7959 0.085831 0.216294 0.697875
13640 0.684858 0.096583 0.218559
15414 0.197966 0.429738 0.372295
8462 0.213985 0.251608 0.534407
15368 0.119998 0.698537 0.181464
8418 0.033936 0.866841 0.099223
8051 0.776463 0.201539 0.021998
8071 0.690630 0.164899 0.144471
13232 0.046510 0.667186 0.286304
13234 0.075067 0.742469 0.182464
8253 0.000000 0.757223 0.242777
8853 0.402240 0.016161 0.581600
8287 0.000000 0.709410 0.290590
8262 0.038014 0.259863 0.702122
8261 0.000000 0.358212 0.641788
15223 0.000000 0.457011 0.542989
15223 0.000000 0.645877 0.354123
15223 0.000000 0.449785 0.550215
15191 0.325275 0.486885 0.187839
8331 0.669184 0.198148 0.132668
8288 0.092467 0.042979 0.864553
15327 0.308795 0.056911 0.634294
8274 0.491988 0.126504 0.381508
20427 0.153817 0.195114 0.651068
20176 0.576002 0.030638 0.393360
20222 0.569760 0.376694 0.053546
16735 0.855825 0.129768 0.014407
20214 0.198835 0.428262 0.372904
2537 0.561655 0.179174 0.259172
20187 0.003401 0.480088 0.516511
20145 0.281661 0.059017 0.659323
16822 0.052261 0.455892 0.491847
16422 0.167817 0.317423 0.514760
16234 0.119805 0.070585 0.809610
16235 0.539822 0.023816 0.436362
16455 0.916300 0.012390 0.071311
805 0.152760 0.659426 0.187814
16418 0.550162 0.334260 0.115578
15959 0.171904 0.137506 0.690589
16394 0.449059 0.248584 0.302358
16704 0.267235 0.070865 0.661901
2084 0.012260 0.233538 0.754202
16699 0.211487 0.351419 0.437094
1313 0.593858 0.398431 0.007712
1185 0.079244 0.177554 0.743202
16297 0.627373 0.284904 0.087723
797 0.048076 0.684806 0.267118
680 0.769998 0.196921 0.033082
756 0.111126 0.483125 0.405749
16192 0.825358 0.121863 0.052780
705 0.453721 0.371672 0.174607
1161 0.611296 0.095047 0.293657
16476 0.280757 0.087068 0.632175
2213 0.235353 0.507860 0.256787
1159 0.150375 0.029979 0.819646
702 0.164997 0.147342 0.687660
773 0.126659 0.272564 0.600777
777 0.559480 0.319814 0.120706
698 0.801527 0.172309 0.026165
16367 0.097930 0.164896 0.737174
1067 0.520130 0.111181 0.368689
2222 0.755762 0.158969 0.085269
16714 0.246871 0.120001 0.633128
15945 0.343583 0.395410 0.261007
2519 0.351372 0.470717 0.177911
20189 0.918632 0.078661 0.002707
2086 0.563127 0.385913 0.050960
18491 0.099457 0.857486 0.043058
1318 0.504353 0.264711 0.230937
16359 0.008038 0.452786 0.539176
2215 0.007045 0.597288 0.395667
1290 0.476433 0.331384 0.192183
16323 0.742162 0.215490 0.042348
16442 0.685807 0.091929 0.222263
16443 0.204440 0.698626 0.096934
16499 0.488986 0.238462 0.272552
16444 0.156319 0.586270 0.257411
715 0.665809 0.186415 0.147776
16446 0.310600 0.236468 0.452932
1215 0.486413 0.023635 0.489951
786 0.251442 0.410123 0.338435
16211 0.554146 0.209319 0.236535
16315 0.216661 0.005652 0.777686
16337 0.219889 0.147564 0.632547
16463 0.381784 0.036780 0.581437
682 0.585652 0.083863 0.330485
20410 0.214006 0.500602 0.285392
2079 0.000000 0.251302 0.748698
1981 0.271764 0.162124 0.566112
2547 0.490819 0.444231 0.064950
2528 0.638357 0.107755 0.253888
20241 0.428449 0.437900 0.133651
2276 0.055111 0.397449 0.547441
15957 0.393851 0.138954 0.467196
1300 0.636130 0.121755 0.242115
1192 0.030140 0.740206 0.229654
16362 0.017385 0.046093 0.936522
1262 0.062130 0.812297 0.125573
16711 0.217930 0.259850 0.522220
2298 0.009882 0.573136 0.416983
16716 0.285489 0.681051 0.033460
2046 0.749793 0.171966 0.078241
16391 0.084537 0.400376 0.515088
1041 0.728524 0.248871 0.022604
2269 0.574164 0.063068 0.362769
20299 0.048952 0.758446 0.192602
20288 0.173139 0.498559 0.328303
2017 0.269354 0.055285 0.675361
1154 0.262671 0.182168 0.555161
1054 0.114256 0.462187 0.423558
16739 0.481156 0.192106 0.326738
16823 0.068971 0.676889 0.254140
20148 0.204953 0.002171 0.792876
2546 0.191813 0.776935 0.031253
20391 0.160627 0.737622 0.101751
2532 0.056173 0.639795 0.304032
20222 0.866234 0.114634 0.019132
2257 0.085603 0.508676 0.405720
2060 0.684402 0.189434 0.126164
2093 0.077293 0.921613 0.001094
20255 0.706252 0.205762 0.087987
16831 0.649909 0.149220 0.200871
20456 0.574327 0.307585 0.118088
20150 0.651515 0.040829 0.307656
2083 0.276227 0.061720 0.662053
2082 0.047479 0.048753 0.903768
2071 0.186819 0.797067 0.016114
2002 0.078351 0.133898 0.787751
16438 0.566690 0.128334 0.304976
1284 0.545848 0.330086 0.124066
752 0.168112 0.589581 0.242307
16193 0.085774 0.174158 0.740069
16295 0.607812 0.127086 0.265102
931 0.451556 0.238408 0.310036
1165 0.061953 0.346156 0.591891
16433 0.565456 0.189292 0.245252
792 0.039644 0.540330 0.420026
4217 0.565829 0.365622 0.068549
310 0.022484 0.895050 0.082466
16176 0.188470 0.105725 0.705805
325 0.634851 0.132539 0.232610
16048 0.143017 0.556929 0.300054
17343 0.447698 0.481585 0.070717
306 0.627644 0.020601 0.351755
18223 0.106055 0.617572 0.276373
294 0.060210 0.078471 0.861318
8552 0.417575 0.514061 0.068364
1912 0.101104 0.275143 0.623753
14369 0.714829 0.123409 0.161762
8755 0.318986 0.003884 0.677130
1660 0.208264 0.114226 0.677510
15247 0.888463 0.027686 0.083851
5320 0.193710 0.564574 0.241717
5313 0.420540 0.254412 0.325048
221 0.280724 0.206705 0.512571
16108 0.088849 0.104292 0.806859
14561 0.807558 0.009316 0.183127
5291 0.158879 0.016967 0.824154
9917 0.630226 0.335555 0.034219
15677 0.340175 0.041618 0.618207
9183 0.644475 0.215172 0.140353
4804 0.078973 0.153484 0.767543
15561 0.413155 0.141468 0.445377
15582 0.011524 0.618083 0.370393
11086 0.442679 0.434306 0.123014
15562 0.443559 0.229292 0.327149
15663 0.146433 0.175936 0.677632
17565 0.093976 0.847681 0.058343
16597 0.248617 0.536639 0.214744
9200 0.086697 0.654731 0.258572
9187 0.221395 0.054904 0.723701
13612 0.224325 0.101146 0.674529
15457 0.211039 0.100470 0.688490
15668 0.652128 0.142167 0.205706
16535 0.041933 0.539682 0.418385
16128 0.493338 0.405928 0.100734
11195 0.244404 0.665625 0.089972
224 0.404888 0.183676 0.411436
5802 0.072433 0.864255 0.063312
11188 0.140248 0.830430 0.029321
11041 0.055130 0.924240 0.020630
4774 0.568995 0.076679 0.354326
96 0.792808 0.161847 0.045345
5510 0.242391 0.691964 0.065645
89 0.298708 0.480307 0.220985
13268 0.150835 0.200769 0.648396
9007 0.233215 0.510594 0.256191
16625 0.618340 0.271608 0.110052
14513 0.238530 0.260895 0.500575
145 0.227190 0.737216 0.035594
4856 0.790324 0.127564 0.082112
10143 0.747606 0.166262 0.086133
8282 0.819735 0.124975 0.055290
5500 0.038716 0.845035 0.116249
5516 0.480335 0.332905 0.186760
5903 0.042580 0.613422 0.343999
11841 0.041478 0.104820 0.853702
6248 0.337661 0.516435 0.145903
6269 0.262323 0.708576 0.029101
5873 0.166810 0.078026 0.755163
12836 0.111540 0.643306 0.245154
14965 0.406123 0.588879 0.004998
9404 0.304324 0.612468 0.083208
11536 0.554457 0.010796 0.434747
15088 0.385893 0.369171 0.244936
15103 0.100793 0.602950 0.296257
14655 0.162390 0.245585 0.592025
10279 0.768283 0.178010 0.053707
9396 0.135493 0.676343 0.188163
15092 0.753949 0.167012 0.079039
14535 0.280731 0.122765 0.596504
10289 0.209946 0.099020 0.691034
11885 0.057611 0.749047 0.193342
11075 0.056124 0.080794 0.863081
11122 0.326929 0.351943 0.321128
603 0.417469 0.419683 0.162848
12749 0.472335 0.379746 0.147919
5829 0.095367 0.291366 0.613267
11483 0.008272 0.502999 0.488729
6270 0.105263 0.093793 0.800944
15157 0.378662 0.446816 0.174521
5401 0.675167 0.049528 0.275305
11220 0.060159 0.653322 0.286519
11423 0.070873 0.804680 0.124447
11500 0.078737 0.921069 0.000194
11501 0.722492 0.260439 0.017069
11276 0.054352 0.227832 0.717816
9843 0.158802 0.121725 0.719473
9833 0.623551 0.012992 0.363457
11297 0.172853 0.468274 0.358873
11240 0.500995 0.202577 0.296427
9642 0.962505 0.015818 0.021677
9643 0.656660 0.184758 0.158582
11126 0.007798 0.367564 0.624639
6220 0.901062 0.081152 0.017786
5839 0.143537 0.179501 0.676962
5826 0.291960 0.292463 0.415576
9361 0.014308 0.429825 0.555866
10293 0.057888 0.656559 0.285553
14954 0.726449 0.179601 0.093950
9785 0.301780 0.629825 0.068395
9792 0.694313 0.050800 0.254887
10943 0.364403 0.290507 0.345090
14874 0.106382 0.180837 0.712780
11144 0.398132 0.470196 0.131673
12717 0.207931 0.583455 0.208615
5573 0.302158 0.492035 0.205807
6259 0.285417 0.136354 0.578228
11807 0.366455 0.147480 0.486065
16117 0.474457 0.080656 0.444887
5496 0.162125 0.230585 0.607290
5785 0.634206 0.111617 0.254177
6262 0.643547 0.069612 0.286841
9890 0.316813 0.015247 0.667940
9853 0.265389 0.173894 0.560717
9843 0.011504 0.320096 0.668400
9902 0.293394 0.131791 0.574815
11850 0.321804 0.336559 0.341636
9743 0.449494 0.520677 0.029829
11438 0.129282 0.011699 0.859018
5599 0.341271 0.298617 0.360112
11224 0.085783 0.066181 0.848036
10477 0.155549 0.235125 0.609325
15524 0.091969 0.182726 0.725305
14566 0.404230 0.137009 0.458761
15647 0.763718 0.085167 0.151115
15638 0.255325 0.716021 0.028654
10606 0.821688 0.115936 0.062376
10449 0.289765 0.450076 0.260159
6397 0.244271 0.050408 0.705321
6373 0.051962 0.863432 0.084605
6357 0.112895 0.213376 0.673729
10458 0.022297 0.732272 0.245431
10454 0.823937 0.099931 0.076132
4770 0.499513 0.125587 0.374900
14739 0.103793 0.373875 0.522332
17517 0.640262 0.304229 0.055510
17505 0.786699 0.057827 0.155475
14744 0.368261 0.259489 0.372249
11546 0.390342 0.273266 0.336392
11842 0.343021 0.246846 0.410133
9874 0.771231 0.016664 0.212105
10534 0.123429 0.867910 0.008661
14855 0.021708 0.519312 0.458980
14625 0.567902 0.135990 0.296107
10380 0.873849 0.106067 0.020084
14613 0.432381 0.166977 0.400642
9252 0.410903 0.006052 0.583045
9265 0.105849 0.749072 0.145078
15116 0.050939 0.705736 0.243325
15063 0.049673 0.385937 0.564390
9429 0.138340 0.103764 0.757897
9505 0.583686 0.389274 0.027040
14818 0.087657 0.902801 0.009542
6391 0.191663 0.114472 0.693865
10924 0.019099 0.893739 0.087162
6360 0.254390 0.721905 0.023705
6372 0.074752 0.552398 0.372849
10904 0.348921 0.005354 0.645725
11399 0.100438 0.704871 0.194691
14575 0.465111 0.304356 0.230533
11369 0.472165 0.114190 0.413646
10255 0.168757 0.130038 0.701206
9268 0.064194 0.868563 0.067243
9868 0.687251 0.257327 0.055422
11541 0.074771 0.105048 0.820180
4745 0.359676 0.250582 0.389742
14767 0.692253 0.091521 0.216225
9536 0.042456 0.944110 0.013434
15135 0.698987 0.028372 0.272641
15170 0.709093 0.026955 0.263952
6196 0.744197 0.078063 0.177740
9528 0.352492 0.532651 0.114856
9288 0.895102 0.013019 0.091879
5766 0.022065 0.429358 0.548577
12823 0.330758 0.281969 0.387273
9414 0.261701 0.033546 0.704753
12579 0.177538 0.035853 0.786610
9612 0.099310 0.319623 0.581067
11262 0.001698 0.940261 0.058041
11772 0.572098 0.158995 0.268908
9675 0.064051 0.253200 0.682749
9625 0.134248 0.381274 0.484478
11329 0.415197 0.124951 0.459852
9590 0.257898 0.055283 0.686819
9650 0.124059 0.689679 0.186262
11335 0.089072 0.902465 0.008463
11328 0.349982 0.297491 0.352527
9606 0.671238 0.158730 0.170032
9662 0.145161 0.439479 0.415360
10006 0.125260 0.688582 0.186158
12321 0.028406 0.822535 0.149059
15849 0.096720 0.358740 0.544540
98 0.686710 0.244607 0.068682
11048 0.247939 0.108733 0.643328
5407 0.591543 0.236642 0.171815
19379 0.020127 0.953659 0.026214
10017 0.502323 0.220291 0.277386
7155 0.164945 0.516743 0.318312
11053 0.890064 0.060037 0.049899
11164 0.112478 0.616178 0.271344
6435 0.060266 0.421315 0.518418
5570 0.530232 0.118522 0.351245
10951 0.156059 0.691305 0.152636
9372 0.646526 0.348364 0.005110
10324 0.338830 0.444216 0.216954
9271 0.295819 0.467362 0.236819
14921 0.123244 0.513508 0.363248
10270 0.841315 0.033269 0.125416
11039 0.131637 0.341815 0.526549
11017 0.299969 0.644174 0.055857
175 0.485514 0.335793 0.178693
10974 0.847979 0.074269 0.077752
5366 0.278881 0.136372 0.584747
12712 0.359715 0.090295 0.549990
12662 0.248598 0.679809 0.071593
12656 0.776621 0.066454 0.156925
5703 0.050115 0.637974 0.311911
12593 0.645860 0.257357 0.096783
12590 0.173629 0.594545 0.231826
16618 0.093736 0.692676 0.213587
7113 0.602200 0.370183 0.027617
19346 0.422267 0.464923 0.112811
11829 0.056037 0.405283 0.538679
11157 0.158339 0.301606 0.540055
5607 0.641926 0.188087 0.169987
5393 0.050736 0.398356 0.550908
19594 0.709722 0.012598 0.277680
3028 0.506432 0.375622 0.117946
3241 0.049354 0.139594 0.811053
3097 0.080221 0.193580 0.726199
19588 0.883589 0.013252 0.103159
18700 0.008061 0.543222 0.448717
2998 0.245342 0.372261 0.382397
18666 0.289954 0.519935 0.190112
19604 0.212332 0.748538 0.039130
18689 0.601485 0.266496 0.132019
18690 0.349094 0.569590 0.081316
18675 0.395469 0.166106 0.438425
18696 0.237949 0.387235 0.374816
18812 0.334751 0.147764 0.517486
3158 0.688358 0.230990 0.080652
18718 0.369276 0.333180 0.297544
18814 0.293784 0.575830 0.130386
18721 0.612667 0.201336 0.185997
18816 0.376422 0.244519 0.379060
15546 0.195076 0.253604 0.551320
7247 0.188495 0.772653 0.038852
15550 0.322590 0.538728 0.138682
9940 0.293873 0.654717 0.051410
19216 0.358686 0.246756 0.394558
17633 0.018725 0.223698 0.757577
20601 0.027885 0.414044 0.558070
8456 0.009203 0.956583 0.034214
3817 0.148534 0.181596 0.669870
4831 0.331223 0.269712 0.399065
3916 0.143461 0.649527 0.207012
19530 0.295765 0.640388 0.063847
4867 0.065932 0.015406 0.918662
19796 0.691480 0.096822 0.211698
19432 0.377567 0.615666 0.006767
7186 0.483665 0.082619 0.433716
7072 0.150121 0.213251 0.636628
19279 0.510082 0.484270 0.005648
19463 0.722157 0.244209 0.033635
19208 0.046787 0.949320 0.003893
7210 0.286789 0.372306 0.340905
19471 0.203343 0.239974 0.556683
19467 0.248492 0.352846 0.398663
19199 0.336605 0.295299 0.368095
19195 0.209364 0.732691 0.057945
19478 0.780968 0.181211 0.037821
7234 0.663569 0.068991 0.267440
6938 0.414741 0.043306 0.541953
19275 0.122101 0.645946 0.231953
19286 0.902676 0.037174 0.060150
19719 0.038876 0.600377 0.360746
19288 0.354258 0.196088 0.449653
19192 0.277109 0.577983 0.144908
6986 0.386263 0.504948 0.108789
6990 0.328516 0.404745 0.266739
4886 0.488976 0.004879 0.506146
7026 0.555702 0.038396 0.405902
19241 0.023396 0.676121 0.300483
4946 0.417553 0.298722 0.283725
7099 0.804769 0.093696 0.101535
19237 0.500467 0.069074 0.430459
19652 0.110051 0.710503 0.179447
19341 0.120434 0.405658 0.473908
15554 0.110070 0.818946 0.070985
20587 0.067226 0.889056 0.043718
20561 0.522822 0.235315 0.241863
3184 0.834824 0.084838 0.080338
3180 0.232041 0.202207 0.565752
20782 0.028540 0.520536 0.450925
18655 0.386181 0.449529 0.164290
9196 0.677756 0.019078 0.303166
2747 0.126803 0.062875 0.810323
2744 0.307741 0.312157 0.380102
13254 0.171488 0.766908 0.061603
18981 0.155906 0.006755 0.837339
21039 0.149747 0.026043 0.824210
18920 0.015748 0.859296 0.124957
2874 0.022021 0.745010 0.232968
13824 0.061014 0.093190 0.845796
3737 0.627796 0.183778 0.188426
3716 0.203550 0.113704 0.682746
20638 0.150078 0.477546 0.372376
2875 0.120775 0.464089 0.415136
18939 0.616860 0.241017 0.142123
20642 0.859570 0.115565 0.024864
21042 0.050649 0.260574 0.688777
21037 0.145416 0.293685 0.560899
3649 0.656453 0.062272 0.281275
3637 0.115971 0.360551 0.523477
20728 0.114346 0.181786 0.703868
20734 0.133274 0.126009 0.740717
3203 0.859354 0.112148 0.028497
20768 0.791464 0.166564 0.041972
3196 0.598947 0.332101 0.068952
3212 0.010301 0.392796 0.596904
21047 0.134086 0.729420 0.136493
3848 0.426154 0.018205 0.555642
20503 0.133025 0.588859 0.278116
20591 0.101623 0.668643 0.229734
20627 0.181206 0.799616 0.019177
20544 0.857490 0.109441 0.033069
3262 0.079722 0.439476 0.480801
18749 0.552721 0.015720 0.431559
13098 0.313457 0.642117 0.044426
19397 0.023167 0.910932 0.065901
5751 0.288658 0.651591 0.059751
13849 0.713784 0.202091 0.084125
2728 0.769147 0.157596 0.073258
19089 0.324436 0.565262 0.110302
20665 0.077266 0.150182 0.772552
21044 0.148407 0.390556 0.461036
3789 0.528203 0.138453 0.333343
3705 0.539960 0.431541 0.028499
18523 0.107819 0.250737 0.641444
2677 0.713336 0.145405 0.141258
20799 0.219777 0.569995 0.210228
18511 0.342566 0.075618 0.581816
2734 0.855645 0.043173 0.101182
2905 0.437220 0.555974 0.006806
2889 0.121917 0.299415 0.578668
2891 0.016677 0.091907 0.891416
2657 0.159620 0.300681 0.539699
19035 0.327649 0.313878 0.358473
2785 1.000000 0.000000 0.000000
20480 0.089310 0.195807 0.714883
19059 0.226670 0.141169 0.632161
12620 0.637571 0.067972 0.294457
19793 0.670522 0.189955 0.139523
14423 0.624500 0.262243 0.113257
16627 0.303377 0.128795 0.567829
12613 0.082347 0.421519 0.496135
4823 0.727479 0.049038 0.223483
14517 0.418142 0.306680 0.275178
19543 0.804395 0.016854 0.178751
19519 0.254364 0.158571 0.587066
14509 0.108420 0.189454 0.702125
18634 0.752476 0.243639 0.003885
18555 0.546016 0.386499 0.067485
2756 0.603363 0.178026 0.218611
2774 0.103726 0.126278 0.769996
19032 0.011418 0.374352 0.614230
18620 0.500877 0.416495 0.082627
2693 0.348686 0.132038 0.519276
12626 0.302475 0.306364 0.391162
5683 0.659100 0.331443 0.009457
5752 0.116811 0.018934 0.864255
19064 0.697428 0.218554 0.084018
18627 0.386935 0.502609 0.110456
18801 0.033499 0.394775 0.571726
18738 0.199435 0.338555 0.462010
18744 0.650633 0.062204 0.287163
3288 0.617767 0.117194 0.265040
3151 0.937966 0.000640 0.061394
19542 0.158294 0.064087 0.777619
19808 0.775514 0.011539 0.212947
3954 0.376473 0.321412 0.302115
4920 0.801857 0.080845 0.117298
5740 0.586717 0.391514 0.021769
19566 0.064782 0.623477 0.311740
3396 0.024724 0.625544 0.349732
20988 0.065634 0.850758 0.083608
3459 0.507997 0.057189 0.434814
18709 0.175746 0.316451 0.507802
19578 0.654986 0.202774 0.142239
3122 0.612542 0.168312 0.219146
18720 0.519695 0.297740 0.182565
3130 0.358794 0.305686 0.335520
19617 0.365361 0.201773 0.432866
20658 0.229841 0.315496 0.454663
7926 0.210287 0.747156 0.042557
19390 0.664783 0.327200 0.008017
16856 0.022908 0.091263 0.885828
19748 0.374400 0.450748 0.174853
19484 0.270457 0.357847 0.371696
3380 0.101858 0.583672 0.314470
2683 0.055841 0.418972 0.525187
3569 0.499922 0.029722 0.470356
3622 0.139355 0.352917 0.507728
3545 0.270818 0.091508 0.637674
3536 0.006281 0.807041 0.186678
15691 0.435856 0.089891 0.474254
21130 0.510679 0.072311 0.417010
3381 0.155642 0.163928 0.680430
2960 0.497666 0.402446 0.099888
2963 0.083001 0.275403 0.641596
21114 0.534722 0.391710 0.073568
3498 0.084315 0.433269 0.482416
3489 0.760109 0.150140 0.089751
20949 0.805818 0.078157 0.116024
20924 0.111705 0.797012 0.091283
15577 0.662699 0.102424 0.234878
15570 0.073324 0.622999 0.303677
10188 0.095445 0.586761 0.317794
10173 0.074726 0.732690 0.192584
3531 0.104010 0.862153 0.033837
3582 0.622731 0.358480 0.018789
3884 0.268790 0.405606 0.325603
12495 0.509988 0.204585 0.285427
6874 0.290972 0.482087 0.226941
6874 0.530349 0.462923 0.006728
12495 0.829974 0.096807 0.073219
6880 0.396644 0.192639 0.410716
6881 0.498170 0.398195 0.103634
6667 0.209259 0.391201 0.399540
6871 0.249856 0.508632 0.241511
12224 0.501849 0.072387 0.425764
6854 0.030194 0.891943 0.077862
6805 0.537839 0.044106 0.418055
6808 0.934100 0.043104 0.022796
12404 0.929173 0.062662 0.008166
12369 0.005060 0.794663 0.200277
7646 0.063157 0.812667 0.124176
11986 0.286833 0.073696 0.639471
11979 0.012123 0.965144 0.022733
12278 0.250554 0.466043 0.283403
6660 0.149522 0.582946 0.267532
12295 0.089984 0.672671 0.237345
6659 0.717194 0.043483 0.239324
11988 0.613166 0.175678 0.211155
11931 0.269398 0.056526 0.674076
12276 0.824910 0.032109 0.142981
12287 0.032250 0.683483 0.284267
6874 0.007165 0.693377 0.299458
6877 0.174634 0.716870 0.108495
12267 0.257072 0.224912 0.518016
12267 0.038525 0.273709 0.687766
6868 0.046640 0.937905 0.015455
12495 0.249642 0.467899 0.282459
12278 0.192466 0.015612 0.791921
12538 0.156669 0.480682 0.362648
12259 0.650516 0.000000 0.349484
6879 0.023799 0.825949 0.150252
12263 0.043688 0.239991 0.716321
6905 0.342042 0.299984 0.357974
12544 0.367086 0.124821 0.508093
6662 0.819245 0.066947 0.113807
6650 0.416200 0.436359 0.147441
12542 0.166101 0.052046 0.781853
11911 0.053253 0.134107 0.812640
12153 0.094399 0.079838 0.825764
6735 0.613592 0.303342 0.083066
12192 0.149072 0.599005 0.251924
12191 0.026640 0.669112 0.304248
6610 0.103947 0.096266 0.799787
11898 0.805026 0.028683 0.166291
7862 0.669556 0.175563 0.154881
7909 0.106316 0.520951 0.372733
12017 0.407212 0.269916 0.322871
12166 0.927317 0.018514 0.054169
12203 0.267624 0.481407 0.250969
7905 0.167295 0.147822 0.684883
7874 0.330271 0.254271 0.415459
7760 0.235259 0.059867 0.704874
12187 0.186174 0.249217 0.564610
11755 0.212857 0.052541 0.734602
11781 0.010675 0.746050 0.243275
12087 0.208045 0.242834 0.549121
11800 0.037403 0.777084 0.185513
7902 0.052950 0.135000 0.812050
6109 0.251447 0.576542 0.172012
11763 0.093854 0.478453 0.427693
11787 0.173057 0.028591 0.798352
12497 0.033170 0.813657 0.153173
12495 0.178272 0.114267 0.707461
12498 0.221536 0.372331 0.406133
6930 0.241919 0.310491 0.447590
6927 0.459320 0.201434 0.339246
12478 0.328900 0.514328 0.156772
6910 0.000000 0.122217 0.877783
12498 0.287275 0.484422 0.228303
12497 0.340522 0.478671 0.180808
12422 0.691405 0.057568 0.251027
6868 0.120115 0.041033 0.838851
12263 0.289273 0.661339 0.049388
12537 0.024349 0.475807 0.499844
6661 0.192873 0.154595 0.652532
6911 0.513456 0.117796 0.368747
6661 0.053391 0.233319 0.713289
12538 0.430841 0.552721 0.016437
12497 0.300432 0.199835 0.499733
12486 0.800588 0.143194 0.056218
12477 0.319764 0.634052 0.046185
12480 0.914936 0.026890 0.058173
12524 0.432537 0.011922 0.555541
6910 0.589735 0.128170 0.282095
12529 0.528100 0.171831 0.300069
6881 0.390220 0.256936 0.352843
6860 0.325348 0.264914 0.409737
12498 0.037679 0.169630 0.792691
12498 0.126067 0.517704 0.356228
6861 0.012403 0.758043 0.229553
12263 0.952339 0.033476 0.014185
12461 0.291103 0.345573 0.363324
12290 0.009394 0.975594 0.015012
12293 0.480285 0.384728 0.134987
12497 0.578294 0.308531 0.113175
6846 0.004340 0.630409 0.365251
6901 0.796360 0.030874 0.172766
6894 0.222650 0.364237 0.413114
12505 0.474494 0.133737 0.391770
7730 0.076323 0.696152 0.227525
6921 0.305228 0.672844 0.021928
12539 0.399894 0.221115 0.378991
12445 0.122517 0.070095 0.807388
6605 0.006747 0.176969 0.816284
12387 0.095259 0.427908 0.476833
6728 0.184919 0.161355 0.653725
12420 0.518733 0.034109 0.447158
6864 0.047570 0.353074 0.599356
12544 0.092998 0.863157 0.043845
12291 0.366242 0.545171 0.088587
12383 0.349128 0.494924 0.155949
6654 0.374604 0.087478 0.537918
6658 0.309075 0.173486 0.517439
6659 0.010720 0.064336 0.924944
12295 0.196651 0.740732 0.062618
12278 0.137518 0.356385 0.506097
6882 0.291427 0.547727 0.160846
12275 0.511589 0.083090 0.405320
6627 0.154827 0.129577 0.715596
11979 0.155177 0.635331 0.209492
12401 0.073366 0.381195 0.545439
6809 0.563348 0.029465 0.407188
12385 0.279957 0.322083 0.397960
6629 0.287086 0.002315 0.710599
12343 0.774580 0.045345 0.180076
6656 0.517944 0.160198 0.321857
6651 0.084868 0.245888 0.669245
6651 0.106640 0.534105 0.359255
6651 0.188339 0.720322 0.091339
12383 0.058120 0.388194 0.553686
12384 0.163122 0.387740 0.449138
12385 0.475780 0.263335 0.260885
6627 0.331256 0.081242 0.587502
6627 0.461416 0.235987 0.302597
6784 0.262639 0.406709 0.330652
12370 0.185849 0.489422 0.324729
2760 0.642563 0.048353 0.309084
2724 0.032266 0.331220 0.636515
3700 0.849186 0.059362 0.091452
3727 0.378009 0.036724 0.585267
3061 0.078113 0.733713 0.188173
19494 0.615994 0.239699 0.144307
8907 0.923541 0.038551 0.037908
3852 0.033351 0.902419 0.064229
7052 0.587153 0.266011 0.146836
19298 0.053810 0.154552 0.791638
7091 0.539359 0.450878 0.009763
19260 0.815374 0.146857 0.037769
19412 0.206603 0.177539 0.615859
19806 0.443678 0.223655 0.332668
3794 0.286979 0.004969 0.708052
20521 0.262709 0.678307 0.058983
5662 0.717033 0.075613 0.207354
3075 0.238686 0.098882 0.662433
3697 0.167529 0.048269 0.784202
3885 0.400971 0.291885 0.307144
20487 0.348682 0.044110 0.607208
20478 0.066782 0.277931 0.655287
3893 0.404142 0.277818 0.318039
3457 0.372776 0.419805 0.207419
3456 1.000000 0.000000 0.000000
3452 0.000000 0.721388 0.278612
3452 0.000000 0.712244 0.287756
21004 0.083699 0.678296 0.238005
20987 0.121323 0.133662 0.745015
3385 0.286889 0.116246 0.596865
21100 0.012451 0.561472 0.426077
3429 0.335947 0.394702 0.269351
3463 0.108023 0.129572 0.762405
3398 0.000000 1.000000 0.000000
7397 0.158327 0.136867 0.704807
12992 0.166980 0.537610 0.295410
7357 0.093713 0.734896 0.171390
7826 0.468415 0.279955 0.251631
7389 0.342799 0.168231 0.488970
7799 0.032066 0.119496 0.848439
13008 0.551017 0.194634 0.254349
7426 0.340325 0.458616 0.201059
13056 0.166226 0.609210 0.224565
13050 0.342631 0.388693 0.268676
7516 0.064726 0.549069 0.386205
12931 0.024053 0.125965 0.849982
13002 0.209587 0.014677 0.775736
7286 0.612085 0.373330 0.014585
7495 0.376338 0.036077 0.587586
13045 0.238221 0.459132 0.302647
10843 0.052751 0.657831 0.289418
10609 0.453935 0.272217 0.273848
10886 0.235452 0.147072 0.617476
6513 0.609482 0.080566 0.309953
10814 0.102678 0.683951 0.213370
6063 0.165509 0.393971 0.440520
11646 0.073873 0.339976 0.586151
10788 0.810350 0.187246 0.002404
10787 0.561038 0.309233 0.129729
11598 0.598804 0.336487 0.064709
5959 0.460389 0.385048 0.154562
11659 0.724098 0.233020 0.042882
11717 0.189611 0.145064 0.665325
