17819 0.695572 0.233288 0.071140
17815 0.216832 0.198361 0.584807
4764 0.225290 0.440977 0.333733
17761 0.349256 0.012090 0.638654
17757 0.252913 0.010734 0.736353
17328 0.509890 0.293169 0.196941
17806 0.100384 0.283377 0.616239
5121 0.696025 0.271996 0.031980
17789 0.302987 0.255430 0.441584
5150 0.667572 0.010525 0.321903
17793 0.646376 0.284307 0.069317
13659 0.716121 0.078222 0.205657
522 0.465353 0.215098 0.319548
16550 0.276730 0.633267 0.090003
17661 0.736361 0.187292 0.076346
17641 0.418442 0.440482 0.141076
17627 0.145808 0.372084 0.482108
4642 0.122474 0.829375 0.048151
4656 0.098153 0.813135 0.088712
4652 0.658460 0.264533 0.077008
17637 0.597783 0.358982 0.043235
17580 0.742105 0.089495 0.168400
4762 0.616023 0.047415 0.336562
4755 0.866546 0.039067 0.094387
4752 0.138729 0.666152 0.195119
10703 0.488676 0.089273 0.422051
19393 0.655389 0.047317 0.297294
7170 0.514872 0.172219 0.312909
10067 0.609016 0.134458 0.256526
15639 0.805497 0.178081 0.016423
17512 0.509406 0.026747 0.463848
17516 0.287871 0.648795 0.063334
4767 0.108089 0.507771 0.384140
17568 0.739911 0.221258 0.038831
5197 0.024483 0.748121 0.227396
16885 0.185535 0.375406 0.439060
15854 0.556401 0.280589 0.163011
17572 0.518863 0.381907 0.099229
4707 0.143285 0.511993 0.344722
17542 0.491064 0.252331 0.256605
17545 0.070034 0.309745 0.620221
4737 0.139532 0.321388 0.539080
1872 0.796999 0.179184 0.023818
1882 0.036111 0.032346 0.931543
17556 0.144161 0.175244 0.680596
17807 0.200202 0.691223 0.108575
17773 0.482847 0.208481 0.308672
5173 0.306588 0.043452 0.649960
5169 0.247140 0.547360 0.205500
5165 0.525245 0.250913 0.223843
17754 0.211324 0.224955 0.563721
5190 0.189560 0.193952 0.616488
5186 0.267623 0.198578 0.533800
5182 0.410680 0.230065 0.359256
5161 0.357931 0.445469 0.196601
17812 0.311895 0.472990 0.215115
5132 0.554038 0.227482 0.218481
17820 0.704675 0.144891 0.150434
5119 0.141281 0.023709 0.835010
5136 0.083221 0.080172 0.836607
17795 0.128872 0.800036 0.071092
17799 0.059317 0.667015 0.273668
5144 0.068885 0.759152 0.171963
16660 0.267069 0.136507 0.596424
479 0.495861 0.488779 0.015360
17472 0.588684 0.391526 0.019790
4176 0.074888 0.878126 0.046986
17251 0.333916 0.194008 0.472076
5114 0.133448 0.666400 0.200152
17231 0.409773 0.508747 0.081480
18300 0.255474 0.556380 0.188146
18251 0.694443 0.250900 0.054657
4127 0.159669 0.182352 0.657979
4228 0.088625 0.624796 0.286579
299 0.590981 0.174345 0.234674
16894 0.071355 0.307165 0.621480
106 0.030664 0.111223 0.858113
292 0.314376 0.118549 0.567075
17467 0.251138 0.246466 0.502395
17372 0.702081 0.225276 0.072643
17484 0.009809 0.075929 0.914261
5138 0.528336 0.024262 0.447402
17670 0.345649 0.193308 0.461043
17676 0.544439 0.396205 0.059355
5265 0.115351 0.010402 0.874248
5269 0.541385 0.400772 0.057843
5240 0.247751 0.216074 0.536175
5215 0.416217 0.032083 0.551701
4235 0.402920 0.344883 0.252196
4276 0.763553 0.082620 0.153827
5206 0.650311 0.349689 0.000000
4256 0.363730 0.540844 0.095425
17422 0.273252 0.244453 0.482295
4202 0.072632 0.348941 0.578427
4198 0.077202 0.266633 0.656165
17457 0.735698 0.102109 0.162194
4168 0.879905 0.118447 0.001648
17684 0.051056 0.465611 0.483333
5248 0.293318 0.172235 0.534447
17696 0.222006 0.586161 0.191833
5255 0.415224 0.445137 0.139639
5200 0.064467 0.784420 0.151113
776 0.616296 0.174860 0.208844
5276 0.026777 0.917742 0.055481
5272 0.181250 0.127144 0.691607
5268 0.051240 0.637682 0.311079
803 0.000000 0.571158 0.428842
16456 0.069753 0.442021 0.488226
807 0.413434 0.424891 0.161675
16257 0.382836 0.615318 0.001846
914 0.792575 0.138770 0.068655
4471 0.243453 0.627305 0.129241
4532 0.238911 0.183772 0.577316
18430 0.745431 0.003423 0.251146
17439 0.315485 0.307259 0.377257
4172 0.517076 0.163032 0.319892
4174 0.326909 0.561941 0.111150
4178 0.229894 0.685491 0.084615
4086 0.043491 0.119733 0.836776
5056 0.542876 0.264227 0.192898
17253 0.489739 0.373911 0.136350
17288 0.523966 0.129009 0.347025
5006 0.140542 0.408969 0.450489
5094 0.280630 0.293260 0.426110
5117 0.476828 0.238515 0.284657
17318 0.124738 0.804935 0.070327
17292 0.063629 0.262980 0.673391
5023 0.062961 0.047211 0.889829
5027 0.233674 0.087844 0.678481
5030 0.274904 0.145425 0.579671
17646 0.358293 0.159318 0.482390
4966 0.298125 0.096198 0.605677
17308 0.116595 0.639824 0.243580
4981 0.702280 0.256962 0.040758
17299 0.060498 0.057442 0.882060
17313 0.247922 0.741600 0.010478
4957 0.244650 0.223090 0.532261
17830 0.018159 0.729480 0.252361
17190 0.178858 0.389136 0.432006
5084 0.073913 0.781064 0.145022
5088 0.457002 0.441306 0.101692
17196 0.056348 0.462774 0.480878
4991 0.230009 0.599420 0.170571
5096 0.146895 0.267799 0.585306
5110 0.453164 0.197262 0.349575
17183 0.590423 0.290747 0.118830
5101 0.325369 0.295926 0.378705
17244 0.027499 0.712733 0.259768
5211 0.292805 0.065026 0.642170
5060 0.003752 0.060403 0.935844
5047 0.414772 0.244222 0.341007
3966 0.303419 0.031045 0.665536
18322 0.001635 0.366802 0.631563
17220 0.102317 0.792027 0.105656
17228 0.091625 0.594307 0.314068
17216 0.131430 0.262129 0.606441
18230 0.491851 0.024357 0.483791
4455 0.269228 0.384914 0.345857
18419 0.071259 0.594611 0.334129
4468 0.042078 0.533847 0.424074
911 0.235855 0.327534 0.436611
4141 0.450392 0.082662 0.466946
4134 0.419746 0.226071 0.354182
4130 0.648589 0.179206 0.172205
17461 0.117504 0.665426 0.217070
17478 0.026621 0.573272 0.400107
17463 0.984542 0.003323 0.012135
17476 0.025264 0.904959 0.069778
4131 0.804533 0.134426 0.061041
4136 0.600739 0.385715 0.013547
17417 0.429587 0.241183 0.329230
16023 0.496422 0.456685 0.046894
17367 0.102347 0.371051 0.526602
17363 0.230442 0.230343 0.539215
17359 0.179912 0.588553 0.231535
17374 0.154238 0.537030 0.308732
17473 0.039944 0.594389 0.365667
4277 0.120511 0.621065 0.258425
17348 0.509605 0.194019 0.296376
4285 0.038783 0.367797 0.593420
17340 0.338853 0.118747 0.542400
4153 0.536024 0.463976 0.000000
4212 0.476592 0.324037 0.199371
4287 0.142551 0.802052 0.055397
4283 0.200282 0.776210 0.023508
17401 0.063788 0.574627 0.361585
4250 0.052240 0.373619 0.574141
4239 0.510923 0.241753 0.247324
4243 0.226671 0.220760 0.552569
4229 0.026568 0.955310 0.018121
18245 0.062582 0.574957 0.362461
18260 0.653273 0.217872 0.128855
4009 0.653733 0.020008 0.326259
18274 0.136983 0.428540 0.434477
4014 0.228273 0.545895 0.225831
4000 0.014150 0.582707 0.403142
4024 0.088820 0.642422 0.268757
4003 0.830262 0.079021 0.090718
4027 0.572325 0.065507 0.362169
4034 0.356760 0.154855 0.488384
18180 0.348445 0.429968 0.221587
18196 0.625733 0.204756 0.169511
18192 0.838325 0.013319 0.148356
4042 0.088390 0.114814 0.796795
18240 0.214461 0.605506 0.180033
4049 0.197989 0.785012 0.017000
4121 0.140189 0.328463 0.531348
4058 0.234528 0.738977 0.026495
18219 0.225001 0.645685 0.129314
18204 0.150695 0.746387 0.102918
18208 0.097333 0.506020 0.396647
18212 0.300777 0.383378 0.315845
18216 0.406324 0.158363 0.435313
18324 0.198821 0.041481 0.759698
17022 0.570853 0.164172 0.264975
18435 0.327316 0.610216 0.062469
18439 0.153017 0.540435 0.306548
18443 0.058430 0.335709 0.605860
18427 0.015893 0.071391 0.912716
4503 0.275778 0.698767 0.025455
4499 0.233486 0.459049 0.307465
18413 0.479293 0.136701 0.384005
4526 0.366852 0.499896 0.133253
18447 0.129025 0.847584 0.023391
4487 0.374060 0.415263 0.210677
18471 0.496480 0.347176 0.156344
18474 0.066713 0.655885 0.277401
18452 0.273254 0.532379 0.194367
936 0.450307 0.428073 0.121621
942 0.432568 0.502652 0.064780
17113 0.674481 0.059249 0.266271
568 0.321110 0.327899 0.350991
4466 0.665287 0.273307 0.061407
18056 0.118695 0.232139 0.649166
18041 0.309388 0.659422 0.031190
18467 0.062188 0.681269 0.256543
18350 0.163255 0.204728 0.632017
4539 0.112277 0.029092 0.858631
18385 0.022398 0.683434 0.294168
4510 0.454219 0.542261 0.003521
4523 0.013616 0.917495 0.068889
18037 0.469205 0.463761 0.067034
17096 0.035429 0.883318 0.081253
17097 0.313833 0.250710 0.435457
535 0.182658 0.130336 0.687006
511 0.106817 0.000040 0.893143
18337 0.326945 0.042253 0.630802
15907 0.264473 0.483322 0.252206
624 0.329428 0.647099 0.023473
18334 0.330648 0.154297 0.515055
18388 0.243202 0.585621 0.171177
17042 0.238989 0.741735 0.019276
18145 0.263725 0.439425 0.296850
18149 0.407364 0.571050 0.021586
832 0.371334 0.520963 0.107703
888 0.726727 0.225765 0.047508
18119 0.188892 0.710731 0.100377
18123 0.354102 0.395035 0.250864
858 0.129994 0.738948 0.131057
18141 0.293481 0.105110 0.601408
850 0.069559 0.491652 0.438789
853 0.563516 0.033497 0.402986
4604 0.225965 0.037090 0.736945
4591 0.272881 0.676227 0.050892
17938 0.085460 0.710784 0.203756
18404 0.096313 0.864651 0.039036
4570 0.743101 0.171133 0.085766
4554 0.368580 0.404874 0.226546
4540 0.794279 0.029065 0.176656
4616 0.157078 0.416997 0.425926
18382 0.057603 0.303777 0.638620
18396 0.337272 0.390762 0.271966
18380 0.808720 0.137047 0.054233
4434 0.216248 0.566490 0.217262
18387 0.714559 0.179418 0.106023
4542 0.303585 0.478883 0.217532
4571 0.173212 0.407260 0.419528
4457 0.148635 0.653328 0.198038
4547 0.120240 0.737792 0.141968
18372 0.712392 0.114421 0.173187
4564 0.258243 0.572159 0.169598
4551 0.056140 0.533025 0.410836
4367 0.099106 0.474030 0.426865
4355 0.188440 0.485945 0.325615
4350 0.330895 0.310117 0.358988
4353 0.303931 0.135743 0.560326
4359 0.441534 0.400609 0.157857
4346 0.114199 0.358818 0.526983
4338 0.198618 0.426562 0.374820
4334 0.389643 0.148123 0.462234
4363 0.294971 0.183710 0.521319
4332 0.229963 0.295675 0.474362
4329 0.624621 0.124322 0.251057
4317 0.765413 0.008177 0.226410
4307 0.211645 0.506435 0.281919
4295 0.127893 0.394859 0.477249
17963 0.338933 0.628796 0.032271
17851 0.279339 0.644191 0.076469
17985 0.310784 0.171482 0.517734
4299 0.373398 0.307970 0.318632
4328 0.138447 0.299533 0.562020
17912 0.292649 0.057155 0.650196
17865 0.512161 0.037073 0.450765
17836 0.714907 0.006855 0.278238
17845 0.214831 0.083483 0.701686
17858 0.515544 0.320172 0.164285
4416 0.329858 0.506747 0.163395
4446 0.116801 0.758707 0.124491
17892 0.835539 0.096464 0.067997
17854 0.007020 0.479333 0.513648
17866 0.197597 0.553353 0.249050
4450 0.084993 0.815355 0.099652
17864 0.506444 0.464060 0.029496
4452 0.675397 0.141587 0.183016
17846 0.309800 0.498687 0.191513
4427 0.331639 0.364728 0.303632
4380 0.486286 0.047537 0.466177
4406 0.006790 0.918719 0.074490
17887 0.506329 0.107594 0.386077
4430 0.238505 0.484330 0.277165
17905 0.027948 0.136517 0.835536
4410 0.702010 0.119746 0.178245
4386 0.054701 0.741927 0.203372
4382 0.068506 0.775961 0.155533
899 0.962498 0.037502 0.000000
18115 0.196282 0.157362 0.646356
18107 0.249088 0.385301 0.365611
903 0.056107 0.717049 0.226844
18088 0.388394 0.267183 0.344424
18093 0.173738 0.304129 0.522133
18106 0.474544 0.246261 0.279195
18095 0.616543 0.051067 0.332389
18013 0.578909 0.268309 0.152782
18060 0.075015 0.093252 0.831734
933 0.865951 0.000000 0.134049
18454 0.612408 0.060997 0.326595
906 0.201572 0.283568 0.514860
959 0.369072 0.068492 0.562436
958 0.282056 0.020464 0.697480
18030 0.304977 0.104216 0.590806
17032 0.099207 0.628170 0.272623
17077 0.198014 0.682240 0.119746
625 0.294356 0.228209 0.477435
612 0.430745 0.095180 0.474075
493 0.014090 0.985910 0.000000
948 0.029655 0.626648 0.343697
16840 0.068964 0.587687 0.343349
942 0.000000 0.868152 0.131848
551 0.274005 0.530656 0.195339
18048 0.049827 0.640589 0.309584
18467 0.021961 0.657225 0.320814
908 0.328133 0.609732 0.062134
17123 0.371421 0.540389 0.088190
17089 0.660488 0.033027 0.306485
17114 0.453975 0.385224 0.160801
937 0.179871 0.343706 0.476424
1231 0.464216 0.487178 0.048606
16503 0.535271 0.422599 0.042130
16196 0.330659 0.459752 0.209589
765 0.597445 0.060753 0.341802
16253 0.099337 0.559958 0.340705
16205 0.200156 0.525538 0.274306
16209 0.168549 0.594444 0.237006
791 0.332427 0.657692 0.009881
787 0.031694 0.606998 0.361307
801 0.118387 0.383826 0.497787
16316 0.039285 0.954981 0.005734
16315 0.326145 0.205606 0.468249
677 0.600402 0.210141 0.189457
16222 0.352508 0.120757 0.526735
4159 0.463014 0.387983 0.149003
17371 0.489927 0.351510 0.158563
17484 0.051503 0.094013 0.854483
730 0.305741 0.420492 0.273767
4258 0.047059 0.368973 0.583968
16267 0.077882 0.664476 0.257642
4162 0.916750 0.083250 0.000000
17370 0.747482 0.077820 0.174699
16300 0.127029 0.562370 0.310601
16244 0.675533 0.216465 0.108002
672 0.482411 0.452454 0.065135
675 0.276410 0.607546 0.116043
679 0.177881 0.558500 0.263619
16310 0.827117 0.052503 0.120380
16319 0.371478 0.093636 0.534885
16241 0.519743 0.163837 0.316421
693 0.189779 0.248846 0.561375
16307 0.164057 0.532416 0.303527
740 0.186017 0.382894 0.431090
16313 0.087960 0.367583 0.544457
683 0.104004 0.833597 0.062399
16259 0.397180 0.539888 0.062932
741 0.821004 0.059439 0.119557
16250 0.825277 0.039740 0.134983
16183 0.523103 0.404278 0.072619
775 0.534504 0.061933 0.403563
818 0.061767 0.244590 0.693644
1210 0.115361 0.270853 0.613786
1169 0.009143 0.215396 0.775461
16448 0.034477 0.410658 0.554865
16500 0.384419 0.050710 0.564871
16345 0.135504 0.061770 0.802726
16247 0.062452 0.462567 0.474982
753 0.033620 0.783200 0.183180
16431 0.001184 0.065739 0.933077
16435 0.176952 0.616751 0.206296
16446 0.543502 0.078600 0.377898
1196 0.418775 0.060539 0.520685
1224 0.415150 0.383538 0.201312
1227 0.635633 0.254742 0.109625
16457 0.572337 0.222654 0.205008
1159 0.329928 0.123341 0.546731
16299 0.579340 0.395804 0.024856
16235 0.400094 0.270765 0.329141
16270 0.228190 0.450887 0.320923
16295 0.252937 0.743706 0.003357
16291 0.344550 0.636869 0.018581
714 0.771554 0.172963 0.055483
16286 0.676385 0.112606 0.211009
931 0.148408 0.359518 0.492074
1229 0.173151 0.525801 0.301048
1159 0.548493 0.131961 0.319546
16299 0.390260 0.356296 0.253444
770 0.339363 0.359984 0.300653
721 0.082885 0.238117 0.678998
1185 0.844760 0.040675 0.114565
16366 0.143058 0.503532 0.353410
16474 0.677936 0.246384 0.075680
1178 0.019355 0.532524 0.448121
1287 0.540636 0.165728 0.293636
1286 0.197120 0.419255 0.383625
16470 0.679362 0.305134 0.015504
16482 0.542750 0.375712 0.081538
16370 0.431008 0.450086 0.118907
1157 0.000000 0.421809 0.578191
16479 0.071299 0.282601 0.646100
16369 0.222224 0.502081 0.275695
1187 0.405253 0.183286 0.411460
16357 0.477706 0.413416 0.108878
16410 0.591096 0.403335 0.005569
1249 0.015797 0.020800 0.963404
16365 0.016114 0.973038 0.010849
1278 0.169535 0.179871 0.650594
16386 0.738127 0.103196 0.158677
16469 0.123650 0.552451 0.323900
1316 0.076535 0.290463 0.633002
1301 0.458327 0.333820 0.207854
1241 0.827669 0.000000 0.172331
16778 0.069691 0.577050 0.353259
16790 0.338914 0.567958 0.093128
17005 0.798282 0.121851 0.079867
299 0.399401 0.482708 0.117891
17384 0.160312 0.433079 0.406609
4126 0.251649 0.504676 0.243675
313 0.152358 0.037079 0.810563
991 0.377757 0.041536 0.580707
1010 0.578529 0.165366 0.256105
15979 0.033331 0.539546 0.427124
15983 0.207950 0.326461 0.465589
1017 0.226211 0.670367 0.103422
14077 0.887195 0.059392 0.053413
14046 0.034198 0.852112 0.113690
15871 0.043439 0.054824 0.901737
15875 0.070320 0.427432 0.502247
1126 0.281201 0.018880 0.699919
15883 0.436715 0.097188 0.466097
15887 0.299075 0.429253 0.271672
1114 0.687693 0.298879 0.013428
15860 0.606113 0.376454 0.017432
1141 0.171935 0.727789 0.100277
15866 0.658642 0.301901 0.039457
1136 0.168831 0.701392 0.129777
15989 0.086025 0.567719 0.346256
1012 0.030151 0.333049 0.636801
1071 0.059687 0.855923 0.084390
15928 0.888881 0.041448 0.069671
1073 0.759423 0.183411 0.057166
15909 0.163751 0.206999 0.629250
15886 0.129246 0.007124 0.863630
15868 0.142023 0.093221 0.764756
15853 0.373758 0.014965 0.611277
16078 0.258634 0.602315 0.139052
17147 0.183278 0.216422 0.600300
16893 0.558983 0.239910 0.201108
239 0.458735 0.507325 0.033939
241 0.160284 0.443823 0.395892
17128 0.650118 0.032269 0.317613
17152 0.303889 0.622866 0.073246
329 0.689379 0.243418 0.067203
1093 0.217817 0.435212 0.346971
17062 0.463734 0.442200 0.094066
16839 0.150571 0.197172 0.652257
337 0.202173 0.560443 0.237385
17384 0.566928 0.269521 0.163551
312 0.584569 0.415431 0.000000
16838 0.399568 0.582278 0.018155
16945 0.297550 0.091831 0.610619
16949 0.372972 0.183149 0.443879
52 0.246053 0.225130 0.528817
55 0.309945 0.638467 0.051588
299 0.085966 0.318359 0.595675
118 0.221844 0.308948 0.469208
46 0.701428 0.296168 0.002404
285 0.740472 0.191548 0.067980
16086 0.289833 0.130608 0.579559
251 0.601895 0.389756 0.008349
16930 0.533772 0.197829 0.268399
279 0.443468 0.417382 0.139150
283 0.064549 0.598786 0.336665
266 0.106815 0.569804 0.323381
78 0.204551 0.524572 0.270876
76 0.177654 0.709021 0.113325
1081 0.153517 0.151400 0.695083
1076 0.030488 0.748225 0.221286
11 0.861028 0.012024 0.126948
1109 0.082349 0.905399 0.012252
1105 0.596555 0.275582 0.127864
1084 0.002325 0.437225 0.560450
15917 0.070811 0.464935 0.464254
19006 0.280191 0.452385 0.267424
16850 0.479642 0.315639 0.204719
16845 0.192214 0.714109 0.093677
144 0.489447 0.100669 0.409884
1101 0.894286 0.096652 0.009062
567 0.596206 0.122305 0.281488
561 0.489435 0.061909 0.448655
557 0.235157 0.154082 0.610761
17097 0.074225 0.206760 0.719015
17118 0.214967 0.302334 0.482699
17091 0.075548 0.352416 0.572036
942 0.156923 0.343537 0.499540
18069 0.192550 0.471968 0.335482
17012 0.246172 0.268294 0.485534
5146 0.533520 0.119776 0.346704
650 0.009935 0.702127 0.287938
590 0.268928 0.480078 0.250994
17071 0.754473 0.209135 0.036392
641 0.260210 0.455727 0.284063
17020 0.399494 0.457957 0.142549
341 0.062546 0.468405 0.469050
609 0.278091 0.516526 0.205384
17049 0.739541 0.101915 0.158544
580 0.111474 0.704885 0.183641
16664 0.923508 0.064989 0.011503
16594 0.052433 0.363041 0.584526
16613 0.414857 0.156360 0.428783
494 0.049637 0.579295 0.371068
16615 0.102863 0.799159 0.097978
383 0.834628 0.064429 0.100944
16629 0.453589 0.247185 0.299226
16657 0.308894 0.072659 0.618447
391 0.623950 0.088329 0.287722
405 0.336294 0.541283 0.122424
401 0.087004 0.661909 0.251087
16605 0.441445 0.007603 0.550952
393 0.026233 0.205856 0.767911
458 0.396877 0.488895 0.114229
16591 0.100867 0.538066 0.361067
16590 0.188745 0.421003 0.390253
16643 0.242266 0.294136 0.463598
16638 0.734131 0.166340 0.099529
488 0.237834 0.496053 0.266113
16635 0.402542 0.104101 0.493357
16512 0.051448 0.466783 0.481769
422 0.106712 0.717123 0.176165
16562 0.650097 0.270984 0.078919
441 0.665426 0.327609 0.006965
484 0.629904 0.197600 0.172496
16517 0.148234 0.183882 0.667884
16513 0.047520 0.432590 0.519890
16581 0.401726 0.273438 0.324835
16576 0.535528 0.245632 0.218841
16588 0.553712 0.022015 0.424273
16552 0.321901 0.351962 0.326136
445 0.601666 0.280859 0.117475
16554 0.055134 0.906173 0.038694
14063 0.088409 0.010000 0.901592
14067 0.707043 0.008790 0.284167
15948 0.213387 0.145383 0.641230
16820 0.248994 0.656567 0.094439
2202 0.587849 0.177395 0.234756
16413 0.756931 0.131103 0.111966
2195 0.885762 0.047454 0.066784
16411 0.679737 0.206769 0.113494
2195 0.261998 0.527981 0.210021
1253 0.261116 0.467405 0.271479
16383 0.184630 0.202108 0.613262
16368 0.519372 0.286204 0.194423
1302 0.391656 0.570383 0.037962
16481 0.760421 0.193393 0.046186
435 0.042711 0.128287 0.829002
1307 0.082148 0.427212 0.490640
16003 0.129392 0.054128 0.816480
16746 0.113660 0.830608 0.055732
16750 0.173543 0.454621 0.371836
16835 0.907991 0.091705 0.000305
2261 0.026959 0.106668 0.866373
16718 0.044159 0.408815 0.547026
2182 0.060218 0.735002 0.204780
2178 0.692154 0.297468 0.010378
15938 0.053627 0.727662 0.218711
15935 0.489816 0.484862 0.025322
1051 0.709043 0.065608 0.225349
16404 0.043939 0.911099 0.044962
15956 0.703904 0.157268 0.138828
1047 0.334181 0.631464 0.034355
16400 0.139425 0.369434 0.491142
1263 0.255097 0.665375 0.079528
16392 0.730487 0.065534 0.203979
1273 0.100791 0.155133 0.744076
1273 0.032363 0.573907 0.393730
15997 0.416210 0.180765 0.403025
20455 0.211568 0.053090 0.735342
2266 0.325406 0.052959 0.621635
2142 0.385807 0.435983 0.178211
20161 0.638154 0.290771 0.071076
2105 0.761538 0.097879 0.140583
2109 0.821660 0.042437 0.135903
16728 0.000000 0.539018 0.460982
20247 0.616683 0.231357 0.151960
2177 0.153013 0.739198 0.107790
2170 0.203274 0.592204 0.204522
1067 0.814602 0.000000 0.185398
1068 0.057213 0.406269 0.536518
1048 0.596475 0.257154 0.146371
15959 0.338620 0.204954 0.456426
1046 0.303431 0.384404 0.312165
1065 0.001594 0.794034 0.204372
15941 0.558174 0.249619 0.192207
1063 0.281112 0.632616 0.086272
15951 0.178287 0.738776 0.082937
1034 0.090957 0.050131 0.858912
16683 0.139504 0.603933 0.256563
20288 0.010500 0.313497 0.676002
20288 0.337109 0.392898 0.269992
20288 0.616840 0.371491 0.011669
2195 0.585246 0.252652 0.162102
2179 0.275477 0.430451 0.294072
16815 0.838743 0.066866 0.094391
15969 0.877548 0.024309 0.098143
1042 0.009869 0.193755 0.796376
20458 0.016080 0.800450 0.183470
15997 0.812467 0.019898 0.167635
20304 0.727517 0.000000 0.272483
20300 0.138378 0.138026 0.723596
2046 0.154041 0.613583 0.232377
2286 0.021218 0.841147 0.137635
16689 0.269953 0.285096 0.444951
16708 0.822822 0.164805 0.012373
1031 0.271974 0.450956 0.277070
15995 0.231922 0.474518 0.293560
1069 0.289519 0.692527 0.017954
2276 0.191875 0.312857 0.495268
15973 0.379280 0.590414 0.030305
15942 0.671648 0.328320 0.000032
1062 0.229494 0.629626 0.140880
15949 0.155844 0.187367 0.656789
2279 0.579451 0.278934 0.141615
2288 0.033522 0.338138 0.628340
2269 0.114336 0.583083 0.302580
2289 0.885880 0.064813 0.049307
20301 0.239101 0.213947 0.546951
20295 0.053149 0.523393 0.423458
2017 0.105243 0.885364 0.009393
2016 0.387484 0.021282 0.591234
2495 0.000000 0.544797 0.455203
20433 0.288204 0.373769 0.338027
2503 0.213145 0.313869 0.472985
20460 0.574170 0.157656 0.268174
20448 0.392482 0.535463 0.072055
20441 0.441509 0.015330 0.543161
20388 0.092465 0.059867 0.847668
2492 0.077032 0.264874 0.658094
2618 0.148292 0.593895 0.257813
2481 0.104038 0.339417 0.556544
20382 0.353041 0.139000 0.507959
2569 0.920196 0.045736 0.034068
2632 0.476583 0.394080 0.129336
20369 0.054852 0.822479 0.122669
20341 0.502231 0.135525 0.362244
20444 0.525583 0.232185 0.242232
2509 0.008611 0.755876 0.235514
2587 0.236058 0.457715 0.306228
2595 0.036146 0.817591 0.146262
2611 0.295594 0.403837 0.300569
19916 0.053516 0.786500 0.159984
19918 0.881196 0.018894 0.099910
18882 0.579858 0.323053 0.097089
1457 0.929645 0.000000 0.070355
20376 0.199890 0.335959 0.464151
2638 0.046721 0.355542 0.597737
2600 0.002942 0.602616 0.394442
19899 0.444498 0.497586 0.057916
20375 0.370594 0.275162 0.354243
2610 0.119238 0.349031 0.531731
20134 0.300341 0.340130 0.359530
19852 0.316488 0.365660 0.317852
18899 0.514638 0.123621 0.361741
18879 0.595095 0.132289 0.272617
1356 0.067289 0.735337 0.197375
2317 0.209127 0.448096 0.342776
20322 0.616298 0.077195 0.306507
20102 0.268403 0.378519 0.353079
19903 0.228229 0.329628 0.442142
19946 0.187807 0.725213 0.086980
1514 0.335556 0.597457 0.066987
18851 0.061901 0.608514 0.329585
2596 0.063135 0.449655 0.487210
2597 0.458060 0.292709 0.249231
19910 0.294712 0.454552 0.250736
2619 0.619358 0.124143 0.256499
20309 0.372728 0.245276 0.381995
20308 0.561777 0.363233 0.074990
19925 0.072490 0.146874 0.780636
19973 0.605974 0.227269 0.166757
20322 0.537892 0.438268 0.023840
2631 0.307778 0.009867 0.682355
20374 0.107613 0.474822 0.417565
20374 0.849013 0.003283 0.147704
1567 0.353048 0.409313 0.237639
19892 0.707124 0.182486 0.110390
2336 0.650452 0.092785 0.256763
19952 0.136861 0.094989 0.768151
19835 0.190940 0.354313 0.454748
2345 0.281457 0.282014 0.436528
2381 0.298997 0.643901 0.057102
19960 0.753416 0.141460 0.105124
2505 0.313830 0.512845 0.173324
19962 0.049409 0.128571 0.822020
19970 0.345459 0.042991 0.611550
2577 0.583387 0.000000 0.416613
19940 0.072006 0.375245 0.552749
1338 0.000000 0.872441 0.127559
20005 0.329246 0.072392 0.598362
1622 0.395413 0.497498 0.107090
20007 0.242380 0.142292 0.615328
1620 0.197220 0.127539 0.675241
18975 0.512449 0.221801 0.265750
1627 0.319524 0.105083 0.575393
1583 0.630399 0.201572 0.168029
1580 0.147835 0.319815 0.532350
19868 0.314199 0.661383 0.024418
19869 0.458282 0.423817 0.117900
2349 0.433703 0.333801 0.232496
19834 0.579333 0.077590 0.343077
2450 0.041629 0.204907 0.753464
2391 0.460843 0.349883 0.189273
2445 0.386633 0.198878 0.414490
2441 0.169513 0.127220 0.703267
20088 0.810709 0.092801 0.096491
20088 0.716606 0.055353 0.228041
19965 0.114763 0.550020 0.335217
2312 0.679584 0.183587 0.136828
1558 0.186274 0.755458 0.058268
20013 0.047530 0.245512 0.706958
1560 0.336125 0.386532 0.277344
20068 0.378344 0.598971 0.022686
20050 0.147852 0.623797 0.228350
1577 0.585750 0.049335 0.364914
1577 0.200976 0.297194 0.501830
1595 0.291493 0.667434 0.041073
18944 0.525344 0.236618 0.238038
1593 0.021373 0.250091 0.728536
19910 0.662024 0.205065 0.132911
2382 0.276112 0.080956 0.642932
20313 0.549127 0.346754 0.104119
18976 0.037733 0.001249 0.961018
18842 0.288598 0.202321 0.509081
1635 0.247014 0.632561 0.120426
18971 0.339894 0.258629 0.401477
19991 0.890042 0.045772 0.064186
1637 0.489252 0.446863 0.063886
1637 0.031425 0.103671 0.864904
20093 0.131422 0.491027 0.377551
1543 0.535991 0.181288 0.282721
20092 0.059247 0.198832 0.741921
1534 0.390207 0.148875 0.460917
20077 0.493133 0.247940 0.258927
1544 0.141086 0.117145 0.741769
18886 0.925233 0.029250 0.045517
2472 0.013431 0.080750 0.905818
1545 0.544875 0.000000 0.455125
20064 0.199124 0.532785 0.268091
18875 0.265773 0.448711 0.285516
1533 0.180337 0.808943 0.010720
1645 0.283731 0.251436 0.464833
1647 0.648770 0.172652 0.178578
19994 0.070455 0.045846 0.883699
1642 0.512898 0.487102 0.000000
1603 0.279655 0.596683 0.123662
1604 0.631836 0.133543 0.234621
1586 0.401947 0.369228 0.228825
19971 0.892544 0.037462 0.069994
19937 0.013170 0.251189 0.735641
17528 0.113936 0.302506 0.583558
1465 0.533577 0.185042 0.281381
19087 0.177864 0.001851 0.820285
19102 0.203229 0.779224 0.017547
19098 0.153034 0.565445 0.281521
1437 0.232799 0.606342 0.160859
19781 0.240727 0.518150 0.241123
1404 0.658906 0.166309 0.174785
1408 0.873431 0.122557 0.004013
127 0.052445 0.038681 0.908875
17537 0.844245 0.120902 0.034853
17548 0.852137 0.020648 0.127215
14094 0.016874 0.905167 0.077959
1813 0.220333 0.047809 0.731858
1424 0.222233 0.162097 0.615670
15668 0.629410 0.321491 0.049099
4734 0.838082 0.103764 0.058154
17555 0.207108 0.106669 0.686223
15889 0.506687 0.043200 0.450114
1875 0.075982 0.392608 0.531409
447 0.325685 0.571504 0.102811
1820 0.239701 0.106765 0.653534
14064 0.389984 0.170550 0.439465
14068 0.911164 0.073191 0.015644
1879 0.834704 0.140323 0.024973
1855 0.145149 0.078091 0.776760
14052 0.115587 0.862694 0.021719
1847 0.023312 0.860957 0.115730
14173 0.702405 0.018966 0.278630
1935 0.614361 0.101377 0.284262
14470 0.641267 0.129293 0.229441
15407 0.184445 0.411565 0.403990
8580 0.505060 0.365130 0.129810
15450 0.319383 0.220092 0.460526
15443 0.365566 0.435450 0.198984
15237 0.411339 0.194905 0.393756
15241 0.659413 0.030958 0.309629
1696 0.170058 0.709015 0.120927
13944 0.150566 0.838536 0.010898
13928 0.064648 0.731783 0.203569
13911 0.400387 0.536617 0.062996
13915 0.291189 0.265208 0.443603
1921 0.992359 0.007641 0.000000
1945 0.369426 0.630574 0.000000
1941 0.973592 0.026408 0.000000
14180 0.717152 0.090458 0.192390
15246 0.381699 0.383469 0.234832
14169 0.455288 0.300208 0.244503
14164 0.366528 0.025621 0.607851
1895 0.062146 0.419997 0.517857
14176 0.238849 0.433449 0.327702
1953 0.708006 0.093155 0.198840
13926 0.085835 0.519731 0.394434
1942 0.305490 0.111874 0.582635
1959 0.274074 0.700211 0.025715
14156 0.055935 0.923345 0.020720
1739 0.000000 0.410329 0.589671
13937 0.665994 0.159399 0.174607
1701 0.158477 0.809469 0.032054
1705 0.230189 0.769811 0.000000
1814 0.548237 0.186006 0.265757
1919 0.053267 0.773564 0.173169
13899 0.093555 0.112557 0.793888
1927 0.016676 0.348294 0.635030
1931 0.940726 0.013742 0.045532
14023 0.388325 0.041100 0.570575
14030 0.774656 0.064365 0.160979
1910 0.318113 0.613538 0.068350
14133 0.610601 0.382095 0.007304
14118 0.464601 0.037264 0.498135
1961 0.159915 0.804332 0.035753
1965 0.327377 0.301917 0.370706
14426 0.030885 0.568796 0.400319
1664 0.272678 0.217497 0.509825
1685 0.174440 0.684102 0.141459
1722 0.672274 0.320068 0.007658
13894 0.421997 0.484832 0.093171
1690 0.585779 0.190380 0.223841
13889 0.778957 0.125068 0.095975
1656 0.053129 0.718455 0.228415
13881 0.316645 0.122011 0.561345
1682 0.137768 0.639378 0.222855
14000 0.139374 0.794330 0.066297
1726 0.401042 0.070779 0.528179
13961 0.349301 0.468617 0.182082
1804 0.107319 0.347368 0.545313
13988 0.060437 0.381199 0.558364
14013 0.451541 0.068787 0.479671
8822 0.000000 0.246900 0.753100
14399 0.084975 0.335743 0.579282
14381 0.375164 0.041478 0.583358
13953 0.055667 0.570141 0.374192
14420 0.050714 0.494403 0.454884
14406 0.224636 0.358320 0.417044
14373 0.104781 0.337602 0.557616
14377 0.265653 0.649825 0.084522
1735 0.239731 0.340094 0.420175
1750 0.169473 0.620835 0.209692
14398 0.561934 0.268100 0.169967
8810 0.247358 0.210853 0.541789
1784 0.965290 0.006267 0.028443
14410 0.010660 0.357168 0.632171
14411 0.750217 0.088335 0.161448
14438 0.173999 0.517559 0.308442
8770 0.079133 0.695501 0.225366
8752 0.387724 0.242917 0.369359
8754 0.566345 0.011194 0.422461
8791 0.125236 0.633093 0.241672
14384 0.050822 0.785103 0.164075
8886 0.185546 0.260667 0.553787
1819 0.326398 0.253598 0.420004
1816 0.695097 0.299854 0.005050
14113 0.473074 0.074750 0.452177
16529 0.459196 0.196923 0.343881
14504 0.469093 0.314827 0.216080
8749 0.898378 0.092131 0.009491
8875 0.049811 0.734603 0.215585
8912 0.072260 0.706969 0.220771
14271 0.584095 0.005370 0.410535
8629 0.398915 0.000000 0.601085
8660 0.457355 0.183240 0.359405
8165 0.121454 0.389896 0.488651
8165 0.141383 0.342710 0.515907
8156 0.036671 0.722934 0.240396
8153 0.311624 0.134320 0.554056
8278 0.128512 0.871488 0.000000
15735 0.057614 0.936835 0.005551
8855 0.075379 0.485392 0.439229
13577 0.027021 0.443996 0.528983
14259 0.283891 0.058327 0.657782
8635 0.329399 0.087130 0.583472
8630 0.223389 0.553420 0.223191
8634 0.051217 0.695816 0.252967
8937 0.141048 0.083272 0.775680
9035 0.819412 0.180588 0.000000
13766 0.502378 0.081619 0.416003
14498 0.206166 0.564532 0.229303
8772 0.106051 0.841765 0.052185
8831 0.025266 0.800208 0.174526
14507 0.186485 0.390601 0.422914
14471 0.462851 0.340370 0.196779
13380 0.557361 0.277084 0.165555
14207 0.469304 0.151465 0.379231
14217 0.827927 0.169078 0.002995
15198 0.530096 0.359380 0.110524
9148 0.278716 0.055265 0.666019
8704 0.674985 0.221417 0.103598
15193 0.484187 0.128446 0.387367
14226 0.155657 0.052990 0.791353
14346 0.116113 0.618531 0.265356
8289 0.529880 0.242710 0.227409
8715 0.074532 0.579345 0.346123
14358 0.651359 0.279456 0.069184
8723 0.508439 0.276561 0.215000
14316 0.110953 0.437132 0.451915
8299 0.608079 0.391921 0.000000
8314 0.236236 0.246179 0.517585
8730 0.538996 0.429477 0.031527
14297 0.048161 0.220692 0.731147
14294 0.198888 0.374972 0.426140
14224 0.688974 0.063850 0.247176
8746 0.116182 0.821931 0.061888
13387 0.588793 0.116291 0.294916
13452 0.118937 0.576106 0.304957
13437 0.553769 0.426038 0.020193
9124 0.349881 0.455243 0.194876
9125 0.513042 0.329399 0.157559
8683 0.143171 0.736953 0.119876
13428 0.317761 0.294909 0.387330
13424 0.079497 0.191173 0.729330
8915 0.833256 0.047772 0.118972
13434 0.733055 0.174699 0.092247
8589 0.198894 0.169040 0.632066
8685 0.222226 0.163729 0.614045
8260 0.468510 0.513830 0.017660
15210 0.478668 0.339071 0.182261
15258 0.279380 0.317598 0.403022
8299 0.108153 0.797164 0.094684
15253 0.001723 0.790891 0.207385
8328 0.413352 0.549344 0.037303
8733 0.853827 0.129898 0.016274
8740 0.094180 0.063024 0.842797
14320 0.122705 0.426507 0.450787
15213 0.370196 0.119332 0.510472
13376 0.478286 0.477937 0.043777
13391 0.265009 0.594350 0.140641
9092 0.647015 0.074097 0.278888
13405 0.322805 0.452325 0.224870
9084 0.326006 0.433357 0.240637
9085 0.006586 0.253196 0.740218
13398 0.091363 0.380980 0.527656
13394 0.020537 0.312510 0.666954
9109 0.544949 0.348410 0.106642
9105 0.869276 0.121012 0.009712
13447 0.486001 0.407561 0.106438
9127 0.116683 0.302796 0.580520
9177 0.005691 0.992119 0.002190
13458 0.303402 0.080177 0.616421
13462 0.313569 0.086214 0.600217
13472 0.856782 0.100251 0.042967
9236 0.362239 0.514550 0.123211
9241 0.310598 0.397225 0.292177
13494 0.437518 0.414053 0.148429
13518 0.314227 0.414009 0.271763
13522 0.008785 0.188469 0.802747
9215 0.426583 0.446061 0.127357
9216 0.791390 0.018475 0.190135
13502 0.201118 0.471389 0.327492
13497 0.335935 0.179692 0.484373
13489 0.762802 0.094760 0.142438
8441 0.512395 0.118087 0.369518
8513 0.664129 0.201079 0.134792
15463 0.696710 0.203078 0.100211
15514 0.569403 0.274513 0.156084
15380 0.623808 0.347587 0.028605
8427 0.732788 0.216842 0.050371
15416 0.280100 0.632024 0.087877
15418 0.245485 0.188754 0.565762
7956 0.846475 0.020662 0.132863
8059 0.503821 0.341604 0.154575
9174 0.058173 0.865715 0.076112
13487 0.307610 0.324073 0.368317
13483 0.144794 0.113361 0.741845
15479 0.028565 0.034351 0.937084
13679 0.470456 0.128788 0.400756
9184 0.304845 0.669088 0.026066
8561 0.872518 0.075577 0.051905
8060 0.386772 0.494384 0.118844
8086 0.869313 0.052167 0.078520
8045 0.034874 0.175030 0.790096
13691 0.600121 0.388181 0.011698
7964 0.355671 0.574713 0.069615
9066 0.717884 0.282116 0.000000
13344 0.085484 0.661360 0.253156
8945 0.530197 0.348708 0.121096
8957 0.462161 0.237468 0.300371
8975 0.719234 0.102122 0.178644
8916 0.374232 0.124960 0.500808
13332 0.080250 0.797404 0.122346
13367 0.838884 0.062664 0.098452
13289 0.005400 0.627379 0.367221
8935 0.589905 0.190100 0.219996
13240 0.147791 0.831732 0.020477
13240 0.245154 0.504412 0.250434
8488 0.398030 0.601970 0.000000
8490 0.937953 0.062047 0.000000
9048 0.996924 0.003076 0.000000
9045 0.261976 0.738024 0.000000
8980 0.684858 0.231221 0.083921
7934 0.344853 0.575034 0.080113
8302 0.292316 0.139022 0.568662
8922 0.648954 0.054772 0.296274
13247 0.729122 0.178567 0.092311
8949 0.084275 0.401457 0.514268
13346 0.638201 0.330528 0.031271
9062 0.680357 0.008810 0.310833
8983 0.345536 0.287236 0.367228
13222 0.034914 0.816966 0.148120
13313 0.061489 0.795290 0.143221
13760 0.235466 0.091997 0.672537
9045 0.320872 0.330054 0.349074
8934 0.539655 0.234963 0.225381
9039 0.000000 0.185516 0.814484
8922 0.122041 0.000000 0.877959
13362 0.158091 0.314383 0.527526
13247 0.381225 0.136705 0.482070
8957 0.061229 0.405446 0.533325
13767 0.761251 0.038935 0.199814
13832 0.070616 0.521002 0.408382
13538 0.791907 0.097805 0.110288
9027 0.193295 0.643727 0.162978
9022 0.424964 0.113658 0.461377
9020 0.040594 0.497375 0.462031
8583 0.000000 0.299307 0.700693
8958 0.837560 0.036740 0.125699
8957 0.028506 0.156983 0.814511
13345 0.593080 0.144514 0.262407
13772 0.876041 0.064473 0.059486
8139 0.374648 0.535206 0.090146
9002 0.515199 0.484801 0.000000
13345 0.606002 0.331617 0.062381
13769 0.403703 0.169019 0.427279
13765 0.050587 0.651691 0.297722
9011 0.096974 0.712405 0.190622
13746 0.139966 0.604456 0.255578
13707 0.026307 0.888456 0.085238
8128 0.142752 0.078809 0.778440
13834 0.930512 0.065396 0.004092
13838 0.146882 0.290791 0.562326
15309 0.270989 0.117878 0.611133
8108 0.000000 0.376211 0.623789
8127 0.000000 0.114447 0.885553
8126 0.440615 0.154476 0.404909
8414 0.141015 0.296885 0.562100
13838 0.312828 0.503253 0.183918
15288 0.866840 0.110652 0.022508
13710 0.702798 0.121736 0.175467
8169 0.227394 0.699191 0.073414
8128 0.688898 0.311102 0.000000
8004 0.129939 0.666762 0.203299
8248 0.068237 0.193367 0.738396
13798 0.426828 0.490058 0.083114
13822 0.108477 0.883061 0.008462
13803 0.444126 0.123853 0.432020
13812 0.737302 0.084218 0.178479
8200 0.020649 0.555395 0.423956
8189 0.169102 0.768618 0.062280
13545 0.865606 0.012201 0.122193
7992 0.262659 0.023026 0.714315
8312 0.108318 0.197602 0.694079
15264 0.822900 0.046503 0.130597
13859 0.471570 0.401387 0.127043
13811 0.637478 0.098231 0.264291
13802 0.186306 0.484887 0.328808
13792 0.040574 0.876600 0.082826
8194 0.072012 0.413176 0.514811
8208 0.617689 0.133404 0.248907
13597 0.072974 0.436121 0.490905
7971 0.150215 0.849785 0.000000
7978 0.575915 0.298718 0.125367
7972 0.142630 0.140808 0.716561
7999 0.211992 0.214920 0.573088
7987 0.675419 0.269035 0.055546
8397 0.936559 0.000000 0.063441
13669 0.286760 0.696001 0.017239
8019 0.523015 0.227851 0.249134
13567 0.094029 0.660160 0.245811
13652 0.363321 0.513263 0.123416
7933 0.225225 0.235911 0.538863
13671 0.171607 0.568378 0.260016
8081 0.383064 0.496933 0.120003
13625 0.523283 0.226208 0.250509
13687 0.118914 0.403604 0.477482
8069 0.352651 0.535460 0.111889
8491 0.084557 0.065849 0.849594
15405 0.329444 0.237026 0.433531
8852 0.342285 0.466109 0.191606
8866 0.753671 0.139562 0.106767
8865 0.000000 0.192113 0.807887
14249 0.812007 0.184182 0.003810
8021 0.374465 0.248231 0.377304
15398 0.380619 0.453085 0.166296
15403 0.279081 0.089160 0.631760
8026 0.084388 0.496592 0.419020
8042 0.301410 0.347076 0.351514
8463 0.123725 0.773470 0.102805
8550 0.063172 0.502545 0.434283
15370 0.284038 0.131044 0.584918
15372 0.017080 0.226948 0.755972
8473 0.063997 0.725448 0.210555
8470 0.148705 0.244638 0.606657
8558 0.552735 0.319727 0.127538
15435 0.167633 0.547471 0.284896
8447 0.586400 0.399937 0.013663
8443 0.319156 0.044304 0.636540
15487 0.021436 0.918680 0.059884
8579 0.724050 0.210946 0.065004
8549 0.009995 0.777164 0.212841
8552 0.261396 0.483460 0.255144
15505 0.324557 0.275720 0.399723
8516 0.655385 0.079561 0.265053
8540 0.138584 0.631389 0.230027
15437 0.629083 0.079829 0.291088
8508 0.753058 0.193533 0.053409
8531 0.113541 0.116541 0.769918
1969 0.063511 0.847657 0.088832
13575 0.656835 0.243317 0.099848
8562 0.110795 0.021849 0.867356
8972 0.695291 0.234607 0.070102
15194 0.000000 0.950174 0.049826
15229 0.000000 0.499180 0.500820
8287 0.000000 0.406312 0.593688
15223 0.253735 0.676224 0.070041
15215 0.455393 0.202888 0.341720
15270 0.167914 0.662371 0.169715
8291 0.000000 0.887185 0.112815
8298 0.000000 0.656496 0.343504
15252 0.000000 0.573462 0.426538
8327 0.096933 0.050566 0.852501
15209 0.000000 0.147019 0.852981
8261 0.000000 0.322355 0.677645
8274 0.000000 0.116999 0.883001
8273 0.000000 0.667848 0.332152
8106 0.103770 0.826279 0.069951
15281 0.649603 0.045104 0.305293
8410 0.090916 0.347604 0.561480
15759 0.014316 0.974369 0.011315
8380 0.000000 0.400304 0.599696
8380 0.000000 0.573133 0.426867
8381 0.493106 0.199922 0.306972
10121 0.184759 0.518856 0.296385
15763 0.086550 0.739524 0.173926
8395 0.006381 0.624743 0.368876
15314 0.267159 0.619856 0.112984
8277 0.009688 0.260033 0.730279
15729 0.650521 0.138107 0.211372
15726 0.431562 0.338210 0.230227
10482 0.356961 0.601535 0.041504
10129 0.146044 0.833564 0.020392
15757 0.100586 0.354220 0.545193
10118 0.467957 0.229041 0.303002
10115 0.700939 0.299061 0.000000
15752 0.518312 0.127651 0.354037
15739 0.858941 0.084602 0.056457
8385 0.194594 0.795422 0.009984
15333 0.196711 0.797149 0.006140
8340 0.058465 0.394486 0.547050
8343 0.249345 0.269875 0.480780
8346 0.572389 0.163163 0.264449
8361 0.245500 0.493011 0.261490
15686 0.385107 0.416930 0.197963
10102 0.491576 0.356837 0.151587
15767 0.299355 0.016994 0.683651
15813 0.009780 0.557913 0.432307
8358 0.686899 0.119370 0.193731
15717 0.459072 0.309463 0.231465
15713 0.122659 0.703407 0.173934
10191 0.180198 0.650274 0.169528
10083 0.272255 0.574942 0.152802
10088 0.000000 0.222290 0.777710
15814 0.098385 0.522421 0.379194
15771 0.026519 0.193626 0.779855
15779 0.350900 0.589024 0.060076
10227 0.850760 0.149240 0.000000
10231 0.307609 0.106519 0.585872
10214 0.133719 0.301205 0.565076
10212 0.705714 0.084311 0.209976
15844 0.138826 0.182614 0.678560
8345 0.000000 0.253806 0.746194
10202 0.191747 0.534883 0.273370
14562 0.161409 0.825743 0.012847
9972 0.045412 0.869949 0.084640
10071 0.003945 0.870370 0.125686
15578 0.878872 0.001557 0.119571
17613 0.429315 0.303579 0.267106
9964 0.349488 0.089394 0.561118
17617 0.134653 0.526205 0.339143
9960 0.574061 0.027855 0.398084
15579 0.055188 0.160241 0.784571
14704 0.734194 0.114465 0.151341
