24187 0.410198 0.323422 0.266380
11965 0.270125 0.568068 0.161807
21322 0.345027 0.145326 0.509648
23424 0.200451 0.164740 0.634809
11973 0.247505 0.621154 0.131341
18309 0.305104 0.334010 0.360886
18313 0.168360 0.703640 0.128000
3098 0.392562 0.053916 0.553522
3123 0.329767 0.473657 0.196576
160 0.635358 0.248956 0.115686
18296 0.157368 0.805263 0.037370
18304 0.276742 0.647909 0.075349
24059 0.332799 0.154535 0.512666
23981 0.026615 0.945792 0.027594
298 0.697145 0.038470 0.264385
24071 0.439874 0.357093 0.203033
3112 0.077860 0.388524 0.533615
10978 0.444001 0.553491 0.002508
11049 0.005462 0.334319 0.660219
17072 0.789425 0.059065 0.151510
20552 0.338094 0.353226 0.308680
20552 0.396011 0.181860 0.422129
20560 0.583385 0.103970 0.312646
20560 0.541896 0.200536 0.257568
9 0.430321 0.423214 0.146465
18016 0.007224 0.484338 0.508438
7203 0.185513 0.209427 0.605060
12781 0.133144 0.297301 0.569555
12782 0.075230 0.078641 0.846130
12782 0.115116 0.155406 0.729478
12781 0.164862 0.494211 0.340927
804 0.135045 0.734601 0.130354
829 0.528766 0.221595 0.249639
19078 0.322726 0.385432 0.291843
11902 0.596321 0.384266 0.019413
27797 0.429833 0.122002 0.448165
9522 0.391057 0.441016 0.167927
84 0.296586 0.545474 0.157940
11112 0.426940 0.015630 0.557429
75 0.050971 0.278369 0.670660
20845 0.341215 0.562955 0.095830
98 0.353246 0.223682 0.423073
10767 0.442630 0.266188 0.291182
10766 0.430532 0.564659 0.004809
10755 0.000000 0.357337 0.642663
10742 0.263110 0.143542 0.593348
12126 0.493556 0.062037 0.444407
20135 0.284851 0.692314 0.022835
27184 0.493337 0.133757 0.372905
12784 0.417627 0.199720 0.382653
12782 0.222213 0.731745 0.046042
12787 0.029297 0.696154 0.274549
12773 0.346019 0.377156 0.276825
20577 0.505361 0.044790 0.449849
24034 0.111334 0.628899 0.259767
824 0.051530 0.504870 0.443600
19140 0.653599 0.235653 0.110748
11159 0.408602 0.309596 0.281802
23497 0.292836 0.203438 0.503726
12168 0.688728 0.202622 0.108649
24082 0.784969 0.087893 0.127137
15517 0.299378 0.393174 0.307448
20344 0.739752 0.141557 0.118691
1735 0.184703 0.209047 0.606250
18816 0.475257 0.004348 0.520395
20538 0.019687 0.138457 0.841857
8217 0.039597 0.645144 0.315259
2634 0.062197 0.287181 0.650622
2293 0.016998 0.916735 0.066268
708 0.440873 0.228168 0.330959
8773 0.154282 0.845718 0.000000
108 0.405903 0.398007 0.196091
112 0.420994 0.566578 0.012428
118 0.152818 0.138618 0.708564
23349 0.510563 0.451558 0.037878
23505 0.174613 0.106874 0.718513
18819 0.032039 0.869654 0.098307
18761 0.130162 0.250602 0.619236
2118 0.181256 0.818177 0.000567
18658 0.756322 0.151462 0.092216
18694 0.412956 0.312387 0.274657
17579 0.011918 0.058447 0.929635
18797 0.114256 0.741567 0.144177
20682 0.529346 0.422431 0.048223
18733 0.268357 0.121806 0.609837
17663 0.586723 0.335141 0.078135
18717 0.105551 0.880724 0.013725
2131 0.332149 0.112632 0.555219
1746 0.538631 0.093648 0.367721
2352 0.504086 0.359972 0.135942
1792 0.076336 0.578963 0.344701
1802 0.121377 0.570259 0.308364
18455 0.074323 0.116286 0.809391
19847 0.670653 0.256575 0.072771
2410 0.470044 0.380788 0.149168
1845 0.032024 0.061470 0.906506
18386 0.071197 0.608284 0.320518
19854 0.402209 0.423296 0.174495
18541 0.641239 0.246842 0.111920
11030 0.159905 0.596120 0.243976
11039 0.587600 0.142204 0.270196
12264 0.708763 0.208228 0.083009
19947 0.167362 0.798443 0.034195
19831 0.869895 0.040719 0.089386
11017 0.193626 0.466170 0.340203
12232 0.364914 0.532184 0.102902
11013 0.746547 0.213849 0.039604
19801 0.478645 0.037092 0.484263
19917 0.076021 0.083734 0.840246
18762 0.344580 0.132057 0.523363
1739 0.838594 0.108614 0.052792
17565 0.789045 0.164179 0.046776
20689 0.040582 0.059290 0.900128
8465 0.201210 0.266412 0.532378
2360 0.684413 0.315587 0.000000
20738 0.807545 0.133486 0.058968
18798 0.253797 0.615976 0.130226
19846 0.188383 0.644882 0.166735
12219 0.708417 0.246240 0.045343
12184 0.267222 0.451571 0.281208
12261 0.500176 0.056075 0.443749
20872 0.167588 0.167829 0.664583
2063 0.290882 0.393713 0.315405
2105 0.879389 0.002431 0.118180
12242 0.753501 0.026276 0.220223
12222 0.017966 0.855010 0.127024
19765 0.016053 0.296680 0.687267
19761 0.272226 0.512030 0.215744
17669 0.270071 0.671102 0.058827
20880 0.468559 0.198168 0.333273
2110 0.073813 0.770776 0.155411
18792 0.470995 0.150581 0.378424
20888 0.342336 0.590913 0.066751
2549 0.674811 0.071880 0.253309
2246 0.232735 0.275272 0.491993
12918 0.302102 0.598883 0.099015
21038 0.074020 0.788455 0.137526
2240 0.496947 0.367370 0.135683
15071 0.692487 0.166831 0.140682
15537 0.123441 0.343605 0.532954
20937 0.078682 0.334253 0.587064
20183 0.176769 0.433002 0.390230
1871 0.163075 0.137822 0.699103
19886 0.855404 0.065873 0.078723
18553 0.708300 0.242186 0.049514
19894 0.664990 0.319996 0.015014
2286 0.257434 0.464746 0.277820
2551 0.641178 0.185953 0.172869
2263 0.425497 0.000000 0.574503
2214 0.092793 0.819812 0.087395
12930 0.197377 0.772589 0.030033
20710 0.165736 0.576324 0.257940
2201 0.063541 0.525561 0.410898
12923 0.004753 0.779910 0.215337
15052 0.732547 0.263704 0.003749
20941 0.804889 0.092082 0.103029
18567 0.103033 0.709207 0.187760
19279 0.491790 0.275564 0.232646
18548 0.212102 0.603747 0.184151
1866 0.436382 0.000000 0.563618
2567 0.581212 0.111227 0.307561
1889 0.154224 0.073587 0.772189
18498 0.098771 0.663829 0.237400
18580 0.693039 0.031432 0.275529
2205 0.369229 0.007807 0.622964
2501 0.137654 0.316719 0.545628
12868 0.095954 0.025559 0.878488
2585 0.446783 0.515443 0.037774
2582 0.233715 0.025507 0.740778
15061 0.734617 0.118467 0.146916
10729 0.232967 0.029093 0.737940
10740 0.669934 0.080936 0.249130
2589 0.106607 0.876447 0.016945
18588 0.278128 0.338833 0.383039
20889 0.648466 0.201771 0.149762
18492 0.249041 0.586490 0.164469
18598 0.693158 0.095694 0.211148
20348 0.322189 0.559851 0.117960
12938 0.168751 0.062392 0.768857
19094 0.238636 0.058583 0.702781
18077 0.355624 0.612852 0.031523
752 0.040924 0.097392 0.861684
1173 0.064979 0.811559 0.123462
754 0.730321 0.138015 0.131664
16347 0.595799 0.145014 0.259187
16345 0.099321 0.777638 0.123041
23701 0.204009 0.728091 0.067900
8807 0.860962 0.139038 0.000000
15921 0.277799 0.272336 0.449864
15907 0.653646 0.217886 0.128468
15900 0.050400 0.264955 0.684645
26087 0.586277 0.306533 0.107190
18333 0.310427 0.415515 0.274058
19615 0.217358 0.538011 0.244631
505 0.367907 0.168889 0.463204
15944 0.574572 0.123942 0.301487
23141 0.728545 0.155967 0.115488
3422 0.142775 0.215036 0.642189
18186 0.384229 0.611329 0.004442
2890 0.009910 0.562525 0.427565
19261 0.160230 0.634320 0.205450
19254 0.614475 0.275550 0.109975
16085 0.263599 0.102773 0.633628
15923 0.228527 0.169166 0.602307
19565 0.408798 0.494871 0.096331
18339 0.301522 0.437444 0.261034
493 0.350927 0.445541 0.203532
15932 0.710092 0.160073 0.129835
12907 0.172032 0.791136 0.036833
15084 0.213582 0.564532 0.221886
15083 0.039143 0.042108 0.918749
12932 0.179824 0.561230 0.258945
15083 0.311073 0.062497 0.626430
15083 0.348275 0.037204 0.614522
15074 0.200299 0.234270 0.565430
15074 0.085623 0.245501 0.668877
12927 0.572973 0.112748 0.314279
14455 0.545094 0.346918 0.107988
14455 0.679728 0.313987 0.006285
12927 0.603246 0.247457 0.149297
14455 0.704978 0.142334 0.152689
2453 0.177174 0.397453 0.425372
2587 0.015563 0.540981 0.443456
20902 0.179945 0.748468 0.071586
12934 0.616011 0.211575 0.172414
15079 0.521618 0.471825 0.006557
15082 0.336726 0.029036 0.634239
10758 0.087865 0.052540 0.859594
20959 0.681265 0.006932 0.311803
20958 0.753803 0.158604 0.087593
2576 0.726274 0.265463 0.008263
15066 0.171516 0.776528 0.051955
14456 0.281343 0.180683 0.537973
15070 0.082311 0.678511 0.239178
12928 0.453314 0.361358 0.185328
27839 0.307312 0.657580 0.035108
2323 0.389761 0.219232 0.391007
2330 0.418295 0.191989 0.389716
2332 0.304005 0.298847 0.397148
7117 0.300979 0.449400 0.249621
2326 0.189461 0.658906 0.151632
20824 0.184467 0.722095 0.093437
11907 0.353074 0.108811 0.538115
11908 0.224471 0.681534 0.093995
11946 0.470766 0.211893 0.317340
11945 0.065563 0.909325 0.025111
20846 0.307899 0.583020 0.109081
20836 0.183555 0.475188 0.341256
20834 0.632032 0.186455 0.181513
20846 0.857739 0.130340 0.011921
27743 0.297834 0.428047 0.274119
11904 0.696066 0.286181 0.017753
11934 0.110663 0.713039 0.176298
20838 0.549194 0.442024 0.008782
20832 0.677615 0.098705 0.223680
11944 0.039758 0.032233 0.928009
20844 0.312498 0.161945 0.525557
2324 0.185414 0.115925 0.698661
20818 0.317992 0.153840 0.528167
9500 0.145341 0.129657 0.725002
8895 0.063997 0.091696 0.844307
1324 0.782170 0.033451 0.184379
15337 0.150200 0.430710 0.419090
23887 0.609542 0.032272 0.358186
11481 0.239525 0.106749 0.653725
1470 0.629405 0.313272 0.057324
18853 0.282005 0.639955 0.078040
23792 0.436700 0.506237 0.057063
18270 0.680494 0.103383 0.216124
1454 0.265000 0.696402 0.038598
251 0.310363 0.485361 0.204276
15414 0.560763 0.049213 0.390024
12991 0.140830 0.294419 0.564750
11331 0.281633 0.518554 0.199813
11878 0.473963 0.015541 0.510496
11456 0.075149 0.194763 0.730088
11463 0.047543 0.346433 0.606024
11711 0.730711 0.124165 0.145123
23914 0.312523 0.186089 0.501388
3388 0.009315 0.109546 0.881139
3403 0.634352 0.038136 0.327512
17200 0.771313 0.161586 0.067101
19297 0.398646 0.589632 0.011722
20394 0.290667 0.342203 0.367130
14181 0.023763 0.296920 0.679317
13546 0.413278 0.529437 0.057285
14302 0.427430 0.283347 0.289223
14277 0.002759 0.599970 0.397270
17021 0.228833 0.062062 0.709105
11977 0.129115 0.119686 0.751199
14475 0.400565 0.029831 0.569604
18361 0.209070 0.326751 0.464179
2988 0.260536 0.000821 0.738643
11981 0.652522 0.338529 0.008949
3049 0.811569 0.008004 0.180427
1972 0.342477 0.422387 0.235136
17165 0.101731 0.659135 0.239134
18137 0.074209 0.014669 0.911122
8339 0.882504 0.104055 0.013441
20290 0.231213 0.286820 0.481967
11235 0.544811 0.378191 0.076998
11543 0.015072 0.633089 0.351840
8408 0.334620 0.239052 0.426328
2984 0.183761 0.322806 0.493434
10748 0.841817 0.148542 0.009642
11517 0.701325 0.284377 0.014298
17779 0.721636 0.158072 0.120292
17162 0.148534 0.210580 0.640886
11539 0.225487 0.206444 0.568068
17156 0.239670 0.563515 0.196815
11340 0.025908 0.878071 0.096021
20771 0.054782 0.439434 0.505784
14035 0.122412 0.153528 0.724061
3341 0.296333 0.336992 0.366675
20801 0.382706 0.516313 0.100981
11344 0.118755 0.334012 0.547233
14319 0.227978 0.763770 0.008253
20754 0.202116 0.345503 0.452381
545 0.271755 0.062242 0.666003
19001 0.077637 0.177348 0.745015
23849 0.154510 0.099049 0.746441
1430 0.285826 0.374884 0.339289
1406 0.102225 0.721734 0.176041
15486 0.256325 0.044941 0.698734
15479 0.145002 0.403077 0.451921
417 0.311072 0.246106 0.442822
447 0.055868 0.133717 0.810415
19032 0.485196 0.117084 0.397720
19037 0.050787 0.077102 0.872111
11234 0.947814 0.002391 0.049795
247 0.267791 0.594745 0.137463
14742 0.442016 0.078772 0.479212
10911 0.316490 0.164477 0.519033
12031 0.157985 0.168221 0.673794
18898 0.371564 0.065141 0.563294
17230 0.043949 0.290715 0.665336
20611 0.019021 0.294863 0.686116
20620 0.748822 0.102159 0.149020
18893 0.154950 0.777596 0.067454
2861 0.475986 0.518231 0.005783
17359 0.532975 0.387011 0.080014
14656 0.611636 0.229436 0.158929
217 0.078884 0.472976 0.448140
20728 0.174227 0.775086 0.050687
17590 0.778412 0.050822 0.170766
14624 0.497466 0.245382 0.257152
14264 0.514476 0.293818 0.191706
8871 0.227691 0.732530 0.039779
8384 0.076903 0.021367 0.901731
24132 0.708699 0.272557 0.018743
20099 0.715282 0.200373 0.084345
12053 0.248899 0.538704 0.212397
17683 0.003031 0.412573 0.584396
21369 0.328942 0.043618 0.627439
20592 0.141543 0.818848 0.039609
20587 0.401212 0.577260 0.021528
19051 0.124165 0.145691 0.730144
19218 0.385321 0.078887 0.535792
1434 0.610496 0.274927 0.114577
1437 0.143116 0.815335 0.041549
14370 0.626207 0.230131 0.143662
15581 0.535087 0.305449 0.159464
18103 0.592576 0.194109 0.213316
3285 0.607418 0.014447 0.378135
3432 0.640356 0.217030 0.142614
15705 0.606149 0.060499 0.333351
19458 0.181333 0.120203 0.698463
20437 0.072925 0.716157 0.210918
10789 0.545235 0.316404 0.138361
18213 0.012998 0.635357 0.351645
18994 0.352820 0.152464 0.494716
15773 0.161466 0.030155 0.808379
15428 0.187369 0.653023 0.159608
10855 0.148696 0.494416 0.356889
20219 0.420767 0.515101 0.064132
8085 0.858643 0.017078 0.124280
13528 0.555444 0.282009 0.162547
15755 0.106899 0.234724 0.658376
19402 0.826907 0.077631 0.095462
19071 0.161776 0.700334 0.137890
21255 0.052843 0.038883 0.908274
28450 0.069592 0.679617 0.250791
19065 0.566229 0.372821 0.060950
20124 0.056540 0.816164 0.127296
12397 0.236838 0.631839 0.131323
1021 0.799619 0.075844 0.124537
219 0.412004 0.073646 0.514350
2690 0.694493 0.164415 0.141092
21181 0.323294 0.360037 0.316669
21144 0.212144 0.573521 0.214335
369 0.735038 0.222867 0.042095
2932 0.853150 0.037999 0.108851
2907 0.106341 0.446053 0.447605
17082 0.808708 0.001390 0.189902
3248 0.635081 0.104442 0.260477
8792 0.370303 0.280088 0.349610
21157 0.054241 0.193348 0.752411
19365 0.644332 0.037093 0.318575
3255 0.144646 0.245436 0.609918
11792 0.603896 0.314506 0.081598
18927 0.294899 0.018779 0.686322
15989 0.311896 0.264586 0.423518
7620 0.238175 0.433952 0.327873
21172 0.023282 0.806895 0.169822
8118 0.180136 0.700068 0.119796
233 0.070325 0.385104 0.544571
24182 0.136440 0.307140 0.556421
19383 0.320294 0.538537 0.141169
11621 0.039882 0.800816 0.159303
26848 0.434417 0.185380 0.380204
2680 0.183595 0.467042 0.349363
2847 0.100725 0.725380 0.173895
19724 0.515053 0.329601 0.155345
21430 0.249053 0.181329 0.569617
21295 0.281381 0.109662 0.608957
15955 0.369886 0.338560 0.291553
21261 0.268105 0.251673 0.480221
19633 0.158063 0.017578 0.824358
660 0.374582 0.000000 0.625418
658 0.654139 0.299003 0.046858
3005 0.135665 0.609267 0.255069
3002 0.351898 0.059969 0.588133
23405 0.410095 0.485987 0.103918
23406 0.447533 0.088358 0.464109
23680 0.414207 0.169431 0.416361
2707 0.036498 0.175597 0.787905
2340 0.091088 0.160842 0.748070
660 0.620350 0.092645 0.287005
658 0.018267 0.527483 0.454250
1764 0.035225 0.861428 0.103347
1755 0.821664 0.081278 0.097059
2085 0.313720 0.656266 0.030014
18653 0.292268 0.146691 0.561041
2157 0.587315 0.075798 0.336887
1938 0.275595 0.276273 0.448132
2304 0.229671 0.011125 0.759205
663 0.361574 0.343726 0.294700
1898 0.364400 0.300679 0.334921
20041 0.036243 0.521314 0.442443
20015 0.229657 0.588968 0.181375
20055 0.314629 0.150500 0.534871
19981 0.492801 0.361389 0.145810
20012 0.192668 0.793626 0.013706
13459 0.014323 0.495145 0.490532
13444 0.033303 0.907634 0.059063
21231 0.286481 0.055778 0.657741
20039 0.713879 0.017637 0.268485
1758 0.701271 0.059774 0.238954
13484 0.137402 0.034779 0.827819
2516 0.492125 0.211899 0.295976
20897 0.652737 0.230988 0.116275
2146 0.643426 0.071668 0.284906
21271 0.780667 0.030442 0.188891
18652 0.854986 0.135723 0.009291
15747 0.659407 0.145508 0.195085
2156 0.749211 0.157709 0.093080
13465 0.297361 0.081719 0.620920
11772 0.579292 0.257005 0.163703
13413 0.359253 0.161072 0.479675
2391 0.155817 0.382341 0.461843
13438 0.742299 0.073286 0.184415
18433 0.125703 0.477658 0.396639
15725 0.210624 0.047537 0.741839
18464 0.039747 0.723338 0.236916
2086 0.503353 0.020077 0.476570
13364 0.701623 0.249150 0.049227
17330 0.046669 0.124949 0.828382
17330 0.038596 0.268052 0.693352
13364 0.387208 0.521035 0.091757
13335 0.631811 0.189407 0.178782
13336 0.789654 0.113468 0.096878
13336 0.781326 0.171562 0.047112
13335 0.659654 0.340346 0.000000
15209 0.852604 0.040163 0.107233
12583 0.107182 0.769083 0.123736
13361 0.052671 0.151043 0.796286
17316 0.084026 0.583039 0.332935
12726 0.230067 0.091943 0.677990
17361 0.384715 0.121668 0.493618
17278 0.249618 0.211044 0.539338
14855 0.396372 0.278882 0.324746
12631 0.195613 0.066309 0.738077
12675 0.243463 0.738423 0.018114
14768 0.423273 0.211109 0.365617
12636 0.098874 0.277137 0.623990
12673 0.559557 0.003500 0.436943
12652 0.264944 0.434391 0.300665
13290 0.120930 0.283573 0.595497
12550 0.027812 0.268754 0.703434
13271 0.414406 0.405992 0.179603
14843 0.244443 0.142206 0.613352
13246 0.026385 0.655975 0.317641
12592 0.021990 0.340515 0.637495
14798 0.458555 0.000380 0.541065
12605 0.436402 0.538062 0.025536
12962 0.952723 0.034482 0.012795
15125 0.082509 0.560253 0.357238
14891 0.050815 0.228464 0.720722
13208 0.716656 0.232615 0.050728
13278 0.442294 0.068352 0.489354
14893 0.889851 0.060003 0.050146
13023 0.171554 0.480146 0.348300
17464 0.046166 0.351127 0.602707
15099 0.218060 0.556023 0.225917
17461 0.241580 0.591035 0.167385
15147 0.510720 0.357435 0.131846
15030 0.455051 0.021763 0.523186
12729 0.570915 0.315318 0.113767
14849 0.075189 0.179646 0.745166
15034 0.146017 0.661983 0.192000
12539 0.032457 0.528258 0.439285
15159 0.446226 0.185894 0.367879
15202 0.062034 0.898064 0.039902
12610 0.161716 0.701126 0.137158
17389 0.575863 0.145625 0.278512
12683 0.667179 0.083024 0.249797
14865 0.171696 0.032718 0.795586
17428 0.232999 0.680425 0.086576
13372 0.240663 0.343220 0.416117
13379 0.168386 0.191912 0.639701
14825 0.562882 0.385016 0.052103
14857 0.635844 0.011318 0.352838
14860 0.237465 0.228103 0.534433
12532 0.370336 0.365602 0.264062
15163 0.216689 0.635789 0.147522
17271 0.523500 0.000000 0.476500
17374 0.183942 0.311536 0.504522
13060 0.749550 0.080644 0.169806
13063 0.577336 0.057135 0.365529
15185 0.351131 0.527107 0.121763
13056 0.697590 0.200439 0.101970
17455 0.310928 0.062911 0.626160
17455 0.209854 0.136392 0.653754
13051 0.878751 0.073897 0.047352
17416 0.811729 0.033130 0.155141
14832 0.413374 0.309482 0.277143
14844 0.101736 0.024270 0.873994
12704 0.064701 0.102520 0.832779
14832 0.622917 0.196035 0.181047
12624 0.469439 0.063233 0.467329
14824 0.554929 0.089608 0.355463
14852 0.258726 0.195201 0.546073
12704 0.550080 0.181890 0.268029
17379 0.201911 0.228284 0.569805
12986 0.408515 0.562072 0.029413
13048 0.379710 0.523927 0.096363
13383 0.546551 0.389515 0.063934
13367 0.060230 0.890079 0.049691
13356 0.070849 0.684634 0.244517
17440 0.316770 0.347346 0.335885
17439 0.438741 0.549949 0.011310
13184 0.643432 0.064690 0.291878
17312 0.691403 0.205516 0.103081
17418 0.000122 0.453681 0.546196
8202 0.056846 0.192601 0.750553
17544 0.369956 0.385543 0.244502
13344 0.359958 0.495647 0.144395
13220 0.090764 0.277848 0.631388
14917 0.051127 0.258912 0.689961
13199 0.551270 0.135986 0.312745
8041 0.382388 0.149485 0.468126
12103 0.443203 0.382684 0.174113
3184 0.231210 0.481687 0.287103
17984 0.048631 0.824309 0.127061
21127 0.208733 0.156927 0.634341
11967 0.170678 0.073615 0.755707
21358 0.210929 0.131381 0.657690
21360 0.118516 0.302082 0.579402
133 0.562922 0.420699 0.016379
13172 0.005464 0.959811 0.034725
17111 0.064313 0.030580 0.905107
13159 0.256314 0.213897 0.529789
25497 0.198843 0.727088 0.074069
10368 0.610127 0.210878 0.178995
16570 0.384263 0.088874 0.526864
1691 0.611485 0.192700 0.195815
10272 0.614919 0.288741 0.096340
863 0.515296 0.348252 0.136452
886 0.187364 0.265578 0.547058
25440 0.343562 0.170217 0.486221
7122 0.193904 0.511551 0.294545
10355 0.377183 0.079616 0.543200
25422 0.461080 0.241314 0.297606
16915 0.167263 0.591177 0.241560
7126 0.177704 0.044680 0.777616
4899 0.578058 0.054605 0.367337
24228 0.920478 0.027847 0.051674
7486 0.517499 0.162914 0.319587
16976 0.153354 0.089344 0.757301
7511 0.263787 0.359207 0.377006
16894 0.187291 0.667217 0.145492
25156 0.691420 0.030810 0.277771
7497 0.658766 0.182459 0.158775
7502 0.006045 0.810385 0.183570
59 0.441537 0.410302 0.148161
7467 0.235678 0.714011 0.050311
27591 0.071949 0.072068 0.855982
27595 0.754800 0.216409 0.028792
16702 0.276703 0.258590 0.464707
24376 0.264539 0.711771 0.023690
4927 0.702801 0.102679 0.194521
27661 0.384800 0.127997 0.487203
27662 0.356871 0.614036 0.029093
5515 0.521919 0.127547 0.350534
27661 0.621544 0.056562 0.321894
1145 0.353438 0.029416 0.617146
1157 0.183574 0.224970 0.591457
22270 0.260103 0.075788 0.664109
5455 0.246925 0.748770 0.004305
22259 0.205466 0.130237 0.664296
22270 0.235802 0.133207 0.630991
16733 0.310952 0.276439 0.412608
7842 0.468318 0.145944 0.385738
10275 0.218192 0.772498 0.009310
10133 0.129606 0.615273 0.255122
9484 0.405138 0.490778 0.104083
27740 0.019534 0.640063 0.340403
18375 0.304190 0.560618 0.135192
7567 0.691003 0.072822 0.236175
6175 0.576346 0.041296 0.382358
20856 0.853847 0.050601 0.095552
9482 0.174898 0.045728 0.779374
101 0.242507 0.544859 0.212633
7320 0.201407 0.654958 0.143636
22220 0.630517 0.088801 0.280682
5519 0.009319 0.311121 0.679560
9032 0.293065 0.630293 0.076642
25558 0.319437 0.539058 0.141505
9242 0.305132 0.195081 0.499787
7155 0.005893 0.683230 0.310877
4403 0.045149 0.243493 0.711358
28104 0.188615 0.461761 0.349624
28103 0.226734 0.402695 0.370571
5454 0.600436 0.068278 0.331286
16988 0.167344 0.619681 0.212975
27438 0.002475 0.677395 0.320130
27443 0.407882 0.402965 0.189153
7832 0.223550 0.056516 0.719934
7313 0.013795 0.026141 0.960063
6178 0.750372 0.028942 0.220685
16640 0.271839 0.031255 0.696906
27275 0.014457 0.456794 0.528749
25776 0.169886 0.626612 0.203502
5757 0.310711 0.194857 0.494432
27456 0.947005 0.018408 0.034588
9017 0.338334 0.099367 0.562299
9019 0.744685 0.240971 0.014344
27446 0.094592 0.584894 0.320514
9913 0.074142 0.134855 0.791003
24684 0.721382 0.104506 0.174112
4505 0.255830 0.001356 0.742814
9164 0.746797 0.007616 0.245587
9181 0.088444 0.495213 0.416343
16590 0.103377 0.654698 0.241925
28132 0.562769 0.350887 0.086344
16676 0.102562 0.873650 0.023788
25789 0.675612 0.102946 0.221442
16912 0.408735 0.209162 0.382103
8972 0.279770 0.603311 0.116920
9293 0.151694 0.252813 0.595493
9176 0.101524 0.789774 0.108702
25824 0.150660 0.620368 0.228972
9267 0.637005 0.056264 0.306731
24666 0.354221 0.221382 0.424397
27861 0.535548 0.000724 0.463728
25924 0.270731 0.700246 0.029023
4529 0.079645 0.729391 0.190964
25918 0.345702 0.095776 0.558522
25231 0.198159 0.733840 0.068001
25963 0.299412 0.422256 0.278332
9300 0.260317 0.511183 0.228500
9413 0.337204 0.625344 0.037452
9254 0.312697 0.000282 0.687021
9004 0.699043 0.248065 0.052893
9100 0.107309 0.686399 0.206292
26895 0.454267 0.003887 0.541845
5852 0.070504 0.451328 0.478168
25622 0.279555 0.141367 0.579078
6150 0.713015 0.228167 0.058818
5795 0.058648 0.382044 0.559309
27058 0.289887 0.618869 0.091244
5782 0.324908 0.018207 0.656886
5837 0.223547 0.687245 0.089208
26949 0.524032 0.190031 0.285936
5827 0.102397 0.016734 0.880869
26945 0.454004 0.169685 0.376311
5949 0.009657 0.568222 0.422121
27036 0.146009 0.225991 0.628000
26915 0.078901 0.201233 0.719866
26883 0.201409 0.185646 0.612945
25778 0.203537 0.188778 0.607686
8985 0.175165 0.560701 0.264134
24749 0.296654 0.573344 0.130002
27835 0.466076 0.159604 0.374319
24803 0.146724 0.064399 0.788877
25229 0.184322 0.683959 0.131719
28128 0.006562 0.216095 0.777343
9260 0.474364 0.131696 0.393940
26921 0.340563 0.159113 0.500324
5826 0.276279 0.651817 0.071904
26861 0.063232 0.577213 0.359555
5812 0.266750 0.102892 0.630358
5805 0.103557 0.777696 0.118747
9781 0.054395 0.097040 0.848566
9307 0.261531 0.039300 0.699169
5941 0.358563 0.298120 0.343317
5950 0.620189 0.144003 0.235808
26900 0.196642 0.728715 0.074643
5771 0.574117 0.053274 0.372609
4503 0.843976 0.089274 0.066750
4491 0.472181 0.116140 0.411679
9776 0.420589 0.574048 0.005363
25757 0.412561 0.022047 0.565392
28070 0.178578 0.719289 0.102133
28000 0.215274 0.475436 0.309291
27998 0.725798 0.214877 0.059326
9125 0.272629 0.421027 0.306344
25547 0.070056 0.153689 0.776254
9651 0.020833 0.562475 0.416692
28057 0.255095 0.164567 0.580337
22665 0.382730 0.334671 0.282599
28241 0.073298 0.213893 0.712809
9431 0.805194 0.123525 0.071282
6163 0.679673 0.228515 0.091812
27005 0.343381 0.348866 0.307753
28249 0.152197 0.371687 0.476116
26968 0.018772 0.973157 0.008071
28036 0.589477 0.232323 0.178199
9439 0.001878 0.077921 0.920201
28009 0.654728 0.176970 0.168302
9422 0.766387 0.010953 0.222661
9722 0.331833 0.363320 0.304848
28054 0.429938 0.251480 0.318582
28222 0.052018 0.436792 0.511190
9706 0.010105 0.607263 0.382632
22257 0.236176 0.550662 0.213161
4374 0.162526 0.508715 0.328759
9610 0.861618 0.072495 0.065887
9678 0.264510 0.465698 0.269791
25543 0.162914 0.241776 0.595310
25562 0.524054 0.377037 0.098909
25565 0.678013 0.072632 0.249354
25537 0.700445 0.176479 0.123075
9381 0.107968 0.226241 0.665791
9373 0.656818 0.148465 0.194717
9376 0.065492 0.265524 0.668984
9670 0.354072 0.627517 0.018411
9714 0.657833 0.162713 0.179454
4234 0.697859 0.267900 0.034241
25663 0.225149 0.013028 0.761822
4416 0.000000 0.311400 0.688600
4371 0.933251 0.030201 0.036549
27632 0.249638 0.645567 0.104795
25650 0.221781 0.769250 0.008969
28113 0.347572 0.038312 0.614116
25555 0.331081 0.269566 0.399353
9672 0.478233 0.380672 0.141094
25713 0.635345 0.282176 0.082478
5663 0.791368 0.172054 0.036577
22246 0.199515 0.074318 0.726168
6771 0.113044 0.498380 0.388576
8010 0.003669 0.628519 0.367813
9250 0.242978 0.019287 0.737735
26242 0.680417 0.090202 0.229381
8809 0.647180 0.273386 0.079434
23702 0.326742 0.309595 0.363662
7929 0.287246 0.544549 0.168205
6922 0.032904 0.797225 0.169871
6921 0.081140 0.712784 0.206076
15916 0.167090 0.112795 0.720115
6932 0.335866 0.544519 0.119615
6935 0.775931 0.079102 0.144966
10626 0.336244 0.237317 0.426439
26084 0.524290 0.291582 0.184128
10657 0.279418 0.367416 0.353166
7943 0.055071 0.266413 0.678515
7648 0.190419 0.148983 0.660598
23121 0.592370 0.054453 0.353177
2897 0.359072 0.269429 0.371499
26100 0.095579 0.364767 0.539654
25359 0.163409 0.602396 0.234196
26214 0.351951 0.265686 0.382363
23279 0.628432 0.192491 0.179077
26131 0.429598 0.426990 0.143412
10701 0.343436 0.115627 0.540937
26241 0.316015 0.647430 0.036556
6991 0.319266 0.255822 0.424912
25714 0.183058 0.776177 0.040764
9655 0.299747 0.617341 0.082912
25731 0.778801 0.193810 0.027389
4309 0.667572 0.286565 0.045863
22251 0.296693 0.036036 0.667271
4241 0.085203 0.115872 0.798925
4309 0.343451 0.342296 0.314254
4309 0.286295 0.331233 0.382472
25668 0.300361 0.007630 0.692009
4411 0.125852 0.786808 0.087340
27653 0.808821 0.002812 0.188367
25668 0.232202 0.100282 0.667517
28121 0.528368 0.258683 0.212949
4397 0.227033 0.510669 0.262298
25670 0.384729 0.078530 0.536741
25676 0.109433 0.820013 0.070554
4230 0.142656 0.061160 0.796184
22207 0.694282 0.134068 0.171650
22222 0.059602 0.150410 0.789988
27664 0.089493 0.820533 0.089974
27673 0.577543 0.213306 0.209152
9640 0.172965 0.715689 0.111346
5456 0.187337 0.490611 0.322052
4408 0.385290 0.602379 0.012331
4363 0.059448 0.762695 0.177856
5438 0.866698 0.072474 0.060828
22305 0.515690 0.432365 0.051945
27837 0.226048 0.599415 0.174537
9534 0.575160 0.192015 0.232825
27852 0.672198 0.269336 0.058466
9530 0.409275 0.334794 0.255931
9532 0.180463 0.612539 0.206999
27756 0.567575 0.020370 0.412055
9483 0.591857 0.256429 0.151714
27763 0.069066 0.827190 0.103744
9506 0.680495 0.277649 0.041856
9490 0.158430 0.191643 0.649927
27757 0.176794 0.346852 0.476353
9528 0.700746 0.268148 0.031107
27762 0.338972 0.452799 0.208229
27762 0.470686 0.030499 0.498815
27750 0.045874 0.920106 0.034020
27756 0.743044 0.082842 0.174114
27741 0.462295 0.226497 0.311209
9572 0.307077 0.161412 0.531511
27803 0.317068 0.165830 0.517102
22553 0.770260 0.021259 0.208481
4694 0.093819 0.232537 0.673645
8506 0.656311 0.076142 0.267547
4710 0.457109 0.359495 0.183396
16467 0.146388 0.196352 0.657260
4356 0.019975 0.304150 0.675875
25475 0.709109 0.106253 0.184638
16137 0.161425 0.571616 0.266959
8677 0.898821 0.078326 0.022853
21673 0.239793 0.661349 0.098858
4079 0.085428 0.160359 0.754213
23586 0.050918 0.568161 0.380921
6678 0.630038 0.100809 0.269154
27945 0.534173 0.371081 0.094746
28595 0.398587 0.273476 0.327937
5415 0.422719 0.054531 0.522750
28590 0.391128 0.022816 0.586055
27465 0.643985 0.008869 0.347145
26584 0.366819 0.299075 0.334106
9960 0.344960 0.433991 0.221049
21604 0.009532 0.468530 0.521937
4930 0.099221 0.408206 0.492572
5158 0.842266 0.148471 0.009263
6494 0.161590 0.211285 0.627125
6643 0.418175 0.264212 0.317613
23008 0.500324 0.100376 0.399299
22869 0.016562 0.897654 0.085785
6463 0.306614 0.210314 0.483072
4654 0.326460 0.103316 0.570223
26476 0.303145 0.149657 0.547198
21680 0.536997 0.227220 0.235783
10650 0.023755 0.040848 0.935397
11989 0.082372 0.916917 0.000711
28561 0.016659 0.960918 0.022422
26718 0.592257 0.130986 0.276757
19619 0.742079 0.244051 0.013869
5232 0.121944 0.750555 0.127500
10420 0.419530 0.019584 0.560886
26694 0.612179 0.061901 0.325920
25299 0.173597 0.748202 0.078201
5243 0.865622 0.078881 0.055497
24922 0.713945 0.087824 0.198231
5145 0.393799 0.070987 0.535214
27363 0.438648 0.063738 0.497614
5644 0.537026 0.165325 0.297648
5534 0.224855 0.409937 0.365209
26699 0.169337 0.226904 0.603759
25032 0.424724 0.483835 0.091441
5292 0.361062 0.440820 0.198118
24938 0.039710 0.327653 0.632637
25297 0.922651 0.002525 0.074823
24338 0.562042 0.036536 0.401422
21595 0.085079 0.272562 0.642359
6878 0.665452 0.321675 0.012872
10116 0.312739 0.623269 0.063992
10017 0.085636 0.714619 0.199746
22522 0.802295 0.186570 0.011134
6885 0.636887 0.363113 0.000000
1643 0.205990 0.060617 0.733394
24304 0.247140 0.385979 0.366881
1350 0.578870 0.279919 0.141211
27523 0.009475 0.631536 0.358989
16181 0.512945 0.109437 0.377618
1356 0.637604 0.362396 0.000000
1366 0.083617 0.848071 0.068312
5560 0.325635 0.013076 0.661288
5571 0.249987 0.640753 0.109260
22682 0.370232 0.174251 0.455517
22684 0.819901 0.015361 0.164739
26359 0.190647 0.247464 0.561888
26368 0.085607 0.152490 0.761904
26382 0.189727 0.614429 0.195844
7636 0.027672 0.847167 0.125160
24334 0.190384 0.381319 0.428298
27684 0.080670 0.011928 0.907402
7683 0.202029 0.020375 0.777596
26389 0.105554 0.329833 0.564613
4133 0.376174 0.360306 0.263520
5607 0.075657 0.417532 0.506811
21882 0.266866 0.035224 0.697910
22865 0.530884 0.134548 0.334568
16314 0.201567 0.161557 0.636876
7650 0.342658 0.649564 0.007778
4502 0.378516 0.266864 0.354620
27871 0.352374 0.161390 0.486237
27393 0.203015 0.620240 0.176744
27885 0.029153 0.268234 0.702614
4947 0.243678 0.356909 0.399413
10145 0.009165 0.923020 0.067815
8611 0.643350 0.293953 0.062697
8627 0.182009 0.159994 0.657996
16183 0.400301 0.328232 0.271467
8602 0.122277 0.380257 0.497465
24292 0.153220 0.779814 0.066966
4096 0.090714 0.096991 0.812295
7366 0.041252 0.851261 0.107486
28178 0.117012 0.238098 0.644890
23589 0.697160 0.103276 0.199564
21963 0.292844 0.634633 0.072523
24850 0.403492 0.431159 0.165349
21799 0.040705 0.842285 0.117010
6303 0.206779 0.294351 0.498870
27560 0.129378 0.075638 0.794984
27598 0.543029 0.066037 0.390934
5205 0.553922 0.048869 0.397209
5887 0.001874 0.682950 0.315175
5900 0.174882 0.046197 0.778921
25454 0.617155 0.247151 0.135694
25450 0.256414 0.623850 0.119736
16320 0.118044 0.855162 0.026793
7440 0.596698 0.363277 0.040025
27723 0.202177 0.754114 0.043709
6093 0.754524 0.094639 0.150837
16128 0.485945 0.475018 0.039038
7694 0.519294 0.094886 0.385820
16161 0.061583 0.093551 0.844866
7688 0.615534 0.233498 0.150968
25080 0.288222 0.351847 0.359931
27493 0.267121 0.385064 0.347816
1087 0.232053 0.485666 0.282281
22430 0.564049 0.428315 0.007636
21973 0.085115 0.688292 0.226594
26625 0.124727 0.440453 0.434820
3428 0.748445 0.228684 0.022871
28582 0.606479 0.180013 0.213508
24112 0.191673 0.362970 0.445357
2370 0.078740 0.611572 0.309688
10433 0.584679 0.127120 0.288201
25145 0.248415 0.418280 0.333305
10457 0.392738 0.465427 0.141834
18194 0.126718 0.055712 0.817571
25408 0.731043 0.101570 0.167388
5331 0.021361 0.164880 0.813759
26523 0.011687 0.139977 0.848336
18165 0.041570 0.160613 0.797816
21584 0.235468 0.297827 0.466705
7791 0.043070 0.270354 0.686575
6090 0.823284 0.050248 0.126467
10018 0.008172 0.214614 0.777214
26619 0.263393 0.374969 0.361637
21578 0.178950 0.127091 0.693959
6299 0.561768 0.235581 0.202651
6612 0.191120 0.234262 0.574618
6735 0.489708 0.111672 0.398620
6529 0.516330 0.311021 0.172649
21939 0.381592 0.100023 0.518385
5162 0.287501 0.113062 0.599438
27341 0.053032 0.519266 0.427701
21797 0.394495 0.168495 0.437010
6887 0.304970 0.157214 0.537816
14504 0.008316 0.879538 0.112146
10569 0.006726 0.898365 0.094909
10558 0.261464 0.093886 0.644649
5976 0.294035 0.649298 0.056667
7824 0.099542 0.597550 0.302909
9821 0.070287 0.488194 0.441519
7972 0.819920 0.159729 0.020351
1698 0.305229 0.211242 0.483529
23178 0.808813 0.124913 0.066275
24777 0.617026 0.125824 0.257150
4795 0.221549 0.660212 0.118239
28431 0.063330 0.002604 0.934066
26345 0.247740 0.163727 0.588533
19102 0.135392 0.245565 0.619043
28530 0.224465 0.127941 0.647594
28521 0.570719 0.273291 0.155990
21425 0.024256 0.042046 0.933698
1051 0.047978 0.947353 0.004669
1073 0.635515 0.354404 0.010080
10311 0.640157 0.212172 0.147672
7071 0.090705 0.428766 0.480529
7638 0.242920 0.660432 0.096648
7115 0.654888 0.169662 0.175450
28524 0.106919 0.750534 0.142547
9866 0.050507 0.502803 0.446689
7563 0.374372 0.341746 0.283882
16880 0.889359 0.039800 0.070841
24006 0.850057 0.003990 0.145954
16278 0.730440 0.206612 0.062948
16751 0.546020 0.054823 0.399157
26820 0.269756 0.094478 0.635766
7721 0.138542 0.478786 0.382672
7722 0.554978 0.015169 0.429853
26806 0.222783 0.226107 0.551109
7374 0.389097 0.589313 0.021591
908 0.007103 0.071202 0.921695
22703 0.026191 0.092084 0.881724
15503 0.168439 0.188147 0.643414
16244 0.213905 0.167642 0.618453
24208 0.234459 0.572120 0.193420
7528 0.391738 0.140588 0.467674
10163 0.173252 0.555896 0.270852
10161 0.708699 0.160627 0.130674
1006 0.110075 0.350878 0.539047
7092 0.404405 0.483906 0.111689
23159 0.256848 0.723772 0.019380
7074 0.559237 0.064210 0.376553
7901 0.364693 0.518921 0.116386
9547 0.279455 0.464096 0.256450
17008 0.048091 0.570707 0.381202
16774 0.027709 0.190271 0.782020
26653 0.228681 0.087325 0.683994
25593 0.434680 0.009579 0.555740
7234 0.575557 0.194396 0.230047
16623 0.439345 0.398786 0.161869
28412 0.048836 0.592955 0.358208
16614 0.307347 0.086568 0.606085
7891 0.143559 0.397331 0.459110
28261 0.637589 0.189934 0.172477
7849 0.376271 0.067833 0.555896
8928 0.622684 0.368674 0.008642
8955 0.571332 0.128007 0.300661
9323 0.153520 0.203533 0.642947
9333 0.220197 0.471804 0.307999
7265 0.120781 0.240108 0.639111
8918 0.129510 0.782434 0.088056
25899 0.301778 0.096534 0.601688
28267 0.678769 0.188702 0.132529
9555 0.521724 0.251248 0.227028
1243 0.441964 0.435438 0.122598
1282 0.437355 0.049477 0.513169
24501 0.099002 0.731134 0.169864
3774 0.497713 0.118247 0.384040
24599 0.745863 0.195172 0.058966
27134 0.511991 0.292446 0.195564
22345 0.240970 0.746776 0.012254
1253 0.165443 0.774999 0.059558
4214 0.601224 0.314399 0.084377
1187 0.642030 0.094791 0.263180
22395 0.695942 0.012442 0.291616
28372 0.047861 0.478028 0.474111
22030 0.504594 0.402411 0.092995
28357 0.101802 0.154703 0.743495
3875 0.421961 0.224709 0.353330
1208 0.027863 0.167263 0.804874
28392 0.435807 0.543248 0.020945
23285 0.418571 0.088360 0.493070
28096 0.213742 0.288192 0.498066
7000 0.565829 0.330733 0.103437
23212 0.070654 0.598824 0.330522
6422 0.252511 0.661897 0.085591
23261 0.742159 0.134467 0.123374
6358 0.001577 0.733004 0.265420
25805 0.374297 0.361599 0.264104
6349 0.190856 0.696973 0.112171
25826 0.050771 0.650146 0.299083
6341 0.655027 0.303660 0.041313
8944 0.402741 0.510715 0.086544
6384 0.614006 0.323272 0.062721
25886 0.674620 0.298884 0.026496
28446 0.727368 0.259133 0.013499
22970 0.831852 0.073463 0.094685
6974 0.099809 0.169395 0.730796
22966 0.180832 0.065079 0.754089
3931 0.071376 0.884031 0.044593
3930 0.223448 0.681817 0.094735
24434 0.045738 0.737163 0.217099
24440 0.065368 0.908949 0.025683
24620 0.741940 0.098560 0.159500
21999 0.063716 0.912597 0.023686
24613 0.874686 0.084844 0.040470
24620 0.744156 0.168308 0.087536
3931 0.097588 0.445831 0.456581
3923 0.097910 0.577567 0.324523
3935 0.027210 0.238861 0.733929
3934 0.197927 0.013899 0.788175
3853 0.185666 0.274686 0.539648
24633 0.278484 0.277767 0.443748
24618 0.633081 0.355350 0.011569
24436 0.713886 0.184950 0.101164
22133 0.678427 0.020231 0.301342
22092 0.033863 0.792543 0.173594
3529 0.244398 0.142931 0.612671
3536 0.014375 0.918472 0.067153
22164 0.441746 0.520761 0.037493
4195 0.697371 0.300948 0.001682
3747 0.224343 0.535334 0.240324
22082 0.517292 0.115048 0.367660
22047 0.263548 0.062049 0.674403
3892 0.163724 0.748971 0.087304
22108 0.641362 0.126291 0.232347
22378 0.514736 0.298748 0.186516
3621 0.668231 0.329753 0.002015
22321 0.301937 0.683849 0.014214
22316 0.189217 0.280967 0.529816
3625 0.070632 0.784136 0.145232
3909 0.279192 0.679077 0.041731
3912 0.087731 0.874272 0.037997
22140 0.727490 0.099431 0.173079
22141 0.508896 0.322611 0.168493
5094 0.369352 0.364072 0.266576
4422 0.386786 0.575836 0.037378
3824 0.327009 0.000000 0.672991
3916 0.803521 0.048211 0.148268
3731 0.194381 0.724343 0.081276
3714 0.290601 0.345474 0.363925
21987 0.543832 0.046407 0.409761
3689 0.092274 0.735639 0.172087
22009 0.663003 0.157274 0.179722
4259 0.026923 0.614714 0.358363
4277 0.108668 0.315924 0.575407
22403 0.583780 0.327508 0.088712
3784 0.087909 0.513972 0.398119
24264 0.194610 0.287272 0.518118
5034 0.261068 0.631611 0.107321
3699 0.105321 0.668007 0.226672
24549 0.193612 0.108531 0.697857
3810 0.422966 0.278769 0.298265
24507 0.169465 0.366147 0.464388
3737 0.574637 0.112251 0.313111
24627 0.223985 0.503714 0.272301
24439 0.715071 0.211279 0.073650
4268 0.001687 0.881085 0.117228
22353 0.103635 0.021312 0.875053
22349 0.098398 0.665752 0.235850
4995 0.452684 0.111129 0.436188
5027 0.438738 0.261178 0.300084
5026 0.156361 0.591186 0.252453
5015 0.372226 0.531440 0.096333
24576 0.030991 0.441333 0.527677
24575 0.957204 0.039649 0.003147
5020 0.094472 0.896669 0.008859
5013 0.083887 0.868159 0.047954
5013 0.006021 0.936666 0.057314
24582 0.747018 0.096548 0.156434
3843 0.026784 0.833639 0.139577
24568 0.850827 0.086741 0.062432
24582 0.746480 0.129471 0.124049
24637 0.251300 0.342151 0.406549
3806 0.187640 0.681669 0.130691
3807 0.122793 0.535804 0.341403
22065 0.051445 0.389612 0.558944
4986 0.537315 0.321096 0.141590
24569 0.039608 0.656258 0.304135
24577 0.127636 0.614408 0.257956
3705 0.489236 0.232643 0.278122
24435 0.732327 0.057385 0.210288
22002 0.510951 0.298849 0.190200
21999 0.562724 0.221486 0.215790
3816 0.785164 0.201723 0.013113
24583 0.927864 0.054050 0.018086
24552 0.257265 0.046608 0.696127
24616 0.033791 0.590158 0.376051
5985 0.366059 0.459629 0.174311
12097 0.001956 0.611181 0.386864
3265 0.392306 0.559641 0.048052
3110 0.006742 0.205224 0.788033
11739 0.019207 0.379230 0.601563
27919 0.752086 0.012694 0.235220
25515 0.455726 0.131402 0.412872
27912 0.062534 0.588186 0.349281
16964 0.006827 0.693292 0.299881
24241 0.059164 0.047397 0.893439
7140 0.462752 0.358845 0.178403
24249 0.100639 0.527675 0.371686
24244 0.056603 0.715676 0.227721
8735 0.195314 0.617474 0.187212
18310 0.255275 0.194653 0.550072
18311 0.108951 0.068872 0.822177
18291 0.054639 0.928950 0.016412
3092 0.421599 0.115177 0.463224
11976 0.380263 0.268884 0.350854
11974 0.279371 0.525843 0.194786
12044 0.405849 0.081045 0.513106
21329 0.143700 0.410002 0.446298
12043 0.755671 0.031368 0.212962
21321 0.349406 0.154553 0.496041
21320 0.376548 0.054660 0.568792
12006 0.126335 0.308076 0.565589
3081 0.112889 0.579318 0.307794
3081 0.905188 0.034073 0.060739
24169 0.187486 0.242944 0.569569
24192 0.054863 0.177186 0.767951
24192 0.663119 0.034022 0.302858
11973 0.110130 0.152778 0.737092
3078 0.410022 0.318797 0.271181
3086 0.625045 0.260235 0.114720
18317 0.161371 0.490081 0.348548
355 0.245340 0.164717 0.589943
24189 0.077437 0.640969 0.281594
363 0.518697 0.233456 0.247847
3113 0.305559 0.476370 0.218072
18150 0.157503 0.746237 0.096259
3102 0.214710 0.370889 0.414401
17984 0.186675 0.156852 0.656473
17985 0.360332 0.424953 0.214715
21138 0.425894 0.321395 0.252711
130 0.507897 0.444646 0.047457
23437 0.624916 0.159249 0.215835
3115 0.613627 0.117884 0.268489
17999 0.245546 0.288038 0.466416
17999 0.138668 0.749832 0.111500
11961 0.209743 0.769204 0.021053
