110 0.129400 0.020115 0.850484
115 0.116011 0.774992 0.108996
3783 0.152026 0.689926 0.158047
3791 0.133081 0.668134 0.198785
3776 0.642070 0.003952 0.353978
3748 0.207823 0.082108 0.710068
553 0.199332 0.006651 0.794018
361 0.163950 0.794625 0.041426
112 0.049018 0.774736 0.176246
113 0.176679 0.645622 0.177699
4194 0.230854 0.268998 0.500147
114 0.224335 0.624190 0.151475
1494 0.051888 0.382471 0.565641
106 0.195280 0.493892 0.310828
3773 0.818512 0.113124 0.068364
4370 0.049336 0.323861 0.626803
4365 0.313795 0.217362 0.468842
2515 0.650727 0.155967 0.193305
4090 0.024252 0.052532 0.923216
4084 0.039652 0.938423 0.021925
1552 0.802787 0.170577 0.026636
527 0.546058 0.168806 0.285136
526 0.318116 0.380973 0.300911
525 0.102377 0.582825 0.314799
4056 0.606106 0.135309 0.258585
3806 0.506423 0.187520 0.306057
4050 0.285205 0.060935 0.653861
3803 0.005837 0.905150 0.089013
3802 0.000000 0.963578 0.036422
3801 0.065685 0.926611 0.007704
558 0.136621 0.117585 0.745794
557 0.330511 0.421297 0.248192
556 0.341308 0.410146 0.248546
555 0.336216 0.267278 0.396506
4248 0.022689 0.774590 0.202720
3617 0.156511 0.333558 0.509931
3632 0.216682 0.030992 0.752327
2244 0.245555 0.653919 0.100526
2126 0.085771 0.686990 0.227238
3630 0.686409 0.124809 0.188782
4057 0.469593 0.400454 0.129954
3642 0.278880 0.396263 0.324857
4051 0.067882 0.155210 0.776908
2113 0.032330 0.015237 0.952433
2219 0.011135 0.921247 0.067618
3637 0.022514 0.975323 0.002162
2110 0.061430 0.192314 0.746256
2127 0.185395 0.226968 0.587637
2167 0.117763 0.215441 0.666795
2168 0.206344 0.056093 0.737563
4178 0.026326 0.357356 0.616318
3602 0.305925 0.251551 0.442524
506 0.712316 0.146340 0.141344
514 0.717292 0.166052 0.116656
510 0.752296 0.091495 0.156209
3792 0.023896 0.674055 0.302049
3710 0.655041 0.189825 0.155135
3790 0.068393 0.432782 0.498825
4870 0.158134 0.178815 0.663051
4871 0.493460 0.011038 0.495501
3846 0.919365 0.078898 0.001737
3867 0.074475 0.084275 0.841250
363 0.854813 0.072383 0.072804
362 0.752042 0.196796 0.051162
369 0.879101 0.085853 0.035046
521 0.079994 0.745491 0.174515
521 0.815354 0.154319 0.030326
561 0.018171 0.969257 0.012572
3755 0.250409 0.298738 0.450853
3749 0.456760 0.539340 0.003900
560 0.363553 0.220126 0.416321
374 0.272383 0.336196 0.391421
2170 0.177996 0.359750 0.462254
2171 0.205241 0.171017 0.623743
2236 0.702451 0.202658 0.094891
2237 0.155433 0.688813 0.155754
4214 0.322503 0.562790 0.114707
576 0.472340 0.303214 0.224446
629 0.111058 0.273588 0.615354
494 0.134923 0.459863 0.405215
3700 0.283544 0.645027 0.071429
3506 0.371027 0.115758 0.513215
3589 0.514459 0.148953 0.336588
3650 0.251453 0.300951 0.447596
609 0.100242 0.193967 0.705791
3926 0.285163 0.134967 0.579869
3889 0.534092 0.145573 0.320335
620 0.001409 0.296653 0.701938
3833 0.587093 0.349556 0.063351
592 0.542117 0.124467 0.333416
594 0.277244 0.142521 0.580235
3711 0.294249 0.187231 0.518520
564 0.263506 0.186712 0.549782
426 0.063747 0.672719 0.263533
3721 0.059258 0.749298 0.191444
495 0.448449 0.533197 0.018354
3723 0.004564 0.604260 0.391176
3724 0.218670 0.636473 0.144857
500 0.505052 0.188585 0.306362
3740 0.251881 0.380998 0.367120
562 0.389259 0.244185 0.366556
618 0.286603 0.335174 0.378223
617 0.368164 0.400805 0.231031
616 0.585764 0.315333 0.098903
491 0.205217 0.210663 0.584121
2134 0.024993 0.021418 0.953589
3698 0.227882 0.075094 0.697024
3691 0.188827 0.043376 0.767798
499 0.218800 0.095486 0.685714
3714 0.090155 0.292949 0.616896
3713 0.115820 0.258725 0.625455
487 0.169773 0.162289 0.667938
515 0.109473 0.811891 0.078636
3731 0.196828 0.206447 0.596726
517 0.732945 0.038000 0.229054
3730 0.316320 0.203460 0.480220
3715 0.075672 0.048476 0.875851
516 0.224446 0.624813 0.150741
517 0.016784 0.139491 0.843725
3743 0.155841 0.083704 0.760455
3730 0.136797 0.847102 0.016101
502 0.173379 0.027374 0.799248
511 0.467845 0.253486 0.278670
519 0.086237 0.297115 0.616649
3751 0.365393 0.032262 0.602345
3752 0.097175 0.690990 0.211836
3753 0.115781 0.724919 0.159300
520 0.316886 0.274432 0.408682
503 0.115982 0.366285 0.517733
504 0.442387 0.550926 0.006687
3756 0.099152 0.632848 0.267999
3745 0.111591 0.719661 0.168748
3794 0.146244 0.767523 0.086233
3827 0.343024 0.265387 0.391590
375 0.297274 0.343499 0.359227
376 0.112318 0.451278 0.436404
377 0.495414 0.483841 0.020745
3825 0.047076 0.626351 0.326573
3826 0.137327 0.635546 0.227127
4237 0.834873 0.054447 0.110680
3815 0.496725 0.278128 0.225148
3813 0.398019 0.474395 0.127586
3732 0.276483 0.713203 0.010314
3733 0.348254 0.608381 0.043365
614 0.477643 0.059335 0.463022
606 0.387219 0.348290 0.264490
3893 0.104930 0.485713 0.409357
3892 0.160541 0.451876 0.387583
3891 0.235526 0.071119 0.693355
3896 0.296671 0.100561 0.602769
598 0.569966 0.042391 0.387643
3890 0.293604 0.134905 0.571491
3891 0.205995 0.480978 0.313027
610 0.031540 0.218093 0.750367
3831 0.025494 0.869717 0.104789
482 0.864778 0.076235 0.058987
3829 0.089572 0.740131 0.170297
640 0.258234 0.591943 0.149823
622 0.359349 0.184513 0.456137
373 0.424025 0.501455 0.074520
3820 0.304566 0.230137 0.465297
3708 0.283998 0.430596 0.285405
3707 0.241833 0.391661 0.366506
490 0.289149 0.099708 0.611143
501 0.317480 0.193925 0.488596
484 0.574462 0.272275 0.153263
483 0.606158 0.156742 0.237100
3706 0.441211 0.188733 0.370057
636 0.455623 0.000000 0.544377
634 0.619813 0.029763 0.350424
633 0.257370 0.398424 0.344206
632 0.244170 0.361624 0.394206
630 0.582352 0.152901 0.264747
631 0.380141 0.123560 0.496299
3899 0.001631 0.225800 0.772570
3921 0.043676 0.521544 0.434780
3922 0.049139 0.449330 0.501531
3923 0.037438 0.363317 0.599244
628 0.484227 0.307762 0.208011
3881 0.339210 0.017614 0.643176
579 0.307735 0.192260 0.500005
3915 0.593859 0.101357 0.304784
3916 0.632316 0.105927 0.261757
3917 0.684015 0.037941 0.278044
575 0.799897 0.140811 0.059292
569 0.119875 0.453556 0.426568
568 0.343240 0.475930 0.180830
581 0.598812 0.380263 0.020925
3909 0.044222 0.347583 0.608195
565 0.247581 0.597964 0.154454
3902 0.460080 0.297107 0.242813
3903 0.370430 0.600925 0.028645
3904 0.124145 0.671663 0.204191
3905 0.180187 0.675402 0.144410
3906 0.380592 0.453702 0.165706
595 0.128975 0.043157 0.827868
3871 0.205998 0.772606 0.021395
597 0.350577 0.077174 0.572249
3834 0.191515 0.239976 0.568509
588 0.115528 0.400279 0.484193
589 0.015598 0.391958 0.592444
591 0.132313 0.273658 0.594029
599 0.273182 0.273616 0.453202
587 0.831420 0.111105 0.057476
3829 0.046807 0.124251 0.828942
482 0.210600 0.730826 0.058575
584 0.117816 0.539252 0.342932
585 0.233973 0.463410 0.302617
2181 0.211923 0.023552 0.764525
4263 0.328254 0.073606 0.598140
2182 0.005550 0.418009 0.576441
2183 0.082136 0.479364 0.438501
2184 0.229823 0.430868 0.339309
3709 0.437163 0.484714 0.078123
3715 0.541605 0.124777 0.333617
621 0.895781 0.099069 0.005150
3819 0.743697 0.200624 0.055679
380 0.867887 0.054375 0.077738
384 0.751578 0.206165 0.042258
3861 0.354650 0.089565 0.555785
397 0.498283 0.422426 0.079291
3858 0.041922 0.525989 0.432089
4185 0.693694 0.027942 0.278363
3818 0.521509 0.239608 0.238883
394 0.796021 0.099374 0.104605
392 0.016012 0.275686 0.708302
3854 0.122559 0.437883 0.439557
441 0.355650 0.057636 0.586714
1996 0.476936 0.077241 0.445823
4184 0.529202 0.334316 0.136482
3817 0.078158 0.292209 0.629632
3853 0.078242 0.073697 0.848061
388 0.184162 0.019776 0.796062
387 0.478979 0.077032 0.443989
4188 0.058881 0.562491 0.378628
4189 0.319495 0.250402 0.430103
3489 0.162110 0.130753 0.707136
418 0.956131 0.000000 0.043869
416 0.573608 0.000000 0.426392
413 0.724274 0.275726 0.000000
3828 0.743973 0.134930 0.121097
390 0.112261 0.827217 0.060521
388 0.389514 0.598431 0.012055
3524 0.487643 0.161002 0.351355
110 0.121836 0.825491 0.052674
3868 0.062071 0.053264 0.884665
389 0.840436 0.151744 0.007820
3848 0.009943 0.179707 0.810350
3849 0.012402 0.961492 0.026106
386 0.229036 0.609783 0.161181
3504 0.114000 0.101169 0.784830
3556 0.197783 0.758297 0.043920
413 0.700979 0.299021 0.000000
412 0.463565 0.014768 0.521667
411 0.071093 0.484979 0.443928
3527 0.000000 0.186614 0.813386
3588 0.333133 0.000000 0.666867
3479 0.471847 0.448602 0.079551
2002 0.564996 0.288047 0.146957
3702 0.779907 0.000000 0.220093
2459 0.517821 0.292224 0.189955
2460 0.386456 0.422214 0.191329
2456 0.248435 0.507574 0.243991
4027 0.147604 0.543439 0.308957
4034 0.158866 0.435717 0.405417
2457 0.094956 0.463339 0.441705
4019 0.821887 0.023578 0.154534
2458 0.528008 0.375178 0.096814
2455 0.028560 0.206763 0.764677
2452 0.069544 0.878511 0.051944
3558 0.074868 0.255573 0.669559
3544 0.073019 0.293259 0.633723
337 0.633694 0.328222 0.038084
335 0.155816 0.246563 0.597621
331 0.653875 0.273919 0.072206
3549 0.856918 0.049275 0.093807
3588 0.099287 0.850261 0.050452
332 0.101292 0.496555 0.402153
360 0.323817 0.023642 0.652542
3554 0.226357 0.636916 0.136727
3537 0.126041 0.465859 0.408100
3535 0.114044 0.518515 0.367440
3559 0.190133 0.136613 0.673254
3536 0.876483 0.107278 0.016239
3545 0.769106 0.099227 0.131667
340 0.911501 0.052378 0.036121
3540 0.073742 0.061394 0.864864
3534 0.115491 0.516866 0.367643
3560 0.350616 0.059629 0.589755
3538 0.169458 0.030998 0.799543
348 0.402718 0.029345 0.567938
3583 0.378799 0.476655 0.144547
3580 0.390864 0.553742 0.055394
358 0.329678 0.023579 0.646744
3584 0.219985 0.717826 0.062190
3581 0.272225 0.113985 0.613790
3578 0.235430 0.166731 0.597839
345 0.309861 0.096934 0.593205
3579 0.293562 0.282777 0.423662
3586 0.245092 0.206215 0.548692
399 0.587359 0.202083 0.210557
401 0.713330 0.257019 0.029651
455 0.034011 0.465295 0.500694
452 0.162681 0.125422 0.711898
3576 0.278491 0.562427 0.159082
3573 0.342640 0.447118 0.210243
3570 0.394219 0.419227 0.186554
457 0.269702 0.139140 0.591158
454 0.349833 0.073748 0.576420
3568 0.374840 0.507520 0.117640
3493 0.157461 0.302552 0.539987
3501 0.293817 0.344322 0.361861
3498 0.389912 0.261895 0.348193
3495 0.134858 0.147518 0.717624
3567 0.168092 0.726379 0.105529
3564 0.353151 0.518233 0.128617
444 0.502497 0.029951 0.467552
3500 0.021374 0.373752 0.604874
445 0.263540 0.365331 0.371129
442 0.498462 0.174691 0.326847
473 0.640581 0.313881 0.045538
470 0.010736 0.394526 0.594737
469 0.004700 0.464381 0.530918
475 0.074483 0.324596 0.600921
472 0.180132 0.128403 0.691465
3499 0.374913 0.544416 0.080671
476 0.575880 0.078525 0.345596
460 0.711405 0.068198 0.220398
477 0.416227 0.307861 0.275912
474 0.578233 0.207803 0.213964
3491 0.406108 0.290337 0.303555
3502 0.359612 0.225362 0.415026
3490 0.309256 0.156103 0.534641
3488 0.329146 0.033016 0.637837
3487 0.031915 0.643987 0.324099
3486 0.229814 0.597850 0.172336
3485 0.260831 0.410710 0.328459
3482 0.359070 0.382857 0.258074
3483 0.275384 0.443070 0.281546
3484 0.179733 0.526695 0.293572
419 0.427697 0.086840 0.485464
417 0.402479 0.389774 0.207747
4266 0.047292 0.680882 0.271826
1992 0.096607 0.094215 0.809178
4265 0.046861 0.303969 0.649170
2001 0.047979 0.097239 0.854782
1990 0.115135 0.395112 0.489752
1991 0.199239 0.565212 0.235550
4193 0.164429 0.251176 0.584395
4190 0.279921 0.372773 0.347306
3588 0.093678 0.000000 0.906322
4329 0.229778 0.511548 0.258673
412 0.632765 0.000000 0.367235
2213 0.000000 0.478072 0.521928
411 0.771398 0.228602 0.000000
418 0.464650 0.354220 0.181131
416 0.418976 0.254388 0.326636
3489 0.081853 0.534371 0.383776
2006 0.226555 0.146007 0.627438
2235 0.415979 0.431292 0.152729
406 0.299200 0.514301 0.186499
405 0.586462 0.328538 0.084999
404 0.693640 0.306360 0.000000
410 0.791893 0.020770 0.187337
2090 0.344803 0.362568 0.292629
2094 0.163031 0.562638 0.274331
2093 0.241855 0.061532 0.696612
2091 0.314680 0.176547 0.508773
2095 0.517998 0.333860 0.148142
3616 0.143535 0.552307 0.304158
2099 0.256128 0.036649 0.707222
3615 0.699563 0.084715 0.215722
2105 0.314326 0.365495 0.320179
2102 0.374448 0.307751 0.317801
3677 0.473758 0.369422 0.156820
2164 0.006032 0.457488 0.536480
3696 0.363201 0.550442 0.086357
2149 0.615419 0.053635 0.330946
3667 0.217968 0.272297 0.509736
3669 0.279235 0.260174 0.460591
3668 0.399891 0.028215 0.571894
3649 0.629560 0.345645 0.024795
438 0.164182 0.140531 0.695287
3652 0.330103 0.200540 0.469357
3662 0.472307 0.019451 0.508242
3669 0.065553 0.918120 0.016327
423 0.083346 0.220343 0.696311
3673 0.357991 0.626768 0.015241
3670 0.341729 0.305587 0.352685
2138 0.618748 0.035680 0.345572
409 0.358230 0.569057 0.072713
3530 0.800020 0.056263 0.143718
3516 0.511486 0.044521 0.443993
2146 0.516091 0.308892 0.175017
1927 0.064340 0.837253 0.098407
3653 0.126565 0.024327 0.849109
2151 0.281756 0.618366 0.099878
2147 0.289074 0.506514 0.204412
3684 0.620321 0.100416 0.279263
2137 0.767188 0.069921 0.162891
2150 0.293976 0.498569 0.207455
2153 0.268206 0.590419 0.141375
3692 0.192251 0.727526 0.080223
3671 0.277219 0.184929 0.537852
3689 0.013086 0.178477 0.808437
3659 0.824409 0.116810 0.058781
3657 0.063992 0.840632 0.095375
3657 0.115800 0.043589 0.840611
2152 0.397183 0.356692 0.246125
2129 0.203361 0.277369 0.519271
2131 0.069733 0.792250 0.138017
2156 0.251751 0.452726 0.295523
2155 0.448451 0.130694 0.420855
2166 0.040646 0.550687 0.408667
2159 0.552749 0.117095 0.330156
3697 0.031226 0.273398 0.695376
3690 0.072768 0.169155 0.758077
2121 0.435261 0.115875 0.448864
3647 0.186782 0.623275 0.189943
3599 0.356263 0.607132 0.036605
3599 0.272851 0.000527 0.726622
2122 0.126212 0.020428 0.853360
3600 0.054044 0.663388 0.282567
3597 0.554540 0.063500 0.381960
3604 0.054897 0.317646 0.627457
3594 0.630525 0.314281 0.055194
2096 0.106114 0.612245 0.281641
4359 0.469540 0.412469 0.117991
4304 0.339327 0.370675 0.289998
4274 0.348738 0.081486 0.569776
2080 0.016854 0.507543 0.475603
2081 0.200214 0.710592 0.089195
4279 0.861227 0.079837 0.058936
4293 0.498244 0.070272 0.431485
4284 0.076825 0.607965 0.315211
4291 0.327896 0.227616 0.444488
2120 0.204507 0.366870 0.428623
2063 0.496510 0.308354 0.195135
4298 0.009473 0.567997 0.422530
4307 0.196119 0.786343 0.017538
4269 0.063192 0.361164 0.575644
3988 0.286201 0.324745 0.389054
4297 0.645773 0.199148 0.155080
4311 0.613211 0.263560 0.123229
4284 0.351615 0.635401 0.012984
2054 0.201683 0.119372 0.678944
4290 0.331136 0.326294 0.342570
2051 0.963262 0.036738 0.000000
2013 0.692333 0.090480 0.217188
2016 0.064788 0.697860 0.237352
4011 0.428676 0.488980 0.082344
2032 0.717390 0.026487 0.256124
4001 0.295595 0.479536 0.224869
2025 0.001437 0.006674 0.991889
2077 0.325280 0.419697 0.255024
2076 0.339136 0.090016 0.570848
2053 0.280541 0.156510 0.562949
2051 0.620378 0.379622 0.000000
4213 0.118945 0.298386 0.582669
2233 0.137802 0.277916 0.584283
2233 0.406404 0.548516 0.045080
2238 0.171858 0.670953 0.157190
4221 0.037697 0.378071 0.584232
3632 0.237930 0.755963 0.006107
3643 0.572783 0.355522 0.071694
4058 0.324630 0.590784 0.084586
3629 0.144870 0.602432 0.252698
4174 0.020473 0.697864 0.281663
2193 0.019629 0.165485 0.814887
4176 0.038669 0.956784 0.004548
3625 0.004185 0.054228 0.941587
3624 0.123578 0.023446 0.852976
3622 0.085163 0.901560 0.013276
4242 0.916432 0.001357 0.082211
4179 0.042365 0.841272 0.116362
4210 0.034046 0.142855 0.823099
4170 0.263496 0.304110 0.432394
4171 0.321225 0.501873 0.176901
2498 0.291522 0.053086 0.655392
2191 0.730286 0.024583 0.245131
2192 0.365788 0.634212 0.000000
2088 0.012864 0.807603 0.179533
4054 0.860426 0.067958 0.071616
4246 0.028129 0.898018 0.073853
4244 0.048606 0.066835 0.884559
4240 0.008327 0.028421 0.963252
4211 0.652937 0.072084 0.274979
4209 0.426690 0.078800 0.494510
4894 0.133230 0.756331 0.110438
4261 0.540894 0.192804 0.266303
1978 0.269156 0.693665 0.037179
2246 0.328514 0.649880 0.021606
1972 0.753536 0.169552 0.076912
2228 0.017857 0.156688 0.825456
4234 0.281247 0.288411 0.430342
1980 0.683339 0.278362 0.038299
2210 0.340097 0.208789 0.451114
3929 0.771499 0.017263 0.211238
3928 0.348795 0.200276 0.450929
4344 0.618126 0.095571 0.286303
4345 0.109271 0.385069 0.505660
2233 0.829920 0.111308 0.058771
2238 0.623971 0.183426 0.192602
2239 0.243493 0.552620 0.203887
2240 0.073049 0.770518 0.156432
2241 0.821051 0.104063 0.074886
4227 0.809274 0.140917 0.049809
4228 0.674656 0.035736 0.289608
4218 0.314293 0.244930 0.440776
2234 0.550589 0.016136 0.433275
368 0.309616 0.215923 0.474461
3875 0.432050 0.008683 0.559267
2176 0.134170 0.844449 0.021380
4260 0.544863 0.065574 0.389564
4259 0.031740 0.363693 0.604567
2186 0.783401 0.210237 0.006362
4258 0.823837 0.101249 0.074914
2175 0.204876 0.706314 0.088810
4255 0.694721 0.044142 0.261137
2172 0.636705 0.317969 0.045326
4177 0.000000 0.664258 0.335742
61 0.407658 0.592342 0.000000
4483 0.040101 0.075058 0.884840
4886 0.118961 0.092762 0.788277
15 0.031186 0.864268 0.104546
16 0.043495 0.853296 0.103209
18 0.447782 0.391324 0.160894
4861 0.898998 0.098425 0.002577
2007 0.280191 0.649370 0.070439
1985 0.630960 0.143028 0.226012
1982 0.274711 0.367617 0.357672
1983 0.498909 0.249878 0.251214
4060 0.329981 0.345295 0.324724
4895 0.162353 0.583168 0.254478
2208 0.274943 0.673867 0.051190
1976 0.633676 0.152854 0.213470
4195 0.137178 0.686465 0.176357
4204 0.125278 0.637245 0.237476
336 0.000000 0.192263 0.807737
416 0.326841 0.146843 0.526316
415 0.532796 0.098945 0.368259
418 0.502528 0.130818 0.366655
1992 0.102924 0.829217 0.067859
4265 0.786842 0.152858 0.060299
3774 0.338492 0.380004 0.281504
2004 0.055275 0.761023 0.183702
1968 0.113597 0.443267 0.443136
1987 0.036746 0.694716 0.268538
4348 0.686139 0.088019 0.225842
4349 0.335543 0.182627 0.481830
1994 0.172584 0.732430 0.094986
1965 0.146315 0.238360 0.615326
1949 0.079372 0.477598 0.443030
4327 0.020756 0.640982 0.338262
4327 0.959666 0.022162 0.018172
1948 0.698851 0.012777 0.288372
4336 0.384826 0.229354 0.385820
1934 0.148986 0.397311 0.453703
1933 0.046689 0.602175 0.351136
1933 0.752995 0.014751 0.232254
1932 0.667508 0.285616 0.046877
2812 0.108272 0.266440 0.625287
1962 0.657055 0.008957 0.333988
4378 0.787280 0.193168 0.019552
4377 0.827798 0.031622 0.140580
1959 0.731331 0.189358 0.079311
4332 0.209368 0.171416 0.619216
2844 0.560714 0.017405 0.421881
4328 0.037232 0.408810 0.553958
4353 0.052649 0.757537 0.189814
4378 0.088757 0.463716 0.447527
1958 0.280502 0.700148 0.019350
4331 0.842311 0.112694 0.044994
1956 0.606999 0.385409 0.007592
4377 0.051635 0.074118 0.874248
4376 0.096845 0.273116 0.630039
2811 0.564843 0.073670 0.361487
2845 0.287201 0.290265 0.422535
1951 0.805791 0.083700 0.110509
1950 0.456116 0.377080 0.166804
4366 0.188889 0.140780 0.670331
4361 0.313531 0.259359 0.427111
2065 0.463790 0.159440 0.376770
1952 0.341468 0.527664 0.130867
1951 0.051961 0.775913 0.172125
2809 0.381559 0.200941 0.417500
2410 0.060787 0.298015 0.641198
4087 0.451374 0.361672 0.186953
2047 0.266418 0.324024 0.409557
4153 0.188405 0.573177 0.238419
2010 0.024348 0.930279 0.045373
2052 0.612992 0.320562 0.066446
4289 0.810029 0.089007 0.100963
2057 0.164080 0.324926 0.510994
2057 0.132200 0.066183 0.801617
4285 0.762003 0.079411 0.158587
4285 0.316758 0.000000 0.683242
2069 0.087839 0.841680 0.070481
2069 0.171970 0.350338 0.477692
4314 0.189449 0.316426 0.494125
2085 0.817573 0.028997 0.153430
4289 0.181481 0.343696 0.474823
2053 0.928491 0.007481 0.064028
4280 0.011341 0.229003 0.759656
4294 0.104741 0.402135 0.493123
2052 0.171347 0.273085 0.555567
2051 0.058213 0.429986 0.511801
2050 0.014922 0.416874 0.568204
4318 0.039503 0.670571 0.289926
2049 0.000000 0.194019 0.805981
2048 0.000000 0.388786 0.611214
2048 0.283854 0.377284 0.338862
2048 0.508158 0.289975 0.201867
2048 0.846860 0.091151 0.061989
4000 0.993781 0.000000 0.006219
4000 0.541567 0.000000 0.458433
4000 0.079060 0.000000 0.920940
3994 0.597213 0.268518 0.134268
3994 0.239007 0.410138 0.350855
2035 0.000000 0.444927 0.555073
3996 0.008067 0.873913 0.118019
2464 0.030444 0.369583 0.599973
4010 0.064651 0.541165 0.394184
4004 0.568903 0.431097 0.000000
4004 0.363283 0.187497 0.449221
4294 0.781457 0.134091 0.084452
2074 0.340058 0.390824 0.269117
2072 0.229049 0.268808 0.502144
2070 0.000000 0.751669 0.248331
2070 0.327612 0.553379 0.119009
2070 0.645037 0.354963 0.000000
2070 0.848397 0.151603 0.000000
2028 0.000000 0.000000 1.000000
4002 0.021472 0.805391 0.173138
4002 0.005316 0.500942 0.493742
4002 0.137212 0.004338 0.858449
4000 0.482244 0.000000 0.517756
4000 0.055263 0.000000 0.944737
2042 0.411907 0.588093 0.000000
2042 0.043383 0.956617 0.000000
2017 1.000000 0.000000 0.000000
2037 0.785704 0.214296 0.000000
2037 0.459135 0.511359 0.029506
2037 0.093815 0.860071 0.046114
2037 0.000000 0.849097 0.150903
4006 0.685651 0.007955 0.306394
3999 0.032746 0.000000 0.967254
4286 0.585138 0.414862 0.000000
4318 0.147692 0.293642 0.558666
2042 0.000000 0.008900 0.991100
2464 0.083015 0.627909 0.289076
2462 0.012653 0.739795 0.247553
2044 0.602613 0.378741 0.018646
4010 0.248213 0.166085 0.585702
4007 0.226853 0.728549 0.044598
2037 0.000000 0.218339 0.781661
2037 0.293303 0.009486 0.697211
4008 0.447516 0.511573 0.040911
4008 0.416987 0.308584 0.274429
2028 0.000000 0.398478 0.601522
2042 0.049521 0.495763 0.454716
2042 0.383017 0.100416 0.516566
4002 0.519133 0.057170 0.423697
2042 0.000000 0.579676 0.420324
4002 0.874125 0.101731 0.024144
2042 0.347055 0.622748 0.030197
2042 0.000000 0.969077 0.030923
2017 1.000000 0.000000 0.000000
2028 0.000000 0.933411 0.066589
2037 0.790564 0.000000 0.209436
2037 0.483298 0.256322 0.260380
2037 0.029821 0.660477 0.309702
2037 0.000000 0.592786 0.407214
2045 0.805000 0.039063 0.155937
2044 0.165105 0.834895 0.000000
2044 0.110488 0.146992 0.742520
4023 0.848595 0.131341 0.020064
4016 0.852021 0.071827 0.076152
2471 0.475554 0.314339 0.210106
4018 0.275133 0.456427 0.268440
4015 0.176138 0.142759 0.681103
3985 0.859786 0.095623 0.044591
3934 0.241405 0.489296 0.269299
4020 0.582406 0.188669 0.228925
4017 0.083373 0.130100 0.786527
4130 0.014801 0.658500 0.326699
4023 0.223430 0.098828 0.677742
4016 0.382342 0.173653 0.444005
2471 0.002532 0.947972 0.049497
2478 0.084772 0.726610 0.188618
2476 0.242451 0.354270 0.403280
2502 0.759911 0.107927 0.132161
3932 0.114779 0.160567 0.724654
4020 0.008408 0.052713 0.938879
3938 0.554413 0.139136 0.306451
3978 0.417035 0.000422 0.582543
4014 0.221245 0.168670 0.610085
3952 0.237791 0.469648 0.292562
2480 0.405912 0.581396 0.012692
2478 0.053220 0.196196 0.750584
4064 0.931897 0.012395 0.055709
4061 0.330838 0.257519 0.411644
4128 0.317010 0.068488 0.614503
2426 0.102166 0.615719 0.282115
3957 0.152732 0.105480 0.741788
4152 0.176415 0.177780 0.645805
3956 0.272233 0.037834 0.689934
2427 0.028767 0.262481 0.708752
2473 0.008566 0.574404 0.417030
3948 0.656755 0.243160 0.100085
4065 0.273966 0.433534 0.292499
4062 0.089147 0.164279 0.746574
4120 0.409773 0.553529 0.036698
2415 0.518952 0.311118 0.169930
2412 0.057513 0.078612 0.863876
2432 0.845409 0.000000 0.154591
2415 0.037611 0.137040 0.825349
2448 0.000000 0.722993 0.277007
4041 0.681909 0.212496 0.105596
4152 0.018351 0.851945 0.129704
4105 0.527211 0.006741 0.466048
2489 0.623289 0.000000 0.376711
2491 0.098976 0.015976 0.885048
4121 0.877327 0.108156 0.014518
2504 0.573552 0.000000 0.426448
2501 0.427838 0.349488 0.222674
2491 0.751673 0.033225 0.215102
4128 0.899057 0.034864 0.066079
4039 0.300732 0.605270 0.093998
2430 0.380119 0.211290 0.408591
3964 0.280638 0.321287 0.398075
2440 0.361646 0.355171 0.283183
4101 0.545213 0.196235 0.258552
4102 0.335285 0.462909 0.201806
2551 0.203792 0.262538 0.533670
4042 0.353274 0.378569 0.268157
2538 0.201261 0.260548 0.538191
4107 0.588332 0.400582 0.011086
2488 0.166999 0.089099 0.743902
2547 0.107091 0.121418 0.771491
2547 0.259066 0.275070 0.465864
4118 0.019263 0.262319 0.718417
3974 0.509704 0.405141 0.085155
3971 0.078997 0.801678 0.119325
3971 0.063860 0.059532 0.876608
4114 0.051824 0.140635 0.807541
4114 0.189767 0.198358 0.611875
4114 0.522220 0.314467 0.163313
2543 0.602190 0.080257 0.317553
3941 0.192247 0.707172 0.100580
4124 0.228722 0.622502 0.148776
2448 0.468654 0.489227 0.042119
4124 0.803652 0.150530 0.045818
2539 0.398036 0.127715 0.474249
4101 0.197294 0.746120 0.056586
4147 0.250333 0.077622 0.672045
4145 0.341431 0.329221 0.329347
4144 0.027714 0.802992 0.169294
4144 0.261656 0.485602 0.252742
4138 0.152365 0.460954 0.386681
4139 0.132173 0.781449 0.086378
2546 0.230287 0.696876 0.072837
2546 0.862738 0.050476 0.086786
3972 0.456108 0.205040 0.338852
3971 0.510176 0.399628 0.090196
4117 0.289756 0.336491 0.373753
4113 0.703658 0.296342 0.000000
4112 0.507822 0.081220 0.410959
4108 0.340527 0.612038 0.047435
2540 0.538354 0.067481 0.394165
2540 0.714586 0.046115 0.239299
3965 0.848034 0.048671 0.103295
3965 0.529106 0.268633 0.202261
3965 0.321598 0.337702 0.340701
4106 0.507094 0.016793 0.476113
2537 0.246827 0.186742 0.566431
2502 0.008985 0.411883 0.579132
2543 0.449915 0.389334 0.160751
2416 0.251355 0.396275 0.352369
2550 0.489360 0.419323 0.091316
2416 0.283323 0.133595 0.583082
2550 0.166423 0.532592 0.300985
4150 0.012995 0.766730 0.220274
2552 0.465145 0.329424 0.205431
4134 0.396999 0.290879 0.312122
4134 0.067512 0.602324 0.330164
4115 0.028849 0.389208 0.581942
2545 0.696236 0.158161 0.145603
4116 0.452704 0.009602 0.537693
2445 0.596216 0.277616 0.126168
2469 0.000000 0.588520 0.411480
3971 0.758001 0.152946 0.089053
4117 0.138428 0.759251 0.102322
4117 0.698516 0.283018 0.018465
2469 0.473893 0.104081 0.422027
2541 0.000000 0.264002 0.735998
4109 0.211735 0.194873 0.593392
4131 0.015109 0.842816 0.142075
4131 0.349682 0.592609 0.057709
4131 0.751250 0.056337 0.192413
4104 0.455548 0.282733 0.261719
4104 0.699331 0.151388 0.149281
4124 0.000000 0.019760 0.980240
4066 0.193436 0.779882 0.026682
3974 0.223283 0.776717 0.000000
3807 0.668247 0.038283 0.293470
3618 0.597799 0.295886 0.106315
2224 0.455092 0.023140 0.521768
2190 0.348165 0.024478 0.627357
4165 0.268041 0.649320 0.082639
3805 0.418232 0.191158 0.390610
3641 0.145749 0.332827 0.521424
3628 0.025635 0.512057 0.462308
2492 0.640237 0.268436 0.091327
2493 0.509300 0.342249 0.148451
2523 0.013482 0.055425 0.931093
2221 0.947533 0.052087 0.000380
4047 0.111439 0.867835 0.020726
2527 0.110323 0.046546 0.843131
974 0.025378 0.933400 0.041222
4094 0.005874 0.920983 0.073144
2520 0.046220 0.824415 0.129365
4176 0.239214 0.002163 0.758623
4169 0.804092 0.020153 0.175755
980 0.890147 0.057896 0.051956
2846 0.141267 0.505747 0.352986
2847 0.118810 0.441040 0.440150
2329 0.052455 0.428102 0.519443
2330 0.222068 0.262108 0.515824
3477 0.422117 0.236772 0.341111
2294 0.426166 0.250208 0.323626
2864 0.890911 0.072632 0.036457
2327 0.924678 0.069068 0.006254
4095 0.103501 0.080994 0.815505
2849 0.694944 0.076794 0.228262
2580 0.504057 0.016434 0.479509
1340 0.175635 0.608591 0.215774
2255 0.083060 0.685176 0.231764
2898 0.166701 0.193673 0.639625
2254 0.045667 0.630119 0.324214
2886 0.015257 0.328868 0.655875
2884 0.826218 0.032280 0.141501
2304 0.378695 0.494540 0.126765
2303 0.390573 0.530343 0.079084
2302 0.340945 0.529595 0.129460
2301 0.501258 0.126901 0.371842
2300 0.403868 0.030778 0.565353
2307 0.438363 0.502520 0.059117
2875 0.063077 0.798038 0.138885
2318 0.019583 0.054832 0.925585
2309 0.043726 0.044872 0.911401
2877 0.086253 0.113909 0.799838
2260 0.376194 0.410431 0.213375
2261 0.381433 0.513760 0.104807
2901 0.760078 0.015396 0.224525
2902 0.108642 0.654555 0.236803
2251 0.326412 0.377660 0.295929
2897 0.425532 0.450807 0.123661
2896 0.778446 0.116726 0.104828
2257 0.854950 0.141771 0.003279
2894 0.971172 0.016745 0.012083
4074 0.113708 0.122640 0.763653
2866 0.310889 0.047245 0.641867
2859 0.402145 0.014529 0.583325
2904 0.612486 0.367592 0.019922
2879 0.590828 0.277804 0.131368
2325 0.460123 0.395674 0.144203
2326 0.196886 0.130176 0.672938
2863 0.003878 0.810202 0.185920
2266 0.971445 0.019222 0.009334
2309 0.006728 0.721683 0.271589
2877 0.644840 0.085996 0.269164
2878 0.528022 0.341813 0.130165
2906 0.337239 0.257173 0.405587
2824 0.242747 0.262098 0.495155
2854 0.338139 0.379588 0.282273
2290 0.546653 0.115099 0.338248
2263 0.122212 0.378651 0.499137
2856 0.340300 0.656393 0.003307
2319 0.632928 0.224502 0.142570
2880 0.004823 0.671339 0.323838
2312 0.218126 0.087663 0.694211
2285 0.139254 0.075362 0.785384
2883 0.366251 0.281288 0.352460
2316 0.090928 0.820357 0.088715
2860 0.146680 0.641961 0.211360
2268 0.118677 0.553504 0.327818
2905 0.814232 0.087072 0.098696
2907 0.191006 0.179794 0.629201
2253 0.334250 0.454612 0.211137
2252 0.335223 0.541525 0.123252
2888 0.802246 0.040969 0.156785
2889 0.012945 0.816138 0.170917
2255 0.893703 0.023475 0.082822
2893 0.029120 0.150134 0.820747
2256 0.070671 0.758129 0.171200
2818 0.186561 0.008383 0.805056
2259 0.106404 0.759194 0.134402
2820 0.223831 0.203936 0.572234
2313 0.246808 0.690864 0.062328
2822 0.000000 0.713320 0.286680
2274 0.291432 0.608523 0.100045
2890 0.009669 0.650136 0.340195
2258 0.037120 0.701154 0.261726
2266 0.080975 0.183586 0.735439
2882 0.021163 0.009612 0.969225
2313 0.072615 0.192476 0.734908
2887 0.793515 0.106672 0.099814
2852 0.506035 0.174811 0.319154
2281 0.098366 0.751893 0.149741
2282 0.222496 0.564439 0.213065
2277 0.160670 0.612165 0.227165
2815 0.888902 0.086138 0.024961
2814 0.011867 0.142794 0.845338
2373 0.540250 0.374272 0.085478
2582 0.619328 0.050122 0.330550
2583 0.037807 0.433249 0.528944
2585 0.168579 0.156973 0.674448
2844 0.249434 0.713181 0.037385
2843 0.401562 0.088415 0.510023
2385 0.007564 0.503413 0.489023
2841 0.599054 0.045859 0.355087
2840 0.630356 0.014179 0.355466
2382 0.082788 0.619570 0.297642
2381 0.319133 0.430400 0.250467
2800 0.000092 0.537283 0.462625
2380 0.476438 0.023829 0.499733
2683 0.000000 0.627558 0.372442
2743 0.083244 0.620367 0.296389
2376 0.190917 0.327628 0.481454
2375 0.421869 0.304149 0.273981
2770 0.161830 0.371983 0.466187
2659 0.189659 0.009816 0.800525
1521 0.092534 0.524699 0.382767
2925 0.574574 0.230457 0.194968
2926 0.624510 0.199403 0.176088
2927 0.563500 0.135502 0.300998
2839 0.488798 0.450149 0.061053
2839 0.042695 0.159741 0.797565
2837 0.587052 0.179712 0.233236
2837 0.220991 0.296247 0.482762
2587 0.148047 0.485975 0.365978
2577 0.085715 0.101696 0.812589
2576 0.002120 0.389033 0.608847
1534 0.104330 0.209210 0.686460
2581 0.149102 0.532659 0.318239
2979 0.090328 0.450559 0.459113
2830 0.389625 0.504580 0.105795
2831 0.663217 0.163603 0.173180
2833 0.449570 0.275328 0.275102
2401 0.568760 0.410218 0.021022
2401 0.268056 0.000000 0.731944
2400 0.005740 0.412044 0.582216
2979 0.920581 0.051217 0.028202
2398 0.131477 0.497002 0.371521
2832 0.537494 0.388075 0.074431
2334 0.188917 0.699981 0.111102
2976 0.000000 0.281780 0.718220
2368 0.740685 0.259315 0.000000
2990 0.807328 0.092123 0.100549
2391 0.240726 0.556921 0.202354
3021 0.340251 0.488285 0.171464
2393 0.654111 0.141629 0.204260
2394 0.885933 0.034810 0.079257
2908 0.085552 0.115328 0.799120
2827 0.142023 0.054246 0.803731
2828 0.093621 0.343291 0.563088
2346 0.213682 0.317239 0.469079
2988 0.240046 0.564542 0.195412
2989 0.275342 0.222435 0.502223
2990 0.080084 0.195874 0.724042
2333 0.081423 0.897818 0.020758
2973 0.603026 0.000000 0.396974
2393 0.013776 0.820652 0.165571
2394 0.107906 0.845433 0.046661
2394 0.050155 0.013152 0.936693
2395 0.047344 0.091695 0.860961
2969 0.132724 0.124867 0.742409
1359 0.145172 0.771205 0.083622
2335 0.779333 0.220667 0.000000
2977 0.658983 0.229662 0.111355
2978 0.455596 0.086345 0.458058
2370 0.653344 0.346656 0.000000
2392 0.230443 0.540378 0.229178
2341 0.048898 0.121602 0.829500
2342 0.054853 0.000000 0.945147
2750 0.941230 0.019761 0.039009
1356 0.893212 0.056269 0.050519
2345 0.199960 0.237642 0.562398
2362 0.279110 0.346840 0.374050
3020 0.426887 0.180173 0.392940
2995 0.231456 0.222514 0.546030
2994 0.245007 0.229790 0.525202
2993 0.291060 0.063849 0.645091
2332 0.342740 0.528281 0.128978
2331 0.237918 0.710135 0.051947
2338 0.206510 0.775864 0.017626
2971 0.071257 0.753897 0.174846
2970 0.011583 0.910426 0.077992
3008 0.084504 0.348173 0.567323
1929 0.662238 0.126898 0.210864
2409 0.450989 0.228972 0.320039
3018 0.405300 0.339249 0.255452
3017 0.457897 0.237913 0.304190
2367 0.354217 0.092101 0.553682
3015 0.455322 0.343468 0.201210
3014 0.587097 0.099823 0.313080
2355 0.531906 0.321048 0.147045
2354 0.168168 0.717402 0.114430
2353 0.127164 0.871815 0.001020
3010 0.094051 0.706104 0.199845
2351 0.003340 0.885350 0.111310
2935 0.103921 0.349975 0.546103
2937 0.357725 0.342459 0.299816
2965 0.059220 0.468578 0.472202
1766 0.128305 0.619412 0.252283
3002 0.068429 0.838792 0.092779
1502 0.152238 0.772584 0.075179
1501 0.535421 0.363331 0.101249
2999 0.424071 0.294551 0.281378
1498 0.619126 0.071632 0.309242
2997 0.503475 0.454616 0.041909
2996 0.390895 0.473741 0.135364
1503 0.435061 0.203537 0.361402
1495 0.546671 0.391706 0.061622
1589 0.538876 0.243431 0.217693
2932 0.115370 0.752133 0.132497
1490 0.253841 0.703193 0.042966
1490 0.012259 0.017308 0.970433
1487 0.675002 0.070064 0.254934
1328 0.422666 0.523307 0.054027
1583 0.545673 0.423450 0.030877
1566 0.500201 0.274305 0.225494
1565 0.464674 0.438544 0.096782
2596 0.160317 0.433765 0.405918
2661 0.615953 0.213432 0.170614
1542 0.101617 0.296439 0.601944
1536 0.213290 0.207957 0.578753
2404 0.059727 0.206138 0.734135
1514 0.158561 0.337775 0.503664
1457 0.051228 0.390037 0.558736
2913 0.259487 0.293029 0.447484
2936 0.242706 0.128783 0.628510
2938 0.640103 0.186909 0.172988
1508 0.258120 0.231516 0.510364
2963 0.445776 0.245843 0.308382
2947 0.213282 0.212677 0.574041
2944 0.552628 0.238883 0.208489
2914 0.657046 0.111649 0.231305
1530 0.344230 0.645356 0.010414
1513 0.727286 0.139942 0.132771
2627 0.109881 0.349631 0.540488
1594 0.040950 0.093260 0.865790
1596 0.222863 0.592371 0.184765
1334 0.037753 0.330742 0.631505
2924 0.266446 0.184964 0.548590
2958 0.082725 0.221492 0.695782
2627 0.099088 0.742431 0.158481
1594 0.039192 0.489347 0.471461
1536 0.174691 0.650568 0.174741
1518 0.200244 0.454608 0.345148
2953 0.144980 0.614375 0.240646
2964 0.301192 0.268782 0.430027
1486 0.667422 0.069862 0.262716
1504 0.336732 0.158838 0.504430
2948 0.233601 0.235321 0.531078
1448 0.818016 0.072155 0.109829
2946 0.311744 0.299313 0.388943
2944 0.170174 0.521696 0.308130
2946 0.139939 0.477769 0.382291
1448 0.789475 0.210525 0.000000
1448 0.073320 0.926680 0.000000
1476 0.573391 0.426609 0.000000
1480 0.317064 0.542060 0.140876
1450 0.495647 0.234352 0.270001
2642 0.134504 0.174618 0.690878
2643 0.327436 0.160361 0.512203
2644 0.228788 0.249626 0.521586
2644 0.304944 0.079097 0.615959
1467 0.890158 0.109842 0.000000
1302 0.166263 0.247097 0.586640
2788 0.182941 0.260575 0.556483
2641 0.502716 0.225178 0.272107
2952 0.555120 0.229926 0.214954
2825 0.359725 0.481073 0.159202
2949 0.136224 0.296933 0.566843
1463 0.165594 0.551871 0.282535
1455 0.382601 0.487796 0.129603
1453 0.238935 0.068360 0.692705
2644 0.394478 0.391435 0.214086
2826 0.025976 0.579192 0.394832
1299 0.345805 0.132495 0.521700
1475 0.405967 0.445621 0.148412
1301 0.741320 0.136476 0.122204
1467 0.878739 0.121261 0.000000
2794 0.084167 0.054229 0.861603
1304 0.701944 0.250341 0.047715
2794 0.180048 0.244667 0.575285
1304 0.031349 0.000000 0.968651
1295 0.458771 0.454945 0.086284
2767 0.052376 0.772262 0.175361
2743 0.342142 0.610456 0.047403
2786 0.284721 0.574813 0.140466
1299 0.487020 0.152099 0.360881
2636 0.497009 0.259709 0.243282
1584 0.069461 0.357896 0.572644
2674 0.286936 0.217295 0.495769
2633 0.029257 0.076976 0.893768
1569 0.053594 0.693386 0.253020
2679 0.801177 0.028513 0.170310
1603 0.310073 0.475454 0.214472
2670 0.574435 0.157581 0.267985
1572 0.510589 0.410489 0.078922
1581 0.354226 0.208539 0.437235
1582 0.491682 0.355388 0.152931
2631 0.000000 0.562397 0.437603
2656 0.390995 0.502498 0.106507
2654 0.123946 0.684549 0.191505
2629 0.032339 0.776961 0.190699
2681 0.402575 0.114829 0.482596
2675 0.391213 0.231002 0.377786
1567 0.142502 0.169085 0.688413
2678 0.328080 0.539094 0.132826
1586 0.224483 0.363877 0.411640
1585 0.506140 0.391674 0.102186
1579 0.250091 0.256099 0.493810
2671 0.378270 0.090235 0.531495
1602 0.417201 0.069595 0.513203
1598 0.475498 0.227397 0.297104
1600 0.038975 0.425505 0.535520
2667 0.260020 0.561224 0.178756
1329 0.120364 0.314335 0.565300
1597 0.314431 0.590079 0.095490
1591 0.260398 0.354969 0.384633
2663 0.057695 0.627024 0.315281
1541 0.333591 0.448774 0.217635
1537 0.356357 0.587551 0.056092
2592 0.331131 0.319450 0.349419
2589 0.446345 0.242702 0.310953
2658 0.627641 0.350817 0.021542
1545 0.595496 0.190565 0.213939
2622 0.275970 0.066547 0.657483
1559 0.087011 0.132576 0.780413
2577 0.034163 0.902058 0.063779
2578 0.167928 0.345115 0.486956
1593 0.171374 0.349546 0.479080
2579 0.501919 0.034461 0.463621
2599 0.229409 0.443775 0.326816
1562 0.118493 0.880398 0.001109
2620 0.860676 0.125669 0.013655
1558 0.047772 0.363018 0.589210
1549 0.434276 0.300842 0.264883
1554 0.274423 0.266452 0.459125
2584 0.238241 0.724017 0.037742
1546 0.060220 0.863967 0.075813
2621 0.097086 0.234056 0.668859
1556 0.548514 0.059399 0.392087
2625 0.055162 0.809833 0.135004
1551 0.724220 0.253011 0.022769
2682 0.149136 0.829812 0.021052
2602 0.017868 0.952223 0.029909
2795 0.052273 0.886571 0.061156
2611 0.389044 0.157848 0.453108
1444 0.048822 0.737915 0.213263
2763 0.173106 0.099143 0.727751
1330 0.168778 0.012678 0.818544
1341 0.091606 0.779992 0.128402
1336 0.178284 0.813438 0.008278
1332 0.892933 0.082195 0.024871
1331 0.051613 0.097702 0.850684
2878 0.018427 0.326109 0.655464
2685 0.526086 0.337660 0.136255
3418 0.195535 0.247830 0.556635
2759 0.034866 0.375566 0.589568
2755 0.040271 0.412057 0.547672
2751 0.046839 0.051221 0.901940
2752 0.101739 0.493694 0.404567
2751 0.000000 0.679540 0.320460
2749 0.000000 0.754704 0.245296
1353 0.000000 0.102522 0.897478
1345 0.044675 0.068795 0.886529
2756 0.221523 0.175620 0.602857
2766 0.253927 0.100018 0.646054
1361 0.000000 0.045259 0.954741
1361 0.099724 0.808697 0.091579
1358 0.170410 0.722792 0.106797
2746 0.063146 0.839926 0.096928
1352 0.195916 0.289032 0.515051
2778 0.133907 0.568425 0.297668
1290 0.330105 0.288056 0.381838
2782 0.168067 0.063993 0.767939
1302 0.987303 0.012697 0.000000
1287 0.597592 0.164157 0.238251
1287 0.553642 0.358782 0.087576
2780 0.045715 0.392239 0.562046
1307 0.901152 0.088289 0.010559
1309 0.859188 0.051190 0.089622
1303 0.270962 0.708312 0.020726
2784 0.152870 0.537102 0.310028
1351 0.292611 0.613819 0.093570
1317 0.371197 0.178022 0.450781
2702 0.674428 0.016550 0.309023
1319 0.402309 0.535971 0.061720
1318 0.622197 0.321735 0.056068
1422 0.416232 0.551261 0.032508
1366 0.721612 0.030160 0.248229
1404 0.773560 0.032685 0.193755
2694 0.010958 0.241015 0.748027
2695 0.054475 0.398985 0.546540
1307 0.105772 0.832122 0.062105
2737 0.888306 0.030045 0.081649
1310 0.100456 0.805938 0.093606
2696 0.113508 0.140273 0.746219
1298 0.437819 0.485610 0.076570
2741 0.425754 0.503260 0.070986
1314 0.156622 0.471306 0.372072
1306 0.644039 0.278026 0.077935
1322 0.420827 0.483845 0.095328
2711 0.005228 0.696726 0.298046
1316 0.144646 0.673625 0.181730
2704 0.089439 0.159969 0.750592
1313 0.358528 0.569291 0.072180
1312 0.651604 0.300679 0.047717
2740 0.177565 0.589443 0.232991
1306 0.097274 0.806335 0.096391
1311 0.064901 0.516583 0.418516
1419 0.366919 0.628091 0.004990
2697 0.087855 0.803603 0.108543
2686 0.229923 0.091699 0.678378
2687 0.750027 0.183710 0.066263
1418 0.828594 0.031400 0.140005
2713 0.044112 0.241691 0.714197
1416 0.546995 0.371123 0.081882
1423 0.470236 0.423670 0.106094
1415 0.493142 0.476286 0.030572
319 0.034330 0.091704 0.873966
109 0.045918 0.726798 0.227284
117 0.051532 0.466405 0.482064
3796 0.076417 0.539770 0.383813
1981 0.367253 0.588775 0.043973
2732 0.186857 0.755861 0.057282
1399 0.600508 0.131324 0.268169
1425 0.738695 0.151703 0.109602
1400 0.619779 0.116143 0.264077
1411 0.425813 0.386688 0.187499
3310 0.028056 0.427849 0.544094
2738 0.101694 0.474367 0.423939
1426 0.655671 0.307254 0.037075
2716 0.228214 0.080528 0.691258
1414 0.055883 0.681804 0.262313
1407 0.255465 0.449534 0.295002
1408 0.471668 0.231817 0.296515
53 0.291692 0.005723 0.702585
1398 0.209837 0.427830 0.362334
1397 0.445865 0.169610 0.384525
