15379 0.331514 0.394724 0.273762
15432 0.128921 0.844008 0.027071
13645 0.734330 0.025620 0.240050
14496 0.100580 0.857232 0.042188
13456 0.066255 0.927908 0.005837
13305 0.181804 0.739069 0.079127
13689 0.069930 0.793088 0.136982
8994 0.633025 0.160429 0.206546
13692 0.015108 0.890582 0.094310
1696 0.083318 0.703495 0.213187
14032 0.282501 0.484089 0.233410
8024 0.156282 0.808314 0.035404
8078 0.678339 0.090598 0.231063
13214 0.120347 0.613816 0.265838
9026 0.755358 0.244642 0.000000
15248 0.174964 0.785393 0.039644
8986 0.117153 0.549044 0.333803
9035 0.100566 0.668341 0.231093
13371 0.370791 0.434792 0.194417
8642 0.540143 0.012351 0.447506
16546 0.530593 0.089975 0.379431
8635 0.404901 0.187352 0.407746
14265 0.574189 0.263884 0.161928
9025 0.626199 0.111852 0.261949
16578 0.217445 0.035655 0.746900
468 0.341942 0.402120 0.255938
638 0.227203 0.342067 0.430730
18452 0.383051 0.148551 0.468398
648 0.081958 0.325671 0.592371
18411 0.317512 0.486471 0.196017
18456 0.623701 0.001202 0.375097
4079 0.144211 0.574228 0.281561
5145 0.092530 0.326458 0.581012
17587 0.729342 0.061570 0.209088
587 0.408671 0.222928 0.368400
17120 0.441297 0.480933 0.077770
330 0.071154 0.161243 0.767603
17715 0.205997 0.457338 0.336665
17454 0.040300 0.814574 0.145126
17271 0.356542 0.271672 0.371787
4140 0.585083 0.005675 0.409242
16069 0.276599 0.613538 0.109863
18317 0.616071 0.251079 0.132849
4585 0.596244 0.348520 0.055237
4610 0.029292 0.607473 0.363235
310 0.421671 0.355791 0.222538
177 0.353194 0.075217 0.571589
18266 0.011820 0.934688 0.053492
4228 0.909524 0.044191 0.046285
339 0.493079 0.502327 0.004594
18242 0.197399 0.411336 0.391265
205 0.269232 0.465060 0.265708
15855 0.086513 0.480688 0.432799
1084 0.010840 0.480590 0.508570
1135 0.074808 0.478945 0.446247
16533 0.167576 0.774713 0.057711
334 0.596024 0.075522 0.328454
15247 0.052026 0.551081 0.396892
13944 0.576377 0.139081 0.284542
8759 0.612028 0.253023 0.134948
9113 0.551181 0.409107 0.039712
413 0.389894 0.520162 0.089944
447 0.618625 0.083925 0.297451
444 0.170159 0.480073 0.349768
13241 0.568936 0.044820 0.386244
14095 0.470786 0.224658 0.304557
15911 0.313325 0.454095 0.232581
1922 0.040073 0.832778 0.127149
13906 0.434171 0.345532 0.220297
13950 0.039975 0.941242 0.018783
968 0.184449 0.087837 0.727714
18058 0.140931 0.200363 0.658706
907 0.221686 0.035474 0.742840
18057 0.417750 0.435648 0.146602
1093 0.000000 0.036249 0.963751
1880 0.407118 0.341864 0.251018
17654 0.843085 0.105524 0.051391
4665 0.401901 0.501771 0.096328
13509 0.359759 0.247615 0.392626
1848 0.053362 0.467042 0.479595
10197 0.680872 0.088964 0.230164
8371 0.419808 0.000000 0.580192
8373 0.078482 0.118321 0.803197
8388 0.397210 0.068771 0.534020
8373 0.443420 0.368935 0.187645
10207 0.745216 0.158783 0.096000
15340 0.396623 0.518471 0.084905
15751 0.365782 0.069625 0.564593
10223 0.058112 0.911456 0.030432
10204 0.000000 0.399854 0.600146
73 0.509921 0.425956 0.064124
8540 0.303523 0.203696 0.492782
13681 0.074439 0.514338 0.411223
9148 0.281653 0.142909 0.575437
306 0.503563 0.413365 0.083072
5188 0.225457 0.014976 0.759567
1764 0.071724 0.663832 0.264443
13966 0.855518 0.090460 0.054022
8818 0.554245 0.037427 0.408328
8761 0.281789 0.306096 0.412114
13961 0.013832 0.571456 0.414712
1772 0.160065 0.000267 0.839669
142 0.284844 0.434695 0.280461
4269 0.140448 0.417673 0.441879
5035 0.905422 0.094578 0.000000
5071 0.210757 0.471251 0.317992
4004 0.000000 0.388511 0.611489
5177 0.206987 0.350102 0.442911
4547 0.062498 0.928840 0.008662
512 0.691904 0.022711 0.285386
4456 0.844846 0.048585 0.106569
18393 0.291573 0.313067 0.395361
3965 0.496103 0.000000 0.503897
17496 0.474061 0.471234 0.054705
4153 0.135386 0.864614 0.000000
17365 0.078389 0.782550 0.139061
5259 0.123880 0.852229 0.023892
4583 0.376058 0.364058 0.259884
18377 0.340367 0.542571 0.117062
792 0.119026 0.351208 0.529766
16188 0.355300 0.576171 0.068529
1231 0.109936 0.201688 0.688377
1154 0.729228 0.137760 0.133012
16408 0.878752 0.025050 0.096198
16402 0.152966 0.343433 0.503602
16737 0.507088 0.329586 0.163326
1314 0.348825 0.102415 0.548759
2186 0.471879 0.105332 0.422789
16805 0.336923 0.099403 0.563674
809 0.271238 0.564610 0.164152
759 0.038808 0.521940 0.439252
20290 0.611930 0.331317 0.056754
796 0.381396 0.193513 0.425091
4216 0.465547 0.482156 0.052297
17208 0.690862 0.185283 0.123855
807 0.161825 0.733408 0.104767
4010 0.074419 0.834001 0.091580
17179 0.010551 0.027728 0.961720
18095 0.045930 0.419045 0.535025
18087 0.425232 0.350684 0.224084
16438 0.517471 0.035881 0.446648
715 0.123202 0.827130 0.049668
16508 0.747134 0.245134 0.007731
16281 0.616635 0.287504 0.095862
721 0.173830 0.794015 0.032156
16295 0.017751 0.230903 0.751347
1284 0.105916 0.469652 0.424432
16360 0.566662 0.418995 0.014344
16478 0.264972 0.470444 0.264584
16376 0.360771 0.092247 0.546982
1174 0.514088 0.019264 0.466648
1294 0.804547 0.084518 0.110935
892 0.719791 0.052033 0.228176
18112 0.457917 0.295095 0.246988
889 0.514234 0.149284 0.336482
883 0.378846 0.381817 0.239337
1690 0.804521 0.057413 0.138066
8792 0.130116 0.805189 0.064696
18404 0.274328 0.629565 0.096107
978 0.735285 0.264715 0.000000
4214 0.333447 0.155423 0.511131
1074 0.249550 0.404577 0.345873
17562 0.204939 0.629835 0.165226
1106 0.210911 0.131855 0.657234
13364 0.312817 0.431231 0.255952
8974 0.242166 0.533359 0.224475
15404 0.538198 0.024382 0.437419
8305 0.036812 0.064212 0.898977
8012 0.649117 0.091931 0.258952
17089 0.506869 0.220048 0.273083
4063 0.128596 0.518375 0.353029
17823 0.308368 0.382403 0.309229
17708 0.114075 0.444465 0.441460
5221 0.928773 0.071227 0.000000
4125 0.073788 0.739455 0.186757
17818 0.647827 0.250921 0.101252
4107 0.157582 0.165677 0.676741
15530 0.360091 0.081254 0.558655
4460 0.150554 0.088776 0.760670
15488 0.202846 0.420903 0.376250
8459 0.465842 0.072131 0.462027
9106 0.698684 0.010263 0.291053
452 0.423705 0.392305 0.183990
480 0.101993 0.525546 0.372461
4632 0.503441 0.440802 0.055757
582 0.296128 0.581429 0.122443
340 0.230808 0.169494 0.599698
5140 0.331000 0.499001 0.170000
17044 0.148102 0.516897 0.335001
5154 0.114907 0.654650 0.230442
18373 0.005030 0.430096 0.564874
626 0.772995 0.109225 0.117781
5022 0.724904 0.103322 0.171774
4955 0.726252 0.121154 0.152594
16543 0.148888 0.646356 0.204756
4324 0.480748 0.515532 0.003720
17911 0.012636 0.733716 0.253647
4302 0.152525 0.721582 0.125893
17990 0.321009 0.036228 0.642763
17956 0.053391 0.901497 0.045112
17981 0.040949 0.660929 0.298122
13548 0.756015 0.046850 0.197135
7987 0.143169 0.633827 0.223004
8077 0.654353 0.037060 0.308587
8076 0.303045 0.335939 0.361015
8074 0.119979 0.490030 0.389990
1830 0.406139 0.479030 0.114830
1721 0.333524 0.577291 0.089185
14036 0.462240 0.360630 0.177130
4097 0.287909 0.126689 0.585402
14359 0.242207 0.500999 0.256794
8698 0.427354 0.067175 0.505471
418 0.700812 0.264082 0.035106
4630 0.003369 0.361013 0.635618
16460 0.848285 0.038745 0.112970
822 0.024568 0.426049 0.549383
17376 0.161409 0.291285 0.547306
816 0.788052 0.121156 0.090791
16435 0.233720 0.000657 0.765623
16261 0.695004 0.159717 0.145279
667 0.050383 0.761893 0.187724
780 0.063757 0.154668 0.781576
16331 0.130213 0.059294 0.810493
17430 0.360720 0.160781 0.478499
16088 0.163462 0.439035 0.397503
5034 0.138102 0.252927 0.608971
4977 0.560513 0.011664 0.427824
15960 0.163460 0.310176 0.526364
16072 0.107476 0.591334 0.301190
8465 0.326807 0.169429 0.503764
15398 0.010242 0.574276 0.415482
13618 0.598899 0.246034 0.155067
8025 0.295920 0.444153 0.259926
14249 0.171320 0.785092 0.043588
8779 0.024564 0.029391 0.946045
17719 0.073572 0.896076 0.030352
324 0.000000 0.081052 0.918948
1045 0.272306 0.208012 0.519682
20154 0.734526 0.160067 0.105407
2265 0.413936 0.551963 0.034101
8884 0.558461 0.244214 0.197325
14437 0.436125 0.421338 0.142537
8526 0.007873 0.940913 0.051214
8887 0.692264 0.048522 0.259214
9081 0.074044 0.016472 0.909484
13264 0.032085 0.041806 0.926109
13478 0.399571 0.104980 0.495449
13530 0.829594 0.121282 0.049124
13528 0.223069 0.217349 0.559582
710 0.000000 0.556772 0.443228
8040 0.590488 0.407982 0.001530
1746 0.391107 0.154394 0.454498
1974 0.374018 0.081198 0.544784
14012 0.673204 0.277575 0.049221
17110 0.440401 0.486399 0.073199
9219 0.052079 0.940243 0.007678
13487 0.031527 0.477850 0.490623
8922 1.000000 0.000000 0.000000
9063 0.275338 0.408111 0.316550
9060 0.459929 0.299899 0.240172
9028 0.318459 0.493477 0.188064
13706 0.143052 0.244890 0.612058
9035 0.408369 0.000000 0.591631
9041 0.948953 0.051047 0.000000
8489 0.083692 0.815474 0.100835
7955 0.304609 0.414642 0.280749
7947 0.340917 0.565332 0.093751
17048 0.323372 0.330256 0.346372
364 0.508311 0.426369 0.065321
8900 0.307865 0.314892 0.377243
246 0.817732 0.030366 0.151902
14517 0.602690 0.304961 0.092348
16629 0.110207 0.739847 0.149946
1088 0.410126 0.533800 0.056074
15862 0.162639 0.166738 0.670623
18332 0.525965 0.370293 0.103742
18366 0.096444 0.637548 0.266009
4601 0.282926 0.364739 0.352334
9959 0.003358 0.266724 0.729919
7153 0.725515 0.253316 0.021169
5376 0.070846 0.255219 0.673935
19369 0.247739 0.027929 0.724332
372 0.753914 0.163857 0.082229
5286 0.226196 0.543768 0.230036
20912 0.036841 0.894107 0.069052
15613 0.127206 0.408903 0.463890
5284 0.028395 0.527375 0.444230
4571 0.136367 0.333994 0.529639
4564 0.177703 0.345494 0.476803
4457 0.396630 0.398548 0.204821
4575 0.336123 0.586845 0.077032
4434 0.763289 0.064317 0.172395
4543 0.195233 0.685745 0.119021
8697 0.473033 0.291075 0.235891
8613 0.012236 0.962142 0.025622
15210 0.059951 0.875170 0.064880
8334 0.106866 0.870507 0.022626
8320 0.026019 0.953846 0.020134
9129 0.444279 0.030877 0.524844
14222 0.576147 0.020245 0.403608
14319 0.186867 0.389273 0.423860
8681 0.334607 0.065141 0.600251
8738 0.280472 0.463588 0.255940
8329 0.373070 0.126588 0.500343
15201 0.102143 0.506739 0.391118
8290 0.011894 0.541082 0.447024
15223 0.000000 0.361409 0.638591
15227 0.426724 0.451013 0.122262
15329 0.376110 0.117060 0.506831
15212 0.774744 0.108242 0.117014
15220 0.460493 0.497516 0.041992
8304 0.054705 0.492474 0.452821
15208 0.223452 0.433148 0.343400
8298 0.000000 1.000000 0.000000
14485 0.293312 0.634090 0.072598
9243 0.130955 0.341342 0.527703
9096 0.784312 0.115811 0.099877
13493 0.940946 0.023846 0.035208
15492 0.328395 0.339888 0.331718
9183 0.067599 0.120369 0.812032
1670 0.796245 0.167740 0.036015
1960 0.023671 0.215105 0.761223
1662 0.134794 0.557666 0.307540
15465 0.436614 0.046629 0.516757
15285 0.090146 0.043418 0.866436
10218 0.806114 0.175777 0.018109
10194 0.260935 0.254683 0.484382
15698 0.040649 0.555277 0.404074
15283 0.117646 0.859395 0.022959
8084 0.693095 0.000000 0.306905
13636 0.122554 0.509604 0.367841
2277 0.240350 0.208211 0.551439
20242 0.599050 0.135612 0.265339
1066 0.627593 0.013322 0.359085
1985 0.314266 0.207902 0.477832
20211 0.694445 0.002205 0.303350
16724 0.184872 0.161816 0.653312
18259 0.428741 0.542563 0.028696
855 0.864918 0.053850 0.081232
2481 0.113405 0.878238 0.008357
2361 0.472831 0.104159 0.423011
19916 0.084697 0.618841 0.296463
18898 0.320741 0.620586 0.058672
20376 0.328504 0.050342 0.621154
1451 0.054606 0.386170 0.559223
18837 0.246446 0.656553 0.097001
2591 0.032424 0.802737 0.164838
20381 0.120374 0.385218 0.494408
20002 0.007569 0.364771 0.627660
20704 0.399215 0.130696 0.470089
1394 0.603746 0.296013 0.100241
2371 0.035613 0.952930 0.011457
2336 0.174139 0.134957 0.690904
2614 0.071026 0.900003 0.028971
19947 0.002924 0.783942 0.213135
2423 0.543548 0.080991 0.375461
18136 0.329577 0.125934 0.544489
18872 0.213044 0.155411 0.631546
1564 0.158472 0.641962 0.199565
20100 0.223874 0.535992 0.240134
2447 0.420563 0.339639 0.239799
2435 0.437306 0.529662 0.033031
20049 0.917063 0.046649 0.036288
19992 0.246414 0.304730 0.448856
18140 0.578584 0.014853 0.406562
19968 0.071760 0.861254 0.066986
18151 0.905762 0.048205 0.046033
18138 0.096749 0.740170 0.163080
845 0.000000 0.971991 0.028009
13561 0.424196 0.070179 0.505625
17154 0.351511 0.197696 0.450793
17151 0.088261 0.238665 0.673073
563 0.358652 0.602741 0.038607
16893 0.721521 0.021193 0.257286
16024 0.673990 0.251474 0.074536
15435 0.455582 0.227536 0.316881
13995 0.058644 0.697966 0.243390
13879 0.351401 0.121242 0.527356
1780 0.594032 0.087292 0.318676
1707 0.278847 0.445425 0.275728
1793 0.098271 0.248954 0.652776
14026 0.323099 0.208228 0.468673
13982 0.488885 0.203862 0.307253
8579 0.028714 0.896859 0.074427
15440 0.523156 0.229797 0.247047
17903 0.427322 0.148403 0.424276
17907 0.344689 0.299043 0.356268
2641 0.583430 0.198474 0.218096
4376 0.601519 0.317954 0.080526
17881 0.004967 0.865380 0.129653
4400 0.531134 0.312135 0.156731
17340 0.138801 0.737122 0.124076
4270 0.430936 0.122654 0.446410
9191 0.688933 0.196488 0.114579
471 0.074755 0.879203 0.046043
15362 0.068809 0.326002 0.605189
15395 0.413747 0.160704 0.425549
13700 0.372064 0.178744 0.449192
9941 0.123637 0.447064 0.429298
15583 0.249397 0.185024 0.565579
11092 0.137158 0.488539 0.374304
5449 0.485248 0.207267 0.307485
15551 0.192259 0.699144 0.108597
17522 0.665056 0.290365 0.044579
17640 0.037087 0.032917 0.929997
5513 0.000000 0.218289 0.781711
1889 0.454407 0.063379 0.482214
13613 0.453119 0.364716 0.182165
8786 0.377017 0.097231 0.525752
15542 0.487695 0.341885 0.170420
3524 0.014444 0.555350 0.430206
15691 0.065956 0.122723 0.811321
20031 0.602460 0.244463 0.153077
3513 0.328775 0.671225 0.000000
11081 0.170985 0.581228 0.247787
20611 0.096493 0.500908 0.402600
3926 0.618455 0.376948 0.004597
9983 0.141871 0.409070 0.449059
18549 0.199254 0.145273 0.655473
16117 0.035993 0.472391 0.491617
187 0.657714 0.023199 0.319086
9937 0.466582 0.434643 0.098776
19220 0.456328 0.468218 0.075454
19216 0.253161 0.743458 0.003381
3214 0.097915 0.043322 0.858762
18543 0.164016 0.089279 0.746704
18541 0.038540 0.087632 0.873828
18537 0.396743 0.068513 0.534743
3189 0.045744 0.213996 0.740261
20783 0.184221 0.070058 0.745721
20785 0.527087 0.066494 0.406419
18655 0.625499 0.049597 0.324904
20759 0.064665 0.043752 0.891584
20726 0.129092 0.867352 0.003556
3670 0.066692 0.622175 0.311133
3762 0.311968 0.231974 0.456059
20793 0.496901 0.439368 0.063730
3636 0.053660 0.304121 0.642219
3192 0.394410 0.553267 0.052323
2970 0.968979 0.028366 0.002655
3638 0.616749 0.000000 0.383251
2719 0.817722 0.182278 0.000000
2673 0.096572 0.759559 0.143870
2699 0.000000 0.677029 0.322971
2705 0.745227 0.000000 0.254773
21034 0.892650 0.045072 0.062278
3705 0.169274 0.111798 0.718928
3646 0.282257 0.276233 0.441509
3751 0.076960 0.612163 0.310877
21042 0.085972 0.131503 0.782525
3700 0.000000 0.272759 0.727241
13250 0.040182 0.788699 0.171119
8212 0.073890 0.414399 0.511711
20750 0.316185 0.138247 0.545568
3760 0.574579 0.293526 0.131895
19548 0.090249 0.058193 0.851558
19494 0.380977 0.432123 0.186901
19545 0.643084 0.104410 0.252506
3900 0.468883 0.180005 0.351111
2676 0.000000 0.294142 0.705858
2797 0.249995 0.294321 0.455684
18514 0.981661 0.018339 0.000000
7104 0.445515 0.337758 0.216726
19799 0.089264 0.863446 0.047290
4867 0.124946 0.377836 0.497218
19396 0.124475 0.675298 0.200227
12708 0.015621 0.911019 0.073361
5708 0.002768 0.624043 0.373189
15541 0.119727 0.694197 0.186076
7247 0.755542 0.203486 0.040972
19352 0.035410 0.503416 0.461174
9914 0.789471 0.063999 0.146530
11397 0.127862 0.411621 0.460517
11848 0.226164 0.226442 0.547393
9778 0.054737 0.604689 0.340574
6222 0.362550 0.145290 0.492160
9819 0.586564 0.375903 0.037533
12811 0.136578 0.768558 0.094864
12800 0.759321 0.051122 0.189557
9771 0.911450 0.031231 0.057319
9763 0.369476 0.597814 0.032710
11449 0.049741 0.824761 0.125497
5780 0.125454 0.036878 0.837668
12750 0.120498 0.168671 0.710830
9946 0.701810 0.082033 0.216157
5934 0.421519 0.477151 0.101330
11440 0.457413 0.356191 0.186397
9370 0.617153 0.351232 0.031615
9409 0.370546 0.621545 0.007909
6192 0.023129 0.952667 0.024205
9456 0.022152 0.877053 0.100795
14960 0.077869 0.549337 0.372794
14802 0.329846 0.660367 0.009787
12768 0.034320 0.132837 0.832842
15162 0.085713 0.871126 0.043161
17755 0.001779 0.595438 0.402783
14599 0.750810 0.000422 0.248768
14607 0.694728 0.056168 0.249105
10506 0.435253 0.530146 0.034601
15562 0.011692 0.975191 0.013117
4686 0.055324 0.241181 0.703495
12713 0.862994 0.064626 0.072380
11129 0.155608 0.641196 0.203196
11141 0.078386 0.706893 0.214721
5846 0.812264 0.145568 0.042168
11199 0.139104 0.670516 0.190380
14669 0.074259 0.798967 0.126774
14843 0.062192 0.870511 0.067297
10396 0.193881 0.660470 0.145650
14558 0.328483 0.535573 0.135945
14552 0.616724 0.321788 0.061487
11180 0.312806 0.426549 0.260645
11147 0.091279 0.486728 0.421993
11168 0.052299 0.248639 0.699062
9999 0.000055 0.286053 0.713892
11171 0.240687 0.146007 0.613306
14997 0.003420 0.903572 0.093007
10950 0.166647 0.478647 0.354706
5330 0.431065 0.490652 0.078283
11090 0.064966 0.923770 0.011264
9262 0.231112 0.162044 0.606844
9256 0.018855 0.183724 0.797421
11478 0.545122 0.059893 0.394985
6233 0.013929 0.923482 0.062589
11822 0.899595 0.066663 0.033742
12874 0.530254 0.174116 0.295629
9891 0.653273 0.280972 0.065755
5908 0.053302 0.028775 0.917923
5567 0.462886 0.050329 0.486784
15173 0.273596 0.312564 0.413840
15131 0.279071 0.353347 0.367582
9495 0.261034 0.481600 0.257366
15172 0.467150 0.497210 0.035640
6259 0.718338 0.190023 0.091639
6377 0.875061 0.103397 0.021542
6270 0.520338 0.260633 0.219028
6262 0.264739 0.710701 0.024561
11816 0.192822 0.156759 0.650418
11218 0.223149 0.041919 0.734932
14919 0.201961 0.516986 0.281053
12569 0.294602 0.017732 0.687667
5770 0.450031 0.532959 0.017009
12647 0.418269 0.489231 0.092500
15555 0.119606 0.527953 0.352440
5759 0.114658 0.623378 0.261964
5769 0.111618 0.367558 0.520824
14549 0.291281 0.122508 0.586211
4747 0.528227 0.230966 0.240807
10700 0.386302 0.182764 0.430934
6767 0.403239 0.530790 0.065971
10589 0.688074 0.187734 0.124192
5433 0.340051 0.407051 0.252898
7177 0.196402 0.404288 0.399310
5349 0.429469 0.543577 0.026954
12607 0.178591 0.795460 0.025949
494 0.025505 0.139372 0.835123
5688 0.656555 0.194377 0.149068
14514 0.546404 0.215648 0.237947
8907 0.096864 0.504007 0.399129
12550 0.199625 0.631438 0.168938
12617 0.396548 0.217798 0.385654
659 0.430776 0.477892 0.091332
16601 0.317598 0.482147 0.200255
601 0.017534 0.608158 0.374307
16602 0.144122 0.844059 0.011819
8233 0.905436 0.067600 0.026965
2826 0.552926 0.411419 0.035654
19075 0.445446 0.030553 0.524001
7127 0.414503 0.228610 0.356888
6990 0.588755 0.398534 0.012711
6949 0.245156 0.440719 0.314125
19233 0.582418 0.146289 0.271293
19263 0.381085 0.182524 0.436391
19271 0.013365 0.533928 0.452707
19296 0.180995 0.804002 0.015003
7241 0.251161 0.370452 0.378388
18626 0.117099 0.127985 0.754916
4918 0.269845 0.619029 0.111125
5506 0.024296 0.868974 0.106730
18589 0.365611 0.043535 0.590855
21027 0.250688 0.512056 0.237256
3451 0.522604 0.383105 0.094291
3229 0.280159 0.595274 0.124566
18661 0.956234 0.007593 0.036173
67 0.478907 0.365504 0.155589
10907 0.022875 0.831597 0.145529
136 0.178070 0.390657 0.431273
6412 0.377357 0.220911 0.401732
4778 0.615619 0.142441 0.241940
19691 0.294600 0.019965 0.685435
4886 0.305815 0.624321 0.069864
4937 0.477451 0.061523 0.461026
7031 0.424227 0.057865 0.517908
7080 0.011422 0.223124 0.765455
4942 0.194773 0.545047 0.260180
7051 0.518126 0.045015 0.436860
4887 0.069934 0.800076 0.129990
7012 0.181694 0.347145 0.471161
19278 0.676924 0.308770 0.014306
6958 0.843060 0.150406 0.006535
19409 0.441827 0.294846 0.263327
6207 0.735169 0.051643 0.213189
11072 0.541816 0.127597 0.330588
11818 0.206166 0.042751 0.751084
218 0.026635 0.418097 0.555268
234 0.411304 0.064908 0.523788
14906 0.367971 0.404042 0.227987
18779 0.138402 0.428883 0.432715
3869 0.002218 0.741408 0.256374
3878 0.044772 0.410453 0.544775
18804 0.068677 0.770188 0.161135
19287 0.025083 0.541494 0.433423
21116 0.030400 0.159366 0.810234
3335 0.325682 0.506394 0.167924
3349 0.680694 0.319306 0.000000
3501 0.204775 0.673795 0.121430
3309 0.482941 0.200111 0.316948
3567 0.719015 0.055584 0.225401
2692 0.000000 0.146536 0.853464
2694 0.088755 0.222022 0.689223
2795 0.478342 0.010054 0.511605
3332 0.564381 0.220935 0.214683
18521 0.005730 0.343633 0.650637
21118 0.737701 0.063955 0.198345
18606 0.653479 0.044270 0.302251
3331 0.447128 0.336385 0.216487
19068 0.025262 0.399604 0.575134
3434 0.527991 0.281101 0.190908
21054 0.705012 0.255394 0.039595
3504 0.631859 0.113681 0.254459
21059 0.345877 0.152750 0.501372
20892 0.015354 0.751869 0.232777
20889 0.302176 0.238878 0.458945
6409 0.228486 0.234456 0.537059
4889 0.490432 0.272257 0.237311
19306 0.438739 0.120102 0.441159
19294 0.877063 0.009525 0.113412
3865 0.482903 0.153111 0.363986
20723 0.197334 0.717729 0.084937
3644 0.307808 0.443785 0.248406
6225 0.637699 0.224089 0.138212
5649 0.448466 0.356022 0.195512
3019 0.072406 0.042339 0.885255
3298 0.201930 0.324441 0.473629
19641 0.486952 0.240331 0.272718
19635 0.625140 0.259208 0.115652
2975 0.366372 0.007649 0.625978
3244 0.086081 0.321342 0.592577
19621 0.708105 0.191501 0.100394
19600 0.846149 0.124844 0.029007
3026 0.529962 0.420143 0.049896
3241 0.469206 0.194252 0.336542
20999 0.071296 0.559250 0.369454
3093 0.555607 0.291564 0.152829
3248 0.468470 0.416229 0.115302
19315 0.329026 0.222969 0.448005
7202 0.034760 0.012288 0.952952
9292 0.000000 0.408554 0.591446
10352 0.118064 0.815942 0.065994
10461 0.540412 0.197009 0.262579
10538 0.078343 0.768235 0.153422
9415 0.388467 0.552081 0.059452
9448 0.051677 0.898804 0.049518
11499 0.340732 0.610990 0.048278
9848 0.068124 0.477057 0.454819
11479 0.531218 0.061306 0.407476
11287 0.422971 0.433536 0.143492
11500 0.657164 0.021174 0.321661
9874 0.198083 0.424261 0.377656
11269 0.665817 0.277180 0.057002
6486 0.890955 0.095725 0.013319
6104 0.681026 0.073297 0.245677
15076 0.366387 0.548859 0.084754
14615 0.230312 0.717530 0.052158
9503 0.285136 0.194198 0.520666
11595 0.707033 0.046306 0.246661
15122 0.294347 0.704609 0.001043
14623 0.314751 0.542491 0.142758
14937 0.547146 0.072003 0.380851
15055 0.439065 0.502433 0.058502
9888 0.335350 0.261775 0.402875
11273 0.872263 0.100317 0.027420
11538 0.492969 0.028690 0.478341
5970 0.305052 0.650769 0.044179
5965 0.177345 0.561093 0.261562
11605 0.146169 0.493899 0.359932
11635 0.265767 0.527846 0.206386
6575 0.233022 0.167982 0.598996
10871 0.479738 0.484265 0.035997
6349 0.372210 0.062913 0.564877
6317 0.629882 0.363014 0.007104
13201 0.387830 0.175397 0.436773
10839 0.113007 0.262108 0.624886
6323 0.134393 0.184846 0.680761
7452 0.323520 0.119659 0.556821
10845 0.344093 0.350420 0.305487
10828 0.571038 0.051281 0.377681
7283 0.303114 0.316751 0.380135
12960 0.806084 0.186766 0.007150
7820 0.219992 0.268112 0.511897
6289 0.243598 0.736836 0.019566
13045 0.250442 0.603998 0.145560
10850 0.458847 0.072743 0.468410
10840 0.331902 0.062365 0.605733
7552 0.007434 0.803506 0.189061
11631 0.043913 0.101869 0.854218
6470 0.234646 0.229363 0.535991
13187 0.053215 0.251732 0.695053
7373 0.035301 0.157553 0.807146
13015 0.659884 0.285565 0.054551
13077 0.080658 0.640011 0.279331
13147 0.183501 0.444299 0.372199
13003 0.463407 0.223374 0.313218
7393 0.535032 0.445715 0.019253
6490 0.280243 0.708663 0.011093
9853 0.431744 0.334359 0.233897
11278 0.164129 0.209170 0.626700
10888 0.536066 0.118686 0.345247
10745 0.265379 0.158165 0.576457
10833 0.812704 0.036102 0.151194
10866 0.028710 0.471335 0.499955
6446 0.384057 0.181265 0.434677
6400 0.513365 0.485965 0.000670
11032 0.321599 0.064651 0.613750
14466 0.445407 0.185610 0.368983
2730 0.964790 0.011311 0.023899
2733 0.286610 0.670753 0.042638
18524 0.615467 0.268611 0.115923
20775 0.002904 0.238233 0.758863
20623 0.047127 0.013500 0.939373
20536 0.272603 0.178174 0.549223
3678 0.063619 0.899626 0.036755
20614 0.529326 0.382768 0.087906
4924 0.089378 0.717800 0.192822
5678 0.492113 0.500541 0.007346
5680 0.391982 0.342436 0.265583
20600 0.582000 0.242291 0.175708
20605 0.386965 0.267408 0.345627
20615 0.626784 0.216212 0.157004
5898 0.384841 0.436010 0.179148
11369 0.114367 0.289581 0.596052
5895 0.552877 0.301452 0.145671
9624 0.608678 0.304067 0.087256
11237 0.249864 0.446682 0.303454
11305 0.055052 0.405777 0.539171
9628 0.000441 0.135655 0.863904
11358 0.435568 0.156397 0.408035
9592 0.085711 0.728603 0.185685
9610 0.718142 0.266405 0.015453
11291 0.105020 0.477604 0.417376
9613 0.536515 0.338331 0.125154
9650 0.347549 0.161922 0.490529
11264 0.253512 0.103618 0.642870
9608 0.405843 0.143098 0.451059
1441 0.131875 0.778357 0.089767
19348 0.222378 0.546566 0.231056
6499 0.605973 0.362551 0.031476
11653 0.188189 0.083359 0.728452
6038 0.202265 0.219074 0.578660
5963 0.286788 0.546199 0.167013
11626 0.384236 0.251715 0.364049
11622 0.081671 0.107084 0.811246
20478 0.289730 0.237072 0.473198
3907 0.038610 0.751325 0.210066
4842 0.848661 0.015315 0.136024
10508 0.403399 0.463627 0.132973
6953 0.224294 0.197138 0.578568
4873 0.468886 0.189805 0.341309
19406 0.112147 0.560300 0.327552
7068 0.167952 0.451423 0.380625
7257 0.393215 0.120339 0.486445
19265 0.341312 0.626587 0.032101
3297 0.295972 0.501863 0.202165
18748 0.503416 0.168962 0.327622
3187 0.963990 0.000000 0.036010
5990 0.393604 0.000000 0.606396
3802 0.197312 0.063968 0.738720
16133 0.805809 0.153593 0.040598
3204 0.713011 0.240159 0.046830
2830 0.790100 0.209900 0.000000
8849 0.159081 0.292406 0.548513
18520 0.322431 0.000000 0.677569
18682 0.416313 0.555762 0.027926
3198 0.432479 0.388152 0.179369
10034 0.586221 0.029258 0.384521
10704 0.084104 0.131050 0.784846
16910 0.396572 0.122415 0.481013
20979 0.261774 0.470398 0.267828
3421 0.334192 0.665808 0.000000
21102 0.154951 0.434345 0.410704
3457 0.297299 0.564526 0.138175
21007 0.883230 0.028462 0.088307
3461 0.096210 0.664271 0.239519
21000 0.919820 0.031756 0.048424
20976 0.149826 0.107201 0.742973
20982 0.339402 0.510541 0.150057
3452 0.000000 0.281646 0.718354
3401 1.000000 0.000000 0.000000
3958 0.117427 0.088668 0.793905
3883 0.839435 0.052247 0.108318
3920 0.176353 0.515463 0.308184
20627 0.064920 0.300117 0.634963
20575 0.626569 0.190934 0.182497
11321 0.697134 0.017289 0.285577
6168 0.782930 0.095536 0.121534
11789 0.165817 0.276048 0.558135
9734 0.483508 0.008195 0.508297
7787 0.122778 0.813079 0.064143
7842 0.039813 0.073100 0.887087
12161 0.100726 0.454403 0.444870
12076 0.372042 0.541355 0.086604
12207 0.333116 0.611267 0.055617
6638 0.587923 0.224206 0.187871
11753 0.073545 0.181499 0.744955
6124 0.344881 0.059052 0.596067
12022 0.353120 0.012381 0.634499
12514 0.137339 0.118601 0.744060
7678 0.468177 0.193157 0.338666
12143 0.132007 0.154236 0.713756
11967 0.069100 0.176654 0.754246
6187 0.329202 0.442016 0.228782
7794 0.703798 0.252102 0.044100
12439 0.041488 0.834462 0.124050
9711 0.135403 0.185726 0.678871
6172 0.302499 0.582263 0.115238
11944 0.209383 0.509058 0.281558
11980 0.221697 0.069647 0.708655
12348 0.576722 0.415529 0.007750
12044 0.029128 0.050079 0.920793
12008 0.491386 0.021436 0.487178
6901 0.465163 0.247661 0.287176
12502 0.190218 0.525872 0.283911
11733 0.333225 0.291533 0.375242
9703 0.439353 0.080294 0.480354
6145 0.729621 0.139619 0.130760
7924 0.976020 0.018542 0.005438
6185 0.357636 0.611464 0.030900
9613 0.104959 0.697383 0.197658
9725 0.777823 0.128622 0.093555
11310 0.187069 0.087990 0.724941
208 0.060209 0.853781 0.086010
243 0.230247 0.656418 0.113335
194 0.040996 0.520084 0.438920
4653 0.067532 0.536176 0.396292
4652 0.023300 0.672798 0.303901
1849 0.000000 0.703177 0.296823
1847 0.465380 0.217543 0.317077
14051 0.786486 0.129888 0.083626
1831 0.356200 0.359851 0.283950
1829 0.268839 0.665351 0.065810
17630 0.017238 0.744755 0.238007
17629 0.100105 0.671204 0.228691
15599 0.543594 0.423481 0.032925
9936 0.042815 0.470680 0.486506
15657 0.474016 0.418341 0.107643
9167 0.394486 0.501171 0.104343
13483 0.714549 0.111553 0.173897
9181 0.367232 0.188718 0.444049
9181 0.921166 0.022843 0.055991
13515 0.390670 0.017805 0.591525
9198 0.015928 0.803408 0.180664
13373 0.314401 0.363217 0.322382
9200 0.232180 0.237615 0.530204
13350 0.682161 0.153735 0.164104
9197 0.191715 0.275372 0.532913
9194 0.111805 0.858990 0.029205
9194 0.038520 0.425158 0.536322
9192 0.012158 0.172512 0.815329
8065 0.043169 0.205161 0.751670
8054 0.085499 0.550298 0.364204
13692 0.186783 0.547828 0.265389
13692 0.383726 0.234808 0.381465
8055 0.086126 0.556408 0.357466
8064 0.230605 0.487860 0.281536
8006 0.052144 0.315247 0.632608
9172 0.120532 0.821096 0.058373
9172 0.520728 0.261538 0.217734
8007 0.333564 0.451085 0.215350
8007 0.139374 0.368779 0.491847
13684 0.768136 0.144405 0.087458
8087 0.456637 0.118456 0.424907
8078 0.043952 0.500382 0.455667
8079 0.007944 0.327416 0.664639
13683 0.214646 0.553692 0.231662
7946 0.777497 0.003205 0.219298
13667 0.430409 0.364457 0.205134
13667 0.002139 0.227524 0.770337
13675 0.399874 0.214951 0.385174
13675 0.014300 0.728506 0.257194
8056 0.465302 0.259659 0.275039
13685 0.340609 0.058342 0.601050
13689 0.083592 0.031487 0.884921
13698 0.157330 0.381414 0.461256
8063 0.233249 0.036617 0.730134
13682 0.119681 0.036756 0.843563
8061 0.434595 0.142905 0.422500
13681 0.225913 0.029260 0.744827
13693 0.242828 0.458272 0.298900
13690 0.356695 0.408872 0.234433
8052 0.019337 0.236144 0.744519
13626 0.709392 0.109742 0.180866
13687 0.234925 0.648308 0.116767
13686 0.717354 0.203583 0.079063
3775 0.012598 0.934891 0.052511
3775 0.695204 0.261146 0.043649
3792 0.360279 0.605588 0.034132
13563 0.086880 0.359577 0.553543
13566 0.276506 0.261267 0.462227
7929 0.520748 0.313633 0.165619
8085 0.226904 0.587304 0.185791
8085 0.805593 0.063083 0.131324
8053 0.102931 0.288064 0.609006
9189 0.690480 0.179217 0.130303
9189 0.166590 0.579195 0.254216
9186 0.585691 0.073055 0.341254
9015 0.349589 0.088510 0.561900
9030 0.687056 0.130649 0.182295
13537 0.058642 0.266003 0.675355
9046 0.616532 0.383468 0.000000
9046 0.671576 0.328424 0.000000
9026 0.701342 0.298658 0.000000
9038 0.439299 0.560701 0.000000
9038 1.000000 0.000000 0.000000
9062 0.601496 0.398504 0.000000
9013 0.431592 0.568408 0.000000
8999 0.052772 0.852931 0.094297
13311 0.171303 0.037939 0.790758
7930 0.127784 0.605815 0.266401
7931 0.269833 0.313745 0.416422
8016 0.492968 0.108284 0.398748
13673 0.749575 0.071179 0.179246
7951 0.125523 0.829764 0.044713
7951 0.223649 0.036676 0.739675
13668 0.225713 0.040352 0.733935
13668 0.038540 0.838348 0.123112
13574 0.221168 0.262656 0.516176
8397 0.388403 0.245929 0.365668
15231 0.433051 0.443460 0.123489
15262 0.227276 0.243923 0.528801
15248 0.528545 0.271068 0.200387
13656 0.236102 0.142416 0.621481
13656 0.105443 0.475670 0.418887
13653 0.464075 0.485986 0.049939
13253 0.754941 0.011622 0.233437
8971 0.728059 0.242339 0.029602
15501 0.103325 0.426468 0.470207
13796 0.749297 0.123847 0.126856
13788 0.053227 0.690874 0.255899
8236 0.252790 0.446187 0.301023
8238 0.943919 0.020185 0.035896
8306 0.199713 0.343756 0.456532
13640 0.315703 0.421884 0.262413
8020 0.204252 0.248066 0.547682
13657 0.406301 0.281146 0.312553
13618 0.159668 0.497284 0.343048
7962 0.222708 0.492750 0.284542
13620 0.226759 0.097114 0.676126
13577 0.039667 0.263479 0.696854
13638 0.597117 0.384122 0.018761
8022 0.260789 0.065060 0.674151
13317 0.302566 0.277395 0.420039
8936 0.136141 0.676871 0.186988
14239 0.305123 0.552247 0.142629
14460 0.195372 0.712001 0.092627
14459 0.164838 0.702525 0.132637
8903 0.341714 0.485254 0.173032
14461 0.368646 0.350112 0.281242
14267 0.611579 0.067531 0.320891
14266 0.040725 0.752199 0.207077
13284 0.298080 0.493024 0.208896
13344 0.016023 0.686376 0.297601
13351 0.657662 0.262078 0.080260
14268 0.261588 0.588983 0.149428
14269 0.032998 0.711351 0.255652
8631 0.353576 0.468752 0.177672
13273 0.289858 0.447117 0.263025
13274 0.379437 0.476872 0.143690
13289 0.069580 0.487498 0.442922
8021 0.048607 0.943525 0.007868
8028 0.518995 0.280180 0.200824
8028 0.009139 0.478074 0.512788
8418 0.529994 0.358439 0.111567
8418 0.214825 0.177045 0.608130
7961 0.975808 0.006397 0.017795
8922 0.567252 0.000000 0.432748
8922 0.131489 0.000000 0.868511
13236 0.343084 0.194437 0.462479
13237 0.256101 0.173794 0.570105
13240 0.032075 0.138663 0.829262
13240 0.627659 0.062800 0.309541
8932 0.451811 0.000000 0.548189
8932 0.237206 0.000000 0.762794
8932 0.016983 0.089490 0.893527
1821 0.543636 0.219035 0.237330
14064 0.602022 0.269423 0.128555
8886 0.008201 0.543634 0.448165
8883 0.334708 0.342327 0.322966
8888 0.127474 0.535584 0.336942
14507 0.703751 0.091434 0.204815
14488 0.632619 0.110153 0.257228
1823 0.516658 0.417813 0.065529
14058 0.598291 0.217370 0.184339
432 0.327274 0.445101 0.227625
431 0.037078 0.794189 0.168734
431 0.732233 0.145469 0.122298
16578 0.819784 0.140413 0.039804
16577 0.463092 0.288015 0.248893
16574 0.132859 0.439062 0.428078
451 0.632082 0.297122 0.070795
16552 0.072157 0.189855 0.737988
16559 0.040416 0.768569 0.191015
448 0.218946 0.221747 0.559307
426 0.136656 0.182416 0.680928
427 0.048686 0.197710 0.753605
17628 0.330360 0.174175 0.495465
17627 0.258062 0.264563 0.477375
14034 0.083380 0.381289 0.535330
1881 0.215527 0.138169 0.646304
1878 0.781350 0.192441 0.026209
4630 0.533629 0.219439 0.246932
17624 0.104128 0.829882 0.065990
17624 0.159539 0.183665 0.656797
9907 0.486293 0.338093 0.175615
15544 0.252918 0.159274 0.587808
9924 0.324750 0.600816 0.074434
9908 0.011293 0.134187 0.854520
4080 0.104635 0.522420 0.372945
4075 0.019130 0.486445 0.494425
18445 0.372223 0.138579 0.489197
18428 0.529594 0.418588 0.051818
18474 0.036079 0.244534 0.719387
18476 0.669112 0.134390 0.196498
18469 0.806162 0.015773 0.178066
4519 0.058280 0.081030 0.860690
4498 0.045441 0.357562 0.596997
4488 0.082328 0.739833 0.177839
18443 0.069917 0.891253 0.038830
4504 0.127156 0.236323 0.636522
5147 0.032724 0.514553 0.452723
17798 0.360702 0.071432 0.567866
5144 0.219800 0.011946 0.768253
651 0.010230 0.888061 0.101709
651 0.074271 0.077887 0.847842
652 0.113811 0.262803 0.623386
4518 0.626636 0.069305 0.304058
18415 0.605047 0.278998 0.115955
18416 0.519623 0.306273 0.174104
4071 0.735674 0.013229 0.251097
18214 0.118208 0.309601 0.572191
17794 0.454639 0.532122 0.013240
4479 0.134444 0.638795 0.226761
4478 0.147915 0.621317 0.230768
4062 0.157480 0.557442 0.285078
4064 0.153841 0.722962 0.123197
5124 0.056550 0.004743 0.938708
17824 0.189900 0.155091 0.655009
18350 0.645968 0.328824 0.025208
4537 0.783455 0.184839 0.031706
17809 0.292451 0.012500 0.695049
5137 0.117024 0.777455 0.105521
5120 0.145375 0.408607 0.446018
18206 0.103917 0.825904 0.070179
18455 0.175150 0.283361 0.541489
933 0.062766 0.305538 0.631696
934 0.075442 0.447840 0.476718
549 0.268499 0.141233 0.590268
550 0.328966 0.443244 0.227790
17115 0.092993 0.721637 0.185370
18042 0.415119 0.412189 0.172692
18041 0.285720 0.573408 0.140872
18457 0.488392 0.148340 0.363268
15521 0.086952 0.180850 0.732197
5800 0.035980 0.378296 0.585724
516 0.272434 0.496916 0.230650
17085 0.170206 0.664123 0.165671
17618 0.806679 0.149982 0.043339
4668 0.098448 0.721797 0.179755
17601 0.368161 0.550286 0.081553
9951 0.438075 0.348754 0.213171
15589 0.144082 0.728781 0.127137
9949 0.279148 0.609503 0.111349
12842 0.200410 0.254314 0.545275
5801 0.727546 0.033536 0.238918
17707 0.119812 0.024029 0.856159
4103 0.509435 0.010534 0.480031
4116 0.165318 0.435433 0.399249
4065 0.230633 0.724003 0.045364
18198 0.098696 0.649381 0.251923
18200 0.193209 0.515188 0.291603
18201 0.452865 0.317184 0.229951
17451 0.024158 0.578486 0.397357
4177 0.352088 0.647912 0.000000
5236 0.335608 0.473365 0.191026
5235 0.081716 0.451298 0.466986
17713 0.301548 0.185198 0.513253
17817 0.660627 0.297431 0.041942
18230 0.590695 0.139939 0.269366
18236 0.619452 0.181093 0.199455
17276 0.708812 0.060054 0.231134
5117 0.060402 0.726359 0.213239
17274 0.902502 0.065494 0.032004
17787 0.156585 0.682928 0.160487
17813 0.345161 0.257703 0.397136
5158 0.089903 0.481090 0.429007
4085 0.015940 0.126847 0.857214
18071 0.044328 0.130007 0.825664
291 0.708365 0.288038 0.003598
16052 0.893690 0.092519 0.013791
294 0.400089 0.354270 0.245641
18224 0.548099 0.117196 0.334705
4170 0.045772 0.315217 0.639010
17450 0.464141 0.306862 0.228997
17723 0.938042 0.044315 0.017642
17612 0.080763 0.072049 0.847188
4674 0.859794 0.042283 0.097924
17611 0.750771 0.197802 0.051427
17788 0.175718 0.116476 0.707806
17810 0.375603 0.176720 0.447677
17765 0.181396 0.492615 0.325989
14761 0.779740 0.177314 0.042946
15578 0.587511 0.068465 0.344024
15568 0.403302 0.018644 0.578054
5019 0.708304 0.105254 0.186442
5020 0.434743 0.015913 0.549344
5023 0.097141 0.038327 0.864532
5024 0.252148 0.363629 0.384223
17283 0.408415 0.270072 0.321512
5094 0.158304 0.074070 0.767627
17717 0.286573 0.508655 0.204772
5003 0.210351 0.348603 0.441046
5002 0.686883 0.240197 0.072920
5021 0.378346 0.122050 0.499604
5026 0.071772 0.121728 0.806501
4954 0.862945 0.105054 0.032001
5029 0.316975 0.533181 0.149844
5030 0.871742 0.007380 0.120878
5222 0.418640 0.510262 0.071099
17760 0.367119 0.108227 0.524655
17598 0.465929 0.487847 0.046224
4687 0.788555 0.113857 0.097589
17621 0.310303 0.207376 0.482321
17604 0.263297 0.485403 0.251300
17605 0.180608 0.734843 0.084549
0 0.105089 0.771159 0.123752
4787 0.786094 0.003898 0.210008
17757 0.233615 0.326721 0.439664
17154 0.664985 0.332187 0.002828
17153 0.095881 0.355921 0.548198
17153 0.547159 0.302547 0.150293
536 0.069108 0.080919 0.849973
17093 0.253822 0.709852 0.036325
17092 0.359727 0.626123 0.014149
17159 0.003282 0.405377 0.591340
569 0.636208 0.310573 0.053219
533 0.150130 0.020132 0.829738
17105 0.341673 0.490395 0.167932
556 0.161877 0.746842 0.091281
17114 0.266586 0.502942 0.230473
17151 0.717511 0.146740 0.135749
17150 0.408674 0.031014 0.560311
563 0.124878 0.035966 0.839156
560 0.742733 0.246399 0.010868
17125 0.026519 0.958616 0.014865
544 0.678738 0.225220 0.096042
289 0.232339 0.709213 0.058448
17106 0.883386 0.104432 0.012183
17123 0.677604 0.084206 0.238190
562 0.572115 0.276645 0.151240
17100 0.154398 0.792582 0.053019
17101 0.077986 0.911564 0.010450
16893 0.014912 0.048497 0.936591
111 0.952420 0.031345 0.016235
106 0.109470 0.562739 0.327790
4997 0.763089 0.018349 0.218563
5011 0.497294 0.385423 0.117283
5243 0.437366 0.426125 0.136509
5261 0.122778 0.493194 0.384028
4974 0.093870 0.236371 0.669759
17209 0.006035 0.973689 0.020275
17172 0.121257 0.572989 0.305755
5114 0.146984 0.579122 0.273894
17178 0.540385 0.107430 0.352185
17318 0.442670 0.113703 0.443627
5014 0.294733 0.495313 0.209954
5016 0.054949 0.447580 0.497472
18187 0.160282 0.381110 0.458608
18192 0.564549 0.152759 0.282692
4095 0.074219 0.923648 0.002133
18196 0.476132 0.378364 0.145503
16075 0.505318 0.085876 0.408806
252 0.528204 0.259541 0.212254
16071 0.521093 0.059090 0.419817
279 0.525665 0.259003 0.215333
16066 0.047097 0.897927 0.054976
16067 0.106616 0.360887 0.532496
284 0.271896 0.409970 0.318134
259 0.166033 0.085569 0.748397
227 0.050180 0.694076 0.255744
16160 0.766533 0.052080 0.181387
231 0.158442 0.165542 0.676016
16956 0.241547 0.698950 0.059503
55 0.035910 0.401011 0.563079
16952 0.365745 0.477716 0.156539
164 0.689378 0.212605 0.098017
16946 0.136327 0.205606 0.658067
16165 0.400673 0.011838 0.587490
4094 0.481693 0.380174 0.138134
17305 0.316699 0.401771 0.281530
4979 0.157937 0.457108 0.384955
5041 0.346632 0.348798 0.304570
3988 0.385231 0.531480 0.083289
18300 0.107617 0.550804 0.341578
16940 0.085244 0.763645 0.151111
16930 0.083035 0.395009 0.521955
45 0.099960 0.834398 0.065642
5111 0.311236 0.583983 0.104781
17175 0.241441 0.457788 0.300771
5036 0.668786 0.227546 0.103668
5035 0.332603 0.667397 0.000000
3996 0.365981 0.000000 0.634019
18312 0.025739 0.063685 0.910576
11095 0.429805 0.394643 0.175552
182 0.326438 0.075759 0.597802
16173 0.280935 0.672250 0.046814
270 0.081481 0.577368 0.341150
16509 0.207151 0.286310 0.506539
16146 0.251648 0.275459 0.472893
199 0.213873 0.402836 0.383290
196 0.083571 0.528674 0.387755
170 0.120112 0.115090 0.764798
11088 0.117127 0.138127 0.744746
11093 0.404543 0.247470 0.347987
5455 0.643236 0.110017 0.246747
18248 0.539132 0.000000 0.460868
