10598 0.386118 0.509926 0.103956
12154 0.367092 0.053668 0.579241
10596 0.053719 0.593260 0.353020
11616 0.033666 0.404974 0.561360
10595 0.020125 0.717766 0.262109
10592 0.592718 0.160237 0.247045
11346 0.039196 0.527588 0.433216
10665 0.487783 0.108622 0.403595
10584 0.407600 0.191944 0.400456
11135 0.696320 0.015406 0.288274
10708 0.458276 0.206344 0.335381
11407 0.198976 0.429100 0.371925
10581 0.013739 0.939015 0.047246
11558 0.112994 0.660052 0.226954
10916 0.009331 0.312147 0.678522
11621 0.041164 0.903870 0.054966
12237 0.169557 0.644712 0.185731
11982 0.028756 0.565447 0.405797
11753 0.511816 0.122640 0.365543
11756 0.111266 0.837345 0.051389
13166 0.394340 0.042009 0.563651
11520 0.161312 0.422963 0.415725
12239 0.156657 0.726923 0.116420
11745 0.036206 0.299660 0.664134
11754 0.047260 0.602879 0.349861
11653 0.057390 0.135420 0.807190
12238 0.963208 0.000711 0.036082
11486 0.722786 0.269642 0.007572
11741 0.000000 0.286939 0.713061
12855 0.365847 0.602443 0.031710
13146 0.198697 0.745246 0.056057
13164 0.662287 0.194749 0.142964
11488 0.181434 0.530382 0.288184
12855 0.342190 0.037444 0.620366
11742 0.468865 0.376198 0.154937
11490 0.807530 0.145051 0.047419
11744 0.215383 0.718093 0.066523
11744 0.159011 0.124446 0.716543
13147 0.239303 0.203996 0.556701
13337 0.366403 0.374607 0.258990
11651 0.024169 0.400943 0.574888
11981 0.414798 0.285628 0.299574
11653 0.778724 0.029555 0.191721
11554 0.557756 0.124018 0.318226
11656 0.686634 0.125925 0.187440
12574 0.237487 0.593724 0.168788
12920 0.298399 0.630294 0.071307
12575 0.214504 0.260816 0.524681
12920 0.044073 0.073498 0.882429
11411 0.151213 0.458891 0.389896
11557 0.619693 0.280942 0.099365
11217 0.006269 0.158552 0.835178
11217 0.689443 0.254397 0.056160
11218 0.006789 0.428807 0.564404
11949 0.059320 0.622795 0.317885
11951 0.636582 0.087330 0.276089
11799 0.141886 0.689862 0.168252
12028 0.303962 0.054222 0.641816
12028 0.651599 0.344333 0.004068
10925 0.115941 0.820181 0.063878
10925 0.597797 0.186066 0.216137
12930 0.172019 0.701332 0.126649
11802 0.028623 0.794329 0.177048
12160 0.413792 0.043319 0.542889
12160 0.439291 0.420716 0.139993
12160 0.123880 0.675006 0.201114
12234 0.297076 0.015123 0.687801
12159 0.334433 0.239036 0.426531
12159 0.256375 0.417848 0.325777
12159 0.080726 0.351043 0.568232
12159 0.247837 0.207820 0.544342
12159 0.412656 0.018134 0.569209
12160 0.677433 0.230207 0.092360
12159 0.492111 0.157204 0.350685
12161 0.570092 0.060934 0.368974
12720 0.242475 0.396477 0.361048
12734 0.197875 0.637383 0.164742
12162 0.533535 0.192664 0.273801
12162 0.188668 0.208896 0.602436
12233 0.128230 0.084612 0.787158
12233 0.281217 0.675652 0.043132
12574 0.089611 0.105944 0.804445
12234 0.465885 0.361079 0.173037
11555 0.347076 0.322114 0.330810
12233 0.564780 0.281906 0.153314
11555 0.735416 0.237267 0.027316
12159 0.518456 0.375656 0.105888
12158 0.656806 0.245220 0.097974
12159 0.179043 0.725059 0.095898
12158 0.324808 0.442339 0.232854
12159 0.896267 0.103733 0.000000
12441 0.411306 0.363826 0.224868
12719 0.475798 0.430549 0.093654
12718 0.815981 0.069815 0.114204
12718 0.124942 0.229208 0.645850
11553 0.283137 0.293824 0.423039
11557 0.095721 0.811447 0.092832
11556 0.635901 0.312800 0.051299
12157 0.333571 0.474589 0.191840
12157 0.242025 0.178068 0.579907
10922 0.009070 0.880242 0.110688
10922 0.020977 0.343061 0.635962
11955 0.027196 0.653157 0.319647
11954 0.867147 0.118084 0.014769
10590 0.340111 0.623906 0.035983
11790 0.417035 0.149277 0.433688
10710 0.063060 0.415235 0.521706
11789 0.575171 0.020378 0.404451
11790 0.751186 0.231714 0.017100
11789 0.243432 0.472105 0.284462
10671 0.137477 0.129616 0.732906
10586 0.278891 0.568967 0.152143
10585 0.057733 0.371702 0.570565
11503 0.008023 0.831289 0.160689
11507 0.045838 0.251681 0.702481
11503 0.313809 0.055774 0.630417
10587 0.189587 0.700870 0.109543
10588 0.233792 0.576283 0.189925
10588 0.213150 0.157030 0.629821
11509 0.135804 0.646459 0.217737
11506 0.049183 0.258629 0.692188
11505 0.403346 0.456723 0.139931
10589 0.590283 0.075622 0.334096
10713 0.229152 0.169595 0.601253
10713 0.297324 0.346561 0.356115
10589 0.376870 0.590732 0.032398
12933 0.253147 0.546011 0.200842
11521 0.790304 0.143266 0.066431
11521 0.199034 0.329286 0.471680
12933 0.428533 0.032871 0.538595
11478 0.280094 0.036057 0.683849
11478 0.085919 0.573222 0.340859
12829 0.227018 0.037267 0.735715
12156 0.072144 0.141583 0.786272
11985 0.298819 0.686340 0.014841
10972 0.273408 0.357827 0.368765
10664 0.145899 0.483803 0.370297
10918 0.217755 0.743123 0.039123
11216 0.133345 0.793757 0.072898
11214 0.256596 0.321163 0.422241
11215 0.077383 0.902913 0.019704
11798 0.602249 0.280475 0.117275
12089 0.335153 0.614993 0.049854
11860 0.516949 0.374263 0.108788
10635 0.662534 0.197405 0.140061
11226 0.710332 0.211836 0.077831
10108 0.641227 0.357096 0.001677
11255 0.074025 0.879430 0.046545
11240 0.209207 0.210033 0.580760
11253 0.061485 0.657370 0.281146
11970 0.595567 0.090488 0.313944
11266 0.586087 0.153235 0.260678
11591 0.040881 0.885297 0.073822
11270 0.256670 0.152891 0.590439
10632 0.406346 0.462809 0.130845
11136 0.195239 0.390345 0.414415
10709 0.625905 0.109416 0.264679
10706 0.336320 0.297507 0.366173
11142 0.500440 0.355375 0.144185
11583 0.275116 0.355611 0.369273
11027 0.004220 0.817686 0.178094
11054 0.189940 0.208809 0.601251
10613 0.093808 0.684382 0.221810
12496 0.049018 0.775231 0.175751
11794 0.392675 0.183784 0.423541
11966 0.265142 0.645201 0.089657
11055 0.550434 0.372223 0.077343
10767 0.252838 0.398749 0.348412
11424 0.126732 0.654482 0.218786
11420 0.570831 0.159290 0.269879
11923 0.161076 0.821380 0.017544
11571 0.182168 0.263618 0.554213
11425 0.895769 0.092888 0.011343
10398 0.134642 0.032652 0.832706
11243 0.088231 0.875009 0.036761
11232 0.590977 0.142092 0.266932
10617 0.000000 0.224253 0.775747
10981 0.438776 0.189984 0.371240
11177 0.858809 0.065151 0.076039
10681 0.279632 0.478264 0.242104
3674 0.007742 0.160638 0.831619
11174 0.314861 0.440448 0.244692
3679 0.057134 0.596770 0.346096
11700 0.286710 0.048282 0.665009
11184 0.012217 0.716945 0.270838
11084 0.118762 0.178123 0.703116
11850 0.099844 0.596030 0.304126
3686 0.110282 0.160242 0.729476
10667 0.330043 0.143899 0.526058
11789 0.775364 0.165929 0.058707
11788 0.578595 0.097781 0.323624
10668 0.557060 0.280583 0.162357
11760 0.538371 0.102781 0.358848
10967 0.379685 0.051994 0.568322
11027 0.818672 0.029956 0.151372
11052 0.611378 0.237283 0.151339
10704 0.205532 0.149392 0.645076
10962 0.126226 0.318631 0.555143
10834 0.283542 0.393981 0.322477
3672 0.814396 0.005931 0.179672
11081 0.048198 0.348384 0.603418
10168 0.673989 0.011029 0.314982
11167 0.001725 0.747012 0.251262
11083 0.719418 0.095081 0.185501
11434 0.225917 0.064312 0.709770
11168 0.033589 0.906224 0.060187
11431 0.072143 0.295896 0.631962
11441 0.210295 0.465233 0.324472
10547 0.707275 0.260928 0.031797
3595 0.364491 0.070895 0.564614
11372 0.272375 0.218971 0.508654
11375 0.743997 0.201473 0.054531
12198 0.397686 0.490473 0.111840
10550 0.526668 0.267121 0.206211
12834 0.200636 0.016768 0.782596
3577 0.630734 0.181397 0.187869
11840 0.644963 0.013888 0.341149
3578 0.059057 0.738602 0.202341
11363 0.278097 0.054865 0.667038
10546 0.063516 0.921867 0.014617
11280 0.231573 0.709556 0.058871
11279 0.246006 0.127731 0.626263
11103 0.170484 0.636628 0.192888
3597 0.317180 0.406557 0.276263
11427 0.548837 0.199464 0.251699
11438 0.385340 0.183658 0.431002
11931 0.322190 0.189842 0.487968
11759 0.382328 0.100345 0.517327
12494 0.311736 0.316946 0.371318
12932 0.402558 0.575764 0.021678
11477 0.169700 0.613332 0.216969
11477 0.036682 0.026141 0.937177
12923 0.035051 0.011018 0.953931
12710 0.746870 0.055319 0.197811
12865 0.882481 0.063846 0.053673
12155 0.154971 0.776745 0.068284
11647 0.117363 0.316782 0.565855
12236 0.007621 0.114061 0.878318
11980 0.123994 0.573258 0.302748
11650 0.267523 0.411661 0.320815
11788 0.055809 0.692891 0.251300
11788 0.188659 0.449219 0.362122
11788 0.186944 0.734367 0.078690
12027 0.283719 0.293786 0.422495
11410 0.247328 0.090778 0.661893
10577 0.081435 0.751796 0.166769
10668 0.104355 0.361500 0.534145
24686 0.343256 0.563207 0.093537
10605 0.011344 0.292705 0.695952
24712 0.315694 0.254850 0.429457
12514 0.665976 0.077279 0.256745
10688 0.388962 0.425089 0.185949
12109 0.126400 0.529707 0.343894
12633 0.165924 0.505818 0.328258
12841 0.071995 0.853757 0.074248
3660 0.253847 0.509171 0.236981
11107 0.431796 0.015252 0.552952
12193 0.466440 0.288138 0.245423
10719 0.174249 0.088846 0.736905
13050 0.396670 0.177556 0.425774
10964 0.405715 0.002848 0.591437
10583 0.786494 0.089409 0.124097
11501 0.509913 0.435709 0.054379
11472 0.639022 0.337107 0.023872
11470 0.074785 0.815241 0.109973
10582 0.192474 0.586890 0.220637
10913 0.233675 0.202465 0.563860
10105 0.141719 0.166975 0.691306
11234 0.528710 0.093494 0.377796
11070 0.262297 0.423290 0.314413
10773 0.021934 0.303074 0.674992
24698 0.035191 0.806343 0.158465
10817 0.174539 0.467367 0.358094
10132 0.324982 0.183188 0.491830
10779 0.402678 0.235297 0.362025
12576 0.588262 0.280373 0.131365
11551 0.221795 0.733199 0.045007
11543 0.389277 0.235232 0.375491
12732 0.758998 0.087244 0.153758
12733 0.256177 0.403305 0.340518
12727 0.311124 0.146177 0.542699
12727 0.177062 0.654138 0.168800
11956 0.613550 0.109278 0.277171
12594 0.115911 0.831587 0.052502
12671 0.025018 0.853940 0.121041
11841 0.775014 0.004220 0.220766
11490 0.016064 0.931109 0.052827
11491 0.114851 0.683323 0.201826
11491 0.555501 0.411134 0.033365
11490 0.194345 0.583282 0.222373
12159 0.229359 0.028902 0.741739
12922 0.452926 0.146764 0.400310
12922 0.061686 0.194815 0.743499
12162 0.097925 0.750778 0.151298
12163 0.641475 0.091836 0.266689
11767 0.697921 0.002635 0.299444
3584 0.029955 0.229195 0.740850
10517 0.022771 0.093080 0.884149
11595 0.560173 0.290098 0.149729
3594 0.775612 0.161267 0.063121
3599 0.172340 0.022727 0.804934
12200 0.114268 0.740372 0.145360
13480 0.372730 0.297319 0.329951
13305 0.144300 0.126480 0.729220
12631 0.439989 0.531678 0.028333
12768 0.059717 0.741203 0.199080
3581 0.165195 0.381185 0.453620
24751 0.480058 0.455947 0.063995
11868 0.503466 0.227020 0.269514
3581 0.851020 0.063084 0.085896
11493 0.078652 0.426763 0.494585
11493 0.265352 0.139347 0.595301
11493 0.544972 0.372695 0.082333
11493 0.147234 0.743702 0.109064
11490 0.430626 0.238656 0.330718
11490 0.201031 0.018184 0.780785
11543 0.729090 0.018444 0.252466
11741 0.655786 0.131840 0.212374
11742 0.063611 0.618569 0.317820
11541 0.182830 0.328472 0.488698
11541 0.145412 0.745970 0.108618
13165 0.823437 0.173172 0.003391
11491 0.602173 0.100774 0.297053
11491 0.827765 0.053911 0.118325
11490 0.251073 0.340239 0.408688
11490 0.074388 0.227655 0.697956
11541 0.358272 0.482467 0.159262
13148 0.448240 0.244883 0.306877
12858 0.112183 0.852045 0.035772
11533 0.270027 0.679257 0.050716
13340 0.538009 0.053176 0.408815
13393 0.202793 0.464352 0.332855
11538 0.765858 0.188246 0.045896
24752 0.069489 0.568068 0.362443
12833 0.009784 0.179839 0.810377
12925 0.884010 0.064636 0.051354
13149 0.555598 0.227819 0.216584
12159 0.370179 0.111419 0.518401
10590 0.036747 0.069807 0.893446
11473 0.016876 0.766183 0.216942
11758 0.356184 0.559184 0.084632
11756 0.313917 0.235042 0.451041
11475 0.130375 0.495996 0.373630
12587 0.388266 0.010930 0.600804
11513 0.592352 0.152500 0.255148
11530 0.121536 0.642311 0.236153
11515 0.275930 0.430260 0.293811
11519 0.805762 0.076144 0.118094
11748 0.312035 0.002166 0.685799
12240 0.301379 0.436609 0.262013
13176 0.383924 0.456392 0.159685
10710 0.470343 0.313021 0.216636
10710 0.565890 0.429558 0.004553
11482 0.408227 0.128424 0.463349
11759 0.010189 0.857781 0.132030
11757 0.148445 0.495888 0.355667
11480 0.157873 0.308162 0.533966
11474 0.409945 0.441965 0.148090
10669 0.831964 0.009974 0.158062
11503 0.074657 0.301067 0.624276
10530 0.656500 0.079065 0.264436
11079 0.144280 0.494827 0.360893
10160 0.396459 0.067166 0.536375
10161 0.305877 0.483173 0.210950
11163 0.174043 0.286743 0.539214
10393 0.731770 0.165043 0.103187
10823 0.087893 0.546535 0.365572
10523 0.782575 0.063817 0.153608
10523 0.094180 0.104597 0.801223
10127 0.668795 0.135332 0.195873
11066 0.035280 0.859900 0.104820
11066 0.041693 0.547291 0.411017
11061 0.057055 0.527399 0.415546
10451 0.235018 0.279862 0.485120
10129 0.004879 0.627905 0.367215
10961 0.220254 0.554341 0.225405
11061 0.717252 0.072028 0.210719
10705 0.138130 0.348039 0.513831
10641 0.332927 0.319783 0.347289
11059 0.381603 0.358005 0.260392
10958 0.099800 0.120592 0.779608
10102 0.562176 0.008905 0.428919
10650 0.773708 0.139616 0.086676
11071 0.154585 0.222632 0.622783
10786 0.626654 0.186080 0.187266
12331 0.010473 0.582006 0.407521
11287 0.783388 0.147857 0.068755
11299 0.402757 0.146470 0.450773
11191 0.070435 0.273275 0.656290
10118 0.605896 0.265106 0.128998
11856 0.108039 0.786990 0.104971
12405 0.048593 0.089573 0.861833
10578 0.116086 0.153248 0.730666
10657 0.725317 0.078014 0.196669
11379 0.088914 0.690883 0.220203
11937 0.045158 0.441751 0.513091
11303 0.656413 0.283556 0.060031
3669 0.684598 0.160952 0.154450
10696 0.053663 0.463946 0.482391
3635 0.498995 0.034249 0.466755
3643 0.771542 0.127205 0.101253
10158 0.926640 0.056960 0.016400
10698 0.274525 0.050621 0.674854
10101 0.202531 0.219581 0.577889
10159 0.168427 0.486467 0.345106
10649 0.693195 0.056203 0.250602
11058 0.343396 0.405095 0.251509
13465 0.300394 0.274539 0.425067
13930 0.213392 0.444704 0.341904
11532 0.857229 0.048325 0.094446
11523 0.753252 0.094502 0.152246
24697 0.655378 0.067647 0.276975
12507 0.409644 0.423870 0.166486
12363 0.116191 0.720674 0.163134
10988 0.515448 0.166228 0.318324
10926 0.724876 0.040196 0.234929
13173 0.662370 0.267472 0.070158
11543 0.026223 0.920698 0.053078
11546 0.871199 0.101003 0.027798
11546 0.536479 0.023341 0.440180
12922 0.300834 0.550846 0.148320
11512 0.452968 0.282714 0.264318
12542 0.270047 0.677482 0.052471
12195 0.274743 0.414730 0.310527
10850 0.326698 0.111416 0.561887
11859 0.334105 0.257477 0.408417
10846 0.099575 0.716398 0.184028
11544 0.102658 0.084469 0.812873
11544 0.344628 0.383327 0.272045
13148 0.013772 0.538056 0.448171
12921 0.730222 0.029578 0.240201
11492 0.598466 0.023291 0.378243
11492 0.967457 0.000444 0.032099
11492 0.168807 0.696858 0.134334
11495 0.068127 0.081827 0.850046
12493 0.350128 0.290772 0.359100
11510 0.188528 0.167372 0.644100
11540 0.353137 0.000000 0.646863
11541 0.740211 0.166956 0.092833
13167 0.039697 0.546149 0.414154
11587 0.253923 0.645503 0.100573
10512 0.167571 0.519546 0.312882
11546 0.096462 0.088239 0.815299
12164 0.250828 0.625827 0.123345
12939 0.057808 0.155311 0.786881
12893 0.360687 0.452193 0.187120
13201 0.118516 0.266180 0.615304
10643 0.381749 0.197506 0.420745
10701 0.096724 0.433677 0.469599
10699 0.550014 0.258232 0.191754
10450 0.456055 0.125077 0.418868
11870 0.285489 0.053106 0.661405
11356 0.212832 0.653583 0.133585
12886 0.338481 0.167598 0.493921
10586 0.102955 0.236018 0.661027
10586 0.314816 0.062138 0.623046
11511 0.540290 0.192432 0.267277
13388 0.000000 0.621056 0.378944
12719 0.182431 0.778185 0.039384
12163 0.006033 0.705814 0.288152
10854 0.647935 0.039458 0.312607
11958 0.636815 0.268599 0.094586
11493 0.422103 0.053715 0.524182
13721 0.961561 0.016672 0.021767
10175 0.266981 0.000857 0.732162
10502 0.344251 0.510382 0.145367
10502 0.807973 0.050362 0.141665
10502 0.709887 0.191788 0.098325
10503 0.087963 0.562140 0.349897
10502 0.284554 0.477809 0.237637
10503 0.060225 0.896664 0.043112
10177 0.405235 0.501237 0.093528
11061 0.002245 0.944770 0.052985
10503 0.539014 0.402990 0.057995
10177 0.199496 0.225719 0.574785
10177 0.401716 0.492350 0.105934
10451 0.388727 0.321246 0.290027
10178 0.643439 0.192542 0.164019
10177 0.603941 0.153299 0.242760
10178 0.064142 0.715613 0.220245
10176 0.086419 0.504568 0.409013
10387 0.269465 0.550646 0.179889
10252 0.372787 0.277914 0.349299
10385 0.740712 0.116667 0.142622
10439 0.543794 0.210444 0.245762
10444 0.114148 0.578853 0.307000
10297 0.856659 0.033007 0.110334
10126 0.494970 0.061008 0.444022
10113 0.043053 0.740096 0.216851
10114 0.945111 0.000000 0.054889
10191 0.603336 0.135713 0.260952
10138 0.460638 0.247102 0.292260
10189 0.173957 0.276128 0.549916
10189 0.234600 0.645385 0.120015
10148 0.614361 0.385639 0.000000
10194 0.626411 0.331396 0.042194
10176 0.047498 0.711248 0.241254
10252 0.345567 0.052042 0.602391
10386 0.079514 0.793152 0.127334
10176 0.387977 0.047299 0.564724
10182 0.598667 0.155390 0.245942
10182 0.318368 0.135321 0.546311
10183 0.503001 0.385337 0.111662
10183 0.771995 0.147951 0.080054
10445 0.591014 0.123201 0.285784
10445 0.327238 0.043433 0.629329
10447 0.040861 0.153308 0.805831
10446 0.333230 0.482637 0.184132
10446 0.384686 0.237038 0.378276
10445 0.237243 0.021609 0.741147
10448 0.781278 0.068570 0.150152
10484 0.163597 0.063117 0.773286
10262 0.101882 0.385281 0.512837
10265 0.100714 0.666158 0.233128
10265 0.402430 0.597570 0.000000
10445 0.036863 0.040845 0.922292
10448 0.216763 0.212880 0.570358
10645 0.111572 0.243183 0.645245
10122 0.102942 0.202441 0.694618
10095 0.269551 0.499645 0.230803
10268 0.716780 0.221194 0.062026
10299 0.096817 0.492282 0.410901
10158 0.103751 0.431946 0.464303
10391 0.211681 0.080488 0.707831
10385 0.039487 0.905816 0.054696
10115 0.278124 0.721876 0.000000
10097 0.739082 0.080819 0.180099
10140 0.661019 0.091393 0.247589
10149 0.558363 0.292805 0.148832
10253 0.419612 0.057248 0.523140
10196 0.697728 0.254346 0.047925
10260 0.278313 0.624564 0.097123
10437 0.636064 0.278734 0.085202
10388 0.306497 0.455312 0.238191
10254 0.136331 0.008909 0.854760
10150 0.396298 0.314122 0.289580
10257 0.124384 0.261466 0.614149
10399 0.247535 0.625449 0.127016
10258 0.063690 0.859537 0.076773
10484 0.351577 0.509286 0.139137
10256 0.263324 0.186496 0.550180
10186 0.653376 0.260185 0.086439
10400 0.170799 0.302184 0.527017
10265 0.396936 0.165072 0.437992
10180 0.186737 0.607042 0.206221
10180 0.510512 0.081297 0.408191
10181 0.203744 0.250308 0.545948
10197 0.293507 0.322362 0.384131
10087 0.690991 0.272751 0.036258
10179 0.504535 0.371274 0.124191
10151 0.096180 0.255112 0.648708
10297 0.107138 0.315512 0.577350
10297 0.215069 0.062700 0.722231
10179 0.061104 0.239906 0.698990
10173 0.237317 0.762683 0.000000
10298 0.159318 0.254462 0.586221
10297 0.563749 0.357756 0.078495
10298 0.111204 0.848332 0.040464
10298 0.723172 0.212772 0.064057
10298 0.455006 0.007386 0.537608
10173 0.323532 0.278234 0.398235
10298 0.844622 0.023926 0.131451
10177 0.156365 0.019964 0.823671
10502 0.025937 0.882166 0.091896
10176 0.642132 0.288734 0.069134
10176 0.600028 0.066394 0.333577
10175 0.243338 0.354051 0.402611
10176 0.818696 0.045714 0.135590
10175 0.415328 0.277530 0.307143
10175 0.741202 0.150392 0.108407
3575 0.193279 0.441879 0.364842
11276 0.387301 0.063865 0.548834
12882 0.181636 0.555553 0.262811
12881 0.126236 0.796826 0.076938
10174 0.244495 0.472262 0.283244
10174 0.145678 0.665158 0.189164
10175 0.146625 0.810214 0.043161
10174 0.672063 0.019848 0.308090
10173 0.905299 0.020451 0.074251
10173 0.670899 0.101695 0.227406
10174 0.463667 0.232845 0.303488
10184 0.790571 0.049293 0.160136
10185 0.591278 0.152909 0.255813
10483 0.669234 0.165703 0.165063
10501 0.085376 0.153647 0.760977
10406 0.228113 0.107204 0.664682
10406 0.133144 0.802461 0.064396
10520 0.505645 0.038130 0.456225
10373 0.123942 0.757132 0.118926
10030 0.398229 0.514423 0.087347
9559 0.676985 0.107281 0.215734
9764 0.668816 0.300315 0.030869
9403 0.661802 0.011798 0.326401
9815 0.415802 0.503155 0.081044
9810 0.020287 0.275454 0.704259
9810 0.077307 0.772593 0.150100
8523 0.104103 0.022067 0.873830
8522 0.217909 0.049337 0.732754
8957 0.327743 0.522737 0.149520
8959 0.350500 0.405846 0.243654
9504 0.009606 0.121887 0.868506
9504 0.631540 0.189863 0.178596
7112 0.176120 0.304831 0.519049
7313 0.396170 0.367229 0.236601
3349 0.670975 0.216228 0.112797
3350 0.091800 0.494692 0.413507
9577 0.215080 0.719342 0.065577
9003 0.103742 0.228226 0.668032
9468 0.334207 0.337408 0.328384
7813 0.058793 0.770836 0.170371
6560 0.514995 0.203583 0.281422
7193 0.547785 0.305919 0.146296
8402 0.612720 0.379197 0.008083
8401 0.655504 0.308479 0.036016
8999 0.222347 0.740013 0.037640
8977 0.424898 0.562684 0.012417
9405 0.407460 0.263402 0.329138
8587 0.516060 0.178141 0.305799
7618 0.222040 0.275246 0.502714
7966 0.389702 0.425930 0.184369
6454 0.220413 0.414329 0.365257
6452 0.087236 0.696639 0.216125
3321 0.002120 0.123277 0.874603
3323 0.001442 0.909843 0.088715
3323 0.944980 0.031162 0.023858
7199 0.854268 0.082627 0.063104
2838 0.232515 0.420811 0.346675
2853 0.138365 0.520298 0.341338
3196 0.857029 0.055733 0.087238
1876 0.612963 0.088946 0.298091
8357 0.290784 0.583886 0.125329
7455 0.038453 0.132985 0.828562
8281 0.131897 0.856453 0.011651
8277 0.044244 0.416889 0.538867
4581 0.372598 0.021132 0.606271
3361 0.121258 0.598617 0.280125
3202 0.158813 0.477930 0.363257
4583 0.019448 0.432328 0.548224
7188 0.629767 0.239631 0.130602
3319 0.274156 0.284715 0.441129
7115 0.120633 0.185236 0.694131
7202 0.571080 0.414054 0.014865
6703 0.336318 0.628136 0.035547
6990 0.542874 0.026918 0.430208
6881 0.788153 0.062867 0.148981
7258 0.069246 0.361796 0.568958
7417 0.156162 0.434464 0.409375
7084 0.037782 0.912637 0.049581
3320 0.203644 0.068067 0.728289
8336 0.005946 0.132263 0.861792
8339 0.442176 0.390703 0.167122
8514 0.707572 0.126329 0.166099
10472 0.239704 0.634113 0.126184
8961 0.681040 0.267641 0.051320
7458 0.018286 0.099351 0.882363
8757 0.501012 0.277403 0.221585
9179 0.426469 0.344652 0.228878
7475 0.229296 0.160390 0.610314
9839 0.198650 0.371895 0.429455
9512 0.189987 0.774709 0.035303
9260 0.874725 0.031439 0.093837
9940 0.236223 0.216494 0.547283
9164 0.644949 0.114864 0.240186
9741 0.119451 0.656935 0.223615
9935 0.650372 0.148390 0.201238
9742 0.203771 0.556276 0.239953
9897 0.540412 0.133436 0.326152
9814 0.542771 0.131239 0.325990
6562 0.071962 0.727046 0.200992
6563 0.177037 0.553184 0.269779
9509 0.319841 0.419522 0.260637
8752 0.358490 0.225949 0.415561
7053 0.004350 0.111703 0.883947
7054 0.562487 0.229608 0.207905
3317 0.124035 0.867481 0.008484
7185 0.001257 0.919411 0.079332
7850 0.729746 0.003761 0.266493
8075 0.060706 0.723609 0.215685
9166 0.041350 0.782168 0.176482
10426 0.758205 0.175235 0.066560
6005 0.557474 0.000000 0.442526
24662 0.359086 0.640914 0.000000
24662 0.507143 0.492857 0.000000
6005 0.539844 0.000000 0.460156
11133 0.217074 0.760351 0.022575
10368 0.336388 0.632956 0.030656
10336 0.058851 0.826693 0.114456
6578 0.210272 0.014021 0.775707
9081 0.345147 0.609686 0.045167
9250 0.147900 0.026593 0.825508
9260 0.046178 0.749581 0.204241
10339 0.430829 0.558469 0.010703
10369 0.495225 0.085547 0.419228
6592 0.025443 0.782023 0.192534
6589 0.176618 0.693297 0.130085
10232 0.630364 0.030103 0.339533
6596 0.618085 0.110133 0.271782
12177 0.268181 0.261426 0.470392
12091 0.375553 0.338972 0.285475
6598 0.749880 0.080518 0.169602
10361 0.575329 0.119588 0.305083
10436 0.120732 0.755369 0.123899
3572 0.035638 0.561429 0.402933
7070 0.564285 0.047549 0.388166
7071 0.454324 0.345423 0.200253
7937 0.280186 0.242228 0.477586
7890 0.206302 0.722457 0.071241
6772 0.722151 0.133301 0.144549
8257 0.327995 0.616310 0.055696
8644 0.455016 0.485542 0.059442
8837 0.039547 0.248438 0.712015
8347 0.766205 0.217212 0.016583
2332 0.082218 0.544449 0.373334
2324 0.255051 0.598375 0.146574
1384 0.162792 0.278621 0.558587
2333 0.124577 0.804217 0.071206
1379 0.482516 0.205667 0.311818
5672 0.238105 0.025725 0.736169
2917 0.351806 0.568039 0.080156
5809 0.135481 0.779608 0.084911
8429 0.381925 0.319969 0.298106
8430 0.294384 0.151178 0.554438
8246 0.029320 0.080459 0.890221
6616 0.103523 0.499194 0.397283
6998 0.724308 0.146083 0.129609
7000 0.621985 0.066866 0.311149
8796 0.581111 0.015656 0.403233
1394 0.087581 0.877458 0.034961
11782 0.404843 0.290764 0.304393
8794 0.873402 0.036135 0.090462
9416 0.394891 0.474744 0.130365
9836 0.018299 0.324053 0.657648
6043 0.035979 0.757499 0.206522
9415 0.074877 0.007067 0.918056
8646 0.221112 0.120250 0.658638
1389 0.467390 0.174240 0.358370
6815 0.272757 0.591939 0.135303
6813 0.408368 0.044180 0.547452
1896 0.105136 0.130335 0.764529
6017 0.308347 0.035701 0.655951
1893 0.216234 0.071097 0.712669
6443 0.151126 0.116001 0.732873
9579 0.213833 0.450065 0.336102
8886 0.717272 0.143696 0.139031
3554 0.246688 0.700757 0.052555
9058 0.275211 0.334444 0.390345
9056 0.095680 0.011480 0.892841
9057 0.693691 0.185396 0.120912
11197 0.012034 0.145832 0.842134
1912 0.936179 0.030143 0.033678
8773 0.333618 0.454712 0.211670
1917 0.702240 0.254023 0.043737
5825 0.035870 0.457437 0.506693
1379 0.288015 0.200791 0.511195
1382 0.700902 0.128031 0.171068
1383 0.000000 0.450861 0.549139
1380 0.540186 0.347322 0.112492
6512 0.304217 0.078410 0.617373
5811 0.369560 0.518015 0.112425
6074 0.277127 0.709336 0.013537
6513 0.012671 0.449850 0.537479
1900 0.185059 0.660079 0.154862
6915 0.194009 0.679035 0.126956
6914 0.078101 0.327301 0.594597
6614 0.372938 0.150228 0.476834
11127 0.047561 0.522420 0.430019
11729 0.115589 0.853724 0.030687
11726 0.663350 0.194673 0.141976
9968 0.172585 0.796421 0.030994
7337 0.387296 0.342160 0.270544
1887 0.126354 0.589373 0.284273
1884 0.072618 0.805836 0.121546
24672 0.514054 0.208001 0.277946
4510 0.507771 0.318404 0.173824
4510 0.102127 0.632699 0.265174
3508 0.686353 0.170030 0.143617
3508 0.186104 0.621370 0.192526
2890 0.770432 0.051708 0.177860
2886 0.311463 0.488194 0.200343
4149 0.295039 0.157083 0.547878
2891 0.118603 0.368926 0.512471
7916 0.123983 0.014017 0.861999
9475 0.185239 0.750549 0.064212
7901 0.155182 0.247989 0.596829
24649 0.399051 0.105304 0.495645
24653 0.324772 0.095030 0.580198
2932 0.397097 0.272127 0.330776
24676 0.097092 0.693130 0.209779
2675 0.372020 0.366724 0.261256
2851 0.116131 0.755661 0.128208
3488 0.363847 0.568546 0.067607
3490 0.234823 0.211466 0.553711
3021 0.574830 0.028261 0.396908
3020 0.782463 0.108327 0.109210
7002 0.296337 0.609256 0.094407
8642 0.571811 0.202817 0.225372
6831 0.160883 0.267660 0.571457
6828 0.094754 0.442478 0.462768
8227 0.115840 0.639808 0.244352
8435 0.398478 0.406699 0.194823
8297 0.269940 0.568183 0.161877
8445 0.189056 0.785879 0.025065
8909 0.875679 0.009031 0.115289
10412 0.142014 0.408318 0.449667
3554 0.804776 0.109752 0.085473
8629 0.825853 0.143899 0.030248
8630 0.208264 0.484559 0.307177
7366 0.345213 0.210862 0.443925
7234 0.497609 0.024412 0.477979
7221 0.097107 0.041270 0.861624
2054 0.559554 0.010521 0.429924
9038 0.925617 0.037261 0.037121
9038 0.251711 0.043173 0.705116
11978 0.581037 0.284176 0.134787
10843 0.257052 0.050161 0.692787
8003 0.259224 0.086264 0.654512
7952 0.256536 0.697190 0.046275
10409 0.275425 0.218266 0.506309
10200 0.487816 0.493937 0.018247
10828 0.232021 0.271640 0.496339
9474 0.028403 0.292955 0.678642
10826 0.038764 0.695164 0.266072
7232 0.306901 0.333947 0.359153
7122 0.741470 0.148685 0.109845
11857 0.645669 0.188814 0.165517
11716 0.809489 0.157975 0.032537
10845 0.029318 0.684045 0.286638
12887 0.156394 0.842684 0.000921
9041 0.978175 0.021825 0.000000
13306 0.196585 0.511872 0.291543
7849 0.058194 0.399356 0.542450
8090 0.290759 0.345970 0.363271
5253 0.777514 0.171648 0.050838
7603 0.602716 0.339637 0.057647
8697 0.304759 0.322931 0.372310
9381 0.124765 0.172341 0.702894
9309 0.025443 0.034440 0.940117
8704 0.243998 0.396840 0.359162
9114 0.222236 0.123261 0.654503
9867 0.629418 0.198930 0.171652
11392 0.236030 0.643822 0.120148
2085 0.144332 0.686839 0.168830
9894 0.289912 0.405966 0.304122
8931 0.282787 0.469830 0.247383
8363 0.402887 0.156019 0.441094
8949 0.374464 0.186954 0.438582
8063 0.039260 0.506168 0.454572
5444 0.520818 0.209254 0.269928
5491 0.164674 0.551931 0.283395
5398 0.541730 0.258594 0.199676
5745 0.561110 0.344407 0.094483
7092 0.180401 0.497706 0.321893
8315 0.150462 0.182655 0.666883
8317 0.725987 0.051213 0.222800
7142 0.093848 0.213059 0.693094
10423 0.322268 0.585743 0.091988
10567 0.268273 0.576093 0.155635
10235 0.361917 0.439404 0.198679
12246 0.014675 0.917528 0.067797
12248 0.100567 0.253836 0.645598
11996 0.350770 0.540493 0.108737
9734 0.653130 0.045929 0.300941
11907 0.186107 0.397927 0.415966
11765 0.104205 0.621102 0.274692
12662 0.268764 0.636400 0.094836
13593 0.165977 0.717533 0.116490
7424 0.589930 0.374964 0.035106
8583 0.140263 0.423802 0.435935
8669 0.219086 0.725761 0.055152
8716 0.590421 0.245104 0.164475
10204 0.145996 0.160175 0.693829
24731 0.100981 0.638671 0.260349
6194 0.251144 0.604520 0.144335
5769 0.310158 0.144380 0.545462
7159 0.324132 0.431068 0.244800
6103 0.680742 0.056344 0.262914
6108 0.521395 0.055984 0.422621
9144 0.040595 0.833596 0.125809
12947 0.525604 0.419493 0.054903
12757 0.044877 0.199932 0.755190
12262 0.373924 0.417728 0.208347
12066 0.462186 0.111069 0.426745
11457 0.017566 0.347489 0.634944
8474 0.486266 0.304349 0.209385
10286 0.150119 0.795934 0.053947
8477 0.876956 0.070991 0.052053
9409 0.822237 0.109820 0.067943
9136 0.278390 0.218343 0.503267
6835 0.257415 0.527858 0.214727
9137 0.804042 0.096037 0.099921
6832 0.444015 0.254064 0.301920
8768 0.766784 0.001906 0.231310
8734 0.296068 0.528711 0.175221
8766 0.060987 0.416864 0.522148
8767 0.099769 0.896896 0.003335
8804 0.244153 0.303664 0.452183
8804 0.734183 0.151024 0.114793
9110 0.281852 0.236081 0.482066
9107 0.021957 0.016483 0.961560
3889 0.817929 0.148264 0.033807
11450 0.709956 0.231572 0.058472
5095 0.030360 0.098205 0.871435
5807 0.100470 0.509546 0.389985
6019 0.305995 0.219784 0.474221
4886 0.275194 0.025981 0.698825
5237 0.540906 0.306733 0.152361
7605 0.253373 0.106381 0.640246
9214 0.053541 0.722240 0.224219
11681 0.694252 0.288804 0.016944
11633 0.894504 0.029851 0.075645
10051 0.167557 0.126035 0.706408
9431 0.226326 0.179300 0.594374
11761 0.562840 0.177781 0.259380
8815 0.850547 0.020668 0.128785
9756 0.763296 0.069001 0.167703
9520 0.227287 0.101088 0.671625
11403 0.076201 0.644985 0.278814
10909 0.127952 0.128206 0.743843
9170 0.290356 0.170190 0.539454
11911 0.410968 0.403474 0.185558
11667 0.156389 0.311927 0.531683
11658 0.456189 0.291929 0.251882
10047 0.034952 0.588606 0.376442
9990 0.017787 0.668898 0.313315
10226 0.231997 0.292911 0.475092
9717 0.482685 0.154343 0.362973
10044 0.402649 0.333113 0.264238
10497 0.094506 0.748284 0.157210
9841 0.880743 0.110424 0.008833
9754 0.802258 0.136423 0.061319
11987 0.067388 0.381519 0.551092
11986 0.235948 0.486861 0.277191
7119 0.263462 0.551958 0.184580
11311 0.267529 0.677717 0.054755
11385 0.095815 0.773048 0.131137
12274 0.365163 0.432099 0.202737
12839 0.189009 0.053012 0.757979
8059 0.275099 0.635326 0.089574
7926 0.179132 0.038632 0.782235
8343 0.257424 0.169527 0.573049
7673 0.292927 0.529179 0.177894
8200 0.346377 0.214833 0.438790
9939 0.348835 0.626313 0.024852
9700 0.042482 0.290955 0.666564
6156 0.162065 0.606971 0.230963
6167 0.877672 0.019274 0.103055
4902 0.216723 0.064142 0.719134
8561 0.598758 0.286000 0.115241
4851 0.062953 0.278831 0.658216
11897 0.224092 0.029113 0.746795
9236 0.654950 0.282663 0.062388
8334 0.263524 0.234696 0.501780
10296 0.104769 0.478190 0.417042
9597 0.442965 0.048431 0.508604
10407 0.132278 0.752008 0.115714
10376 0.694354 0.129605 0.176041
10057 0.422899 0.036413 0.540688
4890 0.763137 0.146970 0.089893
4842 0.122231 0.862282 0.015487
5217 0.133152 0.142711 0.724137
6165 0.080425 0.227391 0.692184
4848 0.085070 0.359656 0.555273
7567 0.269114 0.406388 0.324498
11635 0.056594 0.116509 0.826898
12186 0.089213 0.906923 0.003864
11110 0.659460 0.029946 0.310594
12009 0.042552 0.514820 0.442629
9229 0.513661 0.449974 0.036365
9771 0.409656 0.337163 0.253181
6994 0.171291 0.632479 0.196230
5092 0.277803 0.107443 0.614754
5926 0.221341 0.254280 0.524379
6001 0.399792 0.262148 0.338060
5280 0.042614 0.933245 0.024141
4875 0.072035 0.728423 0.199542
5500 0.738993 0.086647 0.174360
5225 0.039814 0.704822 0.255364
6118 0.455395 0.164955 0.379650
5945 0.265562 0.074171 0.660267
5501 0.446528 0.237674 0.315798
5276 0.550214 0.322980 0.126807
5273 0.221624 0.415216 0.363160
5463 0.020103 0.149709 0.830188
5083 0.428788 0.189661 0.381552
6242 0.543922 0.441344 0.014734
6131 0.355604 0.239893 0.404503
5086 0.638466 0.028351 0.333183
7790 0.058623 0.487469 0.453908
8160 0.011162 0.337962 0.650875
8905 0.196654 0.316245 0.487101
5104 0.264749 0.267065 0.468186
10066 0.346916 0.107483 0.545601
9595 0.605266 0.313994 0.080741
9585 0.020015 0.404138 0.575847
9294 0.309319 0.445994 0.244687
6899 0.138470 0.300908 0.560622
6144 0.051882 0.047871 0.900246
3875 0.231511 0.169605 0.598884
8598 0.168246 0.297880 0.533873
4345 0.297479 0.319297 0.383224
8293 0.401347 0.337154 0.261498
6234 0.128189 0.659906 0.211905
3871 0.316935 0.288311 0.394754
5721 0.311936 0.040744 0.647320
5719 0.178319 0.596240 0.225441
3870 0.755351 0.219853 0.024797
6349 0.672023 0.202799 0.125178
5455 0.307300 0.574445 0.118255
4747 0.068282 0.255853 0.675865
5452 0.807705 0.147047 0.045247
5268 0.265005 0.418949 0.316046
4787 0.439960 0.274963 0.285077
4829 0.744818 0.020730 0.234452
9799 0.181031 0.256573 0.562396
9887 0.046562 0.607895 0.345543
9629 0.212649 0.089500 0.697851
7553 0.216567 0.588565 0.194868
6273 0.033968 0.897671 0.068361
7379 0.020964 0.330777 0.648259
6944 0.303436 0.691150 0.005414
6958 0.661903 0.078603 0.259494
5189 0.123339 0.663504 0.213157
5654 0.578973 0.350811 0.070216
5598 0.202919 0.792355 0.004726
5508 0.125521 0.507719 0.366759
9186 0.267546 0.313758 0.418696
9290 0.235551 0.019914 0.744536
10086 0.641444 0.060643 0.297913
10061 0.163540 0.381960 0.454500
6937 0.357659 0.300671 0.341670
5318 0.609192 0.062551 0.328258
5190 0.037713 0.710136 0.252151
4257 0.197939 0.726887 0.075173
5586 0.146162 0.289967 0.563871
5660 0.868465 0.066697 0.064838
5793 0.089994 0.576527 0.333479
5790 0.102048 0.085478 0.812473
5792 0.641163 0.355535 0.003302
4215 0.379853 0.599950 0.020197
6148 0.505832 0.058332 0.435836
3878 0.894491 0.074841 0.030668
9904 0.173447 0.703750 0.122803
9024 0.266398 0.394442 0.339160
6942 0.593736 0.024249 0.382015
5045 0.064648 0.866873 0.068479
5322 0.051816 0.376096 0.572088
7037 0.164581 0.198332 0.637087
4176 0.390164 0.403513 0.206323
8269 0.719578 0.180478 0.099945
6891 0.070407 0.746643 0.182950
7878 0.419744 0.020707 0.559549
5139 0.606040 0.379191 0.014768
4810 0.648185 0.174578 0.177237
5136 0.143776 0.778967 0.077258
5207 0.379858 0.139626 0.480516
5048 0.336445 0.096974 0.566580
8897 0.039922 0.847204 0.112874
9180 0.767042 0.095185 0.137773
4332 0.572417 0.198462 0.229120
8847 0.519336 0.175111 0.305553
7543 0.577512 0.164272 0.258216
4338 0.316739 0.459914 0.223347
6896 0.147952 0.754623 0.097425
7590 0.269942 0.496257 0.233802
5142 0.436350 0.083214 0.480436
7536 0.184034 0.334339 0.481627
5468 0.263529 0.637083 0.099388
4741 0.119009 0.660591 0.220399
3858 0.079475 0.004181 0.916344
5297 0.102751 0.441236 0.456013
4168 0.249718 0.259390 0.490892
4801 0.506837 0.221283 0.271880
4093 0.579240 0.308688 0.112072
4796 0.083227 0.107186 0.809587
5461 0.437432 0.026306 0.536262
5517 0.289977 0.504914 0.205109
4561 0.266212 0.555079 0.178709
4671 0.805910 0.158933 0.035158
5972 0.154970 0.611867 0.233163
5969 0.339729 0.155222 0.505049
8301 0.421155 0.321507 0.257338
3842 0.348333 0.439813 0.211854
3802 0.051329 0.300421 0.648250
4660 0.071137 0.625925 0.302938
4158 0.104905 0.121315 0.773780
4161 0.422963 0.560091 0.016946
3975 0.264429 0.492272 0.243299
7326 0.087994 0.179258 0.732748
4595 0.153584 0.401177 0.445238
8608 0.303312 0.584784 0.111903
8376 0.508703 0.320551 0.170746
6927 0.298528 0.163350 0.538121
6931 0.395541 0.221459 0.383000
8687 0.198328 0.466545 0.335127
4014 0.255916 0.393663 0.350421
4393 0.325113 0.396157 0.278730
4064 0.081077 0.685942 0.232981
3793 0.208973 0.122163 0.668864
3919 0.702241 0.247530 0.050228
3967 0.182559 0.687772 0.129669
3900 0.248257 0.400705 0.351038
3827 0.507000 0.180867 0.312133
5583 0.687552 0.049950 0.262498
4588 0.378948 0.097312 0.523741
8027 0.098491 0.784177 0.117332
7784 0.776747 0.170898 0.052355
6877 0.161129 0.221629 0.617242
5165 0.650728 0.171369 0.177904
4603 0.028486 0.494663 0.476851
6412 0.260375 0.082350 0.657275
7648 0.666709 0.060306 0.272984
4599 0.829834 0.163562 0.006604
3771 0.263351 0.577458 0.159191
3949 0.376493 0.098613 0.524895
4121 0.299614 0.663741 0.036645
4117 0.563539 0.022226 0.414235
2445 0.106633 0.014657 0.878710
4051 0.725428 0.121954 0.152618
2453 0.254141 0.241688 0.504170
4617 0.430539 0.074666 0.494794
4030 0.285340 0.114176 0.600484
4484 0.745302 0.179446 0.075252
7291 0.179911 0.363548 0.456541
6799 0.087141 0.617294 0.295565
5294 0.151002 0.352467 0.496531
7375 0.438315 0.040566 0.521119
6414 0.045251 0.509128 0.445621
6857 0.585042 0.068746 0.346211
5673 0.790093 0.131585 0.078322
5627 0.090078 0.648876 0.261047
2413 0.388071 0.244405 0.367523
6244 0.209316 0.015232 0.775452
4681 0.081077 0.420583 0.498340
2426 0.058837 0.287692 0.653471
2423 0.862649 0.025800 0.111551
3945 0.174274 0.689641 0.136085
4047 0.639605 0.216693 0.143702
24987 0.674053 0.026970 0.298977
3899 0.582502 0.022195 0.395303
24985 0.530972 0.262755 0.206273
24973 0.146104 0.760109 0.093787
10291 0.159602 0.250084 0.590314
8497 0.135744 0.136184 0.728072
9616 0.705788 0.076753 0.217459
9614 0.309135 0.026911 0.663954
8966 0.821738 0.024785 0.153477
9565 0.230991 0.396677 0.372332
4226 0.509427 0.194971 0.295602
8901 0.319886 0.553810 0.126304
9001 0.022505 0.737752 0.239744
8720 0.189646 0.139212 0.671142
5978 0.434733 0.335231 0.230035
5965 0.052606 0.790382 0.157012
7391 0.067469 0.760954 0.171578
8071 0.108075 0.607168 0.284756
3972 0.161922 0.430687 0.407391
6690 0.231148 0.017889 0.750963
6874 0.714482 0.006427 0.279091
5179 0.561976 0.280286 0.157738
9991 0.705658 0.058154 0.236188
9914 0.185503 0.353220 0.461277
9654 0.097888 0.164727 0.737385
10574 0.175275 0.444036 0.380689
12967 0.052053 0.065160 0.882787
12960 0.610542 0.347221 0.042237
12623 0.199847 0.409605 0.390548
12956 0.157227 0.121199 0.721574
4791 0.066131 0.850793 0.083076
5788 0.253464 0.230738 0.515798
8903 0.276873 0.042697 0.680430
8239 0.635225 0.201410 0.163364
8658 0.048453 0.670532 0.281015
6266 0.481934 0.288595 0.229471
8498 0.160226 0.182273 0.657501
8655 0.335238 0.399513 0.265249
4839 0.041544 0.001242 0.957214
7899 0.223702 0.711963 0.064335
3910 0.694943 0.111028 0.194028
6788 0.446953 0.402180 0.150867
4494 0.052735 0.568618 0.378647
5025 0.565814 0.307686 0.126501
7098 0.733968 0.079123 0.186909
7034 0.138562 0.719561 0.141878
3851 0.138327 0.508662 0.353012
9217 0.075596 0.736312 0.188092
8964 0.297191 0.370274 0.332534
4252 0.321953 0.329352 0.348695
4249 0.140849 0.121207 0.737944
6827 0.226494 0.561642 0.211865
8229 0.148704 0.201621 0.649675
8572 0.824020 0.000334 0.175646
8411 0.014783 0.145514 0.839704
6712 0.084988 0.298650 0.616362
8414 0.583531 0.272844 0.143625
6739 0.480477 0.113458 0.406065
6711 0.689652 0.281333 0.029015
6741 0.084933 0.233721 0.681347
8119 0.136497 0.438819 0.424684
7125 0.177178 0.085514 0.737308
7056 0.422049 0.213334 0.364618
7705 0.573674 0.005623 0.420703
7704 0.011069 0.268138 0.720793
7701 0.556031 0.354903 0.089066
11994 0.265621 0.260337 0.474042
9544 0.316695 0.190727 0.492578
11914 0.519986 0.425702 0.054312
12175 0.179590 0.811749 0.008661
4972 0.547138 0.000000 0.452862
13478 0.347106 0.431696 0.221198
12950 0.325123 0.329712 0.345165
12968 0.206538 0.495413 0.298049
9334 0.532904 0.093764 0.373332
9342 0.187277 0.328145 0.484578
11785 0.815077 0.026809 0.158115
11609 0.075386 0.362804 0.561810
1397 0.289064 0.048980 0.661956
1396 0.287031 0.549513 0.163456
1396 0.049629 0.483639 0.466733
11196 0.020726 0.685633 0.293640
13156 0.077303 0.587128 0.335569
9063 0.796900 0.006593 0.196506
24952 0.707267 0.145660 0.147073
24971 0.199483 0.776388 0.024128
12621 0.019597 0.788236 0.192168
6113 0.293121 0.073722 0.633157
11920 0.370914 0.550685 0.078401
12322 0.212386 0.188785 0.598829
4921 0.686922 0.166748 0.146331
