36765 0.160716 0.307273 0.532011
32985 0.391378 0.384403 0.224219
32973 0.352224 0.043396 0.604379
48698 0.299149 0.444870 0.255980
36604 0.737332 0.243559 0.019110
37144 0.722445 0.018628 0.258927
50794 0.615123 0.073434 0.311443
49343 0.386793 0.449085 0.164122
48677 0.240138 0.088969 0.670892
32367 0.062915 0.773760 0.163324
48605 0.335113 0.659460 0.005427
32923 0.271528 0.636454 0.092018
32536 0.044840 0.871144 0.084017
50731 0.643375 0.129711 0.226914
33338 0.270035 0.288323 0.441642
50766 0.088080 0.132520 0.779400
36957 0.269395 0.557517 0.173088
32459 0.748523 0.202212 0.049266
32410 0.609359 0.084499 0.306143
32318 0.531114 0.083891 0.384995
37021 0.226313 0.032662 0.741025
32840 0.384892 0.091296 0.523812
48761 0.101728 0.576471 0.321801
48797 0.475174 0.266950 0.257876
33039 0.351215 0.523891 0.124895
36166 0.211948 0.355491 0.432561
37007 0.006058 0.626842 0.367101
36075 0.059712 0.374901 0.565387
32113 0.422651 0.549796 0.027554
32186 0.335562 0.548072 0.116366
48336 0.739535 0.035044 0.225421
46049 0.200533 0.214679 0.584788
32155 0.269780 0.200186 0.530034
41777 0.048236 0.358302 0.593461
32126 0.097735 0.183617 0.718648
46944 0.337948 0.646834 0.015218
36061 0.126548 0.549808 0.323644
46484 0.140363 0.300199 0.559439
46836 0.713444 0.026204 0.260352
46704 0.220547 0.467888 0.311565
48965 0.024000 0.472029 0.503972
33873 0.252709 0.379828 0.367463
36149 0.465792 0.016254 0.517954
34284 0.336177 0.383187 0.280636
34105 0.131392 0.265411 0.603197
37447 0.051858 0.850000 0.098142
35444 0.051473 0.416311 0.532216
37252 0.761776 0.025644 0.212580
37486 0.024907 0.583888 0.391205
36235 0.779026 0.184908 0.036066
33986 0.279142 0.197391 0.523467
34177 0.452162 0.412560 0.135278
36289 0.866166 0.122736 0.011098
34021 0.303661 0.393489 0.302850
33948 0.162832 0.634421 0.202747
35928 0.370509 0.497030 0.132461
36211 0.541342 0.172446 0.286212
35955 0.141321 0.493406 0.365273
33919 0.149930 0.159572 0.690499
31849 0.436146 0.557617 0.006237
31831 0.309128 0.083823 0.607048
32019 0.371298 0.443760 0.184941
31700 0.159906 0.058530 0.781564
38611 0.128731 0.308861 0.562409
38616 0.293182 0.347151 0.359666
37405 0.294665 0.198322 0.507013
37706 0.351853 0.514965 0.133182
38442 0.864578 0.012285 0.123137
35307 0.234537 0.739228 0.026234
35349 0.000000 0.611541 0.388459
37366 0.530559 0.000000 0.469441
38627 0.421308 0.111237 0.467456
38411 0.206295 0.769682 0.024023
38250 0.136088 0.596101 0.267811
38395 0.035354 0.168414 0.796232
38132 0.416503 0.291483 0.292014
38168 0.079740 0.114252 0.806008
38539 0.418103 0.072272 0.509626
38509 0.103250 0.049733 0.847017
35588 0.429799 0.145533 0.424669
35112 0.219107 0.197208 0.583685
35147 0.106690 0.766374 0.126936
37225 0.018409 0.173119 0.808472
34805 0.348438 0.032296 0.619266
35067 0.581903 0.043123 0.374974
34734 0.652046 0.041673 0.306281
35252 0.217823 0.482393 0.299784
34670 0.236373 0.691733 0.071894
34713 0.074736 0.760320 0.164944
34646 0.115056 0.572695 0.312250
35246 0.276418 0.108374 0.615208
34941 0.208930 0.223719 0.567351
34899 0.795896 0.065735 0.138369
34434 0.284166 0.077300 0.638534
34631 0.026089 0.005716 0.968195
34219 0.354411 0.133635 0.511953
34377 0.142376 0.150011 0.707613
33999 0.192148 0.359111 0.448741
33859 0.013960 0.235721 0.750320
33850 0.384346 0.212446 0.403208
33833 0.560458 0.250807 0.188736
31814 0.785834 0.172156 0.042010
31754 0.445826 0.538550 0.015624
37049 0.213465 0.030215 0.756320
43947 0.310418 0.452935 0.236647
44152 0.793631 0.206369 0.000000
44407 0.446024 0.360473 0.193503
44375 0.393837 0.254873 0.351290
44179 0.220078 0.519545 0.260377
44262 0.272080 0.534885 0.193035
41875 0.370298 0.074757 0.554945
45424 0.224135 0.095362 0.680503
49070 0.239280 0.616060 0.144659
48670 0.002972 0.632913 0.364115
41965 0.044910 0.183685 0.771404
49047 0.819544 0.001609 0.178847
45320 0.226355 0.494498 0.279147
42036 0.104114 0.102549 0.793337
42140 0.982653 0.017347 0.000000
42321 0.310999 0.408476 0.280525
42265 0.310731 0.251931 0.437338
42061 0.185727 0.683246 0.131027
43960 0.498781 0.036826 0.464393
43752 0.371070 0.574171 0.054758
43795 0.729081 0.098668 0.172251
44052 0.090859 0.647794 0.261347
43466 0.018753 0.873674 0.107572
43615 0.529246 0.451201 0.019554
43331 0.566161 0.306542 0.127297
43150 0.374803 0.253741 0.371456
42743 0.865187 0.024376 0.110437
42673 0.088220 0.792422 0.119358
36719 0.033173 0.382841 0.583987
48063 0.638641 0.113221 0.248138
36698 0.375080 0.249719 0.375201
49144 0.656559 0.100385 0.243057
48978 0.857688 0.090677 0.051635
32543 0.381837 0.015055 0.603108
35973 0.031446 0.909252 0.059302
33370 0.846452 0.119309 0.034239
35865 0.041548 0.396520 0.561931
34180 0.090895 0.754654 0.154452
32491 0.327353 0.524067 0.148580
34195 0.264919 0.573277 0.161804
33309 0.110918 0.682159 0.206923
33293 0.442383 0.440960 0.116657
10806 0.784545 0.198994 0.016461
33104 0.330625 0.539566 0.129810
33181 0.573851 0.256180 0.169968
33103 0.596871 0.216069 0.187061
9357 0.110290 0.767380 0.122330
9124 0.628796 0.138574 0.232630
9567 0.765273 0.000153 0.234575
9248 0.876336 0.000000 0.123664
50755 0.337617 0.094953 0.567430
32777 0.257276 0.113839 0.628884
32769 0.310836 0.417223 0.271941
33561 0.176003 0.249684 0.574313
31546 0.527656 0.334816 0.137528
48384 0.969678 0.023147 0.007175
48434 0.134139 0.815186 0.050675
31549 0.058730 0.366587 0.574683
31554 0.094627 0.672362 0.233012
33484 0.449145 0.440499 0.110356
33464 0.045792 0.747658 0.206550
31560 0.593222 0.213939 0.192839
31312 0.017781 0.895614 0.086605
31622 0.431830 0.549409 0.018761
31488 0.618680 0.170427 0.210893
31320 0.033605 0.494003 0.472392
31492 0.302743 0.027941 0.669316
31449 0.035638 0.712582 0.251780
9901 0.110094 0.526678 0.363228
49443 0.111730 0.547715 0.340555
9825 0.544085 0.171425 0.284490
9609 0.007206 0.478401 0.514393
31495 0.078679 0.009656 0.911665
31451 0.208616 0.070307 0.721076
31263 0.049179 0.092932 0.857890
31242 0.210293 0.096557 0.693150
31317 0.460474 0.012958 0.526568
31319 0.367938 0.154099 0.477963
31642 0.060355 0.926720 0.012925
31274 0.025929 0.565732 0.408339
31156 0.037443 0.595801 0.366755
31603 0.043299 0.824717 0.131983
31178 0.079431 0.132459 0.788110
31180 0.156374 0.474060 0.369566
36590 0.427480 0.187054 0.385465
44362 0.503875 0.225671 0.270454
44578 0.326051 0.178203 0.495747
41836 0.264802 0.097522 0.637676
32932 0.598601 0.045727 0.355673
48513 0.017921 0.900405 0.081674
49409 0.573487 0.110036 0.316477
10904 0.078878 0.741994 0.179128
50927 0.400724 0.068159 0.531116
31241 0.637939 0.201231 0.160830
31236 0.252307 0.471707 0.275985
31675 0.177470 0.352493 0.470037
31069 0.276883 0.296943 0.426174
9896 0.649086 0.116408 0.234505
9831 0.345755 0.325279 0.328966
31142 0.221309 0.685164 0.093527
9853 0.272132 0.694701 0.033167
9832 0.174654 0.440262 0.385083
9252 0.190801 0.337428 0.471771
9118 0.780061 0.033108 0.186831
9327 0.182222 0.195665 0.622113
9259 0.172234 0.390192 0.437574
9099 0.797852 0.087283 0.114865
9101 0.069715 0.581326 0.348959
9266 0.365999 0.634001 0.000000
9262 0.248323 0.373948 0.377730
9361 0.161981 0.787503 0.050517
9466 0.391331 0.040384 0.568285
9528 0.000000 0.178549 0.821451
9469 0.203404 0.090054 0.706542
9281 0.762581 0.190030 0.047390
9277 0.240738 0.650626 0.108636
31146 0.334539 0.069095 0.596367
31222 0.242683 0.692612 0.064705
7390 0.287982 0.054156 0.657862
9221 0.871489 0.000000 0.128511
9219 0.273860 0.233012 0.493128
9890 0.187085 0.600307 0.212608
31191 0.153240 0.454553 0.392206
36881 0.555493 0.340560 0.103948
42461 0.265082 0.411804 0.323114
42503 0.134563 0.137690 0.727747
42577 0.000000 0.089105 0.910895
42538 0.164469 0.689658 0.145873
47381 0.143728 0.614544 0.241727
50686 0.688384 0.220103 0.091513
46009 0.371637 0.626106 0.002257
47405 0.051678 0.741246 0.207075
32382 0.422707 0.023207 0.554086
32333 0.174957 0.060662 0.764380
32424 0.125939 0.074665 0.799396
32404 0.639716 0.229232 0.131052
44786 0.729505 0.061754 0.208741
44713 0.468094 0.427063 0.104843
44623 0.288922 0.551092 0.159986
36413 0.726275 0.043055 0.230670
32572 0.747409 0.165279 0.087311
33332 0.289892 0.552465 0.157643
36576 0.124341 0.774977 0.100682
31564 0.649527 0.213639 0.136834
31595 0.108682 0.226484 0.664834
31505 0.099585 0.364996 0.535419
31461 0.288960 0.283212 0.427828
31285 0.204147 0.384016 0.411836
31640 0.125750 0.204540 0.669710
31652 0.130160 0.494694 0.375146
31383 0.172881 0.519158 0.307961
31193 0.690190 0.125621 0.184188
9103 0.487426 0.263348 0.249226
9308 0.455631 0.504664 0.039705
48033 0.687545 0.150100 0.162355
48074 0.268382 0.411011 0.320607
33519 0.396002 0.032440 0.571558
32553 0.049211 0.168151 0.782638
32915 0.453951 0.487947 0.058102
36863 0.653767 0.336624 0.009609
32357 0.001176 0.715172 0.283652
48554 0.271742 0.481963 0.246295
36356 0.762953 0.132127 0.104920
33637 0.761030 0.226985 0.011985
33623 0.562022 0.015094 0.422884
31632 0.776955 0.191972 0.031073
31244 0.598276 0.100609 0.301116
31279 0.022842 0.873005 0.104153
31537 0.686627 0.261363 0.052010
31315 0.047299 0.206183 0.746518
31544 0.561628 0.065744 0.372628
34156 0.333543 0.657181 0.009276
34132 0.278800 0.233954 0.487246
34089 0.310780 0.322371 0.366849
34870 0.449625 0.073862 0.476513
34532 0.277670 0.147942 0.574388
31788 0.091304 0.398448 0.510247
31800 0.325604 0.409027 0.265369
32681 0.180111 0.779337 0.040552
32603 0.502499 0.223081 0.274420
9236 0.022211 0.370273 0.607516
9470 0.782048 0.214827 0.003125
46074 0.000000 0.910028 0.089972
47551 0.624443 0.000000 0.375557
47519 0.000000 0.265619 0.734381
47495 0.187803 0.230591 0.581606
37375 0.422168 0.313590 0.264242
37519 0.039465 0.320206 0.640329
37556 0.551441 0.171172 0.277387
38038 0.464872 0.036114 0.499014
37992 0.385049 0.538752 0.076199
33135 0.115436 0.821708 0.062855
10001 0.362912 0.606310 0.030778
9109 0.059725 0.258878 0.681397
8454 0.284861 0.715139 0.000000
9215 0.241793 0.021295 0.736911
9859 0.026217 0.676522 0.297260
9229 0.038972 0.158375 0.802653
9233 0.679291 0.108186 0.212522
31394 0.535237 0.000000 0.464763
9887 0.270452 0.415981 0.313568
9231 0.289649 0.238254 0.472097
9946 0.244940 0.247333 0.507727
9953 0.435540 0.328540 0.235920
8488 0.442570 0.000000 0.557430
10005 0.308417 0.184457 0.507127
47120 0.071055 0.867947 0.060998
46219 0.486949 0.249080 0.263971
46233 0.172623 0.444294 0.383082
47764 0.326271 0.000000 0.673729
47080 0.111095 0.678505 0.210400
47062 0.962945 0.020292 0.016763
47077 0.362590 0.552269 0.085141
47695 0.068409 0.497145 0.434446
33025 0.041283 0.923329 0.035388
47563 0.793366 0.182263 0.024371
47436 0.326614 0.635905 0.037480
11066 0.271360 0.557651 0.170989
47529 0.107754 0.670390 0.221856
47471 0.641903 0.286062 0.072036
46502 0.072408 0.546441 0.381150
47513 0.565431 0.001189 0.433380
47556 0.845820 0.150150 0.004030
47546 0.218492 0.446831 0.334677
48290 0.135608 0.675918 0.188475
26488 0.254064 0.040825 0.705112
26240 0.020014 0.895051 0.084935
26756 0.390330 0.609670 0.000000
26106 0.208647 0.274523 0.516830
9937 0.227751 0.000000 0.772249
9234 0.119647 0.721229 0.159124
26685 0.321438 0.084429 0.594133
46636 0.231332 0.289637 0.479031
38623 0.619541 0.074748 0.305711
43721 0.068684 0.618183 0.313133
36852 0.129787 0.352761 0.517453
49319 0.435270 0.216872 0.347858
36833 0.229193 0.310940 0.459867
32830 0.259262 0.386260 0.354478
49008 0.188019 0.017420 0.794561
43306 0.218701 0.578233 0.203067
47281 0.271328 0.670276 0.058396
43090 0.162122 0.249228 0.588650
42900 0.228562 0.062591 0.708847
47246 0.141078 0.068175 0.790746
36895 0.091804 0.789965 0.118230
42706 0.105626 0.114362 0.780012
44515 0.141028 0.560396 0.298575
44485 0.210977 0.629381 0.159642
33773 0.396916 0.332845 0.270239
36693 0.767747 0.195909 0.036344
48991 0.926214 0.003185 0.070601
48982 0.602289 0.355542 0.042169
49302 0.218079 0.746555 0.035366
45461 0.494353 0.330825 0.174822
49066 0.076478 0.828439 0.095083
10572 0.282020 0.505936 0.212045
38975 0.288184 0.088819 0.622997
39899 0.095935 0.375866 0.528199
33079 0.114851 0.297217 0.587932
33071 0.888352 0.047110 0.064538
10919 0.330744 0.000000 0.669256
31078 0.182965 0.033799 0.783236
31329 0.139210 0.345997 0.514793
31485 0.044208 0.193408 0.762384
10574 0.084771 0.658431 0.256797
31322 0.530419 0.454021 0.015560
31462 0.300477 0.200226 0.499297
31080 0.141243 0.285128 0.573629
40194 0.189443 0.532137 0.278420
31464 0.756454 0.187276 0.056271
10592 0.465348 0.378397 0.156255
31332 0.283840 0.062994 0.653166
33553 0.352662 0.513645 0.133693
31404 0.187394 0.091306 0.721300
31330 0.752326 0.202329 0.045345
31116 0.341562 0.111538 0.546900
33074 0.007369 0.202313 0.790318
48855 0.111038 0.054851 0.834111
49441 0.094284 0.386932 0.518785
11725 0.274699 0.249648 0.475652
11425 0.266243 0.316705 0.417052
31162 0.176481 0.455974 0.367545
31186 0.011558 0.611329 0.377113
31140 0.622200 0.145635 0.232165
31227 0.674614 0.170067 0.155318
31198 0.533527 0.252962 0.213511
31376 0.193640 0.431228 0.375132
33570 0.791493 0.065417 0.143090
49358 0.655600 0.116959 0.227441
31158 0.163229 0.813264 0.023507
31182 0.124848 0.870283 0.004869
31148 0.484482 0.280836 0.234682
31228 0.510102 0.066963 0.422934
31197 0.104883 0.240187 0.654931
31216 0.337400 0.215641 0.446959
31218 0.340721 0.528755 0.130524
39355 0.772125 0.165176 0.062699
41386 0.311163 0.242790 0.446047
49435 0.005116 0.415427 0.579458
41433 0.083301 0.000000 0.916699
33613 0.479725 0.108935 0.411340
48869 0.140502 0.128863 0.730635
48251 0.710383 0.261499 0.028118
26208 0.546933 0.381772 0.071295
26479 0.653727 0.107712 0.238561
46124 0.044641 0.661058 0.294301
11532 0.239592 0.006180 0.754228
11419 0.217476 0.307083 0.475441
11616 0.063181 0.214480 0.722339
11577 0.289542 0.510024 0.200434
31957 0.380689 0.502374 0.116938
31717 0.108530 0.640497 0.250972
34203 0.169112 0.658867 0.172021
34067 0.140412 0.062833 0.796754
37285 0.031360 0.141379 0.827261
37281 0.844055 0.125005 0.030940
43536 0.596653 0.238772 0.164575
31203 0.110323 0.094927 0.794749
9374 0.271684 0.589284 0.139032
9105 0.366344 0.428456 0.205200
7388 0.110017 0.676876 0.213107
4034 0.120615 0.077145 0.802239
36913 0.426952 0.166092 0.406956
36929 0.288282 0.656843 0.054875
46360 0.922200 0.077800 0.000000
37952 0.060881 0.904425 0.034693
47770 0.300585 0.267153 0.432262
47760 0.268594 0.248167 0.483239
46087 0.485701 0.093969 0.420331
50831 0.036970 0.061577 0.901453
42368 0.044853 0.778338 0.176809
42407 0.876022 0.000000 0.123978
47130 0.135173 0.364449 0.500378
46902 0.033103 0.660402 0.306495
26287 0.280044 0.102013 0.617943
9564 0.621334 0.220148 0.158518
9288 0.314772 0.105185 0.580043
37567 0.409640 0.445864 0.144496
38057 0.306920 0.326784 0.366296
29441 0.179805 0.524124 0.296071
31309 0.199797 0.082507 0.717696
11385 0.048088 0.659532 0.292380
49360 0.302880 0.633235 0.063885
41542 0.316980 0.640019 0.043001
40066 0.312873 0.074717 0.612409
31335 0.300179 0.101246 0.598575
9484 0.608824 0.134985 0.256190
9284 0.592126 0.243441 0.164433
9145 0.008439 0.389490 0.602071
44809 0.136312 0.130941 0.732747
45184 0.202749 0.126826 0.670426
43610 0.193439 0.450283 0.356278
11437 0.156475 0.507845 0.335680
38201 0.531874 0.334401 0.133725
38553 0.654112 0.057063 0.288825
9272 0.638195 0.128222 0.233583
33445 0.835929 0.137732 0.026339
46222 0.268037 0.425171 0.306792
31304 0.647683 0.334686 0.017630
39036 0.000000 0.562884 0.437116
39374 0.219468 0.560732 0.219801
40102 0.262268 0.606765 0.130968
39254 0.326257 0.557987 0.115756
39389 0.062519 0.556662 0.380819
39408 0.330042 0.592040 0.077918
40166 0.338918 0.079278 0.581804
40179 0.021735 0.095770 0.882495
10575 0.109771 0.264248 0.625981
40132 0.269357 0.720443 0.010200
40168 0.358190 0.155509 0.486301
40176 0.375966 0.363253 0.260781
40184 0.596078 0.296084 0.107839
49365 0.350741 0.330397 0.318863
40238 0.286004 0.359144 0.354853
40248 0.054720 0.016491 0.928789
40287 0.030920 0.332736 0.636344
40301 0.240400 0.384450 0.375150
40367 0.175887 0.679412 0.144701
40297 0.170784 0.209563 0.619653
41398 0.040950 0.608805 0.350246
39206 0.351487 0.115348 0.533166
40432 0.276856 0.410702 0.312443
40370 0.706540 0.229851 0.063609
40496 0.571860 0.286910 0.141230
40507 0.168942 0.796328 0.034730
40572 0.355696 0.644304 0.000000
40580 0.529348 0.162543 0.308109
40648 0.240735 0.759265 0.000000
40657 0.292134 0.341610 0.366256
39457 0.701196 0.085842 0.212962
39477 0.035304 0.203241 0.761454
40270 0.884590 0.026907 0.088503
40356 0.221837 0.751979 0.026184
31078 0.590041 0.387111 0.022849
40223 0.282024 0.513830 0.204146
40312 0.381872 0.037493 0.580635
41107 0.253761 0.085114 0.661125
40077 0.283743 0.707616 0.008641
40074 0.506284 0.133090 0.360626
39983 0.263188 0.193277 0.543535
39972 0.764910 0.060713 0.174377
39994 0.000000 0.934046 0.065954
41590 0.025647 0.073923 0.900430
41590 0.148572 0.851428 0.000000
39963 0.329697 0.035045 0.635258
39010 0.621259 0.111727 0.267014
11129 0.533989 0.111686 0.354325
40877 0.248957 0.713134 0.037909
39246 0.281704 0.159768 0.558528
50921 0.942120 0.045362 0.012518
39198 0.211674 0.788326 0.000000
39172 0.143336 0.760195 0.096469
41010 0.209797 0.350828 0.439374
39520 0.122959 0.500582 0.376459
38974 0.078450 0.284133 0.637417
39648 0.017138 0.720118 0.262744
39738 0.295225 0.508837 0.195938
39890 0.013025 0.709578 0.277397
41517 0.023770 0.136773 0.839456
38952 0.714199 0.214423 0.071378
40767 0.077821 0.391501 0.530678
41152 0.458548 0.052460 0.488992
40779 0.528316 0.106215 0.365469
39446 0.162803 0.499742 0.337455
39539 0.859438 0.053661 0.086901
40640 0.358951 0.444949 0.196099
39153 0.642140 0.287128 0.070732
41449 0.603130 0.119510 0.277360
39719 0.017418 0.700042 0.282540
41341 0.181578 0.097518 0.720904
40621 0.284650 0.427122 0.288228
39626 0.477650 0.123632 0.398718
40600 0.158479 0.712203 0.129318
39088 0.116007 0.360045 0.523949
39227 0.690928 0.264885 0.044186
39635 0.589145 0.061885 0.348970
40032 0.025178 0.700650 0.274172
40142 0.066537 0.004121 0.929342
39228 0.335500 0.464416 0.200084
40533 0.475595 0.405530 0.118875
40468 0.545549 0.364403 0.090048
10860 0.159914 0.196123 0.643963
38991 0.855585 0.033697 0.110719
41226 0.309689 0.513565 0.176746
40475 0.530138 0.000000 0.469862
40553 0.276118 0.183813 0.540069
40480 0.246462 0.476047 0.277491
40478 0.285970 0.435281 0.278749
40407 0.488921 0.169567 0.341512
40403 0.241426 0.365843 0.392731
40351 0.457403 0.505254 0.037343
40416 0.241003 0.307716 0.451282
40321 0.775635 0.182096 0.042269
40408 0.090255 0.388988 0.520757
40349 0.518425 0.399249 0.082327
40342 0.718081 0.157900 0.124020
40344 0.859415 0.122645 0.017941
39387 0.347040 0.055940 0.597020
39372 0.065324 0.574085 0.360591
40215 0.134218 0.711820 0.153962
40163 0.492302 0.418733 0.088965
40161 0.760752 0.056835 0.182413
40164 0.395450 0.489804 0.114746
40202 0.068536 0.172574 0.758889
39044 0.145432 0.203370 0.651198
9068 0.000000 0.799273 0.200727
9404 0.190858 0.773127 0.036015
9407 0.376226 0.565803 0.057971
9072 0.190899 0.443344 0.365757
40209 0.123697 0.567171 0.309132
40208 0.206133 0.793867 0.000000
40263 0.071741 0.692447 0.235812
40340 0.282739 0.433258 0.284003
40337 0.185508 0.658615 0.155877
40336 0.021249 0.819687 0.159064
40201 0.401217 0.316629 0.282154
41585 0.438470 0.467305 0.094225
39168 0.156816 0.114880 0.728305
39180 0.031239 0.767236 0.201524
7637 0.422862 0.514050 0.063087
7618 0.147136 0.042556 0.810308
6134 0.065647 0.400191 0.534162
6131 0.142874 0.791204 0.065922
71513 0.051359 0.095359 0.853282
70180 0.068297 0.218511 0.713192
70287 0.245758 0.652326 0.101916
71714 0.575568 0.191443 0.232989
70338 0.428642 0.200127 0.371232
70521 0.421418 0.486818 0.091764
71613 0.090262 0.403751 0.505987
70479 0.133511 0.013542 0.852947
70490 0.641497 0.152677 0.205825
70538 0.335822 0.520536 0.143642
8334 0.279652 0.023514 0.696833
6183 0.168948 0.108117 0.722936
7036 0.283438 0.305679 0.410883
6772 0.230346 0.310555 0.459099
70850 0.025431 0.031137 0.943431
70850 0.873430 0.111895 0.014675
70845 0.249126 0.485128 0.265745
70211 0.143229 0.404676 0.452095
6526 0.572173 0.183370 0.244456
6659 0.514174 0.124925 0.360901
6530 0.003511 0.370871 0.625618
3974 0.747129 0.145862 0.107009
7093 0.066586 0.920398 0.013016
4001 0.346529 0.399529 0.253942
7097 0.273792 0.585141 0.141067
4000 0.437272 0.180190 0.382539
7899 0.298799 0.136292 0.564908
7761 0.655179 0.288577 0.056244
7903 0.312737 0.075296 0.611967
7788 0.269850 0.033196 0.696954
70257 0.119256 0.113556 0.767188
7657 0.595443 0.265322 0.139235
7661 0.126768 0.160151 0.713081
7679 0.135550 0.172098 0.692353
70713 0.100826 0.850739 0.048434
70674 0.392943 0.164161 0.442896
70477 0.188135 0.273504 0.538361
70535 0.219299 0.694105 0.086596
73045 0.444192 0.394889 0.160920
72692 0.485977 0.382388 0.131635
73313 0.370326 0.281654 0.348020
73047 0.795547 0.090900 0.113554
3576 0.405714 0.472919 0.121366
3805 0.372752 0.097380 0.529868
3782 0.089928 0.780672 0.129401
3395 0.202713 0.136726 0.660561
72053 0.156920 0.405359 0.437721
72193 0.039148 0.366464 0.594388
72042 0.499478 0.333847 0.166676
72043 0.417852 0.318535 0.263613
70791 0.695816 0.076590 0.227594
70809 0.284593 0.552008 0.163399
70811 0.368530 0.432855 0.198616
70794 0.646901 0.191562 0.161537
70646 0.178490 0.284654 0.536857
71086 0.159408 0.066562 0.774030
71103 0.012509 0.466999 0.520491
70649 0.230627 0.209048 0.560325
70558 0.628761 0.206869 0.164370
70648 0.179139 0.211460 0.609401
70793 0.126221 0.294823 0.578956
70715 0.636820 0.180868 0.182311
70715 0.019201 0.663342 0.317457
71522 0.120614 0.125438 0.753948
6724 0.407832 0.108596 0.483572
6696 0.302505 0.297578 0.399917
3807 0.265245 0.331328 0.403427
3587 0.090070 0.163356 0.746574
2089 0.034901 0.321091 0.644008
3548 0.088705 0.358797 0.552498
8073 0.060094 0.380668 0.559239
6818 0.237756 0.396211 0.366033
8025 0.018963 0.878468 0.102570
8029 0.042558 0.710485 0.246957
3649 0.409160 0.312748 0.278092
3659 0.229567 0.130239 0.640195
2092 0.111779 0.048051 0.840170
2103 0.765459 0.171578 0.062963
70467 0.020588 0.774157 0.205255
70472 0.348896 0.599339 0.051765
7103 0.036084 0.522561 0.441355
7086 0.372992 0.178808 0.448200
6787 0.075794 0.682953 0.241253
7004 0.048104 0.062010 0.889887
71529 0.142112 0.292901 0.564987
70749 0.180931 0.576901 0.242168
71178 0.008909 0.410567 0.580524
70853 0.854679 0.072136 0.073186
3550 0.089079 0.628877 0.282044
3553 0.664021 0.240080 0.095898
3643 0.367764 0.322655 0.309581
3646 0.058846 0.747505 0.193648
70886 0.429607 0.099320 0.471072
70900 0.000000 0.774400 0.225600
71111 0.143478 0.065434 0.791088
70886 0.428015 0.000000 0.571985
6954 0.261079 0.394062 0.344858
6767 0.070239 0.321012 0.608749
8278 0.039834 0.925026 0.035140
6914 0.110274 0.145217 0.744509
6691 0.495168 0.086479 0.418353
6695 0.444615 0.015169 0.540217
6840 0.896484 0.017682 0.085834
6980 0.184050 0.333825 0.482125
6681 0.063749 0.587759 0.348492
70476 0.040914 0.280972 0.678114
70491 0.327906 0.558521 0.113573
70334 0.407581 0.042588 0.549830
70329 0.539406 0.354728 0.105865
70305 0.281574 0.671083 0.047343
70336 0.200810 0.370190 0.429000
70302 0.120473 0.039587 0.839940
70295 0.537790 0.363629 0.098581
7348 0.516298 0.333437 0.150265
9442 0.636708 0.154461 0.208831
70807 0.597730 0.168744 0.233526
70787 0.051505 0.602980 0.345515
3590 0.327254 0.008522 0.664224
70615 0.574730 0.244127 0.181142
70968 0.527701 0.230578 0.241721
70973 0.374629 0.554545 0.070826
70619 0.156045 0.207721 0.636234
71706 0.051922 0.560325 0.387753
7355 0.104288 0.500366 0.395346
71025 0.061125 0.094829 0.844046
71031 0.265426 0.197157 0.537417
71034 0.430758 0.347494 0.221749
70220 0.207909 0.224112 0.567980
70888 0.437516 0.509148 0.053336
71045 0.778558 0.126084 0.095358
70896 0.546339 0.120814 0.332848
70896 0.067156 0.774592 0.158252
3743 0.729793 0.129600 0.140607
3370 0.728585 0.120693 0.150722
70556 0.360151 0.247859 0.391990
71239 0.445448 0.355446 0.199106
70640 0.112358 0.865165 0.022477
70551 0.157363 0.200117 0.642521
4039 0.273384 0.096186 0.630430
7454 0.033303 0.221158 0.745540
7459 0.548333 0.088389 0.363277
7533 0.141473 0.493808 0.364719
70407 0.145085 0.028500 0.826415
70368 0.077738 0.019375 0.902888
70396 0.873977 0.096581 0.029442
70347 0.253128 0.328654 0.418219
70360 0.152387 0.217044 0.630568
70417 0.268411 0.553113 0.178476
70642 0.280908 0.041422 0.677670
71075 0.138642 0.304691 0.556668
71072 0.165468 0.419796 0.414736
70884 0.292812 0.497448 0.209740
70878 0.086564 0.643546 0.269890
71082 0.357915 0.179485 0.462599
7335 0.523580 0.473822 0.002598
6652 0.259391 0.310416 0.430193
7330 0.132132 0.638095 0.229773
6617 0.076357 0.370059 0.553585
6645 0.306075 0.352162 0.341763
6644 0.084183 0.134035 0.781781
6616 0.296180 0.133692 0.570128
7539 0.374392 0.179762 0.445846
7548 0.282663 0.142364 0.574973
7476 0.224717 0.283800 0.491483
7259 0.259906 0.499949 0.240145
70888 0.115625 0.394107 0.490268
71045 0.088581 0.449396 0.462023
71046 0.501454 0.457796 0.040750
70888 0.330849 0.297176 0.371975
71047 0.227092 0.435975 0.336934
70882 0.293886 0.463182 0.242933
71064 0.007487 0.196957 0.795555
71252 0.782889 0.158340 0.058771
71061 0.698317 0.022508 0.279175
71315 0.549106 0.427331 0.023562
71296 0.020141 0.649245 0.330614
71069 0.373958 0.061325 0.564717
4046 0.043629 0.530534 0.425837
3972 0.070770 0.581986 0.347243
7270 0.507479 0.040808 0.451712
6875 0.153212 0.724218 0.122570
71169 0.636811 0.298637 0.064552
71119 0.271450 0.320880 0.407670
71151 0.096871 0.630291 0.272838
70746 0.060958 0.796860 0.142182
71833 0.243093 0.756377 0.000529
71833 0.410256 0.156106 0.433637
71919 0.396460 0.095018 0.508522
71922 0.321247 0.008034 0.670720
71985 0.020931 0.474688 0.504380
72336 0.098253 0.504258 0.397489
71823 0.519904 0.073551 0.406545
71983 0.262996 0.507466 0.229538
7296 0.396445 0.447737 0.155818
6656 0.078758 0.531657 0.389585
8128 0.330039 0.630326 0.039635
71123 0.125544 0.527929 0.346527
72357 0.602532 0.323446 0.074022
71925 0.090244 0.516810 0.392946
72364 0.216559 0.775482 0.007959
73043 0.181349 0.661727 0.156925
72757 0.974010 0.015258 0.010732
71883 0.132600 0.568592 0.298808
71846 0.047329 0.349109 0.603561
72253 0.391968 0.165111 0.442921
72434 0.478928 0.156416 0.364655
7253 0.227742 0.209238 0.563020
7251 0.352563 0.337941 0.309496
3778 0.326924 0.518500 0.154576
3375 0.562616 0.188881 0.248503
3372 0.541087 0.171505 0.287408
3721 0.675226 0.256682 0.068092
3295 0.775430 0.081655 0.142915
3700 0.137916 0.069913 0.792171
3704 0.681869 0.215145 0.102986
7405 0.290967 0.615501 0.093532
6143 0.147230 0.423319 0.429452
6111 0.184817 0.495483 0.319700
7401 0.435177 0.456661 0.108162
97924 0.333167 0.452740 0.214093
97719 0.067838 0.196612 0.735550
98366 0.169312 0.391285 0.439403
98339 0.385884 0.419790 0.194326
6123 0.286414 0.089731 0.623855
7373 0.161997 0.641877 0.196126
7396 0.416753 0.214814 0.368433
6115 0.437094 0.545802 0.017103
1844 0.738002 0.097738 0.164260
97716 0.468524 0.355335 0.176140
6127 0.517875 0.148231 0.333894
6138 0.378555 0.061741 0.559704
6102 0.131324 0.267618 0.601058
6136 0.336107 0.510286 0.153608
6106 0.110184 0.471727 0.418089
97735 0.325042 0.382404 0.292555
98357 0.476531 0.470346 0.053123
7402 0.502071 0.291675 0.206254
7398 0.394698 0.437307 0.167995
7424 0.372133 0.449313 0.178555
7490 0.060118 0.151263 0.788619
7393 0.571739 0.178024 0.250237
9301 0.076431 0.514891 0.408677
3337 0.326167 0.361146 0.312687
3332 0.061190 0.754891 0.183919
97600 0.025762 0.661477 0.312761
98621 0.347325 0.538929 0.113746
98191 0.121753 0.070429 0.807817
98229 0.026311 0.738375 0.235313
97858 0.021329 0.070946 0.907725
98273 0.388616 0.396502 0.214882
98238 0.099151 0.773491 0.127358
97857 0.645560 0.321872 0.032568
98691 0.101675 0.022299 0.876026
98695 0.058491 0.387592 0.553917
97901 0.216999 0.127021 0.655980
98404 0.119789 0.746399 0.133812
3161 0.543375 0.389223 0.067402
3496 0.031696 0.439220 0.529083
3338 0.086265 0.346251 0.567485
97392 0.736382 0.005479 0.258139
97989 0.582345 0.208357 0.209298
97991 0.060009 0.307840 0.632151
98122 0.244128 0.311669 0.444203
98001 0.282907 0.271524 0.445569
98059 0.059632 0.736360 0.204008
98623 0.082962 0.203028 0.714010
98120 0.073654 0.820915 0.105431
3588 0.790582 0.024271 0.185147
3566 0.184531 0.243419 0.572050
3563 0.241536 0.263100 0.495363
3093 0.520961 0.246403 0.232636
3479 0.023221 0.156861 0.819918
3296 0.143488 0.217894 0.638618
3125 0.049783 0.166699 0.783518
1656 0.312417 0.039903 0.647680
1658 0.163491 0.575287 0.261223
1369 0.098658 0.142911 0.758431
1371 0.681812 0.280784 0.037404
97689 0.049758 0.834084 0.116158
97693 0.199867 0.129786 0.670347
1902 0.255555 0.504775 0.239670
97784 0.571732 0.005594 0.422674
97663 0.020296 0.767969 0.211735
97867 0.086016 0.638696 0.275287
97441 0.171411 0.279847 0.548742
98027 0.083880 0.580369 0.335751
98045 0.472794 0.352634 0.174572
98048 0.012525 0.142736 0.844740
97355 0.553991 0.322563 0.123446
97428 0.063145 0.875007 0.061848
1329 0.345434 0.105238 0.549328
1437 0.169112 0.685829 0.145059
1441 0.057136 0.386807 0.556057
1432 0.002052 0.573352 0.424595
97849 0.469541 0.038833 0.491626
97580 0.587870 0.302905 0.109225
97657 0.000000 0.744286 0.255714
97847 0.722973 0.166628 0.110400
1097 0.145665 0.655009 0.199326
3347 0.186451 0.664779 0.148770
3449 0.570307 0.169846 0.259847
3801 0.348737 0.440817 0.210446
3784 0.423573 0.143909 0.432518
7564 0.524859 0.365937 0.109204
70585 0.595422 0.361255 0.043323
71238 0.558220 0.017127 0.424653
7287 0.490844 0.489208 0.019949
70370 0.085313 0.158858 0.755829
71233 0.588675 0.214546 0.196779
98052 0.335852 0.371001 0.293147
97327 0.178179 0.193809 0.628013
97983 0.810943 0.178806 0.010251
97455 0.026411 0.934116 0.039473
97276 0.268192 0.303369 0.428439
97994 0.188353 0.130379 0.681268
97179 0.115562 0.760517 0.123921
97271 0.463175 0.412301 0.124524
97311 0.599773 0.374174 0.026052
97320 0.284877 0.142395 0.572728
97318 0.193685 0.533097 0.273218
97412 0.602979 0.209420 0.187601
98006 0.587659 0.153328 0.259013
98064 0.273271 0.605058 0.121671
97425 0.552231 0.377413 0.070355
1741 0.311032 0.676868 0.012100
97514 0.156140 0.481379 0.362481
97774 0.037297 0.924513 0.038189
97773 0.123380 0.321997 0.554623
3144 0.237218 0.182913 0.579869
3101 0.410713 0.020641 0.568646
3537 0.037193 0.429890 0.532917
3143 0.483696 0.454135 0.062169
3122 0.577656 0.249758 0.172586
2993 0.237963 0.324709 0.437327
3070 0.734870 0.257256 0.007873
3068 0.451519 0.508106 0.040376
3081 0.234151 0.558000 0.207848
7360 0.290332 0.513485 0.196183
3074 0.049759 0.920029 0.030212
6828 0.192885 0.777675 0.029440
8077 0.252414 0.067114 0.680472
8033 0.328420 0.477656 0.193924
70655 0.108191 0.195972 0.695837
7225 0.727253 0.073216 0.199531
98359 0.193009 0.266053 0.540938
97472 0.225446 0.560761 0.213793
97987 0.431465 0.247170 0.321365
98003 0.800344 0.177564 0.022092
97460 0.641218 0.121680 0.237102
97730 0.102433 0.179491 0.718075
3554 0.476922 0.034467 0.488611
3342 0.338957 0.342566 0.318476
71609 0.119130 0.424419 0.456450
7897 0.074492 0.754820 0.170688
8301 0.366103 0.143364 0.490533
7192 0.043433 0.262669 0.693897
98130 0.613972 0.207786 0.178243
99104 0.048429 0.376768 0.574802
99109 0.299342 0.634721 0.065936
100025 0.252888 0.308956 0.438155
99166 0.255893 0.302844 0.441263
97307 0.056579 0.350803 0.592618
99097 0.629829 0.012505 0.357666
99099 0.596788 0.293301 0.109911
97265 0.675419 0.196085 0.128496
100018 0.059586 0.855808 0.084606
100046 0.397628 0.311328 0.291044
98843 0.630825 0.308667 0.060508
100226 0.489468 0.202232 0.308300
97267 0.580446 0.203950 0.215604
99121 0.363784 0.025118 0.611097
99080 0.473729 0.050350 0.475921
99075 0.707489 0.005243 0.287268
99134 0.070178 0.725018 0.204804
97325 0.071727 0.692720 0.235553
97415 0.120069 0.821727 0.058204
98009 0.368857 0.451156 0.179986
99094 0.316211 0.285704 0.398085
97285 0.110567 0.324502 0.564931
97302 0.496444 0.304432 0.199123
100087 0.130066 0.633649 0.236285
99084 0.794845 0.097227 0.107928
99084 0.045647 0.384253 0.570099
99113 0.058426 0.271004 0.670570
99114 0.498750 0.204033 0.297217
99117 0.238387 0.671997 0.089616
99167 0.659310 0.335170 0.005520
99962 0.437643 0.345104 0.217254
99998 0.631777 0.257821 0.110401
99725 0.582819 0.396486 0.020695
99604 0.249395 0.338261 0.412344
99956 0.098160 0.412197 0.489643
99993 0.535298 0.105491 0.359211
99833 0.726942 0.075062 0.197996
99128 0.577919 0.025996 0.396085
99710 0.487209 0.472407 0.040384
99832 0.077329 0.257276 0.665395
99712 0.045880 0.424814 0.529306
100068 0.051817 0.671910 0.276273
99827 0.044032 0.011100 0.944868
99714 0.457018 0.354754 0.188228
99716 0.171779 0.343202 0.485019
99826 0.046015 0.546194 0.407791
99720 0.427576 0.558267 0.014157
99821 0.205682 0.706645 0.087673
100090 0.030623 0.641919 0.327458
99718 0.158711 0.425482 0.415808
99404 0.182407 0.500514 0.317079
99666 0.433127 0.456089 0.110784
99422 0.216193 0.524419 0.259387
99427 0.324196 0.274426 0.401377
99430 0.370218 0.045414 0.584368
99436 0.366674 0.266602 0.366724
99449 0.153120 0.539158 0.307722
99458 0.600172 0.286774 0.113054
99545 0.315069 0.464105 0.220827
99272 0.633853 0.251974 0.114173
99566 0.117044 0.610445 0.272512
99557 0.056988 0.799350 0.143662
99466 0.619491 0.021671 0.358837
99210 0.051854 0.149339 0.798808
99496 0.420756 0.428952 0.150292
99222 0.161658 0.572557 0.265785
99253 0.790253 0.011750 0.197997
101185 0.627977 0.210569 0.161454
99674 0.248133 0.061845 0.690022
99669 0.321693 0.003038 0.675269
99346 0.482942 0.185215 0.331843
99303 0.185544 0.309645 0.504811
99353 0.135719 0.583188 0.281092
99335 0.814173 0.072231 0.113596
101241 0.197736 0.607024 0.195240
101312 0.068407 0.625157 0.306436
99520 0.298111 0.619549 0.082340
99789 0.771246 0.011069 0.217684
99967 0.010170 0.098775 0.891054
99865 0.441194 0.030620 0.528186
99853 0.064679 0.727832 0.207489
99856 0.691499 0.166127 0.142374
100233 0.099732 0.665547 0.234721
99724 0.060527 0.571843 0.367630
99657 0.942918 0.000000 0.057082
99702 0.842224 0.107135 0.050641
99691 0.100301 0.237002 0.662696
98830 0.222203 0.606400 0.171397
99925 0.095462 0.592335 0.312203
99664 0.383405 0.113840 0.502754
99869 0.481711 0.391602 0.126687
99874 0.570506 0.034261 0.395234
99871 0.260097 0.311133 0.428770
99876 0.511475 0.325730 0.162796
100103 0.321262 0.344828 0.333910
99879 0.373549 0.053168 0.573283
100206 0.333819 0.297926 0.368255
100204 0.113020 0.828278 0.058701
101257 0.466600 0.210277 0.323123
101174 0.331361 0.156543 0.512096
101282 0.277115 0.273910 0.448974
101254 0.375046 0.229371 0.395582
100857 0.000000 0.149468 0.850532
100852 0.023897 0.514361 0.461742
98858 0.690729 0.034479 0.274793
98853 0.423108 0.276384 0.300507
98759 0.619942 0.334066 0.045992
98749 0.517807 0.415703 0.066491
98897 0.159329 0.333833 0.506837
100720 0.455095 0.095706 0.449199
100886 0.413618 0.243322 0.343060
98977 0.696620 0.090491 0.212890
98974 0.691653 0.287549 0.020798
98994 0.525158 0.465349 0.009493
98986 0.593274 0.043888 0.362838
99028 0.231015 0.258490 0.510496
98778 0.534500 0.151466 0.314034
98870 0.065276 0.334543 0.600181
100116 0.077093 0.726040 0.196867
99046 0.222932 0.067869 0.709199
99048 0.064681 0.264633 0.670685
99044 0.387715 0.149078 0.463207
99902 0.845112 0.115611 0.039277
99039 0.640486 0.187564 0.171950
98939 0.456471 0.283284 0.260245
100694 0.035974 0.765975 0.198050
100799 0.718770 0.200870 0.080361
100899 0.562955 0.203831 0.233213
100803 0.162772 0.640775 0.196453
101531 0.094075 0.173235 0.732690
101509 0.147715 0.397397 0.454888
101507 0.060734 0.929154 0.010111
101528 0.147996 0.793013 0.058991
101718 0.211955 0.736081 0.051965
101716 0.380846 0.374977 0.244178
101635 0.287350 0.066222 0.646428
100826 0.808020 0.087738 0.104243
101610 0.692228 0.242457 0.065314
101621 0.383311 0.039870 0.576819
101618 0.315520 0.172767 0.511714
101612 0.696516 0.085312 0.218171
101569 0.049753 0.863813 0.086434
100809 0.234013 0.059923 0.706065
101153 0.154568 0.113619 0.731813
100819 0.009910 0.935289 0.054801
101673 0.464472 0.238877 0.296650
101675 0.086166 0.167128 0.746705
101158 0.219739 0.704281 0.075981
101150 0.458779 0.333760 0.207461
100636 0.028343 0.372904 0.598753
101091 0.041922 0.371036 0.587042
101626 0.586411 0.001788 0.411801
101545 0.313234 0.447054 0.239712
101584 0.715932 0.170849 0.113219
101553 0.479653 0.032285 0.488062
101550 0.185152 0.523816 0.291032
101579 0.916843 0.016663 0.066493
101585 0.457144 0.213301 0.329556
101557 0.171327 0.223994 0.604679
101041 0.111390 0.420726 0.467884
101033 0.387525 0.323831 0.288644
100813 0.227516 0.765870 0.006614
100817 0.297905 0.566911 0.135184
101680 0.506351 0.150554 0.343095
101686 0.037995 0.436807 0.525198
101660 0.569920 0.096636 0.333444
101121 0.119829 0.865092 0.015078
100952 0.124306 0.102045 0.773649
101488 0.109809 0.251470 0.638722
101489 0.379383 0.249924 0.370694
101497 0.255772 0.114033 0.630195
101024 0.125604 0.213102 0.661293
100936 0.821604 0.139140 0.039257
101503 0.225342 0.504394 0.270264
101008 0.439612 0.202521 0.357867
101003 0.213994 0.207735 0.578272
101020 0.020062 0.862781 0.117157
101037 0.030122 0.140731 0.829147
101029 0.051592 0.697406 0.251002
101045 0.037469 0.091285 0.871246
100981 0.216064 0.683258 0.100678
101691 0.063209 0.643982 0.292809
101694 0.640707 0.115856 0.243437
100970 0.350163 0.371203 0.278635
100959 0.081335 0.892373 0.026292
100974 0.258846 0.068003 0.673151
100975 0.243910 0.323218 0.432872
100953 0.013415 0.943584 0.043001
100959 0.027588 0.177597 0.794815
100964 0.379372 0.360228 0.260399
100950 0.017940 0.034955 0.947104
100931 0.061007 0.642788 0.296205
98159 0.205454 0.619731 0.174815
98161 0.470004 0.378881 0.151115
97209 0.612621 0.132420 0.254959
1566 0.059961 0.186287 0.753751
100230 0.648700 0.252548 0.098752
97329 0.169680 0.264676 0.565645
100044 0.535083 0.427422 0.037495
99159 0.045428 0.234984 0.719588
99740 0.005050 0.601728 0.393222
99677 0.482391 0.250701 0.266908
100210 0.165990 0.491403 0.342608
100143 0.377176 0.357177 0.265647
99011 0.327685 0.301948 0.370367
98983 0.301560 0.268129 0.430311
100745 0.080282 0.275081 0.644637
100747 0.485286 0.211081 0.303633
101595 0.196448 0.130441 0.673112
101113 0.309350 0.610143 0.080508
101059 0.403537 0.098691 0.497772
101756 0.381456 0.344851 0.273693
101669 0.495121 0.306066 0.198813
101759 0.107610 0.880485 0.011905
98082 0.310240 0.331647 0.358112
97637 0.148111 0.556202 0.295687
97215 0.696827 0.014497 0.288676
97206 0.533142 0.141309 0.325549
1393 0.121749 0.764344 0.113907
1391 0.268959 0.049728 0.681313
1330 0.395102 0.026086 0.578812
1328 0.033158 0.586182 0.380661
98802 0.443292 0.053201 0.503507
99864 0.299171 0.189369 0.511460
99859 0.469588 0.414759 0.115653
99861 0.055992 0.839151 0.104857
98819 0.040794 0.925845 0.033361
99770 0.173788 0.035987 0.790225
99765 0.949220 0.000000 0.050780
100185 0.311120 0.519088 0.169791
100775 0.603031 0.198979 0.197990
100755 0.670960 0.098994 0.230046
101591 0.141932 0.509277 0.348790
100779 0.674560 0.147956 0.177484
100649 0.608612 0.291024 0.100364
100659 0.541857 0.341330 0.116812
101148 0.232640 0.202575 0.564785
100667 0.552655 0.421162 0.026183
101143 0.021063 0.056507 0.922431
99142 0.359129 0.537800 0.103071
98835 0.270767 0.146200 0.583034
99731 0.560318 0.150844 0.288838
99139 0.137331 0.683795 0.178874
3034 0.263238 0.006486 0.730276
3036 0.381125 0.577516 0.041359
70431 0.193761 0.561614 0.244625
6978 0.038116 0.312542 0.649342
6837 0.118652 0.140456 0.740892
70425 0.226161 0.572533 0.201307
70427 0.560506 0.361137 0.078357
70436 0.225269 0.156357 0.618375
70456 0.264057 0.374451 0.361493
70439 0.368385 0.582140 0.049475
70753 0.010333 0.618624 0.371043
71172 0.111151 0.369312 0.519537
6802 0.420782 0.434343 0.144875
2990 0.017148 0.231779 0.751073
6798 0.532939 0.056639 0.410422
3309 0.467394 0.261455 0.271151
1428 0.425930 0.234485 0.339585
1650 0.489072 0.268366 0.242562
99 0.558127 0.194650 0.247223
1291 0.775755 0.053918 0.170327
390 0.539610 0.147689 0.312701
393 0.438581 0.004654 0.556765
379 0.166940 0.730617 0.102443
6876 0.137519 0.346986 0.515495
7591 0.172027 0.713159 0.114814
6576 0.310418 0.636526 0.053056
7455 0.036603 0.037872 0.925526
6591 0.556205 0.276872 0.166923
