86339 0.823286 0.064981 0.111732
86344 0.496468 0.357289 0.146243
85585 0.219832 0.617381 0.162787
86539 0.233025 0.395518 0.371457
85271 0.233670 0.104133 0.662197
84926 0.887778 0.086485 0.025737
85562 0.466744 0.151970 0.381286
85648 0.644260 0.040166 0.315575
94017 0.085192 0.211776 0.703031
93233 0.302744 0.545708 0.151548
94003 0.723693 0.136037 0.140270
93911 0.796222 0.147279 0.056499
93323 0.181915 0.124797 0.693288
91203 0.019728 0.907363 0.072909
91037 0.250882 0.331557 0.417561
93307 0.585106 0.130106 0.284788
91730 0.455538 0.237581 0.306881
91722 0.058908 0.837431 0.103660
91792 0.769930 0.076627 0.153443
91881 0.556293 0.152723 0.290983
91814 0.774886 0.211044 0.014070
91938 0.249987 0.388603 0.361410
91913 0.169364 0.685522 0.145114
91665 0.022324 0.873801 0.103875
92614 0.218915 0.485149 0.295936
91650 0.817228 0.030285 0.152488
91772 0.368334 0.199516 0.432150
92635 0.637320 0.231262 0.131418
92129 0.401542 0.268021 0.330437
92336 0.393362 0.528555 0.078083
92123 0.637489 0.290367 0.072144
92157 0.066194 0.708118 0.225688
92139 0.859844 0.139906 0.000251
92356 0.188839 0.559752 0.251410
92400 0.147198 0.573585 0.279217
92265 0.329630 0.160069 0.510301
92495 0.103327 0.052857 0.843816
91557 0.410288 0.171771 0.417941
84313 0.504630 0.243692 0.251678
84194 0.111115 0.092783 0.796103
91071 0.231100 0.347731 0.421170
91713 0.683025 0.211473 0.105501
91657 0.574483 0.074180 0.351337
91059 0.225212 0.616219 0.158569
92649 0.220218 0.152868 0.626914
94767 0.204965 0.013220 0.781814
94753 0.022044 0.771152 0.206805
94652 0.432127 0.416390 0.151483
94627 0.196067 0.671367 0.132566
91119 0.653100 0.338355 0.008544
91085 0.517469 0.028822 0.453709
90809 0.500784 0.369017 0.130199
90981 0.345816 0.069611 0.584573
90835 0.566759 0.371998 0.061243
90518 0.314050 0.570852 0.115098
90684 0.068339 0.517338 0.414323
90552 0.075336 0.249304 0.675361
90584 0.193771 0.146457 0.659772
90595 0.378746 0.273636 0.347618
95261 0.095931 0.220148 0.683921
95253 0.301551 0.669963 0.028486
90641 0.183866 0.183215 0.632919
90652 0.031982 0.094000 0.874018
77226 0.346216 0.088666 0.565118
77276 0.102180 0.329084 0.568736
94819 0.408723 0.142552 0.448726
94830 0.182473 0.314192 0.503335
95013 0.156150 0.510221 0.333629
94989 0.831486 0.128445 0.040069
94989 0.035867 0.738844 0.225289
95014 0.655447 0.235059 0.109493
77464 0.357547 0.412970 0.229483
77476 0.359053 0.302077 0.338869
77470 0.736648 0.167978 0.095374
77256 0.241120 0.464129 0.294751
77119 0.231034 0.619187 0.149778
77101 0.075517 0.756260 0.168223
77106 0.594915 0.347925 0.057160
77165 0.374315 0.453309 0.172377
94749 0.923724 0.023633 0.052643
94983 0.588385 0.290630 0.120985
94769 0.525137 0.086426 0.388437
94750 0.524844 0.246651 0.228505
94963 0.334553 0.496446 0.169001
94975 0.724544 0.114849 0.160607
90997 0.210514 0.322245 0.467241
95028 0.520054 0.375101 0.104845
94944 0.862909 0.016993 0.120098
94969 0.114528 0.856916 0.028555
95220 0.776569 0.164945 0.058486
77559 0.088636 0.667039 0.244324
77448 0.334646 0.422931 0.242423
77216 0.337438 0.091982 0.570581
78071 0.466762 0.234844 0.298394
95583 0.342035 0.575048 0.082917
94793 0.453348 0.462911 0.083741
90985 0.675187 0.066626 0.258187
91055 0.247877 0.353111 0.399012
90872 0.221722 0.101862 0.676416
94274 0.143581 0.379379 0.477040
94259 0.491157 0.098354 0.410489
94281 0.465870 0.287650 0.246480
90728 0.400713 0.452878 0.146409
90496 0.165510 0.301064 0.533426
85004 0.092113 0.382076 0.525811
84912 0.198365 0.102022 0.699613
80328 0.023553 0.698990 0.277457
85703 0.129074 0.500323 0.370603
85695 0.102831 0.838243 0.058926
80310 0.459588 0.118611 0.421800
81391 0.427648 0.453448 0.118904
81534 0.659709 0.006927 0.333364
81428 0.123443 0.390806 0.485751
93485 0.230732 0.182256 0.587012
92981 0.390025 0.298250 0.311725
92974 0.515470 0.292314 0.192216
79722 0.529189 0.470811 0.000000
79720 0.632042 0.367958 0.000000
79931 0.479187 0.236187 0.284626
81702 0.212682 0.678132 0.109186
93057 0.101615 0.321885 0.576500
93053 0.058678 0.337126 0.604195
85742 0.241377 0.351854 0.406769
80350 0.219394 0.070358 0.710249
80634 0.443623 0.381618 0.174759
80355 0.264987 0.112984 0.622028
79859 0.363010 0.000000 0.636990
79747 0.601235 0.000000 0.398765
79753 0.092518 0.264565 0.642917
81545 0.055894 0.589954 0.354152
81598 0.108244 0.612056 0.279699
79861 0.124722 0.549697 0.325581
85865 0.260138 0.608437 0.131425
86365 0.029983 0.421554 0.548464
85790 0.560720 0.007609 0.431671
86318 0.149618 0.548575 0.301807
85601 0.188410 0.019713 0.791878
91148 0.149272 0.272322 0.578406
90965 0.110059 0.799817 0.090124
90894 0.752367 0.085646 0.161987
90436 0.394626 0.575617 0.029757
90526 0.162706 0.325292 0.512003
95852 0.498894 0.168433 0.332672
90545 0.004330 0.889890 0.105780
90408 0.614389 0.382479 0.003132
90358 0.106366 0.515816 0.377818
91318 0.385332 0.395768 0.218900
91237 0.022965 0.064500 0.912535
95799 0.349230 0.629753 0.021016
90944 0.240769 0.284109 0.475122
95900 0.041199 0.405253 0.553548
95983 0.074696 0.798639 0.126665
25152 0.160591 0.365568 0.473842
95769 0.935440 0.052091 0.012469
91275 0.109626 0.666020 0.224354
93794 0.644223 0.223752 0.132025
93977 0.376804 0.113084 0.510112
93843 0.188119 0.695658 0.116224
85409 0.764565 0.107935 0.127500
86306 0.551296 0.370407 0.078297
85394 0.352769 0.549706 0.097525
86241 0.226669 0.080188 0.693143
86148 0.314910 0.297741 0.387348
86178 0.257830 0.664178 0.077993
86005 0.349271 0.009870 0.640859
86192 0.208240 0.630037 0.161723
86259 0.390713 0.054074 0.555213
86252 0.436665 0.245520 0.317815
85527 0.428932 0.218464 0.352604
85490 0.477818 0.262108 0.260073
86293 0.182398 0.667557 0.150045
86287 0.188578 0.213831 0.597591
55453 0.189443 0.345453 0.465104
56143 0.720042 0.267893 0.012066
95787 0.583329 0.381543 0.035128
24295 0.562300 0.335656 0.102044
84392 0.616556 0.331752 0.051692
84389 0.469441 0.343511 0.187048
78890 0.671765 0.143818 0.184418
78896 0.263570 0.174106 0.562324
78482 0.435409 0.139025 0.425566
79048 0.093380 0.391537 0.515083
78927 0.737917 0.164189 0.097894
78804 0.470109 0.128339 0.401552
79224 0.041189 0.120757 0.838054
55890 0.073253 0.784147 0.142600
55907 0.732311 0.130580 0.137109
79201 0.931984 0.037884 0.030131
85184 0.636209 0.173563 0.190227
84875 0.081303 0.501060 0.417638
85041 0.945259 0.020630 0.034111
85163 0.499058 0.049562 0.451380
85619 0.139816 0.495127 0.365057
85685 0.582218 0.041939 0.375843
85344 0.826789 0.147455 0.025757
85355 0.193337 0.338591 0.468072
85450 0.877374 0.120906 0.001720
85442 0.315680 0.302406 0.381914
79075 0.114455 0.286969 0.598576
79071 0.443847 0.386684 0.169469
55960 0.468667 0.148042 0.383291
56126 0.302080 0.274597 0.423323
55853 0.554816 0.433335 0.011848
55912 0.025792 0.194815 0.779394
55878 0.034539 0.840623 0.124838
55841 0.425989 0.273086 0.300925
24910 0.266659 0.074322 0.659019
24900 0.315256 0.364496 0.320248
24804 0.109133 0.714378 0.176488
56039 0.063774 0.379026 0.557200
24796 0.421675 0.109150 0.469175
25023 0.204906 0.400351 0.394743
56022 0.550349 0.124525 0.325126
56030 0.407113 0.370325 0.222562
95826 0.228812 0.409170 0.362017
95956 0.194469 0.299413 0.506118
25135 0.087332 0.459908 0.452760
95960 0.260816 0.257656 0.481528
24967 0.189729 0.783934 0.026337
24992 0.539592 0.075023 0.385385
79234 0.087940 0.291616 0.620444
55989 0.547067 0.324392 0.128541
24980 0.284387 0.486653 0.228960
56098 0.304525 0.105959 0.589516
56117 0.843120 0.127843 0.029037
55885 0.215733 0.523563 0.260704
55949 0.011778 0.347248 0.640974
91904 0.439912 0.142961 0.417127
81629 0.788951 0.111541 0.099509
79913 0.234983 0.000000 0.765017
79915 0.581124 0.000000 0.418876
81607 0.705017 0.002008 0.292976
84866 0.254798 0.285218 0.459984
84968 0.042068 0.290207 0.667725
84940 0.169496 0.336995 0.493509
85210 0.531563 0.176363 0.292074
91020 0.281725 0.718264 0.000011
92018 0.037240 0.573648 0.389113
91899 0.916050 0.043224 0.040725
91172 0.201125 0.664348 0.134528
80495 0.005971 0.509817 0.484212
80322 0.510655 0.200194 0.289150
80326 0.157295 0.432552 0.410153
91141 0.739546 0.032187 0.228267
91181 0.220558 0.030719 0.748724
93249 0.455579 0.403044 0.141378
85123 0.044532 0.587141 0.368327
85990 0.623024 0.262348 0.114628
85919 0.559923 0.348668 0.091409
84417 0.080422 0.578769 0.340810
84467 0.311963 0.494657 0.193379
78778 0.065191 0.698200 0.236608
78789 0.389554 0.040320 0.570127
78840 0.507767 0.396525 0.095708
78839 0.139884 0.500237 0.359880
79211 0.224469 0.071325 0.704206
24415 0.224505 0.212067 0.563429
56049 0.751123 0.064234 0.184644
86100 0.266523 0.006313 0.727163
86382 0.089911 0.168155 0.741934
86205 0.439674 0.363820 0.196506
93150 0.524323 0.387197 0.088480
93534 0.068244 0.054267 0.877489
93522 0.098620 0.075130 0.826250
93106 0.502136 0.425671 0.072193
93318 0.363930 0.359854 0.276216
91406 0.213965 0.183813 0.602222
91324 0.327472 0.240768 0.431760
91335 0.332097 0.163239 0.504664
86268 0.344085 0.050422 0.605493
78510 0.211161 0.352569 0.436271
78533 0.066166 0.153232 0.780602
78443 0.057298 0.509272 0.433430
78487 0.113571 0.067501 0.818928
78450 0.364273 0.267949 0.367778
92309 0.424215 0.106979 0.468806
91630 0.081454 0.013363 0.905183
92192 0.061864 0.053128 0.885009
77861 0.000000 0.590973 0.409027
77881 0.123252 0.376783 0.499966
77855 0.154706 0.050872 0.794422
77832 0.133980 0.514348 0.351672
90736 0.363528 0.417374 0.219098
90745 0.745257 0.168508 0.086235
95825 0.181369 0.761868 0.056763
95818 0.184968 0.448058 0.366974
76523 0.144617 0.832196 0.023187
76492 0.287299 0.304413 0.408288
76477 0.698335 0.217042 0.084624
76725 0.445081 0.000000 0.554919
94823 0.237876 0.164110 0.598015
94689 0.698931 0.161949 0.139120
94699 0.023937 0.901741 0.074322
94835 0.521476 0.295289 0.183235
77176 0.346716 0.616020 0.037264
95871 0.292552 0.628386 0.079063
95896 0.749089 0.189024 0.061887
26316 0.347852 0.535908 0.116241
24878 0.535374 0.299348 0.165278
56070 0.279234 0.695963 0.024802
55836 0.034324 0.240696 0.724980
55860 0.160014 0.233200 0.606786
55543 0.347440 0.530581 0.121979
55554 0.425156 0.195905 0.378939
55899 0.624908 0.092936 0.282156
55551 0.067815 0.515689 0.416496
95857 0.536521 0.278856 0.184622
95840 0.023010 0.728338 0.248652
95847 0.306470 0.445298 0.248232
95873 0.319999 0.303656 0.376345
84658 0.536260 0.236070 0.227670
84527 0.616823 0.186356 0.196820
92445 0.591613 0.170852 0.237535
92814 0.083317 0.644868 0.271815
92776 0.000000 0.434636 0.565364
92840 0.178717 0.374726 0.446557
92715 0.389011 0.211794 0.399195
84628 0.000000 0.299975 0.700025
92769 0.187459 0.127899 0.684642
84560 0.494958 0.163066 0.341976
84607 0.128207 0.150930 0.720863
84484 0.208949 0.617451 0.173600
84622 0.072798 0.024295 0.902907
84618 0.000000 0.744021 0.255979
92842 0.082342 0.695447 0.222211
84617 0.381528 0.583544 0.034927
84673 0.647147 0.010386 0.342466
84633 0.070759 0.598598 0.330643
84237 0.100814 0.153637 0.745549
84230 0.129248 0.012787 0.857964
81877 0.382519 0.090050 0.527431
81751 0.000000 0.165861 0.834139
84203 0.201479 0.416269 0.382251
95883 0.095505 0.855121 0.049373
95809 0.048420 0.628950 0.322629
84068 0.501589 0.155160 0.343252
84164 0.006184 0.250711 0.743104
77466 0.099303 0.326866 0.573831
85063 0.271529 0.319221 0.409251
93546 0.181412 0.715043 0.103544
92038 0.379042 0.062562 0.558396
92025 0.566811 0.265624 0.167564
93572 0.312000 0.475940 0.212061
93646 0.568155 0.232675 0.199170
85749 0.098055 0.217975 0.683970
93379 0.049901 0.884886 0.065213
90325 0.204694 0.710275 0.085031
92998 0.000000 0.118665 0.881335
93384 0.346174 0.326487 0.327339
92055 0.317855 0.256262 0.425883
93614 0.182353 0.549944 0.267704
80331 0.303737 0.530214 0.166050
85696 0.541695 0.301259 0.157046
92094 0.623212 0.227150 0.149638
92070 0.032425 0.658955 0.308620
93653 0.324864 0.326883 0.348253
93624 0.904606 0.087699 0.007695
93564 0.144347 0.265470 0.590183
85770 0.446539 0.488410 0.065052
81307 0.820356 0.072279 0.107365
79295 0.079222 0.058272 0.862506
55974 0.454172 0.316252 0.229577
100138 0.616391 0.163121 0.220488
100150 0.493329 0.258338 0.248333
100115 0.322754 0.324914 0.352332
100119 0.184776 0.082624 0.732600
78542 0.463375 0.412519 0.124106
78517 0.423948 0.172127 0.403925
85542 0.355194 0.604754 0.040052
78543 0.607931 0.035749 0.356320
86591 0.139074 0.230387 0.630539
85534 0.836088 0.023983 0.139930
86576 0.646893 0.116163 0.236944
86588 0.330698 0.183956 0.485346
85471 0.329488 0.172096 0.498416
85362 0.437863 0.252603 0.309534
93774 0.283064 0.398245 0.318691
93699 0.124222 0.823293 0.052485
94101 0.304483 0.608698 0.086819
93748 0.634154 0.092321 0.273525
85368 0.390040 0.102349 0.507611
100170 0.108830 0.029602 0.861568
91581 0.083527 0.331108 0.585365
56006 0.277133 0.187270 0.535597
78585 0.254239 0.459125 0.286636
78580 0.214376 0.323306 0.462318
78895 0.084846 0.804774 0.110380
78970 0.107620 0.066264 0.826116
79059 0.082130 0.620057 0.297813
79060 0.137163 0.119044 0.743793
78949 0.407693 0.414555 0.177751
78848 0.884454 0.108088 0.007458
93800 0.757475 0.023998 0.218527
93122 0.527429 0.052508 0.420063
79249 0.362584 0.259626 0.377790
78981 0.145894 0.266586 0.587520
79243 0.114640 0.663644 0.221716
79244 0.098287 0.272094 0.629619
78984 0.613523 0.270015 0.116462
79217 0.411970 0.299071 0.288959
79262 0.151318 0.449839 0.398843
99937 0.201994 0.713183 0.084822
99711 0.646849 0.266732 0.086419
99587 0.507786 0.246575 0.245639
99921 0.289341 0.144737 0.565922
91302 0.054851 0.219253 0.725896
92916 0.657933 0.224219 0.117849
91678 0.599537 0.348545 0.051917
84747 0.939741 0.058515 0.001744
84264 0.024664 0.389589 0.585747
84786 0.077846 0.022315 0.899839
82010 0.097005 0.708031 0.194964
83468 0.085005 0.346875 0.568120
78353 0.418920 0.466464 0.114616
82003 0.310689 0.219883 0.469428
95237 0.176658 0.175702 0.647641
90795 0.128085 0.819753 0.052162
92323 0.018015 0.382174 0.599812
92189 0.479412 0.418339 0.102249
94720 0.780050 0.085070 0.134881
94718 0.580188 0.226206 0.193605
80560 0.133365 0.365777 0.500858
55931 0.683870 0.200686 0.115444
55573 0.051005 0.846047 0.102948
24405 0.964908 0.021724 0.013368
25018 0.454518 0.113592 0.431890
24639 0.315971 0.001289 0.682740
92571 0.283058 0.131334 0.585608
92564 0.459042 0.171088 0.369870
84643 0.164716 0.625865 0.209419
77191 0.370686 0.619067 0.010246
92183 0.226019 0.261976 0.512005
92807 0.510130 0.082066 0.407805
92555 0.476061 0.445029 0.078910
88825 0.153874 0.493168 0.352958
81368 0.549089 0.088885 0.362026
79937 0.538434 0.000000 0.461566
84519 0.204383 0.678696 0.116921
84548 0.076037 0.755981 0.167982
84501 0.642218 0.191644 0.166138
25145 0.261774 0.263240 0.474986
26282 0.185564 0.668840 0.145596
94450 0.308902 0.289075 0.402023
76881 0.088024 0.235930 0.676046
83401 0.013212 0.085047 0.901741
78858 0.923701 0.060084 0.016214
78633 0.171812 0.010391 0.817797
92868 0.127356 0.808291 0.064353
100080 0.237009 0.606061 0.156930
99610 0.335969 0.274497 0.389534
92849 0.662178 0.289783 0.048039
95800 0.924485 0.010168 0.065347
26327 0.140458 0.239504 0.620038
24641 0.597169 0.290675 0.112156
80452 0.063841 0.601703 0.334456
80399 0.429748 0.201531 0.368720
79738 0.032396 0.785815 0.181789
78647 0.006935 0.329307 0.663758
77131 0.470724 0.109887 0.419388
77238 0.268499 0.253058 0.478444
56153 0.081807 0.635547 0.282646
90361 0.081102 0.673665 0.245233
92439 0.619287 0.086025 0.294688
55562 0.566874 0.108187 0.324939
97473 0.093692 0.773165 0.133143
98472 0.559218 0.368649 0.072133
98145 0.551841 0.411226 0.036933
98477 0.000000 0.193265 0.806735
98166 0.344131 0.647871 0.007998
98170 0.682430 0.257994 0.059575
98211 0.188396 0.010518 0.801086
98220 0.037945 0.875862 0.086193
92905 0.199924 0.167390 0.632686
99609 0.030782 0.367537 0.601681
98208 0.470951 0.379492 0.149557
98223 0.260694 0.090268 0.649037
98224 0.004723 0.880419 0.114857
86587 0.182425 0.411839 0.405736
98252 0.298682 0.466780 0.234539
98747 0.034218 0.579731 0.386052
98250 0.597713 0.350974 0.051313
98745 0.044584 0.499037 0.456380
97497 0.152568 0.608217 0.239215
98680 0.206167 0.350518 0.443315
100197 0.070243 0.536220 0.393537
99976 0.275560 0.004749 0.719691
97512 0.062712 0.629473 0.307815
98265 0.347114 0.245168 0.407718
98295 0.117109 0.604034 0.278856
98280 0.238752 0.361522 0.399725
98313 0.179319 0.420410 0.400271
99770 0.219326 0.616594 0.164079
98435 0.303020 0.635798 0.061182
99875 0.011272 0.212008 0.776720
98392 0.025132 0.874697 0.100171
100035 0.181203 0.198335 0.620462
98263 0.060366 0.896582 0.043051
97499 0.207747 0.319397 0.472856
78536 0.605118 0.108970 0.285912
98253 0.000000 0.912543 0.087457
97456 0.276969 0.400848 0.322183
97452 0.036102 0.576511 0.387387
97408 0.188546 0.251221 0.560233
98665 0.345208 0.230754 0.424038
100200 0.372124 0.596582 0.031294
100010 0.562260 0.018479 0.419261
100009 0.214963 0.000000 0.785037
99969 0.630246 0.091082 0.278672
99993 0.305941 0.690711 0.003348
99581 0.144934 0.373913 0.481153
100005 0.319361 0.259910 0.420729
99970 0.380818 0.000000 0.619182
99972 0.520246 0.169080 0.310674
99992 0.076963 0.923037 0.000000
100023 0.251512 0.302562 0.445926
100017 0.031297 0.491872 0.476830
99721 0.224916 0.715968 0.059116
92885 0.849210 0.123244 0.027547
99840 0.337865 0.511905 0.150231
100060 0.527562 0.351948 0.120490
98363 0.166352 0.065675 0.767973
99541 0.246644 0.047926 0.705430
99919 0.836671 0.025407 0.137922
99896 0.329200 0.182423 0.488377
78996 0.171781 0.514736 0.313483
79306 0.511535 0.349450 0.139015
99803 0.030131 0.303404 0.666465
100315 0.425417 0.423852 0.150731
97900 0.071944 0.716015 0.212041
97602 0.388918 0.581358 0.029724
98431 0.790584 0.128646 0.080769
99650 0.206348 0.748517 0.045135
99690 0.043918 0.362720 0.593362
98023 0.330791 0.146770 0.522439
98074 0.531810 0.214817 0.253373
97420 0.662411 0.000000 0.337589
97643 0.276020 0.137384 0.586596
98112 0.226803 0.102529 0.670668
98786 0.586898 0.157218 0.255883
98526 0.000000 0.722063 0.277937
98034 0.029671 0.970329 0.000000
98785 0.031288 0.715698 0.253014
98480 0.697184 0.064493 0.238324
100072 0.022908 0.682028 0.295064
97850 0.114913 0.428137 0.456950
97759 0.213450 0.115401 0.671149
97813 0.297478 0.356418 0.346105
98646 0.132104 0.055848 0.812048
98319 0.169374 0.092221 0.738405
98309 0.800426 0.149635 0.049939
97577 0.027908 0.218354 0.753737
97926 0.134469 0.847801 0.017730
97933 0.330415 0.140271 0.529315
97696 0.129058 0.697343 0.173599
97737 0.239158 0.403398 0.357444
97498 0.094897 0.000000 0.905103
97700 0.631474 0.234838 0.133688
97514 0.406098 0.000000 0.593902
97742 0.238063 0.134573 0.627364
97732 0.549394 0.379708 0.070899
97735 0.179408 0.748474 0.072118
97739 0.472928 0.279440 0.247632
98469 0.000000 0.070389 0.929611
98467 0.143951 0.238352 0.617697
98254 0.063895 0.588759 0.347346
98471 0.130101 0.041776 0.828123
97718 0.137215 0.815426 0.047359
98471 0.027156 0.886992 0.085852
97715 0.246624 0.268540 0.484835
97475 0.174166 0.118566 0.707268
26241 0.440079 0.012119 0.547802
25121 0.030464 0.795556 0.173980
25113 0.074689 0.536786 0.388526
26239 0.262995 0.340268 0.396738
97711 0.384744 0.048091 0.567166
97772 0.322867 0.496224 0.180909
97480 0.139232 0.860768 0.000000
97464 0.158708 0.115673 0.725619
97727 0.228161 0.174704 0.597135
97704 0.671118 0.019514 0.309368
97708 0.075320 0.315140 0.609540
99951 0.119646 0.746128 0.134226
99944 0.090064 0.379926 0.530010
99734 0.302857 0.497637 0.199507
26436 0.089643 0.210240 0.700116
26302 0.299234 0.117476 0.583291
26398 0.498397 0.279177 0.222426
26523 0.620666 0.028227 0.351107
22050 0.124330 0.872351 0.003318
22060 0.180467 0.121641 0.697892
22168 0.016654 0.463473 0.519873
20269 0.111786 0.581424 0.306790
20650 0.073529 0.628881 0.297590
20959 0.321748 0.158722 0.519531
20794 0.116747 0.703760 0.179494
20799 0.758748 0.132105 0.109147
20817 0.272838 0.377145 0.350018
21235 0.267131 0.142559 0.590310
18807 0.049291 0.062586 0.888123
19658 0.793916 0.117881 0.088203
18843 0.301225 0.067270 0.631505
18799 0.463134 0.232495 0.304371
7344 0.551918 0.401199 0.046882
7350 0.126184 0.642999 0.230817
7298 0.394816 0.576285 0.028898
7300 0.149050 0.565567 0.285383
12364 0.383623 0.145356 0.471021
12561 0.244902 0.498511 0.256586
20289 0.062690 0.667835 0.269475
20275 0.530238 0.341625 0.128137
20688 0.403958 0.362285 0.233756
20626 0.088332 0.906268 0.005399
20429 0.255236 0.225223 0.519541
20431 0.074227 0.857015 0.068758
21089 0.054672 0.729137 0.216191
18619 0.148763 0.491058 0.360179
18654 0.759910 0.215445 0.024645
21072 0.207677 0.091411 0.700911
10393 0.050833 0.349199 0.599969
10606 0.125387 0.089274 0.785339
10659 0.787261 0.051039 0.161700
10363 0.250023 0.233789 0.516188
20765 0.365574 0.283235 0.351191
20724 0.492250 0.365374 0.142376
20718 0.379717 0.001849 0.618434
20762 0.622624 0.092266 0.285109
32382 0.425906 0.550787 0.023307
32294 0.146701 0.556429 0.296870
32275 0.513114 0.137465 0.349421
32264 0.273692 0.537257 0.189051
9440 0.206691 0.680645 0.112664
9465 0.413436 0.433311 0.153253
8439 0.140183 0.425844 0.433973
8455 0.392195 0.420978 0.186826
3322 0.314487 0.188374 0.497139
3724 0.566046 0.041948 0.392006
3726 0.754426 0.241818 0.003756
3325 0.441243 0.152401 0.406357
21620 0.120932 0.154454 0.724614
21543 0.847886 0.111348 0.040766
21536 0.076343 0.134050 0.789607
21627 0.017778 0.496518 0.485704
10356 0.286163 0.455243 0.258594
2899 0.842157 0.108822 0.049021
10484 0.281220 0.636659 0.082121
10465 0.588689 0.017204 0.394106
10472 0.515984 0.028585 0.455431
10372 0.111791 0.564059 0.324150
21625 0.080090 0.259730 0.660180
21585 0.235190 0.378074 0.386736
20721 0.395487 0.225594 0.378920
20758 0.838909 0.148085 0.013007
18838 0.072217 0.683667 0.244117
18777 0.134471 0.755184 0.110344
9492 0.039687 0.747413 0.212899
9479 0.537591 0.417049 0.045359
12351 0.270329 0.249160 0.480511
15265 0.012507 0.657052 0.330441
19407 0.191577 0.505995 0.302428
21043 0.491846 0.125492 0.382662
18762 0.839703 0.021803 0.138494
19284 0.425816 0.490844 0.083340
12319 0.409106 0.404305 0.186589
12302 0.540759 0.307745 0.151496
19851 0.122838 0.269880 0.607282
11996 0.041679 0.534945 0.423375
20701 0.899859 0.019605 0.080536
20863 0.388997 0.141330 0.469673
20517 0.283379 0.643770 0.072851
18960 0.093851 0.269454 0.636695
18759 0.164665 0.060105 0.775231
20484 0.748738 0.095556 0.155706
7105 0.304175 0.159144 0.536681
7109 0.484023 0.482106 0.033872
7349 0.035598 0.415604 0.548799
7107 0.200260 0.738417 0.061323
8737 0.697500 0.098429 0.204070
9435 0.201059 0.756780 0.042160
12106 0.431547 0.525615 0.042838
12130 0.905284 0.020792 0.073924
3238 0.000000 0.916744 0.083256
3111 0.607284 0.018140 0.374576
7332 0.433044 0.014742 0.552214
3224 0.000000 0.628619 0.371381
19086 0.391270 0.024361 0.584370
18878 0.025836 0.102060 0.872104
18915 0.012332 0.583649 0.404019
19142 0.683990 0.260657 0.055353
20490 0.150532 0.462292 0.387177
18755 0.843060 0.115240 0.041700
20472 0.218990 0.433001 0.348009
19017 0.240103 0.705752 0.054144
19221 0.357694 0.558895 0.083412
20871 0.917396 0.055061 0.027543
20780 0.103384 0.822428 0.074188
20965 0.062640 0.540093 0.397267
22251 0.381655 0.010468 0.607877
22221 0.666496 0.057238 0.276267
20878 0.090530 0.715934 0.193536
22138 0.072643 0.207477 0.719880
22163 0.059014 0.425051 0.515936
26416 0.000000 0.629528 0.370472
26504 0.176254 0.733539 0.090206
21558 0.694569 0.041949 0.263482
21623 0.382876 0.107304 0.509819
15227 0.148165 0.784803 0.067032
4217 0.019867 0.596809 0.383324
4232 0.094193 0.658970 0.246836
4230 0.164253 0.063632 0.772115
4157 0.368639 0.566167 0.065194
7035 0.625219 0.062938 0.311843
7018 0.075506 0.214194 0.710300
4383 0.342391 0.475252 0.182357
4423 0.730099 0.255724 0.014177
4423 0.289193 0.675052 0.035756
4389 0.730334 0.138816 0.130850
4420 0.087377 0.297402 0.615220
4419 0.443718 0.421026 0.135256
4399 0.603328 0.322470 0.074202
4398 0.540097 0.094995 0.364908
8400 0.184238 0.227355 0.588407
8413 0.550385 0.341447 0.108167
10247 0.113221 0.272859 0.613919
8117 0.172318 0.752786 0.074896
8080 0.336491 0.305439 0.358069
8098 0.494705 0.412387 0.092907
7980 0.433810 0.469869 0.096321
7966 0.447493 0.051876 0.500631
7591 0.563065 0.325671 0.111263
7606 0.461098 0.135004 0.403897
8224 0.831802 0.110334 0.057864
8205 0.544588 0.139169 0.316244
7782 0.087479 0.858350 0.054171
7767 0.119061 0.482037 0.398902
4253 0.133374 0.427986 0.438640
8247 0.592494 0.370188 0.037319
10442 0.049089 0.321432 0.629479
2980 0.094247 0.507306 0.398447
2930 0.264156 0.735844 0.000000
2928 0.000000 0.463195 0.536805
2889 0.488164 0.000000 0.511836
2885 0.000000 0.496055 0.503945
24815 0.333754 0.387907 0.278339
8249 0.151132 0.746051 0.102816
24826 0.793703 0.038268 0.168029
24572 0.544425 0.053228 0.402346
24473 0.303715 0.168885 0.527400
7808 0.444284 0.420846 0.134870
24571 0.107646 0.762372 0.129981
10077 0.050376 0.551058 0.398567
10103 0.616770 0.218544 0.164686
15332 0.693725 0.171388 0.134887
10061 0.474909 0.158939 0.366152
4461 0.206252 0.362243 0.431505
4462 0.206197 0.673184 0.120620
4420 0.000000 0.593765 0.406235
4418 0.000000 0.196405 0.803595
4397 0.134373 0.785833 0.079794
3989 0.554216 0.373121 0.072663
3925 0.111967 0.032547 0.855487
3990 0.114665 0.856008 0.029327
8105 0.871810 0.049558 0.078631
2751 0.182702 0.202262 0.615036
2737 0.044269 0.497443 0.458288
8092 0.289529 0.558572 0.151899
15176 0.673790 0.203447 0.122762
15101 0.149348 0.353227 0.497425
9708 0.030264 0.072129 0.897607
8316 0.408993 0.013006 0.578002
7289 0.160351 0.459597 0.380053
7141 0.479555 0.511323 0.009122
7133 0.072405 0.288450 0.639145
7374 0.706842 0.123189 0.169969
4439 0.371488 0.469088 0.159424
4435 0.252782 0.018850 0.728368
4020 0.391654 0.025507 0.582839
4426 0.234430 0.589675 0.175895
2877 0.000000 0.752712 0.247288
2859 0.761098 0.094949 0.143952
2893 0.361507 0.482311 0.156183
7091 0.096148 0.420082 0.483771
2601 0.040789 0.711665 0.247546
2387 0.605642 0.006619 0.387739
2597 0.841967 0.153890 0.004143
2861 0.000000 0.705317 0.294683
2743 0.614186 0.000000 0.385814
2762 0.363872 0.456193 0.179935
2979 0.183090 0.000000 0.816910
30425 0.098546 0.207689 0.693765
30406 0.664774 0.100056 0.235170
3014 0.569700 0.289202 0.141098
2968 0.389569 0.122662 0.487769
3045 0.812278 0.011968 0.175754
2531 0.425781 0.000000 0.574219
10183 0.302305 0.082326 0.615369
9962 0.904925 0.075960 0.019115
9295 0.169881 0.728138 0.101981
9329 0.500617 0.104456 0.394927
9224 0.079815 0.624814 0.295371
9241 0.029649 0.516611 0.453740
8649 0.134312 0.586996 0.278692
9271 0.408665 0.101941 0.489394
9366 0.487090 0.385696 0.127215
24933 0.159132 0.712639 0.128228
24946 0.239713 0.562519 0.197768
25025 0.680279 0.287863 0.031859
24923 0.699922 0.047122 0.252956
53300 0.175744 0.321642 0.502615
53397 0.182600 0.762847 0.054553
52849 0.637893 0.311849 0.050257
52899 0.401364 0.395368 0.203268
24600 0.322570 0.530568 0.146862
24621 0.241403 0.718579 0.040018
24512 0.571788 0.103477 0.324735
24510 0.730240 0.175150 0.094610
53277 0.136657 0.837914 0.025429
53650 0.490489 0.247833 0.261679
24957 0.115079 0.735096 0.149826
24936 0.446300 0.333510 0.220191
26584 0.102532 0.102988 0.794479
26405 0.227781 0.601263 0.170956
26599 0.646895 0.158411 0.194694
53389 0.182685 0.542905 0.274410
52864 0.514557 0.310200 0.175243
24988 0.407192 0.403796 0.189012
24456 0.094377 0.436923 0.468700
24593 0.731688 0.107205 0.161107
24649 0.720545 0.146210 0.133245
25405 0.291994 0.621580 0.086426
25384 0.739457 0.043768 0.216775
8793 0.296468 0.590471 0.113061
8943 0.460773 0.533156 0.006072
52743 0.296492 0.543107 0.160401
52758 0.347260 0.280874 0.371866
53984 0.092806 0.609133 0.298061
53991 0.577569 0.387005 0.035426
52639 0.901907 0.000000 0.098093
53849 0.449267 0.509889 0.040845
54041 0.479833 0.367970 0.152196
52600 0.112323 0.122221 0.765456
53461 0.035224 0.651601 0.313175
53421 0.052053 0.627777 0.320170
54115 0.065393 0.061568 0.873039
54111 0.711099 0.028639 0.260262
9372 0.224396 0.421176 0.354427
9251 0.080135 0.038650 0.881215
8783 0.143073 0.502202 0.354726
49384 0.214154 0.290011 0.495835
49427 0.320393 0.484870 0.194737
49407 0.097589 0.167185 0.735226
48194 0.296999 0.632835 0.070167
48362 0.328785 0.384010 0.287205
48803 0.322951 0.443988 0.233061
54002 0.106957 0.856944 0.036099
48345 0.159282 0.057043 0.783674
12112 0.263923 0.340724 0.395353
12114 0.472501 0.013368 0.514132
12120 0.144753 0.657763 0.197484
11904 0.794377 0.094497 0.111126
12014 0.171052 0.535628 0.293320
12028 0.441767 0.444185 0.114048
12025 0.061729 0.335867 0.602403
55040 0.505622 0.429280 0.065099
55098 0.159746 0.713433 0.126820
55106 0.513176 0.179829 0.306994
54648 0.362056 0.085206 0.552738
53514 0.179221 0.289296 0.531483
53672 0.032639 0.016663 0.950698
48645 0.136184 0.421863 0.441953
48684 0.189532 0.167739 0.642728
54045 0.498824 0.190500 0.310676
52565 0.494136 0.488932 0.016932
50271 0.052782 0.055284 0.891933
50762 0.788164 0.018586 0.193250
50637 0.171689 0.409614 0.418696
50575 0.103552 0.317329 0.579118
50521 0.479530 0.101225 0.419245
50533 0.947759 0.011950 0.040291
49020 0.383957 0.095297 0.520745
100342 0.020151 0.838297 0.141552
49939 0.066061 0.882450 0.051489
49055 0.075698 0.854633 0.069669
52629 0.845344 0.004428 0.150228
53870 0.412585 0.228711 0.358704
53864 0.494640 0.423171 0.082188
52657 0.284655 0.050312 0.665033
9392 0.179367 0.253204 0.567429
9379 0.064029 0.386141 0.549830
9186 0.611622 0.379975 0.008404
8810 0.437745 0.206577 0.355678
9293 0.751428 0.114881 0.133692
9972 0.216825 0.089873 0.693302
9627 0.619439 0.140744 0.239816
9564 0.395973 0.278337 0.325690
9845 0.821830 0.173271 0.004899
8198 0.709890 0.247747 0.042363
7925 0.369887 0.182855 0.447258
53936 0.201022 0.073789 0.725189
48272 0.276925 0.662549 0.060526
48265 0.104169 0.269490 0.626340
52621 0.532172 0.000000 0.467828
48866 0.120048 0.635813 0.244140
48314 0.115282 0.085923 0.798794
48775 0.230881 0.447446 0.321673
45090 0.028712 0.397570 0.573719
48951 0.123006 0.737161 0.139833
45185 0.281920 0.000000 0.718080
50706 0.121830 0.285290 0.592880
50093 0.123822 0.655684 0.220493
49836 0.396868 0.506346 0.096786
49863 0.038543 0.794572 0.166885
49090 0.691485 0.207805 0.100710
55025 0.288831 0.489110 0.222058
48492 0.345295 0.326123 0.328582
48485 0.675182 0.132735 0.192083
48719 0.260709 0.353075 0.386216
11927 0.326735 0.285777 0.387488
11911 0.251970 0.077450 0.670580
19544 0.623517 0.358181 0.018302
11918 0.227432 0.475932 0.296636
12022 0.209275 0.172544 0.618181
19359 0.196249 0.119841 0.683910
19486 0.737308 0.255032 0.007660
19520 0.324632 0.349617 0.325751
19422 0.225509 0.375941 0.398550
20060 0.272511 0.325857 0.401632
19878 0.151087 0.024734 0.824179
19923 0.093454 0.750712 0.155834
19860 0.174274 0.098330 0.727396
19247 0.815505 0.029028 0.155468
20903 0.303227 0.409509 0.287264
20768 0.141444 0.304062 0.554494
54475 0.430625 0.051036 0.518339
54199 0.047287 0.250134 0.702578
48127 0.639608 0.257861 0.102531
49000 0.235552 0.494523 0.269925
54200 0.087714 0.894611 0.017675
53668 0.009556 0.087513 0.902931
9427 0.145604 0.469895 0.384501
8950 0.109352 0.071859 0.818789
21183 0.692610 0.250958 0.056432
22549 0.131539 0.467861 0.400600
19714 0.397338 0.323248 0.279415
21364 0.512742 0.420727 0.066531
48379 0.738962 0.054445 0.206593
45193 0.335878 0.378478 0.285644
45260 0.167384 0.574662 0.257953
45253 0.003740 0.156209 0.840051
45351 0.239306 0.212019 0.548674
49850 0.408607 0.216149 0.375243
49906 0.523563 0.083857 0.392579
49844 0.421350 0.546763 0.031886
49828 0.304555 0.283657 0.411788
43956 0.029054 0.931291 0.039656
43903 0.656041 0.028430 0.315529
45143 0.793002 0.042209 0.164790
45132 0.064064 0.181935 0.754001
45419 0.716798 0.241344 0.041859
44721 0.155966 0.135256 0.708778
44729 0.566841 0.328492 0.104666
45439 0.031532 0.663669 0.304799
45561 0.172905 0.669437 0.157658
48797 0.272458 0.674606 0.052936
50103 0.129630 0.856797 0.013573
49853 0.594918 0.078038 0.327044
48421 0.513632 0.469603 0.016765
48400 0.514679 0.113080 0.372241
48128 0.171849 0.050323 0.777829
48143 0.021989 0.964111 0.013901
43106 0.001059 0.698776 0.300165
48957 0.383938 0.177167 0.438894
43714 0.061508 0.393063 0.545430
43059 0.058649 0.367016 0.574335
44538 0.506983 0.417189 0.075828
44541 0.373481 0.086893 0.539626
44715 0.193153 0.072419 0.734429
44723 0.630008 0.078245 0.291747
45567 0.305974 0.101943 0.592082
45559 0.509007 0.204282 0.286711
44552 0.165592 0.107102 0.727306
44520 0.247317 0.267335 0.485349
43026 0.117555 0.521791 0.360654
43086 0.529401 0.431219 0.039379
43102 0.058276 0.368212 0.573511
43109 0.490148 0.004775 0.505077
43324 0.349115 0.132140 0.518745
43131 0.884752 0.018396 0.096852
43669 0.690195 0.149745 0.160060
43444 0.352626 0.091742 0.555632
42155 0.369790 0.159144 0.471066
43659 0.466626 0.021360 0.512015
42131 0.514158 0.142086 0.343756
43691 0.359927 0.437458 0.202615
43648 0.124470 0.145837 0.729693
40902 0.462625 0.248080 0.289295
42006 0.011643 0.415448 0.572909
42100 0.241821 0.535852 0.222327
42401 0.106274 0.382040 0.511685
42490 0.096616 0.327743 0.575640
43386 0.528033 0.263138 0.208829
42353 0.365247 0.626375 0.008378
43166 0.329981 0.009424 0.660595
43351 0.118763 0.089160 0.792076
42591 0.239808 0.304129 0.456063
42599 0.543956 0.243847 0.212197
42677 0.032960 0.693745 0.273295
42582 0.641456 0.294361 0.064183
42178 0.138862 0.278477 0.582661
42198 0.563739 0.335261 0.101000
44591 0.577224 0.391866 0.030909
44808 0.097009 0.690184 0.212807
44918 0.633397 0.210608 0.155995
44857 0.583624 0.190788 0.225588
41921 0.511218 0.031720 0.457062
43884 0.536137 0.283826 0.180037
43878 0.236527 0.186630 0.576843
41928 0.343171 0.235762 0.421067
44986 0.224697 0.472292 0.303011
45039 0.666440 0.223039 0.110521
44269 0.549394 0.222585 0.228021
44239 0.312885 0.507859 0.179257
45630 0.704956 0.242564 0.052480
44572 0.651950 0.217962 0.130088
43029 0.147113 0.371858 0.481029
43046 0.269651 0.434409 0.295940
42121 0.144564 0.190255 0.665181
40905 0.632359 0.285071 0.082570
43911 0.156132 0.319375 0.524493
45112 0.419122 0.526403 0.054474
45292 0.030187 0.209665 0.760148
45412 0.625164 0.029736 0.345101
45582 0.371262 0.518312 0.110427
45388 0.042799 0.509074 0.448127
44569 0.264968 0.153186 0.581846
42238 0.546201 0.032384 0.421415
42687 0.127329 0.841386 0.031285
43174 0.265235 0.500385 0.234380
42572 0.465393 0.323319 0.211288
42144 0.235421 0.243055 0.521524
42104 0.421329 0.261311 0.317360
42070 0.046203 0.405220 0.548577
44485 0.411598 0.473952 0.114450
43893 0.525260 0.132907 0.341833
44736 0.118698 0.252322 0.628981
44632 0.342935 0.355117 0.301948
44615 0.068907 0.255977 0.675116
44698 0.328676 0.577774 0.093550
45692 0.115965 0.579052 0.304983
44384 0.484281 0.416404 0.099315
42522 0.394102 0.209423 0.396475
43408 0.227192 0.543197 0.229611
42630 0.200285 0.499429 0.300286
44838 0.143272 0.133207 0.723521
42204 0.031867 0.576082 0.392051
44882 0.465094 0.061118 0.473788
44640 0.207141 0.004152 0.788707
43843 0.227255 0.238669 0.534076
41900 0.599722 0.343696 0.056582
44455 0.250675 0.505250 0.244075
43859 0.533223 0.101470 0.365307
41965 0.625921 0.070930 0.303148
41982 0.189259 0.283507 0.527233
42453 0.025643 0.584193 0.390164
42385 0.211612 0.086260 0.702129
42529 0.210130 0.785228 0.004642
43423 0.875919 0.001858 0.122223
42660 0.199588 0.737662 0.062749
41821 0.457877 0.014066 0.528057
41841 0.031778 0.933255 0.034967
42247 0.220335 0.431310 0.348356
44933 0.127314 0.470555 0.402131
44256 0.011537 0.360315 0.628149
44744 0.627295 0.358467 0.014238
44852 0.483336 0.401257 0.115407
41713 0.081656 0.059670 0.858674
41711 0.025678 0.337948 0.636374
41251 0.270621 0.470559 0.258820
41269 0.011499 0.893493 0.095008
44007 0.490906 0.321998 0.187096
43992 0.646596 0.225076 0.128328
42378 0.687367 0.155450 0.157183
42414 0.326630 0.221551 0.451819
41811 0.113028 0.099820 0.787152
41348 0.499869 0.083003 0.417128
41799 0.339779 0.159160 0.501062
41788 0.264737 0.662223 0.073039
41575 0.016037 0.246958 0.737006
43962 0.462745 0.273342 0.263913
41888 0.529368 0.299027 0.171605
41588 0.144171 0.099544 0.756286
43279 0.415425 0.148816 0.435758
43293 0.168383 0.299203 0.532414
41522 0.444633 0.252766 0.302601
42033 0.045081 0.390941 0.563978
40971 0.824280 0.146786 0.028933
40955 0.060463 0.094816 0.844721
41397 0.131630 0.026749 0.841621
40947 0.137614 0.196111 0.666274
44197 0.425504 0.558547 0.015949
41245 0.152521 0.348917 0.498562
42279 0.763349 0.115086 0.121565
44750 0.028778 0.029144 0.942078
44211 0.353550 0.253191 0.393259
41729 0.573061 0.280269 0.146671
42773 0.392075 0.305293 0.302631
41197 0.887025 0.059945 0.053030
41562 0.134194 0.681191 0.184615
41608 0.218296 0.547732 0.233972
43298 0.157735 0.000000 0.842265
43510 0.114063 0.478584 0.407353
41651 0.025890 0.512173 0.461937
41630 0.506392 0.073394 0.420214
41121 0.760630 0.206326 0.033045
41114 0.705324 0.071124 0.223552
41002 0.404805 0.152094 0.443101
41080 0.802905 0.037189 0.159906
42921 0.838065 0.086163 0.075772
42318 0.763822 0.139181 0.096996
42291 0.265994 0.169186 0.564821
41770 0.090974 0.136042 0.772984
41701 0.152491 0.427404 0.420105
42932 0.225730 0.339650 0.434620
42754 0.187273 0.745184 0.067544
40940 0.027511 0.073617 0.898871
42812 0.314363 0.031046 0.654591
41695 0.280380 0.377256 0.342365
41040 0.071642 0.514567 0.413791
43561 0.045408 0.059180 0.895412
41052 0.357789 0.129717 0.512494
42879 0.459211 0.443001 0.097788
43597 0.075508 0.674688 0.249804
43493 0.185844 0.329155 0.485001
42831 0.605430 0.190178 0.204391
42871 0.324439 0.515686 0.159874
42919 0.048151 0.034322 0.917527
40922 0.222442 0.665512 0.112046
42974 0.282101 0.338290 0.379609
54370 0.073118 0.272193 0.654690
54364 0.339870 0.089900 0.570230
54203 0.708202 0.274798 0.017000
50134 0.671364 0.156111 0.172525
45156 0.414164 0.174358 0.411478
49891 0.882384 0.036270 0.081345
44496 0.106036 0.311225 0.582739
44494 0.566263 0.274603 0.159134
44476 0.740839 0.048876 0.210286
44459 0.004133 0.200426 0.795441
44374 0.632147 0.249950 0.117903
44466 0.398342 0.503659 0.097999
45014 0.363406 0.415326 0.221269
44960 0.340081 0.426577 0.233342
44132 0.191976 0.035019 0.773005
44444 0.341272 0.419757 0.238971
43982 0.001499 0.547413 0.451088
41009 0.168917 0.318749 0.512334
44153 0.129117 0.488943 0.381940
41205 0.239331 0.234808 0.525862
41149 0.210268 0.132983 0.656748
41178 0.772884 0.058880 0.168235
49228 0.381524 0.046670 0.571806
49271 0.313890 0.074716 0.611395
50016 0.648358 0.312895 0.038747
49147 0.144835 0.104223 0.750941
100364 0.121043 0.837208 0.041748
100386 0.575002 0.315964 0.109034
100376 0.159163 0.352240 0.488598
100332 0.478135 0.054027 0.467838
45618 0.172195 0.447008 0.380797
42562 0.825784 0.161303 0.012913
41947 0.153023 0.218083 0.628894
43177 0.203762 0.202101 0.594137
44175 0.231554 0.602973 0.165473
45227 0.036013 0.476534 0.487453
45219 0.790068 0.101404 0.108528
44360 0.530157 0.010514 0.459329
44219 0.449303 0.180621 0.370076
44416 0.335454 0.312008 0.352538
44438 0.267321 0.456936 0.275743
45699 0.231127 0.229872 0.539002
41333 0.005650 0.588320 0.406031
42541 0.750566 0.163803 0.085632
43186 0.326166 0.034007 0.639827
43193 0.032070 0.931021 0.036910
41301 0.678515 0.239818 0.081667
44764 0.490527 0.016137 0.493336
44755 0.577848 0.290961 0.131191
45214 0.220129 0.165435 0.614436
45238 0.192859 0.539073 0.268068
9326 0.679544 0.302986 0.017470
9214 0.050403 0.020893 0.928704
20408 0.648666 0.127518 0.223816
20467 0.864141 0.062637 0.073222
21113 0.835967 0.009031 0.155003
21202 0.115801 0.295816 0.588382
21128 0.088074 0.102836 0.809090
20436 0.239163 0.501259 0.259578
22920 0.173020 0.398276 0.428704
21151 0.025056 0.576961 0.397983
7132 0.484894 0.311746 0.203361
7374 0.223351 0.512526 0.264123
20069 0.128920 0.061012 0.810068
20072 0.452670 0.079294 0.468036
20096 0.074681 0.795990 0.129329
12018 0.025272 0.811042 0.163686
48660 0.044426 0.019202 0.936372
55114 0.645980 0.322035 0.031985
55054 0.400573 0.525622 0.073805
46490 0.572442 0.191619 0.235938
47262 0.091304 0.857149 0.051546
47299 0.316159 0.652246 0.031595
47301 0.728971 0.006353 0.264677
9721 0.283164 0.128683 0.588152
9945 0.290094 0.241550 0.468356
7971 0.180905 0.692869 0.126226
7955 0.175980 0.474813 0.349207
