9591 0.088140 0.354663 0.557196
1895 0.375650 0.408120 0.216229
13508 0.251640 0.467779 0.280582
1898 0.871163 0.055023 0.073813
2177 0.020241 0.340045 0.639714
10976 0.417353 0.283324 0.299323
14827 0.610042 0.306594 0.083364
14613 0.369297 0.318203 0.312500
10816 0.664617 0.158543 0.176840
14902 0.109838 0.598161 0.292001
10821 0.079231 0.536516 0.384253
10820 0.166938 0.500422 0.332639
13313 0.110816 0.882095 0.007089
13667 0.063518 0.224971 0.711511
14759 0.287356 0.177635 0.535009
10887 0.580986 0.187168 0.231846
10888 0.460850 0.330106 0.209044
14723 0.121928 0.863682 0.014391
11173 0.344555 0.475309 0.180136
14798 0.653279 0.103801 0.242920
13691 0.089106 0.731094 0.179800
13297 0.344385 0.602870 0.052744
14731 0.430330 0.387320 0.182350
14733 0.766646 0.094895 0.138459
14715 0.104246 0.743640 0.152114
1946 0.702698 0.157551 0.139751
14748 0.197554 0.083662 0.718785
14789 0.004206 0.858916 0.136878
14725 0.132101 0.001425 0.866474
1948 0.487167 0.148827 0.364005
9597 0.182126 0.392401 0.425472
15228 0.030224 0.581567 0.388209
14715 0.219171 0.169385 0.611444
14789 0.788190 0.096790 0.115021
14725 0.439990 0.279808 0.280202
11163 0.698168 0.102528 0.199304
13690 0.214586 0.731344 0.054070
14733 0.184071 0.723204 0.092725
13689 0.143379 0.628219 0.228402
15233 0.582085 0.159018 0.258897
1945 0.149985 0.144977 0.705037
1947 0.139318 0.247229 0.613453
13558 0.093380 0.071419 0.835201
13557 0.546650 0.165429 0.287921
11135 0.569355 0.306768 0.123877
11149 0.248824 0.032414 0.718762
11149 0.355043 0.291010 0.353947
2250 0.243618 0.034252 0.722130
2250 0.354216 0.242379 0.403405
11152 0.008832 0.876970 0.114198
11152 0.722821 0.153718 0.123461
13555 0.619607 0.218914 0.161479
1943 0.112707 0.664558 0.222734
13552 0.810061 0.052232 0.137707
1941 0.400999 0.332518 0.266483
11172 0.213649 0.243730 0.542621
10899 0.059333 0.488485 0.452182
13552 0.313839 0.572979 0.113182
13658 0.046589 0.701204 0.252207
13395 0.289122 0.610262 0.100616
13395 0.400738 0.072220 0.527042
10893 0.222020 0.420539 0.357441
14887 0.668223 0.150160 0.181618
14713 0.388704 0.224522 0.386775
11151 0.355931 0.065064 0.579005
14713 0.188372 0.646537 0.165090
14713 0.066399 0.153237 0.780364
11151 0.017958 0.454489 0.527554
14749 0.496965 0.125640 0.377394
14749 0.343643 0.105531 0.550826
11151 0.026743 0.369538 0.603719
11151 0.183150 0.248416 0.568434
11151 0.356596 0.240498 0.402907
11151 0.093974 0.458074 0.447952
14713 0.661140 0.203939 0.134921
21257 0.062601 0.780810 0.156589
14750 0.746004 0.239699 0.014297
14750 0.381740 0.234783 0.383477
21257 0.069962 0.358153 0.571885
11151 0.033110 0.117478 0.849413
14749 0.002324 0.216759 0.780917
14762 0.324496 0.087008 0.588497
14762 0.044192 0.230581 0.725227
13556 0.152155 0.424800 0.423045
14749 0.259723 0.361970 0.378307
14749 0.203814 0.689151 0.107036
14749 0.690689 0.037077 0.272234
10878 0.738712 0.190032 0.071256
14749 0.612989 0.351330 0.035681
1942 0.000000 0.805938 0.194062
11151 0.210715 0.608913 0.180371
11151 0.677375 0.265031 0.057593
13396 0.091582 0.711977 0.196441
2298 0.084595 0.570473 0.344931
11161 0.547719 0.011089 0.441192
1944 0.230616 0.475876 0.293508
10878 0.259805 0.483992 0.256203
14714 0.096652 0.309301 0.594047
1942 0.630798 0.119955 0.249247
13554 0.360314 0.615829 0.023857
14761 0.008252 0.140544 0.851204
11150 0.178054 0.615373 0.206573
2320 0.646688 0.262882 0.090430
10900 0.206137 0.553438 0.240425
13457 0.000000 0.371372 0.628628
2158 0.026996 0.240890 0.732114
2160 0.080335 0.403298 0.516367
14823 0.546116 0.085470 0.368415
10853 0.023120 0.313764 0.663116
14823 0.261428 0.681680 0.056892
2240 0.347833 0.330482 0.321685
2176 1.000000 0.000000 0.000000
14833 0.060264 0.424202 0.515534
10815 0.216757 0.140586 0.642658
14753 0.093797 0.466933 0.439270
13388 0.441467 0.310738 0.247795
10861 0.000000 0.323110 0.676890
10880 0.107692 0.892308 0.000000
13449 0.000000 0.922386 0.077614
13442 0.000000 0.218561 0.781439
2227 1.000000 0.000000 0.000000
2202 0.326414 0.373493 0.300093
13457 0.392389 0.222971 0.384640
2233 0.140300 0.859700 0.000000
14851 0.000000 0.960302 0.039698
13457 0.071084 0.371745 0.557172
10871 1.000000 0.000000 0.000000
10871 1.000000 0.000000 0.000000
2229 0.000000 0.653414 0.346586
2229 0.000000 0.837339 0.162661
10871 0.647195 0.352805 0.000000
10871 0.432870 0.567130 0.000000
10995 0.075196 0.857737 0.067067
13563 0.071653 0.192603 0.735744
11015 0.126693 0.537148 0.336159
11013 0.174839 0.479151 0.346009
9578 0.477274 0.128323 0.394403
14734 0.287487 0.080549 0.631964
1939 0.120019 0.663138 0.216844
1578 0.336010 0.308981 0.355010
1936 0.143721 0.783364 0.072915
1938 0.531300 0.367553 0.101148
1924 0.376013 0.366541 0.257446
1612 0.179287 0.813643 0.007070
14874 0.298781 0.385124 0.316095
14872 0.042708 0.494548 0.462744
14652 0.271308 0.169866 0.558826
10914 0.030607 0.067036 0.902357
1887 0.382335 0.370486 0.247179
9809 0.772958 0.025197 0.201845
13649 0.536795 0.414967 0.048237
16894 0.133563 0.594574 0.271863
4733 0.578806 0.098782 0.322412
1614 0.610367 0.147916 0.241716
14653 0.300965 0.051900 0.647136
10833 0.326210 0.398881 0.274910
1624 1.000000 0.000000 0.000000
13328 0.093000 0.554093 0.352906
1618 0.613933 0.064684 0.321383
13525 0.338184 0.333694 0.328123
9882 0.641278 0.055767 0.302955
1621 0.210348 0.586467 0.203185
10936 0.123070 0.846418 0.030512
10935 0.366202 0.573750 0.060048
13513 0.131577 0.659893 0.208531
13542 0.168885 0.332643 0.498472
14617 0.306529 0.029639 0.663832
13643 0.213030 0.141918 0.645053
10945 0.071385 0.139159 0.789455
13529 0.278472 0.395110 0.326418
10950 0.333734 0.616787 0.049479
13543 0.213043 0.044744 0.742213
9807 0.368183 0.531515 0.100302
15294 0.357438 0.567566 0.074996
1699 0.074394 0.791825 0.133781
9812 0.648389 0.337651 0.013960
10949 0.584993 0.261851 0.153156
10937 0.811596 0.095723 0.092682
9804 0.056134 0.017274 0.926592
10948 0.384623 0.185835 0.429543
1659 0.638278 0.210714 0.151008
9803 0.664948 0.115358 0.219694
13538 0.641427 0.292381 0.066192
1865 0.003810 0.231543 0.764647
13588 0.570058 0.211107 0.218835
13638 0.636612 0.098665 0.264722
10964 0.142342 0.439486 0.418172
14708 0.229393 0.239679 0.530927
14828 0.161683 0.525756 0.312561
2164 0.090642 0.001421 0.907937
14826 0.338549 0.232617 0.428834
14666 0.351545 0.264791 0.383664
2167 0.247917 0.681434 0.070649
13465 0.037432 0.198345 0.764223
9818 0.075064 0.502002 0.422934
13666 0.033500 0.752580 0.213920
14688 0.169424 0.406033 0.424543
9822 0.249355 0.136776 0.613869
9795 0.428682 0.421085 0.150233
9792 0.913773 0.059490 0.026737
13693 0.602137 0.002383 0.395481
9674 0.664514 0.308414 0.027072
13682 0.159327 0.610728 0.229946
1697 0.199319 0.619616 0.181065
9835 0.192280 0.316674 0.491047
13660 0.232877 0.202231 0.564892
16623 0.880406 0.058934 0.060660
14644 0.235021 0.686092 0.078886
16624 0.535565 0.357660 0.106776
16889 0.191242 0.745443 0.063315
16886 0.604830 0.048288 0.346882
16563 0.198137 0.273496 0.528368
4728 0.629691 0.157956 0.212353
1660 0.375397 0.586490 0.038113
13821 0.167221 0.530480 0.302299
2567 0.216465 0.116139 0.667395
4726 0.386152 0.230841 0.383006
16893 0.475810 0.364615 0.159575
9953 0.494514 0.059033 0.446452
16590 0.899233 0.079923 0.020843
13495 0.267767 0.373084 0.359149
1706 0.874466 0.103295 0.022239
16876 0.123550 0.380860 0.495589
9666 0.552224 0.403027 0.044749
13654 0.668001 0.134604 0.197396
1737 0.357342 0.448500 0.194158
1650 0.305212 0.400332 0.294455
14746 0.595629 0.240728 0.163643
11155 0.005284 0.707196 0.287520
11154 0.407249 0.592751 0.000000
11154 0.988638 0.011362 0.000000
10871 1.000000 0.000000 0.000000
10980 0.417156 0.521471 0.061373
10975 0.332810 0.092974 0.574216
14844 0.261589 0.309867 0.428544
1671 0.418599 0.298715 0.282686
14897 0.653179 0.174469 0.172351
2207 0.686586 0.204265 0.109149
1581 0.100021 0.197906 0.702073
1894 0.143913 0.646159 0.209928
14824 0.376081 0.086777 0.537142
14824 0.245009 0.230512 0.524479
2161 0.476294 0.156711 0.366996
14714 0.016630 0.923306 0.060064
1892 0.250051 0.510534 0.239416
10911 0.198904 0.566097 0.234999
9869 0.189721 0.166831 0.643448
11011 0.000000 0.965409 0.034591
1684 0.618276 0.263599 0.118126
10953 0.592591 0.279085 0.128324
11002 0.000000 0.028702 0.971298
1864 0.527748 0.344960 0.127293
9836 0.313470 0.157913 0.528618
14608 0.692297 0.099625 0.208078
13013 0.046364 0.119220 0.834416
10960 0.134373 0.281767 0.583860
16562 0.340113 0.268332 0.391555
16888 0.629804 0.167928 0.202267
1674 0.076520 0.801675 0.121805
14855 0.347148 0.394369 0.258483
13687 0.028188 0.217546 0.754266
13329 0.811850 0.000331 0.187819
13315 0.428338 0.290397 0.281265
10883 0.856172 0.130014 0.013814
10832 0.215187 0.433754 0.351059
13325 0.146929 0.044225 0.808845
13668 0.188097 0.684379 0.127524
14635 0.268355 0.377508 0.354138
1889 0.015441 0.307396 0.677163
1657 0.281366 0.377141 0.341492
13532 0.129901 0.154732 0.715367
1863 0.262609 0.447861 0.289531
14590 0.347830 0.361867 0.290303
9794 0.215508 0.244577 0.539914
13012 0.481441 0.173405 0.345154
2200 0.141961 0.679545 0.178494
14788 0.236011 0.274517 0.489472
2200 0.200346 0.163620 0.636034
13396 0.149552 0.315723 0.534725
8102 0.205815 0.737043 0.057143
8101 0.020223 0.965053 0.014724
2298 0.563806 0.316902 0.119292
2318 0.148262 0.569284 0.282454
13022 0.045524 0.900905 0.053572
1929 0.821084 0.110189 0.068727
13590 0.108669 0.633095 0.258236
9619 0.198040 0.220620 0.581340
9619 0.395575 0.152661 0.451763
9619 0.372236 0.355620 0.272144
9619 0.138153 0.463898 0.397950
11151 0.153972 0.148901 0.697128
13397 0.718542 0.125232 0.156226
8103 0.753539 0.141190 0.105271
21257 0.107921 0.074846 0.817233
14750 0.049384 0.184174 0.766442
1925 0.058367 0.895409 0.046224
13567 0.789007 0.096441 0.114551
4743 0.154939 0.158794 0.686267
13653 0.249970 0.629218 0.120812
15280 0.186083 0.578672 0.235245
15276 0.173484 0.333884 0.492632
15278 0.159322 0.088853 0.751825
16004 0.486774 0.454123 0.059102
13345 0.843992 0.072286 0.083721
13347 0.036704 0.408173 0.555123
1917 0.799115 0.103884 0.097000
13647 0.653321 0.199508 0.147170
14792 0.189913 0.614039 0.196048
14790 0.061723 0.777147 0.161130
1878 0.616649 0.291951 0.091399
9619 0.872112 0.127590 0.000298
8104 0.042678 0.921395 0.035926
13398 0.274518 0.004683 0.720799
13398 0.051621 0.323758 0.624621
9619 0.028434 0.754642 0.216924
9619 0.261733 0.704515 0.033753
13398 0.101469 0.752290 0.146241
9619 0.101612 0.209050 0.689338
9619 0.000000 0.552599 0.447401
15228 0.347039 0.218141 0.434820
15228 0.228745 0.585418 0.185837
15228 0.174994 0.075194 0.749812
9619 0.649483 0.237436 0.113081
9619 0.544805 0.416410 0.038785
9619 0.140935 0.597361 0.261704
9619 0.319680 0.517290 0.163029
15228 0.421941 0.336508 0.241551
15228 0.365129 0.604315 0.030556
1579 0.616637 0.135341 0.248022
8285 0.260714 0.554203 0.185083
20196 0.757194 0.093144 0.149662
3992 0.547003 0.146342 0.306655
3997 0.120911 0.613563 0.265526
13307 0.577445 0.183963 0.238592
1696 0.225148 0.152749 0.622103
19883 0.527469 0.278738 0.193793
7971 0.322013 0.519227 0.158761
11151 0.106456 0.337951 0.555594
2233 0.148026 0.297249 0.554725
13330 0.014306 0.056947 0.928746
14718 0.120884 0.274703 0.604413
11156 0.241947 0.652683 0.105370
13295 0.054787 0.583038 0.362175
2218 0.075462 0.261380 0.663158
13455 0.405802 0.318100 0.276097
2230 0.757456 0.152157 0.090386
2235 0.000000 0.830729 0.169271
11167 0.088709 0.740744 0.170546
10868 0.534565 0.244549 0.220887
13292 0.138392 0.836974 0.024635
2229 0.862938 0.074043 0.063019
13483 0.551732 0.286789 0.161479
2161 0.022416 0.673723 0.303861
10873 0.838804 0.152405 0.008790
10874 0.216990 0.229163 0.553847
14719 0.339025 0.391821 0.269154
14744 0.172072 0.687746 0.140182
13318 0.510999 0.235690 0.253310
13473 0.496344 0.168424 0.335232
14849 0.316473 0.261694 0.421833
13613 0.640588 0.323228 0.036184
1595 0.575178 0.381191 0.043631
1884 0.145378 0.606810 0.247811
1884 0.615451 0.368433 0.016116
10901 0.178633 0.009453 0.811914
1576 0.063503 0.559538 0.376959
1598 0.070058 0.151773 0.778169
13678 0.188448 0.513411 0.298141
9787 0.043475 0.725626 0.230899
9825 0.775160 0.190754 0.034086
9825 0.239189 0.099009 0.661802
14621 0.110370 0.166369 0.723261
13645 0.219689 0.529297 0.251014
14622 0.142530 0.360422 0.497047
14620 0.332662 0.362001 0.305338
9797 0.415629 0.478693 0.105678
1673 0.166761 0.645637 0.187602
10834 0.133167 0.211331 0.655502
14813 0.018440 0.736575 0.244985
1583 0.820145 0.033726 0.146128
9799 0.581620 0.350880 0.067500
13496 0.509940 0.356881 0.133179
10908 0.250307 0.227672 0.522021
13630 0.024816 0.741571 0.233613
9839 0.117474 0.160536 0.721990
13492 0.363715 0.281587 0.354697
9785 0.743368 0.070454 0.186178
1632 0.322087 0.484391 0.193521
1710 0.744528 0.085920 0.169553
1687 0.266135 0.637956 0.095909
1871 0.085722 0.870700 0.043578
13016 0.447486 0.208801 0.343713
13323 0.171811 0.351791 0.476398
13520 0.633027 0.155461 0.211512
13585 0.837755 0.129959 0.032286
9860 0.367853 0.631242 0.000905
1760 0.167686 0.426971 0.405343
1708 0.775423 0.035246 0.189331
14677 0.236536 0.100237 0.663227
14674 0.029496 0.755857 0.214646
1726 0.644020 0.322732 0.033248
10907 0.384836 0.560578 0.054586
14877 0.962925 0.016159 0.020915
1884 0.077062 0.245795 0.677142
1576 0.671499 0.109432 0.219068
14879 0.720899 0.222586 0.056515
14878 0.124069 0.098309 0.777623
2316 0.113597 0.819924 0.066479
8058 0.178875 0.655295 0.165830
19808 0.167385 0.296844 0.535770
7940 0.468558 0.249976 0.281466
8256 0.302542 0.341972 0.355485
21073 0.286845 0.651058 0.062097
1750 0.366529 0.000024 0.633447
14549 1.000000 0.000000 0.000000
8101 0.360952 0.408898 0.230151
4333 0.384202 0.438779 0.177019
2200 0.822302 0.149784 0.027915
8103 0.080879 0.829643 0.089478
8103 0.471318 0.387715 0.140967
13397 0.397233 0.136595 0.466172
2232 0.153808 0.677684 0.168508
13018 0.657086 0.147432 0.195482
13805 0.471043 0.017073 0.511884
13844 0.069153 0.695922 0.234925
16878 0.140051 0.817338 0.042611
4780 0.204133 0.734906 0.060961
8104 0.650150 0.265968 0.083882
13398 0.539198 0.196264 0.264538
9619 0.682259 0.001801 0.315940
14750 0.033976 0.605779 0.360245
13398 0.248091 0.290509 0.461400
13398 0.015157 0.523169 0.461675
8104 0.281514 0.537447 0.181038
8104 0.659408 0.100465 0.240126
13451 0.047179 0.675542 0.277279
13443 0.000000 0.287750 0.712250
3997 0.684371 0.301396 0.014233
15228 0.705158 0.072906 0.221936
3997 0.719554 0.034416 0.246029
16627 0.026757 0.475336 0.497907
16890 0.432814 0.532754 0.034432
8103 0.731472 0.008312 0.260216
21257 0.271801 0.067013 0.661187
19885 0.300174 0.598738 0.101088
9876 0.192562 0.595128 0.212309
13348 0.912126 0.033203 0.054671
14812 0.394770 0.012735 0.592495
13614 0.331886 0.355756 0.312357
14811 0.643045 0.036795 0.320160
10876 0.117795 0.212855 0.669349
13306 0.063808 0.366279 0.569913
16591 0.881581 0.066671 0.051749
2588 0.213835 0.682300 0.103865
14824 0.319792 0.214407 0.465800
14830 1.000000 0.000000 0.000000
13456 0.654794 0.282994 0.062212
10848 0.041564 0.755984 0.202452
10879 0.363835 0.360959 0.275207
14750 0.341223 0.651321 0.007457
10797 0.660300 0.054917 0.284783
13392 0.047233 0.179952 0.772815
8104 0.056358 0.831127 0.112515
1709 0.269492 0.336609 0.393898
13610 0.339983 0.201496 0.458522
13610 0.482686 0.222384 0.294930
1599 0.610294 0.003320 0.386385
13610 0.579527 0.343039 0.077434
1608 0.092637 0.442170 0.465194
13610 0.545236 0.198186 0.256577
13610 0.291984 0.084477 0.623539
1608 0.128972 0.014361 0.856666
1608 0.390692 0.447580 0.161728
13610 0.862061 0.071691 0.066248
13610 0.070858 0.049525 0.879618
13645 0.004758 0.920732 0.074510
14622 0.167281 0.186451 0.646267
14622 0.560415 0.336303 0.103282
14622 0.234209 0.003217 0.762574
14622 0.554132 0.057581 0.388287
13608 0.477453 0.199521 0.323025
13608 0.080318 0.080538 0.839144
13608 0.173217 0.817456 0.009327
13609 0.058477 0.399362 0.542160
14877 0.470214 0.291901 0.237885
10865 0.533451 0.398137 0.068412
1592 0.326375 0.647879 0.025746
13611 0.144123 0.835295 0.020582
10896 0.000000 0.023121 0.976879
13611 0.188778 0.141535 0.669688
10894 0.817716 0.131029 0.051255
14866 0.088477 0.140522 0.771001
1593 0.427970 0.152637 0.419393
13604 0.556308 0.436466 0.007226
10895 0.510292 0.088875 0.400833
10895 0.681817 0.167530 0.150653
13608 0.488663 0.348433 0.162904
1597 0.211596 0.101977 0.686427
13609 0.321588 0.544694 0.133718
13608 0.767815 0.104966 0.127219
1599 0.035892 0.255997 0.708110
1599 0.229614 0.164946 0.605440
1599 0.167911 0.317705 0.514383
1599 0.027221 0.374986 0.597793
1603 0.170235 0.667702 0.162063
14889 0.547450 0.169298 0.283252
1603 0.047057 0.236110 0.716833
10865 0.633922 0.055173 0.310906
14889 0.581291 0.348677 0.070032
14889 0.452925 0.207273 0.339802
14889 0.222567 0.044393 0.733040
10865 0.486528 0.028207 0.485265
10865 0.301797 0.226345 0.471857
14889 0.429606 0.481303 0.089092
14889 0.480138 0.371943 0.147918
14889 0.332088 0.347955 0.319957
14889 0.038125 0.370672 0.591203
1567 0.320828 0.012370 0.666802
13604 0.333255 0.530540 0.136204
1595 0.003785 0.087523 0.908692
10897 0.146642 0.362606 0.490752
10897 0.499123 0.352792 0.148085
1576 0.303068 0.304115 0.392816
14867 0.342166 0.000000 0.657834
13609 0.378443 0.052367 0.569190
13611 0.337358 0.397586 0.265056
14867 0.509770 0.298422 0.191808
14866 0.062063 0.443543 0.494394
14865 0.121761 0.717950 0.160288
1594 0.024318 0.776169 0.199513
14886 0.405837 0.036869 0.557294
10865 0.026775 0.607792 0.365434
1604 0.722124 0.255169 0.022708
1604 0.067038 0.474902 0.458060
13615 0.246786 0.564883 0.188331
13605 0.279679 0.605694 0.114626
1594 0.562043 0.245089 0.192868
1591 0.001842 0.370316 0.627842
1591 0.099805 0.770910 0.129285
14889 0.226028 0.737222 0.036750
13615 0.180167 0.076645 0.743188
1591 0.372426 0.531264 0.096310
1591 0.499651 0.078114 0.422235
14889 0.215604 0.571216 0.213180
13602 0.027992 0.969166 0.002842
13603 0.250312 0.203740 0.545948
13603 0.021618 0.672878 0.305504
13602 0.192247 0.345970 0.461783
10894 0.575222 0.189885 0.234893
10894 0.200474 0.309605 0.489921
14886 0.178434 0.506797 0.314769
13603 0.673937 0.253958 0.072105
13603 0.855018 0.141868 0.003114
13603 0.421577 0.477030 0.101392
13603 0.228053 0.726392 0.045555
1597 0.144375 0.319116 0.536509
1592 0.257414 0.389767 0.352819
1592 0.237828 0.613291 0.148881
1592 0.173224 0.247445 0.579331
1597 0.122145 0.528643 0.349213
1597 0.090880 0.697376 0.211744
1592 0.119797 0.198325 0.681878
13610 0.105867 0.111580 0.782553
13610 0.338693 0.116939 0.544368
1597 0.761155 0.131247 0.107597
13610 0.011632 0.114666 0.873702
13610 0.002023 0.358093 0.639885
13610 0.150654 0.127833 0.721513
13610 0.131039 0.399001 0.469959
13610 0.326727 0.460578 0.212695
16895 0.572956 0.165496 0.261547
11165 0.138630 0.287235 0.574135
4741 0.081386 0.006539 0.912075
16634 0.081985 0.056615 0.861400
1597 0.324032 0.619567 0.056402
1597 0.366584 0.446701 0.186715
1597 0.499927 0.158669 0.341404
1599 0.102980 0.025211 0.871809
13603 0.008923 0.927395 0.063682
1597 0.011194 0.897574 0.091232
13610 0.065508 0.764843 0.169649
14811 0.160604 0.057367 0.782029
13602 0.935960 0.012632 0.051408
1591 0.723159 0.054348 0.222493
9884 0.563783 0.030235 0.405982
4717 0.387120 0.549074 0.063807
16558 0.203510 0.333252 0.463238
9894 0.636839 0.085330 0.277831
13060 0.290341 0.071334 0.638325
4738 0.198765 0.572136 0.229099
9924 0.623579 0.357584 0.018837
4774 0.052999 0.371768 0.575233
9916 0.388008 0.093150 0.518842
9932 0.494059 0.489597 0.016344
15966 0.394483 0.071303 0.534214
4949 0.161671 0.373910 0.464419
2759 0.712670 0.183285 0.104045
10500 0.790832 0.022697 0.186471
4957 0.824090 0.024276 0.151633
10605 0.732026 0.210298 0.057676
15967 0.472094 0.246464 0.281442
2797 0.063746 0.639264 0.296990
13247 0.658817 0.085146 0.256036
10716 0.026778 0.345035 0.628186
10715 0.069121 0.816894 0.113985
2831 0.757469 0.166601 0.075930
9981 0.130441 0.832492 0.037067
9883 0.942739 0.052590 0.004671
1809 0.082471 0.396859 0.520671
4704 0.624640 0.061759 0.313601
5999 0.838716 0.139223 0.022060
2032 0.171718 0.458606 0.369676
16103 0.007870 0.794899 0.197231
16098 0.063117 0.315821 0.621062
16225 0.227118 0.192096 0.580786
16146 0.097995 0.119231 0.782774
15712 0.084242 0.857067 0.058691
2000 0.062766 0.239754 0.697480
16230 0.211472 0.293717 0.494811
16220 0.316934 0.158425 0.524641
5883 0.296478 0.571636 0.131887
16232 0.007240 0.494532 0.498228
10455 0.006071 0.076229 0.917699
5553 0.911615 0.077961 0.010424
16278 0.829795 0.132422 0.037783
10498 0.054291 0.182710 0.762999
17532 0.454125 0.069696 0.476179
17360 0.324621 0.051790 0.623590
5513 0.480352 0.198600 0.321049
17530 0.630730 0.344943 0.024326
5963 0.064791 0.493387 0.441822
16338 0.307561 0.044482 0.647956
16489 0.661349 0.159841 0.178809
5964 0.021354 0.830699 0.147947
17683 0.550376 0.117544 0.332080
5813 0.628148 0.169793 0.202059
5557 0.057790 0.633532 0.308678
17682 0.291243 0.656537 0.052220
16861 0.308591 0.257240 0.434169
4765 0.451737 0.348982 0.199281
10457 0.096881 0.290540 0.612579
13251 0.118615 0.823420 0.057965
6184 0.035523 0.809948 0.154529
6184 0.860972 0.034598 0.104430
16536 0.913884 0.043302 0.042813
6183 0.159669 0.679508 0.160824
16150 0.050287 0.453040 0.496672
16151 0.115161 0.284412 0.600426
2825 0.081127 0.238016 0.680858
15959 0.745992 0.089187 0.164822
17425 0.949709 0.027390 0.022901
16245 0.059177 0.016158 0.924665
5996 0.369687 0.535078 0.095235
13260 0.374737 0.564885 0.060378
2008 0.181904 0.035880 0.782216
5962 0.091554 0.052768 0.855678
5961 0.784601 0.106355 0.109044
16207 0.122571 0.488650 0.388778
5881 0.655872 0.268256 0.075872
5899 0.015085 0.347628 0.637288
3041 0.032294 0.763729 0.203977
16226 0.047549 0.211266 0.741185
2002 0.104309 0.025688 0.870003
2002 0.498738 0.380689 0.120573
5960 0.369748 0.586902 0.043350
5960 0.117690 0.070311 0.811999
4952 0.330080 0.144036 0.525884
2758 0.633318 0.344946 0.021736
2817 0.159987 0.160128 0.679885
16251 0.394165 0.595909 0.009926
16102 0.035185 0.909494 0.055321
16100 0.029225 0.886321 0.084454
4842 0.146975 0.341364 0.511662
4842 0.149109 0.697682 0.153210
16171 0.116174 0.706807 0.177019
16028 0.722699 0.269266 0.008035
5027 0.295438 0.083997 0.620565
5025 0.602812 0.397188 0.000000
5023 0.839466 0.103641 0.056894
2971 0.110831 0.761275 0.127894
4893 0.527573 0.472427 0.000000
16865 0.000000 0.887376 0.112624
5544 0.037764 0.916803 0.045433
4893 0.565436 0.434564 0.000000
9648 0.299072 0.597716 0.103212
10463 0.656482 0.255366 0.088152
10488 0.035801 0.516999 0.447200
10738 0.101074 0.863337 0.035588
13134 0.664178 0.005209 0.330613
13186 0.876333 0.021174 0.102493
2016 0.609050 0.254253 0.136697
10748 0.072144 0.284008 0.643848
16250 0.282765 0.470144 0.247091
9630 0.034267 0.220065 0.745668
15292 0.004230 0.694248 0.301523
15211 0.202221 0.465093 0.332686
9934 0.342631 0.534796 0.122573
9900 0.593781 0.182056 0.224163
9904 0.765644 0.179638 0.054718
13044 0.369961 0.514797 0.115241
4711 0.777517 0.098047 0.124436
4739 0.201394 0.780479 0.018128
9889 0.652537 0.282342 0.065121
16028 0.201257 0.165705 0.633037
16247 0.594853 0.143284 0.261863
16926 0.203264 0.744660 0.052076
17412 0.305293 0.642593 0.052115
2751 0.629684 0.144671 0.225645
13008 0.208335 0.494861 0.296805
4905 0.071406 0.242080 0.686515
4938 0.362357 0.229440 0.408202
9961 0.143953 0.818440 0.037607
6060 0.251792 0.436505 0.311704
16222 0.629079 0.252896 0.118026
4750 0.020034 0.108830 0.871137
4751 0.215898 0.397027 0.387075
17669 0.380015 0.469128 0.150857
17689 0.217677 0.198383 0.583941
17672 0.837097 0.144985 0.017918
17669 0.184383 0.439142 0.376475
16339 0.177725 0.056312 0.765963
5957 0.039291 0.123324 0.837386
16210 0.560579 0.186281 0.253140
16154 0.022247 0.709767 0.267986
16153 0.189106 0.421968 0.388926
5888 0.616114 0.030873 0.353013
2547 0.375083 0.406336 0.218581
16021 0.601162 0.150839 0.247999
10735 0.488581 0.265084 0.246335
2551 0.462121 0.297529 0.240350
15439 0.215510 0.779375 0.005115
16841 0.324866 0.499949 0.175185
1765 0.492583 0.198809 0.308608
10682 0.191802 0.254728 0.553470
16840 0.727940 0.251063 0.020997
16820 0.495154 0.255328 0.249517
6185 0.049753 0.812446 0.137802
15985 0.028849 0.964315 0.006837
5523 1.000000 0.000000 0.000000
5018 0.688797 0.072864 0.238340
16866 0.087403 0.345468 0.567129
16007 0.501043 0.204828 0.294129
16743 0.013583 0.326701 0.659716
1796 0.672174 0.140206 0.187620
1801 0.425698 0.246636 0.327666
15304 0.417172 0.144510 0.438318
10778 0.242340 0.317566 0.440094
15428 0.358352 0.239240 0.402408
12989 0.271349 0.267418 0.461233
13189 0.309532 0.178115 0.512353
13210 0.727795 0.244005 0.028199
13085 0.361776 0.209264 0.428960
13809 0.011751 0.065717 0.922532
5817 0.594129 0.086928 0.318943
17689 0.799853 0.103879 0.096268
17689 0.467210 0.356501 0.176289
5817 0.300719 0.206522 0.492759
5020 0.521541 0.142694 0.335765
16897 0.160885 0.751390 0.087725
10727 0.000000 0.989341 0.010659
10727 0.791586 0.176128 0.032286
16516 0.366031 0.473592 0.160376
5537 0.394324 0.354918 0.250758
10719 0.114000 0.642830 0.243170
16538 0.002505 0.714171 0.283324
13880 0.420754 0.228774 0.350472
2923 0.231334 0.522214 0.246453
13214 0.793011 0.044259 0.162730
5915 0.080407 0.241645 0.677949
17692 0.642052 0.080658 0.277290
17433 0.064541 0.789541 0.145918
17699 0.210127 0.660498 0.129375
5504 0.279876 0.136887 0.583237
5798 0.221194 0.097852 0.680954
17674 0.214917 0.561870 0.223213
17674 0.704786 0.171706 0.123508
5798 0.647190 0.123495 0.229315
5525 0.340996 0.626279 0.032725
5526 0.030317 0.057950 0.911733
5677 0.047812 0.099461 0.852726
17698 0.025569 0.278123 0.696308
16830 0.202883 0.052960 0.744157
4699 0.029871 0.750639 0.219490
15184 0.058340 0.067417 0.874243
17370 0.036145 0.181039 0.782816
17697 0.282118 0.613556 0.104326
5819 0.004098 0.356297 0.639606
5676 0.072722 0.717641 0.209637
17523 0.520569 0.420052 0.059379
5522 0.643333 0.197632 0.159035
17476 0.167623 0.399610 0.432767
17487 0.135810 0.440295 0.423895
6124 0.217201 0.095503 0.687296
17475 0.461502 0.502468 0.036029
15400 0.636622 0.274512 0.088866
15399 0.373745 0.204291 0.421964
16933 0.089308 0.659243 0.251449
5966 0.083042 0.183026 0.733932
16202 0.340204 0.203557 0.456240
5956 0.045243 0.598511 0.356245
16930 0.315369 0.379636 0.304995
14213 0.142794 0.226362 0.630844
5029 0.141453 0.711351 0.147196
4714 0.471437 0.417691 0.110872
16612 0.738502 0.079582 0.181916
15214 0.219306 0.533490 0.247204
4855 0.010505 0.297498 0.691997
16956 0.104315 0.159826 0.735859
16958 0.032321 0.593910 0.373769
3606 0.110795 0.745874 0.143332
17037 0.771805 0.159896 0.068299
4708 0.691142 0.111992 0.196867
16613 0.074959 0.283179 0.641862
4853 0.123855 0.802008 0.074137
9656 0.316386 0.372263 0.311351
2129 0.848878 0.049693 0.101430
2130 0.428962 0.202378 0.368661
9977 0.595787 0.327819 0.076394
9955 0.059962 0.638784 0.301254
15174 0.437112 0.428177 0.134711
1789 0.322395 0.208754 0.468851
4785 0.140742 0.658110 0.201148
16959 0.420752 0.470766 0.108482
3565 0.557838 0.257809 0.184353
4713 0.581299 0.370723 0.047978
4712 0.046460 0.920525 0.033014
16549 0.014773 0.260688 0.724539
13843 0.061181 0.334034 0.604786
21959 0.098696 0.745028 0.156276
10810 0.054935 0.493155 0.451910
16475 0.843428 0.073884 0.082688
16488 0.392667 0.255551 0.351782
6066 0.069161 0.295465 0.635374
14303 0.814967 0.051242 0.133791
16297 0.079467 0.203011 0.717522
6020 0.424457 0.267830 0.307713
6180 0.136892 0.643622 0.219486
16298 0.280244 0.586619 0.133137
6045 0.170680 0.618455 0.210865
6180 0.815862 0.121809 0.062328
2848 0.045271 0.686917 0.267812
2870 0.290761 0.694449 0.014790
2868 0.050165 0.538431 0.411404
2861 0.384089 0.299876 0.316035
5945 0.553782 0.141921 0.304297
5946 0.242999 0.619912 0.137090
5925 0.657646 0.216209 0.126144
3584 0.059243 0.230307 0.710450
2280 0.569887 0.057592 0.372521
2505 0.123935 0.154712 0.721353
14452 0.128725 0.843050 0.028225
14171 0.454708 0.296022 0.249271
15346 0.281070 0.044097 0.674833
14252 0.113163 0.757497 0.129340
2445 0.683241 0.091245 0.225514
16924 0.220001 0.218265 0.561733
15647 0.119165 0.286402 0.594433
14763 0.135154 0.146502 0.718344
3008 0.216416 0.187994 0.595590
1982 0.074124 0.798201 0.127674
3104 0.274600 0.703500 0.021900
13157 0.505139 0.397225 0.097637
13873 0.755403 0.157590 0.087007
16963 0.021023 0.731901 0.247076
13892 0.125305 0.798647 0.076049
3121 0.661121 0.030536 0.308343
15550 0.093243 0.623629 0.283127
2066 0.575716 0.146606 0.277678
16972 0.194436 0.262414 0.543150
3611 0.077756 0.117067 0.805177
6013 0.067257 0.692640 0.240103
16320 0.103076 0.856103 0.040822
15679 0.081812 0.610521 0.307667
5012 0.270111 0.624115 0.105773
15540 0.099993 0.126530 0.773477
3575 0.233570 0.364085 0.402345
17006 0.033953 0.157962 0.808085
4999 0.060530 0.368138 0.571332
13145 0.083449 0.380637 0.535915
13856 0.572394 0.048134 0.379471
13159 0.741259 0.010907 0.247834
2636 0.260077 0.023743 0.716179
16327 0.010492 0.006718 0.982791
16990 0.144557 0.744690 0.110752
6177 0.556513 0.427421 0.016067
17024 0.201955 0.602343 0.195702
14806 0.206741 0.773850 0.019409
2981 0.445439 0.145269 0.409293
16480 0.132729 0.787450 0.079821
10642 0.102706 0.116296 0.780998
5032 0.125010 0.031259 0.843731
2928 0.463734 0.023132 0.513134
15498 0.015217 0.367372 0.617410
2927 0.046369 0.681442 0.272188
10653 0.890071 0.034684 0.075245
5013 0.407675 0.318591 0.273734
13020 0.143142 0.279402 0.577456
17288 0.035578 0.243150 0.721272
17111 0.389084 0.329585 0.281332
16518 0.788925 0.158163 0.052913
3859 0.343081 0.122580 0.534339
6195 0.377889 0.488930 0.133181
2496 0.013155 0.769255 0.217590
2283 0.701555 0.052836 0.245609
2336 0.687900 0.172820 0.139279
16905 0.321233 0.407591 0.271175
14507 0.035756 0.513177 0.451067
2276 0.246026 0.669766 0.084208
3048 0.105224 0.295859 0.598917
17010 0.154501 0.520452 0.325047
16921 0.378827 0.385180 0.235993
3579 0.081365 0.181374 0.737261
3547 0.141694 0.719091 0.139215
3855 0.695272 0.079172 0.225556
3567 0.078481 0.048221 0.873298
17045 0.135203 0.502358 0.362439
13696 0.077480 0.360970 0.561550
14249 0.547897 0.133388 0.318716
3020 0.659286 0.121628 0.219086
5958 0.451833 0.491183 0.056984
16898 0.370498 0.319354 0.310148
13101 0.223534 0.540809 0.235657
5914 0.706243 0.094389 0.199369
3024 0.042281 0.227194 0.730525
10460 0.362407 0.460547 0.177046
10461 0.224573 0.367847 0.407580
3055 0.754569 0.160680 0.084751
16035 0.377079 0.039006 0.583915
15949 0.000000 0.433119 0.566881
15943 0.233091 0.750996 0.015913
1845 0.060077 0.150036 0.789887
16279 0.485225 0.130854 0.383921
2014 0.351485 0.140060 0.508455
17297 0.170099 0.651773 0.178128
2395 0.105955 0.027495 0.866550
17102 0.084116 0.495006 0.420878
14443 0.313526 0.619871 0.066603
15393 0.026671 0.674533 0.298796
15557 0.362658 0.609406 0.027936
2009 0.174062 0.384619 0.441319
5901 0.292781 0.196441 0.510779
5884 0.206633 0.416680 0.376687
15942 0.233211 0.579612 0.187177
4956 0.337796 0.540847 0.121357
10665 0.058289 0.622227 0.319484
17145 0.078541 0.162619 0.758840
2340 0.524586 0.148880 0.326534
15586 0.498835 0.383875 0.117290
11182 0.026703 0.513281 0.460017
15534 0.099235 0.195795 0.704970
16975 0.197162 0.744887 0.057950
13420 0.265418 0.019082 0.715500
2152 0.681705 0.274873 0.043422
3712 0.288961 0.097793 0.613246
17638 0.666610 0.257384 0.076005
5693 0.252567 0.296556 0.450877
15590 0.260468 0.144934 0.594598
3682 0.313103 0.317223 0.369674
15569 0.697719 0.235835 0.066445
2013 0.577021 0.338932 0.084047
17143 0.333327 0.560428 0.106245
2255 0.326084 0.492535 0.181381
17110 0.055819 0.042814 0.901367
17104 0.135838 0.202516 0.661646
17011 0.397441 0.320939 0.281619
13422 0.216607 0.617132 0.166261
2025 0.305626 0.290170 0.404204
16943 0.148176 0.441402 0.410421
3668 0.745381 0.107235 0.147384
6194 0.043809 0.258915 0.697277
5007 0.054673 0.296781 0.648547
2333 0.687482 0.078471 0.234047
2269 0.682822 0.257882 0.059295
17116 0.130085 0.213141 0.656774
15581 0.091332 0.901245 0.007423
3670 0.266576 0.708773 0.024651
15696 0.404346 0.153250 0.442404
17579 0.333090 0.020211 0.646699
726 0.051159 0.907022 0.041819
2252 0.970785 0.015853 0.013362
5683 0.045030 0.385819 0.569151
15624 0.335292 0.551384 0.113323
3700 0.352149 0.469210 0.178641
16445 0.226155 0.252981 0.520864
6193 0.127916 0.034845 0.837239
17574 0.767790 0.171865 0.060345
15579 0.356102 0.039072 0.604826
15578 0.670958 0.121009 0.208033
3698 0.279999 0.661463 0.058538
17136 0.627725 0.138483 0.233793
15577 0.836534 0.146357 0.017109
2265 0.304484 0.656672 0.038844
17135 0.045363 0.298630 0.656007
15606 0.788186 0.041536 0.170278
6211 0.311745 0.613306 0.074949
16460 0.846123 0.052114 0.101763
3638 0.739283 0.170613 0.090105
6208 0.154373 0.655114 0.190513
6207 0.107319 0.752224 0.140457
17063 0.193243 0.315835 0.490922
17127 0.247310 0.312024 0.440665
17128 0.399032 0.514554 0.086414
17064 0.407127 0.574927 0.017945
6068 0.664393 0.088235 0.247372
5941 0.164624 0.274921 0.560455
3628 0.198974 0.608018 0.193009
3641 0.283318 0.421471 0.295211
3629 0.567446 0.271048 0.161506
13937 0.369801 0.590882 0.039316
127 0.199262 0.576039 0.224698
15918 0.168777 0.738715 0.092508
406 0.218060 0.327511 0.454429
13753 0.046194 0.206463 0.747343
3623 0.263719 0.293120 0.443161
3637 0.767631 0.002778 0.229591
17061 0.416666 0.282939 0.300395
15881 0.241411 0.632119 0.126470
11063 0.155159 0.422578 0.422263
3864 0.727799 0.204445 0.067755
13748 0.013628 0.976081 0.010290
15842 0.449030 0.510597 0.040373
2603 0.195504 0.663416 0.141080
17131 0.230051 0.028289 0.741660
3885 0.544675 0.038097 0.417228
16444 0.041196 0.669484 0.289320
15609 0.267313 0.435484 0.297203
16490 0.179455 0.366969 0.453576
3873 0.102366 0.162320 0.735314
2263 0.360173 0.395770 0.244057
462 0.404696 0.036333 0.558972
15835 0.855242 0.129759 0.015000
11122 0.393970 0.423194 0.182836
11053 0.212560 0.088575 0.698865
17067 0.100787 0.725443 0.173770
3667 0.555395 0.160770 0.283835
16443 0.136055 0.681620 0.182325
17256 0.371164 0.511874 0.116963
3888 0.324311 0.337143 0.338546
17257 0.217877 0.291983 0.490140
17258 0.324505 0.254617 0.420878
6209 0.205813 0.005686 0.788501
3636 0.267735 0.719847 0.012418
17316 0.019051 0.270435 0.710515
14016 0.082238 0.822423 0.095339
540 0.675404 0.257528 0.067068
13755 0.234262 0.073676 0.692062
14055 0.243443 0.025343 0.731215
14092 0.266171 0.163197 0.570632
15218 0.059205 0.838806 0.101989
472 1.000000 0.000000 0.000000
3626 0.519126 0.417725 0.063148
11107 1.000000 0.000000 0.000000
13752 0.387867 0.356979 0.255154
11038 0.728565 0.187001 0.084434
13999 0.630242 0.167604 0.202154
14091 0.121666 0.275643 0.602692
714 0.142569 0.200228 0.657203
11216 0.027294 0.963681 0.009025
18197 0.025225 0.263271 0.711504
15907 0.274488 0.269982 0.455530
13930 0.447712 0.409514 0.142774
11065 0.143376 0.681490 0.175135
16460 0.056424 0.929478 0.014098
13931 0.307606 0.431734 0.260660
13934 0.201922 0.714229 0.083850
11111 0.346581 0.460748 0.192670
13935 0.236203 0.525518 0.238280
408 0.099692 0.186339 0.713969
15896 0.432171 0.078688 0.489141
557 0.107794 0.160484 0.731721
564 0.619955 0.049711 0.330334
451 0.378866 0.534361 0.086773
693 0.334262 0.451542 0.214196
568 0.157578 0.382900 0.459522
3788 0.444634 0.539763 0.015603
17582 0.431007 0.355802 0.213191
17581 0.179081 0.359574 0.461344
13911 0.295074 0.168661 0.536265
11217 0.341826 0.039607 0.618567
16791 0.204492 0.423787 0.371721
762 0.038160 0.070796 0.891044
15900 0.262151 0.703286 0.034563
17596 0.750964 0.147896 0.101139
17598 0.411178 0.218867 0.369955
13981 0.407524 0.202234 0.390242
13903 0.312676 0.379447 0.307877
5069 0.032540 0.164708 0.802752
11211 0.267184 0.106822 0.625994
11208 0.068374 0.720793 0.210834
14765 0.038511 0.245239 0.716250
11119 0.056601 0.754267 0.189132
11083 0.044997 0.857960 0.097043
11212 0.108192 0.822203 0.069605
5707 0.260739 0.446294 0.292967
5037 0.752816 0.012685 0.234499
5086 0.049405 0.277235 0.673360
17051 0.218091 0.255798 0.526111
3665 0.268033 0.235135 0.496832
14070 0.333923 0.116014 0.550063
13915 0.277275 0.451008 0.271717
17054 0.705648 0.119342 0.175010
13906 0.139034 0.805246 0.055720
14068 0.308897 0.669897 0.021206
17078 0.191723 0.597592 0.210686
5079 0.391261 0.237002 0.371736
5078 0.426309 0.391417 0.182274
17567 0.026477 0.624624 0.348899
5722 0.011829 0.806594 0.181577
17084 0.131030 0.174899 0.694071
3522 0.384489 0.378680 0.236831
15765 0.209632 0.438456 0.351911
15756 0.084786 0.104539 0.810675
5085 0.525063 0.265413 0.209524
16793 0.201268 0.322658 0.476074
11075 0.123488 0.589570 0.286943
17223 0.022105 0.257955 0.719940
16786 0.075391 0.641574 0.283034
16785 0.189662 0.122373 0.687965
17580 0.037714 0.877271 0.085015
17634 0.085376 0.116308 0.798316
3911 0.148406 0.722352 0.129242
3905 0.078512 0.252896 0.668592
17182 0.330188 0.235955 0.433856
17181 0.470590 0.266443 0.262967
17183 0.248831 0.073988 0.677181
16778 0.567311 0.208848 0.223841
16779 0.394968 0.228852 0.376179
14956 0.053336 0.899061 0.047604
5083 0.253738 0.314273 0.431988
3754 0.030900 0.682979 0.286121
17185 0.105692 0.449888 0.444420
5082 0.111989 0.391202 0.496809
17188 0.220088 0.141610 0.638302
17187 0.230125 0.170474 0.599401
15113 0.315958 0.336861 0.347181
17189 0.216682 0.417632 0.365685
17191 0.583315 0.348611 0.068074
16332 0.200512 0.147513 0.651975
5979 0.393636 0.419568 0.186796
17301 0.604592 0.195385 0.200023
5980 0.162533 0.526270 0.311198
2343 0.064460 0.881238 0.054302
2249 0.865160 0.038014 0.096827
15623 0.290329 0.435243 0.274428
2326 0.027650 0.963601 0.008749
17317 0.401284 0.182829 0.415888
3622 0.332375 0.118476 0.549149
17071 0.150033 0.839975 0.009992
15854 0.142200 0.190322 0.667478
14079 0.158301 0.272867 0.568832
14078 0.331186 0.105617 0.563196
5710 0.338766 0.633541 0.027693
759 0.150958 0.405012 0.444030
15775 0.369688 0.420402 0.209910
5070 0.155218 0.547081 0.297700
3658 0.168358 0.720121 0.111521
17619 0.011061 0.741583 0.247356
17568 0.137913 0.818465 0.043621
3748 0.464803 0.216115 0.319083
10703 0.749207 0.234576 0.016217
15368 0.174086 0.092363 0.733551
2541 0.342971 0.641793 0.015236
14472 0.150060 0.098578 0.751362
3129 0.204959 0.533278 0.261763
3054 0.691855 0.205944 0.102201
13854 0.702085 0.106969 0.190946
13854 0.162292 0.769668 0.068040
13765 0.317547 0.618576 0.063877
2273 0.280208 0.247909 0.471883
15610 0.599113 0.146864 0.254023
15611 0.244354 0.582571 0.173075
3643 0.494110 0.099152 0.406738
14052 0.685210 0.230321 0.084469
730 0.669523 0.238494 0.091983
11198 0.805181 0.106767 0.088052
14061 0.218454 0.450960 0.330587
572 0.586786 0.328929 0.084285
576 0.214851 0.098535 0.686614
569 0.089995 0.102847 0.807158
11102 1.000000 0.000000 0.000000
429 0.801601 0.099697 0.098701
5705 0.712826 0.249563 0.037610
15901 0.044833 0.705711 0.249457
15905 0.014058 0.725767 0.260175
5690 0.106683 0.728558 0.164758
3877 0.234368 0.696242 0.069390
3889 0.180590 0.469929 0.349481
15620 0.565215 0.399560 0.035225
5921 0.123949 0.333083 0.542968
16191 0.045494 0.608014 0.346492
2038 0.578113 0.028873 0.393014
3040 0.358570 0.321940 0.319490
15564 0.058798 0.546517 0.394685
5882 0.637723 0.242934 0.119343
16496 0.451031 0.529579 0.019390
16255 0.312318 0.102117 0.585565
16497 0.177461 0.115145 0.707394
16255 0.051320 0.893803 0.054877
16864 0.540660 0.170900 0.288441
16864 0.086412 0.260295 0.653293
10405 0.275165 0.258828 0.466006
10575 0.131623 0.145230 0.723147
10504 0.789102 0.063916 0.146981
5944 0.316084 0.091611 0.592304
3531 0.231347 0.230194 0.538458
3532 0.411277 0.189252 0.399471
17044 0.271028 0.438733 0.290239
10706 0.556483 0.162676 0.280841
9425 0.228851 0.524585 0.246564
9426 0.243530 0.488818 0.267652
9424 0.601043 0.000000 0.398957
13228 0.973067 0.015395 0.011537
13215 0.563856 0.003327 0.432817
2548 0.264487 0.511320 0.224193
16022 0.656397 0.140201 0.203402
16024 0.668836 0.212819 0.118345
1803 0.150225 0.618715 0.231059
2546 0.656730 0.218807 0.124463
15465 0.765092 0.160481 0.074427
15457 0.485215 0.015078 0.499707
2583 0.165793 0.512250 0.321958
2634 0.470511 0.115233 0.414256
13849 0.444359 0.075495 0.480145
13173 0.083598 0.081004 0.835398
17105 0.305207 0.066403 0.628390
2357 0.689388 0.004938 0.305675
13171 0.552103 0.045035 0.402863
