23756 0.320561 0.057182 0.622257
23915 0.505609 0.094737 0.399654
23904 0.213009 0.740472 0.046520
23829 0.653242 0.161132 0.185626
24691 0.045851 0.174503 0.779647
24670 0.245216 0.648785 0.105999
24635 0.356570 0.013080 0.630350
23840 0.389316 0.071112 0.539572
25387 0.115136 0.152841 0.732023
24547 0.403088 0.490907 0.106005
24538 0.039666 0.825495 0.134839
25832 0.015877 0.536606 0.447517
31791 0.085586 0.218875 0.695540
32031 0.034529 0.495696 0.469774
31990 0.270674 0.445854 0.283472
31978 0.556793 0.204986 0.238221
33202 0.972828 0.015504 0.011667
32749 0.235115 0.069526 0.695359
32687 0.308856 0.151989 0.539155
32678 0.446069 0.078919 0.475013
33421 0.564584 0.053955 0.381461
32918 0.462954 0.448701 0.088346
32215 0.023607 0.809202 0.167191
33436 0.606055 0.368221 0.025724
33271 0.329661 0.126363 0.543976
33298 0.080030 0.142718 0.777252
33386 0.586978 0.025392 0.387629
33413 0.203508 0.698122 0.098369
33544 0.220319 0.043773 0.735908
33513 0.050134 0.645103 0.304762
33312 0.371237 0.594388 0.034375
33558 0.134505 0.590244 0.275252
33337 0.337039 0.385540 0.277421
33519 0.028261 0.924966 0.046773
33712 0.684636 0.182208 0.133156
33682 0.634408 0.016794 0.348799
33476 0.514158 0.434922 0.050920
33454 0.045172 0.380180 0.574647
25427 0.191425 0.514019 0.294555
25456 0.008318 0.221080 0.770602
32763 0.541575 0.453177 0.005249
32737 0.590746 0.033192 0.376062
33301 0.423796 0.411262 0.164941
32732 0.066849 0.233873 0.699278
33224 0.670905 0.274051 0.055044
30232 0.324648 0.560873 0.114480
31687 0.224575 0.005978 0.769448
31726 0.605438 0.217629 0.176933
30277 0.052808 0.843551 0.103640
32561 0.424479 0.176851 0.398670
32770 0.053672 0.727493 0.218834
32569 0.479009 0.116690 0.404301
32181 0.918611 0.005314 0.076074
32597 0.058657 0.482458 0.458885
32161 0.127339 0.305641 0.567020
32405 0.472203 0.233750 0.294046
32261 0.017587 0.074953 0.907460
32297 0.098511 0.091011 0.810479
32308 0.490356 0.295723 0.213921
32676 0.460371 0.308849 0.230780
32520 0.178362 0.149720 0.671918
32336 0.275762 0.155377 0.568861
32369 0.156932 0.757570 0.085498
30303 0.385125 0.125615 0.489260
30070 0.127030 0.687097 0.185873
30267 0.041555 0.074411 0.884034
30309 0.012290 0.758228 0.229483
30256 0.157300 0.608792 0.233908
31024 0.182837 0.095013 0.722150
31688 0.438373 0.205738 0.355888
30259 0.395756 0.171336 0.432907
30055 0.156309 0.184612 0.659079
31094 0.623082 0.099506 0.277412
31046 0.403334 0.240240 0.356426
31096 0.714891 0.255094 0.030015
30989 0.267767 0.131653 0.600579
30995 0.366336 0.133643 0.500020
30862 0.586645 0.084313 0.329042
30955 0.169196 0.730659 0.100145
31692 0.005730 0.273742 0.720528
31624 0.169248 0.754264 0.076488
31584 0.557973 0.175594 0.266432
31737 0.068581 0.577183 0.354236
32896 0.073104 0.502644 0.424251
31639 0.570541 0.346283 0.083176
32891 0.678082 0.123258 0.198661
31009 0.300180 0.359693 0.340127
36317 0.213556 0.276007 0.510437
36291 0.457033 0.285521 0.257446
36318 0.624320 0.062122 0.313558
36236 0.196527 0.119573 0.683901
31063 0.299555 0.401309 0.299136
30838 0.754145 0.233227 0.012628
36354 0.225947 0.156625 0.617428
36366 0.173012 0.180432 0.646556
31608 0.162886 0.261684 0.575430
36304 0.212085 0.238209 0.549706
32826 0.120549 0.273293 0.606158
36295 0.010931 0.297300 0.691769
32656 0.597548 0.116984 0.285468
32635 0.308623 0.523686 0.167691
32652 0.378435 0.341484 0.280080
32452 0.433598 0.118574 0.447828
32140 0.117453 0.220973 0.661573
24736 0.220959 0.076223 0.702819
22782 0.585779 0.338770 0.075451
22509 0.024157 0.688112 0.287731
22934 0.377534 0.601833 0.020633
22469 0.073512 0.255562 0.670926
22477 0.543653 0.075599 0.380748
25814 0.374800 0.481949 0.143251
25788 0.024681 0.943320 0.031998
25857 0.262132 0.206309 0.531560
24580 0.438445 0.346127 0.215428
25595 0.624785 0.225840 0.149375
25576 0.011514 0.760718 0.227769
22408 0.067017 0.162208 0.770775
22325 0.116183 0.000000 0.883817
22311 0.293934 0.142484 0.563581
22737 0.000000 0.563605 0.436395
25617 0.303383 0.025306 0.671311
25609 0.402036 0.157287 0.440677
22272 0.256489 0.370212 0.373299
26086 0.405543 0.154675 0.439782
26079 0.596234 0.154732 0.249034
22259 0.233692 0.060453 0.705855
23256 0.009184 0.802921 0.187895
25532 0.283403 0.481503 0.235094
25979 0.265587 0.560875 0.173537
26026 0.300414 0.317915 0.381671
23002 0.090583 0.739011 0.170406
23006 0.651472 0.348528 0.000000
23551 0.082268 0.740665 0.177068
23629 0.377530 0.604362 0.018108
23537 0.328596 0.379843 0.291560
23562 0.456015 0.300824 0.243161
23668 0.671477 0.263594 0.064929
32079 0.218761 0.284238 0.497001
32152 0.292342 0.405874 0.301784
31966 0.259478 0.311000 0.429521
31944 0.355016 0.193916 0.451068
32168 0.012833 0.811844 0.175323
31890 0.256598 0.616347 0.127055
32006 0.009313 0.828891 0.161796
31920 0.604563 0.194879 0.200558
24425 0.389667 0.469563 0.140769
24445 0.387532 0.280095 0.332373
24396 0.008973 0.924875 0.066152
24331 0.353368 0.384424 0.262208
24303 0.398350 0.437312 0.164338
14988 0.364420 0.227224 0.408355
15502 0.079369 0.073053 0.847579
14924 0.310277 0.627222 0.062501
14998 0.404070 0.490524 0.105406
24430 0.490554 0.024973 0.484474
23804 0.376387 0.340088 0.283525
24560 0.101840 0.064313 0.833846
23880 0.229704 0.436180 0.334116
22805 0.249800 0.750185 0.000015
23151 0.831929 0.150844 0.017228
23322 0.154302 0.029959 0.815740
22817 0.239272 0.045316 0.715413
22682 0.043326 0.949796 0.006878
22207 0.593261 0.264119 0.142621
22774 0.007989 0.761289 0.230722
22684 0.761574 0.072520 0.165907
23375 0.420064 0.097554 0.482382
23382 0.772155 0.004598 0.223247
22639 0.021862 0.879148 0.098990
23357 0.299701 0.070941 0.629359
22633 0.775846 0.120988 0.103167
22587 0.100553 0.529250 0.370197
14717 0.181954 0.141000 0.677046
14482 0.854141 0.009735 0.136124
14979 0.013262 0.077321 0.909417
14930 0.181978 0.423583 0.394438
22623 0.017847 0.877984 0.104170
22573 0.327374 0.395282 0.277345
18505 0.076300 0.258030 0.665670
17841 0.266801 0.192817 0.540382
18551 0.122117 0.643039 0.234844
18558 0.240555 0.009671 0.749774
18515 0.214419 0.344232 0.441349
18177 0.255859 0.344163 0.399977
14412 0.429368 0.062445 0.508188
14352 0.286169 0.410821 0.303010
14342 0.232269 0.049469 0.718262
14327 0.178911 0.747612 0.073477
25219 0.211097 0.635142 0.153761
25234 0.286828 0.453247 0.259926
22803 0.368974 0.468860 0.162166
25246 0.181523 0.816203 0.002274
24620 0.645285 0.207692 0.147022
23791 0.044452 0.824655 0.130893
23425 0.029988 0.756512 0.213500
23327 0.350060 0.057972 0.591968
22650 0.191338 0.715325 0.093337
22715 0.691597 0.188955 0.119447
18565 0.764283 0.138673 0.097043
18545 0.676014 0.089187 0.234799
14469 0.221898 0.258697 0.519405
14708 0.455956 0.099573 0.444471
14692 0.771988 0.156462 0.071550
14354 0.006141 0.615226 0.378633
14340 0.236686 0.628424 0.134891
14346 0.160312 0.683650 0.156039
14911 0.491212 0.391922 0.116866
8534 0.632571 0.204157 0.163272
6844 0.149953 0.036793 0.813254
14807 0.009915 0.323857 0.666229
6860 0.720308 0.217713 0.061979
15302 0.021347 0.821958 0.156695
14827 0.445280 0.048336 0.506384
14817 0.178173 0.178960 0.642866
14947 0.119414 0.183036 0.697549
15430 0.152869 0.037016 0.810115
15516 0.016776 0.385245 0.597979
14992 0.196380 0.510306 0.293313
10633 0.432850 0.019411 0.547739
10573 0.045567 0.247617 0.706816
14414 0.003329 0.322868 0.673804
14457 0.765922 0.215512 0.018566
10585 0.052239 0.628880 0.318881
14688 0.497808 0.265298 0.236893
14890 0.051926 0.844040 0.104034
14338 0.332488 0.563153 0.104359
14333 0.032458 0.595476 0.372067
33372 0.146586 0.663222 0.190192
25642 0.228561 0.287356 0.484083
22304 0.060614 0.222355 0.717031
22366 0.439344 0.310696 0.249960
25873 0.000000 0.194137 0.805863
24829 0.018465 0.646259 0.335276
24990 0.050603 0.420991 0.528407
24805 0.007127 0.286776 0.706098
24808 0.479522 0.339601 0.180877
32044 0.071470 0.878513 0.050017
32058 0.126263 0.136327 0.737410
32717 0.607309 0.247914 0.144777
32194 0.293124 0.442988 0.263887
25708 0.449592 0.173609 0.376799
23057 0.242808 0.691285 0.065907
22529 0.010374 0.258933 0.730693
32283 0.292239 0.632566 0.075194
32099 0.703676 0.206411 0.089914
24516 0.268490 0.631252 0.100258
25276 0.805271 0.036875 0.157854
24252 0.250927 0.035946 0.713127
24233 0.394622 0.103713 0.501665
24282 0.162694 0.380376 0.456931
24244 0.310196 0.590232 0.099572
18171 0.205254 0.407226 0.387520
18523 0.213711 0.447865 0.338424
19383 0.150205 0.211924 0.637871
19375 0.188087 0.270321 0.541591
14389 0.222156 0.748860 0.028983
15248 0.038217 0.922989 0.038794
14841 0.032754 0.196108 0.771138
24045 0.607112 0.039931 0.352957
24110 0.772380 0.085221 0.142398
23683 0.260125 0.065255 0.674620
25139 0.207151 0.697361 0.095487
23310 0.562738 0.325010 0.112251
31802 0.229326 0.636186 0.134489
31799 0.021078 0.126187 0.852735
24531 0.258913 0.440495 0.300592
24454 0.615679 0.254475 0.129846
24351 0.318537 0.098895 0.582568
24362 0.669094 0.253384 0.077522
23370 0.531535 0.146217 0.322247
18541 0.073907 0.624141 0.301952
18531 0.472573 0.243980 0.283447
18187 0.473722 0.266363 0.259916
23368 0.609874 0.222086 0.168040
19369 0.277523 0.503838 0.218639
32998 0.032620 0.061896 0.905485
33090 0.418819 0.003490 0.577691
33073 0.200792 0.769143 0.030065
30855 0.015016 0.821958 0.163026
30811 0.148977 0.271941 0.579082
36398 0.227335 0.146181 0.626484
36382 0.785383 0.041796 0.172821
32461 0.517578 0.466785 0.015637
32464 0.230649 0.264156 0.505195
15015 0.781673 0.060547 0.157780
15368 0.476731 0.440237 0.083033
33720 0.000000 0.239666 0.760334
33608 0.000000 0.538305 0.461695
33769 0.730540 0.000000 0.269460
33614 0.244696 0.000000 0.755304
30255 0.633040 0.047775 0.319185
30113 0.443685 0.435838 0.120477
30183 0.267956 0.549225 0.182819
30179 0.137493 0.813717 0.048790
30124 0.033231 0.584624 0.382145
31766 0.532739 0.185060 0.282201
24480 0.078581 0.776042 0.145378
8550 0.705481 0.034859 0.259660
14877 0.663660 0.141432 0.194908
14868 0.007895 0.656204 0.335901
14663 0.024343 0.562400 0.413257
14670 0.253171 0.100916 0.645913
14680 0.235570 0.515814 0.248615
14682 0.016298 0.587212 0.396491
14674 0.170505 0.218848 0.610646
14678 0.212215 0.501063 0.286721
31910 0.336790 0.292013 0.371197
31881 0.852549 0.022561 0.124890
31759 0.217524 0.366964 0.415512
15375 0.143423 0.821919 0.034658
33649 0.130251 0.476522 0.393227
33053 0.161381 0.818625 0.019994
33130 0.770370 0.160197 0.069433
33667 0.119928 0.723793 0.156279
33790 0.269389 0.615419 0.115191
33653 0.580539 0.164379 0.255083
33654 0.105274 0.099088 0.795638
33823 0.188588 0.102110 0.709303
33815 0.370455 0.203966 0.425578
33782 0.611264 0.218641 0.170095
33829 0.186655 0.699238 0.114108
33195 0.727180 0.208842 0.063979
33569 0.105363 0.581009 0.313628
33570 0.224358 0.718681 0.056961
33802 0.186816 0.464582 0.348602
33805 0.453614 0.450796 0.095591
33861 0.353786 0.548938 0.097275
33750 0.000000 0.285449 0.714551
25356 0.278180 0.103154 0.618667
29266 0.159609 0.633950 0.206441
26914 0.330016 0.030794 0.639190
29375 0.348530 0.589021 0.062448
36633 0.642067 0.319540 0.038394
24470 0.402472 0.140290 0.457238
14966 0.479210 0.135682 0.385108
27914 0.670899 0.192034 0.137067
28754 0.037724 0.168995 0.793280
30059 0.284224 0.336068 0.379708
25050 0.805548 0.059283 0.135169
31816 0.208970 0.448515 0.342515
31865 0.497621 0.206891 0.295488
31861 0.286781 0.484966 0.228253
32223 0.440676 0.367460 0.191864
25390 0.705544 0.000000 0.294456
25032 0.556390 0.344402 0.099208
25085 0.753283 0.056604 0.190113
25103 0.279555 0.031025 0.689421
25200 0.226992 0.502686 0.270322
25180 0.187569 0.123962 0.688469
32218 0.090382 0.653371 0.256246
32962 0.338609 0.489551 0.171840
22496 0.518903 0.293061 0.188036
22936 0.477135 0.284890 0.237976
32930 0.367569 0.428968 0.203464
32785 0.525550 0.291046 0.183404
25405 0.170687 0.368380 0.460933
32943 0.162854 0.220765 0.616381
31831 0.404689 0.057769 0.537543
25743 0.169185 0.516206 0.314609
25570 0.301977 0.584505 0.113519
19106 0.163919 0.711531 0.124551
19400 0.388668 0.389523 0.221809
18087 0.666678 0.305877 0.027446
23476 0.355729 0.129477 0.514794
24299 0.080477 0.048142 0.871381
17880 0.948352 0.051648 0.000000
22557 0.056430 0.855280 0.088289
22693 0.074624 0.559517 0.365859
22694 0.096793 0.210523 0.692684
22696 0.024936 0.424480 0.550583
23344 0.371904 0.427459 0.200637
23345 0.364797 0.071264 0.563939
23353 0.003074 0.466098 0.530828
23333 0.315645 0.555307 0.129047
22709 0.150172 0.787230 0.062599
23404 0.330041 0.415491 0.254469
23410 0.164170 0.699600 0.136230
23697 0.436111 0.384215 0.179674
23435 0.169504 0.805117 0.025379
23442 0.391002 0.081761 0.527237
23397 0.453906 0.118223 0.427871
23482 0.726453 0.212755 0.060791
23507 0.272773 0.195076 0.532151
21836 0.428476 0.274624 0.296900
21776 0.127745 0.263366 0.608889
21766 0.133281 0.382044 0.484675
18483 0.330136 0.461459 0.208404
18413 0.388724 0.159791 0.451485
18484 0.044277 0.314727 0.640996
18491 0.494280 0.197764 0.307956
18501 0.501003 0.489387 0.009609
19395 0.396199 0.096573 0.507229
23708 0.393979 0.141880 0.464141
23463 0.258207 0.733843 0.007950
14424 0.359945 0.098398 0.541657
14359 0.149918 0.771041 0.079041
14426 0.080061 0.088278 0.831661
14429 0.057688 0.097272 0.845040
14369 0.912518 0.016427 0.071055
14409 0.514593 0.294367 0.191039
14401 0.391148 0.513735 0.095117
18001 0.633096 0.066691 0.300213
23509 0.033463 0.270177 0.696360
19327 0.334240 0.497960 0.167799
17997 0.051294 0.803242 0.145464
23702 0.234062 0.730145 0.035793
23473 0.203078 0.056654 0.740268
25317 0.282505 0.165833 0.551662
25160 0.000000 0.744433 0.255567
29220 0.043724 0.052698 0.903578
28852 0.784993 0.208247 0.006760
28191 0.710584 0.084715 0.204701
28130 0.170334 0.462867 0.366799
21754 0.193741 0.519054 0.287205
28106 0.019275 0.723471 0.257254
32321 0.265433 0.445277 0.289290
32497 0.203298 0.108590 0.688112
32988 0.286498 0.455074 0.258428
31664 0.487954 0.312972 0.199074
30189 0.120459 0.596241 0.283299
30196 0.248037 0.231933 0.520030
25998 0.000000 0.163792 0.836208
14315 0.146671 0.374970 0.478360
14848 0.796052 0.148985 0.054964
15290 0.089456 0.644396 0.266148
10522 0.775988 0.008647 0.215365
10521 0.652282 0.201123 0.146595
33147 0.345912 0.349343 0.304745
33135 0.132400 0.126244 0.741357
33600 0.668068 0.071619 0.260313
30150 0.008944 0.257176 0.733880
33662 0.078656 0.639679 0.281665
33666 0.532461 0.368383 0.099156
33154 0.451412 0.410628 0.137960
35446 0.242053 0.458453 0.299494
25628 0.033603 0.464492 0.501906
22337 0.000000 0.934501 0.065499
33041 0.086974 0.778341 0.134685
33637 0.510121 0.076171 0.413708
35308 0.096347 0.348115 0.555538
15497 0.141451 0.558824 0.299726
10829 0.453335 0.293081 0.253584
30568 0.421716 0.268930 0.309353
30554 0.316177 0.360942 0.322881
28124 0.296479 0.508550 0.194971
14377 0.097140 0.782493 0.120367
14386 0.857040 0.066016 0.076944
23452 0.476047 0.034678 0.489275
19014 0.033579 0.552820 0.413600
18418 0.517084 0.345987 0.136929
23227 0.202712 0.796010 0.001278
15401 0.464137 0.336988 0.198875
8542 0.163131 0.696972 0.139896
10512 0.487713 0.384793 0.127494
23089 0.038063 0.428613 0.533324
22341 0.126508 0.768709 0.104782
26061 0.390413 0.022765 0.586822
21770 0.006375 0.266510 0.727116
31001 0.168827 0.666475 0.164699
30870 0.283769 0.556612 0.159619
14851 0.042995 0.915391 0.041614
25320 0.293827 0.333486 0.372687
33013 0.097513 0.155412 0.747075
14317 0.528803 0.383746 0.087451
17003 0.167354 0.704451 0.128195
17793 0.305813 0.310494 0.383693
18922 0.321559 0.327622 0.350820
18921 0.460407 0.409076 0.130516
17821 0.466997 0.223857 0.309147
17798 0.665994 0.225294 0.108711
17808 0.253361 0.704820 0.041819
17817 0.566736 0.303581 0.129683
23350 0.216574 0.091354 0.692072
18011 0.503982 0.055873 0.440146
18130 0.387169 0.129944 0.482887
18124 0.412903 0.150716 0.436380
18205 0.331650 0.432412 0.235937
22558 0.032328 0.591191 0.376482
18126 0.284215 0.548228 0.167557
18250 0.110372 0.644652 0.244976
18889 0.632347 0.241470 0.126183
18587 0.103417 0.036130 0.860452
17349 0.227001 0.151035 0.621964
19185 0.017483 0.364403 0.618114
23449 0.668742 0.131627 0.199631
18085 0.704741 0.053317 0.241943
17314 0.500962 0.111196 0.387843
19150 0.173480 0.103251 0.723269
18350 0.072419 0.927581 0.000000
17562 0.000000 0.501630 0.498370
18338 0.034961 0.607537 0.357502
18374 0.803903 0.166749 0.029348
18775 0.667693 0.279120 0.053187
18631 0.094191 0.275888 0.629921
18735 0.137507 0.344140 0.518353
19079 0.360410 0.283767 0.355823
17333 0.172126 0.214504 0.613370
17320 0.928975 0.017303 0.053722
22556 0.555278 0.230996 0.213726
18893 0.621913 0.201528 0.176558
17472 0.265682 0.583106 0.151212
18786 0.523983 0.306435 0.169582
18908 0.534293 0.346337 0.119370
18915 0.223377 0.214333 0.562291
18984 0.086096 0.851262 0.062642
18986 0.131615 0.689282 0.179102
17770 0.286403 0.713597 0.000000
17944 0.093195 0.092576 0.814230
17946 0.300559 0.304642 0.394799
18991 0.294811 0.360303 0.344886
17772 0.124788 0.213494 0.661717
18968 0.630984 0.178052 0.190964
18964 0.269616 0.293730 0.436654
19216 0.426689 0.377629 0.195683
19238 0.462670 0.045146 0.492184
19246 0.432346 0.563925 0.003728
19207 0.339914 0.647653 0.012433
23492 0.115401 0.288246 0.596353
18477 0.453170 0.205720 0.341110
18610 0.269806 0.069874 0.660321
18694 0.716163 0.283837 0.000000
18816 0.743723 0.205856 0.050421
17642 0.516617 0.199509 0.283875
18850 0.400400 0.345187 0.254414
18465 0.100328 0.189743 0.709929
19167 0.564928 0.337174 0.097898
18443 0.483067 0.107998 0.408935
18601 0.013295 0.301166 0.685538
17533 0.465268 0.516208 0.018524
18688 0.302017 0.602964 0.095020
18765 0.103896 0.712724 0.183381
18880 0.322402 0.140207 0.537391
17780 0.155146 0.414790 0.430064
17765 0.167962 0.596457 0.235582
17905 0.025111 0.215309 0.759580
17553 0.093679 0.451936 0.454386
18021 0.296006 0.370643 0.333351
18743 0.074215 0.426680 0.499106
17922 0.527571 0.226726 0.245703
18097 0.680751 0.028263 0.290986
17748 0.517254 0.293587 0.189159
17918 0.771451 0.083195 0.145354
18757 0.428090 0.196844 0.375066
19226 0.515913 0.148996 0.335091
17488 0.706924 0.000000 0.293076
17270 0.042785 0.076827 0.880389
17297 0.589463 0.366287 0.044251
17292 0.114083 0.166151 0.719766
18390 0.079767 0.920233 0.000000
17031 0.545614 0.342109 0.112277
17183 0.685497 0.159390 0.155112
17033 0.420368 0.215927 0.363705
17560 0.466760 0.494011 0.039229
17372 0.265847 0.692427 0.041726
17436 0.434736 0.138880 0.426383
17325 0.107262 0.363498 0.529239
17362 0.005818 0.126175 0.868007
17146 0.018111 0.388202 0.593686
17338 0.352201 0.163530 0.484269
17076 0.262516 0.443652 0.293832
17074 0.086610 0.080892 0.832498
17429 0.361225 0.600285 0.038490
18104 0.435646 0.136570 0.427784
17790 0.548214 0.050842 0.400944
17441 0.219311 0.546265 0.234424
18108 0.770213 0.000000 0.229787
17445 0.700468 0.240203 0.059329
17048 0.287815 0.688750 0.023435
17053 0.362194 0.146945 0.490860
17001 0.446773 0.190088 0.363139
10856 0.773346 0.060213 0.166442
15523 0.220861 0.102891 0.676247
15491 0.651532 0.264405 0.084063
15534 0.118930 0.565211 0.315859
17447 0.491269 0.396653 0.112078
17073 0.523448 0.184623 0.291929
17084 0.074331 0.837025 0.088644
17058 0.226911 0.646106 0.126983
17063 0.619000 0.093171 0.287829
17280 0.303546 0.163885 0.532569
17055 0.743118 0.206106 0.050776
18426 0.252403 0.384121 0.363477
18023 0.740142 0.239416 0.020442
18710 0.839389 0.075805 0.084806
10773 0.485832 0.502446 0.011722
10698 0.202397 0.015682 0.781922
10743 0.110619 0.436333 0.453049
10781 0.303808 0.279595 0.416597
9880 0.121487 0.154453 0.724060
8943 0.204283 0.389158 0.406559
8813 0.137447 0.241012 0.621541
9951 0.935760 0.034092 0.030148
8947 0.513557 0.065002 0.421442
8937 0.303889 0.369494 0.326618
9136 0.588965 0.234512 0.176523
9272 0.849306 0.143734 0.006959
9266 0.469324 0.004000 0.526677
9130 0.270110 0.662330 0.067560
7118 0.117131 0.620281 0.262588
7060 0.525399 0.017753 0.456848
7006 0.568761 0.335398 0.095841
7168 0.284101 0.471056 0.244843
51480 0.178786 0.821214 0.000000
52364 0.668733 0.031136 0.300131
52340 0.134578 0.093230 0.772192
52313 0.219864 0.142810 0.637326
10140 0.056206 0.268634 0.675160
10147 0.014601 0.796490 0.188909
8473 0.615103 0.123371 0.261526
10684 0.441167 0.205264 0.353569
9790 0.058723 0.055333 0.885944
9789 0.126613 0.170650 0.702737
9355 0.190769 0.571329 0.237901
9348 0.029045 0.802471 0.168484
8172 0.123567 0.863707 0.012726
9832 0.126557 0.084331 0.789112
3088 0.197293 0.368820 0.433887
3095 0.615231 0.000000 0.384769
8445 0.100631 0.024751 0.874618
8135 0.072414 0.555997 0.371590
11131 0.050680 0.918168 0.031153
10987 0.465267 0.245492 0.289241
9297 0.135778 0.388099 0.476122
9303 0.241139 0.004360 0.754501
9281 0.070344 0.542689 0.386967
9241 0.268141 0.230353 0.501506
53950 0.329668 0.651369 0.018963
53936 0.600332 0.073235 0.326433
53928 0.417188 0.421236 0.161577
53930 0.039975 0.500187 0.459838
2953 0.524183 0.359082 0.116736
2916 0.002292 0.643590 0.354118
2966 0.587119 0.224640 0.188241
2946 0.421853 0.140259 0.437888
52527 0.636600 0.138946 0.224454
52624 0.116022 0.227057 0.656921
52629 0.172025 0.765115 0.062861
52520 0.201713 0.579163 0.219124
51507 0.198863 0.439983 0.361154
51504 0.407919 0.245556 0.346525
51515 0.293550 0.414315 0.292134
9244 0.025275 0.916575 0.058150
51824 0.680326 0.121460 0.198215
51826 0.047487 0.892969 0.059544
51834 0.299144 0.427455 0.273402
51830 0.151142 0.013453 0.835404
11104 0.595620 0.317455 0.086926
10995 0.092038 0.546701 0.361261
9283 0.091225 0.695600 0.213176
9309 0.018222 0.690484 0.291294
9307 0.590655 0.173100 0.236245
9294 0.734567 0.113077 0.152355
9590 0.523629 0.390572 0.085799
7374 0.161503 0.270028 0.568469
2943 0.700943 0.157303 0.141754
4557 0.682344 0.270979 0.046677
3311 0.502426 0.402034 0.095539
3320 0.282628 0.703571 0.013801
9458 0.116682 0.681251 0.202067
9448 0.130985 0.281261 0.587754
9473 0.006043 0.541908 0.452049
9698 0.074016 0.727956 0.198028
3292 0.591277 0.232939 0.175784
3281 0.031671 0.192543 0.775786
3249 0.113434 0.111078 0.775487
3262 0.538321 0.136696 0.324983
8994 0.785521 0.031259 0.183220
9005 0.377324 0.121782 0.500894
9505 0.818533 0.159072 0.022394
9662 0.236134 0.331556 0.432310
6917 0.066864 0.629873 0.303263
9666 0.640760 0.159590 0.199650
52378 0.212703 0.403313 0.383983
52434 0.662479 0.213465 0.124056
52395 0.369713 0.285622 0.344665
52368 0.133749 0.475481 0.390771
2972 0.321496 0.107019 0.571485
2915 0.253203 0.067855 0.678942
2855 0.832213 0.131269 0.036519
3239 0.243551 0.012319 0.744130
51891 0.601407 0.257914 0.140679
51975 0.401226 0.385182 0.213592
51974 0.404037 0.037659 0.558304
51890 0.557776 0.007429 0.434794
9560 0.024697 0.000486 0.974817
9567 0.266592 0.671454 0.061954
9606 0.812936 0.035179 0.151884
9551 0.506424 0.471381 0.022196
9476 0.211947 0.735070 0.052984
9688 0.194823 0.473599 0.331577
9481 0.316744 0.613852 0.069404
9846 0.239286 0.625531 0.135183
9432 0.379564 0.588940 0.031496
8987 0.296533 0.071964 0.631503
9264 0.654275 0.049767 0.295958
8927 0.301376 0.611645 0.086979
8894 0.519527 0.070972 0.409501
8910 0.073152 0.915756 0.011091
8916 0.012261 0.724863 0.262876
9870 0.251791 0.172934 0.575275
9927 0.152531 0.723791 0.123678
10870 0.492469 0.367558 0.139973
10893 0.512897 0.007218 0.479885
52374 0.083966 0.645991 0.270043
51500 0.875301 0.021955 0.102743
2862 0.455189 0.309840 0.234971
51465 0.041017 0.360383 0.598600
53138 0.360002 0.312563 0.327435
51459 0.650034 0.311527 0.038439
51663 0.040851 0.868487 0.090662
10674 0.331784 0.487199 0.181017
10143 0.092921 0.266777 0.640302
53416 0.111775 0.168534 0.719691
53417 0.261423 0.155769 0.582808
53623 0.016862 0.941792 0.041346
53416 0.177806 0.765642 0.056551
53588 0.288681 0.550384 0.160935
53413 0.394722 0.280032 0.325247
53415 0.335943 0.570915 0.093141
53410 0.478462 0.201255 0.320283
2981 0.907476 0.021894 0.070631
3010 0.007985 0.538380 0.453634
11035 0.162537 0.340776 0.496686
11065 0.549605 0.265048 0.185348
11013 0.191761 0.077602 0.730637
11029 0.239179 0.348072 0.412749
10344 0.846930 0.140408 0.012662
10337 0.404281 0.252336 0.343383
10375 0.382779 0.403198 0.214023
10385 0.037867 0.235062 0.727071
10943 0.287155 0.280836 0.432008
10329 0.094791 0.092080 0.813129
10209 0.100694 0.590920 0.308386
8430 0.861651 0.005731 0.132619
51753 0.085902 0.599485 0.314613
51749 0.913300 0.069933 0.016767
51801 0.490472 0.302449 0.207079
51838 0.098189 0.438249 0.463562
53699 0.018924 0.367226 0.613850
52036 0.093374 0.397579 0.509047
53706 0.200457 0.538815 0.260727
53705 0.275174 0.420976 0.303850
10594 0.316737 0.431042 0.252221
10247 0.007729 0.701464 0.290807
10469 0.522163 0.290499 0.187338
10432 0.084353 0.673365 0.242283
10305 0.458207 0.068333 0.473461
10301 0.166678 0.399065 0.434257
10297 0.680559 0.041134 0.278307
10033 0.533246 0.164649 0.302105
4150 0.768079 0.140443 0.091478
4115 0.096584 0.109814 0.793602
10019 0.216401 0.083289 0.700309
53588 0.206145 0.351382 0.442472
53586 0.060787 0.449398 0.489815
53412 0.257588 0.135861 0.606550
53588 0.492628 0.388956 0.118416
53591 0.139534 0.286173 0.574293
52053 0.389195 0.562220 0.048586
53733 0.068867 0.078465 0.852668
53595 0.206932 0.698767 0.094301
51786 0.306023 0.518503 0.175473
51781 0.379732 0.214411 0.405857
51817 0.193965 0.698992 0.107043
51813 0.059251 0.166153 0.774597
4532 0.587825 0.306899 0.105276
4163 0.188639 0.602581 0.208781
4379 0.574945 0.157655 0.267400
2447 0.163713 0.221329 0.614958
51982 0.235530 0.575287 0.189183
53787 0.300036 0.087077 0.612887
53751 0.379404 0.555836 0.064760
53744 0.109886 0.703811 0.186302
53452 0.012916 0.930460 0.056624
53466 0.090878 0.102988 0.806133
53465 0.080484 0.000000 0.919516
53467 0.744216 0.024118 0.231665
52020 0.510705 0.168182 0.321113
52034 0.196772 0.380357 0.422870
53800 0.341719 0.457132 0.201149
53796 0.219866 0.179621 0.600514
10232 0.319511 0.552686 0.127803
10231 0.160711 0.720857 0.118432
8386 0.294257 0.463948 0.241795
52045 0.130468 0.278520 0.591012
52083 0.239843 0.356476 0.403681
53383 0.388084 0.001254 0.610662
52073 0.086536 0.118789 0.794675
53906 0.144523 0.606212 0.249265
53904 0.790636 0.145467 0.063897
53505 0.666023 0.015590 0.318388
52030 0.331100 0.187740 0.481161
53369 0.386084 0.457582 0.156334
53489 0.430909 0.231892 0.337198
11155 0.166215 0.413401 0.420384
11147 0.418438 0.379117 0.202445
2365 0.010600 0.340270 0.649130
4289 0.342542 0.177736 0.479722
4179 0.698443 0.125851 0.175707
4180 0.045589 0.517951 0.436460
2990 0.145408 0.187347 0.667245
2751 0.636103 0.279730 0.084167
2756 0.284886 0.384008 0.331106
10554 0.820416 0.096146 0.083438
10479 0.605058 0.272391 0.122551
10474 0.531060 0.354209 0.114731
10557 0.034588 0.817736 0.147676
80047 0.000000 0.192270 0.807730
79648 0.106964 0.875384 0.017652
80089 0.080409 0.403752 0.515839
80076 0.031302 0.844595 0.124102
10483 0.361379 0.447591 0.191030
10488 0.113477 0.295411 0.591111
10543 0.552293 0.112453 0.335254
10288 0.038665 0.681777 0.279558
347 0.496319 0.417970 0.085711
359 0.206743 0.620073 0.173183
10610 0.050746 0.518364 0.430890
10600 0.269372 0.665346 0.065282
8558 0.561114 0.354630 0.084256
8566 0.155595 0.665847 0.178558
10737 0.517220 0.459038 0.023742
79637 0.180660 0.661370 0.157970
79632 0.122635 0.407094 0.470271
10548 0.441665 0.210896 0.347440
10526 0.589493 0.206732 0.203775
10516 0.416247 0.395854 0.187899
10492 0.300172 0.561280 0.138548
8450 0.615221 0.316110 0.068669
15418 0.516279 0.346195 0.137525
2869 0.066774 0.011495 0.921732
2876 0.394233 0.554719 0.051048
80342 0.389880 0.022849 0.587271
80825 0.473193 0.254221 0.272586
80811 0.465730 0.241825 0.292445
80408 0.622105 0.237006 0.140889
80737 0.854453 0.068749 0.076799
80405 0.778040 0.198374 0.023586
80828 0.625486 0.064507 0.310007
80741 0.114613 0.791904 0.093483
80105 0.091202 0.755350 0.153448
79980 0.321996 0.534476 0.143528
79998 0.207732 0.184318 0.607950
80109 0.513604 0.190690 0.295706
2733 0.124342 0.867044 0.008614
2740 0.484496 0.344950 0.170554
2934 0.407837 0.564459 0.027704
79938 0.023484 0.937134 0.039382
79933 0.538922 0.128381 0.332698
79894 0.143026 0.115648 0.741326
79890 0.519227 0.347870 0.132903
80896 0.294846 0.423310 0.281844
80971 0.751483 0.210946 0.037571
80348 0.155230 0.763794 0.080976
80599 0.049930 0.106104 0.843967
2490 0.079510 0.202302 0.718189
3802 0.023384 0.439448 0.537168
2794 0.163691 0.369813 0.466496
2679 0.153646 0.692183 0.154170
3877 0.257335 0.044405 0.698260
3865 0.233190 0.220157 0.546653
2521 0.730662 0.116467 0.152871
783 0.052773 0.213612 0.733615
821 0.106357 0.218765 0.674878
833 0.022885 0.125859 0.851256
817 0.473412 0.059368 0.467220
79558 0.328012 0.189166 0.482821
79548 0.111026 0.710940 0.178035
79155 0.093821 0.501199 0.404980
79712 0.420532 0.410087 0.169381
80832 0.502859 0.355233 0.141908
80630 0.202442 0.350201 0.447356
79834 0.488461 0.457609 0.053930
79768 0.644920 0.332726 0.022354
79367 0.287457 0.259207 0.453336
79362 0.227539 0.070881 0.701580
79465 0.093409 0.348616 0.557975
79461 0.055453 0.611386 0.333161
894 0.718812 0.213095 0.068093
910 0.244908 0.070003 0.685089
900 0.613327 0.352122 0.034551
882 0.479034 0.334703 0.186264
80724 0.247905 0.092286 0.659808
80389 0.253708 0.113441 0.632850
80401 0.517276 0.282154 0.200570
80730 0.549303 0.228901 0.221795
2742 0.042747 0.926191 0.031062
2346 0.043478 0.721072 0.235451
2392 0.073437 0.726556 0.200008
2408 0.257293 0.533307 0.209401
2386 0.202783 0.226513 0.570704
4340 0.162108 0.048682 0.789210
11056 0.501557 0.195535 0.302908
11053 0.052473 0.482479 0.465048
4312 0.895108 0.065874 0.039018
10317 0.049139 0.548847 0.402014
10314 0.736012 0.122121 0.141867
78898 0.085771 0.691660 0.222570
80949 0.407131 0.005312 0.587557
78945 0.491540 0.285569 0.222890
78888 0.767504 0.168251 0.064245
81005 0.026811 0.678035 0.295154
80866 0.157806 0.354487 0.487707
80881 0.378330 0.228473 0.393197
79918 0.457813 0.243779 0.298408
79896 0.250522 0.359450 0.390028
79383 0.310104 0.414159 0.275737
79456 0.028533 0.691486 0.279981
79048 0.657993 0.108410 0.233597
79103 0.690695 0.221327 0.087978
79111 0.055841 0.196928 0.747230
79061 0.349535 0.027793 0.622672
875 0.040059 0.552033 0.407909
742 0.067795 0.751546 0.180659
79200 0.429835 0.500399 0.069767
78561 0.681499 0.104746 0.213755
3631 0.446377 0.239370 0.314252
3647 0.471334 0.135254 0.393412
3729 0.822718 0.136206 0.041076
3636 0.537619 0.457748 0.004634
2486 0.198259 0.273202 0.528540
3351 0.503136 0.031369 0.465495
3588 0.133892 0.154270 0.711838
3601 0.621202 0.128252 0.250546
3359 0.197502 0.509735 0.292762
8609 0.408545 0.213000 0.378455
3368 0.799615 0.052313 0.148072
9856 0.088065 0.855435 0.056500
9328 0.114233 0.658175 0.227592
9583 0.149877 0.511995 0.338128
8982 0.414972 0.243534 0.341494
8334 0.241751 0.391149 0.367100
79527 0.063257 0.835095 0.101648
78970 0.238789 0.357411 0.403800
78996 0.195772 0.214591 0.589637
79011 0.728548 0.007444 0.264008
79076 0.119239 0.611877 0.268884
412 0.206370 0.288342 0.505288
2905 0.207935 0.628774 0.163291
2906 0.282701 0.357455 0.359844
8748 0.130434 0.122872 0.746694
8762 0.140559 0.715952 0.143489
7423 0.035125 0.122952 0.841923
9621 0.363218 0.014573 0.622209
80868 0.607407 0.075556 0.317036
81458 0.255501 0.683369 0.061130
79289 0.251987 0.470405 0.277609
81367 0.040273 0.801902 0.157825
81454 0.458060 0.091144 0.450796
79152 0.087989 0.602105 0.309906
79148 0.137733 0.130810 0.731457
79139 0.034155 0.814740 0.151105
79142 0.073177 0.679656 0.247167
81206 0.089654 0.127335 0.783011
81219 0.592554 0.063047 0.344400
81268 0.636481 0.037912 0.325607
81175 0.186625 0.319337 0.494038
79822 0.735449 0.110517 0.154034
81541 0.609724 0.049104 0.341172
79920 0.402705 0.525632 0.071663
81518 0.037985 0.545486 0.416529
81517 0.366975 0.033995 0.599030
80979 0.305806 0.264562 0.429632
79070 0.562839 0.226271 0.210891
79096 0.728026 0.031106 0.240868
79118 0.073189 0.153950 0.772861
79114 0.305715 0.534934 0.159351
78989 0.094983 0.559753 0.345264
78992 0.063631 0.813232 0.123138
81014 0.094827 0.621769 0.283403
81017 0.219974 0.709982 0.070044
81021 0.510700 0.299207 0.190093
81023 0.079992 0.837301 0.082707
79941 0.887671 0.063224 0.049105
81608 0.303618 0.376691 0.319691
81534 0.371229 0.574836 0.053935
81533 0.691015 0.026201 0.282784
81527 0.345542 0.515785 0.138673
81488 0.401209 0.488095 0.110697
81587 0.051153 0.230156 0.718691
81606 0.551098 0.173514 0.275389
81682 0.167578 0.313253 0.519169
81681 0.109322 0.286027 0.604651
81704 0.453854 0.318215 0.227931
81714 0.882169 0.009118 0.108712
81760 0.424365 0.240992 0.334643
81729 0.244653 0.109099 0.646248
81737 0.186498 0.118885 0.694617
81738 0.369406 0.319061 0.311533
81120 0.131490 0.525616 0.342894
81109 0.201742 0.132563 0.665695
81155 0.594764 0.176617 0.228619
81153 0.181509 0.789225 0.029266
81123 0.179392 0.308545 0.512063
81130 0.343497 0.254158 0.402344
85078 0.065174 0.397111 0.537715
82611 0.021273 0.729150 0.249577
83792 0.723661 0.064288 0.212051
85077 0.678965 0.000580 0.320456
85107 0.585063 0.120447 0.294490
83802 0.220347 0.216007 0.563646
83801 0.650713 0.189595 0.159692
83836 0.180787 0.421793 0.397420
83727 0.427048 0.361378 0.211575
83706 0.164743 0.688270 0.146987
83838 0.188429 0.569667 0.241904
83849 0.203412 0.169140 0.627448
83592 0.603044 0.000000 0.396956
83602 0.507972 0.274678 0.217350
83641 0.925202 0.029173 0.045625
82255 0.131679 0.288969 0.579352
82400 0.036743 0.093035 0.870223
84888 0.078505 0.568223 0.353273
82288 0.672066 0.324400 0.003534
82331 0.180058 0.630864 0.189078
82643 0.328289 0.369638 0.302073
82347 0.073031 0.892016 0.034953
83312 0.069041 0.176551 0.754408
83355 0.069806 0.135611 0.794584
83334 0.129520 0.580103 0.290378
83432 0.270968 0.271431 0.457601
81551 0.024689 0.048361 0.926950
81637 0.602250 0.367643 0.030107
81673 0.068660 0.559636 0.371704
81702 0.859662 0.132533 0.007805
81134 0.247579 0.638454 0.113967
81116 0.673153 0.141909 0.184938
81272 0.075938 0.646146 0.277916
81216 0.022420 0.747201 0.230378
83419 0.092447 0.683045 0.224508
83501 0.229052 0.496939 0.274010
81575 0.704547 0.130016 0.165437
81391 0.678498 0.117530 0.203972
81646 0.344246 0.615066 0.040688
81654 0.424731 0.299237 0.276033
81660 0.193378 0.269556 0.537067
81773 0.122661 0.088753 0.788586
81783 0.109950 0.270630 0.619421
81765 0.375651 0.290900 0.333449
81282 0.175224 0.474219 0.350557
81138 0.426664 0.288218 0.285118
81227 0.223928 0.640163 0.135909
81248 0.309363 0.143355 0.547281
83491 0.425095 0.475263 0.099642
84923 0.279695 0.678787 0.041518
83511 0.259358 0.425843 0.314799
83458 0.247257 0.538506 0.214237
84999 0.043478 0.201060 0.755461
83360 0.016836 0.333964 0.649200
83856 0.262727 0.030216 0.707057
85121 0.307236 0.474199 0.218565
83752 0.145450 0.691922 0.162628
82502 0.301242 0.235802 0.462956
83652 0.438286 0.341719 0.219995
84986 0.468794 0.143336 0.387870
84934 0.177221 0.414067 0.408712
84442 0.506517 0.187741 0.305742
84451 0.769080 0.119030 0.111889
82620 0.538542 0.225335 0.236123
82626 0.169146 0.322785 0.508069
84497 0.206301 0.711455 0.082243
85095 0.169988 0.301107 0.528905
85117 0.157411 0.820334 0.022255
84078 0.095311 0.504628 0.400062
84160 0.035882 0.160314 0.803804
84106 0.004811 0.544845 0.450344
83791 0.009230 0.892256 0.098514
83667 0.691092 0.193088 0.115820
83781 0.226548 0.125903 0.647549
83729 0.246878 0.008043 0.745079
83911 0.140461 0.850321 0.009217
83924 0.824125 0.139223 0.036652
83895 0.122261 0.608169 0.269570
85062 0.176315 0.323439 0.500245
85199 0.470560 0.041913 0.487528
85215 0.752246 0.102382 0.145372
84006 0.090635 0.644834 0.264531
84017 0.194347 0.250373 0.555280
84538 0.143702 0.029972 0.826326
84556 0.104917 0.251269 0.643814
84087 0.455980 0.392433 0.151587
84514 0.551324 0.273532 0.175144
82786 0.363817 0.221656 0.414527
84212 0.134459 0.157941 0.707600
84214 0.721199 0.167636 0.111165
82707 0.180962 0.420165 0.398873
84698 0.568964 0.024615 0.406421
84693 0.341437 0.618239 0.040324
84643 0.260176 0.712172 0.027652
84780 0.392109 0.119483 0.488408
84224 0.226202 0.602781 0.171017
84354 0.072933 0.766210 0.160857
84754 0.091879 0.758891 0.149230
84746 0.343703 0.591110 0.065187
82824 0.292144 0.340985 0.366871
82793 0.402553 0.094872 0.502574
84274 0.469642 0.127981 0.402376
82808 0.114880 0.443671 0.441449
83991 0.289998 0.325411 0.384590
83997 0.280214 0.301094 0.418692
83943 0.667826 0.252829 0.079345
83934 0.217361 0.138474 0.644165
85155 0.028993 0.565026 0.405982
85195 0.178902 0.415518 0.405579
84848 0.153121 0.229421 0.617458
83310 0.283784 0.004270 0.711946
84719 0.565563 0.347606 0.086831
84834 0.148568 0.697516 0.153917
84352 0.152029 0.508040 0.339931
82935 0.499099 0.123731 0.377170
84826 0.049094 0.502229 0.448677
84752 0.202029 0.718507 0.079464
83176 0.263520 0.667200 0.069280
83145 0.928923 0.069048 0.002029
82847 0.399895 0.340227 0.259877
83054 0.296306 0.322711 0.380983
85234 0.380640 0.477711 0.141649
84039 0.213399 0.569551 0.217050
83944 0.207938 0.339176 0.452886
85220 0.464386 0.084843 0.450770
85238 0.060223 0.283746 0.656031
85249 0.407310 0.381489 0.211201
83268 0.466347 0.430380 0.103273
83256 0.425481 0.260051 0.314468
83280 0.407921 0.381711 0.210368
83006 0.131262 0.558712 0.310026
82962 0.369104 0.478108 0.152789
83014 0.010381 0.885463 0.104156
83132 0.187186 0.290447 0.522367
83124 0.361004 0.090812 0.548184
83118 0.357081 0.164893 0.478026
82954 0.242673 0.630884 0.126443
83106 0.237435 0.654613 0.107952
83104 0.125905 0.813751 0.060345
83066 0.697013 0.237807 0.065180
83154 0.138366 0.830756 0.030877
84028 0.637783 0.322934 0.039282
78717 0.229849 0.217137 0.553013
78783 0.180477 0.117352 0.702171
79019 0.346824 0.292539 0.360638
78705 0.366475 0.612359 0.021167
81178 0.149683 0.587183 0.263134
79130 0.358534 0.611813 0.029653
81193 0.058145 0.293742 0.648113
81310 0.270193 0.600804 0.129003
81253 0.217692 0.172610 0.609697
82300 0.186034 0.443649 0.370318
81281 0.004525 0.866029 0.129446
82352 0.158204 0.331400 0.510396
82538 0.884637 0.082615 0.032748
84411 0.248376 0.302926 0.448698
84602 0.138029 0.492681 0.369289
84564 0.118587 0.798420 0.082993
84627 0.167579 0.561629 0.270792
84651 0.247746 0.118336 0.633918
84608 0.009776 0.837213 0.153010
83290 0.642411 0.270944 0.086645
83233 0.693076 0.024335 0.282589
83251 0.651750 0.060986 0.287264
79223 0.267621 0.111347 0.621032
79202 0.189081 0.686644 0.124274
78609 0.197265 0.115070 0.687665
78610 0.115450 0.294132 0.590418
940 0.271625 0.428165 0.300210
954 0.265275 0.470038 0.264687
897 0.472023 0.485116 0.042861
895 0.000000 0.959341 0.040659
83553 0.029997 0.882386 0.087618
81746 0.107317 0.498599 0.394084
81742 0.602130 0.088266 0.309604
81756 0.205472 0.408048 0.386480
83316 0.112464 0.254389 0.633147
83436 0.038778 0.049774 0.911448
81402 0.697510 0.125917 0.176573
81332 0.099264 0.305581 0.595155
82575 0.154732 0.255792 0.589476
82578 0.323906 0.045460 0.630634
82866 0.256533 0.486660 0.256808
82450 0.835976 0.128666 0.035358
84187 0.248832 0.412213 0.338955
84117 0.147307 0.069304 0.783389
84154 0.471159 0.512605 0.016236
84125 0.048348 0.275897 0.675755
84192 0.674516 0.114933 0.210551
81298 0.162221 0.201003 0.636776
81303 0.246357 0.288277 0.465366
81351 0.507849 0.466359 0.025792
81347 0.082806 0.688180 0.229014
4290 0.114021 0.723134 0.162845
4301 0.300039 0.642972 0.056990
9346 0.453308 0.270524 0.276168
9487 0.675226 0.066940 0.257834
9338 0.676159 0.152475 0.171366
9736 0.284147 0.398246 0.317607
9161 0.424748 0.056248 0.519004
9781 0.377626 0.360478 0.261895
9075 0.719318 0.049782 0.230901
9797 0.481405 0.214352 0.304243
51962 0.252368 0.107648 0.639985
51961 0.240495 0.398863 0.360642
8295 0.393211 0.319319 0.287471
8617 0.210984 0.202276 0.586740
8672 0.361989 0.355222 0.282789
3801 0.761353 0.208732 0.029915
212 0.453008 0.005251 0.541741
849 0.119399 0.754722 0.125879
839 0.010633 0.120041 0.869326
887 0.167342 0.254122 0.578536
1966 0.312030 0.372010 0.315960
1978 0.495298 0.415379 0.089323
1976 0.223598 0.026081 0.750321
4386 0.247589 0.172944 0.579467
4393 0.836867 0.009270 0.153863
10339 0.094480 0.030271 0.875249
10331 0.145711 0.716968 0.137321
10354 0.158933 0.207400 0.633666
10347 0.142453 0.159421 0.698126
10348 0.341033 0.092912 0.566055
