34649 0.725343 0.041689 0.232969
30864 0.057282 0.213805 0.728913
30852 0.297292 0.391553 0.311155
46584 0.525935 0.284969 0.189096
34997 0.464435 0.186204 0.349361
34497 0.406869 0.375316 0.217815
48677 0.190337 0.019226 0.790436
47229 0.602785 0.236930 0.160284
46767 0.019115 0.448940 0.531945
30255 0.244470 0.604679 0.150852
46530 0.497251 0.159456 0.343293
34524 0.165048 0.757332 0.077621
30423 0.740664 0.247177 0.012158
48611 0.818447 0.130150 0.051403
31225 0.129952 0.592568 0.277481
46520 0.444492 0.480647 0.074861
48499 0.468141 0.141494 0.390365
33982 0.088234 0.271349 0.640418
30324 0.179864 0.571822 0.248315
30203 0.327184 0.033705 0.639112
30882 0.246420 0.593153 0.160428
34759 0.102146 0.853081 0.044773
46648 0.201817 0.224601 0.573581
45309 0.765887 0.148891 0.085222
30171 0.090838 0.736887 0.172274
34054 0.426148 0.119704 0.454149
30893 0.349285 0.191972 0.458743
30195 0.206440 0.512331 0.281228
44946 0.373777 0.422397 0.203825
44909 0.328871 0.151348 0.519780
46224 0.033216 0.422049 0.544735
44308 0.355740 0.000000 0.644260
39629 0.685081 0.296298 0.018621
30080 0.509573 0.305769 0.184658
30133 0.104105 0.039089 0.856805
46091 0.088605 0.734443 0.176952
44821 0.202536 0.784583 0.012881
45031 0.840973 0.037771 0.121256
44726 0.174716 0.144963 0.680322
44582 0.224488 0.285990 0.489523
34403 0.389591 0.545507 0.064902
33975 0.721956 0.128893 0.149150
32140 0.721541 0.057150 0.221309
32171 0.006725 0.664264 0.329012
31989 0.173059 0.755312 0.071629
35121 0.428094 0.517224 0.054681
33342 0.609506 0.182600 0.207895
33347 0.056196 0.875217 0.068587
35362 0.372006 0.062137 0.565857
34121 0.909227 0.040781 0.049992
31873 0.299338 0.611829 0.088833
32062 0.692663 0.052065 0.255273
34177 0.084517 0.018568 0.896916
31904 0.067518 0.746282 0.186200
31831 0.080210 0.128414 0.791376
32034 0.071324 0.901011 0.027666
33777 0.033076 0.557408 0.409516
31915 0.027361 0.865721 0.106918
31812 0.323809 0.229456 0.446735
29693 0.186560 0.419005 0.394434
29717 0.762100 0.024486 0.213414
29907 0.012868 0.314064 0.673068
29649 0.234784 0.207616 0.557600
36477 0.419551 0.336996 0.243453
36521 0.030607 0.731037 0.238356
35310 0.255905 0.131844 0.612251
35605 0.563703 0.375228 0.061069
35257 0.617547 0.114505 0.267947
33457 0.116690 0.628745 0.254565
33283 0.670760 0.113132 0.216108
35243 0.007492 0.394165 0.598343
35542 0.230256 0.134420 0.635325
36282 0.828057 0.140112 0.031831
36320 0.314632 0.384685 0.300683
36263 0.426304 0.101149 0.472547
36179 0.048527 0.496616 0.454856
36217 0.179585 0.018286 0.802129
36422 0.250515 0.048477 0.701008
36388 0.005490 0.838340 0.156170
8546 0.100685 0.180257 0.719058
33011 0.219540 0.554962 0.225498
33049 0.409584 0.478601 0.111815
33494 0.273412 0.282930 0.443658
32691 0.140546 0.788803 0.070651
32973 0.016687 0.063305 0.920008
32646 0.937505 0.008639 0.053856
33419 0.782037 0.001628 0.216335
32575 0.542342 0.228978 0.228679
32917 0.342451 0.260422 0.397127
32547 0.070575 0.165768 0.763658
33148 0.076870 0.650216 0.272914
33110 0.156155 0.840773 0.003073
33092 0.905796 0.026593 0.067612
32480 0.852097 0.034455 0.113448
32517 0.292767 0.706009 0.001224
32105 0.268433 0.029613 0.701955
32363 0.277970 0.629671 0.092360
31887 0.707263 0.244153 0.048584
31746 0.431044 0.534483 0.034473
31736 0.349130 0.557486 0.093384
31717 0.224235 0.666243 0.109523
31728 0.072732 0.021620 0.905648
29646 0.351784 0.326778 0.321438
34933 0.541834 0.217935 0.240231
41838 0.033208 0.251906 0.714886
42244 0.198302 0.312106 0.489592
42514 0.019068 0.056703 0.924229
42488 0.225907 0.151139 0.622955
42272 0.346817 0.413778 0.239405
42299 0.257205 0.000000 0.742795
30773 0.075360 0.060602 0.864037
42794 0.325879 0.075157 0.598963
46960 0.651879 0.286522 0.061599
46774 0.108783 0.823932 0.067285
30737 0.010584 0.732626 0.256790
34570 0.834102 0.102135 0.063764
43475 0.324715 0.576384 0.098902
43183 0.380455 0.334735 0.284810
39982 0.061410 0.791527 0.147064
40107 0.102320 0.297030 0.600650
40039 0.004619 0.756806 0.238574
46920 0.215043 0.335234 0.449723
41886 0.712769 0.101117 0.186115
41676 0.120845 0.230189 0.648966
41931 0.696124 0.189501 0.114374
42139 0.537250 0.037768 0.424982
41126 0.000000 0.964152 0.035848
41508 0.150181 0.785500 0.064319
41212 0.465724 0.071694 0.462582
40840 0.773614 0.180189 0.046197
40619 0.660066 0.156333 0.183601
40550 0.126989 0.046721 0.826289
34607 0.612534 0.174344 0.213122
34662 0.188113 0.690781 0.121106
34585 0.525065 0.359174 0.115761
47030 0.870478 0.016238 0.113284
46867 0.054119 0.782688 0.163193
31240 0.055047 0.000000 0.944953
33860 0.254881 0.660179 0.084940
31257 0.894405 0.090862 0.014733
33751 0.215613 0.200293 0.584095
31269 0.002059 0.891665 0.106276
30376 0.202765 0.567452 0.229784
32079 0.652073 0.060353 0.287574
31194 0.277414 0.190561 0.532024
46747 0.044194 0.812546 0.143260
31543 0.510407 0.470844 0.018749
46809 0.248983 0.293020 0.457996
31042 0.125420 0.458538 0.416042
46801 0.171025 0.000585 0.828390
7066 0.492305 0.320877 0.186818
7342 0.318206 0.098121 0.583672
6347 0.147252 0.311770 0.540978
7085 0.325046 0.125809 0.549145
48637 0.427452 0.071353 0.501196
30680 0.135806 0.042492 0.821702
30672 0.099547 0.780870 0.119583
31448 0.011478 0.262735 0.725787
29011 0.536632 0.001735 0.461633
31466 0.070451 0.176051 0.753498
46318 0.122339 0.750846 0.126815
29522 0.752906 0.242746 0.004349
28991 0.026415 0.918951 0.054634
31370 0.565852 0.057001 0.377147
31350 0.170483 0.608749 0.220768
28997 0.045471 0.398819 0.555710
29341 0.290321 0.066519 0.643161
29508 0.902009 0.087983 0.010008
29295 0.385946 0.458046 0.156008
29342 0.396435 0.103405 0.500161
29299 0.006647 0.779935 0.213417
29334 0.224620 0.193835 0.581545
7792 0.366467 0.094583 0.538950
47328 0.746066 0.047714 0.206220
48495 0.078342 0.553247 0.368411
7756 0.386648 0.491255 0.122097
29381 0.757120 0.093142 0.149738
29337 0.636326 0.120778 0.242897
29541 0.180979 0.465782 0.353239
29417 0.044006 0.866564 0.089430
29202 0.374034 0.116214 0.509752
29204 0.349447 0.357830 0.292723
29531 0.230441 0.393108 0.376452
29153 0.133160 0.134873 0.731967
29492 0.050599 0.242408 0.706993
29489 0.441709 0.447263 0.111028
29053 0.706697 0.291762 0.001541
29057 0.046798 0.089956 0.863246
35017 0.030245 0.777641 0.192114
42347 0.200901 0.221976 0.577124
42563 0.331792 0.477282 0.190926
30793 0.087356 0.634052 0.278592
30640 0.083865 0.023584 0.892551
46399 0.088831 0.724313 0.186856
47295 0.524839 0.186525 0.288637
8797 0.373777 0.553247 0.072976
48807 0.681277 0.043891 0.274832
29127 0.720360 0.144603 0.135037
29393 0.155413 0.656865 0.187722
29561 0.376445 0.590300 0.033255
28957 0.668552 0.169394 0.162054
7739 0.066613 0.652123 0.281263
29312 0.168785 0.140520 0.690694
29030 0.037429 0.332041 0.630530
29316 0.550496 0.249431 0.200073
29511 0.478968 0.301211 0.219821
7087 0.036220 0.926201 0.037580
7226 0.244532 0.673088 0.082380
7144 0.418193 0.557820 0.023986
7103 0.007429 0.502009 0.490562
7203 0.596522 0.178035 0.225442
7197 0.079951 0.326039 0.594011
7076 0.088127 0.235674 0.676199
7097 0.236669 0.731414 0.031918
7252 0.890950 0.000000 0.109050
7012 0.698835 0.145310 0.155855
7008 0.134819 0.608989 0.256192
7356 0.741206 0.000328 0.258466
7501 0.244231 0.682221 0.073548
6326 0.228381 0.639995 0.131624
29032 0.152397 0.725854 0.121749
38546 0.288809 0.523664 0.187527
6987 0.805178 0.077749 0.117073
7786 0.482335 0.428550 0.089115
7720 0.490109 0.496282 0.013609
29075 0.122841 0.652587 0.224573
29076 0.336558 0.382629 0.280813
34895 0.601388 0.277770 0.120842
40336 0.243362 0.162120 0.594518
40385 0.382674 0.127541 0.489785
40467 0.559580 0.404750 0.035670
40414 0.567481 0.355612 0.076907
45270 0.070849 0.722759 0.206392
48571 0.235037 0.388322 0.376640
43889 0.180401 0.223919 0.595679
45291 0.571059 0.319785 0.109156
34004 0.199934 0.401969 0.398096
30223 0.200379 0.374652 0.424969
30333 0.394635 0.307005 0.298360
34416 0.415802 0.226860 0.357338
42833 0.926712 0.037232 0.036056
42806 0.190336 0.106536 0.703128
42849 0.482371 0.360501 0.157128
34300 0.210160 0.476325 0.313515
30460 0.151872 0.015663 0.832465
31218 0.849225 0.148931 0.001844
30785 0.611307 0.205178 0.183515
29257 0.193665 0.338259 0.468076
45762 0.074314 0.902686 0.023000
29390 0.613152 0.282764 0.104084
29346 0.732098 0.173814 0.094089
29170 0.411672 0.282652 0.305676
29527 0.572110 0.325798 0.102092
29538 0.664688 0.112499 0.222813
29268 0.334886 0.312685 0.352429
29081 0.089715 0.320547 0.589738
7193 0.245759 0.024530 0.729711
7079 0.640244 0.213695 0.146061
45919 0.081406 0.072834 0.845761
46006 0.534324 0.273166 0.192510
31405 0.502547 0.066774 0.430679
34197 0.198180 0.050849 0.750970
30247 0.489910 0.092705 0.417385
34267 0.406633 0.299875 0.293492
8511 0.339031 0.176155 0.484815
46446 0.067101 0.668441 0.264458
34244 0.122565 0.808419 0.069016
31521 0.189693 0.301265 0.509042
46828 0.669355 0.257058 0.073587
29502 0.390955 0.570482 0.038563
29395 0.351794 0.433406 0.214800
29164 0.053361 0.622377 0.324262
29175 0.299913 0.376641 0.323446
29201 0.098895 0.666501 0.234604
29273 0.269262 0.546634 0.184105
32049 0.089790 0.692252 0.217958
32019 0.250103 0.734416 0.015481
31972 0.062096 0.369822 0.568082
32763 0.750404 0.136415 0.113181
32720 0.262802 0.434048 0.303150
29670 0.671928 0.257222 0.070850
32298 0.477596 0.265698 0.256706
30566 0.185077 0.543870 0.271053
30385 0.524333 0.202192 0.273475
6374 0.439265 0.560735 0.000000
7062 0.140850 0.501776 0.357373
45434 0.096781 0.054392 0.848826
45444 0.138857 0.660654 0.200488
45405 0.000000 0.147715 0.852285
45534 0.610173 0.124911 0.264916
35294 0.816338 0.059542 0.124120
35417 0.368855 0.497508 0.133637
35441 0.100360 0.563633 0.336007
35714 0.432356 0.488033 0.079610
35679 0.169486 0.707766 0.122749
31020 0.041166 0.419674 0.539160
7892 0.030398 0.543729 0.425874
7234 0.294011 0.503268 0.202721
7446 0.286232 0.549814 0.163954
7772 0.490172 0.165253 0.344575
7795 0.276534 0.418108 0.305357
7781 0.245188 0.183065 0.571747
29278 0.319334 0.032126 0.648540
29191 0.049347 0.790272 0.160381
29322 0.545189 0.404902 0.049909
7774 0.117244 0.000000 0.882756
33697 0.525634 0.242116 0.232250
7844 0.208351 0.027433 0.764216
7819 0.199060 0.385355 0.415585
7811 0.037136 0.414135 0.548729
46046 0.069666 0.291084 0.639250
44221 0.502739 0.311223 0.186038
8941 0.325414 0.267634 0.406951
44808 0.849791 0.000000 0.150209
44393 0.606070 0.315555 0.078375
44411 0.100499 0.574516 0.324985
44144 0.374556 0.228457 0.396987
45326 0.620739 0.000000 0.379261
43964 0.129319 0.627606 0.243076
45607 0.217724 0.564965 0.217311
45335 0.171557 0.520792 0.307651
44122 0.005127 0.621382 0.373491
46040 0.357378 0.282730 0.359893
45357 0.024548 0.916605 0.058848
45392 0.000000 0.523820 0.476180
45400 0.112925 0.598346 0.288729
45450 0.113134 0.486353 0.400514
45446 0.620627 0.255792 0.123581
44720 0.059942 0.687195 0.252863
24121 0.345881 0.286527 0.367593
24136 0.574669 0.266072 0.159258
24648 0.126892 0.873108 0.000000
23989 0.019626 0.151408 0.828966
7854 0.111079 0.053965 0.834956
7883 0.009068 0.590848 0.400084
44498 0.069791 0.594035 0.336174
44523 0.063019 0.374022 0.562960
35514 0.365540 0.416668 0.217792
41629 0.707863 0.087463 0.204674
30239 0.469417 0.434928 0.095656
34712 0.123403 0.228197 0.648400
30214 0.143697 0.724694 0.131608
47191 0.197128 0.223111 0.579760
30713 0.354395 0.486288 0.159317
41395 0.369993 0.569009 0.060997
45169 0.254038 0.321112 0.424850
40972 0.270219 0.425352 0.304429
40777 0.306204 0.396235 0.297561
45125 0.062880 0.868793 0.068327
34783 0.468677 0.282719 0.248604
43273 0.544767 0.276863 0.178370
42684 0.343126 0.307841 0.349033
42603 0.403401 0.580146 0.016454
30728 0.914990 0.077365 0.007644
47207 0.080619 0.917314 0.002067
46888 0.343160 0.245204 0.411636
46869 0.092846 0.000000 0.907154
34729 0.212229 0.209106 0.578665
43370 0.766505 0.066374 0.167122
34508 0.649322 0.242318 0.108360
38529 0.500939 0.000000 0.499061
37470 0.423948 0.493578 0.082474
38912 0.271360 0.330619 0.398021
30942 0.478020 0.166744 0.355236
36809 0.094336 0.438751 0.466914
37747 0.781571 0.089934 0.128495
8469 0.742886 0.232932 0.024182
29215 0.275836 0.558144 0.166020
29386 0.065057 0.823013 0.111930
47250 0.061824 0.737277 0.200899
29208 0.740391 0.058370 0.201239
29348 0.253655 0.070991 0.675354
28966 0.290143 0.107506 0.602352
29368 0.779710 0.058493 0.161797
29350 0.845094 0.045906 0.109000
8485 0.379847 0.374721 0.245432
29219 0.345283 0.600218 0.054499
31438 0.422032 0.244786 0.333181
29290 0.250520 0.215093 0.534387
29216 0.812924 0.022836 0.164240
29002 0.181184 0.242015 0.576800
38955 0.160098 0.130666 0.709236
31599 0.215275 0.234790 0.549936
39242 0.289761 0.210975 0.499264
9617 0.166121 0.760682 0.073197
9317 0.184985 0.809636 0.005380
29563 0.072228 0.671129 0.256643
29547 0.265105 0.214514 0.520381
29027 0.125102 0.237820 0.637078
29110 0.732463 0.064337 0.203200
29550 0.334434 0.065043 0.600523
29558 0.025079 0.201347 0.773574
34228 0.039773 0.150844 0.809384
46700 0.109182 0.638838 0.251981
29495 0.105508 0.583021 0.311471
29059 0.391186 0.080844 0.527970
29037 0.198298 0.638886 0.162817
29115 0.033792 0.452005 0.514204
29083 0.494857 0.463698 0.041444
29102 0.187390 0.786089 0.026520
29260 0.177742 0.064593 0.757665
37235 0.094735 0.101995 0.803270
38886 0.373248 0.446312 0.180439
39304 0.674836 0.325164 0.000000
39323 0.211768 0.482686 0.305546
34201 0.037151 0.845481 0.117368
46754 0.932212 0.032561 0.035227
44166 0.320419 0.272659 0.406922
44027 0.044025 0.918559 0.037416
24112 0.520030 0.228483 0.251487
44012 0.221441 0.119108 0.659451
9307 0.287707 0.699209 0.013085
9311 0.283374 0.691323 0.025304
9321 0.236086 0.676041 0.087873
9387 0.292874 0.325632 0.381494
29842 0.147115 0.030384 0.822500
29600 0.105808 0.338845 0.555347
32086 0.120134 0.332367 0.547500
31950 0.495198 0.249936 0.254867
33567 0.166396 0.217232 0.616372
33553 0.348553 0.607267 0.044180
41458 0.013456 0.353608 0.632936
29088 0.739869 0.008476 0.251655
7081 0.580535 0.117570 0.301895
6990 0.115636 0.809617 0.074747
5552 0.565900 0.135062 0.299038
3458 0.534632 0.277460 0.187908
34798 0.788848 0.206205 0.004948
34811 0.617965 0.204213 0.177821
45344 0.487693 0.512307 0.000000
35644 0.341953 0.506033 0.152014
45659 0.028608 0.627321 0.344071
45359 0.650529 0.213029 0.136442
44151 0.430438 0.492031 0.077531
8452 0.268009 0.049667 0.682324
40245 0.651279 0.062648 0.286073
40213 0.493981 0.015701 0.490318
8654 0.242401 0.723362 0.034237
44799 0.412019 0.081283 0.506698
24172 0.638304 0.125772 0.235924
7428 0.599842 0.275012 0.125146
7489 0.317551 0.231153 0.451296
15531 0.550528 0.150853 0.298619
35725 0.009299 0.265157 0.725544
27332 0.620791 0.024175 0.355034
29194 0.617665 0.048163 0.334172
29247 0.007479 0.120328 0.872193
47246 0.109941 0.741273 0.148786
39436 0.057397 0.764481 0.178122
37987 0.280999 0.123138 0.595863
29221 0.152834 0.183822 0.663344
7256 0.021160 0.793781 0.185059
7306 0.121431 0.441251 0.437317
7031 0.100113 0.792990 0.106897
43418 0.183443 0.500579 0.315979
42995 0.463342 0.250455 0.286203
41727 0.552771 0.242290 0.204939
9637 0.032831 0.038889 0.928280
36229 0.227715 0.434747 0.337538
36438 0.133274 0.174171 0.692555
7091 0.271854 0.368634 0.359511
31329 0.000000 0.458735 0.541265
44106 0.202740 0.354593 0.442667
29192 0.307942 0.300901 0.391157
36924 0.184381 0.451457 0.364162
37259 0.472316 0.000000 0.527684
37998 0.030588 0.471510 0.497902
37263 0.081886 0.041994 0.876120
37287 0.627237 0.248109 0.124654
37292 0.806170 0.069201 0.124629
38059 0.225887 0.556362 0.217752
38069 0.438142 0.184658 0.377200
8470 0.170924 0.256535 0.572541
38021 0.845193 0.075452 0.079355
38056 0.131397 0.039081 0.829522
38065 0.402286 0.219290 0.378424
38070 0.068751 0.560669 0.370580
47251 0.095720 0.553755 0.350525
38124 0.133679 0.593534 0.272787
38134 0.100339 0.098262 0.801398
38173 0.470491 0.411843 0.117666
38187 0.333443 0.267019 0.399538
38250 0.231356 0.179940 0.588704
38183 0.126724 0.841487 0.031789
39285 0.623382 0.282942 0.093676
37092 0.640260 0.327170 0.032570
38319 0.278377 0.683438 0.038185
38257 0.420202 0.243109 0.336690
38383 0.180539 0.300784 0.518677
38390 0.210527 0.158250 0.631223
38459 0.346396 0.341396 0.312207
38467 0.176796 0.337354 0.485850
38529 0.623916 0.000000 0.376084
38534 0.611675 0.128421 0.259904
37342 0.000000 0.808394 0.191606
37354 0.359580 0.030689 0.609731
38170 0.146757 0.495742 0.357502
38161 0.181099 0.045116 0.773785
28964 0.328693 0.247385 0.423922
38124 0.718959 0.086561 0.194479
36933 0.017651 0.169162 0.813187
38992 0.465343 0.240213 0.294444
37139 0.539550 0.162313 0.298137
37960 0.169183 0.815983 0.014834
37875 0.594649 0.238983 0.166369
37848 0.734204 0.064455 0.201341
37049 0.284052 0.586079 0.129869
39477 0.275558 0.550029 0.174413
48723 0.402030 0.402648 0.195322
38777 0.081347 0.202632 0.716021
39463 0.237016 0.628389 0.134594
48800 0.703320 0.014900 0.281780
37684 0.808795 0.191205 0.000000
37134 0.380094 0.512388 0.107518
36942 0.812700 0.187300 0.000000
37082 0.274309 0.171150 0.554541
37903 0.609525 0.378345 0.012130
38896 0.024109 0.492005 0.483885
38511 0.850126 0.000000 0.149874
37423 0.729347 0.102175 0.168478
37441 0.060518 0.900231 0.039250
37550 0.623165 0.203641 0.173194
37227 0.000000 0.000000 1.000000
37712 0.108668 0.115444 0.775889
28963 0.247194 0.163301 0.589505
38720 0.455732 0.264822 0.279446
37664 0.220469 0.029608 0.749924
38361 0.297292 0.589874 0.112834
37327 0.729713 0.143102 0.127185
37424 0.647565 0.267231 0.085204
38526 0.712801 0.002690 0.284508
37039 0.723684 0.079334 0.196983
37768 0.249599 0.576076 0.174325
37605 0.645291 0.323713 0.030995
39227 0.261904 0.443821 0.294275
38506 0.549387 0.072148 0.378465
37512 0.500717 0.224375 0.274908
38489 0.071015 0.489916 0.439069
37913 0.765642 0.094204 0.140155
37112 0.285880 0.654767 0.059353
37521 0.618511 0.099553 0.281936
37060 0.606187 0.393813 0.000000
37937 0.272747 0.233598 0.493655
37079 0.159507 0.159118 0.681375
38418 0.379537 0.351663 0.268799
38354 0.244368 0.176390 0.579242
38221 0.737782 0.057834 0.204384
38197 0.604113 0.388848 0.007039
38450 0.266784 0.083393 0.649823
38436 0.132473 0.108221 0.759306
38439 0.013804 0.082033 0.904163
38366 0.221096 0.353427 0.425477
38364 0.390039 0.125878 0.484083
38293 0.357477 0.563734 0.078789
38288 0.062660 0.360102 0.577238
38236 0.347785 0.089784 0.562432
38302 0.054227 0.464597 0.481176
38209 0.146456 0.150454 0.703090
38233 0.541379 0.370911 0.087709
38234 0.160053 0.328724 0.511222
38228 0.117347 0.800319 0.082334
38233 0.157344 0.696259 0.146397
37266 0.000000 0.670994 0.329006
37258 0.000000 0.694001 0.305999
38115 0.711791 0.087584 0.200625
37271 0.419090 0.334832 0.246078
38046 0.334886 0.334436 0.330677
37268 0.236549 0.763451 0.000000
38047 0.162763 0.369279 0.467958
37217 0.282733 0.088664 0.628603
6954 0.000000 0.880232 0.119768
7350 0.499296 0.265229 0.235475
7028 0.526175 0.436810 0.037015
6336 0.788927 0.211073 0.000000
38093 0.188292 0.242623 0.569085
38092 0.489437 0.454681 0.055882
38112 0.156102 0.407923 0.435975
38087 0.044706 0.281829 0.673465
38225 0.449392 0.208197 0.342411
38229 0.085420 0.590682 0.323898
38086 0.058027 0.426115 0.515859
37928 0.043689 0.417960 0.538351
39468 0.249257 0.264771 0.485972
8752 0.109163 0.234807 0.656030
5509 0.232577 0.589802 0.177621
5504 0.555751 0.047860 0.396389
4918 0.877373 0.011134 0.111493
6946 0.040948 0.813298 0.145754
71103 0.203001 0.750440 0.046559
68884 0.075329 0.117395 0.807276
68879 0.565351 0.226678 0.207971
71101 0.673432 0.080562 0.246006
69343 0.030330 0.642033 0.327637
70876 0.180202 0.377577 0.442221
71072 0.798656 0.130212 0.071133
69843 0.734747 0.168854 0.096399
69845 0.606553 0.120542 0.272905
69851 0.100424 0.554885 0.344691
69716 0.004879 0.972715 0.022406
69239 0.524275 0.418307 0.057417
69276 0.842092 0.045838 0.112070
71675 0.456309 0.094362 0.449329
68928 0.168882 0.620969 0.210149
70220 0.481539 0.151195 0.367266
70219 0.489036 0.250703 0.260261
70229 0.181771 0.049775 0.768453
5058 0.112102 0.648291 0.239607
5501 0.155854 0.045873 0.798272
5065 0.103381 0.411291 0.485328
3424 0.207334 0.743101 0.049566
70139 0.053065 0.332556 0.614379
68901 0.100034 0.770997 0.128969
69697 0.224270 0.305746 0.469983
68900 0.316185 0.633569 0.050246
5898 0.521777 0.296566 0.181657
3494 0.056096 0.126441 0.817463
6065 0.256195 0.504458 0.239347
3499 0.457416 0.509120 0.033463
70983 0.744330 0.254944 0.000726
6050 0.209178 0.010997 0.779825
5842 0.283964 0.338458 0.377578
70018 0.255856 0.435869 0.308275
70889 0.384649 0.033676 0.581675
69838 0.985090 0.000000 0.014910
69838 0.009346 0.890432 0.100222
70890 0.014230 0.861806 0.123964
72480 0.253278 0.505925 0.240797
71989 0.358420 0.196108 0.445472
72085 0.047354 0.358769 0.593877
72158 0.096590 0.652650 0.250759
3018 0.198258 0.800779 0.000964
3277 0.088435 0.116740 0.794825
2891 0.908827 0.081408 0.009765
2500 0.241351 0.750326 0.008323
71321 0.330354 0.453260 0.216385
71418 0.052145 0.945240 0.002615
70098 0.224301 0.137303 0.638395
71005 0.089971 0.132416 0.777613
70181 0.181807 0.437673 0.380521
70906 0.123467 0.220850 0.655683
70908 0.273119 0.000000 0.726881
70164 0.719302 0.250544 0.030153
70456 0.236500 0.506959 0.256541
70455 0.345363 0.328288 0.326349
70966 0.235992 0.111111 0.652897
70969 0.559482 0.226874 0.213644
70971 0.291272 0.120094 0.588634
70016 0.234172 0.512149 0.253679
70164 0.024143 0.673174 0.302683
70897 0.213304 0.398253 0.388443
70045 0.015638 0.966725 0.017637
70893 0.424765 0.153164 0.422071
69636 0.014879 0.265947 0.719174
69470 0.274128 0.472020 0.253852
3089 0.024543 0.206367 0.769090
3121 0.258900 0.706952 0.034148
3098 0.097075 0.617198 0.285727
3139 0.005817 0.940797 0.053385
5297 0.196363 0.280661 0.522976
6229 0.397327 0.452084 0.150589
5198 0.149600 0.290240 0.560160
5229 0.467352 0.285738 0.246910
3137 0.206056 0.783378 0.010566
3159 0.119346 0.314168 0.566486
3140 0.249931 0.386145 0.363924
3184 0.701346 0.044871 0.253783
69887 0.353064 0.290137 0.356799
69889 0.037110 0.732329 0.230561
68903 0.566105 0.146194 0.287701
69715 0.197293 0.322284 0.480423
69612 0.318480 0.158728 0.522791
69660 0.007371 0.396961 0.595668
70120 0.251172 0.679121 0.069707
70121 0.044946 0.273336 0.681718
70548 0.113904 0.477808 0.408288
70222 0.282233 0.647090 0.070677
3305 0.046961 0.834081 0.118958
3307 0.359985 0.232588 0.407427
3145 0.743107 0.238138 0.018755
3148 0.095992 0.621373 0.282635
70519 0.055743 0.484330 0.459927
70483 0.584682 0.000000 0.415318
70517 0.429502 0.543434 0.027064
70518 0.425224 0.111699 0.463076
69546 0.054306 0.000000 0.945694
69626 0.615075 0.117879 0.267046
71615 0.367325 0.430743 0.201932
69526 0.637143 0.317732 0.045125
69585 0.168041 0.757380 0.074580
69453 0.295234 0.669195 0.035571
6182 0.024611 0.448669 0.526720
5353 0.395231 0.123690 0.481079
69594 0.026164 0.177859 0.795977
69836 0.794293 0.076940 0.128767
69846 0.525027 0.096067 0.378906
69319 0.034015 0.007690 0.958295
71114 0.930581 0.038977 0.030442
71132 0.929892 0.038141 0.031967
69338 0.666612 0.201233 0.132155
69324 0.091244 0.843029 0.065728
69315 0.195820 0.744235 0.059946
7331 0.177971 0.550321 0.271708
6969 0.019656 0.951850 0.028494
70904 0.306414 0.103210 0.590377
70179 0.155636 0.242161 0.602202
3051 0.228635 0.324228 0.447136
69986 0.188478 0.760873 0.050649
70338 0.435355 0.067156 0.497489
70354 0.051993 0.022689 0.925318
69364 0.512253 0.365366 0.122381
5383 0.156376 0.595649 0.247975
5518 0.600560 0.000000 0.399440
70391 0.279341 0.609914 0.110745
70405 0.079471 0.313677 0.606853
70405 0.092841 0.871046 0.036113
68936 0.072499 0.896528 0.030973
70252 0.818192 0.181808 0.000000
70416 0.156735 0.298389 0.544876
70417 0.681074 0.212738 0.106188
70259 0.395372 0.367629 0.236999
3245 0.007666 0.117104 0.875230
3225 0.145444 0.818155 0.036401
69927 0.036377 0.230198 0.733425
70611 0.528097 0.441745 0.030158
70010 0.231103 0.309450 0.459447
69923 0.215939 0.400883 0.383178
5110 0.289762 0.569596 0.140642
5621 0.178134 0.138898 0.682968
5623 0.421052 0.189119 0.389829
4982 0.471495 0.484182 0.044324
69410 0.339308 0.202042 0.458650
69371 0.078034 0.268235 0.653730
69399 0.503144 0.400116 0.096740
68887 0.109348 0.082158 0.808494
69418 0.585693 0.348236 0.066071
69420 0.129074 0.527767 0.343159
70448 0.435655 0.140111 0.424234
70670 0.236807 0.254784 0.508409
70443 0.326514 0.247635 0.425851
70255 0.200767 0.427584 0.371649
70248 0.169398 0.326363 0.504240
70450 0.404339 0.290485 0.305176
4951 0.604646 0.203635 0.191719
5497 0.168200 0.347762 0.484038
4955 0.348509 0.007791 0.643700
3431 0.059519 0.166953 0.773528
5149 0.207562 0.019004 0.773433
5149 0.776694 0.122531 0.100775
5142 0.657000 0.258303 0.084697
5703 0.175655 0.532990 0.291355
5718 0.048340 0.151924 0.799736
5733 0.259267 0.106660 0.634072
5032 0.715178 0.162243 0.122579
70253 0.740941 0.034809 0.224250
70419 0.149681 0.408135 0.442184
70419 0.055708 0.026511 0.917780
70419 0.893773 0.082468 0.023758
70421 0.413344 0.132371 0.454286
70253 0.120834 0.256225 0.622941
70435 0.003621 0.180225 0.816153
70623 0.648378 0.297734 0.053888
70433 0.582917 0.063840 0.353243
70663 0.009486 0.468216 0.522298
70667 0.151828 0.265885 0.582287
70441 0.525251 0.199950 0.274799
3443 0.138656 0.089116 0.772228
5731 0.160138 0.180145 0.659717
5720 0.278404 0.678303 0.043292
5325 0.080908 0.248468 0.670624
70117 0.580371 0.248500 0.171130
70522 0.101100 0.044288 0.854611
70529 0.316258 0.558343 0.125399
70114 0.437212 0.273791 0.288997
72051 0.455237 0.016600 0.528162
72052 0.723057 0.104241 0.172702
72022 0.142693 0.148050 0.709257
72022 0.564536 0.417161 0.018303
71282 0.456693 0.438621 0.104686
71523 0.610093 0.113428 0.276480
71188 0.141616 0.332412 0.525973
71165 0.046823 0.913744 0.039433
5461 0.799106 0.163629 0.037265
5188 0.370295 0.256758 0.372947
5379 0.256476 0.199174 0.544350
70495 0.201344 0.768441 0.030215
70269 0.267611 0.198591 0.533798
72032 0.243490 0.184622 0.571887
72087 0.242742 0.235660 0.521598
72478 0.132838 0.452829 0.414333
72846 0.097806 0.268700 0.633494
72048 0.317363 0.144733 0.537905
72753 0.828044 0.095256 0.076701
72770 0.384060 0.495500 0.120440
72771 0.368717 0.427612 0.203671
5417 0.644094 0.267932 0.087974
69926 0.316140 0.561208 0.122652
3230 0.586152 0.017042 0.396806
2870 0.043955 0.609531 0.346514
3226 0.039650 0.565063 0.395288
3223 0.319798 0.246085 0.434117
2791 0.184816 0.108347 0.706837
3202 0.115487 0.745494 0.139019
2782 0.380442 0.204704 0.414855
5570 0.190237 0.333893 0.475871
5569 0.001756 0.722283 0.275961
4922 0.660751 0.214940 0.124310
5567 0.127800 0.287078 0.585121
98440 0.030674 0.855742 0.113584
97864 0.812637 0.019736 0.167627
97637 0.057107 0.114600 0.828292
98354 0.149874 0.608934 0.241192
4963 0.113211 0.436680 0.450108
5536 0.567754 0.237183 0.195064
5560 0.828540 0.029724 0.141736
4927 0.580484 0.147501 0.272015
107 0.416773 0.259788 0.323439
97633 0.528934 0.090444 0.380622
7267 0.158466 0.137052 0.704482
4938 0.632869 0.232350 0.134781
3475 0.149474 0.028336 0.822190
4915 0.318761 0.504031 0.177209
5806 0.444950 0.327001 0.228048
97866 0.117008 0.487808 0.395184
97653 0.069432 0.694627 0.235942
5543 0.440064 0.449570 0.110366
5546 0.015400 0.340633 0.643967
5589 0.786095 0.040692 0.173212
5654 0.183144 0.533470 0.283386
5594 0.687027 0.204170 0.108803
7187 0.118422 0.637132 0.244445
2831 0.193197 0.445622 0.361181
2828 0.016209 0.133364 0.850427
98635 0.792532 0.041080 0.166388
98621 0.189344 0.276100 0.534555
98182 0.049113 0.867655 0.083232
97505 0.689811 0.204555 0.105635
97802 0.153930 0.661764 0.184306
97570 0.321028 0.064332 0.614640
97569 0.792146 0.171608 0.036245
98304 0.777564 0.113552 0.108884
98424 0.063551 0.152093 0.784356
98690 0.375183 0.123808 0.501009
98650 0.134165 0.472439 0.393396
98653 0.144548 0.512890 0.342562
2825 0.383365 0.033290 0.583345
2631 0.045646 0.243572 0.710782
2836 0.111241 0.454190 0.434569
97206 0.190807 0.463051 0.346143
97205 0.718444 0.037217 0.244339
97210 0.038290 0.320680 0.641029
97208 0.120474 0.355265 0.524261
97988 0.026556 0.955417 0.018027
97952 0.014121 0.938247 0.047632
98617 0.445549 0.296924 0.257527
98118 0.740097 0.025432 0.234472
3091 0.471594 0.232421 0.295985
3069 0.651685 0.009584 0.338731
3065 0.616951 0.225382 0.157666
2563 0.629436 0.322139 0.048426
2979 0.283880 0.388958 0.327162
2792 0.187161 0.282906 0.529933
2595 0.044199 0.344873 0.610929
1283 0.126712 0.197864 0.675424
1284 0.136895 0.414837 0.448268
1029 0.071451 0.879463 0.049086
1030 0.125493 0.592966 0.281540
97607 0.053865 0.279604 0.666531
97475 0.182208 0.264239 0.553554
1401 0.430506 0.471028 0.098466
97723 0.525982 0.371080 0.102938
97578 0.232576 0.531606 0.235818
98234 0.044529 0.337281 0.618190
97199 0.212168 0.740186 0.047646
97981 0.233593 0.120077 0.646330
98027 0.734951 0.038824 0.226225
98031 0.528256 0.381953 0.089791
97294 0.397319 0.255269 0.347412
97242 0.445606 0.322987 0.231407
998 0.292580 0.538434 0.168986
1001 0.071785 0.272217 0.655998
1098 0.489049 0.070477 0.440474
1093 0.800928 0.150130 0.048942
97793 0.279025 0.714592 0.006382
97496 0.206702 0.494783 0.298515
97572 0.138098 0.465038 0.396864
97790 0.223883 0.507832 0.268285
2998 0.482053 0.173631 0.344316
3212 0.392891 0.095609 0.511500
3273 0.415524 0.522955 0.061520
3267 0.630711 0.123135 0.246154
3240 0.320968 0.458105 0.220927
5728 0.270783 0.091291 0.637926
70580 0.775857 0.116850 0.107293
70609 0.079676 0.181493 0.738831
5451 0.352702 0.129289 0.518009
69373 0.019195 0.363610 0.617195
70604 0.333642 0.363630 0.302728
98035 0.402079 0.335770 0.262151
98043 0.617561 0.182722 0.199717
97937 0.384540 0.437265 0.178195
97268 0.030125 0.111701 0.858174
97040 0.034249 0.296683 0.669068
97214 0.859737 0.005901 0.134362
97036 0.014118 0.560920 0.424961
97034 0.365904 0.036089 0.598007
97074 0.805289 0.173190 0.021521
97084 0.036047 0.607849 0.356105
97082 0.003429 0.899266 0.097305
97278 0.292404 0.593587 0.114009
97960 0.016458 0.681800 0.301741
98054 0.823125 0.093498 0.083376
97237 0.488367 0.411835 0.099798
1125 0.691240 0.246937 0.061823
97427 0.188053 0.586756 0.225191
97713 0.423000 0.025572 0.551429
97339 0.307175 0.389140 0.303685
2614 0.266315 0.420905 0.312780
2616 0.042929 0.640268 0.316803
3039 0.117003 0.596593 0.286404
2612 0.569555 0.126210 0.304235
2592 0.667439 0.006073 0.326488
2545 0.131962 0.646186 0.221851
2522 0.103109 0.131712 0.765178
2525 0.339921 0.412774 0.247305
5528 0.663745 0.308462 0.027793
5533 0.023327 0.139725 0.836948
5244 0.611082 0.258779 0.130140
5304 0.339129 0.565174 0.095696
5300 0.613986 0.237305 0.148710
69443 0.563697 0.234759 0.201544
70024 0.453190 0.353627 0.193183
70027 0.218878 0.758203 0.022919
97602 0.095968 0.893186 0.010846
97286 0.191072 0.707726 0.101201
97941 0.024206 0.354496 0.621299
97224 0.671547 0.167790 0.160662
97275 0.652246 0.071583 0.276171
97647 0.138360 0.062807 0.798833
3308 0.405626 0.049300 0.545074
3056 0.046986 0.665342 0.287671
70976 0.422659 0.483233 0.094109
6061 0.701008 0.273162 0.025830
71631 0.288150 0.316212 0.395638
69793 0.350835 0.199486 0.449679
98120 0.070812 0.357258 0.571930
99123 0.157122 0.425525 0.417353
100066 0.146612 0.074666 0.778721
100082 0.552916 0.211114 0.235969
99177 0.431609 0.420607 0.147785
97050 0.084731 0.914913 0.000356
99109 0.081960 0.662807 0.255234
99110 0.099265 0.835985 0.064750
97029 0.157880 0.198659 0.643461
100182 0.087760 0.853555 0.058685
99166 0.497795 0.118592 0.383613
100281 0.208682 0.280400 0.510918
100283 0.157736 0.818177 0.024087
97031 0.460242 0.444567 0.095191
99132 0.281216 0.033058 0.685726
99091 0.355909 0.052025 0.592066
99087 0.553393 0.248435 0.198172
99145 0.027110 0.633838 0.339052
97043 0.049981 0.940974 0.009044
97281 0.089852 0.564542 0.345606
97230 0.181906 0.279766 0.538328
99104 0.143784 0.446951 0.409265
97049 0.117107 0.852621 0.030272
97067 0.285395 0.682514 0.032092
99103 0.062451 0.747376 0.190173
99092 0.039113 0.588164 0.372722
97041 0.184248 0.163056 0.652696
97037 0.872427 0.088142 0.039431
99125 0.143233 0.293641 0.563125
99128 0.139817 0.699527 0.160656
99129 0.641429 0.050673 0.307898
100019 0.610000 0.296972 0.093029
100054 0.615936 0.055895 0.328168
99778 0.622951 0.376800 0.000250
99647 0.108225 0.231219 0.660556
100013 0.099795 0.440410 0.459795
100050 0.578601 0.114993 0.306405
99891 0.606020 0.373811 0.020170
99139 0.383040 0.139773 0.477187
99762 0.378945 0.360598 0.260457
99889 0.318614 0.380716 0.300670
99143 0.939769 0.007574 0.052657
100124 0.357224 0.104489 0.538287
99884 0.157328 0.446241 0.396431
100108 0.408482 0.370045 0.221473
99160 0.039839 0.339611 0.620551
99882 0.685711 0.060871 0.253417
99163 0.463853 0.495502 0.040645
99878 0.055962 0.058578 0.885460
100146 0.469335 0.354492 0.176174
99159 0.089190 0.545191 0.365619
99447 0.636306 0.284872 0.078822
99501 0.628896 0.362311 0.008793
99461 0.195723 0.503429 0.300847
99466 0.112521 0.548786 0.338694
99470 0.178106 0.146226 0.675668
99479 0.301117 0.197736 0.501147
99491 0.791531 0.013989 0.194480
99496 0.349392 0.316592 0.334017
99591 0.515386 0.098792 0.385822
99301 0.874411 0.020600 0.104989
99609 0.318823 0.272761 0.408416
99613 0.007849 0.296693 0.695458
99507 0.438933 0.237385 0.323682
99223 0.043029 0.156581 0.800390
99537 0.297941 0.556465 0.145593
99235 0.137576 0.688158 0.174266
99276 0.661956 0.319950 0.018095
99250 0.051958 0.733816 0.214226
99675 0.407179 0.279134 0.313687
99673 0.446795 0.552402 0.000803
99314 0.392709 0.113008 0.494283
99330 0.793478 0.012380 0.194142
99730 0.214568 0.181087 0.604345
100205 0.277567 0.644159 0.078274
99399 0.107601 0.447742 0.444657
99696 0.176736 0.365680 0.457584
99565 0.914812 0.031458 0.053730
100030 0.558568 0.362003 0.079429
99418 0.043437 0.237483 0.719080
99922 0.272018 0.589762 0.138220
99905 0.174525 0.010396 0.815079
99903 0.159106 0.273769 0.567125
99788 0.082250 0.339042 0.578708
99776 0.292517 0.477748 0.229735
99870 0.397537 0.095134 0.507329
99754 0.422031 0.224253 0.353716
99749 0.554107 0.121349 0.324545
99862 0.031947 0.075721 0.892332
99983 0.454078 0.452025 0.093897
99712 0.584746 0.107604 0.307650
99927 0.352595 0.275353 0.372052
100137 0.081562 0.342813 0.575625
99596 0.272784 0.135008 0.592208
99429 0.201815 0.012156 0.786030
100157 0.421257 0.206190 0.372553
99430 0.302104 0.480466 0.217430
99661 0.252202 0.019340 0.728458
99638 0.881803 0.104998 0.013199
101257 0.127030 0.448705 0.424265
101296 0.340734 0.348066 0.311199
101288 0.106240 0.207283 0.686478
101305 0.112542 0.611944 0.275514
100901 0.433073 0.090897 0.476030
99402 0.330726 0.552234 0.117040
98864 0.209020 0.524052 0.266928
98862 0.138332 0.545861 0.315807
98966 0.207334 0.754483 0.038183
100326 0.042879 0.086314 0.870808
98906 0.200046 0.583229 0.216726
100341 0.661139 0.140463 0.198398
100934 0.309714 0.243770 0.446516
98986 0.300506 0.389464 0.310030
98983 0.164385 0.266436 0.569179
99003 0.705726 0.110278 0.183996
99318 0.346564 0.428690 0.224745
99037 0.424945 0.423374 0.151682
99191 0.601278 0.074861 0.323861
99218 0.153123 0.004719 0.842159
100172 0.146620 0.078218 0.775162
99054 0.021059 0.006348 0.972593
98887 0.118837 0.776678 0.104486
99055 0.205365 0.007338 0.787297
99959 0.567891 0.254013 0.178096
99051 0.413243 0.419420 0.167337
98949 0.417950 0.438642 0.143408
100746 0.250251 0.387480 0.362269
100850 0.393880 0.232493 0.373627
101721 0.731038 0.240297 0.028664
100854 0.625746 0.342118 0.032136
101531 0.160373 0.120116 0.719511
101509 0.171761 0.310220 0.518019
101507 0.058380 0.921980 0.019640
101528 0.103446 0.818551 0.078003
100871 0.092646 0.225985 0.681369
101716 0.260151 0.671990 0.067859
101635 0.029655 0.709877 0.260468
100883 0.322059 0.116616 0.561325
101610 0.318859 0.313350 0.367790
101622 0.143966 0.610268 0.245766
101599 0.697082 0.251748 0.051170
101603 0.910090 0.089910 0.000000
101163 0.942530 0.008736 0.048734
100857 0.154128 0.029800 0.816072
101202 0.172863 0.016529 0.810608
101166 0.901258 0.079923 0.018820
101673 0.288958 0.035634 0.675408
101675 0.055442 0.550955 0.393604
101203 0.000259 0.163220 0.836521
101637 0.346100 0.632626 0.021274
101519 0.166775 0.220489 0.612736
101139 0.277276 0.718305 0.004420
101625 0.854555 0.030037 0.115408
101545 0.344782 0.071201 0.584016
101584 0.333052 0.349297 0.317651
101554 0.389396 0.588082 0.022521
101551 0.420978 0.430847 0.148174
101580 0.517068 0.258259 0.224673
101585 0.357051 0.159269 0.483680
101557 0.212150 0.202643 0.585207
101087 0.248612 0.335528 0.415861
101079 0.516093 0.258215 0.225692
101665 0.189447 0.292356 0.518197
101663 0.282345 0.038540 0.679115
101680 0.681545 0.316237 0.002218
101685 0.539834 0.310565 0.149601
101115 0.241898 0.650379 0.107723
101170 0.790552 0.054479 0.154969
100998 0.173979 0.026686 0.799335
101488 0.095530 0.147663 0.756808
101493 0.027011 0.204886 0.768102
101498 0.309982 0.626019 0.064000
101070 0.207844 0.208026 0.584130
100982 0.862496 0.094743 0.042762
101503 0.245341 0.446709 0.307950
101054 0.519433 0.208541 0.272027
101049 0.205694 0.310254 0.484053
101066 0.102396 0.844532 0.053072
101083 0.009473 0.233175 0.757352
101075 0.020449 0.804273 0.175278
101091 0.045294 0.130886 0.823820
101027 0.359727 0.624998 0.015275
101691 0.257212 0.463370 0.279418
101694 0.658469 0.070200 0.271331
101016 0.313034 0.216559 0.470407
101005 0.159175 0.831989 0.008836
101017 0.006529 0.265576 0.727896
101021 0.435188 0.116697 0.448115
101484 0.045093 0.908934 0.045973
101005 0.105873 0.150665 0.743462
101010 0.359334 0.228130 0.412536
100993 0.026303 0.092212 0.881485
100977 0.122799 0.678319 0.198882
98147 0.778618 0.086674 0.134708
97837 0.020712 0.198974 0.780314
97745 0.123745 0.507675 0.368580
1035 0.685043 0.032102 0.282855
100286 0.416054 0.185954 0.397992
97093 0.085629 0.679880 0.234491
100100 0.109080 0.839105 0.051815
100300 0.663130 0.307221 0.029649
100273 0.183859 0.706869 0.109272
99727 0.189667 0.075576 0.734758
100265 0.015847 0.554763 0.429389
99357 0.841607 0.104609 0.053784
99021 0.187635 0.382874 0.429491
98993 0.793757 0.109163 0.097081
100793 0.171957 0.251735 0.576308
100795 0.196316 0.342997 0.460687
101595 0.064977 0.139946 0.795077
101159 0.384413 0.395312 0.220275
101105 0.416262 0.211840 0.371898
101756 0.513505 0.290479 0.196016
100357 0.005318 0.273196 0.721487
101033 0.072849 0.012840 0.914311
97555 0.566345 0.247329 0.186326
97551 0.006689 0.269191 0.724120
97532 0.036360 0.085327 0.878313
97892 0.007515 0.699997 0.292488
383 0.353636 0.352931 0.293433
382 0.115740 0.262981 0.621280
1051 0.070919 0.874288 0.054793
1053 0.355825 0.309465 0.334710
99752 0.070732 0.269249 0.660019
99896 0.382115 0.269692 0.348193
99900 0.381579 0.386808 0.231612
99899 0.394489 0.078994 0.526517
99662 0.249805 0.640024 0.110171
99826 0.581035 0.257037 0.161928
98849 0.098991 0.508286 0.392724
100242 0.083727 0.805143 0.111130
100826 0.399580 0.059693 0.540727
100803 0.402033 0.248828 0.349139
101591 0.074314 0.566892 0.358794
100827 0.183168 0.381107 0.435725
100697 0.490403 0.138373 0.371224
100707 0.305335 0.398928 0.295737
101192 0.090911 0.907516 0.001572
100715 0.180065 0.655918 0.164017
101190 0.048039 0.770482 0.181479
99152 0.196770 0.161886 0.641344
98844 0.498489 0.236489 0.265022
99784 0.501079 0.357643 0.141278
99150 0.067160 0.569723 0.363117
2505 0.228943 0.288458 0.482599
2507 0.424828 0.504776 0.070397
69670 0.124424 0.654399 0.221177
69579 0.315762 0.384758 0.299480
69647 0.422906 0.201266 0.375828
69652 0.074179 0.369153 0.556668
69668 0.379610 0.290513 0.329877
69684 0.487805 0.289880 0.222316
69689 0.005627 0.429166 0.565207
69686 0.082079 0.199507 0.718414
70125 0.157812 0.326853 0.515335
70911 0.745976 0.041252 0.212772
5260 0.569405 0.422222 0.008374
5253 0.546772 0.412713 0.040514
5254 0.098635 0.645265 0.256100
2805 0.573288 0.049394 0.377318
1084 0.338456 0.586795 0.074749
81 0.375574 0.343707 0.280719
1113 0.082498 0.020051 0.897452
296 0.000000 0.371680 0.628320
331 0.154547 0.292270 0.553184
318 0.048796 0.028357 0.922847
318 0.194988 0.610635 0.194377
5327 0.458581 0.459161 0.082257
5442 0.793945 0.082369 0.123686
5108 0.216923 0.499400 0.283676
5617 0.037861 0.787624 0.174515
