12445 0.498504 0.414849 0.086647
12444 0.093650 0.307304 0.599046
12444 0.063220 0.276665 0.660115
12445 0.486718 0.344043 0.169239
12444 0.246134 0.193268 0.560599
12444 0.248179 0.152064 0.599757
12444 0.243974 0.086745 0.669281
12444 0.029737 0.227667 0.742596
12445 0.481273 0.249380 0.269347
12457 0.039391 0.584884 0.375725
12457 0.157847 0.617021 0.225132
12457 0.142232 0.613855 0.243913
12457 0.010925 0.581595 0.407480
12456 0.378192 0.527390 0.094418
12456 0.455950 0.490127 0.053923
12456 0.507521 0.432463 0.060017
12457 0.161127 0.575070 0.263804
12457 0.020225 0.536003 0.443772
12444 0.659527 0.074042 0.266430
12444 0.723127 0.040572 0.236301
12444 0.452886 0.075702 0.471412
12444 0.421397 0.119167 0.459435
12554 0.256657 0.013712 0.729631
12444 0.464841 0.006028 0.529131
12411 0.567183 0.037968 0.394848
12411 0.569127 0.000000 0.430873
12411 0.536631 0.000000 0.463369
12411 0.521985 0.057670 0.420345
12411 0.472184 0.000000 0.527816
12411 0.434262 0.048156 0.517582
12445 0.117765 0.364490 0.517745
12445 0.148023 0.424752 0.427225
12445 0.091790 0.279094 0.629116
12411 0.427363 0.291497 0.281140
12411 0.526244 0.291715 0.182041
12410 0.123521 0.489082 0.387398
12410 0.146981 0.406717 0.446302
12410 0.161094 0.373924 0.464982
12411 0.569321 0.286458 0.144221
12410 0.602689 0.105617 0.291693
12410 0.389158 0.269195 0.341647
12410 0.397702 0.291142 0.311155
12410 0.631209 0.113934 0.254857
12410 0.449509 0.306022 0.244469
12410 0.699550 0.114157 0.186293
12404 0.219412 0.091877 0.688711
12404 0.252821 0.056102 0.691076
12404 0.058603 0.027353 0.914044
12404 0.033547 0.058807 0.907645
12534 0.578005 0.130464 0.291530
12534 0.869542 0.094497 0.035961
12404 0.055933 0.704983 0.239084
12404 0.000000 0.703437 0.296563
12404 0.277494 0.360924 0.361582
12404 0.207382 0.387072 0.405546
12404 0.177505 0.398304 0.424190
12405 0.301895 0.672000 0.026105
12404 0.263168 0.200739 0.536093
12404 0.297094 0.173613 0.529293
12404 0.379599 0.124252 0.496149
5557 0.620556 0.325310 0.054134
5557 0.684399 0.309817 0.005784
5557 0.690240 0.132886 0.176874
5557 0.634408 0.163782 0.201811
5556 0.067525 0.237207 0.695268
5557 0.768824 0.087796 0.143380
5557 0.676329 0.000000 0.323671
5557 0.638480 0.011829 0.349691
5557 0.602698 0.053767 0.343535
5569 0.008003 0.667137 0.324860
5556 0.330833 0.669167 0.000000
5556 0.463096 0.536904 0.000000
5556 0.451630 0.548370 0.000000
5556 0.363745 0.636255 0.000000
5556 0.505416 0.494584 0.000000
5556 0.644705 0.355295 0.000000
5556 0.567538 0.414719 0.017743
5556 0.491410 0.452970 0.055620
5667 0.692522 0.085760 0.221718
5557 0.500429 0.000000 0.499571
5557 0.485321 0.000000 0.514679
5667 0.740159 0.097201 0.162640
5667 0.492160 0.031231 0.476609
5667 0.714451 0.176358 0.109191
5522 0.231241 0.000000 0.768759
5522 0.272607 0.000000 0.727393
5568 0.219079 0.774642 0.006279
5568 0.178285 0.777907 0.043808
5522 0.355188 0.000000 0.644812
5568 0.279715 0.719904 0.000381
5556 0.201509 0.416037 0.382454
5556 0.284816 0.359282 0.355902
5556 0.390331 0.279165 0.330505
5522 0.080933 0.201736 0.717331
5522 0.209814 0.174592 0.615594
5523 0.749404 0.206716 0.043880
5523 0.517390 0.223807 0.258803
5523 0.500835 0.247009 0.252155
5523 0.446987 0.311026 0.241987
5516 0.259963 0.619262 0.120775
5516 0.242135 0.657666 0.100199
5523 0.369492 0.164017 0.466491
5523 0.397395 0.149296 0.453309
5516 0.195221 0.728114 0.076665
5523 0.308199 0.169094 0.522708
5647 0.203677 0.115880 0.680443
5647 0.014613 0.130336 0.855052
5647 0.012750 0.155565 0.831686
5647 0.203277 0.152715 0.644008
5666 0.229211 0.020490 0.750299
5647 0.192405 0.294182 0.513413
5517 0.384877 0.571784 0.043339
5517 0.333571 0.571348 0.095081
5517 0.412856 0.566202 0.020942
5517 0.521277 0.261701 0.217022
5517 0.505495 0.250267 0.244239
5517 0.468203 0.222798 0.308999
5517 0.631401 0.036072 0.332527
5517 0.635472 0.063389 0.301139
5647 0.369858 0.099713 0.530429
12529 0.587690 0.120958 0.291352
12529 0.612127 0.131181 0.256692
12566 0.454440 0.452443 0.093117
12566 0.387721 0.502509 0.109770
12529 0.640637 0.132507 0.226856
12566 0.435460 0.443719 0.120821
12567 0.314266 0.563619 0.122116
12567 0.288536 0.562040 0.149424
12567 0.249996 0.532281 0.217724
12567 0.335057 0.380471 0.284472
12567 0.290528 0.338518 0.370953
12567 0.356380 0.397151 0.246469
12567 0.448739 0.263079 0.288183
12567 0.439228 0.231011 0.329761
12567 0.391580 0.178983 0.429436
12460 0.661469 0.028226 0.310305
12460 0.680832 0.039249 0.279920
12528 0.194827 0.347879 0.457294
12528 0.147431 0.382417 0.470152
12460 0.617981 0.082318 0.299702
12528 0.241479 0.311531 0.446990
12567 0.597677 0.125600 0.276723
12567 0.549325 0.062109 0.388566
12567 0.582186 0.170685 0.247130
12567 0.749746 0.148592 0.101661
12567 0.779321 0.120305 0.100374
12567 0.772445 0.011845 0.215711
5640 0.285727 0.079186 0.635087
5640 0.325221 0.078128 0.596651
5679 0.208372 0.641313 0.150316
5679 0.231150 0.605537 0.163313
5640 0.366626 0.073065 0.560309
5679 0.221481 0.708029 0.070491
5678 0.208442 0.540782 0.250776
5678 0.151917 0.561826 0.286257
5678 0.125303 0.557435 0.317262
5678 0.248649 0.372253 0.379098
5678 0.214412 0.383853 0.401734
5678 0.319870 0.340670 0.339460
5678 0.349997 0.160688 0.489315
5678 0.267752 0.201503 0.530745
5678 0.231972 0.230790 0.537238
5576 0.886692 0.105570 0.007739
5573 0.000000 0.072314 0.927686
5641 0.525970 0.177503 0.296527
5641 0.501610 0.130455 0.367934
5573 0.016801 0.051623 0.931576
5641 0.546105 0.223848 0.230047
5678 0.211845 0.062645 0.725510
5678 0.186858 0.110377 0.702765
5653 0.023610 0.316378 0.660013
5653 0.075708 0.139046 0.785246
5653 0.022016 0.074396 0.903588
5678 0.058986 0.051794 0.889220
12461 0.282555 0.486662 0.230783
12461 0.333864 0.560396 0.105740
12461 0.414270 0.452172 0.133558
12461 0.407276 0.391642 0.201082
12461 0.351299 0.543521 0.105180
12461 0.432222 0.457706 0.110072
12461 0.525411 0.422364 0.052225
12461 0.522240 0.409875 0.067885
12461 0.525534 0.360344 0.114122
5572 0.056146 0.689531 0.254322
5572 0.053361 0.710116 0.236524
5572 0.052341 0.609725 0.337934
5572 0.033591 0.610986 0.355423
5572 0.189658 0.635154 0.175188
5572 0.127375 0.545819 0.326806
5573 0.369445 0.470152 0.160402
5573 0.270904 0.455114 0.273981
5573 0.281963 0.466172 0.251865
12460 0.282296 0.261897 0.455806
12460 0.220360 0.265381 0.514259
12460 0.239347 0.290607 0.470046
5573 0.163650 0.269482 0.566868
5573 0.181774 0.298700 0.519526
5573 0.225074 0.266564 0.508362
5526 0.231549 0.009767 0.758684
5577 0.026172 0.248361 0.725467
5526 0.170482 0.047143 0.782376
5526 0.555723 0.008048 0.436229
5577 0.051187 0.542927 0.405887
5577 0.093187 0.526839 0.379975
5577 0.192957 0.772216 0.034827
5577 0.219323 0.748309 0.032368
5577 0.140928 0.823860 0.035212
12464 0.619424 0.180640 0.199936
12464 0.686683 0.182396 0.130921
12464 0.574498 0.182522 0.242980
12464 0.207224 0.488515 0.304261
12464 0.233667 0.504158 0.262175
12464 0.273247 0.530380 0.196373
12460 0.000000 0.731283 0.268717
12460 0.000000 0.766252 0.233748
12460 0.003461 0.711634 0.284905
12395 0.412898 0.025150 0.561952
12489 0.685831 0.045165 0.269004
12395 0.309599 0.293529 0.396872
12395 0.419994 0.375397 0.204608
12489 0.727299 0.114329 0.158372
12395 0.239451 0.224848 0.535701
12395 0.241924 0.637934 0.120143
12394 0.019312 0.681096 0.299592
12394 0.093241 0.618321 0.288438
5601 0.607579 0.113924 0.278497
5601 0.698439 0.107144 0.194417
5588 0.551409 0.204536 0.244055
5588 0.443791 0.314260 0.241949
5601 0.780830 0.131351 0.087819
5588 0.664062 0.092313 0.243625
5507 0.700177 0.183634 0.116189
5588 0.124513 0.190890 0.684597
5589 0.676260 0.298289 0.025451
12488 0.071167 0.334725 0.594108
12488 0.149367 0.261488 0.589145
12489 0.717869 0.213167 0.068964
12489 0.609915 0.190594 0.199491
12488 0.167619 0.248500 0.583881
12488 0.010294 0.244102 0.745605
5601 0.306117 0.158418 0.535465
5601 0.312245 0.168363 0.519392
5601 0.516289 0.160684 0.323027
5601 0.467298 0.155534 0.377168
5601 0.314640 0.241979 0.443382
5601 0.555738 0.213530 0.230732
12488 0.565763 0.222494 0.211743
12488 0.542211 0.178719 0.279070
12488 0.354437 0.255909 0.389654
12488 0.290963 0.322840 0.386197
12488 0.496717 0.215158 0.288126
12488 0.330086 0.255335 0.414579
5601 0.007270 0.134762 0.857967
5601 0.003334 0.089699 0.906967
5601 0.113544 0.161422 0.725035
5601 0.135218 0.168539 0.696243
5538 0.095058 0.030476 0.874466
5601 0.110572 0.222264 0.667165
12476 0.281105 0.519560 0.199335
12476 0.240636 0.525964 0.233399
12477 0.204142 0.715469 0.080389
12477 0.222228 0.766692 0.011080
12476 0.204579 0.538816 0.256604
12477 0.186545 0.688388 0.125066
5532 0.577836 0.027138 0.395026
5532 0.545727 0.037318 0.416955
5532 0.814170 0.015800 0.170030
5532 0.832328 0.004463 0.163209
5532 0.509182 0.053826 0.436991
5532 0.787131 0.037833 0.175036
12570 0.096824 0.128437 0.774738
12570 0.165857 0.130310 0.703833
12476 0.489464 0.276003 0.234532
12476 0.534819 0.270242 0.194939
12570 0.141527 0.163308 0.695165
12476 0.452311 0.290741 0.256948
5589 0.012649 0.127224 0.860127
5532 0.134939 0.004433 0.860629
5532 0.296158 0.037987 0.665854
5532 0.329340 0.028207 0.642452
5532 0.050651 0.028170 0.921179
5532 0.255332 0.057174 0.687495
12538 0.817189 0.003587 0.179224
12570 0.285445 0.276912 0.437644
12570 0.168129 0.216956 0.614915
12570 0.108015 0.244595 0.647390
12570 0.255912 0.304336 0.439752
12570 0.151692 0.251811 0.596497
5683 0.604729 0.267712 0.127558
5683 0.612894 0.247348 0.139758
5683 0.814928 0.083183 0.101889
5683 0.784559 0.129425 0.086016
5682 0.018825 0.332384 0.648791
5682 0.010263 0.143015 0.846722
12394 0.255368 0.686497 0.058135
12394 0.312979 0.654102 0.032919
12570 0.594030 0.315414 0.090556
12570 0.474081 0.388983 0.136936
12570 0.532229 0.370615 0.097156
12570 0.506955 0.392491 0.100553
12570 0.404556 0.345082 0.250362
12570 0.354002 0.371454 0.274544
12570 0.362460 0.367562 0.269978
5683 0.117942 0.225799 0.656259
5683 0.185841 0.207128 0.607031
5683 0.075382 0.289089 0.635530
5683 0.207198 0.458218 0.334584
5683 0.203731 0.402542 0.393727
5683 0.239605 0.401605 0.358789
5683 0.388936 0.381826 0.229238
5683 0.401151 0.390246 0.208603
5683 0.415049 0.442344 0.142607
12496 0.126468 0.372579 0.500953
12496 0.117277 0.407043 0.475680
12496 0.349761 0.518705 0.131535
12496 0.375787 0.488114 0.136099
12496 0.113156 0.431049 0.455795
12496 0.336008 0.539290 0.124702
12492 0.229878 0.213901 0.556221
12492 0.257628 0.200765 0.541607
12492 0.233475 0.278519 0.488006
5609 0.636716 0.303966 0.059318
5609 0.655467 0.281932 0.062602
5609 0.355051 0.369586 0.275363
5609 0.347620 0.389831 0.262549
5609 0.679829 0.249588 0.070583
5609 0.361298 0.340037 0.298665
5605 0.474701 0.116919 0.408380
5609 0.112036 0.494122 0.393843
5609 0.090460 0.520446 0.389094
12492 0.105705 0.290851 0.603444
12492 0.027845 0.383351 0.588805
12492 0.106795 0.272280 0.620925
12492 0.008515 0.274979 0.716507
12493 0.671887 0.278628 0.049484
12493 0.523978 0.270763 0.205259
5605 0.585739 0.127513 0.286748
5605 0.601358 0.113181 0.285461
5605 0.573230 0.210093 0.216677
5605 0.695181 0.225578 0.079241
5605 0.694687 0.140104 0.165209
5605 0.693655 0.114172 0.192172
12493 0.622023 0.147245 0.230732
12493 0.479745 0.114848 0.405407
12493 0.670873 0.170939 0.158188
12493 0.665185 0.042681 0.292134
12533 0.373303 0.018756 0.607941
12533 0.531245 0.112285 0.356471
5605 0.811596 0.132345 0.056059
5605 0.791288 0.111266 0.097446
5604 0.077925 0.164056 0.758019
5604 0.205885 0.022805 0.771310
5604 0.091313 0.051967 0.856721
5604 0.052376 0.080475 0.867150
12533 0.418157 0.370833 0.211010
12532 0.000000 0.465722 0.534278
12533 0.404637 0.334928 0.260435
12532 0.081401 0.601266 0.317333
12532 0.075279 0.621816 0.302905
12532 0.143442 0.580086 0.276472
5644 0.490596 0.324316 0.185088
5644 0.508107 0.304061 0.187832
5644 0.396586 0.350637 0.252777
5644 0.018663 0.719957 0.261380
5644 0.091531 0.687197 0.221272
5644 0.081967 0.671604 0.246429
12532 0.191578 0.747408 0.061014
12532 0.253581 0.708547 0.037872
12532 0.206963 0.724992 0.068045
12582 0.142584 0.216193 0.641223
12582 0.130855 0.176276 0.692869
12582 0.182664 0.160511 0.656825
5645 0.071714 0.780528 0.147758
5645 0.089283 0.753470 0.157247
5645 0.067860 0.733368 0.198772
5695 0.618770 0.154062 0.227168
5695 0.660268 0.177010 0.162722
5695 0.629327 0.195442 0.175231
12582 0.021988 0.347082 0.630931
12582 0.057886 0.356603 0.585511
12582 0.041781 0.371402 0.586817
12583 0.475808 0.473429 0.050763
12583 0.476746 0.452483 0.070770
12583 0.468982 0.520612 0.010406
5695 0.581394 0.328082 0.090524
5695 0.556108 0.334185 0.109707
5695 0.516218 0.331101 0.152682
5695 0.482311 0.505051 0.012638
5694 0.071461 0.432414 0.496125
5694 0.056488 0.435399 0.508113
12583 0.105351 0.449249 0.445400
12583 0.179461 0.376737 0.443802
12583 0.236797 0.161220 0.601982
12583 0.202384 0.152106 0.645510
12583 0.190668 0.416389 0.392943
12583 0.259163 0.164138 0.576699
12583 0.285038 0.462935 0.252027
12583 0.264869 0.543345 0.191786
12583 0.308402 0.484818 0.206780
5694 0.412755 0.379286 0.207959
5694 0.461175 0.359052 0.179772
5694 0.657767 0.131861 0.210372
5694 0.637017 0.122678 0.240305
5694 0.442021 0.455014 0.102964
5694 0.694194 0.143194 0.162613
5694 0.254869 0.443093 0.302037
5694 0.214957 0.444631 0.340412
5694 0.176906 0.534626 0.288468
12512 0.291431 0.496806 0.211763
12512 0.226646 0.574752 0.198602
12508 0.160338 0.271130 0.568533
12508 0.252695 0.262211 0.485094
12512 0.182225 0.636117 0.181658
12508 0.097491 0.283006 0.619504
12509 0.504107 0.429392 0.066500
12508 0.000000 0.451180 0.548820
12508 0.000000 0.547635 0.452365
5624 0.000000 0.553354 0.446646
5625 0.473283 0.508169 0.018548
5625 0.224025 0.576473 0.199501
5625 0.231973 0.627026 0.141001
5625 0.481394 0.433334 0.085272
5625 0.199132 0.501724 0.299144
5621 0.554513 0.271438 0.174048
5621 0.646224 0.200346 0.153430
5621 0.683156 0.232124 0.084720
12509 0.398556 0.407555 0.193889
12509 0.247633 0.450684 0.301683
12509 0.401553 0.382572 0.215876
12509 0.321828 0.309010 0.369161
12509 0.283863 0.317153 0.398983
12509 0.133735 0.341915 0.524350
5621 0.727782 0.238010 0.034209
5620 0.017066 0.237055 0.745879
5620 0.045484 0.301620 0.652897
5620 0.214508 0.199725 0.585768
5620 0.124222 0.171500 0.704278
5620 0.110906 0.164173 0.724920
12509 0.114681 0.225272 0.660047
12509 0.000000 0.225668 0.774332
12509 0.177529 0.234352 0.588120
12509 0.108051 0.140673 0.751276
12509 0.035487 0.119391 0.845123
12586 0.084463 0.015759 0.899778
5620 0.315518 0.086764 0.597718
5620 0.266789 0.094449 0.638762
5620 0.415554 0.093431 0.491015
5642 0.434712 0.008360 0.556928
5642 0.522919 0.011619 0.465462
5620 0.401121 0.007601 0.591278
12531 0.829084 0.048221 0.122695
12530 0.016254 0.062641 0.921105
12509 0.251680 0.009555 0.738764
12530 0.109377 0.284473 0.606150
12530 0.122790 0.258444 0.618765
12530 0.169102 0.192778 0.638120
5642 0.171080 0.307422 0.521498
5642 0.231716 0.296771 0.471513
5642 0.081419 0.314101 0.604480
5643 0.434184 0.436050 0.129766
5643 0.406830 0.483366 0.109804
5643 0.396054 0.494304 0.109642
12530 0.329860 0.335708 0.334432
12530 0.350691 0.299057 0.350252
12530 0.356526 0.329675 0.313799
12530 0.522708 0.382890 0.094402
12530 0.470768 0.414437 0.114796
12530 0.479837 0.404955 0.115208
5643 0.194005 0.474027 0.331968
5643 0.184692 0.457547 0.357762
5643 0.213711 0.447332 0.338957
5643 0.034604 0.462409 0.502987
5643 0.029576 0.474368 0.496055
5643 0.025318 0.439122 0.535560
12590 0.445516 0.084055 0.470429
12590 0.448609 0.123371 0.428021
12590 0.482914 0.073380 0.443706
12590 0.320112 0.217088 0.462800
12590 0.282353 0.247542 0.470106
12590 0.287556 0.300904 0.411541
5703 0.442756 0.129412 0.427832
5703 0.427984 0.111618 0.460399
5703 0.404574 0.157612 0.437814
5703 0.373428 0.327065 0.299507
5703 0.434128 0.287436 0.278435
5703 0.443159 0.253726 0.303116
12546 0.612007 0.221579 0.166414
12546 0.591142 0.256007 0.152851
12546 0.760117 0.210494 0.029388
12512 0.000000 0.495446 0.504554
12546 0.548968 0.289725 0.161306
12546 0.720174 0.233224 0.046602
12546 0.425817 0.277324 0.296859
12546 0.408580 0.276131 0.315290
12590 0.168276 0.386418 0.445306
5702 0.043801 0.520284 0.435915
5702 0.098207 0.521598 0.380195
5702 0.316545 0.340355 0.343100
5702 0.267630 0.339065 0.393305
5702 0.123325 0.572462 0.304212
5702 0.404811 0.308861 0.286328
5703 0.420642 0.467783 0.111576
5703 0.432045 0.410804 0.157150
5703 0.361252 0.507857 0.130891
9309 0.394090 0.197595 0.408315
7127 0.437684 0.535841 0.026475
9281 0.000000 0.227475 0.772525
9309 0.106840 0.641815 0.251345
7126 0.158435 0.000000 0.841565
7126 0.501863 0.148000 0.350137
9282 0.387465 0.612535 0.000000
9282 0.350233 0.323546 0.326220
6920 0.128293 0.747024 0.124683
7502 0.224389 0.064607 0.711005
9069 0.414451 0.000000 0.585549
9069 0.608571 0.000000 0.391429
9070 0.365686 0.390472 0.243842
9072 0.218361 0.637157 0.144482
9069 0.740531 0.000000 0.259469
7150 0.801698 0.000000 0.198302
9069 0.760485 0.000000 0.239515
9069 0.347829 0.267935 0.384236
8368 0.000000 0.559612 0.440388
12328 0.466197 0.075131 0.458673
7445 0.436373 0.000000 0.563627
8368 0.000000 0.423379 0.576621
11924 0.510760 0.000000 0.489240
7445 0.456148 0.000000 0.543852
7040 0.508509 0.491491 0.000000
7041 0.737304 0.000000 0.262696
11929 0.643368 0.038267 0.318365
7190 0.401377 0.000000 0.598623
7191 0.000000 0.567710 0.432290
11923 0.249341 0.414193 0.336466
7164 0.701521 0.293010 0.005469
7165 0.535197 0.000000 0.464803
7164 0.346279 0.653721 0.000000
7503 0.000000 0.250508 0.749492
9073 0.186565 0.447715 0.365720
9072 0.538899 0.461101 0.000000
7041 0.498622 0.005441 0.495937
7041 0.657159 0.000000 0.342841
7040 0.338692 0.661308 0.000000
9068 0.369676 0.198613 0.431711
7417 0.531916 0.263366 0.204718
7417 0.079643 0.434806 0.485551
7151 0.000000 0.581587 0.418413
7417 0.372980 0.263246 0.363774
7424 0.430170 0.000000 0.569830
7150 0.605766 0.000000 0.394234
7150 0.655875 0.000000 0.344125
7151 0.000000 0.625265 0.374735
7417 0.123718 0.261320 0.614961
7492 0.542859 0.230537 0.226604
7492 0.170249 0.635090 0.194661
7492 0.187321 0.240760 0.571919
7307 0.387430 0.242738 0.369832
7306 0.615644 0.240286 0.144070
7493 0.350891 0.405080 0.244028
7308 0.317967 0.268119 0.413914
9071 0.316608 0.303177 0.380215
9071 0.000000 0.766294 0.233706
7424 0.213498 0.000000 0.786502
7150 0.725643 0.000000 0.274357
238 0.372236 0.000000 0.627764
7127 0.696947 0.000000 0.303053
9094 0.999504 0.000496 0.000000
2205 0.000000 0.245904 0.754096
6918 0.000000 0.000000 1.000000
7127 0.240420 0.000000 0.759580
9093 0.245674 0.730852 0.023475
7341 0.687543 0.000000 0.312457
454 0.000000 0.000000 1.000000
6918 0.000000 0.000000 1.000000
7127 0.415045 0.160610 0.424345
9093 0.440993 0.559007 0.000000
7425 0.461186 0.343694 0.195120
9067 0.063061 0.518207 0.418732
9067 0.025905 0.482200 0.491894
7424 0.180555 0.226328 0.593117
9064 0.000000 0.734413 0.265587
9065 0.262090 0.737910 0.000000
9064 0.000000 0.752022 0.247978
9067 0.000000 0.456763 0.543237
7424 0.248453 0.167250 0.584297
7150 0.526281 0.000000 0.473719
7150 0.523774 0.000000 0.476226
7150 0.533810 0.000000 0.466190
7150 0.527118 0.000000 0.472882
7150 0.533040 0.000000 0.466960
7150 0.551665 0.000000 0.448335
6919 0.283252 0.000000 0.716748
6919 0.220027 0.000000 0.779973
6934 0.000000 1.000000 0.000000
7327 0.546526 0.434045 0.019429
6934 0.000000 1.000000 0.000000
6934 0.000000 1.000000 0.000000
7417 0.596365 0.279740 0.123894
6934 0.000000 1.000000 0.000000
6934 0.000000 1.000000 0.000000
6934 0.000000 1.000000 0.000000
6940 1.000000 0.000000 0.000000
7330 0.400608 0.565156 0.034236
7208 1.000000 0.000000 0.000000
6940 1.000000 0.000000 0.000000
9284 0.440647 0.395941 0.163412
7330 0.126143 0.467065 0.406791
6919 0.605770 0.000000 0.394230
7327 0.225309 0.481349 0.293342
7328 0.207489 0.113700 0.678811
7417 0.602766 0.267932 0.129302
7493 0.161196 0.447110 0.391695
7150 0.542426 0.000000 0.457574
7150 0.541827 0.000000 0.458173
7150 0.569336 0.000000 0.430664
7424 0.313730 0.086242 0.600028
7150 0.627551 0.000000 0.372449
9064 0.000000 0.779113 0.220887
9067 0.000000 0.443049 0.556951
9066 0.248052 0.689046 0.062902
9067 0.000000 0.412530 0.587470
7150 0.696019 0.000000 0.303981
9070 0.000000 0.678995 0.321005
9068 0.555547 0.000000 0.444453
7150 0.775916 0.000000 0.224084
9067 0.000000 0.519807 0.480193
9067 0.016475 0.695193 0.288332
9068 0.671317 0.137789 0.190893
7150 0.652811 0.000000 0.347189
9067 0.245078 0.579125 0.175797
7150 0.600952 0.000000 0.399048
7150 0.648225 0.000000 0.351775
7150 0.722772 0.000000 0.277228
9068 0.642273 0.011645 0.346082
9067 0.196318 0.562943 0.240739
9068 0.584246 0.205898 0.209856
9066 0.375931 0.128546 0.495523
7041 0.328826 0.000000 0.671174
9064 0.000000 0.738931 0.261069
9068 0.543677 0.342609 0.113714
9066 0.339342 0.280186 0.380471
2179 0.000000 0.416627 0.583373
2177 0.688471 0.000000 0.311529
8354 0.628428 0.038700 0.332872
7041 0.348049 0.000000 0.651951
7150 0.552094 0.000000 0.447906
7150 0.570403 0.000000 0.429597
7150 0.571287 0.000000 0.428713
7150 0.585071 0.000000 0.414929
7150 0.581052 0.000000 0.418948
7150 0.590905 0.000000 0.409095
7150 0.599923 0.000000 0.400077
7424 0.394755 0.000000 0.605245
14 0.000000 1.000000 0.000000
6974 0.000000 1.000000 0.000000
6919 0.824815 0.000000 0.175185
14 0.000000 1.000000 0.000000
6974 0.000000 1.000000 0.000000
6919 0.617959 0.000000 0.382041
6919 0.802699 0.000000 0.197301
6918 0.000000 0.000000 1.000000
30 0.693262 0.000000 0.306738
7233 0.415351 0.000000 0.584649
6919 0.412083 0.000000 0.587917
6919 0.539271 0.000000 0.460729
6918 0.000000 0.000000 1.000000
6918 0.000000 0.000000 1.000000
6918 0.000000 0.000000 1.000000
6919 0.885340 0.000000 0.114660
7417 0.268645 0.381455 0.349900
7151 0.000000 0.501402 0.498598
7417 0.016860 0.484816 0.498324
7417 0.089827 0.421507 0.488666
7151 0.000000 0.499220 0.500780
7417 0.087687 0.455949 0.456364
6934 0.000000 0.000000 1.000000
7150 0.626824 0.000000 0.373176
7150 0.602522 0.000000 0.397478
7417 0.012960 0.429978 0.557062
7424 0.350078 0.000000 0.649922
7150 0.680690 0.000000 0.319310
6934 0.000000 0.000000 1.000000
14 0.000000 1.000000 0.000000
6934 0.000000 1.000000 0.000000
6934 0.000000 1.000000 0.000000
6934 0.000000 1.000000 0.000000
6934 0.000000 1.000000 0.000000
6974 0.000000 1.000000 0.000000
6974 0.000000 1.000000 0.000000
6934 0.000000 0.656786 0.343214
6934 0.000000 0.660570 0.339430
6974 0.000000 1.000000 0.000000
6974 0.000000 1.000000 0.000000
6934 0.000000 0.000000 1.000000
14 0.000000 1.000000 0.000000
6934 0.000000 0.000000 1.000000
6934 0.000000 0.000000 1.000000
6934 0.000000 0.000000 1.000000
6934 0.000000 0.000000 1.000000
6934 0.000000 0.000000 1.000000
6934 0.000000 0.000000 1.000000
6934 0.000000 0.000000 1.000000
6934 0.000000 0.000000 1.000000
6919 0.944499 0.000000 0.055501
6919 0.953184 0.000000 0.046816
6934 0.000000 0.000000 1.000000
6934 0.000000 0.000000 1.000000
6918 0.000000 0.000000 1.000000
14 0.000000 1.000000 0.000000
14 0.000000 1.000000 0.000000
6934 0.000000 0.000000 1.000000
6934 0.000000 0.000000 1.000000
6934 0.000000 0.000000 1.000000
6934 0.000000 0.000000 1.000000
6934 0.000000 0.000000 1.000000
6934 0.000000 0.000000 1.000000
6934 0.000000 0.000000 1.000000
6934 0.000000 0.000000 1.000000
6934 0.000000 0.000000 1.000000
6934 0.000000 0.000000 1.000000
6934 0.000000 0.000000 1.000000
6934 0.000000 0.000000 1.000000
6934 0.000000 0.000000 1.000000
6934 0.000000 0.000000 1.000000
6934 0.000000 0.000000 1.000000
6934 0.000000 0.000000 1.000000
6934 0.000000 0.000000 1.000000
6934 0.000000 0.000000 1.000000
6934 0.000000 0.000000 1.000000
6934 0.000000 0.000000 1.000000
6934 0.000000 0.000000 1.000000
6934 0.000000 0.000000 1.000000
6934 0.000000 0.000000 1.000000
6934 0.000000 0.000000 1.000000
6934 0.000000 0.000000 1.000000
6934 0.000000 0.000000 1.000000
6934 0.000000 0.000000 1.000000
6934 0.000000 0.000000 1.000000
6934 0.000000 0.000000 1.000000
6934 0.000000 0.000000 1.000000
6934 0.000000 0.000000 1.000000
6934 0.000000 0.000000 1.000000
6934 0.000000 0.000000 1.000000
6934 0.000000 0.000000 1.000000
6934 0.000000 0.000000 1.000000
6934 0.000000 0.000000 1.000000
6934 0.000000 0.000000 1.000000
9072 0.309333 0.433897 0.256769
614 0.573103 0.426897 0.000000
9072 0.379722 0.465428 0.154850
9072 0.350358 0.434866 0.214775
9072 0.283430 0.401848 0.314722
276 0.543614 0.000000 0.456386
6934 0.000000 0.000000 1.000000
6934 0.000000 0.000000 1.000000
7142 0.000000 0.092926 0.907074
9072 0.395708 0.432223 0.172069
6934 0.000000 0.000000 1.000000
6934 0.000000 0.000000 1.000000
7142 0.000000 0.046442 0.953558
7142 0.000000 0.072924 0.927076
7142 0.000000 0.002030 0.997970
7142 0.000000 0.134489 0.865511
7142 0.000000 0.330640 0.669360
7142 0.000000 0.171830 0.828170
7142 0.000000 0.289245 0.710755
7142 0.000000 0.473023 0.526977
276 0.477449 0.000000 0.522551
7142 0.000000 0.330691 0.669309
276 0.508633 0.000000 0.491367
7165 0.451714 0.000000 0.548286
2393 0.089041 0.287664 0.623295
2393 0.262985 0.480134 0.256882
2394 0.298374 0.183122 0.518505
239 0.366305 0.279775 0.353920
32 0.257464 0.337704 0.404832
2394 0.144772 0.824215 0.031012
261 0.521147 0.111670 0.367183
239 0.066207 0.000000 0.933793
440 0.701940 0.137553 0.160506
244 0.294139 0.000000 0.705861
2181 0.365020 0.388649 0.246330
2182 0.477083 0.116334 0.406583
2182 0.657108 0.000000 0.342892
2181 0.145074 0.542000 0.312926
2182 0.329308 0.115189 0.555503
2182 0.265569 0.000000 0.734431
2182 0.334602 0.000000 0.665398
2182 0.482565 0.000000 0.517435
5037 0.608032 0.000000 0.391968
152 0.661158 0.000000 0.338842
152 0.000000 0.726004 0.273996
152 0.457237 0.000000 0.542763
244 0.133113 0.605158 0.261729
303 0.658971 0.000000 0.341029
617 0.471845 0.172884 0.355270
276 0.448340 0.000000 0.551660
277 0.100753 0.260172 0.639075
276 0.735162 0.000000 0.264838
277 0.011261 0.641725 0.347014
2183 0.067242 0.424050 0.508708
2186 0.361495 0.452887 0.185618
153 0.534068 0.465932 0.000000
2179 0.000000 0.299185 0.700815
152 0.284318 0.000000 0.715682
152 0.000000 0.649610 0.350390
528 0.257009 0.296798 0.446193
528 0.434836 0.290003 0.275162
262 0.390959 0.584666 0.024376
262 0.445030 0.554970 0.000000
528 0.713785 0.276101 0.010114
262 0.135885 0.608508 0.255606
263 0.352442 0.000000 0.647558
263 0.415801 0.071052 0.513148
263 0.453259 0.061164 0.485578
605 0.284550 0.188219 0.527231
420 0.325494 0.353340 0.321166
605 0.631309 0.190756 0.177935
605 0.256079 0.609387 0.134534
604 0.327991 0.335328 0.336681
98 0.466815 0.251899 0.281286
2184 0.387037 0.295511 0.317453
419 0.438532 0.308065 0.253403
2183 0.000000 0.745650 0.254350
263 0.279457 0.000000 0.720543
263 0.230417 0.094278 0.675306
238 0.440091 0.290582 0.269327
238 0.042827 0.000000 0.957173
2206 0.000000 0.385745 0.614255
2422 0.124142 0.034021 0.841837
238 0.000000 0.477572 0.522428
30 0.000000 0.000000 1.000000
239 0.642464 0.334858 0.022678
30 0.092489 0.000000 0.907511
2393 0.041538 0.134874 0.823588
2179 0.000000 0.608209 0.391791
106 0.343926 0.656074 0.000000
2179 0.403891 0.056514 0.539595
2177 0.573993 0.000000 0.426007
106 0.352294 0.647706 0.000000
2179 0.366007 0.118560 0.515433
2176 0.704083 0.000000 0.295917
2176 0.689520 0.000000 0.310480
2176 0.686053 0.000000 0.313947
263 0.493620 0.000000 0.506380
263 0.487831 0.000000 0.512169
263 0.482096 0.000000 0.517904
537 0.502365 0.000000 0.497635
537 0.535138 0.012884 0.451978
263 0.489268 0.000000 0.510732
14 0.000000 1.000000 0.000000
15 0.000000 0.772063 0.227937
15 0.000000 0.898643 0.101357
14 0.000000 1.000000 0.000000
54 0.000000 0.000000 1.000000
59 0.000000 0.564034 0.435966
528 0.165908 0.312375 0.521717
14 0.000000 1.000000 0.000000
14 0.000000 1.000000 0.000000
441 0.018562 0.478426 0.503012
54 0.000000 0.104351 0.895649
57 0.000000 0.000000 1.000000
441 0.000000 0.325402 0.674598
54 0.000000 0.415854 0.584146
57 0.000000 0.000000 1.000000
57 0.000000 0.000000 1.000000
442 0.326221 0.523057 0.150721
15 0.000000 0.549168 0.450832
14 0.000000 1.000000 0.000000
604 0.483615 0.384700 0.131685
528 0.172268 0.303041 0.524691
263 0.441228 0.000000 0.558772
537 0.528877 0.000000 0.471123
537 0.525109 0.000000 0.474891
536 0.464875 0.323268 0.211857
536 0.630252 0.336205 0.033543
2179 0.226146 0.265123 0.508731
2176 0.730718 0.000000 0.269282
2179 0.000000 0.510048 0.489952
2177 0.537658 0.175593 0.286749
536 0.114893 0.282105 0.603002
2181 0.000000 0.683482 0.316518
2179 0.000000 0.489551 0.510449
2180 0.377551 0.622449 0.000000
2177 0.729963 0.000000 0.270037
2179 0.179760 0.254378 0.565862
536 0.241114 0.316364 0.442521
2179 0.000000 0.594566 0.405434
2177 0.603459 0.000000 0.396541
537 0.592489 0.000000 0.407511
263 0.357969 0.000000 0.642031
263 0.280677 0.000000 0.719323
2179 0.390196 0.000000 0.609804
2179 0.000000 0.546464 0.453536
2176 0.692521 0.000000 0.307479
153 0.000000 0.421545 0.578455
2177 0.641576 0.000000 0.358424
2179 0.000000 0.492576 0.507424
2177 0.663233 0.000000 0.336767
2180 0.545247 0.454753 0.000000
1466 0.087428 0.550393 0.362178
537 0.551756 0.114055 0.334189
263 0.470781 0.000000 0.529219
537 0.564504 0.200236 0.235260
263 0.452127 0.000000 0.547873
537 0.568741 0.249499 0.181761
263 0.443258 0.000000 0.556742
14 0.000000 1.000000 0.000000
14 0.000000 1.000000 0.000000
30 0.905667 0.000000 0.094333
14 0.000000 1.000000 0.000000
14 0.000000 1.000000 0.000000
14 0.000000 1.000000 0.000000
14 0.000000 1.000000 0.000000
14 0.000000 1.000000 0.000000
14 0.000000 1.000000 0.000000
30 0.280148 0.000000 0.719852
30 0.523035 0.000000 0.476965
30 0.797215 0.000000 0.202785
262 0.480940 0.519060 0.000000
262 0.346035 0.495871 0.158094
528 0.433139 0.400194 0.166667
263 0.467249 0.191677 0.341075
262 0.428019 0.571981 0.000000
262 0.467025 0.532975 0.000000
14 0.000000 1.000000 0.000000
262 0.420123 0.579877 0.000000
263 0.427850 0.033473 0.538677
263 0.399469 0.000000 0.600531
263 0.376937 0.000000 0.623063
14 0.000000 1.000000 0.000000
58 0.000000 1.000000 0.000000
14 0.000000 1.000000 0.000000
14 0.000000 1.000000 0.000000
14 0.000000 1.000000 0.000000
14 0.000000 1.000000 0.000000
14 0.000000 1.000000 0.000000
14 0.000000 1.000000 0.000000
14 0.000000 1.000000 0.000000
14 0.000000 1.000000 0.000000
14 0.000000 1.000000 0.000000
14 0.000000 1.000000 0.000000
6934 0.000000 0.000000 1.000000
14 0.000000 1.000000 0.000000
14 0.000000 1.000000 0.000000
14 0.000000 1.000000 0.000000
14 0.000000 1.000000 0.000000
14 0.000000 1.000000 0.000000
14 0.000000 1.000000 0.000000
14 0.000000 1.000000 0.000000
14 0.000000 1.000000 0.000000
14 0.000000 1.000000 0.000000
14 0.000000 1.000000 0.000000
14 0.000000 1.000000 0.000000
14 0.000000 1.000000 0.000000
6934 0.000000 0.000000 1.000000
6934 0.000000 0.000000 1.000000
6934 0.000000 0.000000 1.000000
6934 0.000000 0.000000 1.000000
594 0.604744 0.000000 0.395256
594 0.744056 0.000000 0.255944
594 0.758527 0.000000 0.241473
594 0.611856 0.000000 0.388144
6934 0.000000 0.000000 1.000000
6934 0.000000 0.000000 1.000000
6934 0.000000 0.000000 1.000000
6934 0.000000 0.000000 1.000000
6934 0.000000 0.000000 1.000000
6934 0.000000 0.000000 1.000000
6934 0.000000 0.000000 1.000000
2182 0.691118 0.000000 0.308882
2182 0.679334 0.000000 0.320666
594 0.870603 0.000000 0.129397
2417 0.152030 0.000000 0.847970
594 0.931768 0.000000 0.068232
594 0.953907 0.000000 0.046093
594 0.865966 0.000000 0.134034
594 0.902251 0.000000 0.097749
594 0.988037 0.000000 0.011963
60 1.000000 0.000000 0.000000
6934 0.000000 0.000000 1.000000
6934 0.000000 0.000000 1.000000
6934 0.000000 0.000000 1.000000
2182 0.712345 0.000000 0.287655
614 0.597749 0.402251 0.000000
2182 0.720267 0.000000 0.279733
2182 0.697228 0.000000 0.302772
2183 0.707908 0.292092 0.000000
276 0.613507 0.000000 0.386493
276 0.584960 0.000000 0.415040
60 1.000000 0.000000 0.000000
60 1.000000 0.000000 0.000000
60 1.000000 0.000000 0.000000
60 1.000000 0.000000 0.000000
60 1.000000 0.000000 0.000000
60 1.000000 0.000000 0.000000
60 1.000000 0.000000 0.000000
60 1.000000 0.000000 0.000000
276 0.533918 0.000000 0.466082
276 0.564950 0.000000 0.435050
9299 0.713599 0.000000 0.286401
6940 0.838457 0.146632 0.014911
6940 1.000000 0.000000 0.000000
6940 0.281839 0.718161 0.000000
7146 0.000000 0.036584 0.963416
7208 1.000000 0.000000 0.000000
7136 0.249040 0.000000 0.750960
6940 0.676952 0.323048 0.000000
7149 0.744780 0.000000 0.255220
9281 0.173442 0.733791 0.092767
7126 0.921706 0.000000 0.078294
7330 0.000000 0.332552 0.667448
7149 0.353465 0.000000 0.646535
7149 0.000000 0.151841 0.848159
6934 0.000000 1.000000 0.000000
6934 0.000000 1.000000 0.000000
6934 0.000000 0.620908 0.379092
6934 0.000000 0.003455 0.996545
6934 0.000000 0.000000 1.000000
6934 0.316440 0.683560 0.000000
6939 0.247912 0.544395 0.207694
9091 0.221583 0.534798 0.243619
9091 0.195889 0.287002 0.517108
6938 0.000000 0.421132 0.578868
9087 0.000000 0.769684 0.230316
9086 0.065357 0.425448 0.509195
7481 0.194309 0.000000 0.805691
9086 0.501347 0.189843 0.308810
6920 0.342449 0.295562 0.361989
6920 0.000000 0.408488 0.591512
6921 0.727035 0.224788 0.048177
9299 0.178976 0.821024 0.000000
9034 0.366222 0.011519 0.622259
9034 0.591764 0.021974 0.386262
7169 0.502839 0.000000 0.497161
7169 0.842488 0.000000 0.157512
6936 0.131820 0.507224 0.360956
7481 0.925092 0.000000 0.074908
7137 0.000000 0.274400 0.725600
6937 0.125545 0.645307 0.229147
12333 0.222765 0.029022 0.748213
11927 0.117833 0.526275 0.355891
5023 0.451517 0.548483 0.000000
6929 0.428269 0.058517 0.513214
6928 0.205574 0.000000 0.794426
7130 0.117567 0.593677 0.288756
9077 0.342097 0.045419 0.612484
9075 0.160362 0.289156 0.550482
6959 0.000000 0.255507 0.744493
6959 0.099047 0.435419 0.465534
6958 0.111904 0.293343 0.594753
6989 0.327387 0.325106 0.347507
9079 0.276074 0.205192 0.518734
9080 0.540434 0.132376 0.327191
6928 0.194425 0.000000 0.805575
9080 0.145992 0.075297 0.778711
6956 0.256096 0.524299 0.219605
7478 0.307096 0.271998 0.420906
7482 0.425164 0.000000 0.574836
6947 0.634888 0.086391 0.278720
6958 0.348176 0.000000 0.651824
7479 0.000000 0.624277 0.375723
5030 0.070514 0.658629 0.270857
250 0.061310 0.931868 0.006822
5436 0.438976 0.561024 0.000000
13717 0.000000 0.800716 0.199284
13717 0.000000 0.305452 0.694548
6828 1.000000 0.000000 0.000000
9302 0.378369 0.394991 0.226640
11905 0.440447 0.175003 0.384551
7144 0.202730 0.270293 0.526978
7145 0.326244 0.493461 0.180295
7145 0.434935 0.006842 0.558223
7145 0.859877 0.009787 0.130336
11907 0.193927 0.356776 0.449298
11908 0.851430 0.059597 0.088972
9084 0.350202 0.000000 0.649798
9084 0.220389 0.301938 0.477672
9085 0.640449 0.326522 0.033029
9084 0.629936 0.118415 0.251649
7480 0.292403 0.687993 0.019604
7480 0.511377 0.462023 0.026600
7480 0.529005 0.470995 0.000000
7480 0.303584 0.696416 0.000000
7480 0.822194 0.177806 0.000000
6937 0.843026 0.009228 0.147745
7143 0.000000 0.179766 0.820234
7480 0.799571 0.200429 0.000000
13719 0.413795 0.122154 0.464051
6831 0.151063 0.000000 0.848937
11908 0.076566 0.114189 0.809245
13718 0.553456 0.082506 0.364038
13718 0.240407 0.409536 0.350057
13719 0.086476 0.638891 0.274633
11908 0.429244 0.079804 0.490952
11908 0.336186 0.596389 0.067425
2395 0.000000 0.071091 0.928909
55 0.587240 0.000000 0.412760
54 0.000000 0.000000 1.000000
54 0.000000 0.088404 0.911596
186 0.000000 0.438214 0.561786
186 0.000000 0.048318 0.951682
59 0.000000 0.078527 0.921473
57 0.000000 0.000000 1.000000
260 0.702577 0.264490 0.032933
442 0.913939 0.067011 0.019049
442 0.451630 0.011542 0.536829
261 0.284095 0.410931 0.304974
2395 0.000000 0.418519 0.581481
2396 0.573732 0.328663 0.097605
59 0.594791 0.343757 0.061453
59 0.021093 0.626618 0.352289
45 0.000000 0.000000 1.000000
58 0.513010 0.123457 0.363533
58 0.020183 0.443307 0.536510
58 0.000000 0.794770 0.205230
51 0.222932 0.160978 0.616090
2196 0.000000 0.473595 0.526405
33 0.437168 0.266757 0.296076
33 0.223990 0.467976 0.308033
603 0.171722 0.000000 0.828278
33 0.688583 0.147215 0.164202
593 0.582753 0.346396 0.070851
280 0.551068 0.000000 0.448932
280 0.802689 0.008744 0.188567
592 0.000000 0.665125 0.334875
2412 0.009218 0.291104 0.699678
43 0.000000 0.622418 0.377582
43 0.000000 0.244393 0.755607
2412 0.080042 0.001302 0.918656
52 0.151492 0.220960 0.627548
255 0.466337 0.381209 0.152454
255 0.000000 0.203542 0.796458
2398 0.623975 0.267166 0.108859
45 0.000000 0.000000 1.000000
58 0.965415 0.000000 0.034585
5040 0.528475 0.384152 0.087373
243 0.344103 0.636810 0.019087
40 0.336030 0.663970 0.000000
41 0.119982 0.431115 0.448903
2188 0.553407 0.333853 0.112740
2190 0.583145 0.067222 0.349633
100 0.332367 0.359489 0.308144
71 0.460831 0.188557 0.350612
70 0.085818 0.571161 0.343022
70 0.538318 0.461682 0.000000
2192 0.635809 0.164949 0.199242
2192 0.373948 0.162976 0.463076
2191 0.434195 0.214988 0.350817
2191 0.537838 0.322280 0.139882
69 0.276056 0.521419 0.202525
2401 0.000000 0.340225 0.659775
597 0.693214 0.023049 0.283737
591 0.417305 0.147767 0.434929
39 0.415985 0.000000 0.584015
71 0.494789 0.000000 0.505211
250 0.563465 0.423087 0.013449
5017 0.242540 0.667152 0.090307
50 0.000000 0.702799 0.297201
2201 0.615980 0.000000 0.384020
2201 0.421740 0.000000 0.578260
51 0.301045 0.449629 0.249326
2195 0.511399 0.000000 0.488601
2195 0.491569 0.257680 0.250751
2196 0.422071 0.224756 0.353173
2195 0.191192 0.000000 0.808808
257 0.638620 0.148184 0.213196
257 0.123056 0.400510 0.476434
2195 0.862454 0.000000 0.137546
603 0.826340 0.000000 0.173660
61 0.000000 0.199280 0.800720
61 0.000000 0.243126 0.756874
61 0.000000 0.472577 0.527423
61 0.000000 0.434177 0.565823
61 0.000000 0.673437 0.326563
61 0.000000 0.710958 0.289042
255 0.000000 0.893337 0.106663
61 0.000000 0.950504 0.049496
2418 0.234958 0.120655 0.644387
2418 0.015148 0.496278 0.488574
5019 0.450788 0.196576 0.352636
6830 0.395535 0.293469 0.310996
5020 0.319856 0.662618 0.017526
5019 0.063673 0.220146 0.716181
256 0.513954 0.189354 0.296692
5020 0.294862 0.274596 0.430542
7142 0.000000 0.032896 0.967104
7142 0.000000 0.202047 0.797953
7140 0.963895 0.000000 0.036105
7142 0.000000 0.169936 0.830064
7142 0.000000 0.330805 0.669195
7142 0.000000 0.521738 0.478262
7143 0.531949 0.086076 0.381975
7143 0.221170 0.455754 0.323077
2417 0.000000 0.658294 0.341706
2417 0.323936 0.432593 0.243471
2417 0.000000 0.481790 0.518210
2417 0.100042 0.379045 0.520913
2417 0.383516 0.223508 0.392976
2417 0.656448 0.192590 0.150963
2418 0.192056 0.747718 0.060226
2418 0.392555 0.366263 0.241182
9081 0.493263 0.201947 0.304790
9292 0.243928 0.341491 0.414581
9291 0.000000 0.633297 0.366703
9081 0.000000 0.163341 0.836659
6948 0.000000 0.448032 0.551968
6949 0.296675 0.672628 0.030697
6949 0.226036 0.474395 0.299570
6949 0.091325 0.250510 0.658165
9081 0.226426 0.605311 0.168264
9297 0.922492 0.057176 0.020332
9297 0.191775 0.111018 0.697207
9082 0.434203 0.243962 0.321835
9291 0.089286 0.555391 0.355323
9291 0.000000 0.179954 0.820046
7483 0.000000 0.139016 0.860984
9291 0.471670 0.103118 0.425212
7141 0.192838 0.257268 0.549894
6947 0.000000 0.579637 0.420363
6947 0.000000 0.308702 0.691298
7141 0.440437 0.442625 0.116938
7140 0.000000 0.135493 0.864507
6947 0.000000 0.000000 1.000000
6947 0.000000 0.000000 1.000000
7140 0.042854 0.000000 0.957146
9306 0.297495 0.554971 0.147534
7483 0.328400 0.481666 0.189934
6929 0.205393 0.000000 0.794607
6929 0.562598 0.000000 0.437402
11901 0.000000 0.465286 0.534714
9298 0.376073 0.335830 0.288098
11912 0.000000 0.244015 0.755985
5023 0.427541 0.572459 0.000000
5415 0.227316 0.468650 0.304034
12302 0.207400 0.410680 0.381920
70 0.633309 0.081144 0.285548
2403 0.000000 0.602690 0.397310
2403 0.000000 0.909952 0.090048
2404 0.577727 0.271197 0.151076
2403 0.000000 0.270310 0.729690
2403 0.000000 0.187136 0.812864
2403 0.066821 0.319806 0.613372
2403 0.284180 0.453865 0.261955
2191 0.369736 0.000000 0.630264
2194 0.431673 0.377848 0.190479
2193 0.192826 0.560167 0.247007
2191 0.801665 0.000000 0.198335
70 0.288471 0.185530 0.525999
71 0.836062 0.060561 0.103377
594 0.266964 0.618467 0.114570
2404 0.454570 0.105768 0.439662
