12879 0.539168 0.443701 0.017130
12877 0.057545 0.272446 0.670009
12669 0.449206 0.532077 0.018717
12878 0.688409 0.032551 0.279040
12878 0.138687 0.659933 0.201380
12667 0.552901 0.382686 0.064412
12877 0.832191 0.009438 0.158371
12671 0.421480 0.442178 0.136343
12876 0.160254 0.239931 0.599815
12672 0.725348 0.240140 0.034512
12487 0.748395 0.096735 0.154870
12880 0.482295 0.449499 0.068206
12490 0.397673 0.589602 0.012725
12663 0.251488 0.036181 0.712331
12673 0.519416 0.156119 0.324464
12835 0.431110 0.191286 0.377604
12803 0.335695 0.011143 0.653162
12841 0.136617 0.825473 0.037910
12805 0.447569 0.463747 0.088684
12883 0.177259 0.283193 0.539548
12837 0.491788 0.508212 0.000000
5913 0.007680 0.799716 0.192605
5913 0.108517 0.223422 0.668061
12673 0.083431 0.468389 0.448179
12833 0.049855 0.360355 0.589790
12834 0.361585 0.469290 0.169125
12808 0.109464 0.861587 0.028948
5988 0.433790 0.264775 0.301435
12811 0.543501 0.139370 0.317128
5774 0.382566 0.563927 0.053507
12874 0.050274 0.546386 0.403339
12455 0.055196 0.123927 0.820877
13332 0.634779 0.328926 0.036295
5978 0.029266 0.414971 0.555763
6440 0.530995 0.227607 0.241398
12819 0.277782 0.458990 0.263228
6444 0.839640 0.107851 0.052509
5913 0.593182 0.308766 0.098052
12544 0.147263 0.792054 0.060682
12475 0.710878 0.261739 0.027383
12824 0.793350 0.042269 0.164380
12838 0.385904 0.409354 0.204742
12837 0.791450 0.208550 0.000000
5954 0.652950 0.062610 0.284440
12812 0.491618 0.013810 0.494572
13327 0.458406 0.002083 0.539511
12506 0.000000 0.805771 0.194229
5914 0.438271 0.463514 0.098215
5967 0.200003 0.703933 0.096064
5990 0.203795 0.324565 0.471639
5911 0.460301 0.501430 0.038268
12441 0.280615 0.000000 0.719385
12435 0.390632 0.437246 0.172122
12455 0.469628 0.433370 0.097002
5972 0.335495 0.074626 0.589879
12846 0.249521 0.128807 0.621672
12856 0.954994 0.022412 0.022594
12424 0.256306 0.422150 0.321544
12861 0.053339 0.640501 0.306161
12808 0.633656 0.327806 0.038537
12807 0.255679 0.493039 0.251282
12837 0.136753 0.133330 0.729918
12770 0.330342 0.066492 0.603166
12661 0.128447 0.279577 0.591977
5989 0.274213 0.042762 0.683025
5883 0.651022 0.090405 0.258574
5772 0.552370 0.349578 0.098052
6439 0.258384 0.444436 0.297180
12407 0.743519 0.093161 0.163319
5783 0.432597 0.539258 0.028145
12885 0.556028 0.202363 0.241609
5986 0.148499 0.695108 0.156393
12818 0.537055 0.332435 0.130510
12759 0.000000 0.531218 0.468782
12815 0.340592 0.004214 0.655194
5775 0.052987 0.255959 0.691053
12762 0.393777 0.051299 0.554924
5911 0.451184 0.100500 0.448315
13318 0.404181 0.212182 0.383637
12481 0.000000 0.981396 0.018604
12472 0.000950 0.250093 0.748957
5919 0.366050 0.007802 0.626149
5950 0.440757 0.153570 0.405673
5993 0.189344 0.210496 0.600160
12406 0.601107 0.037427 0.361467
5668 0.348531 0.053843 0.597626
12762 0.774237 0.128749 0.097014
12808 0.289201 0.141827 0.568972
12769 0.203431 0.009170 0.787399
12416 0.108191 0.617929 0.273880
12873 0.102670 0.287006 0.610324
5926 0.659797 0.298740 0.041463
12536 0.018114 0.078089 0.903797
12510 0.322773 0.151764 0.525462
12551 0.215056 0.463339 0.321604
5880 0.294510 0.221079 0.484411
12559 0.871793 0.112550 0.015657
5554 0.903344 0.000000 0.096656
5547 0.079559 0.166538 0.753903
5587 0.117985 0.352673 0.529343
12407 0.452579 0.526308 0.021112
5922 0.488748 0.307118 0.204134
5657 0.398993 0.595002 0.006005
5927 0.413336 0.125350 0.461315
5883 0.476134 0.419408 0.104458
5685 0.782024 0.160350 0.057626
5935 0.128546 0.685027 0.186427
12434 0.085703 0.035358 0.878938
5926 0.016712 0.396539 0.586749
12664 0.137692 0.568364 0.293944
12661 0.366969 0.502703 0.130328
5987 0.083737 0.344097 0.572166
5964 0.050205 0.357948 0.591847
12798 0.271203 0.217781 0.511016
5929 0.465645 0.206799 0.327556
5932 0.689873 0.148157 0.161969
5618 0.915215 0.054932 0.029853
12559 0.210533 0.497765 0.291702
5571 0.046527 0.809043 0.144431
12872 0.435836 0.553483 0.010682
12484 0.459936 0.488071 0.051993
5521 0.453702 0.083550 0.462749
5882 0.242943 0.085941 0.671117
12536 0.146192 0.495132 0.358677
5584 0.030256 0.333476 0.636268
5593 0.090286 0.640874 0.268840
12500 0.663760 0.000000 0.336240
5962 0.264399 0.105336 0.630265
6437 0.509082 0.322877 0.168041
5844 0.536894 0.451143 0.011963
12417 0.396114 0.188459 0.415427
5546 0.613011 0.004929 0.382060
12825 0.041177 0.766972 0.191851
5649 0.395728 0.194615 0.409656
12754 0.048492 0.000000 0.951508
5992 0.307308 0.330028 0.362664
5772 0.379650 0.287608 0.332742
5629 0.788240 0.000000 0.211760
12771 0.510691 0.259323 0.229986
12759 0.000000 0.088547 0.911453
5656 0.588009 0.046758 0.365233
12770 0.658737 0.318064 0.023199
5927 0.030439 0.458869 0.510693
6430 0.247667 0.536276 0.216057
12818 0.376287 0.123835 0.499878
12399 0.000000 0.987378 0.012622
12816 0.164807 0.293736 0.541457
5531 0.000000 0.463962 0.536038
5648 0.167482 0.063213 0.769306
5784 0.604520 0.272882 0.122598
12814 0.165683 0.809465 0.024852
5656 0.217940 0.079403 0.702657
5984 0.716940 0.032735 0.250325
12587 0.306242 0.527413 0.166345
5592 0.164641 0.646668 0.188691
5947 0.803452 0.117117 0.079431
5918 0.162166 0.729015 0.108819
5669 0.674317 0.022129 0.303554
5932 0.074560 0.215043 0.710398
5923 0.612424 0.067819 0.319757
5555 0.923825 0.000000 0.076175
6430 0.152558 0.387021 0.460421
5670 0.246587 0.229677 0.523736
12798 0.040103 0.119449 0.840449
5951 0.515530 0.133282 0.351189
5658 0.200212 0.669313 0.130475
12828 0.528955 0.374075 0.096970
5636 0.618846 0.295482 0.085672
5530 0.394123 0.542260 0.063617
12769 0.189764 0.367727 0.442509
5934 0.186078 0.042914 0.771008
6429 0.033061 0.896444 0.070494
5942 0.685054 0.065563 0.249383
12544 0.174219 0.391254 0.434528
12457 0.990434 0.000000 0.009566
5668 0.213065 0.430982 0.355953
5947 0.133275 0.191636 0.675089
5928 0.268328 0.328306 0.403365
12562 0.563434 0.362480 0.074086
5680 0.403557 0.146543 0.449900
5613 0.828616 0.000000 0.171384
5772 0.027381 0.601063 0.371557
5945 0.215653 0.479542 0.304804
12732 0.464790 0.528902 0.006308
5879 0.786488 0.057751 0.155761
5675 0.437007 0.261444 0.301550
12759 0.096389 0.491028 0.412583
12536 0.694096 0.011575 0.294330
12526 0.047321 0.245549 0.707130
12773 0.155734 0.685918 0.158348
12754 0.253971 0.070408 0.675621
5670 0.066720 0.748503 0.184777
12885 0.266251 0.168663 0.565085
12558 0.211915 0.602986 0.185099
5580 0.026855 0.022710 0.950435
12406 0.134184 0.750339 0.115477
12417 0.000000 0.462731 0.537269
5984 0.425394 0.386377 0.188229
12817 0.236431 0.475520 0.288049
5649 0.001166 0.497200 0.501634
12757 0.029509 0.059246 0.911245
12826 0.085572 0.226456 0.687972
5617 0.235236 0.058536 0.706228
12510 0.000000 0.583581 0.416419
12761 0.181893 0.350585 0.467522
5881 0.850103 0.038529 0.111368
12816 0.370321 0.434640 0.195039
12575 0.507875 0.327442 0.164683
13318 0.251416 0.564982 0.183602
5581 0.310956 0.409771 0.279272
12758 0.057957 0.833250 0.108794
12664 0.497437 0.402744 0.099819
5877 0.713749 0.104223 0.182028
5513 0.325844 0.432640 0.241516
12756 0.019200 0.906613 0.074187
12504 0.173411 0.413960 0.412629
5845 0.276927 0.617884 0.105189
12481 0.000000 0.206522 0.793478
5777 0.117532 0.624245 0.258222
12517 0.610559 0.236317 0.153124
5538 1.000000 0.000000 0.000000
12550 0.169081 0.271125 0.559794
5530 0.097502 0.147649 0.754850
5949 0.246656 0.447839 0.305505
5939 0.491985 0.193664 0.314352
5671 0.722387 0.015613 0.261999
5948 0.012145 0.000000 0.987855
12546 0.049270 0.694102 0.256629
12535 0.000000 0.270511 0.729489
12468 0.141894 0.775281 0.082825
5946 0.053241 0.904096 0.042663
12401 0.512651 0.178071 0.309279
5519 0.770564 0.170869 0.058566
12733 0.316444 0.367989 0.315567
12556 0.711202 0.097104 0.191694
13317 0.180675 0.727761 0.091564
12827 0.251359 0.737582 0.011059
5520 0.236704 0.696791 0.066506
5929 0.253236 0.266174 0.480590
12850 0.610342 0.206026 0.183632
5592 0.407333 0.592667 0.000000
5872 0.772096 0.214746 0.013158
5636 0.182750 0.042189 0.775061
5921 0.789513 0.157504 0.052984
5634 0.038390 0.834715 0.126895
5772 0.082169 0.418772 0.499059
12578 0.049749 0.806794 0.143457
5564 0.293050 0.536824 0.170126
5931 0.389086 0.428703 0.182211
5996 0.505982 0.107264 0.386755
12586 0.475075 0.224592 0.300333
6428 0.305368 0.381682 0.312951
5930 0.286625 0.223236 0.490139
5943 0.703472 0.063093 0.233436
12763 0.526260 0.310992 0.162748
5867 0.547917 0.000000 0.452083
5879 0.608794 0.052202 0.339004
12765 0.261660 0.203221 0.535119
12734 0.041810 0.879396 0.078795
5997 0.396713 0.202664 0.400624
12767 0.905617 0.036417 0.057967
12536 0.233427 0.685781 0.080792
5939 0.039716 0.539898 0.420385
12555 0.005985 0.783661 0.210354
5872 0.140932 0.337228 0.521841
5959 0.250199 0.029482 0.720319
5622 0.081061 0.004631 0.914308
12417 0.000000 0.834262 0.165738
5941 0.736779 0.048075 0.215146
12885 0.079358 0.042124 0.878518
12461 0.549032 0.186166 0.264803
12406 0.213904 0.786096 0.000000
5871 0.059293 0.833349 0.107358
5670 0.013805 0.984015 0.002179
12554 0.474434 0.475707 0.049860
6428 0.069998 0.490612 0.439390
12764 0.132568 0.066097 0.801335
5671 0.232089 0.015267 0.752644
12735 0.060803 0.416798 0.522399
12660 0.368075 0.298478 0.333447
12661 0.673331 0.116706 0.209963
12402 0.813824 0.010667 0.175509
5876 0.209176 0.425185 0.365639
12457 0.496367 0.023985 0.479648
12536 0.666849 0.277981 0.055169
5931 0.358299 0.055663 0.586038
5929 0.099420 0.890650 0.009930
5698 0.567655 0.313016 0.119329
5522 0.459078 0.540922 0.000000
5948 0.577255 0.233720 0.189026
12768 0.002801 0.195898 0.801300
5656 0.043813 0.017292 0.938895
5671 0.123805 0.441286 0.434909
12816 0.009234 0.861014 0.129752
5884 0.133726 0.462787 0.403486
5773 0.300830 0.434586 0.264584
12754 0.551557 0.391303 0.057140
5528 0.000000 0.854443 0.145557
12873 0.666610 0.175671 0.157718
12827 0.057002 0.235622 0.707376
5518 0.623745 0.309152 0.067104
5865 0.296836 0.602010 0.101154
5845 0.215134 0.288287 0.496579
5640 0.109684 0.866347 0.023970
5870 0.707395 0.054188 0.238417
5663 0.220906 0.679073 0.100021
5777 0.396996 0.313226 0.289778
12755 0.570852 0.354142 0.075006
5996 0.486890 0.382018 0.131092
12757 0.481085 0.339941 0.178974
5984 0.119577 0.375475 0.504948
5513 0.000000 0.922233 0.077767
5528 0.047499 0.530165 0.422336
12488 0.063099 0.020588 0.916313
5572 0.456483 0.000000 0.543517
5776 0.117750 0.031897 0.850352
5997 0.114906 0.645926 0.239168
12495 0.040456 0.329026 0.630518
5640 0.855287 0.009363 0.135350
12555 0.105128 0.350117 0.544755
5931 0.946655 0.043048 0.010297
5875 0.355998 0.520306 0.123696
12769 0.000000 0.751863 0.248137
5867 0.477577 0.215547 0.306876
5880 0.000000 0.694930 0.305070
5507 0.211063 0.379948 0.408989
5655 0.514192 0.037932 0.447876
5985 0.148452 0.352101 0.499447
5580 0.001784 0.687632 0.310584
5519 0.337821 0.234150 0.428029
12775 0.421169 0.301324 0.277507
5560 0.263332 0.236175 0.500493
12588 0.745016 0.027544 0.227440
12753 0.832405 0.123100 0.044495
12414 0.113085 0.331814 0.555101
12765 0.124841 0.429886 0.445274
12760 0.238333 0.351089 0.410577
5845 0.588513 0.390885 0.020602
12560 0.609258 0.124011 0.266731
12427 0.542177 0.058172 0.399651
12412 0.100395 0.749743 0.149862
5886 0.532250 0.155468 0.312281
12768 0.222219 0.401310 0.376471
5657 0.201253 0.078817 0.719930
5985 0.708333 0.276149 0.015518
5847 0.211654 0.487354 0.300992
5662 0.437459 0.000000 0.562541
12540 0.313276 0.516584 0.170140
12771 0.045501 0.435467 0.519033
5560 0.879632 0.043526 0.076843
12758 0.193306 0.393916 0.412778
5846 0.206455 0.543088 0.250457
12735 0.575743 0.356888 0.067369
5699 0.662542 0.264473 0.072985
12766 0.225932 0.610270 0.163798
5882 0.796334 0.114299 0.089367
5583 0.054224 0.101017 0.844759
12763 0.051639 0.649802 0.298559
5773 0.567051 0.004773 0.428175
12733 0.643885 0.211293 0.144822
12470 0.340648 0.400988 0.258365
12456 0.498823 0.374564 0.126613
5885 0.091177 0.824541 0.084282
12737 0.250855 0.364555 0.384589
5868 0.734580 0.013607 0.251813
12886 0.372649 0.303787 0.323564
5673 0.501482 0.289958 0.208560
12535 0.343534 0.210053 0.446414
5639 0.451536 0.003421 0.545043
5999 0.010571 0.563403 0.426026
12411 0.059990 0.006577 0.933433
13316 0.297263 0.346410 0.356327
12426 0.000000 0.810427 0.189573
5879 0.067282 0.578732 0.353986
12444 0.023903 0.056124 0.919973
5879 0.114758 0.126495 0.758747
12555 0.448845 0.095369 0.455786
12451 0.260981 0.182225 0.556794
5669 0.087742 0.906684 0.005574
5561 0.087781 0.908867 0.003352
12682 0.068651 0.224428 0.706921
5524 0.145230 0.854770 0.000000
12772 0.026477 0.176812 0.796711
5568 0.165927 0.326144 0.507929
5604 0.104593 0.657251 0.238156
5533 0.458341 0.218916 0.322743
12554 0.429861 0.115584 0.454555
5524 0.359119 0.416636 0.224245
5560 0.638651 0.361349 0.000000
5519 0.000000 0.539109 0.460891
5846 0.416919 0.238682 0.344400
12768 0.855340 0.007244 0.137417
5872 0.138103 0.757748 0.104148
12428 0.307984 0.654855 0.037161
6428 0.095808 0.041485 0.862708
12411 0.214424 0.467496 0.318080
12657 0.374894 0.441089 0.184018
12764 0.044235 0.811443 0.144322
5846 0.524293 0.088979 0.386728
5652 0.312845 0.314896 0.372260
5653 0.160488 0.197058 0.642454
6429 0.304905 0.236273 0.458822
12429 0.369104 0.133029 0.497867
12513 0.458325 0.367172 0.174504
5877 0.071668 0.604275 0.324057
12758 0.070256 0.042964 0.886780
12899 0.155888 0.290136 0.553976
12501 0.229764 0.013357 0.756879
12420 0.218731 0.160780 0.620489
5827 0.461387 0.142583 0.396029
12764 0.484075 0.276322 0.239603
5773 0.255870 0.016204 0.727926
12540 0.197378 0.029298 0.773325
5886 0.127177 0.140242 0.732581
12766 0.719529 0.275635 0.004835
5548 0.234423 0.133751 0.631826
5865 0.427684 0.146818 0.425497
5846 0.795086 0.048861 0.156053
5562 0.426467 0.322846 0.250687
5849 0.015800 0.657867 0.326333
12436 0.434839 0.329169 0.235992
5855 0.204165 0.228121 0.567714
5845 0.590090 0.041833 0.368077
5582 0.231317 0.601126 0.167557
5846 0.370571 0.228285 0.401144
12412 0.467013 0.083022 0.449964
12411 0.301342 0.056689 0.641969
12534 0.586233 0.228801 0.184966
5827 0.012915 0.170574 0.816511
13313 0.056570 0.166134 0.777296
5701 0.152589 0.732390 0.115021
12580 0.411666 0.299655 0.288679
12457 0.019096 0.578869 0.402035
12719 0.046282 0.574725 0.378992
12734 0.513988 0.076745 0.409267
5846 0.401056 0.151868 0.447076
12438 0.688031 0.262485 0.049484
12772 0.915839 0.065338 0.018824
12700 0.851568 0.007697 0.140735
5814 0.609601 0.161575 0.228824
5645 0.224753 0.752586 0.022661
12561 0.399083 0.221416 0.379501
12715 0.719885 0.278829 0.001287
12492 0.078247 0.087337 0.834416
12887 0.326544 0.192107 0.481349
12760 0.721706 0.241139 0.037154
5871 0.266821 0.265598 0.467581
5873 0.221700 0.256824 0.521476
12471 0.443771 0.388440 0.167788
5846 0.098439 0.279438 0.622124
12659 0.175690 0.148195 0.676115
5509 0.585792 0.232879 0.181329
5523 0.343722 0.276554 0.379724
5568 0.189289 0.773609 0.037103
5795 0.771518 0.183253 0.045229
5866 0.169784 0.588468 0.241748
5887 0.594329 0.059633 0.346038
5647 0.063876 0.807341 0.128782
12444 0.413277 0.360692 0.226032
5667 0.312503 0.322110 0.365388
5556 0.142477 0.426085 0.431437
12581 0.142707 0.533879 0.323414
5594 0.059211 0.382481 0.558308
12738 0.034124 0.749557 0.216319
5852 0.504797 0.495203 0.000000
12701 0.823397 0.134114 0.042489
5666 0.334005 0.562484 0.103511
13309 0.164392 0.049151 0.786457
5869 0.793586 0.187871 0.018543
12577 0.406062 0.573743 0.020195
5849 0.395845 0.532778 0.071377
12552 0.178964 0.000000 0.821036
12534 0.884787 0.038056 0.077157
5846 0.242233 0.057104 0.700663
12686 0.261736 0.245929 0.492336
5887 0.890614 0.036111 0.073275
12439 0.200287 0.792303 0.007410
5526 0.550130 0.122117 0.327753
5849 0.026792 0.519205 0.454003
12735 0.950760 0.015667 0.033572
5539 0.437393 0.036665 0.525941
12731 0.059218 0.462035 0.478747
12410 0.291950 0.084858 0.623191
12654 0.095029 0.006856 0.898115
12410 0.482882 0.189195 0.327923
12565 0.151181 0.585909 0.262909
5842 0.538794 0.350821 0.110385
5582 0.241096 0.330458 0.428446
5999 0.693219 0.283654 0.023127
5848 0.028973 0.003749 0.967278
5533 0.375292 0.023327 0.601381
5847 0.334624 0.078391 0.586985
12420 0.000000 1.000000 0.000000
12466 0.832679 0.000000 0.167321
12703 0.153800 0.409449 0.436752
5770 0.053507 0.845948 0.100545
5621 0.259893 0.147947 0.592160
13312 0.240684 0.594486 0.164831
5798 0.461956 0.118660 0.419384
5768 0.049886 0.708395 0.241719
12532 0.394664 0.605336 0.000000
12898 0.513439 0.308373 0.178188
5700 0.451122 0.166365 0.382512
5869 0.506385 0.072019 0.421596
12405 0.231368 0.045825 0.722807
5794 0.762727 0.083661 0.153611
5852 0.382290 0.424195 0.193514
5516 0.366584 0.419528 0.213888
12899 0.548808 0.202365 0.248827
5689 0.243724 0.241324 0.514952
12499 0.124131 0.148824 0.727045
5846 0.160726 0.023974 0.815300
12740 0.255421 0.447500 0.297079
12897 0.049778 0.871755 0.078467
5850 0.456661 0.525103 0.018237
12404 0.049181 0.297521 0.653298
12467 0.051122 0.788244 0.160634
5624 0.281643 0.114516 0.603841
6011 0.204713 0.755450 0.039837
12428 0.435356 0.072472 0.492173
12471 0.165842 0.203917 0.630242
5770 0.851939 0.076254 0.071807
12405 0.355185 0.615524 0.029291
12888 0.343983 0.353720 0.302297
6420 0.723632 0.120583 0.155785
12446 0.495772 0.105156 0.399073
12688 0.266274 0.318900 0.414826
5827 0.269874 0.622346 0.107781
12691 0.234334 0.244282 0.521384
5647 0.156672 0.175691 0.667637
5563 0.099001 0.445468 0.455532
5525 0.145830 0.344473 0.509698
5840 0.031602 0.904207 0.064192
12659 0.476969 0.510870 0.012161
5516 0.066664 0.247786 0.685550
5840 0.695224 0.264149 0.040627
12515 0.541362 0.276449 0.182189
5582 0.761604 0.230363 0.008033
5804 0.637880 0.207713 0.154407
12438 0.004134 0.312394 0.683472
5543 0.066187 0.716158 0.217655
12420 0.062573 0.662854 0.274573
12439 0.701913 0.000000 0.298087
12446 0.103944 0.706771 0.189285
5830 0.178481 0.370729 0.450790
12499 0.130033 0.312918 0.557049
5541 0.178709 0.226912 0.594379
12742 0.303058 0.538339 0.158603
5804 0.054302 0.914391 0.031307
5516 0.228706 0.422430 0.348864
12404 0.002178 0.928679 0.069143
12577 0.285600 0.407139 0.307261
5689 0.676996 0.321043 0.001960
5676 0.447787 0.542412 0.009800
5802 0.522564 0.327088 0.150348
5626 0.536400 0.209780 0.253820
12692 0.030015 0.737077 0.232908
6424 0.100069 0.372997 0.526934
5842 0.345562 0.603250 0.051188
12729 0.260259 0.451770 0.287971
12499 0.271645 0.634106 0.094249
12514 0.772263 0.227737 0.000000
5527 0.139520 0.769289 0.091190
5817 0.417192 0.476828 0.105980
12478 0.146546 0.730325 0.123128
12431 0.411661 0.000000 0.588339
12714 0.318965 0.546658 0.134376
5795 0.459381 0.207800 0.332819
5816 0.133306 0.688727 0.177968
12561 0.050443 0.350144 0.599413
5817 0.539429 0.039348 0.421222
5517 0.043517 0.128660 0.827823
5840 0.338451 0.503675 0.157875
5551 0.057702 0.045714 0.896583
12889 0.690523 0.189660 0.119817
5794 0.205763 0.407720 0.386517
12430 0.150045 0.211019 0.638937
5579 0.056079 0.830977 0.112945
5578 0.765557 0.036760 0.197683
12890 0.160735 0.717863 0.121401
12701 0.255661 0.367561 0.376778
5558 0.043515 0.838249 0.118236
5563 0.000740 0.215052 0.784208
5543 0.659229 0.182449 0.158322
5767 0.675873 0.077011 0.247117
12704 0.115586 0.436021 0.448393
5692 0.524374 0.337260 0.138366
5551 0.354612 0.283441 0.361947
12702 0.544500 0.276114 0.179386
12467 0.269229 0.667173 0.063598
6000 0.217757 0.488259 0.293984
12479 0.301400 0.041005 0.657594
12729 0.438858 0.035995 0.525147
12728 0.186695 0.347423 0.465882
12686 0.439482 0.317137 0.243381
5688 0.532907 0.169057 0.298036
5826 0.540978 0.162293 0.296729
5559 0.185493 0.169516 0.644991
12681 0.281100 0.148462 0.570438
5591 0.744417 0.023968 0.231615
12739 0.509049 0.171504 0.319447
6000 0.654838 0.289298 0.055865
12895 0.950483 0.006605 0.042912
6007 0.600272 0.161497 0.238231
5812 0.017068 0.378374 0.604558
12479 0.784996 0.215004 0.000000
5591 0.473709 0.365099 0.161192
5563 0.787899 0.181165 0.030935
12478 0.084374 0.487311 0.428316
12704 0.393840 0.172296 0.433864
12890 0.588668 0.152150 0.259182
12891 0.591563 0.177975 0.230462
12655 0.422529 0.464796 0.112675
12479 0.730194 0.071858 0.197948
6011 0.452566 0.079118 0.468316
5801 0.514337 0.417944 0.067718
12447 0.036851 0.167980 0.795169
12447 0.252646 0.427086 0.320269
6001 0.611380 0.197871 0.190749
12467 0.113796 0.459272 0.426932
5590 0.149773 0.000000 0.850227
5610 0.322776 0.259513 0.417711
12681 0.565983 0.204559 0.229457
12693 0.600085 0.077519 0.322396
5801 0.015626 0.438964 0.545410
12690 0.450893 0.077251 0.471857
5660 0.735948 0.119233 0.144819
12896 0.316186 0.552852 0.130962
12654 0.692692 0.301479 0.005828
5842 0.448623 0.104949 0.446428
13312 0.477639 0.180456 0.341904
12719 0.821312 0.121080 0.057608
12743 0.279282 0.141594 0.579124
5766 0.094120 0.552387 0.353494
5813 0.147672 0.593812 0.258516
5815 0.462015 0.406009 0.131976
5843 0.171681 0.647141 0.181179
5771 0.434266 0.297296 0.268439
6003 0.372563 0.496456 0.130981
12479 0.014754 0.437964 0.547282
5578 0.422837 0.374098 0.203066
5578 0.499124 0.011119 0.489757
12658 0.524791 0.155476 0.319733
5559 0.618598 0.174793 0.206608
12479 0.529422 0.283107 0.187471
5591 0.162795 0.636351 0.200855
12466 0.412045 0.027596 0.560359
12466 0.422381 0.287809 0.289809
12654 0.075625 0.678596 0.245779
12897 0.225425 0.342896 0.431679
6002 0.589182 0.370683 0.040135
12689 0.221285 0.606229 0.172486
12731 0.563842 0.109047 0.327112
5590 0.029889 0.169950 0.800162
12685 0.963140 0.020235 0.016625
12892 0.143530 0.451493 0.404977
6006 0.428551 0.229451 0.341998
12479 0.013812 0.766815 0.219374
5590 0.876003 0.023824 0.100173
5611 0.083691 0.168723 0.747586
5823 0.016243 0.847708 0.136050
12652 0.401445 0.171806 0.426749
5579 0.155058 0.186551 0.658390
5590 0.282334 0.099601 0.618065
12710 0.742258 0.212838 0.044904
12892 0.773873 0.002318 0.223809
12895 0.582884 0.040818 0.376299
5843 0.333681 0.409979 0.256340
12466 0.047225 0.025287 0.927488
12712 0.548891 0.056281 0.394828
12715 0.108714 0.317785 0.573501
5794 0.017262 0.850953 0.131785
6006 0.107057 0.416895 0.476048
12707 0.440605 0.120461 0.438934
12647 0.246969 0.656764 0.096267
5578 0.225752 0.593780 0.180468
12894 0.290304 0.076055 0.633641
5767 0.486905 0.479785 0.033310
5590 0.097990 0.354916 0.547095
5767 0.137832 0.196408 0.665759
5590 0.127179 0.713889 0.158932
6009 0.240813 0.147243 0.611944
5579 0.413346 0.000000 0.586654
12467 0.567989 0.419568 0.012443
5766 0.559280 0.416601 0.024118
5853 0.704398 0.016683 0.278919
5851 0.280068 0.323605 0.396327
6004 0.051686 0.699107 0.249207
12467 0.396207 0.387643 0.216150
5590 0.000000 0.954015 0.045985
12897 0.508205 0.154209 0.337586
6004 0.503441 0.144352 0.352208
12895 0.213606 0.256720 0.529674
12893 0.760878 0.171732 0.067389
5578 0.339575 0.104746 0.555679
5799 0.181932 0.530591 0.287477
5841 0.352384 0.394708 0.252908
12717 0.079056 0.760448 0.160496
6009 0.280591 0.710428 0.008980
5843 0.031240 0.389834 0.578927
12894 0.110456 0.479853 0.409692
5579 0.777698 0.000000 0.222302
5579 0.177359 0.528979 0.293662
12650 0.927163 0.006840 0.065997
6422 0.493512 0.055668 0.450820
12740 0.131223 0.007019 0.861759
5831 0.113529 0.176656 0.709815
5766 0.183775 0.494838 0.321387
12690 0.145478 0.678076 0.176446
5578 0.331926 0.198670 0.469404
6426 0.317374 0.115423 0.567203
5766 0.184679 0.601771 0.213550
6005 0.117798 0.047229 0.834973
6006 0.150722 0.760467 0.088811
12708 0.193639 0.722344 0.084017
5771 0.518816 0.017283 0.463901
12678 0.143837 0.123216 0.732946
12653 0.347858 0.516479 0.135662
12738 0.101367 0.042588 0.856044
12730 0.618161 0.241590 0.140249
5796 0.228945 0.031912 0.739143
6008 0.029202 0.145803 0.824995
12738 0.817691 0.002976 0.179333
12647 0.226505 0.281511 0.491984
12685 0.087746 0.039476 0.872779
5765 0.591532 0.265433 0.143035
12646 0.773666 0.000000 0.226334
5841 0.258393 0.085020 0.656587
5579 0.575028 0.336674 0.088297
5857 0.699085 0.282194 0.018721
6007 0.120933 0.228800 0.650266
12750 0.771285 0.111563 0.117152
5805 0.242944 0.184773 0.572283
5763 0.390228 0.099036 0.510736
5579 0.368614 0.614081 0.017305
12650 0.704719 0.248247 0.047033
5804 0.072348 0.074622 0.853029
6008 0.604339 0.048688 0.346973
12680 0.398409 0.394485 0.207106
5762 0.134905 0.119352 0.745744
5793 0.297880 0.077112 0.625008
12894 0.707288 0.289496 0.003216
12726 0.411379 0.052934 0.535687
12748 0.435357 0.332021 0.232622
5821 0.207859 0.232404 0.559737
12745 0.821916 0.165649 0.012435
5824 0.248518 0.122170 0.629312
12681 0.016307 0.615333 0.368360
12711 0.038927 0.625920 0.335153
5828 0.580917 0.407844 0.011239
5764 0.706930 0.100781 0.192289
5843 0.477790 0.052910 0.469300
13315 0.779833 0.208695 0.011472
12652 0.204986 0.787076 0.007938
12750 0.408483 0.149318 0.442199
12750 0.093013 0.091834 0.815154
5760 0.454334 0.311282 0.234384
5793 0.444845 0.521881 0.033275
5807 0.153282 0.564813 0.281905
12685 0.435259 0.250364 0.314376
5764 0.204613 0.583076 0.212311
5811 0.102502 0.869255 0.028243
12717 0.271058 0.566406 0.162536
5758 0.179265 0.473700 0.347035
5861 0.384798 0.108156 0.507046
5861 0.260380 0.298767 0.440853
5821 0.176963 0.614218 0.208819
5807 0.071780 0.919241 0.008979
5825 0.550049 0.294032 0.155919
12717 0.420978 0.191162 0.387861
5796 0.319669 0.200063 0.480268
12697 0.077476 0.776634 0.145890
12716 0.737459 0.215415 0.047126
12646 0.107311 0.321361 0.571327
12707 0.595690 0.372699 0.031611
5793 0.044694 0.349627 0.605678
12651 0.343496 0.585843 0.070661
12716 0.326883 0.296871 0.376246
5860 0.040189 0.186146 0.773665
12708 0.473096 0.371066 0.155838
12680 0.141899 0.718236 0.139865
5839 0.016107 0.022104 0.961789
12745 0.434977 0.563360 0.001663
5829 0.248613 0.679738 0.071650
13310 0.179170 0.087045 0.733785
5761 0.175127 0.191807 0.633066
5838 0.035787 0.090749 0.873464
5861 0.014966 0.541766 0.443269
5761 0.507947 0.121163 0.370890
12695 0.160842 0.551042 0.288116
12727 0.690230 0.294278 0.015492
5809 0.224527 0.454250 0.321223
12699 0.045594 0.487471 0.466934
5825 0.047300 0.495169 0.457531
5807 0.241024 0.010550 0.748426
12696 0.263560 0.392785 0.343655
12677 0.703105 0.040435 0.256459
12649 0.038930 0.220909 0.740160
12694 0.299822 0.350945 0.349233
12684 0.437995 0.249940 0.312066
5791 0.182611 0.116040 0.701349
5811 0.301408 0.086068 0.612525
12674 0.644100 0.196455 0.159445
5792 0.020354 0.957308 0.022338
5829 0.227922 0.425298 0.346780
12709 0.119397 0.476784 0.403819
12751 0.605254 0.174022 0.220724
5760 0.020110 0.068009 0.911881
5839 0.458369 0.215591 0.326040
12674 0.489379 0.044623 0.465998
12712 0.480276 0.462275 0.057449
12713 0.529817 0.250144 0.220039
12747 0.460937 0.388627 0.150436
5829 0.129209 0.181506 0.689285
12676 0.733659 0.081533 0.184808
5820 0.280740 0.646069 0.073191
5789 0.175388 0.209153 0.615460
5822 0.203181 0.283173 0.513646
5797 0.372302 0.380318 0.247380
12678 0.130945 0.694416 0.174638
5796 0.053490 0.625267 0.321243
5859 0.356101 0.087009 0.556890
12750 0.327455 0.543557 0.128988
5863 0.028755 0.498332 0.472913
12749 0.445244 0.414416 0.140340
12717 0.721989 0.050418 0.227593
12685 0.211335 0.650094 0.138571
5791 0.345884 0.484775 0.169341
5860 0.323996 0.652595 0.023409
6426 0.237392 0.636126 0.126482
12720 0.038565 0.873151 0.088284
5862 0.007868 0.558364 0.433768
12674 0.383830 0.597224 0.018946
12751 0.330258 0.560694 0.109048
12748 0.133903 0.640451 0.225646
12694 0.343902 0.084834 0.571265
5808 0.164983 0.310763 0.524254
12708 0.254389 0.180814 0.564797
5806 0.420879 0.528614 0.050507
13315 0.157361 0.818820 0.023818
5839 0.554264 0.405674 0.040062
12720 0.330060 0.443197 0.226744
12727 0.390403 0.403761 0.205836
6427 0.154987 0.190200 0.654813
5858 0.053355 0.870976 0.075669
5790 0.464953 0.403849 0.131198
5862 0.285498 0.101060 0.613441
12697 0.321007 0.253546 0.425448
12674 0.154022 0.580013 0.265966
12697 0.458586 0.333973 0.207440
5806 0.000000 0.334007 0.665993
13314 0.501552 0.442697 0.055751
12721 0.136086 0.490479 0.373435
5787 0.140096 0.470152 0.389752
5787 0.435069 0.329797 0.235134
12747 0.149582 0.183475 0.666943
13310 0.560147 0.133364 0.306489
12675 0.509406 0.277645 0.212949
5818 0.291969 0.582278 0.125753
12699 0.532297 0.329715 0.137988
12706 0.568795 0.073445 0.357760
12749 0.178878 0.038533 0.782589
5838 0.613902 0.074868 0.311230
6422 0.304552 0.638233 0.057216
12712 0.050757 0.700495 0.248747
12782 0.592495 0.391652 0.015853
12695 0.312718 0.072549 0.614732
12711 0.373405 0.086960 0.539635
5811 0.650413 0.161909 0.187678
12727 0.059731 0.222612 0.717657
5829 0.716400 0.043762 0.239838
12726 0.295507 0.546149 0.158345
12695 0.540637 0.264203 0.195161
5810 0.426282 0.328927 0.244791
12677 0.265115 0.374445 0.360440
12747 0.711133 0.051304 0.237563
5833 0.156358 0.730047 0.113595
5820 0.088319 0.042772 0.868909
5859 0.063388 0.132651 0.803961
12711 0.758125 0.152722 0.089153
5824 0.120259 0.686271 0.193470
12684 0.236794 0.724127 0.039079
5788 0.137873 0.590000 0.272127
5791 0.091009 0.867336 0.041655
12724 0.177742 0.781150 0.041109
5786 0.505935 0.025215 0.468850
5838 0.593213 0.318257 0.088530
12685 0.061027 0.905586 0.033388
12727 0.146534 0.673202 0.180264
12677 0.087295 0.826073 0.086632
12709 0.681594 0.144552 0.173855
5806 0.738145 0.158263 0.103592
5808 0.612408 0.144982 0.242611
12780 0.168535 0.716949 0.114516
5903 0.809392 0.103606 0.087002
12797 0.105205 0.878595 0.016199
5786 0.399114 0.445310 0.155576
12722 0.257473 0.666416 0.076111
5832 0.204484 0.459081 0.336435
12712 0.025689 0.884073 0.090238
6423 0.122125 0.264248 0.613627
12751 0.101958 0.281506 0.616536
12709 0.178723 0.120543 0.700734
12795 0.550952 0.091150 0.357897
6024 0.881951 0.003352 0.114697
12724 0.522410 0.387044 0.090545
12913 0.732366 0.140188 0.127446
12725 0.479452 0.499639 0.020908
5901 0.649264 0.023292 0.327444
5836 0.010420 0.868685 0.120895
5898 0.279263 0.129142 0.591595
6022 0.503623 0.211973 0.284404
12792 0.764080 0.130606 0.105314
5895 0.394410 0.516495 0.089095
12913 0.248024 0.741996 0.009981
5892 0.204774 0.674062 0.121165
5862 0.662275 0.170292 0.167433
12720 0.713357 0.057606 0.229037
5810 0.330113 0.019522 0.650365
5895 0.221574 0.644863 0.133563
12910 0.668687 0.189040 0.142273
12783 0.186709 0.730649 0.082642
12785 0.084102 0.784547 0.131351
5905 0.027351 0.560648 0.412001
12788 0.535046 0.025714 0.439240
6026 0.053247 0.160904 0.785850
5786 0.857437 0.096212 0.046351
5834 0.584951 0.360343 0.054706
5838 0.014752 0.726595 0.258653
5897 0.335093 0.072556 0.592351
5909 0.131901 0.805177 0.062922
6025 0.049493 0.756905 0.193601
12787 0.509316 0.216269 0.274415
5832 0.456524 0.166841 0.376635
12912 0.820350 0.027059 0.152591
6434 0.125957 0.062630 0.811413
12724 0.680783 0.037842 0.281375
6026 0.118497 0.349987 0.531516
5903 0.246484 0.388782 0.364734
6022 0.244327 0.115956 0.639717
12910 0.144827 0.556220 0.298952
12782 0.237147 0.395829 0.367024
13323 0.677124 0.124459 0.198416
5837 0.386137 0.571120 0.042743
5905 0.253830 0.169841 0.576329
12751 0.044791 0.053361 0.901848
5893 0.263701 0.424139 0.312160
12721 0.710345 0.026227 0.263428
12796 0.231852 0.559260 0.208888
12914 0.050409 0.788926 0.160665
5836 0.415567 0.314800 0.269634
6432 0.554386 0.370121 0.075493
5896 0.317267 0.364888 0.317845
5838 0.010660 0.891634 0.097706
12913 0.208832 0.530748 0.260419
5835 0.288364 0.333033 0.378603
12780 0.280982 0.421562 0.297456
12792 0.068217 0.712092 0.219691
12783 0.161909 0.489904 0.348186
12725 0.512931 0.212014 0.275054
5900 0.421425 0.148107 0.430467
12778 0.056632 0.689741 0.253627
5834 0.557024 0.061781 0.381194
5833 0.615300 0.211497 0.173202
5907 0.723337 0.235498 0.041165
5904 0.058257 0.600168 0.341576
5837 0.469948 0.136127 0.393925
12796 0.538410 0.131480 0.330110
12724 0.261651 0.061836 0.676513
6435 0.508566 0.190954 0.300480
6024 0.545567 0.034463 0.419970
12785 0.603081 0.349893 0.047026
12722 0.296363 0.341436 0.362200
12723 0.608570 0.275421 0.116009
5901 0.102329 0.434132 0.463538
12914 0.099689 0.593793 0.306518
6026 0.380746 0.018063 0.601191
12791 0.347061 0.161164 0.491774
12911 0.673090 0.088746 0.238164
5836 0.184733 0.309599 0.505668
6025 0.122179 0.550919 0.326902
12796 0.000000 0.501010 0.498990
12782 0.208354 0.126873 0.664773
12797 0.195311 0.421273 0.383417
13323 0.466258 0.446588 0.087153
5894 0.140535 0.234413 0.625052
12789 0.252293 0.061067 0.686640
12785 0.255723 0.275709 0.468568
5909 0.457864 0.441809 0.100326
6024 0.498999 0.200018 0.300982
5890 0.112806 0.598113 0.289082
12783 0.249167 0.182692 0.568141
12724 0.000000 0.089366 0.910634
5896 0.880009 0.059221 0.060770
5907 0.505004 0.048761 0.446235
12780 0.300904 0.128548 0.570549
5893 0.621966 0.119016 0.259018
5907 0.292934 0.476897 0.230169
6024 0.115545 0.026761 0.857695
12795 0.429317 0.509182 0.061501
12794 0.269280 0.255580 0.475139
5835 0.689331 0.141556 0.169113
5892 0.654743 0.220413 0.124844
12776 0.151622 0.027491 0.820887
12790 0.180053 0.803104 0.016842
5904 0.042386 0.084763 0.872851
5837 0.865996 0.129643 0.004362
12791 0.426627 0.530213 0.043159
5836 0.455772 0.006071 0.538156
12786 0.218465 0.567199 0.214336
6017 0.238378 0.055716 0.705906
12778 0.508739 0.264088 0.227173
12910 0.292264 0.037331 0.670406
5902 0.391720 0.294057 0.314224
12913 0.243131 0.157516 0.599353
12783 0.550326 0.090213 0.359461
12914 0.435555 0.397621 0.166824
6435 0.227709 0.228471 0.543820
12793 0.366282 0.305642 0.328076
12912 0.232869 0.544211 0.222920
12781 0.291722 0.097901 0.610377
12779 0.327764 0.326690 0.345545
5908 0.114577 0.220997 0.664426
5909 0.652846 0.060093 0.287061
12776 0.355954 0.582976 0.061070
5889 0.368629 0.408417 0.222954
5892 0.435997 0.108445 0.455559
5891 0.340846 0.058618 0.600537
6025 0.657477 0.322221 0.020303
12776 0.259988 0.395926 0.344086
12904 0.719066 0.259526 0.021408
12912 0.274901 0.162729 0.562369
5903 0.022157 0.904072 0.073771
12796 0.000000 0.220114 0.779886
12632 0.425602 0.524007 0.050391
6023 0.203106 0.423701 0.373193
12777 0.247740 0.261072 0.491188
6026 0.738391 0.229992 0.031617
12779 0.565502 0.265473 0.169025
6023 0.610900 0.085552 0.303548
12797 0.098810 0.201128 0.700062
12797 0.478291 0.202978 0.318731
12911 0.338547 0.637776 0.023677
13306 0.288257 0.531684 0.180058
6025 0.535096 0.224276 0.240628
5890 0.356372 0.275008 0.368620
5908 0.481847 0.222916 0.295237
6024 0.257544 0.644166 0.098289
12908 0.669583 0.209115 0.121303
12637 0.000416 0.350060 0.649524
12914 0.787896 0.149443 0.062661
5908 0.878223 0.031013 0.090765
6014 0.396231 0.120581 0.483188
12903 0.717106 0.221919 0.060976
12637 0.196080 0.128107 0.675813
6017 0.268259 0.254838 0.476903
12907 0.460422 0.207618 0.331959
5888 0.053609 0.195550 0.750841
6028 0.533446 0.342427 0.124127
5748 0.545056 0.202320 0.252624
5891 0.841679 0.105013 0.053308
5890 0.376932 0.088903 0.534164
12639 0.000000 0.021792 0.978208
12632 0.055622 0.944378 0.000000
6447 0.640732 0.098096 0.261172
12777 0.062293 0.627796 0.309911
5746 0.029450 0.399300 0.571250
5749 0.712886 0.044021 0.243092
12794 0.249869 0.750131 0.000000
12910 0.003877 0.020167 0.975955
12639 0.712103 0.266369 0.021528
6013 0.258999 0.684981 0.056019
6030 0.081726 0.021390 0.896884
12631 0.497304 0.000000 0.502696
6023 0.515918 0.462327 0.021755
6419 0.044635 0.668164 0.287201
5745 0.022167 0.977833 0.000000
12635 0.080898 0.043467 0.875635
6419 0.066591 0.022392 0.911017
6018 0.066174 0.418378 0.515448
12909 0.469046 0.304028 0.226926
5751 0.716514 0.117260 0.166226
12631 0.176552 0.099126 0.724322
12904 0.191823 0.424897 0.383280
12917 0.702585 0.135022 0.162393
6418 0.226339 0.690197 0.083465
6021 0.502554 0.479030 0.018416
6017 0.668149 0.134011 0.197839
6028 0.771999 0.221938 0.006063
12635 0.792604 0.141441 0.065955
5742 0.565163 0.078518 0.356319
5745 0.312870 0.479909 0.207220
12909 0.027608 0.351885 0.620507
12917 0.284558 0.204100 0.511341
12915 0.417222 0.221240 0.361538
12901 0.338168 0.423604 0.238229
6030 0.814336 0.104173 0.081490
12902 0.139502 0.080259 0.780240
12634 0.070930 0.453263 0.475807
5750 0.594428 0.325891 0.079681
6016 0.135794 0.336473 0.527733
5742 0.285571 0.153481 0.560947
12640 0.218876 0.624953 0.156171
12641 0.402458 0.551931 0.045611
13334 0.285585 0.128110 0.586306
12639 0.087246 0.539018 0.373736
12916 0.785127 0.005230 0.209642
12641 0.425944 0.184266 0.389789
5752 0.385753 0.300368 0.313879
12908 0.194637 0.122719 0.682644
6028 0.195078 0.235317 0.569605
12915 0.032278 0.374416 0.593306
12636 0.180116 0.416644 0.403240
5753 0.068961 0.429078 0.501961
6030 0.357058 0.442789 0.200153
5750 0.045555 0.475776 0.478669
5744 0.220785 0.679716 0.099499
12906 0.378287 0.381874 0.239838
5742 0.499926 0.307424 0.192649
6029 0.421433 0.083704 0.494862
12905 0.309739 0.295330 0.394932
6015 0.541928 0.123090 0.334982
12631 0.395958 0.455433 0.148609
5749 0.132327 0.426351 0.441323
6419 0.506682 0.093650 0.399668
12903 0.156281 0.470394 0.373325
12918 0.379787 0.294338 0.325875
12905 0.574675 0.216694 0.208632
6012 0.656977 0.302883 0.040140
12640 0.780299 0.146646 0.073055
12629 0.150269 0.129175 0.720556
6015 0.390310 0.550295 0.059395
5746 0.204958 0.600380 0.194662
6015 0.345271 0.142557 0.512172
5752 0.036183 0.263189 0.700627
12632 0.045658 0.270389 0.683953
6412 0.355867 0.232646 0.411487
12902 0.723639 0.040410 0.235951
5741 0.867285 0.045789 0.086925
5743 0.004622 0.686201 0.309177
12638 0.824652 0.164420 0.010927
12624 0.008258 0.186417 0.805325
5743 0.462199 0.020909 0.516892
12636 0.182174 0.762089 0.055737
12625 0.578051 0.074056 0.347893
5736 0.575408 0.054045 0.370547
5751 0.069843 0.670834 0.259323
5489 0.005645 0.678296 0.316058
12915 0.209717 0.762060 0.028223
12918 0.148462 0.789451 0.062087
13306 0.096680 0.007544 0.895776
5743 0.117403 0.208542 0.674056
13307 0.506271 0.259661 0.234068
6029 0.141618 0.750961 0.107420
12630 0.532327 0.213796 0.253878
12386 0.349310 0.065120 0.585570
13334 0.213906 0.750924 0.035170
5504 0.677895 0.050668 0.271437
5755 0.768894 0.030537 0.200569
6418 0.744355 0.164244 0.091400
5744 0.205262 0.210474 0.584264
5739 0.038255 0.434285 0.527460
12627 0.649296 0.067991 0.282713
5737 0.753370 0.055863 0.190766
12376 0.878192 0.013716 0.108092
5501 0.145110 0.646071 0.208819
12378 0.664231 0.105051 0.230718
12635 0.048352 0.921612 0.030036
12388 0.282737 0.577617 0.139646
6015 0.023386 0.308938 0.667676
5489 0.161080 0.140984 0.697936
12376 0.048632 0.810755 0.140613
6027 0.202076 0.638158 0.159765
12376 0.433782 0.415890 0.150328
12902 0.098682 0.807359 0.093959
5737 0.418228 0.431577 0.150195
5744 0.800967 0.071031 0.128002
6015 0.072625 0.002444 0.924931
12390 0.278289 0.528690 0.193021
12630 0.252979 0.691978 0.055043
5499 0.044228 0.049994 0.905779
12633 0.482530 0.008769 0.508701
12629 0.499873 0.378894 0.121233
6027 0.544997 0.438190 0.016813
5491 0.154353 0.113134 0.732513
5739 0.200253 0.087538 0.712209
5740 0.218758 0.340980 0.440262
12626 0.231803 0.273376 0.494821
5739 0.273163 0.622948 0.103890
12642 0.562393 0.383993 0.053615
12627 0.273772 0.422821 0.303407
12379 0.321886 0.520216 0.157898
5503 0.113423 0.256956 0.629621
5501 0.400016 0.520256 0.079728
5491 0.149823 0.754581 0.095596
12642 0.015738 0.410241 0.574021
12388 0.066042 0.433114 0.500844
12376 0.592474 0.042792 0.364734
12381 0.601229 0.267004 0.131766
12624 0.351693 0.202015 0.446292
12386 0.032988 0.127767 0.839246
5736 0.229336 0.588398 0.182266
12386 0.497784 0.338711 0.163505
5495 0.129428 0.454811 0.415761
5488 0.007161 0.586491 0.406348
5738 0.570476 0.324039 0.105485
5499 0.832205 0.133412 0.034382
5489 0.457802 0.067314 0.474885
5499 0.217704 0.276016 0.506280
12376 0.005183 0.545501 0.449316
12625 0.133029 0.599232 0.267739
12643 0.309179 0.129639 0.561182
12382 0.628319 0.144281 0.227401
5739 0.505633 0.221167 0.273200
5741 0.201447 0.341516 0.457036
5492 0.268800 0.728961 0.002240
12391 0.122320 0.764619 0.113062
5493 0.260237 0.596283 0.143480
5497 0.229803 0.394130 0.376066
12384 0.358584 0.050162 0.591255
12393 0.036361 0.602452 0.361187
5755 0.453800 0.436087 0.110114
12385 0.389263 0.587473 0.023264
5495 0.294371 0.264322 0.441307
12628 0.310899 0.429768 0.259333
12384 0.562023 0.131057 0.306919
13301 0.054501 0.592606 0.352893
5502 0.163066 0.703983 0.132951
5493 0.591382 0.261187 0.147432
5498 0.162924 0.249776 0.587300
5500 0.438225 0.228345 0.333430
