8203 0.176446 0.800971 0.022583
1519 0.245608 0.240267 0.514126
1431 0.697937 0.169912 0.132152
366 0.341100 0.342783 0.316116
475 0.566505 0.192175 0.241321
474 0.820812 0.067363 0.111825
477 0.184087 0.151646 0.664268
380 0.107534 0.717312 0.175154
380 0.266156 0.650835 0.083009
466 0.524078 0.082492 0.393429
456 0.198931 0.401452 0.399617
456 0.076132 0.496338 0.427530
479 0.941447 0.027081 0.031473
478 0.753373 0.108240 0.138388
478 0.528707 0.256100 0.215193
478 0.304156 0.348017 0.347827
478 0.074119 0.555274 0.370606
456 0.399174 0.146538 0.454288
6428 0.047428 0.235102 0.717471
6365 0.660109 0.319739 0.020151
6343 0.009009 0.027279 0.963712
495 0.035152 0.290878 0.673970
495 0.400222 0.049163 0.550615
157 0.710846 0.190828 0.098326
156 0.711149 0.285446 0.003405
159 0.210543 0.372066 0.417391
185 0.556452 0.025450 0.418098
6460 0.158466 0.150840 0.690695
6428 0.177251 0.048437 0.774312
493 0.499698 0.424994 0.075309
8397 0.014099 0.050673 0.935228
8394 0.854317 0.004789 0.140894
8395 0.332541 0.355710 0.311748
62 0.121608 0.709176 0.169217
118 0.507244 0.454839 0.037917
8282 0.829435 0.111736 0.058830
8382 0.514991 0.428752 0.056257
8385 0.080323 0.303376 0.616301
8383 0.120520 0.660647 0.218833
8383 0.051479 0.554758 0.393763
8282 0.047709 0.469492 0.482799
8385 0.182479 0.096714 0.720808
8385 0.042432 0.183916 0.773652
8282 0.349567 0.475936 0.174497
8282 0.424011 0.435987 0.140003
8282 0.517035 0.373617 0.109349
8318 0.200493 0.566691 0.232817
8318 0.343408 0.377593 0.278999
1658 0.638302 0.000000 0.361698
1664 0.115966 0.812557 0.071476
1661 0.648720 0.282487 0.068793
1661 0.446119 0.512435 0.041446
1626 0.138348 0.535833 0.325819
1657 0.647615 0.000000 0.352385
1658 0.469464 0.112769 0.417768
1658 0.230865 0.011396 0.757739
1658 0.263206 0.242443 0.494351
1661 0.201527 0.756232 0.042242
1661 0.019271 0.970711 0.010018
2096 0.163948 0.507772 0.328279
2096 0.168869 0.269992 0.561139
2085 0.270646 0.317172 0.412182
2191 0.431831 0.402255 0.165914
2191 0.520927 0.242113 0.236960
2084 0.360045 0.344812 0.295143
2085 0.142291 0.831162 0.026548
2084 0.131821 0.153597 0.714582
2084 0.072173 0.654589 0.273238
2187 0.421740 0.008112 0.570148
2085 0.000000 0.768460 0.231540
2189 0.168843 0.265204 0.565953
2189 0.677537 0.200714 0.121749
2189 0.508906 0.414962 0.076131
2077 0.234896 0.498403 0.266701
2189 0.697662 0.009955 0.292383
2043 0.047106 0.350126 0.602767
2042 0.282785 0.081193 0.636022
2043 0.083453 0.825169 0.091378
2225 0.764468 0.135035 0.100497
2225 0.499494 0.421036 0.079471
2149 0.703502 0.281349 0.015149
2148 0.279567 0.213868 0.506565
2149 0.143458 0.411214 0.445328
2149 0.417878 0.259998 0.322124
2149 0.322732 0.627107 0.050161
2148 0.175037 0.487240 0.337723
2148 0.134941 0.060448 0.804611
2224 0.467210 0.448372 0.084418
2224 0.100908 0.877108 0.021984
2224 0.329712 0.357699 0.312589
2224 0.048374 0.383962 0.567663
2069 0.494422 0.253089 0.252489
2069 0.148473 0.365909 0.485618
2068 0.132815 0.285323 0.581862
2193 0.397283 0.265491 0.337226
2192 0.467453 0.061302 0.471245
2192 0.531974 0.315303 0.152722
2192 0.221503 0.302188 0.476309
2192 0.191405 0.560756 0.247838
2074 0.591310 0.397163 0.011527
2075 0.659456 0.200822 0.139722
2074 0.105884 0.557256 0.336861
2040 0.697315 0.244591 0.058095
2192 0.019332 0.057431 0.923236
2193 0.000000 0.752960 0.247040
2066 0.496831 0.503169 0.000000
2066 0.468283 0.225804 0.305913
2067 0.541096 0.387104 0.071800
2067 0.401784 0.535660 0.062556
2066 0.286388 0.565529 0.148083
2066 0.314528 0.241980 0.443492
2066 0.184722 0.276015 0.539264
2169 0.316112 0.435567 0.248321
2169 0.430353 0.470005 0.099642
1763 0.236080 0.576654 0.187266
1763 0.483443 0.506303 0.010253
1763 0.720514 0.239166 0.040320
1763 0.901109 0.084917 0.013974
1775 0.238555 0.421701 0.339743
1775 0.431604 0.334062 0.234334
1775 0.742844 0.049451 0.207705
2066 0.111625 0.739460 0.148915
2192 0.183578 0.810527 0.005895
2033 0.229728 0.000000 0.770272
2033 0.102881 0.179459 0.717660
1773 0.187688 0.108767 0.703545
2029 0.574138 0.036426 0.389436
1773 0.102471 0.788223 0.109306
1773 0.245162 0.417087 0.337751
2029 0.209359 0.006849 0.783791
2033 0.060519 0.466042 0.473439
1781 0.492903 0.009259 0.497838
2170 0.370839 0.629161 0.000000
2170 0.576272 0.156378 0.267350
2168 0.234348 0.433728 0.331925
2171 0.482114 0.451319 0.066567
2170 0.134425 0.097327 0.768248
2171 0.167746 0.480222 0.352032
2171 0.023517 0.694806 0.281677
2171 0.832506 0.136592 0.030902
1566 0.352273 0.647727 0.000000
1566 0.267008 0.596282 0.136710
1664 0.226593 0.018774 0.754634
1664 0.201179 0.165707 0.633114
1566 0.182301 0.808870 0.008829
1667 0.239752 0.668748 0.091499
1668 0.413583 0.438068 0.148348
1566 0.038108 0.961892 0.000000
1667 0.103783 0.854197 0.042020
1664 0.000000 0.043048 0.956952
1667 0.088060 0.722331 0.189609
1661 0.886378 0.035880 0.077741
1662 0.745384 0.000000 0.254616
1662 0.689275 0.039827 0.270898
1667 0.082902 0.521340 0.395758
1662 0.504145 0.000000 0.495855
1640 0.656299 0.000000 0.343701
1667 0.074876 0.296357 0.628768
1668 0.063800 0.241934 0.694266
1668 0.177449 0.374394 0.448157
1670 0.282975 0.511854 0.205171
1532 0.673362 0.277227 0.049412
1668 0.155033 0.842639 0.002328
1666 0.131155 0.192735 0.676110
1666 0.087366 0.056646 0.855988
1661 0.520970 0.195880 0.283150
1640 0.258701 0.027344 0.713955
1661 0.350000 0.263429 0.386571
1662 0.483471 0.416741 0.099787
1662 0.414953 0.523397 0.061650
1662 0.371695 0.612745 0.015560
1660 0.337607 0.024699 0.637695
1665 0.162686 0.160062 0.677252
1666 0.088581 0.715693 0.195726
1666 0.078050 0.868291 0.053659
1541 0.098825 0.730802 0.170373
1532 0.564591 0.072276 0.363133
1533 0.091296 0.245331 0.663373
1532 0.200070 0.799930 0.000000
1532 0.290933 0.331275 0.377791
1554 0.029601 0.531485 0.438913
1520 0.137451 0.178569 0.683980
1522 0.429775 0.128609 0.441616
1554 0.382555 0.182347 0.435098
1541 0.776364 0.052020 0.171616
1533 0.146535 0.725273 0.128193
1555 0.202908 0.384323 0.412769
1541 0.155515 0.140107 0.704377
1533 0.017174 0.969565 0.013262
1555 0.374638 0.248206 0.377156
1520 0.245040 0.031422 0.723539
1477 0.913431 0.073704 0.012865
1522 0.586808 0.235855 0.177338
1476 0.711653 0.266960 0.021387
1476 0.601373 0.280196 0.118430
1477 0.610664 0.202293 0.187043
1477 0.505313 0.438563 0.056124
1552 0.470361 0.357968 0.171670
1552 0.237177 0.439109 0.323714
1524 0.095132 0.741121 0.163748
1553 0.653247 0.342732 0.004021
1524 0.548502 0.249058 0.202440
1555 0.028095 0.022751 0.949154
1525 0.734034 0.261921 0.004045
1524 0.939336 0.000000 0.060664
1525 0.490661 0.308696 0.200642
1491 0.039110 0.566644 0.394246
1491 0.183476 0.706800 0.109724
1490 0.074340 0.182404 0.743256
1488 0.870171 0.120574 0.009254
1488 0.641966 0.036127 0.321907
1752 0.461742 0.520419 0.017839
1751 0.165861 0.156803 0.677336
1751 0.170371 0.278706 0.550923
1751 0.046281 0.517596 0.436123
1766 0.380518 0.058905 0.560578
1766 0.522799 0.162629 0.314572
1766 0.725433 0.119967 0.154600
1751 0.046485 0.112431 0.841085
1757 0.341343 0.110770 0.547887
1757 0.053668 0.482237 0.464095
1766 0.165985 0.449960 0.384055
1766 0.097161 0.737452 0.165387
1483 0.631244 0.326794 0.041962
1757 0.177859 0.107932 0.714209
1483 0.396382 0.293178 0.310440
1758 0.226162 0.561884 0.211955
1758 0.130435 0.750900 0.118664
1774 0.067541 0.529004 0.403455
1774 0.099063 0.392926 0.508011
1774 0.209445 0.292540 0.498015
1757 0.042060 0.035268 0.922672
1774 0.339864 0.067863 0.592273
1766 0.476129 0.376508 0.147364
1766 0.269893 0.657087 0.073020
1765 0.322668 0.069195 0.608136
1771 0.751155 0.218872 0.029973
1765 0.436060 0.284098 0.279842
1765 0.086178 0.338896 0.574926
1771 0.553986 0.187849 0.258164
1772 0.955794 0.021707 0.022499
1771 0.826868 0.133722 0.039410
1772 0.791118 0.100994 0.107888
1772 0.551570 0.000000 0.448430
1771 0.705674 0.096446 0.197880
1772 0.528506 0.220327 0.251167
1771 0.455971 0.516708 0.027321
1765 0.154863 0.646951 0.198186
1771 0.338083 0.509713 0.152203
1771 0.232644 0.489650 0.277706
1771 0.322650 0.054546 0.622804
1771 0.148231 0.340015 0.511754
1772 0.469976 0.427546 0.102479
1772 0.309646 0.167162 0.523192
1772 0.399891 0.319466 0.280643
1772 0.011332 0.269719 0.718948
1786 0.467884 0.051076 0.481040
1771 0.429216 0.049855 0.520929
1772 0.241806 0.563601 0.194593
1772 0.097382 0.774008 0.128610
1786 0.535901 0.129780 0.334319
1786 0.672751 0.140726 0.186523
1771 0.010411 0.027356 0.962233
1677 0.078814 0.685614 0.235571
1677 0.202966 0.457690 0.339344
1676 0.460309 0.170621 0.369071
1676 0.485340 0.011776 0.502884
1681 0.011294 0.404551 0.584155
1676 0.162260 0.000000 0.837740
1674 0.690101 0.026818 0.283081
1677 0.035177 0.436157 0.528666
1678 0.117048 0.768987 0.113965
1675 0.337915 0.585769 0.076316
1672 0.765485 0.000000 0.234515
1675 0.183784 0.546200 0.270016
1672 0.579375 0.182149 0.238476
1675 0.030013 0.270462 0.699526
1676 0.048278 0.110757 0.840965
1651 0.546504 0.175802 0.277694
1675 0.227905 0.057841 0.714254
1675 0.086660 0.008625 0.904715
1676 0.191935 0.705251 0.102814
1671 0.652733 0.208651 0.138615
1566 0.281846 0.391572 0.326582
1670 0.310357 0.104765 0.584878
1432 0.166027 0.833973 0.000000
1433 0.207487 0.627158 0.165356
1556 0.432380 0.426943 0.140677
1530 0.050997 0.712073 0.236930
1521 0.822904 0.049168 0.127928
1482 0.472747 0.093583 0.433670
1530 0.333048 0.201326 0.465626
1518 0.029059 0.259058 0.711883
1518 0.268874 0.026400 0.704726
1530 0.088365 0.172924 0.738711
1519 0.094209 0.737591 0.168200
1519 0.399574 0.599834 0.000592
1519 0.466169 0.364410 0.169421
1519 0.261381 0.449892 0.288727
1474 0.218915 0.308598 0.472487
1431 0.289740 0.610573 0.099687
1519 0.072353 0.264588 0.663059
1773 0.276387 0.608247 0.115366
1474 0.387441 0.149366 0.463193
1774 0.502619 0.349070 0.148311
1774 0.459351 0.179258 0.361391
1534 0.685333 0.314667 0.000000
1474 0.049566 0.062287 0.888147
1475 0.109337 0.834205 0.056458
1557 0.452009 0.348502 0.199489
1784 0.351833 0.149239 0.498929
1651 0.018567 0.137950 0.843483
1535 0.472600 0.027589 0.499812
1784 0.200459 0.345108 0.454433
888 0.177991 0.716608 0.105401
888 0.123859 0.656727 0.219414
1784 0.357705 0.451727 0.190567
1533 0.487832 0.054848 0.457320
995 0.199773 0.587460 0.212767
1535 0.884568 0.002885 0.112547
888 0.146895 0.402263 0.450841
1783 0.208314 0.073267 0.718419
1556 0.176951 0.043847 0.779202
888 0.213328 0.304665 0.482007
1520 0.465867 0.387648 0.146485
1475 0.077601 0.698837 0.223562
1520 0.404444 0.206974 0.388582
1557 0.287596 0.186255 0.526148
1774 0.778127 0.098789 0.123084
1475 0.163333 0.624114 0.212553
1772 0.139053 0.000000 0.860947
1557 0.188988 0.067934 0.743078
1534 0.306629 0.693371 0.000000
888 0.284879 0.389688 0.325433
1772 0.332070 0.069991 0.597939
888 0.374766 0.315782 0.309452
1534 0.384129 0.615871 0.000000
1556 0.375489 0.290803 0.333708
1534 0.552398 0.447602 0.000000
1783 0.515750 0.450251 0.033998
1516 0.050040 0.644263 0.305697
1635 0.834212 0.083482 0.082306
1431 0.364708 0.228882 0.406410
1781 0.030777 0.964603 0.004620
1639 0.383442 0.603150 0.013408
1516 0.417999 0.497922 0.084078
1516 0.425589 0.327428 0.246983
1784 0.122770 0.845275 0.031955
1636 0.889320 0.011932 0.098748
1636 0.677013 0.006594 0.316393
1521 0.416045 0.490316 0.093640
1516 0.167205 0.411017 0.421778
1516 0.056430 0.400431 0.543140
1521 0.194635 0.671705 0.133660
1517 0.522274 0.440501 0.037225
1639 0.094914 0.491222 0.413864
1516 0.563320 0.098838 0.337842
1640 0.392710 0.461968 0.145321
1517 0.684148 0.151949 0.163903
1517 0.578095 0.114665 0.307240
1635 0.479904 0.269322 0.250774
1635 0.578014 0.266813 0.155174
1636 0.587349 0.372438 0.040213
1636 0.794981 0.175962 0.029058
1636 0.655976 0.256032 0.087992
1636 0.544985 0.051539 0.403477
1636 0.357490 0.000000 0.642510
1636 0.401605 0.155877 0.442518
1636 0.559772 0.152045 0.288183
1786 0.168887 0.055880 0.775233
1786 0.191103 0.455812 0.353084
1786 0.383873 0.099687 0.516440
1786 0.310094 0.395723 0.294183
1786 0.288395 0.679956 0.031649
1786 0.502629 0.390737 0.106634
1785 0.414734 0.036641 0.548624
1785 0.433843 0.157491 0.408666
1631 0.407080 0.557247 0.035674
1786 0.206031 0.781479 0.012490
1636 0.418050 0.324049 0.257901
1636 0.350115 0.493027 0.156858
1636 0.158767 0.368111 0.473122
1636 0.234591 0.454425 0.310984
1635 0.015329 0.339848 0.644823
1633 0.465032 0.482469 0.052499
1635 0.162604 0.074050 0.763346
1633 0.296850 0.666461 0.036689
1633 0.179709 0.733710 0.086581
1639 0.179375 0.024195 0.796430
1636 0.114834 0.000000 0.885166
1636 0.169330 0.136365 0.694305
1633 0.744417 0.190682 0.064902
735 0.620704 0.105787 0.273508
735 0.538398 0.420777 0.040826
1633 0.456348 0.384023 0.159629
1634 0.567504 0.427181 0.005315
1634 0.145377 0.294434 0.560189
1640 0.275573 0.188598 0.535829
1640 0.254307 0.368935 0.376757
780 0.054149 0.840248 0.105603
1637 0.067229 0.375654 0.557117
722 0.613278 0.272468 0.114255
781 0.693411 0.052940 0.253650
722 0.776525 0.095435 0.128040
1634 0.089283 0.125306 0.785412
1637 0.188774 0.018390 0.792837
1638 0.022705 0.946588 0.030707
1631 0.585776 0.235263 0.178961
1631 0.512677 0.305649 0.181674
1631 0.648046 0.000000 0.351954
1631 0.548517 0.039598 0.411885
1631 0.454388 0.276768 0.268844
1631 0.400437 0.184569 0.414995
780 0.153031 0.619487 0.227483
780 0.258252 0.362186 0.379562
780 0.117477 0.381009 0.501514
781 0.213525 0.720854 0.065621
1050 0.253738 0.700952 0.045310
1631 0.220534 0.021955 0.757511
1632 0.422267 0.137306 0.440427
1632 0.302970 0.018371 0.678658
1632 0.468895 0.217040 0.314065
1632 0.209367 0.165256 0.625377
725 0.127113 0.116900 0.755987
1632 0.415096 0.319017 0.265887
1632 0.358017 0.420751 0.221232
1632 0.324040 0.249162 0.426798
1632 0.123979 0.015208 0.860813
1630 0.962836 0.022018 0.015146
729 0.300862 0.599882 0.099256
726 0.168032 0.574441 0.257527
1632 0.241083 0.489189 0.269727
1632 0.369847 0.558225 0.071928
1632 0.186332 0.352512 0.461156
726 0.269594 0.689795 0.040611
726 0.118422 0.822933 0.058645
1631 0.317534 0.000000 0.682466
1629 0.565501 0.396363 0.038135
1632 0.108755 0.603360 0.287885
1632 0.023444 0.504524 0.472032
1629 0.837603 0.130972 0.031425
1629 0.585861 0.262620 0.151520
1632 0.068610 0.664070 0.267319
1629 0.388444 0.515014 0.096541
1629 0.436082 0.402077 0.161841
1629 0.460870 0.280300 0.258831
711 0.892552 0.075421 0.032027
711 0.591693 0.196056 0.212252
713 0.151070 0.357351 0.491579
728 0.511354 0.020413 0.468233
713 0.311198 0.460248 0.228554
725 0.054904 0.297299 0.647797
725 0.183111 0.641991 0.174898
725 0.305390 0.187542 0.507069
780 0.083053 0.067208 0.849739
725 0.164064 0.794260 0.041676
725 0.387489 0.425650 0.186862
724 0.451928 0.086488 0.461584
725 0.608384 0.390207 0.001409
724 0.111778 0.317713 0.570509
1632 0.117537 0.876088 0.006375
1050 0.045386 0.268951 0.685663
1051 0.178982 0.623261 0.197757
1632 0.012317 0.950150 0.037533
1629 0.254821 0.728567 0.016612
1629 0.123421 0.734966 0.141613
1629 0.289910 0.596780 0.113310
1629 0.044809 0.842431 0.112760
724 0.393204 0.282394 0.324402
1626 0.781376 0.000000 0.218624
711 0.268026 0.313657 0.418317
711 0.021054 0.619906 0.359041
711 0.075071 0.707327 0.217603
711 0.319083 0.646187 0.034730
711 0.513976 0.321141 0.164882
711 0.427755 0.454249 0.117996
1633 0.030993 0.735686 0.233321
1633 0.006111 0.586128 0.407761
1633 0.205926 0.337460 0.456614
710 0.120940 0.061453 0.817607
1633 0.118019 0.449868 0.432113
485 0.150465 0.067120 0.782415
1633 0.109125 0.345454 0.545422
485 0.044381 0.278001 0.677618
485 0.305314 0.018156 0.676530
1630 0.821188 0.045080 0.133732
1630 0.806776 0.117040 0.076184
1630 0.656393 0.010179 0.333428
1630 0.655317 0.093666 0.251017
1630 0.524487 0.047038 0.428475
1629 0.719915 0.085924 0.194161
1630 0.673355 0.167290 0.159355
1630 0.579455 0.130037 0.290507
1630 0.505088 0.000000 0.494912
1630 0.407963 0.006713 0.585324
1630 0.406665 0.070890 0.522445
1630 0.378399 0.122660 0.498941
1634 0.337954 0.550086 0.111960
1040 0.574054 0.400440 0.025506
1630 0.511371 0.342363 0.146266
1630 0.487701 0.201963 0.310336
1630 0.409233 0.242445 0.348322
1630 0.277582 0.300898 0.421521
1630 0.378734 0.463243 0.158023
728 0.047568 0.858235 0.094198
1630 0.254152 0.416707 0.329141
712 0.055185 0.179898 0.764916
1630 0.024839 0.241045 0.734116
1630 0.133117 0.379122 0.487761
1673 0.791947 0.131878 0.076175
1674 0.864483 0.066813 0.068704
1630 0.393762 0.535231 0.071006
1630 0.257316 0.481797 0.260887
358 0.116764 0.256239 0.626998
1629 0.269783 0.145785 0.584432
355 0.177705 0.268685 0.553610
1630 0.163998 0.556894 0.279107
355 0.112485 0.001639 0.885876
355 0.405950 0.098139 0.495911
355 0.735026 0.041873 0.223102
1630 0.094251 0.477527 0.428222
1630 0.000695 0.359699 0.639606
358 0.093109 0.781691 0.125200
1629 0.000000 0.569543 0.430457
1626 0.551443 0.047168 0.401389
1663 0.510008 0.489992 0.000000
1664 0.693695 0.103417 0.202888
355 0.570891 0.226862 0.202247
1664 0.648060 0.142271 0.209670
1626 0.514121 0.203277 0.282602
1664 0.598593 0.244398 0.157009
1566 0.476115 0.478736 0.045148
1664 0.471979 0.038629 0.489392
2171 0.034402 0.079601 0.885997
2059 0.037883 0.708430 0.253686
2058 0.124532 0.003918 0.871551
2037 0.507798 0.143021 0.349180
2058 0.048643 0.498978 0.452379
2037 0.052372 0.096284 0.851344
352 0.419060 0.424286 0.156654
352 0.542409 0.447134 0.010457
1629 0.006584 0.449064 0.544351
355 0.124908 0.598067 0.277024
355 0.015929 0.749870 0.234201
355 0.250570 0.426013 0.323417
354 0.607245 0.060653 0.332102
355 0.439558 0.545129 0.015312
1629 0.188608 0.103550 0.707843
1743 0.353871 0.555956 0.090173
1743 0.259288 0.444042 0.296670
487 0.354111 0.304049 0.341840
1743 0.067054 0.540933 0.392013
487 0.235271 0.457558 0.307170
487 0.485920 0.318025 0.196055
1630 0.201354 0.732130 0.066516
487 0.434246 0.423324 0.142430
487 0.334927 0.626330 0.038743
486 0.261921 0.008994 0.729085
1743 0.043852 0.867696 0.088452
1629 0.098359 0.131968 0.769673
1757 0.432730 0.154096 0.413174
1626 0.316183 0.318758 0.365059
1764 0.736180 0.243382 0.020438
1626 0.309060 0.075243 0.615697
1764 0.783376 0.028465 0.188159
1626 0.143893 0.034921 0.821186
1626 0.168160 0.000000 0.831840
357 0.122117 0.327876 0.550007
1626 0.218941 0.318150 0.462909
357 0.000000 0.682208 0.317792
1626 0.242386 0.175351 0.582264
354 0.157703 0.643986 0.198311
1626 0.137127 0.243054 0.619819
1658 0.811014 0.188986 0.000000
357 0.226470 0.619002 0.154528
357 0.149592 0.839788 0.010620
356 0.171340 0.089758 0.738902
356 0.349496 0.047662 0.602843
1626 0.309642 0.447272 0.243085
1630 0.104261 0.701207 0.194532
1663 0.309517 0.690483 0.000000
1663 0.373197 0.605772 0.021031
356 0.423372 0.330850 0.245778
1630 0.088964 0.811660 0.099376
1629 0.101182 0.020696 0.878122
356 0.226737 0.357386 0.415877
356 0.293220 0.469510 0.237269
356 0.101768 0.508042 0.390190
1663 0.507692 0.264436 0.227872
1664 0.357738 0.095774 0.546488
1664 0.328429 0.239078 0.432493
488 0.476773 0.153909 0.369318
491 0.062570 0.446973 0.490457
488 0.132462 0.397914 0.469624
1630 0.037438 0.925708 0.036854
488 0.318311 0.501058 0.180631
491 0.095893 0.528324 0.375783
491 0.006990 0.758704 0.234306
488 0.088590 0.726293 0.185116
356 0.474889 0.423932 0.101180
356 0.649888 0.347073 0.003039
367 0.368723 0.424288 0.206989
367 0.456871 0.287732 0.255397
347 0.408016 0.154591 0.437393
356 0.109468 0.685839 0.204693
1626 0.226213 0.574948 0.198839
356 0.372336 0.610307 0.017357
1625 0.227189 0.013723 0.759088
356 0.246005 0.748592 0.005402
1626 0.153394 0.403752 0.442854
383 0.119839 0.293073 0.587088
366 0.162761 0.348091 0.489147
366 0.198787 0.034519 0.766694
491 0.501382 0.025981 0.472637
491 0.450696 0.224293 0.325010
491 0.278798 0.468452 0.252750
347 0.380062 0.415612 0.204327
347 0.843672 0.056453 0.099876
491 0.542283 0.246890 0.210827
491 0.678583 0.035578 0.285839
490 0.136382 0.072058 0.791560
491 0.358728 0.551174 0.090098
491 0.523785 0.404581 0.071634
491 0.811568 0.017840 0.170592
347 0.292174 0.690871 0.016955
387 0.294486 0.013457 0.692057
347 0.522509 0.463336 0.014155
491 0.779335 0.155854 0.064811
490 0.845847 0.097112 0.057042
387 0.264489 0.705973 0.029538
2191 0.294524 0.123445 0.582032
2191 0.897115 0.009652 0.093233
487 0.595395 0.105418 0.299187
486 0.664400 0.095540 0.240060
489 0.065455 0.334683 0.599861
489 0.611318 0.106883 0.281798
489 0.305979 0.330125 0.363896
486 0.458502 0.196379 0.345119
486 0.251284 0.294497 0.454218
486 0.040720 0.386973 0.572307
475 0.373545 0.071011 0.555444
486 0.455322 0.484131 0.060547
486 0.246417 0.579346 0.174237
489 0.348005 0.493182 0.158813
489 0.144028 0.752930 0.103041
486 0.034777 0.669971 0.295252
486 0.031045 0.957066 0.011889
488 0.909781 0.071612 0.018607
488 0.691633 0.110614 0.197754
491 0.082462 0.224266 0.693273
347 0.045366 0.322381 0.632252
477 0.532491 0.085078 0.382432
2738 0.656473 0.024617 0.318910
2738 0.471582 0.470541 0.057876
2744 0.630884 0.035497 0.333619
2744 0.362078 0.571902 0.066021
2744 0.322505 0.361985 0.315510
2744 0.299180 0.135611 0.565209
2744 0.089807 0.857054 0.053138
2744 0.044909 0.655237 0.299855
2744 0.009093 0.441676 0.549231
2745 0.189497 0.638972 0.171531
2737 0.108587 0.347784 0.543629
2744 0.000000 0.246606 0.753394
2745 0.069044 0.844429 0.086527
2766 0.019561 0.956280 0.024159
2737 0.194228 0.112403 0.693369
2737 0.437424 0.085724 0.476852
2766 0.200089 0.764029 0.035882
2739 0.675068 0.030244 0.294688
2737 0.406175 0.393135 0.200690
2736 0.517300 0.096601 0.386099
2737 0.650708 0.169703 0.179588
2737 0.913643 0.047221 0.039136
2761 0.201301 0.504497 0.294202
2761 0.235032 0.342012 0.422956
2506 0.134670 0.604830 0.260499
2505 0.431186 0.018259 0.550555
2505 0.245035 0.163985 0.590981
2506 0.234006 0.267614 0.498380
2506 0.248493 0.147648 0.603859
2506 0.502688 0.326519 0.170793
2506 0.283307 0.044472 0.672221
2386 0.911447 0.057395 0.031157
2384 0.173473 0.122395 0.704132
2367 0.066229 0.762662 0.171109
2373 0.927469 0.035323 0.037208
2367 0.151043 0.691357 0.157600
2373 0.843114 0.121333 0.035553
2374 0.611565 0.000000 0.388435
2373 0.751802 0.222989 0.025208
2374 0.579638 0.096407 0.323955
2384 0.358261 0.069560 0.572179
2384 0.524799 0.108186 0.367015
2384 0.588024 0.036922 0.375054
2384 0.748154 0.168932 0.082914
2384 0.836918 0.053435 0.109646
2383 0.772085 0.227915 0.000000
2383 0.891652 0.108348 0.000000
2374 0.360540 0.059875 0.579585
2374 0.227707 0.000000 0.772293
2369 0.180128 0.445955 0.373917
2759 0.000000 0.453533 0.546467
2760 0.344619 0.535471 0.119910
2759 0.031957 0.915707 0.052336
2667 0.316247 0.383590 0.300163
2667 0.264385 0.203709 0.531906
2667 0.572633 0.022837 0.404531
2539 0.159177 0.292936 0.547887
2674 0.019749 0.257497 0.722754
2539 0.183109 0.480251 0.336640
2386 0.069018 0.479316 0.451666
2539 0.294264 0.297092 0.408644
2386 0.343500 0.511321 0.145179
2539 0.280560 0.496496 0.222944
2386 0.077205 0.281455 0.641340
2539 0.056760 0.771197 0.172042
2386 0.177429 0.162166 0.660406
2385 0.224415 0.457556 0.318030
2384 0.087122 0.852203 0.060675
2369 0.073577 0.777292 0.149131
2384 0.196554 0.697168 0.106278
2384 0.303577 0.587368 0.109055
2519 0.237982 0.686904 0.075114
2520 0.177099 0.437975 0.384926
2520 0.058801 0.225810 0.715389
2520 0.478073 0.395663 0.126264
2519 0.630113 0.164966 0.204921
2520 0.359744 0.271030 0.369226
2520 0.725981 0.145949 0.128070
2520 0.734702 0.242491 0.022807
2520 0.205519 0.000000 0.794481
2383 0.121021 0.249455 0.629525
2383 0.118921 0.410237 0.470842
2383 0.279269 0.088793 0.631938
2386 0.122463 0.098606 0.778932
2537 0.065173 0.192867 0.741960
2368 0.094530 0.670046 0.235424
2386 0.498070 0.125699 0.376231
2386 0.391161 0.021414 0.587426
2386 0.552482 0.032801 0.414716
2368 0.408762 0.304032 0.287206
2368 0.438330 0.474536 0.087135
2367 0.675752 0.111896 0.212352
2367 0.535470 0.147845 0.316686
2367 0.538416 0.255220 0.206363
2398 0.155582 0.561517 0.282901
2398 0.199815 0.252859 0.547325
2397 0.307035 0.405031 0.287933
2397 0.117636 0.566086 0.316278
2396 0.000000 0.974701 0.025299
2398 0.220312 0.141015 0.638674
2398 0.558487 0.203832 0.237681
2395 0.045541 0.056099 0.898360
2396 0.266691 0.624505 0.108804
2395 0.108727 0.142189 0.749085
2738 0.825115 0.010640 0.164245
2643 0.209418 0.001402 0.789180
2790 0.746932 0.083173 0.169895
2643 0.274074 0.488480 0.237447
2643 0.531063 0.000000 0.468937
2643 0.301978 0.687999 0.010023
2642 0.000000 0.319154 0.680846
2766 0.363430 0.289149 0.347421
2642 0.461541 0.132149 0.406310
2642 0.000000 0.617525 0.382475
2767 0.348649 0.635953 0.015398
2791 0.171756 0.000000 0.828244
2642 0.555451 0.073457 0.371092
2642 0.575822 0.313873 0.110305
2789 0.824579 0.000000 0.175421
2652 0.179933 0.322257 0.497810
2642 0.008294 0.910686 0.081020
2767 0.159397 0.608569 0.232034
2765 0.206175 0.044133 0.749692
2765 0.212224 0.309606 0.478169
2767 0.344519 0.566274 0.089207
2765 0.219268 0.486953 0.293778
2367 0.139706 0.522500 0.337793
2367 0.262813 0.536349 0.200838
2367 0.348645 0.647641 0.003714
2373 0.665378 0.077774 0.256848
2653 0.063854 0.513173 0.422973
2652 0.476349 0.162771 0.360880
2765 0.490718 0.176123 0.333160
2765 0.778422 0.014466 0.207111
2765 0.623714 0.163114 0.213172
2653 0.191535 0.157689 0.650776
2653 0.784401 0.189424 0.026176
2374 0.529495 0.308878 0.161627
2374 0.314406 0.311047 0.374548
2374 0.096332 0.189359 0.714309
2397 0.000000 0.211774 0.788226
2418 0.288904 0.294486 0.416610
2416 0.000000 0.668453 0.331547
2416 0.320654 0.666707 0.012639
2418 0.329480 0.152897 0.517623
2416 0.000000 0.515961 0.484039
2418 0.379227 0.020545 0.600228
2416 0.000000 0.363852 0.636148
2416 0.340738 0.514027 0.145235
2416 0.346887 0.361762 0.291351
2418 0.506243 0.000000 0.493757
2418 0.687977 0.016972 0.295051
2764 0.357780 0.170142 0.472078
2397 0.145497 0.411444 0.443059
2764 0.731876 0.067781 0.200343
2418 0.836736 0.000000 0.163264
2764 0.264696 0.519870 0.215434
2416 0.333837 0.209870 0.456294
2612 0.077879 0.828658 0.093463
2416 0.296803 0.058767 0.644430
2763 0.046054 0.367489 0.586457
2531 0.439441 0.269543 0.291016
2519 0.000000 0.875880 0.124120
2539 0.704427 0.237780 0.057793
2539 0.499939 0.406153 0.093908
2668 0.041901 0.797637 0.160462
2762 0.699551 0.268678 0.031771
2760 0.013924 0.099166 0.886910
2650 0.246249 0.737264 0.016487
2610 0.272875 0.112498 0.614627
2610 0.229707 0.712903 0.057390
2610 0.111403 0.686237 0.202360
2538 0.102848 0.340496 0.556656
2610 0.495394 0.442027 0.062579
2368 0.122991 0.864462 0.012547
2367 0.129783 0.224286 0.645930
2507 0.774410 0.220669 0.004921
2509 0.103484 0.191532 0.704985
2367 0.134919 0.440417 0.424664
2507 0.336465 0.535129 0.128405
2367 0.324497 0.258715 0.416788
2367 0.333250 0.467666 0.199084
2486 0.198989 0.707769 0.093242
2509 0.120807 0.648368 0.230825
2367 0.547201 0.452799 0.000000
2373 0.517726 0.231920 0.250353
2372 0.021685 0.167936 0.810380
2388 0.688493 0.130799 0.180708
2387 0.675100 0.037271 0.287629
2532 0.269883 0.519758 0.210359
2373 0.314306 0.441902 0.243792
2373 0.184412 0.577642 0.237946
2397 0.436838 0.529264 0.033898
2397 0.766131 0.229580 0.004289
2388 0.329815 0.000000 0.670185
2374 0.518562 0.418534 0.062904
2396 0.277024 0.454316 0.268659
2396 0.277664 0.241758 0.480578
2373 0.384678 0.117636 0.497686
2374 0.291976 0.533612 0.174412
2373 0.253988 0.000086 0.745926
2374 0.053464 0.398491 0.548045
2374 0.065344 0.648452 0.286203
2373 0.133276 0.126336 0.740388
3871 0.292257 0.622656 0.085087
3529 0.370612 0.326992 0.302396
3953 0.303845 0.144862 0.551294
3904 0.271024 0.030682 0.698294
3904 0.476812 0.170307 0.352880
3040 0.003616 0.113422 0.882961
3120 0.246868 0.401640 0.351493
3120 0.272119 0.104220 0.623661
3121 0.660035 0.058265 0.281700
3337 0.496714 0.251622 0.251665
3381 0.184330 0.142943 0.672727
3044 0.241020 0.699681 0.059299
1519 0.063326 0.018791 0.917883
1515 0.224513 0.205092 0.570396
3045 0.060636 0.671753 0.267611
1503 0.527113 0.081226 0.391660
1514 0.555716 0.375784 0.068500
1504 0.615761 0.366522 0.017717
1504 0.689130 0.019452 0.291418
1514 0.799377 0.016464 0.184158
1515 0.394557 0.077605 0.527838
3908 0.633526 0.148682 0.217792
3045 0.344761 0.640048 0.015191
3892 0.319127 0.571858 0.109015
3045 0.152828 0.341930 0.505242
3120 0.257400 0.670628 0.071971
3046 0.044363 0.298844 0.656794
1505 0.384504 0.511235 0.104261
1504 0.392720 0.272783 0.334497
1502 0.511829 0.444926 0.043246
1503 0.854699 0.093690 0.051610
1503 0.562512 0.304402 0.133086
1503 0.177437 0.584009 0.238555
1498 0.221385 0.668675 0.109939
1498 0.106665 0.636457 0.256878
1498 0.457554 0.391802 0.150645
1498 0.235912 0.432051 0.332037
1498 0.333884 0.252454 0.413662
3371 0.101744 0.274892 0.623364
1500 0.048307 0.871462 0.080231
1498 0.656820 0.140182 0.202998
1498 0.684470 0.009116 0.306414
1496 0.876533 0.064947 0.058520
4271 0.518015 0.011252 0.470733
4091 0.158603 0.721054 0.120343
1500 0.068518 0.280653 0.650830
1497 0.411083 0.078818 0.510100
3370 0.315968 0.401411 0.282621
4273 0.064581 0.293106 0.642314
4273 0.407353 0.257562 0.335085
4273 0.235183 0.346117 0.418700
4273 0.418222 0.443597 0.138181
4273 0.041122 0.725213 0.233665
4316 0.569064 0.195200 0.235736
4316 0.771359 0.147701 0.080939
916 0.336036 0.384972 0.278992
987 0.464333 0.191105 0.344561
4269 0.240853 0.438968 0.320180
4269 0.020143 0.646042 0.333815
4325 0.232824 0.745652 0.021524
988 0.760160 0.067041 0.172798
916 0.187600 0.594958 0.217442
916 0.348587 0.221683 0.429730
916 0.094088 0.604444 0.301467
916 0.205384 0.096429 0.698188
916 0.244773 0.294004 0.461222
4315 0.283975 0.298358 0.417667
917 0.237384 0.668444 0.094172
914 0.341420 0.528477 0.130103
914 0.437358 0.262132 0.300511
917 0.079867 0.851354 0.068779
4262 0.380525 0.585826 0.033649
4262 0.110696 0.824649 0.064656
4316 0.254539 0.635177 0.110284
4315 0.054912 0.517818 0.427270
4052 0.233112 0.476007 0.290882
911 0.793152 0.068119 0.138730
910 0.804216 0.126687 0.069097
660 0.666850 0.060372 0.272778
911 0.424055 0.323375 0.252570
910 0.549011 0.231930 0.219059
4229 0.378974 0.019846 0.601179
911 0.389426 0.205936 0.404638
911 0.180293 0.282354 0.537353
922 0.704108 0.177064 0.118829
3964 0.155350 0.034895 0.809754
911 0.039914 0.458513 0.501573
3935 0.081816 0.205853 0.712331
4252 0.533587 0.377110 0.089304
3523 0.618148 0.014198 0.367654
4252 0.020166 0.037744 0.942090
3113 0.716791 0.117657 0.165552
4254 0.217425 0.782575 0.000000
800 0.760113 0.114668 0.125220
4254 0.339851 0.624274 0.035875
4252 0.478277 0.060679 0.461044
4253 0.693627 0.149933 0.156441
3746 0.067362 0.859204 0.073434
4253 0.311376 0.506272 0.182351
4253 0.244700 0.318259 0.437041
802 0.832091 0.024846 0.143063
3121 0.786093 0.142353 0.071554
844 0.102212 0.132954 0.764835
844 0.220704 0.180229 0.599068
3964 0.344811 0.321975 0.333215
3120 0.784167 0.114868 0.100964
3964 0.483431 0.396867 0.119702
846 0.076367 0.822268 0.101365
846 0.212779 0.312694 0.474528
846 0.077352 0.408189 0.514458
846 0.073287 0.141123 0.785591
846 0.279258 0.439955 0.280787
4315 0.270665 0.516887 0.212448
800 0.131299 0.543461 0.325240
812 0.497180 0.200117 0.302703
801 0.658312 0.045507 0.296181
4314 0.606329 0.222510 0.171161
801 0.457681 0.240778 0.301541
800 0.207457 0.075087 0.717457
800 0.319127 0.216540 0.464333
812 0.766433 0.052929 0.180638
801 0.294954 0.154355 0.550691
4313 0.011557 0.436630 0.551813
847 0.183101 0.267144 0.549755
4053 0.097788 0.853905 0.048307
4312 0.193923 0.053272 0.752805
4254 0.439068 0.455905 0.105027
4253 0.150106 0.251771 0.598122
3746 0.029757 0.448501 0.521742
3746 0.350552 0.236483 0.412965
3746 0.069795 0.136300 0.793905
3747 0.109988 0.706178 0.183834
3087 0.431919 0.281731 0.286350
3087 0.722587 0.154542 0.122872
3087 0.662895 0.285253 0.051852
3740 0.085639 0.478006 0.436356
3740 0.176814 0.309619 0.513567
1430 0.029844 0.128898 0.841259
951 0.104067 0.537292 0.358642
1430 0.160839 0.159132 0.680029
951 0.021497 0.454741 0.523762
4325 0.069599 0.645012 0.285389
4326 0.034893 0.124210 0.840898
3742 0.114514 0.597003 0.288482
4326 0.249949 0.086046 0.664006
3792 0.117249 0.119154 0.763597
3087 0.839974 0.023222 0.136804
3792 0.051996 0.546635 0.401368
4326 0.543137 0.242703 0.214160
4326 0.567801 0.363215 0.068984
3792 0.189032 0.781397 0.029572
3792 0.528381 0.335573 0.136046
3086 0.937845 0.056902 0.005253
3739 0.156172 0.829874 0.013954
3085 0.096438 0.305126 0.598435
3742 0.260148 0.252448 0.487404
3085 0.062305 0.188429 0.749266
3742 0.045955 0.230326 0.723719
4326 0.122272 0.764235 0.113493
3085 0.432426 0.013437 0.554138
3085 0.203595 0.383805 0.412600
3085 0.408821 0.209121 0.382058
4326 0.247684 0.749688 0.002627
3085 0.226065 0.621922 0.152013
951 0.222976 0.312741 0.464284
4256 0.011824 0.846084 0.142091
937 0.085353 0.386070 0.528578
937 0.073747 0.129202 0.797052
4334 0.299482 0.590028 0.110490
4256 0.173068 0.455190 0.371742
951 0.305751 0.623067 0.071182
4257 0.196860 0.647087 0.156053
4338 0.127087 0.460464 0.412449
4336 0.801409 0.142258 0.056334
3069 0.092547 0.415554 0.491899
937 0.006176 0.986826 0.006999
4336 0.392134 0.538700 0.069165
4338 0.476686 0.221477 0.301837
4205 0.044708 0.791012 0.164280
4205 0.007989 0.310802 0.681209
3754 0.621088 0.140810 0.238102
4328 0.338922 0.322557 0.338522
4204 0.150824 0.080333 0.768843
4204 0.094124 0.323886 0.581990
4205 0.405128 0.424854 0.170018
4329 0.461656 0.518805 0.019539
3071 0.233803 0.062514 0.703683
3072 0.007768 0.046618 0.945614
3071 0.168457 0.345997 0.485546
3071 0.338288 0.446477 0.215235
3071 0.065623 0.144063 0.790314
3071 0.060872 0.439189 0.499939
3073 0.034630 0.773616 0.191754
3879 0.077880 0.151383 0.770737
3074 0.128498 0.800824 0.070678
3879 0.253083 0.502031 0.244886
3113 0.232889 0.087225 0.679885
3113 0.296250 0.392783 0.310967
3868 0.249635 0.654616 0.095749
3112 0.561603 0.393355 0.045042
3873 0.203988 0.627656 0.168356
3873 0.156288 0.419539 0.424173
3112 0.305256 0.273590 0.421154
3049 0.113628 0.554908 0.331465
3112 0.123428 0.488777 0.387795
3113 0.134333 0.811961 0.053705
3871 0.574796 0.136952 0.288252
3527 0.025349 0.628848 0.345803
3870 0.778854 0.125777 0.095369
846 0.637731 0.354946 0.007323
798 0.851352 0.054119 0.094528
3870 0.179085 0.640294 0.180621
3905 0.044304 0.838228 0.117468
3527 0.554838 0.395868 0.049293
3090 0.006481 0.556220 0.437298
3090 0.322210 0.517965 0.159825
3049 0.691938 0.225981 0.082082
3048 0.842678 0.022928 0.134395
3049 0.647449 0.033336 0.319215
3879 0.314694 0.315212 0.370094
3879 0.653104 0.110708 0.236187
3880 0.236412 0.519638 0.243950
798 0.428052 0.396817 0.175131
3880 0.321429 0.674983 0.003588
3916 0.654227 0.204690 0.141083
3917 0.720660 0.266193 0.013147
798 0.051868 0.458273 0.489859
799 0.394795 0.351050 0.254155
3916 0.492747 0.215380 0.291872
3916 0.433004 0.069061 0.497935
849 0.491005 0.125539 0.383456
3916 0.287642 0.548203 0.164155
848 0.037655 0.450486 0.511859
849 0.378035 0.527372 0.094593
799 0.271763 0.586390 0.141847
848 0.234767 0.012942 0.752292
799 0.172215 0.235226 0.592559
3930 0.033278 0.149381 0.817341
3929 0.022816 0.886265 0.090919
926 0.748558 0.071042 0.180401
3071 0.223025 0.546889 0.230086
927 0.064755 0.084795 0.850450
3916 0.237331 0.455608 0.307062
927 0.220256 0.260647 0.519097
4261 0.847050 0.079346 0.073604
3070 0.249695 0.025531 0.724773
3916 0.067226 0.471251 0.461523
871 0.059843 0.676691 0.263467
3928 0.209802 0.743361 0.046837
4204 0.296789 0.329830 0.373381
4260 0.573731 0.422165 0.004105
4204 0.134837 0.803905 0.061257
4204 0.489493 0.360728 0.149778
4260 0.671683 0.213293 0.115024
4260 0.575001 0.121295 0.303705
862 0.665933 0.306730 0.027338
863 0.367929 0.243416 0.388655
3917 0.485766 0.356417 0.157816
4330 0.158044 0.816830 0.025126
797 0.163567 0.716480 0.119953
863 0.516287 0.418440 0.065272
799 0.071253 0.867741 0.061006
799 0.035923 0.579911 0.384165
863 0.627265 0.098064 0.274671
3917 0.263681 0.654569 0.081750
797 0.025084 0.902334 0.072582
796 0.029549 0.832857 0.137594
849 0.077532 0.913495 0.008974
3927 0.289779 0.498725 0.211496
849 0.304728 0.071595 0.623678
3927 0.729398 0.258605 0.011997
3122 0.607506 0.199391 0.193103
3927 0.383040 0.121524 0.495436
849 0.170495 0.419690 0.409815
826 0.039654 0.851595 0.108751
3122 0.847696 0.077060 0.075244
3534 0.502710 0.358441 0.138849
3916 0.139477 0.128101 0.732422
3124 0.185414 0.611032 0.203553
3056 0.098514 0.049002 0.852484
3053 0.228633 0.020979 0.750388
3124 0.029715 0.705582 0.264703
796 0.203216 0.542082 0.254702
826 0.304532 0.253150 0.442318
797 0.015677 0.539822 0.444501
796 0.416789 0.164543 0.418669
796 0.492901 0.325644 0.181455
826 0.151131 0.415566 0.433303
3124 0.257136 0.132855 0.610009
3088 0.642044 0.195361 0.162595
3124 0.314202 0.403977 0.281822
3125 0.045949 0.605612 0.348439
3312 0.249982 0.297590 0.452428
3088 0.511700 0.141757 0.346543
827 0.090571 0.385059 0.524369
826 0.486863 0.112732 0.400405
3924 0.432905 0.138967 0.428128
3924 0.520745 0.333889 0.145366
3925 0.546864 0.351189 0.101946
4205 0.189288 0.247395 0.563317
4065 0.077793 0.602152 0.320055
3283 0.611467 0.329077 0.059456
4065 0.207125 0.356309 0.436566
4065 0.518021 0.333566 0.148413
4205 0.405761 0.050830 0.543410
863 0.192695 0.665589 0.141716
797 0.232078 0.235550 0.532372
3088 0.425601 0.574399 0.000000
4205 0.715183 0.203247 0.081570
3088 0.100535 0.841815 0.057650
797 0.704294 0.204947 0.090759
827 0.009014 0.038660 0.952327
3703 0.167743 0.686105 0.146152
989 0.802885 0.090691 0.106424
989 0.341543 0.027347 0.631111
991 0.766054 0.010032 0.223914
990 0.799829 0.139907 0.060264
4257 0.519317 0.000000 0.480683
3361 0.607328 0.199846 0.192826
4312 0.489184 0.037011 0.473805
3361 0.365461 0.453069 0.181469
3093 0.840094 0.051624 0.108283
4311 0.203122 0.745908 0.050970
4311 0.432966 0.317096 0.249938
3106 0.184636 0.186896 0.628468
4255 0.181478 0.086252 0.732270
3740 0.261854 0.132395 0.605751
3741 0.340527 0.582996 0.076477
3741 0.084054 0.731692 0.184254
3290 0.687006 0.182003 0.130991
3092 0.266507 0.704834 0.028659
3741 0.445590 0.348870 0.205540
3254 0.318624 0.650399 0.030978
3254 0.795463 0.060222 0.144315
3290 0.143499 0.629757 0.226744
3741 0.099827 0.532687 0.367485
3929 0.349163 0.231862 0.418975
3741 0.313766 0.263729 0.422505
3741 0.438255 0.045186 0.516559
3071 0.123492 0.650621 0.225887
3070 0.145487 0.053438 0.801074
4310 0.631923 0.089295 0.278781
3070 0.102382 0.008683 0.888935
3254 0.000000 0.785597 0.214403
3342 0.487512 0.138182 0.374306
3343 0.698092 0.238610 0.063298
4331 0.835503 0.135744 0.028752
3310 0.108524 0.039850 0.851626
3342 0.142272 0.676370 0.181358
3308 0.027796 0.953870 0.018334
3342 0.373495 0.598453 0.028052
3757 0.112678 0.830694 0.056629
4330 0.355421 0.508570 0.136008
3756 0.288940 0.023915 0.687145
4331 0.632539 0.284731 0.082729
3757 0.070379 0.530984 0.398637
4330 0.395588 0.296707 0.307705
3703 0.336410 0.491405 0.172185
3703 0.407339 0.162640 0.430021
3702 0.241016 0.224603 0.534381
3703 0.486053 0.489377 0.024570
3290 0.461262 0.225921 0.312816
3290 0.233412 0.362998 0.403590
3255 0.632634 0.313468 0.053898
3290 0.317776 0.164640 0.517585
3255 0.454266 0.194804 0.350930
3290 0.052837 0.255332 0.691831
3702 0.332247 0.283955 0.383797
3702 0.094770 0.606538 0.298692
3702 0.541124 0.177224 0.281652
3703 0.764205 0.068244 0.167551
4309 0.665728 0.167021 0.167252
3703 0.949491 0.001382 0.049126
3752 0.035408 0.783743 0.180848
3752 0.469384 0.491227 0.039389
3734 0.042232 0.076547 0.881221
3291 0.140929 0.381800 0.477271
4307 0.353480 0.070582 0.575938
3255 0.447690 0.491485 0.060824
3735 0.300651 0.223039 0.476311
4330 0.014882 0.640494 0.344624
4330 0.271488 0.217836 0.510676
4331 0.369091 0.545236 0.085673
4330 0.035586 0.333184 0.631229
3308 0.034871 0.567447 0.397682
4331 0.273573 0.474440 0.251986
3759 0.642719 0.320343 0.036938
3770 0.068223 0.265916 0.665862
3771 0.036020 0.891167 0.072813
3292 0.622638 0.341728 0.035634
976 0.278707 0.285623 0.435670
3758 0.191122 0.494766 0.314112
4167 0.061816 0.263102 0.675082
3784 0.755836 0.085998 0.158167
4166 0.297803 0.282367 0.419830
4149 0.461292 0.492448 0.046259
4148 0.592944 0.083675 0.323380
4166 0.265013 0.517783 0.217204
5334 0.804274 0.012759 0.182968
3285 0.428569 0.405877 0.165554
3341 0.327074 0.628433 0.044493
