21403 0.153670 0.660009 0.186321
29938 0.307160 0.583732 0.109107
16849 0.326048 0.097843 0.576109
17115 0.171159 0.533870 0.294970
29936 0.039603 0.934253 0.026143
30019 0.342293 0.115997 0.541710
30022 0.193949 0.264987 0.541063
16982 0.607126 0.112477 0.280398
29751 0.549253 0.361288 0.089459
16848 0.749715 0.250285 0.000000
23045 0.018240 0.257624 0.724136
17110 0.605077 0.154768 0.240155
17119 0.305175 0.667043 0.027782
16986 0.134050 0.356168 0.509782
29754 0.177984 0.356428 0.465588
17117 0.729087 0.106275 0.164638
23101 0.005626 0.874542 0.119831
17108 0.577143 0.342667 0.080191
22982 0.536895 0.267766 0.195339
16991 0.017230 0.505657 0.477113
22981 0.207587 0.199066 0.593347
30033 0.526412 0.124180 0.349408
16987 0.179542 0.234754 0.585704
16992 0.280646 0.238693 0.480661
16517 0.102779 0.571213 0.326008
29756 0.838353 0.072450 0.089196
16992 0.013473 0.061494 0.925034
17098 0.390197 0.300624 0.309179
29939 0.504735 0.472964 0.022301
17121 0.685514 0.175206 0.139280
16756 0.079558 0.059828 0.860614
22978 0.046835 0.354047 0.599117
16968 0.224684 0.128589 0.646726
16557 0.688309 0.174342 0.137349
22965 0.380621 0.609586 0.009793
30032 0.665284 0.012913 0.321803
16779 0.482484 0.041936 0.475580
17106 0.281506 0.391695 0.326799
16996 1.000000 0.000000 0.000000
29986 0.347717 0.070583 0.581700
23088 0.369368 0.043173 0.587459
29981 0.295550 0.588854 0.115596
16556 0.549836 0.212164 0.238000
16964 0.330504 0.390692 0.278805
17101 0.331215 0.136722 0.532063
16840 0.571716 0.110635 0.317649
23102 0.165863 0.528960 0.305177
16829 0.264489 0.050124 0.685387
16561 0.080802 0.674439 0.244760
29984 0.765426 0.232394 0.002180
29885 0.412426 0.268900 0.318674
16973 0.324516 0.291248 0.384236
17100 0.472788 0.364296 0.162916
22537 0.231768 0.647018 0.121214
16916 0.299053 0.316858 0.384089
29886 0.057170 0.263617 0.679214
17083 0.348221 0.560590 0.091189
16969 0.040041 0.117519 0.842440
17100 0.091316 0.712554 0.196130
22964 0.202072 0.748673 0.049255
29991 0.094033 0.598100 0.307867
30036 0.742745 0.109750 0.147506
17084 0.463736 0.158548 0.377716
16858 0.058679 0.058698 0.882623
16842 0.252243 0.558229 0.189528
22968 0.382979 0.077046 0.539975
29988 0.109019 0.626823 0.264158
16967 0.044824 0.271254 0.683922
22966 0.202352 0.331625 0.466023
29949 0.810401 0.188858 0.000741
22776 0.134117 0.152552 0.713330
16582 0.101088 0.539438 0.359474
16915 0.400854 0.188719 0.410426
29984 0.247146 0.485147 0.267707
29989 0.033340 0.157856 0.808804
16934 0.012246 0.531055 0.456699
16971 0.378938 0.551191 0.069871
23007 0.309705 0.577233 0.113062
29991 0.179793 0.756088 0.064120
16684 0.544362 0.141942 0.313695
16764 0.303751 0.298365 0.397885
22527 0.171873 0.665564 0.162563
16971 0.047813 0.944183 0.008003
22469 0.220424 0.272912 0.506664
16534 0.305344 0.458638 0.236019
22987 0.693137 0.043725 0.263138
16926 0.099452 0.028240 0.872309
29719 0.475232 0.232904 0.291864
29889 0.120179 0.069510 0.810312
22573 0.789985 0.021988 0.188027
16836 0.709409 0.230095 0.060496
29993 0.596943 0.079691 0.323366
16860 0.428709 0.033974 0.537317
16532 0.032266 0.059935 0.907799
17000 0.126931 0.445724 0.427344
22947 0.199151 0.639219 0.161630
17086 0.340911 0.290900 0.368189
22560 0.129933 0.406197 0.463871
29961 0.303205 0.090561 0.606235
29775 0.318721 0.133992 0.547287
22463 0.395618 0.292354 0.312027
16691 0.628774 0.156622 0.214604
16932 0.819538 0.030232 0.150230
23008 0.245480 0.344754 0.409766
16923 0.147671 0.300251 0.552079
29723 0.641257 0.325075 0.033668
29749 0.511190 0.118525 0.370285
22995 0.277202 0.689655 0.033143
22945 0.060417 0.933822 0.005761
22571 0.194485 0.169913 0.635603
17085 0.128850 0.210662 0.660489
22456 0.000919 0.361647 0.637434
30001 0.301606 0.155141 0.543253
22993 0.007411 0.737150 0.255439
16865 0.943769 0.051668 0.004563
22715 0.137044 0.643065 0.219891
22582 0.061241 0.007845 0.930913
16872 0.558524 0.368418 0.073058
16906 0.227675 0.368908 0.403416
22562 0.080583 0.787096 0.132321
23019 0.169145 0.279272 0.551583
16861 1.000000 0.000000 0.000000
30006 0.356365 0.049781 0.593854
16743 0.025375 0.223174 0.751451
30002 0.149258 0.005763 0.844979
17017 0.876399 0.123601 0.000000
22977 0.282102 0.173444 0.544454
22454 0.109157 0.393864 0.496979
23018 0.355551 0.614231 0.030217
22611 0.262190 0.090584 0.647226
16811 0.045664 0.081000 0.873336
17017 0.000000 0.964454 0.035546
17012 0.085256 0.521227 0.393517
29903 0.328933 0.058225 0.612842
16867 0.744671 0.169594 0.085735
23050 0.784540 0.034813 0.180647
16819 0.449492 0.429380 0.121128
17015 0.169841 0.395255 0.434904
22748 0.205227 0.313914 0.480860
16911 0.093908 0.127464 0.778628
20265 0.102418 0.277463 0.620119
20277 0.167254 0.215716 0.617030
16870 0.581094 0.058049 0.360856
22558 0.255155 0.549750 0.195096
22744 0.540735 0.439852 0.019413
30007 0.297095 0.567001 0.135904
17013 0.629829 0.008578 0.361593
20371 0.143597 0.841304 0.015099
20211 0.785719 0.165852 0.048429
20230 0.584089 0.196620 0.219292
30000 0.362784 0.417504 0.219712
22561 0.168522 0.789181 0.042296
29962 0.087199 0.509361 0.403440
22531 0.405491 0.128347 0.466162
23020 0.387690 0.093114 0.519195
22746 0.142943 0.532181 0.324875
29974 0.555460 0.103011 0.341530
22740 0.205693 0.475176 0.319130
16854 0.309352 0.419984 0.270664
20229 0.798867 0.172714 0.028419
16713 0.428636 0.069588 0.501776
22935 0.365468 0.361358 0.273174
16821 0.198862 0.327713 0.473424
22922 0.470898 0.192428 0.336675
20348 0.659078 0.169602 0.171320
23049 0.238906 0.649695 0.111400
17016 0.906568 0.052651 0.040781
16614 0.343515 0.271082 0.385402
16878 0.100159 0.689080 0.210761
22721 0.029895 0.156581 0.813524
23557 0.558438 0.010582 0.430979
22718 0.056686 0.600132 0.343182
20272 0.525995 0.383862 0.090143
22684 0.254244 0.416653 0.329103
23561 0.074808 0.887126 0.038066
29935 0.560669 0.316260 0.123071
23558 0.137453 0.830106 0.032441
23069 0.542437 0.406504 0.051058
17149 0.328762 0.143538 0.527700
23466 0.108134 0.889593 0.002273
22526 0.078805 0.788893 0.132302
20235 0.761619 0.156693 0.081688
20351 0.756586 0.037774 0.205640
16870 0.151006 0.137326 0.711668
16773 0.209398 0.296633 0.493969
16808 0.262586 0.476765 0.260649
20184 0.085591 0.438072 0.476337
20330 0.154855 0.204397 0.640748
22686 0.305118 0.263061 0.431821
16729 0.327838 0.314994 0.357168
23472 0.479941 0.467201 0.052858
17038 0.514943 0.146598 0.338459
16723 0.715326 0.268677 0.015996
17010 0.631897 0.368103 0.000000
16703 0.054397 0.829966 0.115637
16815 0.196807 0.073952 0.729241
29890 0.100638 0.412364 0.486998
29914 0.375386 0.179552 0.445062
22920 0.289228 0.009682 0.701090
29922 0.266447 0.615126 0.118427
20188 0.224882 0.685755 0.089363
17028 0.311612 0.237987 0.450400
20364 0.032572 0.345807 0.621622
22728 0.113780 0.451675 0.434545
17041 0.351501 0.401450 0.247050
22651 0.104366 0.279124 0.616510
22802 0.034568 0.175788 0.789644
16591 0.574459 0.045609 0.379932
23036 0.146507 0.716409 0.137085
22470 0.084797 0.730883 0.184320
20335 0.026208 0.900881 0.072911
23456 0.419159 0.000000 0.580841
22821 0.038439 0.621505 0.340056
23459 0.160599 0.694388 0.145013
23559 0.075217 0.901063 0.023719
20329 0.435271 0.257900 0.306829
16725 0.522287 0.166097 0.311616
23586 0.315066 0.209283 0.475651
20421 0.854179 0.027437 0.118384
19813 0.035590 0.741538 0.222873
11967 0.564180 0.022820 0.413000
12034 0.042795 0.882192 0.075013
11967 0.081488 0.837158 0.081354
23564 0.435175 0.412992 0.151833
12445 0.622676 0.362003 0.015320
26218 0.210764 0.181474 0.607763
12446 0.007352 0.420374 0.572275
22466 0.224521 0.055978 0.719502
17009 0.338506 0.433329 0.228165
22873 0.479432 0.398859 0.121708
11971 0.120602 0.581059 0.298338
26207 0.138614 0.816095 0.045291
12451 0.495177 0.297990 0.206833
12438 0.727213 0.254249 0.018539
23096 0.212719 0.705538 0.081743
26201 0.305868 0.509440 0.184692
17019 0.330222 0.596200 0.073578
22676 0.260935 0.287744 0.451321
12444 0.530156 0.159923 0.309921
26203 0.004062 0.586722 0.409215
23079 0.167314 0.009240 0.823446
23542 0.639084 0.349913 0.011003
26153 0.686511 0.125527 0.187963
19838 0.689171 0.262001 0.048828
17162 0.015326 0.954893 0.029781
16731 0.478086 0.396002 0.125913
26090 0.061559 0.826060 0.112381
22569 0.418434 0.339570 0.241996
22785 0.580698 0.000000 0.419302
23024 0.705578 0.042071 0.252350
11976 0.385167 0.192740 0.422094
17026 0.710361 0.015228 0.274412
12452 0.359000 0.253085 0.387915
26139 0.338575 0.513849 0.147576
12506 0.034583 0.720342 0.245075
25746 0.129579 0.759804 0.110618
23523 0.133926 0.517409 0.348665
17158 0.036905 0.069199 0.893896
22515 0.112642 0.031188 0.856170
22819 0.708567 0.110999 0.180435
26238 0.248293 0.719523 0.032184
29929 0.806067 0.084576 0.109357
22544 0.552969 0.323714 0.123317
22804 0.036049 0.166993 0.796958
19814 0.230189 0.064950 0.704860
12992 0.259626 0.019997 0.720377
23698 0.290053 0.140297 0.569650
12128 0.276585 0.628756 0.094659
26220 0.209130 0.010191 0.780680
22815 0.077300 0.658746 0.263953
26121 0.395619 0.125207 0.479174
22802 0.806655 0.069692 0.123653
19943 0.738719 0.106851 0.154430
20192 0.846447 0.001471 0.152082
22482 0.362322 0.538976 0.098701
12504 0.389150 0.548066 0.062784
22866 0.075985 0.181875 0.742140
23082 0.400926 0.261605 0.337469
22865 0.675154 0.097033 0.227813
16755 0.074121 0.620603 0.305276
17057 0.365220 0.180993 0.453787
12086 0.848391 0.125266 0.026343
19807 0.252989 0.172900 0.574111
20333 0.351579 0.037667 0.610754
17025 0.070851 0.413228 0.515922
20157 0.923431 0.051980 0.024589
22465 0.435826 0.339968 0.224206
17039 0.000000 0.709338 0.290662
20162 0.497036 0.323214 0.179750
20337 0.531927 0.095369 0.372704
22869 0.078892 0.122565 0.798543
17004 0.227691 0.053019 0.719290
12399 0.565913 0.141234 0.292853
22448 0.586171 0.341344 0.072484
23001 0.278548 0.057315 0.664138
12440 0.219113 0.302940 0.477947
16521 0.457757 0.491705 0.050539
25818 0.354856 0.090870 0.554274
16596 0.339237 0.220915 0.439848
25875 0.385710 0.039837 0.574453
16527 0.160042 0.790997 0.048961
25898 0.565028 0.267118 0.167854
26209 0.740319 0.059018 0.200663
26182 0.679626 0.034140 0.286234
17051 0.235924 0.216182 0.547894
26161 0.750455 0.199231 0.050314
17022 0.267011 0.322149 0.410840
26179 0.924236 0.028456 0.047308
12505 0.635841 0.260705 0.103454
12404 0.210852 0.572680 0.216468
19811 0.447512 0.264833 0.287655
26008 0.345210 0.017864 0.636926
11981 0.813599 0.184195 0.002206
22864 0.060643 0.279986 0.659371
25816 0.212949 0.113107 0.673944
23283 0.081786 0.466268 0.451946
23716 0.401334 0.515519 0.083147
12981 0.172262 0.694762 0.132975
20298 0.246788 0.489471 0.263741
23712 0.635598 0.339209 0.025193
22457 0.432041 0.521027 0.046933
16552 0.173829 0.012750 0.813421
12400 0.940341 0.039167 0.020492
19840 0.394415 0.416691 0.188894
16555 0.358491 0.486512 0.154996
12439 0.104996 0.874976 0.020027
12424 0.122244 0.562073 0.315682
22902 0.230928 0.616295 0.152777
17132 0.917676 0.007000 0.075323
16657 0.019922 0.869001 0.111076
11127 0.665241 0.303701 0.031058
12456 0.037991 0.596056 0.365952
17052 0.341578 0.648517 0.009905
20293 0.550820 0.430461 0.018719
26166 0.736586 0.214435 0.048979
19820 0.174746 0.081174 0.744080
12408 0.355615 0.216813 0.427571
17021 0.213897 0.593949 0.192154
20226 0.053489 0.775737 0.170775
20316 0.041149 0.660974 0.297876
23302 0.600598 0.005959 0.393443
22954 0.090292 0.774039 0.135670
22565 0.177414 0.111564 0.711021
17008 0.327128 0.093309 0.579563
16760 0.201143 0.762155 0.036702
12041 0.201719 0.717233 0.081048
12994 0.413057 0.210237 0.376706
23023 0.434089 0.499445 0.066465
22811 0.504895 0.433059 0.062047
22806 0.096525 0.336364 0.567111
25875 0.107474 0.775677 0.116850
24885 0.242640 0.105359 0.652001
11128 0.078656 0.119270 0.802074
22508 0.466955 0.027199 0.505847
26186 0.207323 0.730818 0.061859
22892 0.561823 0.271044 0.167132
23711 0.301138 0.116219 0.582643
22876 0.074981 0.316282 0.608737
26160 0.075108 0.400775 0.524117
20290 0.012831 0.945420 0.041749
22731 0.867276 0.042579 0.090145
22458 0.191472 0.648108 0.160420
12066 0.114586 0.167811 0.717603
16823 0.298677 0.626860 0.074463
24917 0.229405 0.576777 0.193818
22871 0.027493 0.184214 0.788293
12414 0.929431 0.020012 0.050557
23348 0.035080 0.923102 0.041818
26178 0.254708 0.436297 0.308995
26162 0.776356 0.070856 0.152788
23098 0.201059 0.059205 0.739736
11132 0.160948 0.219166 0.619885
23285 0.017944 0.336218 0.645838
20199 0.398498 0.489200 0.112302
12976 0.255691 0.310303 0.434007
16834 0.121331 0.317567 0.561103
23715 0.693335 0.145350 0.161315
23713 0.429885 0.485147 0.084969
23521 0.373592 0.406412 0.219996
17080 0.049527 0.651666 0.298808
22643 0.286741 0.335077 0.378182
16825 0.421594 0.056211 0.522195
12414 0.155188 0.369199 0.475612
26167 0.858144 0.103183 0.038673
12890 0.587515 0.328616 0.083869
26010 0.476337 0.184346 0.339317
21046 0.045346 0.750622 0.204032
16768 0.219688 0.543721 0.236591
24916 0.065362 0.742316 0.192322
23023 0.133884 0.062524 0.803592
17076 0.118083 0.705960 0.175957
12879 0.042846 0.526476 0.430679
23056 0.328271 0.495240 0.176489
26237 0.262689 0.224925 0.512386
26159 0.410697 0.144344 0.444958
22859 0.025270 0.711093 0.263638
16824 0.355821 0.352824 0.291355
19945 0.173022 0.387918 0.439059
24959 0.781185 0.216902 0.001912
24958 0.656659 0.069484 0.273857
10833 0.077876 0.914059 0.008065
10836 0.601910 0.144231 0.253859
24959 0.325871 0.281329 0.392800
10833 0.153423 0.402267 0.444309
21025 0.092566 0.857690 0.049744
22887 0.240067 0.153768 0.606164
10618 0.155742 0.686240 0.158018
17138 0.012464 0.349811 0.637725
10865 0.479856 0.108231 0.411914
24535 0.257052 0.246422 0.496526
24535 0.214820 0.727280 0.057900
17137 0.311616 0.360086 0.328298
25840 0.347316 0.301659 0.351025
21100 0.344950 0.193713 0.461337
12428 0.670571 0.149305 0.180124
11120 0.043284 0.319786 0.636930
16512 0.156455 0.114901 0.728644
23555 0.066798 0.310971 0.622231
20453 0.757950 0.216383 0.025668
12415 0.473776 0.218490 0.307734
25316 0.705997 0.000000 0.294003
22564 0.697519 0.222801 0.079679
23350 0.084787 0.880255 0.034958
10859 0.230736 0.031027 0.738238
10858 0.212292 0.198552 0.589156
10856 0.313027 0.679317 0.007656
23278 0.688544 0.253886 0.057570
10864 0.049433 0.575492 0.375074
22836 0.699301 0.207481 0.093218
10864 0.378185 0.577106 0.044710
23306 0.896990 0.001169 0.101841
10858 0.091411 0.604434 0.304154
24697 0.070396 0.325544 0.604060
24958 0.218707 0.498847 0.282447
12459 0.409635 0.253403 0.336962
10836 0.363773 0.263072 0.373155
10842 0.840706 0.098109 0.061185
24945 0.150105 0.432863 0.417032
10683 0.345710 0.440452 0.213838
24777 0.308195 0.284038 0.407767
24794 0.250429 0.469295 0.280277
16599 0.056911 0.778364 0.164725
26004 0.713602 0.135341 0.151058
12909 0.371671 0.344208 0.284121
16565 0.324496 0.390273 0.285231
11098 0.811457 0.049285 0.139257
19933 0.544350 0.178753 0.276897
16718 0.519621 0.220177 0.260203
22702 0.473636 0.325604 0.200759
24972 0.524562 0.133182 0.342256
24947 0.735322 0.118315 0.146363
20455 0.086893 0.243422 0.669684
16791 0.579845 0.134611 0.285544
22459 0.197457 0.163981 0.638562
23276 0.213977 0.579913 0.206111
26167 0.151230 0.585176 0.263593
16680 0.426063 0.053749 0.520188
26006 0.486460 0.450559 0.062982
24886 0.004673 0.487561 0.507766
24534 0.072113 0.570053 0.357834
10866 0.219084 0.609775 0.171141
21050 0.934016 0.017948 0.048036
11693 0.170583 0.471276 0.358141
11693 0.244499 0.245056 0.510445
24704 0.401087 0.162103 0.436809
24703 0.105897 0.789731 0.104371
24703 0.190234 0.513173 0.296593
25887 0.584916 0.147582 0.267502
12880 0.408163 0.485605 0.106232
22854 0.046740 0.350559 0.602701
26171 0.172656 0.690951 0.136392
10856 0.349725 0.247081 0.403194
24590 0.175168 0.110851 0.713981
12498 0.110908 0.392382 0.496710
24920 0.208589 0.268516 0.522894
24946 0.441219 0.350361 0.208420
24968 0.001636 0.064051 0.934313
10867 0.013861 0.437073 0.549066
26196 0.541842 0.109571 0.348587
12401 0.655695 0.166241 0.178064
24702 0.069048 0.783131 0.147821
23077 0.570877 0.243597 0.185526
10835 0.307145 0.012596 0.680259
10661 0.093967 0.484846 0.421187
10615 0.275968 0.604872 0.119159
22460 0.035534 0.326746 0.637720
24827 0.038475 0.584854 0.376671
20322 0.471420 0.107269 0.421311
20404 0.373143 0.521975 0.104882
22587 0.243875 0.588032 0.168093
11686 0.060145 0.748379 0.191476
11123 0.138514 0.003175 0.858311
24913 0.453929 0.209900 0.336171
22833 0.788838 0.156503 0.054659
22833 0.111612 0.733171 0.155218
24696 0.544438 0.054171 0.401392
24696 0.321741 0.159434 0.518825
12978 0.169734 0.709945 0.120321
10866 0.327261 0.204772 0.467967
12422 0.161556 0.235259 0.603184
12429 0.395653 0.470411 0.133936
13141 0.120330 0.541378 0.338291
24193 0.115576 0.728213 0.156211
24970 0.014879 0.674384 0.310737
12475 0.401393 0.529441 0.069167
23282 0.032384 0.343981 0.623635
11687 0.492864 0.436262 0.070873
17059 0.613878 0.018907 0.367216
17061 0.134681 0.170518 0.694802
21060 0.395836 0.475338 0.128826
24704 0.034718 0.213821 0.751461
24534 0.508339 0.144025 0.347636
11684 0.234135 0.704261 0.061605
21567 0.350408 0.410198 0.239394
11687 0.245989 0.523261 0.230750
19941 0.175954 0.686073 0.137973
20200 0.272027 0.080558 0.647415
23705 0.130467 0.640517 0.229016
10841 0.709205 0.219306 0.071489
20407 0.519377 0.330999 0.149624
10671 0.143053 0.197133 0.659814
11692 0.612239 0.110761 0.277000
10834 0.237208 0.623540 0.139252
10669 0.412891 0.314786 0.272323
10672 0.517735 0.180763 0.301502
11687 0.088859 0.171758 0.739382
24697 0.434885 0.477509 0.087606
22766 0.342261 0.553145 0.104594
24592 0.075341 0.012189 0.912471
22941 0.209504 0.490155 0.300342
11692 0.037642 0.422657 0.539701
21540 0.307674 0.583038 0.109288
11867 0.273575 0.603512 0.122913
11573 0.158826 0.311766 0.529408
24825 0.392433 0.044996 0.562571
19935 0.360020 0.386543 0.253438
24970 0.396802 0.461956 0.141242
11634 0.118161 0.024117 0.857721
12892 0.017120 0.598607 0.384274
24536 0.373884 0.390205 0.235911
22852 0.514880 0.093092 0.392028
21049 0.448476 0.415140 0.136384
16651 0.562899 0.247174 0.189927
12415 1.000000 0.000000 0.000000
10889 0.284720 0.176722 0.538558
26404 0.334368 0.569726 0.095906
22913 0.233468 0.454242 0.312290
25752 0.099864 0.773370 0.126767
11635 0.453855 0.209065 0.337079
24704 0.100748 0.626549 0.272704
25325 0.077382 0.343220 0.579398
24757 0.215456 0.173291 0.611253
24590 0.817674 0.016957 0.165369
16573 0.147846 0.183020 0.669134
21618 0.158428 0.766578 0.074994
20203 0.147885 0.786180 0.065935
12532 0.220957 0.602124 0.176919
23486 0.835552 0.086377 0.078071
23446 0.209935 0.538687 0.251378
19890 0.086039 0.787932 0.126029
20149 0.321764 0.658327 0.019910
24825 0.019632 0.639908 0.340460
25917 0.054565 0.529407 0.416028
13151 0.611856 0.262658 0.125486
13122 0.632639 0.258333 0.109028
24968 0.251040 0.629789 0.119171
22481 0.410856 0.307299 0.281846
22595 0.326152 0.194427 0.479421
25824 0.663108 0.035935 0.300957
26062 0.620290 0.264680 0.115030
26083 0.441465 0.021863 0.536672
20073 0.462180 0.447365 0.090454
23611 0.118116 0.844644 0.037240
24478 0.100755 0.867232 0.032013
11696 0.090181 0.640841 0.268979
21067 0.161905 0.454222 0.383873
10616 0.109929 0.888018 0.002054
22822 0.034683 0.679477 0.285840
10843 0.049878 0.887817 0.062305
21104 0.562948 0.050798 0.386254
16564 0.344802 0.307198 0.348000
24925 0.491012 0.007323 0.501664
20253 0.052938 0.817423 0.129638
11634 0.622475 0.132939 0.244586
16678 0.884073 0.048856 0.067071
16634 0.167632 0.637671 0.194697
21082 0.728433 0.053205 0.218362
10735 0.670515 0.118991 0.210494
23325 0.076985 0.816117 0.106898
11635 0.224257 0.578491 0.197253
24490 0.729779 0.117093 0.153127
16587 0.050998 0.114206 0.834796
25998 0.795201 0.099556 0.105243
12905 0.268311 0.392880 0.338809
24669 0.419203 0.443383 0.137414
12988 0.498908 0.311317 0.189775
24681 0.134563 0.786465 0.078972
11715 0.141358 0.463543 0.395100
25828 0.193129 0.190892 0.615979
10817 0.072096 0.636568 0.291336
25926 0.563747 0.056460 0.379794
16628 0.521878 0.179152 0.298970
26175 0.070707 0.195942 0.733351
25326 0.043547 0.135134 0.821319
21030 0.012852 0.930520 0.056628
25311 0.453310 0.378913 0.167777
21030 0.793307 0.133045 0.073648
10606 0.129952 0.750755 0.119293
10650 0.387194 0.233815 0.378992
21109 0.313217 0.172440 0.514342
20252 0.046354 0.843079 0.110567
24479 0.117256 0.208162 0.674582
24969 0.210341 0.448382 0.341278
11590 0.189570 0.185109 0.625321
11588 0.071822 0.662473 0.265705
11573 0.414217 0.254223 0.331560
22973 0.155913 0.772868 0.071219
13092 0.324839 0.407606 0.267556
10731 0.657048 0.313402 0.029551
20405 0.192618 0.459693 0.347688
22831 0.369742 0.410236 0.220021
20240 0.072360 0.387912 0.539728
16689 0.138339 0.728687 0.132974
25915 0.646920 0.332177 0.020903
11634 0.050412 0.561089 0.388499
12908 0.737380 0.013809 0.248812
11099 0.774568 0.016914 0.208519
20070 0.085601 0.882216 0.032183
20079 0.122263 0.791790 0.085947
23331 0.327373 0.606636 0.065990
24890 0.425807 0.421280 0.152913
13082 0.007762 0.685309 0.306928
10886 0.330039 0.538409 0.131553
24669 0.606681 0.038529 0.354791
24537 0.510969 0.357064 0.131968
22824 0.232453 0.522719 0.244828
25325 0.795915 0.152705 0.051380
25058 0.406039 0.402619 0.191342
10817 0.833407 0.083087 0.083506
12391 0.000000 0.440427 0.559573
24479 0.671374 0.178906 0.149720
24537 0.091315 0.509518 0.399167
25001 0.563427 0.154340 0.282232
20147 0.294057 0.258427 0.447516
16681 0.419282 0.498639 0.082079
25001 0.193157 0.131838 0.675006
10816 0.402060 0.223416 0.374524
10629 0.260618 0.353879 0.385503
16790 0.595287 0.317000 0.087713
22972 0.378266 0.343039 0.278696
21543 0.050863 0.211480 0.737657
19940 0.293014 0.466489 0.240497
20340 0.342014 0.224999 0.432987
23549 0.232505 0.332826 0.434670
24760 0.134250 0.194245 0.671505
10733 0.135652 0.153432 0.710916
21544 0.032787 0.262941 0.704272
11715 0.370525 0.551772 0.077703
11583 0.263884 0.037523 0.698592
20994 0.031535 0.360662 0.607803
21053 0.218048 0.370026 0.411927
16832 0.274340 0.662700 0.062960
12906 0.494694 0.167768 0.337538
11558 0.224453 0.122714 0.652834
24713 0.001394 0.315608 0.682998
13021 0.099033 0.221285 0.679682
11588 0.354152 0.532068 0.113780
20060 0.170016 0.399733 0.430251
24653 0.151637 0.678318 0.170044
11868 0.202918 0.506113 0.290969
11634 0.209363 0.640593 0.150044
25950 0.221205 0.075472 0.703323
22474 0.683847 0.270063 0.046089
26174 0.050233 0.426666 0.523101
25001 0.350620 0.557872 0.091509
24670 0.215554 0.448950 0.335496
16574 0.247446 0.067000 0.685554
21064 0.620898 0.148707 0.230394
22824 0.973654 0.011282 0.015064
10843 0.302677 0.146663 0.550660
21021 0.406396 0.196390 0.397213
24963 0.755804 0.069548 0.174648
24962 0.074623 0.660972 0.264405
24669 0.134717 0.500390 0.364892
20433 0.024829 0.832957 0.142213
19951 0.198483 0.147320 0.654197
24924 0.029690 0.951244 0.019066
10678 0.007769 0.409657 0.582574
18401 0.343385 0.409695 0.246920
24478 0.433221 0.334349 0.232430
11714 0.244385 0.708507 0.047108
21085 0.517042 0.351709 0.131249
21548 0.111135 0.746859 0.142005
11589 0.655876 0.125491 0.218633
20205 0.330939 0.669061 0.000000
10887 0.665666 0.049996 0.284339
16644 0.022303 0.224192 0.753505
11582 0.162975 0.181631 0.655394
12620 0.092789 0.522874 0.384337
20239 0.152719 0.264889 0.582392
22478 0.081009 0.089711 0.829280
11583 0.767662 0.011768 0.220570
11647 0.367354 0.328801 0.303845
24490 0.064406 0.591806 0.343788
11647 0.579664 0.351747 0.068589
26100 0.390376 0.137750 0.471875
16646 0.153702 0.535499 0.310799
24233 0.872600 0.126035 0.001365
13022 0.235854 0.501851 0.262295
24908 0.514146 0.331539 0.154314
16648 0.239588 0.021475 0.738938
20090 0.141108 0.143476 0.715416
12434 0.006844 0.237917 0.755240
25000 0.353876 0.043727 0.602397
11945 0.268506 0.690597 0.040897
20062 0.137572 0.268694 0.593735
24643 0.410653 0.181997 0.407350
10819 0.181126 0.435650 0.383224
26281 0.228685 0.474051 0.297264
24797 0.261783 0.075709 0.662508
10649 0.196051 0.651859 0.152090
23004 0.151620 0.152037 0.696343
10819 0.494841 0.105302 0.399857
20054 0.267817 0.545050 0.187133
22765 0.364929 0.144354 0.490717
22764 0.478656 0.234010 0.287334
21108 0.227367 0.469606 0.303028
26226 0.374112 0.608820 0.017068
24653 0.728398 0.188973 0.082629
20206 0.285057 0.310147 0.404797
10679 0.017220 0.821542 0.161238
24634 0.101228 0.727430 0.171342
19828 0.626369 0.272074 0.101557
23490 0.723821 0.118699 0.157480
23763 0.177874 0.617532 0.204595
24640 0.058451 0.141569 0.799980
10564 0.165657 0.040760 0.793584
10736 0.095750 0.695908 0.208342
10594 0.198713 0.069863 0.731424
23325 0.294778 0.115734 0.589489
24477 0.268104 0.167297 0.564599
21545 0.146615 0.610630 0.242755
24713 0.507354 0.057338 0.435308
12870 0.075933 0.750012 0.174055
21017 0.741471 0.020325 0.238204
23718 0.633546 0.064593 0.301861
21016 0.120451 0.245345 0.634204
24490 0.437287 0.385983 0.176730
11073 0.184833 0.750973 0.064194
13024 0.373326 0.054092 0.572581
22830 0.150008 0.794222 0.055769
12093 0.358790 0.172553 0.468657
21480 0.149286 0.069216 0.781498
23637 0.499957 0.163258 0.336785
22534 0.219526 0.631374 0.149100
26128 0.000000 0.073007 0.926993
26125 0.000000 0.880380 0.119620
16667 0.166869 0.829078 0.004053
24676 0.116040 0.151864 0.732096
26223 0.093894 0.364068 0.542038
10819 0.316729 0.084245 0.599027
10827 0.402435 0.061772 0.535793
24984 0.800446 0.074593 0.124961
26086 0.571970 0.048817 0.379213
24653 0.161455 0.335051 0.503495
24926 0.477176 0.160226 0.362598
23435 0.576775 0.165975 0.257251
20442 0.838083 0.108438 0.053479
20142 0.116363 0.077759 0.805878
24635 0.398427 0.561870 0.039703
11872 0.625115 0.003112 0.371773
11697 0.260140 0.193656 0.546204
24773 0.042592 0.153088 0.804319
24963 0.097694 0.121357 0.780948
24712 0.325478 0.207595 0.466927
21091 0.167927 0.241388 0.590686
25019 0.165424 0.247000 0.587577
10742 0.393144 0.515979 0.090877
11880 0.507147 0.426059 0.066795
25019 0.855580 0.141263 0.003157
20020 0.104775 0.266444 0.628781
20617 0.207009 0.450287 0.342704
23243 0.465341 0.213522 0.321137
25006 0.336419 0.091602 0.571979
20022 0.080544 0.380721 0.538735
13100 0.010882 0.923222 0.065896
24420 0.171563 0.508588 0.319849
16647 0.114865 0.485740 0.399396
25008 0.358197 0.036641 0.605162
13152 0.221145 0.454323 0.324532
11645 0.295069 0.661149 0.043783
25915 0.027645 0.316251 0.656104
20042 0.022369 0.693221 0.284410
21494 0.221493 0.062807 0.715700
24490 0.297573 0.676413 0.026013
13022 0.411539 0.506067 0.082393
13022 0.300167 0.565161 0.134672
13022 0.207462 0.442597 0.349941
11647 0.966333 0.022019 0.011648
11580 0.272185 0.080401 0.647414
24682 0.178655 0.426053 0.395292
26401 0.168539 0.369092 0.462368
24492 0.453316 0.091417 0.455267
13102 0.038608 0.183504 0.777888
21003 0.038764 0.298107 0.663129
26199 0.750735 0.145647 0.103618
20391 0.059776 0.506946 0.433278
11869 0.301020 0.368362 0.330618
10705 0.022119 0.103029 0.874852
25057 0.548517 0.184298 0.267185
12393 0.271250 0.673212 0.055538
24999 0.258553 0.511652 0.229795
20071 0.802100 0.086587 0.111313
23315 0.550389 0.105851 0.343760
19947 0.596036 0.068625 0.335338
20381 0.628864 0.112167 0.258968
22631 0.102438 0.668580 0.228982
20408 0.115472 0.631106 0.253421
21036 0.891652 0.082849 0.025499
11591 0.306156 0.642046 0.051798
24745 0.340730 0.268267 0.391004
24746 0.736840 0.058728 0.204432
24640 0.552533 0.285844 0.161623
24712 0.460609 0.524383 0.015008
21478 0.169176 0.409996 0.420828
21479 0.289194 0.121068 0.589739
24690 0.078881 0.261276 0.659842
22447 0.152280 0.346490 0.501230
25914 0.032080 0.725799 0.242121
13097 0.142543 0.763284 0.094173
11555 0.514829 0.282070 0.203101
10876 0.499448 0.428708 0.071844
10602 0.344579 0.592335 0.063086
25005 0.589052 0.105696 0.305252
25931 0.604697 0.288007 0.107295
11878 0.344857 0.077703 0.577440
20623 0.081896 0.255059 0.663045
20023 0.569462 0.244880 0.185658
19857 0.362076 0.215595 0.422329
11567 0.276293 0.325818 0.397889
24744 0.294656 0.388112 0.317233
11567 0.752329 0.176423 0.071248
20618 0.062160 0.363196 0.574644
21506 0.408033 0.451003 0.140964
21518 0.449046 0.328923 0.222031
24746 0.137313 0.244135 0.618552
12604 0.433884 0.070349 0.495767
25825 0.323681 0.304351 0.371968
24424 0.673302 0.314212 0.012486
12608 0.383652 0.025559 0.590789
20017 0.079226 0.582514 0.338260
24689 0.244109 0.265933 0.489958
22970 0.028146 0.414569 0.557285
26405 0.504255 0.130166 0.365579
16529 0.271135 0.183282 0.545583
24441 0.662238 0.160886 0.176876
11636 0.142301 0.856734 0.000965
11636 0.463173 0.430720 0.106106
11582 0.220811 0.764263 0.014925
12380 0.033073 0.580021 0.386906
12885 0.796578 0.144906 0.058516
11198 0.135999 0.206022 0.657979
20143 0.278839 0.160075 0.561085
22477 0.448284 0.341269 0.210447
10628 0.046035 0.796715 0.157250
24692 0.564543 0.056151 0.379306
25066 0.189838 0.492178 0.317984
24492 0.071438 0.005789 0.922773
24927 0.373412 0.410846 0.215742
24441 0.309010 0.296898 0.394091
24441 0.370118 0.419839 0.210043
11636 0.246283 0.443207 0.310510
11880 0.101303 0.571444 0.327253
10679 0.103267 0.335106 0.561628
10677 0.202329 0.154257 0.643415
11636 0.319091 0.062905 0.618004
11636 0.028984 0.168605 0.802411
11636 0.719979 0.209155 0.070866
24762 0.141511 0.574971 0.283518
10628 0.545473 0.197337 0.257191
10757 0.431556 0.440442 0.128002
24510 0.196860 0.681570 0.121571
23031 0.075477 0.379899 0.544624
24984 0.499682 0.120483 0.379836
10727 0.707433 0.218889 0.073678
24952 0.685782 0.223846 0.090372
24763 0.487185 0.327730 0.185085
23531 0.252086 0.284052 0.463862
10680 0.410923 0.115499 0.473578
24578 0.618758 0.001243 0.379999
24774 0.685942 0.306543 0.007515
24485 0.831616 0.106468 0.061916
24485 0.543529 0.338351 0.118121
11568 0.637794 0.110749 0.251456
11568 0.329563 0.237931 0.432506
10730 0.177413 0.018240 0.804348
24485 0.238115 0.414212 0.347673
23746 0.437431 0.234829 0.327740
13078 0.556513 0.323910 0.119577
24252 0.633626 0.064102 0.302272
24737 0.372821 0.028107 0.599073
21490 0.040288 0.389245 0.570467
13148 0.842566 0.040617 0.116817
13183 0.158675 0.668022 0.173303
25999 0.174428 0.489548 0.336023
20080 0.034212 0.212746 0.753041
20998 0.374149 0.273130 0.352721
12716 0.070486 0.027495 0.902019
11569 0.326981 0.110024 0.562996
19830 0.271196 0.053375 0.675429
25883 0.321381 0.277543 0.401076
12131 0.452643 0.209881 0.337476
23315 0.062776 0.701346 0.235878
26249 0.208274 0.684911 0.106815
20742 0.052229 0.700823 0.246948
26402 0.274594 0.650866 0.074540
12771 0.375955 0.247017 0.377027
16669 0.569639 0.018454 0.411907
11948 0.022955 0.137687 0.839359
24491 0.072042 0.046563 0.881395
22943 0.075403 0.369695 0.554902
11950 0.160712 0.195865 0.643423
20623 0.340688 0.250814 0.408498
26097 0.271749 0.497381 0.230870
11991 0.438641 0.536554 0.024805
21501 0.540407 0.281216 0.178377
21532 0.193109 0.172538 0.634353
22575 0.289443 0.658452 0.052105
24440 0.602520 0.159022 0.238458
22552 0.123498 0.220231 0.656271
16707 0.265024 0.025446 0.709530
20615 0.557591 0.212166 0.230243
21742 0.835589 0.017156 0.147255
24640 0.058980 0.796272 0.144747
16541 0.682654 0.103514 0.213831
24999 0.091945 0.072902 0.835154
10869 0.258575 0.074419 0.667006
24997 0.109954 0.282047 0.607999
10874 0.626407 0.223588 0.150005
20024 0.193863 0.103712 0.702425
23131 0.264852 0.689670 0.045478
12851 0.224408 0.689403 0.086189
24743 0.183470 0.205651 0.610879
24950 0.058711 0.713180 0.228109
10680 0.263912 0.492847 0.243241
10680 0.132619 0.389942 0.477439
24575 0.723109 0.227364 0.049527
10739 0.409471 0.587564 0.002965
11581 0.386941 0.379020 0.234039
11591 0.048696 0.467146 0.484158
23313 0.316802 0.520076 0.163122
20986 0.098077 0.564154 0.337769
16830 0.435118 0.364312 0.200570
20239 0.642486 0.049997 0.307517
22602 0.170160 0.251301 0.578539
20409 0.037750 0.893630 0.068620
12388 0.347485 0.570141 0.082374
12787 0.777168 0.082942 0.139890
20918 0.595630 0.369454 0.034916
20917 0.207294 0.178453 0.614253
20916 0.014840 0.711288 0.273872
12071 0.453954 0.030800 0.515246
11569 0.409971 0.535790 0.054238
11569 0.835387 0.122306 0.042307
24486 0.417504 0.029863 0.552633
24867 0.249181 0.724115 0.026704
11568 0.058617 0.866059 0.075324
20640 0.150039 0.119038 0.730923
20634 0.274656 0.172395 0.552949
20671 0.834610 0.077825 0.087565
12970 0.371657 0.532802 0.095541
24737 0.317702 0.428951 0.253347
23176 0.076308 0.043035 0.880657
12463 0.886980 0.078555 0.034466
20635 0.189587 0.522788 0.287626
20635 0.596286 0.400217 0.003497
21039 0.596568 0.297206 0.106226
10630 0.181723 0.330098 0.488178
20746 0.049138 0.429099 0.521764
21624 0.447219 0.164253 0.388528
24510 0.484719 0.370984 0.144297
20633 0.173417 0.153349 0.673234
11637 0.513230 0.246196 0.240574
11646 0.288510 0.078495 0.632995
24984 0.118303 0.401582 0.480115
11556 0.065356 0.820551 0.114093
12600 0.179019 0.801509 0.019472
25068 0.647956 0.338095 0.013949
10740 0.119363 0.006364 0.874273
20320 0.416255 0.322759 0.260986
24440 0.134693 0.074106 0.791201
20015 0.325208 0.307957 0.366836
11878 0.387711 0.474882 0.137407
11638 0.674852 0.220418 0.104730
24442 0.591760 0.407530 0.000710
11878 0.083377 0.553586 0.363037
11639 0.110136 0.707129 0.182735
11639 0.359724 0.417305 0.222972
20648 0.271210 0.393586 0.335204
21273 0.324735 0.551946 0.123319
24738 0.299400 0.231150 0.469449
11570 0.375655 0.384990 0.239355
10875 0.141672 0.588095 0.270233
12616 0.047124 0.866423 0.086453
23621 0.207055 0.742969 0.049976
21091 0.890946 0.072718 0.036336
23327 0.111900 0.147483 0.740617
22632 0.158982 0.743239 0.097779
23546 0.098009 0.263522 0.638469
10869 0.293932 0.676472 0.029596
24951 0.887950 0.059678 0.052372
21658 0.354488 0.120191 0.525321
20917 0.137729 0.812984 0.049287
23170 0.167147 0.396428 0.436425
12999 0.211212 0.244982 0.543806
25802 0.228230 0.044354 0.727415
11574 0.090311 0.592927 0.316762
10619 0.497455 0.272530 0.230015
24907 0.171032 0.766949 0.062020
20138 0.178135 0.772090 0.049775
21500 0.111673 0.215359 0.672967
25795 0.166025 0.138938 0.695037
26297 0.225932 0.293049 0.481019
22553 0.105047 0.173516 0.721437
23004 0.124642 0.749440 0.125918
26261 0.143380 0.219151 0.637468
25035 0.000185 0.125945 0.873869
12773 0.021061 0.092355 0.886583
23532 0.043988 0.649062 0.306950
24650 0.428736 0.266541 0.304723
20321 0.597699 0.286088 0.116213
24409 0.242920 0.211193 0.545887
23857 0.120717 0.406113 0.473170
26066 0.353147 0.200175 0.446677
11356 0.354884 0.290417 0.354698
23179 0.572197 0.299746 0.128058
23367 0.671873 0.112934 0.215193
23169 0.173301 0.599284 0.227415
11870 0.410323 0.069194 0.520483
13133 0.588919 0.307187 0.103894
21467 0.460293 0.513814 0.025893
24634 0.789322 0.031893 0.178786
24634 0.192835 0.016875 0.790290
21282 0.263886 0.303220 0.432894
21282 0.322152 0.667224 0.010625
20890 0.465264 0.290198 0.244538
25066 0.006099 0.304612 0.689289
10711 0.639555 0.264026 0.096419
20693 0.393903 0.401034 0.205062
10628 0.713412 0.031276 0.255311
38889 0.880486 0.077131 0.042382
24491 0.672506 0.195546 0.131948
11871 0.331333 0.514415 0.154252
20997 0.050334 0.880502 0.069163
23759 0.158401 0.661253 0.180347
19829 0.043744 0.635476 0.320780
24690 0.612885 0.135061 0.252054
25068 0.184937 0.221314 0.593749
10740 0.077586 0.467548 0.454865
11637 0.097485 0.542502 0.360013
23148 0.181622 0.287349 0.531029
11638 0.330777 0.654934 0.014289
12849 0.556166 0.124628 0.319206
16799 0.285146 0.136945 0.577910
20640 0.586308 0.146669 0.267023
23860 0.191105 0.729370 0.079525
12278 0.092033 0.143199 0.764767
12463 0.486052 0.022106 0.491843
11319 0.546135 0.253347 0.200518
25410 0.196869 0.739759 0.063372
24998 0.659166 0.320886 0.019948
22600 0.150362 0.476725 0.372913
20636 0.062279 0.369634 0.568086
20662 0.013589 0.951720 0.034691
25949 0.172912 0.723016 0.104072
20636 0.455500 0.397594 0.146906
16737 0.536787 0.033506 0.429707
20417 0.017587 0.185673 0.796741
11562 0.785028 0.161200 0.053772
16747 0.614123 0.345264 0.040613
21224 0.212275 0.050483 0.737241
10620 0.457739 0.140334 0.401927
24464 0.099787 0.489419 0.410793
16739 0.163271 0.019752 0.816977
22997 0.046476 0.548143 0.405381
22960 0.356406 0.264290 0.379304
24767 0.159076 0.339598 0.501326
21212 0.815639 0.155173 0.029188
16807 0.380426 0.395026 0.224548
22950 0.681179 0.090980 0.227842
26127 0.185623 0.168270 0.646107
20648 0.576294 0.302917 0.120789
21272 0.067533 0.064862 0.867605
24708 0.202704 0.233907 0.563390
22952 0.554390 0.029432 0.416178
22551 0.216243 0.759205 0.024552
20103 0.077970 0.236352 0.685678
22951 0.165531 0.640179 0.194290
24707 0.158800 0.727420 0.113781
16736 0.081783 0.574349 0.343869
23863 0.093642 0.836938 0.069420
20472 0.678427 0.248728 0.072846
24407 0.060698 0.936976 0.002326
23366 0.021733 0.527916 0.450351
11862 0.420929 0.295283 0.283788
23244 0.567450 0.032428 0.400122
20821 0.360289 0.118066 0.521645
20402 0.299523 0.096993 0.603484
20082 0.949144 0.007958 0.042898
23533 0.667499 0.054938 0.277563
20804 0.198451 0.237908 0.563640
21090 0.682110 0.273805 0.044085
23390 0.238208 0.620583 0.141210
24487 0.542413 0.311715 0.145872
23390 0.635845 0.171506 0.192649
20414 0.245931 0.111562 0.642506
20172 0.251007 0.139701 0.609292
21642 0.863910 0.069127 0.066962
11705 0.493558 0.487824 0.018618
20804 0.632129 0.014313 0.353558
23366 0.244766 0.102942 0.652292
21657 0.227574 0.700275 0.072151
23367 0.280969 0.504841 0.214190
20819 0.348727 0.160127 0.491146
20822 0.207761 0.604083 0.188155
19966 0.011300 0.920634 0.068065
19950 0.507579 0.355347 0.137073
23487 0.254715 0.215921 0.529363
38889 0.680651 0.306397 0.012952
11355 0.246472 0.035124 0.718404
12599 0.247533 0.269214 0.483253
20081 0.666001 0.122184 0.211815
21285 0.215885 0.244159 0.539957
24641 0.367169 0.426904 0.205927
23169 0.264712 0.077847 0.657441
20702 0.886265 0.011542 0.102193
12848 0.128315 0.588063 0.283622
22738 0.128176 0.151396 0.720428
12466 0.586689 0.063185 0.350126
20663 0.641273 0.036381 0.322346
20662 0.106843 0.503200 0.389957
12463 0.105736 0.175931 0.718333
12745 0.719359 0.008325 0.272316
20738 0.626393 0.193884 0.179723
11638 0.046690 0.245922 0.707388
23166 0.446924 0.315970 0.237105
12282 0.727418 0.064800 0.207783
23875 0.728011 0.124104 0.147885
24392 0.042959 0.921448 0.035593
24974 0.657252 0.321383 0.021365
20626 0.009885 0.818312 0.171803
12276 0.399505 0.145410 0.455085
20652 0.200503 0.536065 0.263432
10610 0.068361 0.885862 0.045776
23646 0.319109 0.297084 0.383807
21586 0.415616 0.526113 0.058271
20637 0.292256 0.569945 0.137798
12464 0.018208 0.865394 0.116398
13001 0.032752 0.280894 0.686354
24766 0.423820 0.516215 0.059965
11068 0.245875 0.099676 0.654449
13034 0.479404 0.493819 0.026777
20804 0.015925 0.914158 0.069917
24462 0.216879 0.125202 0.657919
20111 0.453849 0.460664 0.085487
20051 0.095965 0.427527 0.476508
21054 0.286934 0.018169 0.694897
25013 0.333524 0.405483 0.260993
24714 0.388615 0.406918 0.204468
11952 0.127398 0.750334 0.122268
23207 0.346207 0.249807 0.403985
24708 0.871152 0.020282 0.108565
12143 0.593323 0.361257 0.045420
23862 0.405298 0.337132 0.257569
20709 0.447372 0.142750 0.409878
12728 0.064529 0.914948 0.020523
21259 0.439172 0.039178 0.521650
16797 0.893194 0.070079 0.036727
22707 0.258714 0.643335 0.097950
20638 0.462597 0.092395 0.445008
20105 0.397000 0.537208 0.065792
20144 0.762334 0.006465 0.231202
23852 0.845357 0.009469 0.145174
12888 0.439056 0.220033 0.340911
21773 0.126835 0.417358 0.455807
24255 0.067900 0.145317 0.786783
23365 0.223885 0.047496 0.728620
20797 0.417017 0.499488 0.083495
20794 0.233854 0.375564 0.390582
24709 0.209419 0.186238 0.604343
24706 0.060616 0.525651 0.413734
11703 0.567949 0.181000 0.251051
10756 0.079241 0.490536 0.430223
24488 0.415077 0.573870 0.011053
24487 0.217161 0.371799 0.411040
24290 0.043018 0.735082 0.221901
10795 0.095989 0.282972 0.621039
24641 0.118819 0.183936 0.697244
19970 0.141468 0.515903 0.342629
20895 0.264156 0.272810 0.463034
24641 0.628346 0.052969 0.318685
11749 0.331656 0.325809 0.342535
23875 0.155983 0.711931 0.132086
21654 0.133439 0.813503 0.053058
21249 0.413829 0.517643 0.068527
24443 0.350747 0.362990 0.286263
21505 0.351423 0.604690 0.043887
12588 0.345339 0.515594 0.139067
20126 0.612050 0.031415 0.356535
20125 0.281667 0.563048 0.155285
20665 0.732443 0.092246 0.175310
10872 0.155717 0.821064 0.023220
