16979 0.064564 0.787570 0.147866
213 0.934818 0.052218 0.012964
493 0.369802 0.525370 0.104829
486 0.538413 0.245038 0.216549
485 0.757651 0.028875 0.213474
485 0.145450 0.502856 0.351694
485 0.440143 0.066770 0.493087
494 0.000199 0.893440 0.106360
485 0.000000 0.389216 0.610784
485 0.319382 0.522817 0.157801
333 0.561502 0.065682 0.372816
493 0.759297 0.000000 0.240703
333 0.308890 0.312178 0.378931
494 0.254127 0.503780 0.242093
333 0.054777 0.132305 0.812918
500 0.869197 0.070066 0.060736
344 0.348930 0.030526 0.620544
213 0.614578 0.243284 0.142138
493 0.005761 0.809714 0.184525
494 0.355457 0.175574 0.468969
343 0.445230 0.177386 0.377385
213 0.429539 0.140003 0.430458
333 0.411588 0.472163 0.116249
333 0.002053 0.475412 0.522536
333 0.742229 0.251650 0.006120
493 0.223352 0.340651 0.435997
493 0.455726 0.243525 0.300749
501 0.093559 0.481159 0.425282
318 0.209916 0.059980 0.730104
318 0.423344 0.048359 0.528297
494 0.042087 0.404938 0.552974
319 0.028149 0.162483 0.809369
486 0.238011 0.458012 0.303977
486 0.117545 0.841748 0.040706
214 0.157321 0.748222 0.094456
343 0.095787 0.054991 0.849221
500 0.615724 0.138761 0.245515
333 0.137535 0.684177 0.178288
344 0.574373 0.050453 0.375174
318 0.177488 0.500260 0.322252
763 0.621936 0.371282 0.006782
318 0.560293 0.010468 0.429238
319 0.130378 0.231905 0.637717
318 0.300554 0.287742 0.411705
318 0.042770 0.299469 0.657762
764 0.218428 0.139450 0.642122
344 0.066382 0.184433 0.749184
213 0.118623 0.196644 0.684733
506 0.723496 0.261786 0.014718
765 0.220144 0.743581 0.036274
765 0.025535 0.913482 0.060983
319 0.468918 0.013544 0.517538
356 0.016193 0.592389 0.391418
214 0.049112 0.527796 0.423092
344 0.099316 0.582981 0.317702
764 0.535786 0.220325 0.243889
486 0.129541 0.213472 0.656987
493 0.055036 0.174871 0.770093
500 0.091015 0.798875 0.110110
506 0.409744 0.075834 0.514423
344 0.595750 0.347934 0.056316
763 0.376492 0.623508 0.000000
500 0.071543 0.525267 0.403189
318 0.201210 0.778323 0.020467
318 0.395579 0.538597 0.065824
344 0.949266 0.034611 0.016123
763 0.154386 0.144441 0.701173
319 0.593895 0.091510 0.314594
319 0.328504 0.261550 0.409946
318 0.564642 0.383698 0.051661
476 0.817933 0.008420 0.173647
501 0.602319 0.068096 0.329586
506 0.174577 0.397748 0.427675
481 0.304468 0.375565 0.319967
319 0.125693 0.816427 0.057880
765 0.313372 0.490177 0.196451
214 0.250725 0.124648 0.624627
213 0.117814 0.548167 0.334020
310 0.594748 0.184800 0.220452
768 0.492497 0.368668 0.138835
779 0.332695 0.439113 0.228193
764 0.536660 0.463340 0.000000
769 0.280126 0.699604 0.020269
214 0.385217 0.363034 0.251748
214 0.767423 0.228714 0.003863
356 0.483355 0.152340 0.364306
506 0.256411 0.719758 0.023831
501 0.233601 0.237477 0.528923
500 0.046774 0.208779 0.744447
785 0.466079 0.167749 0.366172
356 0.233514 0.060894 0.705592
365 0.195160 0.282808 0.522032
214 0.623168 0.061210 0.315623
364 0.707548 0.132440 0.160012
219 0.715204 0.119007 0.165789
476 0.513056 0.414032 0.072913
364 0.101041 0.146450 0.752508
765 0.590985 0.297348 0.111667
218 0.319995 0.190123 0.489882
512 0.280271 0.297513 0.422216
512 0.642098 0.050413 0.307490
763 0.164635 0.750210 0.085156
785 0.077192 0.346084 0.576724
319 0.603823 0.285448 0.110729
765 0.656130 0.120221 0.223649
769 0.427878 0.447010 0.125112
218 0.094649 0.700845 0.204505
785 0.960018 0.012815 0.027167
128 0.106476 0.023356 0.870168
219 0.101495 0.409086 0.489419
344 0.115203 0.870756 0.014041
779 0.661280 0.105748 0.232972
779 0.039169 0.336537 0.624294
786 0.216232 0.145253 0.638514
248 0.592741 0.043162 0.364097
765 0.101367 0.462610 0.436023
210 0.961760 0.010481 0.027759
476 0.392048 0.142194 0.465758
768 0.379973 0.100302 0.519725
768 0.028669 0.699403 0.271928
778 0.646372 0.131510 0.222118
365 0.546842 0.241591 0.211567
248 0.909097 0.053065 0.037838
247 0.411769 0.162436 0.425795
247 0.764406 0.121183 0.114410
429 0.010513 0.831465 0.158022
429 0.021873 0.978127 0.000000
429 0.121099 0.878901 0.000000
247 0.589008 0.000000 0.410992
429 0.117451 0.597853 0.284696
429 0.175586 0.775474 0.048940
780 0.972433 0.021450 0.006116
209 0.425853 0.298152 0.275994
430 0.117127 0.098905 0.783969
248 0.645002 0.239089 0.115908
364 0.202703 0.495335 0.301962
247 0.302243 0.572217 0.125540
147 0.610469 0.355710 0.033821
309 0.250395 0.332787 0.416819
376 0.471500 0.430617 0.097884
309 0.474145 0.003087 0.522768
481 0.117797 0.699824 0.182379
128 0.554549 0.154380 0.291071
430 0.014679 0.146210 0.839111
786 0.241889 0.551558 0.206553
786 0.339396 0.235363 0.425240
791 0.254138 0.000000 0.745862
376 0.549665 0.267160 0.183175
247 0.561210 0.333198 0.105593
247 0.352831 0.324310 0.322859
310 0.148884 0.805437 0.045679
247 0.183175 0.349501 0.467324
376 0.252619 0.045835 0.701547
796 0.303091 0.261078 0.435831
429 0.083857 0.323285 0.592859
476 0.082677 0.448567 0.468756
765 0.335904 0.275687 0.388409
218 0.076960 0.438385 0.484655
430 0.103813 0.230189 0.665998
429 0.403257 0.414912 0.181831
436 0.283747 0.317713 0.398539
272 0.203646 0.091053 0.705302
272 0.237684 0.305698 0.456618
765 0.476001 0.007457 0.516541
209 0.025520 0.426573 0.547907
170 0.035281 0.350082 0.614637
778 0.355576 0.222392 0.422033
216 0.732612 0.031410 0.235978
220 0.612190 0.376934 0.010876
786 0.842318 0.028829 0.128852
225 0.600575 0.099821 0.299604
436 0.175590 0.113002 0.711408
430 0.182583 0.239368 0.578049
430 0.208397 0.063468 0.728135
248 0.548642 0.134531 0.316827
271 0.435207 0.000000 0.564793
429 0.323662 0.676338 0.000000
429 0.267350 0.648215 0.084435
796 0.384565 0.015659 0.599776
247 0.127577 0.562522 0.309900
271 0.040247 0.527549 0.432204
271 0.055610 0.320693 0.623697
247 0.103902 0.179795 0.716302
780 0.282679 0.005833 0.711489
247 0.216488 0.033101 0.750411
271 0.901747 0.032677 0.065576
271 0.524220 0.087978 0.387802
310 0.017016 0.677553 0.305431
271 0.368404 0.410932 0.220664
429 0.271700 0.220565 0.507736
429 0.295010 0.343121 0.361869
216 0.708700 0.246114 0.045186
248 0.250936 0.124906 0.624158
470 0.678657 0.105403 0.215940
226 0.385173 0.475619 0.139209
248 0.259713 0.273676 0.466612
272 0.877964 0.109844 0.012191
272 0.511249 0.356208 0.132543
365 0.181388 0.775224 0.043388
377 0.545803 0.227396 0.226800
279 0.610174 0.363756 0.026070
272 0.017897 0.022777 0.959326
147 0.237573 0.667791 0.094636
429 0.492649 0.506926 0.000425
429 0.576981 0.130215 0.292804
796 0.629334 0.250814 0.119852
309 0.572868 0.396239 0.030893
481 0.137587 0.009346 0.853067
247 0.195459 0.716057 0.088484
436 0.311463 0.176794 0.511743
272 0.710120 0.125435 0.164445
410 0.144724 0.038471 0.816805
430 0.000081 0.300117 0.699802
272 0.422160 0.289203 0.288637
147 0.394616 0.461946 0.143437
272 0.121695 0.607717 0.270587
146 0.054451 0.569403 0.376147
436 0.830887 0.000193 0.168920
271 0.248220 0.710401 0.041379
436 0.154832 0.375514 0.469654
769 0.586140 0.229745 0.184115
1050 0.069966 0.417998 0.512036
1081 0.052590 0.111439 0.835971
210 0.407950 0.572282 0.019768
128 0.204647 0.300391 0.494962
303 0.048763 0.605682 0.345556
796 0.256559 0.525156 0.218285
177 0.715822 0.083035 0.201143
430 0.000000 0.368577 0.631423
410 0.092837 0.282156 0.625007
430 0.024089 0.498295 0.477616
272 0.100132 0.753994 0.145874
6 0.504885 0.166266 0.328849
6 0.054755 0.787813 0.157431
430 0.410640 0.032756 0.556604
279 0.341033 0.437823 0.221144
436 0.715523 0.267857 0.016619
60 0.419446 0.397246 0.183307
120 0.394443 0.278693 0.326864
470 0.233969 0.200324 0.565707
44 0.064314 0.770684 0.165002
35 0.148291 0.648534 0.203176
778 0.239678 0.026016 0.734306
1089 0.284773 0.364273 0.350955
216 0.347642 0.573396 0.078962
247 0.011862 0.860664 0.127474
147 0.347622 0.290197 0.362181
221 0.343671 0.656329 0.000000
6 0.286573 0.471898 0.241529
5 0.492780 0.507220 0.000000
385 0.712342 0.112549 0.175109
797 0.171035 0.000000 0.828965
436 0.397445 0.263518 0.339037
6 0.263305 0.051394 0.685300
6 0.208077 0.261226 0.530696
36 0.308371 0.091722 0.599907
61 0.178058 0.095926 0.726016
60 0.229115 0.055121 0.715764
1043 0.033689 0.336475 0.629837
5 0.916300 0.024017 0.059683
35 0.617980 0.135207 0.246812
60 0.343734 0.211340 0.444926
60 0.661989 0.020153 0.317858
796 0.125003 0.756347 0.118650
5 0.200582 0.513451 0.285967
5 0.314284 0.112980 0.572736
5 0.498662 0.055784 0.445554
797 0.369329 0.120212 0.510459
797 0.485590 0.220167 0.294242
59 0.298435 0.301475 0.400090
35 0.207330 0.178906 0.613764
146 0.186890 0.689370 0.123740
170 0.100587 0.879284 0.020129
471 0.024796 0.442126 0.533078
177 0.518776 0.421181 0.060042
385 0.106812 0.565706 0.327482
6 0.690400 0.309600 0.000000
36 0.021658 0.603646 0.374696
1050 0.793674 0.194494 0.011832
188 0.675655 0.161729 0.162616
14 0.329654 0.632769 0.037577
1069 0.026991 0.967030 0.005979
279 0.057921 0.115937 0.826141
1068 0.549919 0.437015 0.013066
206 0.726649 0.157040 0.116311
61 0.081335 0.515164 0.403502
1081 0.433564 0.293470 0.272966
59 0.165732 0.813420 0.020848
210 0.052674 0.758413 0.188913
106 0.080156 0.166795 0.753049
44 0.066768 0.340279 0.592953
59 0.862039 0.104992 0.032969
128 0.139771 0.606418 0.253811
147 0.256102 0.176876 0.567023
146 0.235169 0.460754 0.304077
170 0.296095 0.521810 0.182095
367 0.508613 0.239383 0.252005
378 0.247357 0.684215 0.068429
377 0.133957 0.860759 0.005284
6 0.379570 0.620430 0.000000
6 0.526598 0.430213 0.043188
444 0.335950 0.046269 0.617781
6 0.189941 0.810059 0.000000
15 0.000000 0.984989 0.015011
279 0.152584 0.563825 0.283591
765 0.100307 0.093465 0.806227
430 0.315074 0.212208 0.472717
430 0.469686 0.081485 0.448829
14 0.682711 0.209060 0.108229
279 0.319508 0.093638 0.586854
780 0.332964 0.351633 0.315403
436 0.368823 0.433449 0.197727
436 0.578254 0.123684 0.298063
61 0.359243 0.066581 0.574176
60 0.160344 0.606540 0.233116
148 0.061675 0.314864 0.623461
437 0.143924 0.049928 0.806148
1107 0.849281 0.033187 0.117532
1043 0.651536 0.256400 0.092064
803 0.279032 0.542605 0.178363
206 0.301363 0.254671 0.443966
303 0.624441 0.190732 0.184827
129 0.707089 0.163649 0.129261
44 0.430946 0.159465 0.409589
149 0.665844 0.067246 0.266911
147 0.107012 0.535157 0.357831
169 0.281122 0.364188 0.354690
177 0.151315 0.545141 0.303545
430 0.120556 0.431694 0.447750
430 0.272043 0.509747 0.218210
249 0.202650 0.163854 0.633496
430 0.617227 0.000000 0.382773
804 0.282192 0.167421 0.550387
430 0.414911 0.279054 0.306035
188 0.305522 0.401295 0.293183
7 0.464298 0.356498 0.179204
7 0.662277 0.135948 0.201775
456 0.215450 0.130581 0.653969
17 0.820673 0.061864 0.117463
295 0.764587 0.185561 0.049852
456 0.467238 0.174223 0.358539
14 0.278692 0.083126 0.638182
36 0.738916 0.032353 0.228731
444 0.642389 0.126493 0.231118
149 0.237523 0.031950 0.730527
456 0.730633 0.189656 0.079711
1098 0.306386 0.160875 0.532739
737 0.175824 0.415648 0.408528
169 0.328970 0.019267 0.651764
114 0.187822 0.282531 0.529647
128 0.420841 0.576159 0.003000
129 0.091396 0.187414 0.721190
220 0.139277 0.432453 0.428271
366 0.876040 0.115554 0.008406
249 0.065240 0.145048 0.789712
249 0.484425 0.045844 0.469730
177 0.347710 0.096131 0.556159
377 0.017364 0.649151 0.333484
279 0.618936 0.066704 0.314360
385 0.247312 0.106544 0.646144
188 0.191165 0.730824 0.078011
436 0.506286 0.493714 0.000000
1058 0.094001 0.753376 0.152623
1068 0.542913 0.306410 0.150677
283 0.085894 0.088420 0.825686
148 0.219414 0.521899 0.258687
148 0.372062 0.334647 0.293291
148 0.272670 0.188122 0.539208
46 0.654379 0.250057 0.095564
283 0.017034 0.526108 0.456858
1107 0.121179 0.016947 0.861873
146 0.345579 0.145061 0.509360
804 0.313621 0.634313 0.052066
170 0.535052 0.338691 0.126257
804 0.291982 0.533666 0.174352
296 0.619030 0.145078 0.235891
378 0.516333 0.267850 0.215817
147 0.112020 0.118883 0.769097
146 0.281870 0.374857 0.343273
295 0.184709 0.442745 0.372546
146 0.387030 0.258343 0.354627
295 0.361327 0.593225 0.045448
302 0.849469 0.068022 0.082509
471 0.186436 0.575210 0.238354
46 0.324668 0.347143 0.328189
180 0.845875 0.007731 0.146394
36 0.177942 0.658952 0.163106
36 0.576910 0.401218 0.021872
471 0.550712 0.051417 0.397871
410 0.055410 0.541726 0.402863
248 0.308657 0.523788 0.167555
7 0.391957 0.100579 0.507464
456 0.171051 0.685592 0.143357
1039 0.237827 0.443483 0.318690
120 0.038959 0.613925 0.347116
129 0.271213 0.208424 0.520363
430 0.072153 0.671051 0.256795
430 0.171137 0.640095 0.188768
61 0.559859 0.431992 0.008150
48 0.293779 0.694925 0.011296
430 0.752070 0.000000 0.247930
181 0.818958 0.144992 0.036050
48 0.072476 0.194958 0.732566
809 0.544056 0.001969 0.453975
1050 0.320440 0.548876 0.130684
1068 0.076046 0.835756 0.088199
181 0.161448 0.165009 0.673543
457 0.839454 0.112452 0.048094
410 0.382031 0.170462 0.447507
456 0.151335 0.457608 0.391057
7 0.291940 0.467146 0.240914
471 0.470305 0.288617 0.241078
206 0.107643 0.512704 0.379653
471 0.086777 0.033218 0.880005
283 0.283681 0.572748 0.143571
809 0.383150 0.381636 0.235214
46 0.332976 0.582094 0.084930
809 0.142031 0.771083 0.086886
61 0.570897 0.178770 0.250333
121 0.337832 0.378976 0.283192
283 0.207193 0.333112 0.459694
295 0.503531 0.047308 0.449160
296 0.474963 0.051111 0.473926
48 0.330036 0.475061 0.194904
48 0.547986 0.260281 0.191732
200 0.631818 0.248689 0.119494
176 0.047679 0.276536 0.675785
169 0.529997 0.435135 0.034868
804 0.070569 0.213269 0.716163
169 0.300633 0.612741 0.086625
107 0.026205 0.362478 0.611317
1051 0.171232 0.003763 0.825005
1058 0.654061 0.292115 0.053824
180 0.393773 0.301515 0.304712
177 0.030802 0.901773 0.067425
430 0.241180 0.372163 0.386657
430 0.331343 0.522192 0.146465
7 0.102036 0.770567 0.127397
93 0.630116 0.369884 0.000000
200 0.030206 0.585672 0.384122
149 0.286762 0.308573 0.404665
1116 0.610113 0.200980 0.188907
149 0.530062 0.206430 0.263508
1122 0.011267 0.298649 0.690083
7 0.573143 0.000000 0.426857
15 0.049178 0.770661 0.180161
410 0.293540 0.409208 0.297252
15 0.242950 0.484333 0.272717
1043 0.027624 0.902812 0.069564
8988 0.122694 0.210360 0.666946
8988 0.485479 0.370116 0.144405
121 0.344655 0.041081 0.614264
17 0.588979 0.337143 0.073877
8988 0.619647 0.335282 0.045071
429 0.839950 0.160050 0.000000
437 0.169758 0.446781 0.383461
8992 0.411280 0.397816 0.190904
149 0.076903 0.176120 0.746977
8239 0.311062 0.437097 0.251842
8992 0.998825 0.001175 0.000000
444 0.133581 0.336021 0.530397
378 0.296828 0.250572 0.452599
8239 0.157041 0.166774 0.676185
386 0.676015 0.218665 0.105321
1058 0.626194 0.042598 0.331208
1068 0.526470 0.181506 0.292024
187 0.586752 0.207231 0.206017
457 0.484345 0.372842 0.142814
187 0.731182 0.038645 0.230173
188 0.236666 0.311050 0.452284
283 0.333008 0.284106 0.382886
1122 0.237301 0.078384 0.684315
748 0.962161 0.037828 0.000011
1123 0.190022 0.024421 0.785558
49 0.433154 0.043855 0.522992
8988 0.389544 0.153084 0.457372
8992 0.060401 0.596895 0.342704
200 0.031550 0.892026 0.076424
8992 0.197742 0.182178 0.620081
8234 0.487457 0.158023 0.354519
8234 0.298545 0.405821 0.295633
181 0.023915 0.871392 0.104693
8992 0.495938 0.041364 0.462698
8992 0.458762 0.252957 0.288281
1052 0.436257 0.216738 0.347005
187 0.259997 0.258771 0.481232
181 0.191925 0.551535 0.256540
1058 0.115580 0.624778 0.259642
8239 0.557823 0.342120 0.100057
8239 0.562863 0.156255 0.280882
8234 0.041986 0.149283 0.808731
8239 0.318517 0.061576 0.619906
100 0.176989 0.077178 0.745833
200 0.159006 0.235131 0.605863
188 0.287198 0.089268 0.623535
283 0.754487 0.192684 0.052829
436 0.233219 0.687744 0.079037
430 0.472645 0.354419 0.172935
8986 0.117352 0.669259 0.213389
107 0.685377 0.207974 0.106649
8986 0.070849 0.832068 0.097084
7 0.106825 0.276781 0.616394
7 0.000000 0.609477 0.390523
8229 0.755821 0.000000 0.244179
8 0.812253 0.023050 0.164697
8229 0.204781 0.000000 0.795219
7364 0.892125 0.000000 0.107875
8234 0.536868 0.371134 0.091998
8234 0.046878 0.642285 0.310836
8240 0.616905 0.028732 0.354363
149 0.271282 0.513636 0.215082
410 0.668926 0.000000 0.331074
1052 0.553950 0.446050 0.000000
1069 0.334125 0.589926 0.075949
15 0.225357 0.255260 0.519383
437 0.006713 0.785424 0.207863
15 0.224631 0.761309 0.014060
8992 0.731000 0.269000 0.000000
1068 0.169650 0.561192 0.269158
445 0.179584 0.139178 0.681239
8997 0.145008 0.436971 0.418021
457 0.196741 0.669383 0.133876
471 0.914776 0.019539 0.065685
9000 0.907031 0.081674 0.011295
1116 0.181381 0.397576 0.421043
738 0.578292 0.050715 0.370993
1040 0.100161 0.495357 0.404482
1128 0.256005 0.437774 0.306221
100 0.370299 0.312571 0.317130
1135 0.136381 0.210274 0.653346
129 0.105656 0.794408 0.099935
220 0.029743 0.324908 0.645349
221 0.467392 0.289691 0.242918
378 0.043848 0.177092 0.779060
379 0.135639 0.670969 0.193392
7 0.214113 0.000000 0.785887
386 0.103745 0.184853 0.711402
8989 0.030792 0.355084 0.614125
106 0.015738 0.652274 0.331988
542 0.611232 0.344496 0.044272
8988 0.180582 0.755054 0.064364
8989 0.274181 0.194272 0.531547
8989 0.281935 0.014733 0.703332
430 0.213539 0.723282 0.063179
8988 0.021776 0.446233 0.531991
15 0.000000 0.459341 0.540659
18 0.722689 0.134759 0.142552
14 0.073150 0.470401 0.456449
1082 0.628178 0.275795 0.096026
8234 0.718492 0.169443 0.112065
1090 0.018389 0.520769 0.460842
46 0.049799 0.926552 0.023648
1098 0.080423 0.714453 0.205123
49 0.717563 0.010587 0.271850
8239 0.055856 0.590269 0.353874
472 0.111630 0.421979 0.466391
8240 0.359330 0.155289 0.485382
8234 0.059494 0.029718 0.910788
1122 0.359058 0.419514 0.221428
1122 0.671635 0.283096 0.045269
93 0.305722 0.528032 0.166246
1128 0.321401 0.056015 0.622584
559 0.776358 0.171888 0.051753
8239 0.538185 0.015364 0.446451
1128 0.487985 0.317482 0.194533
8240 0.181789 0.161098 0.657113
226 0.399218 0.066005 0.534778
543 0.085348 0.464884 0.449767
8 0.372971 0.013855 0.613174
8983 0.454848 0.131634 0.413518
8 0.566638 0.208462 0.224899
37 0.168115 0.109159 0.722726
37 0.396661 0.369871 0.233468
63 0.005338 0.144841 0.849821
8986 0.408340 0.528514 0.063146
1044 0.454012 0.446784 0.099204
709 0.209209 0.060747 0.730044
249 0.805756 0.025400 0.168844
249 0.300087 0.581083 0.118830
437 0.007680 0.884166 0.108154
8234 0.177043 0.666856 0.156101
437 0.239295 0.478594 0.282111
8985 0.064081 0.883397 0.052522
1074 0.430273 0.519018 0.050710
8986 0.156489 0.232509 0.611003
445 0.426944 0.077138 0.495918
17 0.338064 0.558334 0.103601
8989 0.183224 0.527278 0.289497
473 0.208071 0.088855 0.703074
473 0.631638 0.097557 0.270805
8240 0.364757 0.352133 0.283110
93 0.260367 0.411122 0.328511
8244 0.491522 0.024529 0.483949
1136 0.088278 0.440510 0.471212
9000 0.607592 0.041687 0.350722
216 0.121579 0.621962 0.256459
232 0.489317 0.268548 0.242135
382 0.440053 0.546912 0.013035
8983 0.530702 0.348922 0.120376
8983 0.403033 0.350792 0.246175
8985 0.272242 0.704746 0.023011
552 0.162317 0.690823 0.146860
8986 0.455803 0.259451 0.284746
552 0.598316 0.257908 0.143777
8229 0.932961 0.000000 0.067039
559 0.236710 0.578658 0.184632
826 0.110034 0.564801 0.325165
437 0.488805 0.033495 0.477700
17 0.292687 0.232920 0.474394
17 0.104151 0.377739 0.518110
457 0.422717 0.242759 0.334524
457 0.125279 0.529042 0.345679
8986 0.507612 0.058683 0.433705
49 0.449296 0.196969 0.353734
8989 0.049530 0.451194 0.499276
1068 0.430250 0.017964 0.551786
8989 0.608709 0.098728 0.292563
8992 0.242192 0.638946 0.118862
1099 0.317423 0.087672 0.594906
103 0.777104 0.079853 0.143042
8240 0.213667 0.417011 0.369322
135 0.030667 0.204333 0.765000
8243 0.538886 0.439970 0.021144
8243 0.779517 0.099646 0.120837
826 0.000000 0.513203 0.486797
8999 0.175324 0.735166 0.089510
8243 0.402889 0.000000 0.597111
1135 0.083041 0.480482 0.436477
1136 0.163694 0.156727 0.679578
430 0.508073 0.491927 0.000000
430 0.787509 0.134533 0.077957
430 0.606686 0.152910 0.240404
2069 0.227837 0.772163 0.000000
216 0.046914 0.022531 0.930555
2490 0.619217 0.164857 0.215925
62 0.358166 0.220528 0.421305
2489 0.614384 0.150015 0.235601
150 0.142621 0.229869 0.627510
2490 0.519073 0.459393 0.021534
2509 0.310825 0.661319 0.027856
15 0.383108 0.420674 0.196218
8979 0.467920 0.481979 0.050101
387 0.536550 0.076194 0.387257
8240 0.296148 0.548845 0.155007
8978 0.343951 0.569801 0.086248
8983 0.713587 0.260654 0.025759
8244 0.773478 0.033198 0.193324
8224 0.536527 0.013080 0.450393
9000 0.275668 0.062771 0.661560
9003 0.059380 0.240975 0.699645
51 0.273696 0.080841 0.645463
1051 0.180756 0.359198 0.460046
114 0.384133 0.543608 0.072259
1074 0.033557 0.593814 0.372628
1082 0.347218 0.305495 0.347287
122 0.837333 0.063372 0.099295
122 0.481434 0.117999 0.400567
1108 0.074231 0.491927 0.433842
1099 0.755546 0.070228 0.174226
430 0.115315 0.809410 0.075275
1117 0.710155 0.000000 0.289845
429 0.999840 0.000160 0.000000
1123 0.432109 0.255899 0.311991
437 0.308819 0.531232 0.159949
437 0.669978 0.016840 0.313182
1135 0.048276 0.737066 0.214659
445 0.581745 0.104612 0.313642
1136 0.758229 0.000000 0.241771
842 0.216600 0.225849 0.557551
457 0.000000 0.743552 0.256448
1041 0.091547 0.094300 0.814153
2060 0.077978 0.001710 0.920312
8986 0.905798 0.008524 0.085679
8985 0.325220 0.499414 0.175366
2489 0.166278 0.266256 0.567466
18 0.384249 0.514569 0.101182
18 0.457543 0.176876 0.365581
9387 0.027763 0.941518 0.030719
49 0.607892 0.278271 0.113837
8995 0.262562 0.247127 0.490311
2497 0.853598 0.057080 0.089323
2497 0.304079 0.435214 0.260707
8240 0.150320 0.672715 0.176965
8240 0.059575 0.655323 0.285101
8979 0.517426 0.208815 0.273759
8979 0.397893 0.439723 0.162384
8999 0.514768 0.406663 0.078569
108 0.422825 0.416345 0.160830
8999 0.537818 0.094279 0.367903
8979 0.109265 0.394841 0.495894
8243 0.182100 0.102098 0.715802
108 0.157659 0.099996 0.742345
410 0.704532 0.223804 0.071664
1082 0.152991 0.836025 0.010984
1068 0.003468 0.783313 0.213219
1090 0.213808 0.663233 0.122959
444 0.339639 0.461247 0.199114
1129 0.056972 0.497988 0.445040
1141 0.736247 0.099404 0.164349
1142 0.069804 0.561929 0.368268
1142 0.192058 0.227303 0.580638
1147 0.179324 0.637478 0.183197
0 0.964072 0.000000 0.035928
1544 0.076581 0.668533 0.254886
1149 0.631451 0.233814 0.134735
1544 0.065696 0.537843 0.396462
1149 0.717973 0.282027 0.000000
8229 0.034211 0.014591 0.951198
2054 0.607174 0.097446 0.295380
149 0.109184 0.650023 0.240792
150 0.389225 0.119112 0.491663
15 0.240982 0.118205 0.640814
2480 0.475845 0.113032 0.411122
15 0.662600 0.064910 0.272489
8995 0.226341 0.613957 0.159702
18 0.020218 0.275983 0.703799
26 0.327088 0.571528 0.101384
8240 0.242350 0.687701 0.069949
2076 0.056390 0.109279 0.834330
49 0.107955 0.445007 0.447038
8244 0.793850 0.134007 0.072144
51 0.268435 0.374374 0.357191
3111 0.300055 0.690918 0.009027
3111 0.113603 0.520019 0.366378
1058 0.387203 0.099844 0.512953
103 0.485444 0.084128 0.430428
100 0.211361 0.788639 0.000000
8996 0.542613 0.186363 0.271024
116 0.881344 0.100571 0.018085
1083 0.518417 0.333174 0.148409
8982 0.430492 0.327200 0.242308
8224 0.826232 0.008686 0.165082
410 0.248118 0.667915 0.083968
1100 0.799200 0.184484 0.016317
8224 0.073157 0.065095 0.861748
710 0.098563 0.023418 0.878019
8229 0.585892 0.004519 0.409589
437 0.226127 0.704635 0.069238
445 0.065150 0.594078 0.340772
473 0.000000 0.433703 0.566297
473 0.566007 0.346703 0.087290
739 0.245392 0.332414 0.422195
1040 0.442209 0.362294 0.195497
1147 0.572140 0.389231 0.038629
8219 0.317696 0.000000 0.682304
1149 0.516943 0.483057 0.000000
249 0.126203 0.565350 0.308448
15 0.487677 0.087380 0.424943
2060 0.153642 0.374244 0.472114
8989 0.684390 0.209352 0.106259
2060 0.553738 0.159650 0.286612
379 0.306751 0.396233 0.297015
17 0.111166 0.655658 0.233176
2060 0.249052 0.244517 0.506430
26 0.739764 0.075862 0.184375
2060 0.322194 0.057427 0.620379
2060 0.000000 0.235591 0.764409
544 0.471578 0.497146 0.031276
560 0.300292 0.466443 0.233266
560 0.385529 0.330156 0.284315
2060 0.080587 0.171620 0.747792
93 0.182412 0.253189 0.564400
8244 0.121397 0.519626 0.358977
570 0.427738 0.289368 0.282894
9003 0.343426 0.003627 0.652947
832 0.265211 0.076526 0.658262
9004 0.505047 0.361289 0.133663
2490 0.131624 0.770187 0.098189
2069 0.518709 0.376688 0.104602
2069 0.276690 0.663168 0.060142
2497 0.109185 0.010265 0.880551
8996 0.261168 0.585015 0.153818
430 0.154304 0.845696 0.000000
2509 0.265984 0.560206 0.173810
2507 0.108252 0.412130 0.479617
2508 0.705183 0.124381 0.170437
2508 0.214901 0.653855 0.131244
2508 0.211014 0.602158 0.186828
2508 0.517221 0.470130 0.012649
3111 0.034642 0.730359 0.234999
834 0.024046 0.090433 0.885522
8976 0.263920 0.628077 0.108002
8976 0.084378 0.729175 0.186447
8976 0.028583 0.910257 0.061160
8976 0.293517 0.432626 0.273858
849 0.578198 0.117730 0.304073
1142 0.970599 0.029401 0.000000
1147 0.366565 0.324087 0.309348
1147 0.413926 0.461146 0.124928
8224 0.451871 0.162885 0.385244
709 0.568068 0.170551 0.261381
430 0.850856 0.149144 0.000000
9385 0.036833 0.721712 0.241455
150 0.004609 0.520233 0.475158
9387 0.188473 0.520541 0.290986
150 0.644008 0.171379 0.184613
150 0.343236 0.279194 0.377570
843 0.512380 0.253286 0.234334
2069 0.230428 0.481673 0.287899
8240 0.716542 0.079783 0.203675
2490 0.366222 0.141039 0.492739
1069 0.125887 0.268082 0.606031
8244 0.438109 0.463075 0.098816
1082 0.224618 0.240390 0.534992
1100 0.764844 0.086145 0.149011
2508 0.302163 0.308064 0.389774
9004 0.810231 0.123860 0.065909
26 0.361171 0.271174 0.367655
1108 0.636455 0.143193 0.220353
1091 0.533565 0.206727 0.259708
3104 0.186111 0.017258 0.796630
1091 0.501364 0.365096 0.133541
2520 0.046157 0.520688 0.433155
102 0.346058 0.154646 0.499296
8976 0.343003 0.653838 0.003159
1147 0.790890 0.209110 0.000000
709 0.000000 0.042629 0.957371
438 0.618395 0.341189 0.040416
1552 0.647226 0.139615 0.213159
8234 0.538283 0.422134 0.039583
458 0.633680 0.221040 0.145280
8989 0.174342 0.702957 0.122701
739 0.521404 0.118911 0.359685
143 0.482599 0.104505 0.412896
221 0.508515 0.057875 0.433609
2047 0.066942 0.863152 0.069905
150 0.893048 0.008873 0.098079
2054 0.576526 0.000000 0.423474
832 0.423750 0.068167 0.508083
2054 0.532135 0.381033 0.086832
8995 0.537579 0.300666 0.161755
9387 0.103872 0.306175 0.589953
18 0.236757 0.212390 0.550853
2060 0.089333 0.593791 0.316876
2054 0.530092 0.268737 0.201171
8995 0.835354 0.071110 0.093536
8244 0.376446 0.366782 0.256772
2060 0.679019 0.065243 0.255738
9004 0.168523 0.740078 0.091398
2060 0.000000 0.328867 0.671133
2480 0.081180 0.300509 0.618311
1109 0.045105 0.870952 0.083943
9005 0.248402 0.529446 0.222152
9004 0.097677 0.542505 0.359817
123 0.723908 0.173184 0.102909
2070 0.181492 0.798739 0.019769
1129 0.347882 0.486477 0.165641
445 0.529502 0.332917 0.137581
9004 0.254880 0.361915 0.383205
2076 0.235942 0.313692 0.450366
2076 0.359364 0.136021 0.504615
2082 0.084262 0.125277 0.790461
1141 0.035511 0.918068 0.046421
1526 0.733928 0.084174 0.181898
1040 0.727135 0.069242 0.203623
1149 0.785599 0.055550 0.158851
8997 0.736551 0.228347 0.035102
2520 0.262831 0.528381 0.208789
1552 0.305167 0.145972 0.548861
8246 0.747545 0.069400 0.183055
3111 0.241969 0.443552 0.314479
9005 0.066443 0.134210 0.799347
1552 0.003157 0.307855 0.688988
3111 0.032794 0.517896 0.449310
2520 0.758031 0.172334 0.069634
3111 0.012001 0.221096 0.766904
1553 0.194346 0.466197 0.339456
379 0.532405 0.202439 0.265156
8976 0.582829 0.294253 0.122918
1553 0.481460 0.067053 0.451487
8976 0.078121 0.410773 0.511106
8985 0.398387 0.134646 0.466967
0 0.876572 0.000000 0.123428
2047 0.438198 0.291229 0.270573
10090 0.267549 0.678760 0.053692
8 0.211985 0.700004 0.088011
10081 0.546248 0.313479 0.140273
10080 0.000000 0.518435 0.481565
1590 0.713294 0.007163 0.279543
62 0.005883 0.613671 0.380446
843 0.300902 0.582317 0.116781
10089 0.774843 0.000000 0.225157
9385 0.290673 0.458508 0.250819
1051 0.277593 0.586287 0.136120
1058 0.260803 0.019361 0.719836
9384 0.174505 0.123927 0.701568
1092 0.037026 0.583465 0.379508
15 0.210195 0.032110 0.757695
10925 0.630126 0.000000 0.369874
3 0.665557 0.237873 0.096570
18 0.181481 0.569504 0.249016
2520 0.242797 0.069676 0.687527
3111 0.301799 0.220517 0.477684
26 0.101472 0.510470 0.388058
7370 0.525086 0.188007 0.286907
8244 0.127884 0.828319 0.043798
49 0.182044 0.594727 0.223230
3111 0.112093 0.162197 0.725710
2528 0.054343 0.198199 0.747457
8214 0.239355 0.000000 0.760645
103 0.283083 0.376467 0.340450
8971 0.455641 0.435708 0.108651
9391 0.148468 0.743834 0.107698
1544 0.342666 0.491920 0.165414
10110 0.603927 0.061526 0.334547
115 0.209145 0.258487 0.532368
8214 0.605349 0.000000 0.394651
1164 0.335190 0.212788 0.452022
1560 0.373443 0.591478 0.035080
8220 0.147166 0.130619 0.722215
710 0.163921 0.042298 0.793781
709 0.033596 0.195030 0.771374
8224 0.009743 0.290953 0.699305
438 0.449564 0.538511 0.011925
8229 0.322003 0.267952 0.410045
7360 0.136208 0.071613 0.792178
1174 0.623486 0.000000 0.376514
8982 0.380339 0.102906 0.516755
9380 0.623989 0.107964 0.268048
9384 0.046896 0.836904 0.116200
2033 0.375459 0.262656 0.361885
1041 0.047834 0.936587 0.015579
1586 0.501708 0.016095 0.482196
136 0.601378 0.000000 0.398622
231 0.228096 0.425896 0.346008
544 0.131297 0.083403 0.785300
4 0.834921 0.160474 0.004605
2055 0.177470 0.508802 0.313728
9377 0.000000 0.147503 0.852497
10081 0.255656 0.571912 0.172432
15 0.628538 0.235532 0.135930
2055 0.170767 0.303809 0.525424
849 0.423607 0.000000 0.576393
2060 0.721246 0.000000 0.278754
2480 0.400517 0.398957 0.200525
10081 0.178194 0.211031 0.610775
10089 0.319911 0.605470 0.074620
10081 0.036667 0.075226 0.888107
49 0.384630 0.437665 0.177706
10089 0.730087 0.138187 0.131725
1101 0.057881 0.745282 0.196837
10089 0.479575 0.196000 0.324425
1109 0.332032 0.643897 0.024072
10089 0.600402 0.004746 0.394853
9385 0.485107 0.313030 0.201863
1109 0.137871 0.199410 0.662719
9385 0.064281 0.564370 0.371349
108 0.086633 0.688009 0.225358
2076 0.106752 0.557278 0.335970
1504 0.007437 0.052940 0.939623
9387 0.647611 0.310667 0.041722
9387 0.411163 0.453457 0.135379
1526 0.480794 0.191448 0.327758
9387 0.239721 0.036577 0.723702
10101 0.089086 0.669981 0.240933
10101 0.820109 0.168270 0.011621
1527 0.933660 0.006768 0.059572
9387 0.384407 0.216460 0.399133
2082 0.078863 0.277355 0.643782
1149 0.667457 0.000000 0.332543
10101 0.462083 0.332474 0.205443
2081 0.415567 0.081808 0.502625
10095 0.002651 0.496141 0.501208
1151 0.048897 0.559140 0.391963
10101 0.064871 0.422247 0.512883
10089 0.211574 0.113769 0.674657
1544 0.611213 0.000000 0.388787
2520 0.476258 0.039257 0.484485
8244 0.000000 0.831568 0.168432
1155 0.649845 0.000000 0.350155
2520 0.654467 0.074662 0.270871
8246 0.092103 0.740044 0.167854
9392 0.279737 0.631664 0.088599
1553 0.711530 0.168590 0.119880
1553 0.206343 0.646816 0.146842
382 0.605729 0.310994 0.083278
9005 0.170521 0.781442 0.048037
8246 0.162577 0.341151 0.496272
8971 0.730669 0.094880 0.174451
8971 0.624679 0.315209 0.060112
8249 0.510872 0.178961 0.310167
8976 0.576539 0.414804 0.008657
1560 0.519390 0.047903 0.432708
8971 0.870597 0.129403 0.000000
1164 0.341151 0.105931 0.552919
8975 0.062413 0.776436 0.161151
1163 0.650747 0.169965 0.179288
8976 0.376876 0.101196 0.521928
9005 0.201234 0.318795 0.479972
2018 0.078299 0.020308 0.901393
8978 0.520029 0.174613 0.305357
1560 0.708940 0.093653 0.197407
2018 0.618044 0.027889 0.354068
9389 0.184876 0.761896 0.053228
1163 0.090736 0.062985 0.846278
2026 0.317887 0.134040 0.548073
2026 0.079034 0.304227 0.616739
2027 0.358825 0.011414 0.629761
9392 0.336553 0.307142 0.356305
9392 0.058496 0.490524 0.450981
1586 0.405725 0.000000 0.594275
2034 0.649958 0.181168 0.168874
9008 0.400650 0.536400 0.062950
9005 0.766797 0.024357 0.208846
9008 0.492749 0.155223 0.352027
1585 0.715500 0.040366 0.244134
9008 0.103729 0.453251 0.443020
9008 0.262953 0.326876 0.410171
9008 0.109439 0.003313 0.887248
1590 0.967673 0.000000 0.032327
1585 0.415839 0.121104 0.463057
9010 0.126991 0.495789 0.377220
9011 0.621608 0.153856 0.224536
2047 0.109221 0.629092 0.261687
709 0.266080 0.082999 0.650921
438 0.823614 0.077499 0.098886
1053 0.459393 0.027833 0.512773
8 0.101227 0.254627 0.644147
1074 0.111105 0.111401 0.777494
10925 0.296383 0.173590 0.530027
150 0.244947 0.630690 0.124363
3103 0.098368 0.383643 0.517990
2528 0.318867 0.148316 0.532817
150 0.362958 0.569906 0.067135
250 0.137631 0.145498 0.716871
7369 0.094834 0.647308 0.257857
7369 0.109516 0.864346 0.026139
1493 0.376812 0.267771 0.355417
19 0.250863 0.564231 0.184905
3110 0.210453 0.613306 0.176241
7381 0.593278 0.140740 0.265982
7381 0.335834 0.103217 0.560949
27 0.136952 0.827307 0.035740
10109 0.281623 0.280849 0.437528
3110 0.000000 0.745574 0.254426
10110 0.371164 0.305389 0.323447
49 0.298057 0.685969 0.015974
51 0.618813 0.112382 0.268805
1544 0.687339 0.243791 0.068870
93 0.153467 0.000000 0.846533
8968 0.218845 0.275303 0.505852
8206 0.480321 0.000000 0.519679
102 0.459904 0.284860 0.255236
8206 0.224695 0.000000 0.775305
8968 0.212620 0.210598 0.576781
1996 0.620224 0.011886 0.367890
7380 0.038394 0.402805 0.558801
8210 0.843663 0.000000 0.156337
1164 0.668849 0.050019 0.281132
8210 0.669070 0.000000 0.330930
10131 0.073688 0.041195 0.885117
9011 0.214749 0.474817 0.310434
410 0.991323 0.000000 0.008677
2019 0.503886 0.000000 0.496114
2026 0.123739 0.621071 0.255190
2033 0.248992 0.072062 0.678946
9015 0.805435 0.162715 0.031850
9012 0.362638 0.030784 0.606578
2033 0.146348 0.814059 0.039593
458 0.382817 0.044960 0.572223
2464 0.915472 0.064729 0.019799
474 0.276975 0.712085 0.010940
1591 0.051657 0.399404 0.548939
9378 0.737361 0.153216 0.109423
2047 0.396414 0.049833 0.553753
9384 0.061087 0.663920 0.274993
1052 0.125906 0.827454 0.046640
2064 0.011924 0.302909 0.685167
2064 0.160825 0.474519 0.364656
2064 0.526838 0.425369 0.047794
135 0.315045 0.521031 0.163924
135 0.248277 0.373975 0.377747
2481 0.347923 0.479471 0.172606
231 0.023979 0.940776 0.035245
9385 0.277438 0.279547 0.443015
231 0.027986 0.156183 0.815831
9384 0.109298 0.324895 0.565806
237 0.075325 0.322572 0.602104
382 0.478700 0.114049 0.407252
849 0.086324 0.588839 0.324837
1149 0.185161 0.016262 0.798578
1150 0.252164 0.486763 0.261073
2481 0.063417 0.852993 0.083590
3103 0.043357 0.019134 0.937509
3103 0.412364 0.133766 0.453870
2070 0.234238 0.573723 0.192040
1483 0.166711 0.186755 0.646534
2076 0.049002 0.718564 0.232434
10095 0.039306 0.044254 0.916440
3 0.332617 0.592352 0.075030
1117 0.483409 0.457650 0.058942
3104 0.311219 0.130096 0.558685
1517 0.024932 0.229739 0.745328
1527 0.460328 0.229786 0.309885
51 0.007933 0.775850 0.216217
110 0.844685 0.033991 0.121324
2519 0.346505 0.473508 0.179988
3664 0.011733 0.069640 0.918626
2528 0.213547 0.117653 0.668800
1155 0.812491 0.000000 0.187509
8971 0.300288 0.221992 0.477720
2007 0.365576 0.234025 0.400399
8206 0.403736 0.000000 0.596264
8971 0.423893 0.205335 0.370772
1163 0.134804 0.506778 0.358418
1174 0.408551 0.038236 0.553213
2018 0.520675 0.332388 0.146937
2033 0.627619 0.183135 0.189246
7360 0.254523 0.065148 0.680329
2027 0.256520 0.391073 0.352407
9380 0.000000 0.875591 0.124409
2033 0.266164 0.543344 0.190493
405 0.861208 0.084737 0.054055
10094 0.269117 0.496331 0.234552
10089 0.138685 0.425694 0.435621
10090 0.240467 0.365080 0.394453
561 0.149041 0.179436 0.671522
826 0.669893 0.314762 0.015345
1585 0.444628 0.296754 0.258618
10089 0.124921 0.000000 0.875079
9385 0.651736 0.156045 0.192220
10094 0.777945 0.172358 0.049697
10096 0.990017 0.000000 0.009983
10089 0.497371 0.000000 0.502629
10925 0.699653 0.030988 0.269359
10094 0.091439 0.776269 0.132292
7380 0.742035 0.136437 0.121528
7380 0.490700 0.162678 0.346622
10080 0.130654 0.649831 0.219515
10080 0.340541 0.493884 0.165575
7380 0.233042 0.290384 0.476574
10080 0.203628 0.296156 0.500216
10080 0.206307 0.035040 0.758653
2480 0.346870 0.653130 0.000000
9389 0.532718 0.076941 0.390341
10095 0.311929 0.403088 0.284983
9392 0.059443 0.204165 0.736393
9394 0.228633 0.405922 0.365446
9394 0.355253 0.091069 0.553678
9010 0.654237 0.132882 0.212881
9011 0.192964 0.255578 0.551458
9010 0.417243 0.498814 0.083943
9010 0.018041 0.766100 0.215859
9012 0.038973 0.590803 0.370224
9011 0.292286 0.057611 0.650102
10102 0.060881 0.619047 0.320071
1051 0.838637 0.049403 0.111960
3101 0.325095 0.420098 0.254807
2069 0.438031 0.105640 0.456329
10091 0.874514 0.026114 0.099373
1069 0.512788 0.091254 0.395958
2070 0.524346 0.244407 0.231247
63 0.292015 0.381842 0.326143
10096 0.556452 0.089810 0.353737
1092 0.671723 0.188646 0.139631
411 0.311786 0.289690 0.398524
7367 0.294450 0.489114 0.216437
7370 0.462291 0.398356 0.139353
3 0.955752 0.006097 0.038151
7370 0.086740 0.209914 0.703346
19 0.485066 0.132062 0.382872
1516 0.181885 0.088549 0.729566
3664 0.262212 0.257181 0.480607
26 0.064105 0.282923 0.652973
8206 0.592536 0.000000 0.407464
8206 0.628501 0.000000 0.371499
8206 0.386616 0.038568 0.574816
51 0.252618 0.645190 0.102192
8206 0.206050 0.111994 0.681956
103 0.072482 0.581644 0.345874
8976 0.878386 0.121614 0.000000
8210 0.770674 0.031555 0.197771
8210 0.306940 0.000000 0.693060
1175 0.447296 0.143515 0.409189
1186 0.899281 0.015492 0.085227
123 0.055104 0.754838 0.190058
2018 0.135259 0.753620 0.111121
2019 0.588036 0.112335 0.299629
8252 0.257825 0.662663 0.079512
8219 0.606645 0.110017 0.283339
711 0.802171 0.160617 0.037212
8220 0.246234 0.167746 0.586020
2027 0.332779 0.548743 0.118478
710 0.287317 0.075646 0.637037
8224 0.273046 0.450590 0.276363
8229 0.156167 0.475976 0.367858
7360 0.299767 0.180086 0.520147
7364 0.552873 0.354026 0.093101
1586 0.329360 0.533605 0.137036
7364 0.353940 0.221631 0.424429
458 0.170022 0.172264 0.657713
474 0.394402 0.268936 0.336662
2060 0.000000 0.899415 0.100585
246 0.419735 0.529854 0.050411
561 0.068836 0.532759 0.398405
850 0.389410 0.046660 0.563930
1156 0.048442 0.935657 0.015901
1074 0.873061 0.004530 0.122409
1083 0.472516 0.031555 0.495929
10094 0.179231 0.284993 0.535776
4 0.722009 0.227950 0.050040
1110 0.589887 0.269003 0.141110
10925 0.564812 0.149624 0.285564
10094 0.387252 0.147440 0.465308
10096 0.688299 0.000000 0.311701
2081 0.352562 0.304242 0.343196
2528 0.409577 0.362747 0.227676
3111 0.521940 0.287321 0.190739
2519 0.091986 0.152405 0.755609
2519 0.404160 0.325517 0.270323
10109 0.173421 0.609447 0.217132
9391 0.335308 0.281275 0.383417
10116 0.843129 0.071940 0.084931
8971 0.265925 0.589033 0.145042
8971 0.480737 0.519263 0.000000
10116 0.135268 0.860742 0.003990
140 0.153341 0.285851 0.560808
2018 0.139476 0.359488 0.501036
10126 0.122005 0.514881 0.363115
236 0.116259 0.177337 0.706403
10137 0.366285 0.441836 0.191879
2034 0.047505 0.944995 0.007501
9011 0.036372 0.594673 0.368954
9377 0.706098 0.096614 0.197288
9381 0.575588 0.083305 0.341106
9380 0.275802 0.588752 0.135447
9378 0.365815 0.156853 0.477333
1586 0.462033 0.180039 0.357929
9377 0.186535 0.440027 0.373438
1585 0.236882 0.413612 0.349506
9398 0.083356 0.457676 0.458967
9377 0.135390 0.263670 0.600940
9385 0.502529 0.074869 0.422602
8252 0.582993 0.221823 0.195183
9385 0.330645 0.129907 0.539448
9380 0.000000 0.381872 0.618128
9384 0.287675 0.438302 0.274022
9015 0.624638 0.072796 0.302566
9012 0.337447 0.465593 0.196960
10073 0.158707 0.131249 0.710044
709 0.138857 0.597922 0.263221
709 0.604968 0.337476 0.057556
718 0.199037 0.175564 0.625398
709 0.143016 0.355700 0.501285
237 0.528995 0.077043 0.393962
2081 0.162960 0.310070 0.526971
0 0.699899 0.139804 0.160297
10082 0.000000 0.669766 0.330234
2089 0.426687 0.073121 0.500192
9 0.017547 0.283844 0.698608
2519 0.679958 0.086994 0.233048
2528 0.572822 0.232766 0.194411
151 0.453837 0.049055 0.497107
3111 0.581547 0.036015 0.382438
1494 0.212665 0.110605 0.676731
1503 0.489675 0.148419 0.361906
4 0.580606 0.231384 0.188010
8214 0.179100 0.226258 0.594643
7367 0.550826 0.330340 0.118834
20 0.563370 0.142195 0.294435
7369 0.103314 0.461546 0.435140
7369 0.425567 0.482856 0.091577
8968 0.392117 0.223324 0.384558
8206 0.415403 0.181292 0.403305
1536 0.375450 0.516686 0.107863
7372 0.124004 0.537084 0.338912
1545 0.239077 0.175279 0.585643
7376 0.810764 0.033477 0.155759
8210 0.524107 0.000000 0.475893
109 0.413061 0.077408 0.509531
8975 0.424522 0.507638 0.067841
116 0.241931 0.191178 0.566891
8210 0.125150 0.010634 0.864216
8975 0.055363 0.062739 0.881898
