14711 0.277255 0.218664 0.504081
14117 0.616289 0.285304 0.098406
1687 0.000000 0.679881 0.320119
1845 0.154154 0.392678 0.453167
1687 0.000000 0.524664 0.475336
1687 0.064808 0.584740 0.350452
1647 0.196657 0.667130 0.136213
1688 0.682166 0.317834 0.000000
1845 0.000000 0.537436 0.462564
1845 0.000000 0.611822 0.388178
1845 0.000000 0.696888 0.303112
1845 0.000000 0.825879 0.174121
1847 0.092581 0.767997 0.139422
1688 0.884370 0.070044 0.045586
1687 0.000000 0.188793 0.811207
1687 0.000000 0.475826 0.524174
1688 0.683220 0.077294 0.239486
1688 0.412845 0.358711 0.228444
1581 0.174312 0.076732 0.748957
1581 0.254120 0.436348 0.309532
1845 0.000000 0.928793 0.071207
14708 0.428958 0.514179 0.056864
14547 0.599882 0.000000 0.400118
14718 0.909838 0.022678 0.067484
14718 0.129437 0.255663 0.614900
14708 0.424141 0.234601 0.341258
14718 0.461499 0.112319 0.426181
14711 0.544281 0.248706 0.207012
14547 0.466440 0.000000 0.533560
14718 0.323045 0.599565 0.077390
14547 0.693622 0.000000 0.306378
14547 0.821507 0.000000 0.178493
14547 0.937512 0.000000 0.062488
14718 0.492895 0.289458 0.217647
14718 0.195085 0.421421 0.383495
14711 0.263424 0.358990 0.377586
14708 0.509989 0.328828 0.161184
14117 0.104789 0.656914 0.238296
14117 0.075599 0.465228 0.459173
14045 0.493411 0.079928 0.426660
13147 0.180660 0.593801 0.225538
13641 0.005048 0.580373 0.414579
13147 0.335367 0.058221 0.606411
13231 0.125745 0.052729 0.821525
12977 0.456540 0.066374 0.477086
13569 0.446953 0.450651 0.102396
13444 0.248580 0.171723 0.579697
13641 0.078604 0.339668 0.581729
13082 0.926222 0.061676 0.012102
13672 0.261338 0.060895 0.677768
13147 0.926094 0.019061 0.054845
13569 0.278838 0.420921 0.300241
13147 0.071992 0.319143 0.608866
13444 0.431072 0.279345 0.289584
13444 0.011952 0.774174 0.213874
12977 0.719017 0.036026 0.244957
13147 0.573170 0.248924 0.177906
13400 0.650433 0.050054 0.299512
13317 0.580508 0.163289 0.256202
18729 0.075509 0.438014 0.486477
19127 0.483882 0.490811 0.025307
19127 0.181401 0.581975 0.236624
19127 0.338457 0.431110 0.230432
18670 0.268726 0.141530 0.589744
18670 0.000000 0.355958 0.644042
19087 0.397904 0.065805 0.536291
18670 0.145291 0.118587 0.736121
19127 0.000000 0.661374 0.338626
19087 0.508409 0.040101 0.451490
19087 0.593237 0.030816 0.375947
18729 0.212899 0.275438 0.511663
18670 0.042166 0.322368 0.635466
18670 0.217698 0.287018 0.495284
1581 0.105335 0.738126 0.156539
13231 0.378401 0.430269 0.191330
10551 0.124193 0.304141 0.571666
10551 0.494862 0.495901 0.009237
10621 0.436740 0.297504 0.265755
10551 0.223284 0.738060 0.038656
10141 0.201270 0.142262 0.656468
10621 0.084947 0.811952 0.103100
10550 0.000000 0.599105 0.400895
10621 0.345939 0.472334 0.181726
10621 0.783911 0.203908 0.012180
10951 0.016080 0.983439 0.000481
10716 0.350432 0.367592 0.281976
10716 0.726143 0.192016 0.081841
10551 0.784652 0.187322 0.028026
10716 0.041224 0.649050 0.309726
10487 0.286380 0.184827 0.528793
10551 0.574380 0.017945 0.407675
10595 0.316242 0.413311 0.270447
10595 0.309336 0.107715 0.582949
10596 0.761799 0.150325 0.087876
10141 0.422810 0.291468 0.285722
10141 0.679896 0.081518 0.238586
10141 0.249251 0.408471 0.342277
10550 0.112316 0.823096 0.064588
10042 0.014041 0.227726 0.758234
10683 0.320386 0.062694 0.616920
10951 0.175407 0.602556 0.222037
11018 0.112464 0.612610 0.274927
11109 0.094336 0.722847 0.182817
10250 0.207065 0.189203 0.603732
10940 0.096327 0.359174 0.544499
10997 0.025249 0.817769 0.156982
10596 0.230813 0.575391 0.193795
10997 0.220379 0.359299 0.420322
10596 0.174475 0.409865 0.415660
10596 0.291071 0.202512 0.506417
10596 0.474490 0.233128 0.292382
10829 0.601030 0.327614 0.071355
10829 0.543855 0.128330 0.327814
10125 0.000000 0.586205 0.413795
10125 0.175898 0.265354 0.558748
10550 0.313224 0.135201 0.551575
10951 0.738152 0.172558 0.089290
10042 0.335211 0.192046 0.472744
11018 0.108517 0.344736 0.546747
11109 0.460872 0.335708 0.203420
11109 0.038991 0.164142 0.796867
10317 0.203764 0.421556 0.374679
10250 0.064773 0.644116 0.291112
11203 0.000000 0.789565 0.210435
10940 0.573716 0.311989 0.114296
10476 0.565904 0.328968 0.105127
10997 0.344630 0.416285 0.239085
11061 0.550718 0.418143 0.031139
10476 0.426231 0.047465 0.526304
10476 0.153064 0.460789 0.386147
10829 0.326620 0.005848 0.667532
10997 0.357908 0.000000 0.642092
10829 0.307195 0.653746 0.039058
10829 0.208963 0.367828 0.423209
10125 0.107227 0.712468 0.180305
9807 0.968205 0.006823 0.024972
11018 0.525273 0.347274 0.127454
11170 0.160168 0.308463 0.531369
9807 0.120744 0.014547 0.864709
11018 0.111946 0.096874 0.791180
11109 0.739926 0.035290 0.224784
10147 0.761737 0.014341 0.223922
11061 0.744953 0.222638 0.032409
10317 0.113517 0.159540 0.726943
11132 0.341837 0.511565 0.146598
11061 0.477885 0.235043 0.287071
10476 0.168042 0.783505 0.048453
10476 0.212754 0.043836 0.743410
10878 0.704562 0.203778 0.091660
10141 0.132326 0.711601 0.156073
10292 0.081522 0.094733 0.823745
10550 0.735807 0.253375 0.010818
9807 0.550764 0.065865 0.383371
10667 0.153634 0.160551 0.685815
10951 0.067320 0.184763 0.747916
11310 0.043983 0.137801 0.818216
11311 0.058005 0.896214 0.045780
10147 0.337190 0.140489 0.522321
11238 0.440148 0.271465 0.288387
10147 0.109418 0.476346 0.414236
11061 0.079148 0.355667 0.565185
11061 0.062882 0.824147 0.112972
10878 0.055517 0.786439 0.158043
10040 0.062311 0.300461 0.637228
9502 0.313564 0.167795 0.518641
10040 0.537795 0.045333 0.416873
10667 0.503438 0.300406 0.196156
11310 0.185059 0.000000 0.814941
11203 0.258811 0.210875 0.530314
10147 0.493033 0.380258 0.126709
11238 0.157336 0.103422 0.739242
11487 0.083743 0.876759 0.039498
11132 0.312944 0.279213 0.407842
10349 0.804280 0.195461 0.000259
11025 0.406068 0.583202 0.010729
10476 0.005457 0.053630 0.940914
9927 0.119844 0.198324 0.681833
10292 0.020345 0.686347 0.293308
9503 0.645719 0.128644 0.225637
10790 0.570123 0.292329 0.137548
11170 0.199721 0.661123 0.139155
11310 0.319552 0.133058 0.547390
11310 0.616335 0.000000 0.383665
11365 0.269174 0.530908 0.199918
9885 0.428287 0.326021 0.245692
11311 0.277785 0.139241 0.582974
10349 0.331892 0.210833 0.457275
10453 0.609465 0.178590 0.211945
11025 0.264988 0.063478 0.671534
10453 0.227757 0.343702 0.428542
10532 0.800388 0.162960 0.036652
10532 0.655873 0.123861 0.220266
10878 0.251281 0.447550 0.301169
9927 0.169988 0.657938 0.172074
10040 0.141751 0.768294 0.089955
10950 0.529660 0.259390 0.210951
11310 0.354311 0.458181 0.187508
11310 0.653619 0.147760 0.198620
10147 0.063343 0.927479 0.009178
11487 0.023861 0.628929 0.347210
11399 0.105314 0.145704 0.748982
10453 0.175573 0.702098 0.122329
10532 0.451621 0.492693 0.055687
10771 0.513627 0.125628 0.360745
10771 0.157215 0.254542 0.588243
9527 0.125864 0.225963 0.648173
9807 0.117027 0.874376 0.008597
10950 0.901072 0.043991 0.054937
11340 0.144114 0.126250 0.729637
11365 0.400687 0.152604 0.446709
9539 0.636219 0.111825 0.251956
9885 0.235526 0.178809 0.585666
11448 0.564454 0.421527 0.014019
10349 0.118948 0.529174 0.351878
11399 0.503375 0.251379 0.245246
10532 0.197515 0.670849 0.131636
10771 0.515530 0.369632 0.114838
9526 0.014094 0.422771 0.563135
9502 0.266446 0.543051 0.190503
11340 0.274258 0.272013 0.453729
11310 0.901776 0.000000 0.098224
9539 0.304566 0.216682 0.478751
9959 0.688493 0.300017 0.011490
11448 0.445048 0.223916 0.331036
11487 0.428457 0.299743 0.271800
10084 0.394895 0.110383 0.494721
11265 0.623379 0.224739 0.151882
10771 0.145259 0.060258 0.794483
10771 0.242872 0.485615 0.271513
9527 0.376451 0.358139 0.265410
9503 0.177562 0.716333 0.106104
10393 0.445056 0.356559 0.198385
10754 0.331956 0.618402 0.049643
11340 0.428521 0.569325 0.002153
9503 0.190038 0.454416 0.355546
9446 0.771637 0.011398 0.216965
9539 0.266326 0.560419 0.173255
10084 0.772777 0.000741 0.226482
10084 0.027953 0.030632 0.941415
11267 0.608877 0.135382 0.255742
11057 0.090810 0.471489 0.437701
10532 0.279372 0.314568 0.406059
10532 0.320841 0.027747 0.651412
10858 0.732888 0.027073 0.240040
9526 0.523501 0.420027 0.056472
9400 0.196718 0.077672 0.725610
9446 0.090992 0.796123 0.112886
11444 0.422362 0.042304 0.535334
9528 0.385132 0.157532 0.457336
11555 0.297563 0.659954 0.042483
11588 0.349838 0.446092 0.204070
10084 0.275123 0.255532 0.469345
10084 0.118862 0.296484 0.584655
10423 0.091373 0.785347 0.123280
10423 0.328104 0.627817 0.044079
11057 0.524765 0.153964 0.321271
10423 0.440943 0.518518 0.040539
10858 0.517486 0.317279 0.165235
10532 0.116409 0.092282 0.791309
9290 0.033669 0.011525 0.954806
9786 0.114257 0.281400 0.604344
9949 0.354414 0.194813 0.450773
10340 0.284037 0.693724 0.022239
11444 0.215364 0.442611 0.342025
11587 0.216129 0.673891 0.109980
9959 0.491451 0.240392 0.268158
11536 0.456281 0.436937 0.106782
10149 0.720949 0.157738 0.121312
11265 0.020370 0.469638 0.509992
10423 0.230751 0.542856 0.226393
10423 0.379143 0.397687 0.223170
11057 0.235032 0.041020 0.723948
10532 0.068053 0.328288 0.603659
10858 0.297995 0.181218 0.520787
10423 0.656541 0.204009 0.139450
10858 0.330189 0.493919 0.175892
10771 0.044531 0.706278 0.249192
10475 0.957291 0.037530 0.005179
10858 0.040606 0.783172 0.176222
10855 0.431985 0.539939 0.028076
11127 0.460338 0.154635 0.385027
9446 0.393004 0.275381 0.331615
11444 0.981478 0.003976 0.014546
9463 0.767333 0.035661 0.197006
9744 0.338438 0.504078 0.157483
10084 0.486976 0.310575 0.202449
10084 0.249717 0.432761 0.317521
10149 0.633743 0.021887 0.344370
10423 0.497085 0.182803 0.320113
10855 0.140972 0.337331 0.521697
9400 0.522327 0.201384 0.276289
9786 0.463799 0.260793 0.275409
10197 0.552458 0.256282 0.191259
10644 0.009527 0.465404 0.525069
11230 0.089183 0.399673 0.511144
11444 0.206674 0.793326 0.000000
11444 0.566957 0.329967 0.103076
11524 0.067243 0.166323 0.766434
9446 0.217773 0.100736 0.681491
11554 0.125964 0.227318 0.646718
9959 0.274610 0.270719 0.454671
10084 0.066622 0.472542 0.460836
10149 0.581015 0.297266 0.121719
11267 0.000000 0.042000 0.958000
10149 0.435644 0.168126 0.396230
11366 0.573374 0.406778 0.019849
10475 0.546239 0.414026 0.039735
10855 0.802531 0.165372 0.032098
10475 0.481780 0.190629 0.327591
10855 0.398496 0.452055 0.149449
10748 0.076192 0.717377 0.206431
10855 0.138032 0.706447 0.155521
9400 0.320320 0.564213 0.115467
10950 0.031143 0.601989 0.366867
9446 0.026245 0.558941 0.414813
11772 0.533715 0.106604 0.359681
9463 0.171660 0.059641 0.768699
11772 0.429890 0.558481 0.011629
11696 0.373471 0.602887 0.023642
11536 0.018042 0.411124 0.570834
10423 0.116678 0.428778 0.454544
10423 0.157391 0.338391 0.504218
10423 0.247762 0.260005 0.492233
11366 0.287682 0.552097 0.160221
11267 0.074183 0.895876 0.029941
11366 0.091897 0.582304 0.325799
10423 0.264966 0.084457 0.650578
11275 0.054700 0.786129 0.159171
10748 0.354826 0.448504 0.196669
10855 0.637226 0.062508 0.300265
9565 0.165024 0.552977 0.281999
9343 0.011979 0.570250 0.417771
11050 0.180086 0.362593 0.457321
11524 0.353862 0.561198 0.084940
9463 0.182306 0.590643 0.227051
9648 0.807375 0.119147 0.073477
9959 0.184701 0.783755 0.031544
10149 0.411142 0.484384 0.104474
11592 0.787142 0.062791 0.150067
10149 0.200997 0.385588 0.413415
11592 0.078345 0.580559 0.341096
10423 0.060566 0.254257 0.685178
10378 0.145399 0.845212 0.009389
10475 0.211847 0.654237 0.133915
10475 0.264190 0.435917 0.299893
11041 0.475032 0.129681 0.395287
11275 0.235064 0.437509 0.327427
10748 0.109386 0.215187 0.675428
9290 0.278604 0.229895 0.491501
10197 0.113810 0.724851 0.161339
10196 0.470392 0.454119 0.075489
9171 0.236801 0.069908 0.693291
10644 0.220376 0.709411 0.070213
10681 0.091265 0.250820 0.657914
11657 0.110105 0.191469 0.698425
11615 0.053788 0.654191 0.292021
11769 0.230116 0.276427 0.493456
11772 0.148666 0.179045 0.672290
11773 0.282739 0.637018 0.080244
11696 0.269089 0.483961 0.246950
10084 0.170269 0.638479 0.191252
10149 0.265557 0.515034 0.219408
11592 0.366286 0.267472 0.366242
10149 0.259355 0.193228 0.547418
11366 0.399273 0.247582 0.353146
11592 0.124009 0.307095 0.568896
10149 0.067144 0.054801 0.878055
11366 0.141134 0.209846 0.649020
11275 0.432890 0.475670 0.091441
10378 0.306972 0.654057 0.038971
10855 0.339775 0.159929 0.500297
10748 0.575222 0.185397 0.239381
9866 0.046245 0.779971 0.173783
10772 0.293815 0.017447 0.688737
9289 0.311422 0.580154 0.108424
11078 0.306038 0.097581 0.596381
11524 0.200562 0.660172 0.139267
9359 0.033636 0.249644 0.716720
11524 0.469847 0.191746 0.338408
9521 0.674149 0.010036 0.315815
9648 0.555143 0.083242 0.361616
11773 0.548316 0.252006 0.199678
11773 0.115348 0.321810 0.562841
11696 0.038021 0.675033 0.286946
10084 0.030510 0.803086 0.166404
11700 0.625039 0.162657 0.212304
11700 0.425268 0.417570 0.157161
10149 0.035578 0.326352 0.638070
11700 0.179575 0.668234 0.152191
10151 0.706626 0.126639 0.166734
11275 0.622263 0.127450 0.250287
10475 0.046943 0.260303 0.692754
11041 0.335648 0.438182 0.226170
9398 0.493968 0.316651 0.189380
9866 0.124808 0.252851 0.622341
10462 0.041779 0.213438 0.744783
11050 0.729024 0.124792 0.146184
9521 0.366213 0.402346 0.231440
11773 0.492453 0.166139 0.341408
9959 0.289187 0.049870 0.660943
11696 0.013907 0.462412 0.523681
10149 0.022011 0.702568 0.275421
10151 0.420003 0.497990 0.082006
11275 0.945941 0.033521 0.020537
10151 0.554567 0.039970 0.405463
11275 0.308169 0.008289 0.683542
11041 0.021708 0.919361 0.058931
9398 0.166157 0.728593 0.105249
9798 0.365934 0.615192 0.018874
9866 0.545886 0.042688 0.411426
11483 0.105033 0.499643 0.395323
11524 0.592725 0.407275 0.000000
9402 0.925347 0.029844 0.044810
11766 0.010387 0.917455 0.072157
9648 0.173632 0.157194 0.669174
10149 0.084375 0.896464 0.019161
11776 0.070231 0.445532 0.484237
11406 0.679864 0.010399 0.309737
11041 0.101324 0.083857 0.814820
10748 0.353952 0.008725 0.637323
9290 0.630199 0.355873 0.013929
9290 0.013635 0.969184 0.017181
10681 0.388492 0.165067 0.446440
10772 0.255396 0.328801 0.415804
11078 0.439123 0.349051 0.211826
11483 0.331567 0.363697 0.304736
9286 0.213701 0.185580 0.600720
11657 0.089383 0.609492 0.301125
9402 0.663758 0.061608 0.274634
11818 0.074518 0.649679 0.275802
11818 0.564925 0.186405 0.248670
11818 0.014824 0.371055 0.614121
11818 0.470336 0.011488 0.518176
11818 0.021925 0.000000 0.978075
9648 0.335209 0.279236 0.385556
11773 0.121058 0.148376 0.730566
11910 0.539289 0.330284 0.130426
11776 0.678240 0.293961 0.027799
11693 0.563516 0.320747 0.115737
10310 0.384080 0.353456 0.262464
11107 0.075685 0.690641 0.233673
9240 0.280535 0.153848 0.565618
10462 0.299565 0.250845 0.449590
11483 0.520533 0.271389 0.208078
11483 0.794361 0.043347 0.162292
9958 0.942582 0.032588 0.024831
10151 0.002355 0.649044 0.348601
11776 0.059380 0.058759 0.881861
10151 0.217353 0.267675 0.514972
10377 0.080218 0.870221 0.049561
10378 0.026123 0.210271 0.763607
10601 0.482562 0.406319 0.111119
11107 0.037152 0.571953 0.390894
10724 0.930633 0.022059 0.047308
11338 0.244068 0.666225 0.089707
11766 0.625324 0.235010 0.139665
11766 0.070112 0.401014 0.528874
11910 0.113774 0.320115 0.566111
11910 0.104964 0.809880 0.085156
9664 0.603452 0.231613 0.164935
9958 0.666257 0.277182 0.056561
9958 0.611721 0.083424 0.304854
11830 0.356856 0.043191 0.599953
10079 0.326339 0.463729 0.209931
11775 0.522450 0.388253 0.089297
11406 0.473394 0.500050 0.026556
10767 0.380797 0.500728 0.118475
11107 0.429844 0.220622 0.349534
10767 0.098517 0.445991 0.455492
10842 0.165087 0.283916 0.550997
10842 0.553838 0.100507 0.345655
9226 0.045846 0.490054 0.464099
9866 0.739255 0.148448 0.112297
10194 0.155390 0.766965 0.077644
9172 0.208638 0.259653 0.531709
11014 0.277283 0.182902 0.539815
11385 0.562427 0.027774 0.409799
11338 0.067344 0.230584 0.702071
9402 0.426490 0.209136 0.364374
11766 0.221919 0.078490 0.699590
9521 0.276298 0.265090 0.458612
11904 0.528381 0.063554 0.408065
9648 0.381196 0.528460 0.090344
11910 0.312285 0.183509 0.504206
9648 0.105428 0.439668 0.454903
11830 0.088391 0.797956 0.113652
11905 0.108755 0.589238 0.302008
10377 0.493342 0.305346 0.201312
11342 0.043919 0.395696 0.560385
10531 0.406011 0.045175 0.548814
11053 0.142968 0.385382 0.471650
9240 0.080953 0.703524 0.215523
9564 0.373291 0.426983 0.199726
10118 0.057121 0.918624 0.024256
10193 0.142420 0.185149 0.672431
9131 0.790808 0.056500 0.152692
9286 0.479267 0.164325 0.356408
9286 0.232457 0.538000 0.229542
9402 0.503569 0.470970 0.025461
9402 0.145389 0.497584 0.357027
11904 0.104299 0.824048 0.071653
9402 0.160584 0.250079 0.589337
11904 0.262736 0.360820 0.376444
9521 0.175423 0.129422 0.695155
11904 0.743659 0.096350 0.159990
9664 0.301053 0.496818 0.202129
10079 0.413642 0.264459 0.321899
11693 0.088980 0.110477 0.800544
11406 0.267630 0.264641 0.467729
10769 0.028780 0.921618 0.049602
10769 0.454602 0.440223 0.105175
10724 0.459882 0.374218 0.165900
11385 0.297220 0.352775 0.350005
11385 0.505735 0.000000 0.494265
11385 0.246116 0.000000 0.753884
11894 0.172509 0.549583 0.277907
11894 0.243892 0.239940 0.516168
9648 0.127416 0.716598 0.155985
10201 0.100668 0.568281 0.331051
10531 0.531129 0.339585 0.129285
11406 0.004207 0.479179 0.516614
11108 0.286279 0.618381 0.095340
9271 0.008061 0.459996 0.531943
9132 0.199276 0.553259 0.247465
10288 0.166304 0.572424 0.261272
11579 0.127008 0.000000 0.872992
9402 0.178894 0.716833 0.104273
11764 0.500800 0.313515 0.185685
11851 0.228106 0.661691 0.110204
11905 0.815992 0.072276 0.111732
9664 0.045109 0.797290 0.157601
9664 0.343657 0.070789 0.585554
11905 0.182420 0.223862 0.593718
9883 0.191153 0.795508 0.013340
9958 0.188708 0.237596 0.573695
9104 0.685109 0.243477 0.071414
10118 0.522959 0.428116 0.048925
9131 0.535581 0.124520 0.339898
9286 0.204154 0.762161 0.033685
11896 0.103036 0.064251 0.832713
11946 0.435574 0.520097 0.044329
9610 0.623857 0.333171 0.042972
11815 0.363519 0.309559 0.326922
11775 0.074317 0.098950 0.826733
9958 0.155025 0.029263 0.815713
11762 0.252330 0.646962 0.100708
10201 0.440071 0.494594 0.065335
11415 0.640951 0.039198 0.319851
10377 0.226175 0.181391 0.592434
11415 0.002324 0.996656 0.001020
11053 0.654159 0.080447 0.265394
9523 0.301749 0.633033 0.065218
9639 0.176722 0.181126 0.642151
9783 0.684007 0.195367 0.120625
10288 0.706123 0.106138 0.187739
10772 0.069503 0.730764 0.199733
11252 0.651360 0.150788 0.197852
11581 0.375211 0.545060 0.079729
11851 0.214577 0.352706 0.432717
11894 0.549741 0.416622 0.033636
9441 0.812909 0.167736 0.019355
11906 0.073114 0.453283 0.473603
10201 0.176413 0.116778 0.706809
11762 0.359321 0.281696 0.358983
10531 0.086608 0.554916 0.358476
10582 0.556474 0.152261 0.291265
10769 0.278746 0.316406 0.404848
9128 0.037583 0.098637 0.863780
9128 0.266691 0.157269 0.576041
11047 0.250504 0.106166 0.643330
11795 0.056407 0.224902 0.718691
11922 0.866335 0.129135 0.004529
9524 0.747997 0.055699 0.196304
9610 0.158118 0.367905 0.473978
11501 0.324820 0.232135 0.443045
10201 0.697454 0.047391 0.255154
11415 0.210156 0.411216 0.378628
11376 0.285623 0.522941 0.191436
11044 0.100322 0.793367 0.106312
9028 0.751167 0.091415 0.157418
10498 0.379517 0.039584 0.580899
11012 0.032614 0.391180 0.576206
11480 0.067793 0.220728 0.711479
11600 0.049639 0.471935 0.478425
9109 0.585999 0.158322 0.255679
9131 0.299613 0.169816 0.530571
11847 0.166319 0.544244 0.289437
9072 0.682984 0.268968 0.048048
9441 0.166838 0.726278 0.106883
9441 0.464955 0.498500 0.036545
9441 0.777826 0.002740 0.219434
9524 0.511970 0.251544 0.236486
9610 0.088150 0.099242 0.812608
9883 0.420627 0.089250 0.490123
10086 0.544809 0.377045 0.078146
10582 0.116093 0.285039 0.598868
11260 0.566489 0.226468 0.207043
10769 0.084235 0.151777 0.763988
10895 0.669079 0.159136 0.171785
9103 0.529021 0.289685 0.181295
11600 0.146022 0.807927 0.046051
9131 0.170486 0.657561 0.171953
11581 0.572164 0.225525 0.202311
9274 0.925024 0.072498 0.002478
9274 0.672914 0.163525 0.163561
9403 0.207506 0.674739 0.117755
9441 0.410263 0.345536 0.244200
9441 0.366104 0.250162 0.383734
11897 0.084779 0.570625 0.344596
11815 0.027580 0.918486 0.053934
10313 0.125442 0.448663 0.425895
10582 0.106152 0.692299 0.201549
11376 0.802057 0.174587 0.023356
10585 0.164054 0.772905 0.063041
11260 0.165800 0.826165 0.008034
10859 0.142450 0.652546 0.205004
10895 0.084932 0.312339 0.602730
9271 0.610040 0.153062 0.236898
9104 0.307207 0.459182 0.233611
10357 0.207791 0.386379 0.405831
10498 0.963180 0.032062 0.004759
9072 0.395300 0.370106 0.234594
9441 0.488561 0.053306 0.458133
10313 0.090428 0.215992 0.693580
10313 0.287080 0.235871 0.477050
11499 0.651793 0.260989 0.087218
10313 0.114545 0.880581 0.004874
11501 0.145705 0.737812 0.116483
11260 0.165999 0.387916 0.446085
11019 0.511696 0.471414 0.016890
9103 0.042501 0.216727 0.740772
9026 0.315955 0.404701 0.279344
9942 0.656807 0.047602 0.295591
9996 0.283846 0.024675 0.691479
10498 0.240917 0.722035 0.037049
8979 0.757673 0.181394 0.060933
10721 0.258463 0.358303 0.383234
9025 0.266640 0.083669 0.649691
9072 0.026428 0.870611 0.102961
11953 0.373368 0.445503 0.181129
11959 0.546528 0.241351 0.212121
9441 0.123705 0.255941 0.620353
11891 0.270510 0.597455 0.132035
9524 0.136469 0.312485 0.551047
11635 0.276144 0.364462 0.359394
10585 0.188295 0.560123 0.251582
11044 0.551603 0.201564 0.246833
11044 0.104892 0.117981 0.777127
11075 0.320298 0.610842 0.068860
11710 0.253169 0.310190 0.436640
11917 0.433101 0.298900 0.267999
9403 0.021630 0.428241 0.550129
9441 0.044306 0.498647 0.457047
11959 0.250342 0.338273 0.411385
9524 0.231664 0.757255 0.011080
9888 0.372652 0.535979 0.091369
10585 0.536726 0.300289 0.162986
11019 0.165570 0.266913 0.567517
10859 0.434062 0.554245 0.011693
9941 0.111413 0.871774 0.016813
10631 0.026576 0.423831 0.549593
11280 0.225637 0.398751 0.375612
9072 0.248842 0.071974 0.679184
11860 0.002639 0.417397 0.579964
9274 0.309311 0.543920 0.146769
11963 0.081335 0.831198 0.087467
9403 0.197267 0.241883 0.560851
11893 0.107593 0.329674 0.562733
11562 0.057159 0.133811 0.809030
11562 0.396543 0.422007 0.181450
11499 0.297723 0.584216 0.118060
10313 0.326129 0.571161 0.102710
10425 0.348050 0.572366 0.079584
11262 0.340261 0.522206 0.137533
11292 0.411362 0.215351 0.373286
10639 0.602879 0.193902 0.203219
11001 0.718640 0.140614 0.140746
9103 0.264920 0.560963 0.174117
9128 0.756968 0.154221 0.088811
10239 0.548776 0.391877 0.059346
10448 0.501059 0.472488 0.026453
9055 0.415863 0.392905 0.191231
9055 0.447247 0.124694 0.428058
9055 0.289713 0.001163 0.709124
9576 0.084419 0.726352 0.189228
9887 0.473549 0.344482 0.181969
10204 0.512293 0.296209 0.191499
10313 0.628786 0.177303 0.193911
11456 0.029612 0.189828 0.780559
10425 0.192245 0.415330 0.392425
11376 0.274170 0.118724 0.607106
11262 0.249662 0.057907 0.692431
4097 0.723018 0.034610 0.242373
4367 0.607890 0.391326 0.000785
4367 0.440223 0.465164 0.094612
4367 0.478663 0.193224 0.328113
9128 0.136093 0.670411 0.193496
9496 0.073859 0.022053 0.904088
9742 0.117583 0.643671 0.238746
10190 0.074120 0.891951 0.033929
8980 0.554420 0.171551 0.274028
10408 0.013869 0.842496 0.143636
10711 0.133740 0.577698 0.288562
10711 0.207276 0.107428 0.685296
9025 0.086054 0.782055 0.131891
11479 0.580966 0.062068 0.356967
11600 0.648901 0.026979 0.324120
11860 0.178039 0.779559 0.042402
11909 0.122987 0.353328 0.523685
11948 0.488346 0.309774 0.201880
9403 0.508344 0.100274 0.391382
9576 0.190241 0.296558 0.513201
11758 0.654606 0.111712 0.233682
9888 0.406058 0.002837 0.591105
10204 0.201235 0.276681 0.522085
10585 0.315711 0.119170 0.565119
11171 0.391030 0.177877 0.431093
4097 0.797671 0.116126 0.086203
4197 0.000000 0.666219 0.333781
4197 0.151083 0.491306 0.357611
4197 0.458722 0.306196 0.235082
4197 0.580454 0.135745 0.283801
4366 0.000000 0.195293 0.804707
4197 0.000000 0.566958 0.433042
4197 0.237417 0.254819 0.507763
4366 0.000000 0.313570 0.686430
4366 0.000000 0.708578 0.291422
4197 0.000000 0.329419 0.670581
4197 0.168460 0.130230 0.701310
4197 0.389151 0.040617 0.570232
4366 0.000000 0.720928 0.279072
4367 0.310739 0.166969 0.522292
9456 0.264076 0.660377 0.075546
11479 0.426935 0.407465 0.165600
11513 0.041981 0.321062 0.636957
9274 0.173709 0.373297 0.452994
11909 0.874608 0.046179 0.079213
11963 0.157981 0.000000 0.842019
11499 0.093207 0.053885 0.852908
11499 0.005133 0.400589 0.594278
10425 0.632756 0.111637 0.255607
10585 0.042168 0.177145 0.780687
10859 0.184105 0.159931 0.655964
11001 0.553280 0.394686 0.052034
11001 0.138837 0.157328 0.703834
4097 0.943698 0.056302 0.000000
4197 0.324927 0.535100 0.139973
3841 0.827366 0.092979 0.079654
4097 0.815466 0.000000 0.184534
4400 0.076945 0.821643 0.101411
4097 0.629131 0.006001 0.364868
4510 0.000000 0.534907 0.465093
4097 0.369168 0.468220 0.162612
4562 0.005388 0.994612 0.000000
4510 0.000000 0.568385 0.431615
4197 0.131638 0.000000 0.868362
4367 0.107365 0.706690 0.185945
4367 0.192632 0.487404 0.319965
4366 0.000000 1.000000 0.000000
9024 0.839591 0.118612 0.041798
9024 0.444963 0.355948 0.199090
9023 0.268898 0.244648 0.486454
9917 0.135673 0.227973 0.636355
9994 0.366946 0.102014 0.531040
11964 0.138094 0.183217 0.678689
9312 0.778492 0.100088 0.121420
11811 0.088750 0.351058 0.560192
11758 0.161013 0.663046 0.175941
9887 0.077500 0.591855 0.330645
11561 0.726110 0.116828 0.157062
10204 0.130371 0.590026 0.279603
11420 0.205042 0.002982 0.791976
10639 0.086621 0.214257 0.699122
11294 0.454216 0.415789 0.129995
3797 0.396590 0.000000 0.603410
3797 0.122329 0.000000 0.877671
3816 0.142615 0.010148 0.847238
4196 0.049644 0.575014 0.375343
4197 0.055340 0.819586 0.125074
4366 0.000000 0.353260 0.646740
4510 0.000000 0.135874 0.864126
3841 0.604400 0.162673 0.232927
3841 0.525997 0.000000 0.474003
4562 0.887118 0.093553 0.019329
4643 0.919056 0.000000 0.080944
4097 0.299967 0.197674 0.502359
4097 0.000000 0.238696 0.761304
4367 0.159171 0.133436 0.707392
4538 0.559758 0.440242 0.000000
9456 0.620688 0.354295 0.025018
10557 0.040194 0.216488 0.743317
11164 0.316152 0.322705 0.361142
9022 0.766897 0.107370 0.125733
9022 0.455258 0.081636 0.463106
9066 0.587443 0.369371 0.043186
9066 0.740981 0.115837 0.143182
9202 0.226094 0.487942 0.285963
9202 0.436937 0.485419 0.077645
9367 0.047059 0.585620 0.367322
11892 0.451213 0.001242 0.547545
9672 0.237994 0.661594 0.100412
11561 0.456486 0.446678 0.096836
11498 0.493194 0.359948 0.146858
10204 0.049073 0.165116 0.785811
10425 0.200641 0.142405 0.656954
11456 0.573728 0.392313 0.033959
11436 0.669260 0.328809 0.001931
10703 0.436139 0.549906 0.013954
11026 0.052205 0.416729 0.531066
3723 0.112407 0.476113 0.411480
3816 0.261695 0.202194 0.536111
3797 0.605542 0.000000 0.394458
3816 0.174656 0.400869 0.424475
3816 0.679834 0.036788 0.283379
3797 0.658363 0.000000 0.341637
3816 0.120481 0.701918 0.177601
4196 0.000000 0.147078 0.852922
3797 0.405855 0.143915 0.450230
3797 0.296965 0.082332 0.620703
4510 0.261542 0.545891 0.192567
4643 0.993183 0.000000 0.006817
4643 0.712860 0.000000 0.287140
3841 0.320390 0.182687 0.496923
4097 0.000000 0.613087 0.386913
4562 0.626379 0.000407 0.373214
4643 0.428259 0.407440 0.164302
4097 0.178186 0.000000 0.821814
4538 0.033194 0.812308 0.154498
4562 0.324893 0.376628 0.298479
4368 0.132735 0.823751 0.043514
4643 0.155284 0.725949 0.118768
9189 0.085673 0.671749 0.242578
9021 0.042098 0.309013 0.648889
9737 0.011102 0.501282 0.487616
10067 0.636241 0.041003 0.322757
10405 0.165551 0.741059 0.093390
8979 0.238719 0.450664 0.310618
11543 0.122440 0.788449 0.089111
11545 0.001697 0.297726 0.700577
9166 0.850444 0.047439 0.102117
11545 0.473508 0.056688 0.469804
9280 0.853036 0.061000 0.085964
9530 0.796247 0.035024 0.168729
11608 0.443927 0.376301 0.179772
9891 0.428004 0.094455 0.477541
11492 0.260846 0.539289 0.199866
11456 0.107298 0.448197 0.444505
11026 0.032873 0.835040 0.132087
3463 0.082013 0.074605 0.843382
3816 0.071091 0.860679 0.068230
4019 0.338633 0.261686 0.399682
3463 0.000000 0.028442 0.971558
3797 0.832929 0.000000 0.167071
4509 0.000000 0.180932 0.819068
4643 0.365308 0.000000 0.634692
4643 0.000000 0.476419 0.523581
4366 0.894662 0.105338 0.000000
4538 0.915176 0.084824 0.000000
4367 0.000000 0.416588 0.583412
10052 0.320769 0.200188 0.479043
8979 0.157291 0.757707 0.085002
10814 0.181586 0.682134 0.136279
11675 0.226466 0.426543 0.346992
9106 0.000000 0.797395 0.202605
11599 0.278652 0.098358 0.622990
11865 0.044106 0.780278 0.175617
11791 0.076199 0.234234 0.689567
11892 0.261179 0.578678 0.160143
9530 0.207999 0.330294 0.461707
11758 0.028028 0.296016 0.675957
11608 0.072369 0.625579 0.302052
9891 0.718158 0.167683 0.114159
10483 0.053854 0.743012 0.203134
10483 0.531881 0.370929 0.097190
10703 0.039403 0.812560 0.148037
11293 0.026012 0.427668 0.546319
10810 0.732747 0.219375 0.047877
11026 0.106912 0.112330 0.780758
3463 0.289624 0.288769 0.421607
3463 0.076796 0.337670 0.585534
3463 0.278718 0.000000 0.721282
4330 0.113414 0.696723 0.189863
3797 0.426208 0.291793 0.281999
4643 0.099601 0.000000 0.900399
4643 0.428128 0.079199 0.492672
3708 0.004789 0.027650 0.967561
4255 0.300731 0.303595 0.395674
4538 0.461479 0.021919 0.516602
10814 0.065109 0.240796 0.694095
11074 0.449942 0.322297 0.227761
8976 0.493816 0.334017 0.172167
11333 0.348654 0.244953 0.406393
11432 0.171706 0.120147 0.708148
9202 0.170632 0.231391 0.597976
11870 0.338500 0.564967 0.096533
11837 0.409837 0.119334 0.470828
9367 0.409478 0.247763 0.342759
9453 0.090505 0.520333 0.389162
11676 0.507496 0.089317 0.403188
10231 0.433626 0.412326 0.154048
10231 0.137381 0.344281 0.518338
11422 0.368623 0.134203 0.497175
11113 0.786257 0.020082 0.193661
11026 0.450397 0.302441 0.247162
3463 0.144832 0.651540 0.203628
3463 0.433275 0.530544 0.036181
3463 0.573522 0.112577 0.313901
3463 0.000000 0.483951 0.516049
3463 0.000000 0.295509 0.704491
4330 0.228243 0.248269 0.523488
4817 0.167532 0.000000 0.832468
3841 0.248198 0.507280 0.244521
4643 0.000000 0.157999 0.842001
4643 0.000000 0.974318 0.025682
4206 0.251851 0.652955 0.095193
4368 0.136892 0.346294 0.516814
4374 0.571313 0.183780 0.244907
9021 0.147481 0.430370 0.422149
9189 0.255270 0.210676 0.534055
9021 0.112871 0.676702 0.210427
9023 0.063098 0.518749 0.418153
8975 0.216851 0.652900 0.130249
10518 0.326920 0.166412 0.506667
8976 0.220570 0.605272 0.174159
9066 0.042467 0.745709 0.211824
11545 0.157735 0.669938 0.172327
11599 0.440119 0.481268 0.078613
11573 0.359784 0.373974 0.266242
9349 0.470503 0.520450 0.009047
9513 0.405657 0.307607 0.286736
11498 0.073087 0.153081 0.773832
11498 0.003669 0.444624 0.551707
11419 0.028665 0.964885 0.006450
10256 0.704107 0.278782 0.017110
11420 0.524971 0.309156 0.165873
10483 0.298175 0.495942 0.205883
10590 0.728780 0.027704 0.243517
11113 0.288567 0.535843 0.175590
3463 0.000000 0.787220 0.212780
3463 0.000000 0.774383 0.225617
4253 0.029412 0.869219 0.101368
3507 0.731093 0.129820 0.139087
4643 0.329386 0.000000 0.670614
4817 0.121548 0.000000 0.878452
3797 0.315480 0.646488 0.038033
4817 0.623764 0.000000 0.376236
4820 0.059945 0.545100 0.394955
3708 0.141939 0.165081 0.692980
4643 0.000000 0.701696 0.298304
4099 0.572231 0.393225 0.034544
9187 0.501418 0.493102 0.005480
9187 0.179641 0.671249 0.149110
9187 0.074329 0.523415 0.402257
9495 0.020673 0.433372 0.545955
8972 0.400732 0.364030 0.235238
10966 0.523846 0.160362 0.315793
11320 0.116174 0.697134 0.186692
11333 0.813781 0.019866 0.166353
11432 0.790933 0.111334 0.097733
9022 0.005137 0.665987 0.328876
11573 0.520502 0.184502 0.294996
11837 0.019049 0.514055 0.466896
9280 0.174053 0.396081 0.429866
9280 0.386656 0.012666 0.600678
9367 0.886952 0.059713 0.053335
11580 0.516454 0.292528 0.191017
10184 0.374370 0.215584 0.410046
10483 0.382517 0.260282 0.357201
11436 0.111977 0.372892 0.515131
10703 0.379224 0.188369 0.432407
10703 0.194979 0.040250 0.764771
10810 0.342769 0.298991 0.358240
3463 0.849220 0.081986 0.068794
3197 0.996400 0.003600 0.000000
3197 0.920559 0.079441 0.000000
3948 0.421096 0.349939 0.228964
3463 0.000000 0.984208 0.015792
4817 0.490837 0.000000 0.509163
3708 0.642794 0.029441 0.327765
4658 0.212665 0.604640 0.182696
4643 0.000000 0.376110 0.623890
4206 0.049311 0.403142 0.547547
4206 0.918481 0.012436 0.069083
9338 0.091664 0.407440 0.500896
9495 0.207882 0.014026 0.778092
10050 0.199115 0.106317 0.694568
8972 0.198658 0.070250 0.731092
11432 0.300187 0.508489 0.191324
9066 0.113680 0.218811 0.667509
11545 0.404300 0.424271 0.171429
11477 0.412490 0.341977 0.245533
11545 0.875488 0.073971 0.050541
11791 0.671247 0.297322 0.031431
9634 0.137539 0.663349 0.199112
9672 0.424353 0.075161 0.500486
9891 0.031269 0.041818 0.926913
9952 0.148505 0.381724 0.469771
11420 0.847288 0.072589 0.080122
11330 0.695005 0.068566 0.236429
10703 0.064400 0.351168 0.584432
3575 0.063744 0.838824 0.097432
3197 0.809016 0.190984 0.000000
3723 0.173431 0.091774 0.734795
3197 0.661260 0.041491 0.297250
3335 0.665434 0.196486 0.138079
4509 0.463839 0.021859 0.514301
3335 0.559386 0.132303 0.308311
4742 0.138939 0.000000 0.861061
3507 0.197579 0.345312 0.457109
4820 0.330578 0.556620 0.112802
3708 0.878053 0.060463 0.061484
4743 0.566967 0.000000 0.433033
3708 0.204808 0.309307 0.485885
4658 0.401122 0.391189 0.207689
4374 0.063551 0.137053 0.799396
9189 0.694299 0.217774 0.087927
9021 0.490089 0.255697 0.254214
9737 0.521717 0.180048 0.298235
8975 0.827309 0.136835 0.035856
8969 0.319531 0.244585 0.435884
10966 0.826224 0.138363 0.035413
11320 0.496821 0.205000 0.298178
9139 0.180070 0.013692 0.806238
11573 0.232675 0.765765 0.001560
11791 0.243917 0.660969 0.095114
11676 0.071862 0.023231 0.904908
9513 0.394260 0.601931 0.003808
11676 0.436096 0.493206 0.070698
11384 0.668642 0.161072 0.170286
11402 0.715765 0.225591 0.058644
10184 0.122539 0.547040 0.330421
10256 0.321963 0.213821 0.464216
10483 0.401275 0.041191 0.557533
10812 0.321466 0.384892 0.293642
11102 0.229121 0.758379 0.012500
11002 0.092338 0.104132 0.803531
11102 0.285256 0.326662 0.388082
3315 0.086732 0.328010 0.585259
3315 0.207796 0.314125 0.478079
3315 0.159826 0.099941 0.740233
3852 0.459959 0.192185 0.347856
4065 0.531590 0.372944 0.095466
4163 0.389331 0.048322 0.562347
4817 0.867443 0.000000 0.132557
3507 0.200147 0.587033 0.212820
4817 0.860027 0.000000 0.139973
4820 0.628280 0.109488 0.262233
3335 0.189692 0.149532 0.660776
4820 0.246550 0.186427 0.567023
4743 0.245175 0.642157 0.112667
4743 0.478398 0.159470 0.362132
3708 0.485729 0.250596 0.263675
3834 0.447035 0.245446 0.307519
4099 0.221055 0.627216 0.151729
8959 0.337453 0.176573 0.485974
8959 0.010924 0.637206 0.351870
10186 0.302871 0.426895 0.270234
9012 0.286195 0.140339 0.573466
11477 0.039869 0.489558 0.470573
11540 0.662219 0.272302 0.065479
9263 0.692126 0.122221 0.185654
9350 0.258023 0.418360 0.323617
11402 0.425644 0.353269 0.221087
10256 0.002300 0.729255 0.268445
11420 0.248692 0.662131 0.089177
10428 0.314274 0.299887 0.385840
10590 0.248320 0.730273 0.021408
11330 0.168725 0.376817 0.454458
10812 0.046177 0.304988 0.648835
11331 0.120682 0.404409 0.474909
11215 0.210483 0.724956 0.064561
3315 0.053704 0.540168 0.406128
4049 0.138627 0.016880 0.844493
3315 0.000000 0.433739 0.566261
3197 0.446218 0.421107 0.132675
4474 0.086931 0.542338 0.370731
4817 0.651361 0.019151 0.329488
3335 0.537221 0.313140 0.149639
3336 0.746033 0.136516 0.117452
3708 0.589978 0.376296 0.033727
3708 0.131673 0.588364 0.279963
4743 0.351894 0.344594 0.303512
4743 0.359105 0.000000 0.640895
4537 0.504651 0.137729 0.357620
3834 0.327499 0.536183 0.136317
4479 0.143431 0.678766 0.177803
4178 0.981130 0.003403 0.015467
4206 0.536591 0.141433 0.321976
9187 0.435463 0.343159 0.221378
9495 0.637461 0.108515 0.254024
8956 0.037642 0.669536 0.292822
10518 0.151707 0.745784 0.102509
10764 0.820518 0.163671 0.015811
8929 0.240816 0.489361 0.269824
8964 0.427284 0.288428 0.284288
11130 0.965736 0.012554 0.021710
11426 0.278528 0.213591 0.507881
11461 0.176693 0.389566 0.433742
11540 0.091357 0.488381 0.420262
9160 0.232735 0.068418 0.698847
11540 0.455365 0.402695 0.141940
11749 0.035549 0.217727 0.746724
9350 0.716562 0.049418 0.234020
9455 0.142572 0.435119 0.422309
11507 0.125055 0.690331 0.184614
10812 0.849380 0.063499 0.087120
11335 0.555781 0.351203 0.093017
3315 0.322552 0.485123 0.192326
3315 0.216049 0.606390 0.177561
3315 0.489936 0.040937 0.469126
3575 0.303389 0.381866 0.314745
3197 0.272090 0.727910 0.000000
4163 0.353929 0.448589 0.197482
3335 0.377422 0.611547 0.011031
4817 0.976261 0.023739 0.000000
4864 0.182169 0.817831 0.000000
3335 0.215547 0.449398 0.335054
3336 0.568620 0.322979 0.108401
4820 0.716011 0.000000 0.283989
4743 0.270679 0.159228 0.570093
4541 0.595007 0.097160 0.307833
3834 0.136452 0.241524 0.622024
4099 0.069579 0.795760 0.134661
9187 0.686970 0.059326 0.253704
9187 0.337063 0.199473 0.463463
9187 0.640596 0.257863 0.101541
9187 0.798096 0.109239 0.092665
10011 0.026528 0.840161 0.133311
10257 0.247571 0.739135 0.013294
11160 0.760694 0.100749 0.138557
11130 0.021241 0.386275 0.592484
9010 0.378012 0.306511 0.315477
9035 0.673848 0.283029 0.043124
9035 0.794171 0.061419 0.144410
11509 0.328078 0.624353 0.047569
11509 0.731174 0.004950 0.263876
9334 0.112382 0.462906 0.424713
11749 0.255882 0.429198 0.314920
9436 0.652638 0.258243 0.089120
9455 0.742485 0.148961 0.108555
11580 0.079302 0.112525 0.808172
11384 0.320992 0.171680 0.507328
9855 0.788465 0.036723 0.174812
10259 0.758189 0.087688 0.154123
10428 0.019100 0.249371 0.731530
10590 0.158236 0.125421 0.716343
11443 0.101990 0.036067 0.861943
11215 0.083145 0.397847 0.519008
3315 0.060238 0.753374 0.186388
4600 0.132137 0.608149 0.259714
4742 0.244162 0.362761 0.393077
3336 0.263399 0.559847 0.176754
4817 1.000000 0.000000 0.000000
4864 0.196026 0.803974 0.000000
3439 0.537344 0.161174 0.301481
4820 0.178054 0.089923 0.732023
4820 0.255444 0.069028 0.675529
3708 0.248881 0.592733 0.158386
4749 0.331836 0.634277 0.033887
4479 0.394762 0.363127 0.242111
4178 0.765358 0.069787 0.164855
9495 0.445840 0.490221 0.063939
8937 0.068529 0.931471 0.000000
10733 0.491325 0.120535 0.388140
10957 0.307773 0.320352 0.371875
10957 0.628686 0.055752 0.315562
11241 0.586580 0.044554 0.368867
11477 0.069516 0.864303 0.066181
11541 0.732456 0.024235 0.243309
9349 0.199400 0.314301 0.486300
11598 0.113570 0.288501 0.597928
11401 0.343086 0.328011 0.328902
9855 0.295870 0.099093 0.605037
11421 0.540009 0.450448 0.009544
11421 0.413587 0.115634 0.470779
10590 0.009042 0.520589 0.470369
10986 0.293741 0.457306 0.248953
11102 0.569753 0.046467 0.383780
3183 0.349878 0.091440 0.558683
3183 0.490975 0.050515 0.458510
3315 0.589778 0.349856 0.060366
3575 0.696085 0.021109 0.282806
3183 0.173938 0.134339 0.691723
3601 0.415483 0.027190 0.557326
4004 0.104139 0.388235 0.507626
4900 0.488580 0.005187 0.506233
4864 0.457075 0.542925 0.000000
3708 0.093619 0.751156 0.155225
3834 0.148745 0.673693 0.177562
3834 0.122958 0.544764 0.332278
4591 0.742030 0.121239 0.136732
4178 0.113941 0.830625 0.055434
4376 0.139511 0.536866 0.323623
9220 0.028597 0.515414 0.455988
9220 0.232019 0.728292 0.039689
9495 0.070168 0.794353 0.135479
9475 0.114358 0.088106 0.797536
8956 0.364912 0.315376 0.319712
9837 0.115311 0.216214 0.668475
8929 0.757826 0.183331 0.058844
10254 0.688822 0.174911 0.136267
10515 0.182271 0.139961 0.677768
11130 0.219987 0.602559 0.177454
11130 0.447521 0.229996 0.322483
9035 0.168079 0.751259 0.080663
11111 0.021923 0.401241 0.576836
9035 0.437088 0.436352 0.126560
11241 0.137485 0.270241 0.592274
9160 0.267384 0.657128 0.075488
11379 0.094530 0.269770 0.635700
11541 0.245534 0.112018 0.642448
9436 0.532613 0.058065 0.409321
9429 0.278553 0.636589 0.084857
11598 0.471041 0.261596 0.267364
9673 0.264050 0.450777 0.285172
9674 0.570843 0.195965 0.233193
9936 0.435061 0.187562 0.377377
10018 0.403730 0.261173 0.335097
10238 0.144821 0.396101 0.459077
10259 0.083254 0.580276 0.336470
10380 0.042163 0.594059 0.363778
11443 0.343288 0.314244 0.342468
10811 0.047489 0.886324 0.066187
10811 0.486480 0.480935 0.032584
10989 0.021262 0.610052 0.368686
11215 0.483487 0.438046 0.078467
11215 0.419936 0.158218 0.421847
