93111 0.248843 0.466489 0.284668
94601 0.730578 0.013151 0.256271
94763 0.227203 0.727646 0.045150
93970 0.529561 0.142644 0.327795
96788 0.615852 0.081286 0.302862
92703 0.618153 0.181496 0.200350
94452 0.181383 0.438238 0.380378
96648 0.182925 0.360700 0.456375
94142 0.134347 0.701377 0.164276
93658 0.073441 0.250747 0.675811
95926 0.175363 0.662195 0.162442
94119 0.598201 0.345068 0.056732
96350 0.532741 0.338497 0.128762
93109 0.384141 0.278745 0.337114
92320 0.317254 0.356507 0.326238
96341 0.253115 0.506477 0.240407
95920 0.668292 0.188545 0.143164
93814 0.405605 0.123538 0.470857
91738 0.075149 0.763708 0.161143
96920 0.338683 0.335478 0.325839
92127 0.235968 0.371305 0.392727
95757 0.039955 0.370669 0.589375
92131 0.224874 0.298317 0.476809
96911 0.051407 0.220149 0.728444
96327 0.056104 0.718248 0.225649
93286 0.411306 0.424985 0.163709
91330 0.661314 0.025423 0.313263
95640 0.331206 0.384325 0.284469
94921 0.199771 0.615089 0.185141
92284 0.000000 0.606251 0.393749
90216 0.108275 0.187372 0.704353
92498 0.156027 0.716219 0.127754
93103 0.276201 0.417269 0.306530
94079 0.100407 0.128108 0.771485
94869 0.398268 0.459250 0.142482
93075 0.526491 0.227600 0.245909
97042 0.105633 0.616781 0.277586
95450 0.718228 0.271266 0.010507
92674 0.286350 0.341170 0.372480
90185 0.141215 0.233614 0.625171
92324 0.260150 0.600791 0.139059
96642 0.436539 0.510165 0.053296
89414 0.304436 0.088533 0.607031
89631 0.483227 0.131348 0.385426
96029 0.330175 0.430470 0.239355
91140 0.079806 0.186394 0.733800
92464 0.390791 0.042998 0.566212
88968 0.423918 0.146630 0.429452
90187 0.111748 0.873367 0.014885
93251 0.388390 0.545581 0.066028
95012 0.473554 0.243320 0.283126
92461 0.023474 0.249701 0.726825
96187 0.333418 0.465214 0.201368
93925 0.262627 0.020617 0.716756
88720 0.222674 0.610120 0.167206
89616 0.184460 0.526380 0.289160
90545 0.332733 0.128479 0.538788
91152 0.849362 0.122094 0.028544
90394 0.181213 0.087776 0.731011
95205 0.254471 0.680548 0.064981
91137 0.341203 0.075147 0.583650
89187 0.250975 0.171077 0.577948
96923 0.365658 0.018413 0.615929
89603 0.230623 0.417765 0.351612
88113 0.791541 0.182000 0.026460
94430 0.090738 0.477812 0.431450
95598 0.115554 0.607365 0.277081
96329 0.232219 0.255970 0.511811
88514 0.226555 0.059851 0.713594
89612 0.430440 0.295806 0.273755
91731 0.468058 0.064863 0.467079
88767 0.400509 0.033180 0.566311
87459 0.018840 0.136877 0.844283
87215 0.149662 0.462069 0.388269
94707 0.113804 0.744322 0.141874
88316 0.416638 0.309712 0.273650
87911 0.476498 0.280381 0.243120
86554 0.385759 0.042027 0.572214
95343 0.355075 0.525967 0.118958
89195 0.439588 0.369946 0.190466
91110 0.019871 0.567547 0.412582
93245 0.846975 0.001927 0.151098
96314 0.232518 0.684471 0.083011
91874 0.731626 0.261935 0.006439
93647 0.228123 0.254777 0.517099
88099 0.119896 0.721500 0.158604
95333 0.879565 0.033764 0.086671
89590 0.012905 0.057524 0.929571
87689 0.455193 0.066878 0.477929
86559 0.594554 0.074949 0.330497
88104 0.609165 0.140844 0.249991
88725 0.373751 0.476584 0.149666
90000 0.803688 0.143167 0.053144
93244 0.160584 0.009503 0.829913
88101 0.198698 0.553042 0.248260
87880 0.549568 0.147643 0.302790
95751 0.391109 0.453627 0.155265
90527 0.842406 0.082154 0.075440
84809 0.238890 0.655646 0.105464
95892 0.349356 0.403485 0.247159
96592 0.462097 0.139818 0.398085
85735 0.773190 0.158277 0.068533
96319 0.001163 0.299996 0.698842
89134 0.335314 0.333600 0.331086
86559 0.075316 0.802575 0.122109
92693 0.682513 0.212053 0.105435
84747 0.178639 0.109232 0.712130
86504 0.381356 0.115332 0.503313
88075 0.270757 0.594705 0.134538
85435 0.592721 0.044056 0.363222
92075 0.104967 0.335343 0.559690
87224 0.022138 0.319244 0.658618
85674 0.043469 0.523099 0.433433
89412 0.212676 0.588092 0.199231
93921 0.218469 0.507724 0.273807
87422 0.079763 0.012755 0.907482
95741 0.625403 0.369872 0.004725
89948 0.274527 0.576375 0.149097
84445 0.178183 0.224010 0.597807
84806 0.103957 0.733934 0.162109
88119 0.116438 0.101046 0.782516
84496 0.548559 0.406466 0.044975
86786 0.270622 0.669539 0.059839
87696 0.244400 0.631222 0.124378
84219 0.056845 0.021383 0.921772
90764 0.470503 0.117736 0.411760
93242 0.110173 0.258431 0.631396
89993 0.417966 0.400242 0.181792
88487 0.285627 0.690793 0.023579
85978 0.054489 0.782922 0.162589
85458 0.498918 0.150322 0.350759
86752 0.285952 0.541132 0.172917
92507 0.276355 0.050197 0.673448
83867 0.662875 0.087031 0.250094
84170 0.109208 0.344918 0.545874
91098 0.455712 0.149389 0.394899
84223 0.608489 0.383664 0.007847
82929 0.054193 0.806416 0.139391
87700 0.180539 0.568945 0.250516
84215 0.599397 0.175452 0.225151
90716 0.213629 0.000000 0.786371
86999 0.063082 0.451197 0.485720
91866 0.413170 0.290636 0.296194
90716 0.011747 0.819049 0.169204
82929 0.439215 0.302071 0.258714
94998 0.722839 0.145029 0.132132
91139 0.477058 0.356331 0.166612
79565 0.199276 0.355189 0.445535
85688 0.117203 0.843759 0.039038
91860 0.191921 0.493832 0.314247
83230 0.194899 0.478227 0.326874
94211 0.716073 0.028302 0.255624
89365 0.047043 0.952957 0.000000
90925 0.244970 0.479505 0.275526
86793 0.009083 0.361918 0.628999
86010 0.372574 0.475512 0.151914
82569 0.098733 0.684938 0.216329
86269 0.153071 0.029339 0.817590
95293 0.089967 0.619893 0.290140
95180 0.728589 0.005206 0.266205
94885 0.790415 0.174792 0.034793
83277 0.451552 0.104708 0.443740
92847 0.050735 0.832880 0.116386
83561 0.751975 0.116531 0.131494
91277 0.059626 0.509155 0.431219
85670 0.319127 0.301048 0.379825
86283 0.702800 0.006612 0.290588
78335 0.353806 0.360001 0.286192
88068 0.412272 0.587728 0.000000
93632 0.197296 0.184748 0.617956
83529 0.876827 0.057720 0.065453
93797 0.556371 0.102398 0.341231
90968 0.328259 0.479222 0.192519
91457 0.748264 0.034204 0.217532
80964 0.400561 0.084030 0.515409
83228 0.203333 0.423675 0.372992
82920 0.564863 0.137405 0.297731
81346 0.144586 0.639783 0.215631
86020 0.085071 0.065429 0.849500
87456 0.245975 0.118482 0.635543
85367 0.000000 0.245456 0.754544
93237 0.142621 0.483669 0.373710
81818 0.592199 0.188354 0.219447
83570 0.442072 0.113911 0.444017
91098 0.514676 0.382591 0.102733
85124 0.134880 0.666954 0.198165
91102 0.206675 0.576295 0.217030
85703 0.759981 0.020056 0.219963
89617 0.453971 0.251456 0.294574
81383 0.134711 0.392064 0.473226
90931 0.130215 0.460409 0.409376
89377 0.000000 0.602675 0.397325
91915 0.067866 0.353488 0.578646
80967 0.262702 0.055196 0.682102
81019 0.420224 0.290810 0.288967
91318 0.618330 0.143241 0.238429
80609 0.138418 0.513579 0.348003
82917 0.045850 0.224590 0.729561
92254 0.000297 0.912410 0.087293
91917 0.480939 0.447296 0.071765
83247 0.218092 0.781908 0.000000
82152 0.610868 0.196071 0.193062
89142 0.295962 0.456660 0.247378
84487 0.623174 0.221925 0.154902
81020 0.047666 0.652026 0.300308
85674 0.273637 0.366241 0.360122
87650 0.266448 0.008806 0.724746
84788 0.179105 0.333585 0.487309
85053 0.563082 0.261504 0.175413
83268 0.001869 0.680441 0.317689
82133 0.000000 0.153812 0.846188
82887 0.262873 0.676311 0.060815
85403 0.307066 0.456918 0.236016
76377 0.620108 0.272677 0.107214
90705 0.698333 0.161367 0.140301
75096 0.065545 0.346267 0.588188
78916 0.502697 0.017790 0.479513
89950 0.036840 0.481054 0.482106
91264 0.214345 0.293662 0.491994
83550 0.130085 0.638616 0.231299
81370 0.085738 0.691717 0.222544
92446 0.108888 0.471796 0.419315
85445 0.270457 0.585211 0.144332
88952 0.262877 0.546355 0.190768
77844 0.140181 0.118128 0.741691
81013 0.399882 0.468030 0.132088
78913 0.372789 0.596132 0.031079
82906 0.046752 0.299643 0.653605
83544 0.383170 0.201049 0.415781
93794 0.237849 0.349584 0.412567
81011 0.027956 0.221614 0.750430
87005 0.951404 0.038750 0.009846
76869 0.372157 0.491098 0.136745
85042 0.370652 0.122760 0.506589
90917 0.551102 0.040063 0.408835
84205 0.730097 0.171752 0.098151
78334 0.020938 0.013121 0.965941
85107 0.474727 0.117019 0.408253
89792 0.222282 0.200003 0.577715
77880 0.263200 0.039560 0.697241
85441 0.705126 0.139594 0.155280
84232 0.179542 0.040399 0.780060
87387 0.584618 0.078090 0.337292
87008 0.658247 0.196182 0.145571
94062 0.989299 0.010701 0.000000
93260 0.856929 0.107318 0.035753
76425 0.080919 0.258201 0.660880
74319 0.417440 0.375054 0.207506
82158 0.670630 0.319766 0.009603
92679 0.399222 0.545953 0.054825
77342 0.661706 0.338294 0.000000
84473 0.335729 0.324237 0.340034
82909 0.392911 0.389347 0.217742
88267 0.339150 0.355399 0.305451
82912 0.135988 0.486001 0.378012
86552 0.253860 0.391068 0.355072
81396 0.042905 0.239470 0.717625
82130 0.114333 0.471323 0.414344
79593 0.689149 0.190440 0.120411
86542 0.756675 0.019996 0.223329
92492 0.637289 0.012812 0.349899
90181 0.682785 0.308863 0.008352
85666 0.338554 0.336010 0.325437
81801 0.095301 0.782422 0.122277
85732 0.538559 0.026730 0.434711
89123 0.812549 0.116359 0.071092
83266 0.566663 0.338681 0.094656
76886 0.070837 0.298939 0.630224
84486 0.470604 0.239945 0.289451
90559 0.740071 0.259929 0.000000
81336 0.077872 0.342450 0.579678
75980 0.036696 0.349075 0.614229
85431 0.087248 0.188985 0.723767
78912 0.625035 0.176619 0.198346
84225 0.141918 0.149352 0.708729
82185 0.895474 0.031882 0.072644
91503 0.653620 0.120905 0.225474
91504 0.311879 0.219278 0.468843
86545 0.482645 0.482996 0.034359
90748 0.090887 0.883328 0.025785
86008 0.248693 0.135991 0.615316
87907 0.491144 0.100487 0.408369
87674 0.247316 0.478621 0.274063
86277 0.819943 0.014297 0.165760
87209 0.059528 0.245043 0.695429
82916 0.320295 0.203172 0.476533
81358 0.326589 0.193160 0.480251
76423 0.385182 0.564343 0.050475
75530 0.820943 0.030887 0.148169
85429 0.636971 0.032546 0.330483
88522 0.068806 0.087058 0.844136
86790 0.043834 0.024045 0.932122
86537 0.045782 0.878348 0.075869
81002 0.175221 0.157403 0.667376
92861 0.526756 0.000000 0.473244
82509 0.441946 0.187724 0.370330
77876 0.514838 0.299530 0.185632
83253 0.353371 0.023110 0.623519
83566 0.624540 0.089717 0.285743
87156 0.187501 0.630076 0.182423
91908 0.560411 0.194903 0.244686
92283 0.071722 0.141265 0.787013
77834 0.591971 0.069435 0.338594
91125 0.710017 0.076054 0.213930
82921 0.183726 0.176079 0.640195
87907 0.054187 0.715671 0.230143
89932 0.695621 0.280786 0.023593
73530 0.511960 0.443034 0.045006
75519 0.076069 0.284536 0.639395
76016 0.302398 0.445546 0.252056
91086 0.477242 0.320180 0.202578
86533 0.022679 0.777867 0.199454
85115 0.721941 0.274932 0.003126
85125 0.215338 0.180096 0.604566
88303 0.577334 0.276121 0.146545
77828 0.123635 0.235527 0.640837
78902 0.380612 0.572736 0.046651
71306 0.171291 0.527098 0.301611
79579 0.009272 0.510295 0.480432
88471 0.686002 0.135438 0.178560
76419 0.624429 0.372592 0.002979
72409 0.391907 0.601736 0.006357
80551 0.310085 0.252972 0.436944
84132 0.458924 0.029723 0.511353
80184 0.147584 0.077076 0.775340
75138 0.504665 0.167442 0.327892
78360 0.286525 0.006377 0.707099
85656 0.222906 0.619262 0.157832
91673 0.171544 0.586349 0.242107
92841 0.359829 0.490740 0.149431
71319 0.073806 0.595824 0.330370
86266 0.155957 0.754187 0.089855
88300 0.271331 0.576037 0.152632
75562 0.444728 0.534646 0.020626
75998 0.577939 0.252110 0.169951
82180 0.057102 0.788208 0.154690
77312 0.384948 0.216281 0.398771
82564 0.043219 0.127541 0.829240
90702 0.295932 0.681101 0.022967
84800 0.538192 0.194290 0.267519
85139 0.033366 0.320794 0.645840
89788 0.303595 0.183984 0.512421
89329 0.152797 0.444720 0.402483
90133 0.391377 0.106793 0.501830
75521 0.036539 0.001688 0.961773
75557 0.029474 0.675442 0.295084
87381 0.290743 0.513128 0.196129
88734 0.353760 0.119107 0.527133
73120 0.247416 0.365522 0.387062
83844 0.384864 0.500713 0.114423
85980 0.685742 0.163082 0.151176
80181 0.058510 0.788089 0.153401
78311 0.990546 0.000000 0.009454
79553 0.149363 0.804954 0.045683
90512 0.071774 0.217761 0.710465
76417 0.495922 0.099820 0.404258
77358 0.414996 0.423314 0.161690
72440 0.024450 0.331024 0.644526
69336 0.414119 0.559893 0.025988
88889 0.071662 0.302973 0.625365
75115 0.160514 0.839486 0.000000
74311 0.308190 0.320594 0.371216
81319 0.266773 0.078735 0.654492
73521 0.937293 0.008408 0.054300
85026 0.843884 0.010390 0.145726
77353 0.244385 0.293787 0.461829
71327 0.024708 0.617551 0.357741
82568 0.184761 0.545313 0.269925
71665 0.603467 0.269641 0.126892
90736 0.729051 0.059416 0.211534
92644 0.000000 0.009699 0.990301
77308 0.770998 0.017889 0.211113
83270 0.148395 0.301798 0.549807
88087 0.259427 0.284366 0.456207
88090 0.292587 0.220939 0.486475
80164 0.079470 0.362171 0.558359
81821 0.773758 0.126598 0.099644
90134 0.091018 0.092219 0.816763
82565 0.550359 0.064563 0.385079
70294 0.325865 0.196947 0.477187
83273 0.533260 0.129844 0.336896
73158 0.238867 0.532456 0.228676
72037 0.840037 0.159963 0.000000
91120 0.597680 0.268248 0.134072
76843 0.046795 0.143781 0.809425
82565 0.309720 0.287752 0.402528
90138 0.191866 0.654475 0.153659
75509 0.636805 0.257412 0.105782
87140 0.896900 0.069836 0.033264
88033 0.070545 0.646490 0.282964
72804 0.644272 0.178877 0.176851
90730 0.437639 0.055825 0.506536
92448 0.822957 0.169531 0.007512
81354 0.031823 0.237873 0.730304
89605 0.466818 0.489257 0.043925
85386 0.108130 0.439856 0.452014
83805 0.124738 0.390657 0.484604
77887 0.272776 0.566605 0.160619
80548 0.285445 0.071962 0.642593
85649 0.372585 0.519321 0.108094
76892 0.633541 0.251268 0.115191
76892 0.226359 0.260613 0.513029
76417 0.019540 0.076379 0.904081
73150 0.521621 0.376333 0.102046
81811 0.429196 0.469885 0.100918
77355 0.405358 0.320063 0.274579
74694 0.657371 0.260076 0.082553
78345 0.544113 0.350773 0.105114
91453 0.419949 0.027043 0.553008
77370 0.693599 0.152706 0.153696
71302 0.199356 0.715495 0.085149
88665 0.770092 0.076020 0.153888
74640 0.016116 0.077010 0.906874
73127 0.348967 0.504466 0.146568
77355 0.034121 0.102626 0.863254
74686 0.014154 0.636175 0.349671
82164 0.000000 0.423010 0.576990
69334 0.001400 0.820364 0.178236
73520 0.568468 0.128153 0.303380
75105 0.054656 0.342589 0.602755
75575 0.014690 0.708668 0.276642
69334 0.177768 0.026926 0.795307
69634 0.171654 0.375635 0.452711
90706 0.292758 0.194645 0.512597
72760 0.085459 0.103852 0.810690
77303 0.244408 0.189047 0.566545
67800 0.141892 0.189743 0.668365
70331 0.394437 0.605563 0.000000
68391 0.228688 0.038406 0.732907
90375 0.256850 0.229883 0.513267
90155 0.069373 0.501558 0.429070
90541 0.397919 0.124799 0.477282
81316 0.320594 0.286626 0.392781
88664 0.026903 0.731765 0.241332
69617 0.452528 0.525735 0.021737
82114 0.896746 0.076745 0.026509
75554 0.032352 0.140496 0.827151
89089 0.571019 0.144987 0.283995
81005 0.014713 0.302177 0.683110
67526 0.058866 0.806999 0.134135
80611 0.541461 0.197817 0.260722
68404 0.233243 0.185833 0.580924
88678 0.201934 0.128140 0.669926
84178 0.310309 0.605329 0.084362
75497 0.676858 0.123216 0.199926
66680 0.050289 0.612796 0.336915
72797 0.752056 0.023686 0.224258
80171 0.542668 0.088732 0.368600
66674 0.231009 0.710401 0.058591
80972 0.261884 0.174119 0.563997
89149 0.386977 0.086382 0.526642
66677 0.386335 0.584377 0.029288
72032 0.170602 0.180991 0.648407
65863 0.160590 0.601755 0.237655
89376 0.251202 0.632327 0.116471
73969 0.743531 0.029506 0.226963
75130 0.571455 0.103236 0.325308
68984 0.337144 0.574529 0.088327
77813 0.180431 0.059385 0.760184
69945 0.035673 0.964327 0.000000
73165 0.581254 0.401045 0.017701
69931 0.525086 0.290722 0.184192
66404 0.741654 0.146798 0.111548
86193 0.046639 0.868173 0.085188
85678 0.052083 0.381821 0.566096
88029 0.061099 0.507061 0.431840
70278 0.352395 0.270978 0.376628
72385 0.638630 0.182414 0.178956
89133 0.045895 0.870804 0.083301
76863 0.121151 0.664381 0.214469
70978 0.039435 0.294528 0.666038
72813 0.158810 0.835636 0.005554
76824 0.002198 0.777720 0.220082
79598 0.211960 0.100500 0.687541
73506 0.341138 0.583772 0.075091
74346 0.213297 0.346143 0.440560
70639 0.559776 0.194376 0.245849
68098 0.248827 0.433724 0.317449
70635 0.398715 0.153774 0.447511
83790 0.734615 0.036803 0.228583
76895 0.815796 0.008280 0.175923
86745 0.025494 0.153916 0.820590
68089 0.074130 0.248469 0.677401
84161 0.084037 0.621539 0.294424
68083 0.804190 0.023019 0.172791
72061 0.441713 0.499306 0.058981
68981 0.419304 0.533769 0.046927
73144 0.482700 0.023036 0.494264
82105 0.214559 0.225527 0.559914
70932 0.560002 0.357207 0.082791
65339 0.422194 0.440845 0.136962
75555 0.148759 0.205474 0.645767
69001 0.250516 0.178536 0.570948
84120 0.136966 0.654455 0.208579
83829 0.103193 0.800654 0.096153
88040 0.295199 0.535764 0.169037
86229 0.482086 0.137194 0.380719
74297 0.155811 0.658301 0.185888
63925 0.375919 0.427600 0.196480
69650 0.188685 0.290909 0.520406
73532 0.830507 0.089051 0.080442
63931 0.100791 0.472735 0.426475
88270 0.180084 0.679146 0.140770
70275 0.039620 0.167322 0.793058
75140 0.419737 0.049621 0.530642
75566 0.028269 0.511856 0.459875
68723 0.352170 0.636252 0.011578
65605 0.260318 0.097869 0.641812
69375 0.053341 0.770231 0.176428
87627 0.000000 0.819674 0.180326
66673 0.060111 0.626900 0.312989
70332 0.068168 0.224001 0.707831
86706 0.137233 0.295094 0.567673
75066 0.913268 0.000000 0.086732
69372 0.153533 0.676903 0.169564
76821 0.282088 0.412480 0.305432
73563 0.769493 0.219386 0.011122
70927 0.501605 0.479092 0.019303
64160 0.636895 0.221593 0.141512
72754 0.054976 0.233627 0.711396
80928 0.272959 0.016353 0.710688
86207 0.043796 0.280156 0.676048
74658 0.597732 0.078661 0.323607
69046 0.354838 0.610813 0.034350
62960 0.583451 0.056579 0.359971
65129 0.416317 0.279745 0.303938
62264 0.390220 0.190782 0.418998
86737 0.084071 0.717399 0.198530
67825 0.107325 0.044815 0.847860
66130 0.146242 0.607662 0.246096
73888 0.777261 0.214081 0.008658
72437 0.003690 0.970037 0.026273
64162 0.065962 0.180071 0.753967
82860 0.051889 0.855993 0.092118
86719 0.613906 0.355439 0.030655
70269 0.593118 0.363448 0.043434
83197 0.200578 0.380338 0.419083
65850 0.152020 0.442411 0.405569
69939 0.354476 0.583275 0.062249
68433 0.460145 0.414461 0.125394
70988 0.112157 0.219120 0.668723
68081 0.227658 0.216695 0.555647
71688 0.636015 0.163627 0.200358
69985 0.054913 0.608399 0.336688
63924 0.162142 0.808252 0.029606
61777 0.038825 0.779742 0.181434
79532 0.080678 0.032469 0.886853
85662 0.314405 0.421709 0.263886
86932 0.428269 0.102389 0.469342
71310 0.508870 0.372952 0.118177
85914 0.377358 0.011401 0.611241
68074 0.557333 0.406544 0.036123
66118 0.070308 0.018300 0.911392
62959 0.011340 0.846176 0.142484
62015 0.047905 0.059556 0.892540
80090 0.676143 0.104527 0.219330
65852 0.194260 0.218388 0.587353
84722 0.413328 0.310408 0.276264
76811 0.589551 0.100985 0.309464
82827 0.311674 0.458068 0.230258
69050 0.192658 0.434891 0.372451
84998 0.046667 0.036068 0.917266
62021 0.453910 0.280196 0.265894
65334 0.407122 0.543293 0.049585
84429 0.068398 0.589346 0.342256
65602 0.281189 0.425838 0.292972
87143 0.428304 0.460381 0.111315
77832 0.432374 0.044206 0.523420
70638 0.127813 0.679020 0.193167
63238 0.348269 0.194992 0.456739
69046 0.882048 0.032650 0.085303
80559 0.083789 0.368917 0.547294
83808 0.526931 0.453806 0.019263
83491 0.278859 0.341090 0.380051
66664 0.777392 0.068078 0.154530
70269 0.122135 0.041908 0.835958
67244 0.331676 0.185186 0.483138
83774 0.133206 0.190340 0.676454
73489 0.173674 0.500985 0.325341
85005 0.159929 0.567933 0.272139
84107 0.513094 0.148063 0.338842
71637 0.108429 0.598999 0.292573
75049 0.030257 0.353290 0.616453
70982 0.462549 0.418032 0.119419
83802 0.110266 0.117168 0.772566
62019 0.021205 0.964332 0.014463
73082 0.328620 0.519020 0.152360
68377 0.093118 0.428726 0.478157
83779 0.108907 0.537776 0.353317
79519 0.280144 0.371210 0.348646
78891 0.665743 0.107757 0.226500
61778 0.226574 0.171019 0.602407
63469 0.111645 0.232256 0.656099
80149 0.475096 0.408372 0.116533
80991 0.069929 0.470058 0.460013
84404 0.409626 0.354962 0.235412
67777 0.239079 0.223836 0.537085
62742 0.486027 0.320855 0.193119
66939 0.170543 0.349548 0.479910
76340 0.103385 0.601424 0.295192
70333 0.117182 0.235797 0.647021
68420 0.135750 0.641628 0.222622
64400 0.105878 0.417991 0.476131
70643 0.496009 0.213815 0.290177
64417 0.061048 0.224681 0.714271
69031 0.547063 0.219331 0.233606
79514 0.140763 0.018376 0.840860
70926 0.437952 0.058692 0.503357
69038 0.025884 0.400820 0.573296
63934 0.845838 0.056937 0.097225
69356 0.105790 0.869465 0.024745
66123 0.691529 0.047944 0.260527
82899 0.186910 0.487488 0.325602
58801 0.831674 0.101535 0.066791
63938 0.371660 0.199508 0.428832
66964 0.395643 0.416256 0.188101
61040 0.485145 0.295331 0.219524
74277 0.338727 0.024951 0.636322
63232 0.419252 0.135113 0.445635
77275 0.120804 0.817564 0.061632
79511 0.519677 0.283330 0.196993
81289 0.211269 0.240702 0.548029
85081 0.691795 0.197663 0.110542
82899 0.661693 0.237420 0.100887
82112 0.046188 0.924787 0.029025
83488 0.329573 0.079145 0.591282
83775 0.103341 0.081572 0.815087
67542 0.120988 0.721452 0.157559
61553 0.324851 0.465962 0.209187
76331 0.406698 0.122910 0.470393
65350 0.156712 0.079323 0.763965
64632 0.030072 0.715305 0.254623
59578 0.250535 0.101272 0.648193
68727 0.557488 0.189521 0.252991
62734 0.181672 0.358165 0.460163
56299 0.854325 0.055964 0.089711
82083 0.292038 0.185020 0.522942
71300 0.364632 0.301899 0.333470
77306 0.145780 0.706036 0.148184
83182 0.106734 0.015257 0.878010
73940 0.100247 0.207342 0.692411
68133 0.067284 0.474705 0.458011
60092 0.426140 0.293167 0.280693
83189 0.919170 0.001099 0.079730
81708 0.403652 0.517266 0.079083
67509 0.121288 0.626412 0.252300
76888 0.496501 0.476576 0.026923
66395 0.318113 0.287435 0.394452
58797 0.095213 0.135341 0.769446
62012 0.193547 0.504423 0.302031
79547 0.263816 0.334468 0.401716
60091 0.360184 0.608844 0.030972
70969 0.393851 0.533739 0.072411
68734 0.241486 0.371530 0.386985
83185 0.386458 0.307483 0.306059
60345 0.384331 0.058419 0.557250
82475 0.158723 0.021704 0.819573
79499 0.793659 0.057680 0.148661
82099 0.286776 0.175646 0.537579
63942 0.107267 0.370877 0.521856
67238 0.084305 0.129805 0.785890
57987 0.597351 0.164355 0.238293
60586 0.127417 0.086098 0.786485
63222 0.401432 0.536406 0.062162
68131 0.707369 0.264155 0.028476
83174 0.173941 0.811802 0.014256
56786 0.381124 0.227977 0.390898
70926 0.708671 0.174423 0.116906
65352 0.052348 0.083753 0.863899
80930 0.509507 0.457893 0.032600
66437 0.163614 0.481248 0.355139
80905 0.324588 0.300996 0.374416
63940 0.122189 0.747468 0.130343
75128 0.234640 0.000576 0.764784
74277 0.480156 0.202955 0.316889
67242 0.545650 0.195924 0.258426
56085 0.041657 0.933020 0.025323
65125 0.141200 0.147086 0.711714
81703 0.254720 0.643932 0.101348
55196 0.105974 0.398169 0.495857
69043 0.600040 0.387429 0.012531
80902 0.619082 0.267078 0.113840
65881 0.523987 0.092969 0.383044
80530 0.032560 0.009151 0.958289
57988 0.758738 0.011606 0.229656
67508 0.387695 0.516623 0.095682
67246 0.012253 0.738841 0.248906
81698 0.458395 0.203452 0.338153
67537 0.345966 0.190650 0.463384
83464 0.153010 0.122880 0.724110
75933 0.159520 0.504774 0.335706
60825 0.328204 0.396622 0.275173
55425 0.670629 0.194232 0.135139
60834 0.009625 0.504020 0.486355
57714 0.417938 0.357305 0.224757
56302 0.786610 0.213390 0.000000
61560 0.148555 0.129486 0.721960
80076 0.338892 0.661108 0.000000
57460 0.291850 0.681407 0.026743
64432 0.054530 0.430591 0.514878
67249 0.293512 0.246979 0.459509
65626 0.139379 0.743835 0.116786
68136 0.018134 0.106585 0.875280
58252 0.099276 0.375315 0.525409
57015 0.345298 0.403288 0.251414
62501 0.574329 0.291837 0.133834
74637 0.472380 0.526339 0.001281
56563 0.173208 0.531687 0.295106
59067 0.545220 0.432628 0.022151
63685 0.667819 0.184046 0.148136
60085 0.161852 0.272202 0.565946
71283 0.060023 0.712534 0.227443
65884 0.176080 0.818255 0.005665
68977 0.450635 0.207022 0.342343
57230 0.848720 0.011861 0.139419
65360 0.188319 0.285655 0.526025
82463 0.121137 0.733253 0.145610
55187 0.056604 0.590418 0.352977
66426 0.028939 0.182473 0.788588
62484 0.442316 0.056293 0.501391
66151 0.312199 0.549112 0.138689
67550 0.478067 0.244022 0.277911
58524 0.211337 0.741726 0.046937
54380 0.173088 0.215332 0.611580
54810 0.066568 0.279500 0.653932
57981 0.300393 0.351269 0.348338
54819 0.148374 0.431639 0.419987
73880 0.111701 0.302538 0.585762
56320 0.095590 0.703990 0.200420
59583 0.081828 0.710502 0.207670
78304 0.025537 0.267189 0.707274
56545 0.428428 0.416620 0.154953
54795 0.030277 0.056871 0.912852
59812 0.077623 0.533654 0.388723
79515 0.251280 0.722352 0.026368
71651 0.067404 0.196396 0.736201
55189 0.057123 0.712840 0.230037
95428 0.567764 0.414289 0.017947
72368 0.577275 0.322327 0.100398
75477 0.707717 0.131171 0.161112
55621 0.161974 0.803670 0.034356
66137 0.455928 0.509082 0.034990
68126 0.482496 0.459685 0.057819
82817 0.186950 0.072733 0.740316
82821 0.113213 0.660827 0.225960
61547 0.067720 0.662312 0.269968
69926 0.451785 0.096831 0.451384
81696 0.493889 0.128224 0.377886
60578 0.218529 0.700855 0.080616
96580 0.311504 0.017990 0.670506
82801 0.221383 0.624172 0.154444
95727 0.717475 0.282525 0.000000
54607 0.488603 0.112162 0.399235
70563 0.859708 0.012658 0.127634
54974 0.694488 0.073754 0.231758
54973 0.372429 0.000810 0.626761
67189 0.448202 0.085461 0.466337
83177 0.742367 0.151886 0.105747
56080 0.033586 0.739411 0.227002
94534 0.394463 0.296078 0.309458
79500 0.634437 0.043364 0.322199
80078 0.064806 0.177092 0.758102
54201 0.075720 0.394651 0.529629
54185 0.572839 0.156573 0.270588
52653 0.396964 0.529506 0.073530
82078 0.087024 0.328470 0.584506
94054 0.169401 0.182813 0.647787
53422 0.109889 0.116140 0.773971
54602 0.718497 0.134895 0.146608
82804 0.446853 0.188133 0.365014
55832 0.032049 0.559937 0.408014
75494 0.058164 0.036496 0.905340
77782 0.612255 0.013358 0.374387
82451 0.365279 0.387781 0.246940
64402 0.287598 0.497943 0.214460
96442 0.219843 0.160663 0.619494
67548 0.092776 0.705758 0.201466
54198 0.751939 0.088548 0.159512
53790 0.272866 0.099919 0.627215
92829 0.031822 0.359557 0.608622
53972 0.334903 0.510272 0.154825
53789 0.482399 0.497907 0.019693
55617 0.131160 0.364140 0.504699
53416 0.829530 0.000000 0.170470
75044 0.303839 0.426840 0.269321
55375 0.309788 0.179738 0.510474
77272 0.016558 0.487331 0.496112
60840 0.444018 0.379286 0.176695
96437 0.019491 0.690314 0.290195
81676 0.349149 0.506046 0.144805
80894 0.904169 0.006340 0.089491
53971 0.267408 0.379517 0.353075
64909 0.787738 0.139567 0.072694
96751 0.448195 0.043695 0.508110
61768 0.124369 0.507906 0.367725
97020 0.111919 0.724077 0.164005
58787 0.085422 0.431499 0.483079
65631 0.287010 0.096692 0.616298
53987 0.278301 0.638220 0.083479
92063 0.427518 0.449100 0.123382
65122 0.211184 0.076978 0.711837
67780 0.051299 0.740503 0.208198
68684 0.378315 0.513241 0.108444
52241 0.826548 0.071982 0.101470
93031 0.001327 0.196884 0.801790
53220 0.253403 0.022569 0.724028
53220 0.000000 0.413908 0.586092
81690 0.223745 0.707392 0.068863
58812 0.595728 0.014261 0.390011
90341 0.222849 0.463362 0.313789
72737 0.463663 0.209732 0.326604
82057 0.855124 0.117129 0.027746
80072 0.657378 0.261279 0.081343
54376 0.683135 0.285530 0.031335
64656 0.613612 0.024231 0.362157
95722 0.283935 0.337346 0.378719
82814 0.218716 0.410032 0.371252
52636 0.381889 0.529815 0.088296
65884 0.466074 0.412677 0.121248
96899 0.069838 0.765430 0.164731
64173 0.302896 0.478555 0.218549
52650 0.099844 0.638455 0.261701
83162 0.279560 0.509266 0.211174
82802 0.656659 0.047805 0.295536
51872 0.633486 0.269147 0.097367
52845 0.653390 0.067216 0.279393
52243 0.290723 0.640061 0.069215
54186 0.087051 0.216610 0.696339
68438 0.756118 0.092433 0.151449
55429 0.119154 0.779453 0.101393
60107 0.265995 0.144525 0.589480
66391 0.159735 0.700528 0.139737
93739 0.171214 0.757405 0.071381
75491 0.268624 0.199472 0.531903
50867 0.384036 0.591777 0.024187
96751 0.479636 0.054286 0.466078
89554 0.273211 0.542675 0.184114
54404 0.362491 0.371878 0.265631
90342 0.141697 0.199670 0.658633
52439 0.212390 0.619442 0.168167
93904 0.277598 0.571906 0.150496
81664 0.051323 0.609316 0.339361
82792 0.201659 0.083960 0.714381
76329 0.323871 0.230214 0.445915
52062 0.552400 0.233103 0.214497
52244 0.067378 0.115247 0.817375
67554 0.021752 0.425577 0.552672
68082 0.189088 0.623822 0.187090
65890 0.299139 0.611464 0.089396
68138 0.298370 0.179601 0.522029
96572 0.763023 0.073412 0.163565
66445 0.751718 0.064227 0.184055
80510 0.479845 0.509071 0.011084
96729 0.339809 0.278199 0.381992
81286 0.277837 0.244206 0.477957
92239 0.098937 0.166371 0.734693
82439 0.226036 0.413460 0.360504
82059 0.143097 0.596459 0.260444
51299 0.250983 0.257629 0.491387
74273 0.102882 0.769790 0.127328
76337 0.576775 0.257112 0.166113
95575 0.392984 0.166315 0.440701
65364 0.145853 0.534683 0.319465
53417 0.526251 0.203175 0.270573
82784 0.516016 0.203433 0.280552
90123 0.302901 0.597581 0.099518
50462 0.316978 0.552348 0.130673
58519 0.152796 0.743377 0.103827
80508 0.072733 0.535504 0.391763
52072 0.834102 0.075105 0.090793
53009 0.116914 0.812898 0.070188
88654 0.284224 0.553906 0.161870
81266 0.237196 0.642702 0.120103
74623 0.606193 0.000000 0.393807
78818 0.417795 0.290397 0.291808
82425 0.720961 0.144919 0.134120
90692 0.415471 0.553499 0.031030
50073 0.253305 0.693521 0.053174
71638 0.470718 0.123752 0.405531
71633 0.053224 0.547136 0.399641
50270 0.321035 0.385558 0.293406
51490 0.525771 0.072058 0.402171
87362 0.081240 0.834325 0.084435
70917 0.446241 0.345181 0.208577
93429 0.152493 0.626789 0.220718
89073 0.299067 0.423981 0.276952
55005 0.485728 0.048833 0.465439
95737 0.418357 0.207149 0.374493
55616 0.480500 0.324431 0.195069
54182 0.355550 0.327695 0.316755
56076 0.292586 0.094878 0.612536
59060 0.690180 0.231938 0.077882
65322 0.061992 0.419064 0.518944
80516 0.299572 0.406291 0.294136
81290 0.729053 0.209106 0.061840
51496 0.045078 0.802400 0.152522
66112 0.258812 0.229815 0.511373
81279 0.119909 0.099769 0.780321
49682 0.712262 0.069256 0.218482
55438 0.132874 0.721402 0.145724
92842 0.060128 0.213116 0.726756
87363 0.696692 0.294343 0.008964
58249 0.312453 0.521327 0.166220
64911 0.459634 0.086190 0.454176
88437 0.131644 0.390229 0.478126
97224 0.085456 0.623341 0.291203
67829 0.087130 0.738945 0.173925
86181 0.133446 0.423107 0.443448
86449 0.276880 0.538728 0.184392
83181 0.105395 0.131950 0.762655
85329 0.015020 0.760066 0.224914
67506 0.285387 0.257501 0.457112
81659 0.758594 0.135273 0.106133
82759 0.512533 0.056617 0.430850
52261 0.507343 0.378094 0.114563
71994 0.056015 0.919289 0.024696
64178 0.308918 0.471687 0.219395
51088 0.141665 0.813883 0.044451
82048 0.117996 0.602788 0.279216
89094 0.406153 0.341690 0.252156
65887 0.416715 0.089814 0.493471
85626 0.312449 0.328591 0.358960
84989 0.275606 0.101509 0.622885
82805 0.896393 0.007521 0.096086
53992 0.579406 0.409958 0.010636
82797 0.118197 0.075078 0.806725
57977 0.265648 0.255371 0.478981
61033 0.143607 0.332553 0.523840
51884 0.143309 0.504474 0.352217
68070 0.674008 0.265757 0.060235
63459 0.337900 0.458081 0.204020
80917 0.133209 0.318811 0.547980
66658 0.633462 0.190759 0.175779
83454 0.347335 0.303336 0.349329
84104 0.231046 0.504886 0.264068
81669 0.441367 0.309515 0.249119
52835 0.325041 0.270419 0.404541
82776 0.169735 0.407352 0.422913
82044 0.338720 0.357742 0.303538
75928 0.124815 0.046262 0.828922
50080 0.813984 0.060846 0.125170
78285 0.276659 0.452771 0.270570
49281 0.229492 0.405629 0.364878
87605 0.403075 0.091046 0.505879
73080 0.144322 0.515717 0.339961
63954 0.774268 0.156017 0.069715
49473 0.462820 0.241077 0.296103
94835 0.518007 0.204193 0.277801
94545 0.053413 0.748008 0.198578
48875 0.080420 0.002238 0.917343
97022 0.077343 0.824682 0.097974
60328 0.471890 0.474250 0.053860
86441 0.394311 0.333025 0.272664
67504 0.170233 0.788997 0.040769
49691 0.255304 0.095027 0.649669
48432 0.338733 0.248885 0.412382
88911 0.718748 0.073203 0.208049
49060 0.521238 0.123823 0.354938
78283 0.043897 0.162987 0.793116
63681 0.417267 0.102129 0.480604
65121 0.459161 0.519728 0.021112
82426 0.728527 0.245447 0.026027
82773 0.234904 0.265493 0.499602
91835 0.540411 0.020757 0.438832
81633 0.419567 0.427170 0.153262
54967 0.118300 0.839693 0.042007
66718 0.472034 0.199490 0.328477
49482 0.127342 0.653588 0.219070
56778 0.446769 0.528118 0.025114
74270 0.302414 0.601845 0.095740
51673 0.639176 0.094068 0.266755
92045 0.489579 0.356532 0.153889
62480 0.095835 0.246439 0.657726
82402 0.361157 0.340248 0.298595
51856 0.075630 0.283212 0.641159
96711 0.335435 0.661123 0.003441
82761 0.228340 0.431444 0.340216
62981 0.155061 0.702973 0.141966
66455 0.581916 0.046306 0.371778
69309 0.183918 0.549204 0.266877
62948 0.418312 0.151730 0.429958
62509 0.628756 0.332763 0.038481
64147 0.160941 0.182865 0.656194
90690 0.137321 0.556035 0.306644
81647 0.345856 0.342853 0.311290
47966 0.368875 0.231844 0.399281
64180 0.021975 0.390433 0.587592
76341 0.098155 0.801633 0.100212
86710 0.772595 0.102817 0.124588
87379 0.769474 0.123157 0.107368
54372 0.628766 0.307882 0.063351
90137 0.560322 0.201178 0.238500
49484 0.224102 0.284399 0.491499
47466 0.763776 0.210345 0.025879
92242 0.020371 0.673003 0.306626
83749 0.712011 0.152237 0.135752
89066 0.110072 0.158747 0.731181
61544 0.635473 0.180727 0.183800
52437 0.403971 0.307404 0.288625
47728 0.258784 0.226556 0.514660
82051 0.217950 0.070859 0.711191
97114 0.112509 0.421353 0.466138
73494 0.015007 0.669027 0.315967
97013 0.120636 0.155873 0.723491
96566 0.026997 0.253823 0.719180
79518 0.200263 0.012396 0.787341
81269 0.027147 0.799848 0.173005
68969 0.157322 0.417165 0.425513
81301 0.099773 0.860521 0.039706
78811 0.295059 0.273016 0.431925
59562 0.121152 0.221454 0.657394
46963 0.140330 0.624554 0.235116
53595 0.517635 0.220152 0.262213
62506 0.665468 0.298214 0.036318
82391 0.404388 0.493221 0.102391
50072 0.484807 0.324099 0.191094
73081 0.178143 0.741393 0.080464
82397 0.099354 0.194883 0.705763
50074 0.349076 0.092969 0.557955
58247 0.234343 0.718840 0.046817
83159 0.265683 0.605075 0.129242
46980 0.062767 0.278263 0.658970
84078 0.118033 0.373062 0.508905
62725 0.564885 0.049028 0.386087
44473 0.178677 0.261044 0.560279
58246 0.192065 0.524009 0.283926
69599 0.085815 0.482038 0.432147
62513 0.262843 0.217110 0.520046
63958 0.310044 0.575177 0.114779
63708 0.017003 0.934441 0.048557
46695 0.244331 0.750443 0.005226
47969 0.252763 0.652895 0.094343
58245 0.083647 0.234322 0.682032
59054 0.206584 0.613784 0.179632
60574 0.138424 0.213184 0.648393
49903 0.667720 0.057638 0.274642
88017 0.315883 0.087765 0.596352
46423 0.388706 0.075448 0.535846
84708 0.862934 0.056932 0.080134
44820 0.049738 0.946318 0.003945
82049 0.107058 0.892942 0.000000
80857 0.468180 0.159863 0.371957
69602 0.290265 0.349667 0.360068
70918 0.118865 0.172221 0.708914
52056 0.152379 0.179097 0.668524
56539 0.682811 0.125512 0.191677
80093 0.076023 0.205214 0.718763
66156 0.757202 0.095954 0.146844
63716 0.132468 0.428693 0.438839
65114 0.321161 0.234845 0.443994
95566 0.090943 0.268945 0.640111
50268 0.021080 0.795626 0.183294
96865 0.137090 0.223224 0.639686
66717 0.161341 0.000145 0.838514
73877 0.542455 0.138313 0.319231
64864 0.128173 0.267795 0.604032
56540 0.578825 0.128451 0.292724
82047 0.077090 0.872186 0.050724
60811 0.188269 0.366305 0.445426
58241 0.100560 0.358721 0.540719
62722 0.658392 0.033246 0.308362
94354 0.177070 0.413686 0.409243
51483 0.080383 0.566457 0.353159
70551 0.298989 0.309938 0.391073
63258 0.046835 0.413562 0.539603
50669 0.335727 0.217448 0.446826
56536 0.230513 0.605924 0.163563
66158 0.210786 0.139294 0.649921
80068 0.504906 0.086457 0.408637
77778 0.200944 0.027035 0.772021
60570 0.151365 0.253771 0.594865
95284 0.260137 0.094325 0.645538
96408 0.397147 0.060100 0.542753
67184 0.368239 0.324625 0.307135
68679 0.687394 0.217111 0.095494
88876 0.659995 0.136749 0.203255
44459 0.427657 0.383872 0.188471
62039 0.568031 0.356715 0.075254
63210 0.576598 0.215290 0.208113
42829 0.084669 0.701232 0.214098
51073 0.420940 0.339775 0.239285
93021 0.036874 0.405283 0.557843
82795 0.079434 0.400143 0.520423
63674 0.631646 0.212280 0.156074
60076 0.771805 0.216830 0.011365
82409 0.202525 0.037469 0.760005
45219 0.353904 0.438613 0.207483
87354 0.092850 0.715896 0.191254
90109 0.077375 0.897907 0.024718
43851 0.812280 0.179834 0.007886
81244 0.774014 0.110815 0.115172
91246 0.460747 0.115595 0.423658
57975 0.188535 0.421219 0.390246
46964 0.184022 0.406328 0.409651
65377 0.654140 0.231552 0.114308
82752 0.304442 0.642815 0.052743
96274 0.244482 0.075552 0.679967
96720 0.109466 0.541208 0.349325
47960 0.534122 0.390625 0.075252
46126 0.464785 0.272700 0.262515
42827 0.488348 0.022148 0.489504
58239 0.232259 0.074959 0.692782
44462 0.223732 0.486402 0.289866
65118 0.189433 0.501746 0.308822
54368 0.417360 0.166624 0.416016
62040 0.136721 0.229184 0.634095
42820 0.692411 0.194910 0.112680
56537 0.005067 0.964958 0.029975
63489 0.107668 0.740761 0.151571
82777 0.498451 0.166218 0.335330
74626 0.525956 0.163287 0.310757
86912 0.068424 0.447430 0.484146
94371 0.069700 0.120603 0.809698
87364 0.122893 0.307005 0.570102
42456 0.148318 0.585727 0.265955
83744 0.449848 0.383058 0.167094
48860 0.067484 0.336469 0.596046
61528 0.194187 0.643492 0.162321
45541 0.608464 0.291743 0.099793
45206 0.136231 0.515222 0.348547
92235 0.459674 0.355135 0.185192
66655 0.333399 0.306522 0.360079
84380 0.933864 0.002944 0.063192
82102 0.643447 0.124535 0.232018
80892 0.259523 0.553078 0.187399
74613 0.274902 0.523189 0.201909
95577 0.582992 0.216151 0.200858
96121 0.194284 0.119854 0.685862
41473 0.081111 0.823266 0.095623
43127 0.224299 0.634460 0.141241
81996 0.098564 0.802270 0.099167
44795 0.159778 0.000000 0.840222
66650 0.058985 0.910303 0.030712
89908 0.112012 0.768438 0.119549
72362 0.206653 0.460235 0.333112
61800 0.563459 0.288062 0.148479
48858 0.315517 0.426286 0.258197
49893 0.045718 0.910010 0.044271
71990 0.143778 0.031244 0.824978
80503 0.761999 0.058881 0.179120
54178 0.159360 0.127724 0.712916
82399 0.076496 0.864251 0.059252
49462 0.383328 0.024074 0.592598
73071 0.687041 0.027673 0.285286
76345 0.081986 0.115323 0.802691
80065 0.348340 0.158005 0.493655
53781 0.211463 0.730384 0.058152
82733 0.446382 0.441826 0.111792
82026 0.209198 0.073652 0.717150
62284 0.708519 0.073245 0.218236
84378 0.485738 0.269112 0.245150
68967 0.300899 0.655386 0.043715
57003 0.009402 0.615315 0.375284
93028 0.616714 0.145993 0.237293
71990 0.929551 0.064125 0.006325
56530 0.402470 0.576621 0.020909
47959 0.810856 0.049679 0.139465
84067 0.293626 0.603506 0.102868
95997 0.325948 0.464784 0.209268
45199 0.274513 0.677288 0.048199
50265 0.120903 0.625686 0.253410
61059 0.136810 0.714835 0.148355
52433 0.163483 0.497487 0.339030
61995 0.608271 0.367699 0.024030
80062 0.007452 0.095209 0.897339
54783 0.431015 0.068984 0.500001
54180 0.118973 0.750442 0.130585
44447 0.000000 0.779027 0.220973
94840 0.360922 0.403608 0.235470
95277 0.014482 0.235318 0.750201
82836 0.070221 0.254837 0.674943
83130 0.137191 0.443172 0.419637
46951 0.297037 0.017469 0.685493
64920 0.201019 0.120300 0.678680
79462 0.153826 0.690149 0.156026
59047 0.006162 0.333881 0.659957
58234 0.242875 0.135093 0.622032
84972 0.158405 0.782512 0.059083
52998 0.018943 0.893903 0.087153
51850 0.853375 0.112961 0.033664
60358 0.100235 0.165864 0.733901
67498 0.269666 0.503991 0.226343
67181 0.685661 0.057516 0.256823
60795 0.175109 0.603867 0.221023
65163 0.035175 0.165919 0.798906
54966 0.396872 0.205022 0.398106
75038 0.110076 0.042501 0.847423
60563 0.119829 0.489737 0.390434
49055 0.131086 0.649098 0.219816
85317 0.338503 0.443689 0.217807
55824 0.542980 0.385146 0.071874
58236 0.222541 0.472597 0.304862
63446 0.426092 0.051007 0.522901
67499 0.341542 0.471487 0.186971
80491 0.015246 0.186227 0.798527
65156 0.093620 0.710176 0.196204
68962 0.214204 0.241712 0.544083
94202 0.018320 0.365064 0.616616
80874 0.246873 0.408737 0.344390
82755 0.247414 0.725659 0.026928
80859 0.758284 0.006479 0.235237
84670 0.160258 0.786367 0.053375
82368 0.344159 0.565033 0.090808
65372 0.699523 0.223494 0.076983
48198 0.403600 0.371168 0.225232
59834 0.176179 0.105583 0.718238
80059 0.690200 0.264989 0.044811
56067 0.529232 0.213158 0.257610
82035 0.542209 0.403391 0.054400
52622 0.218193 0.688892 0.092916
88233 0.101974 0.630027 0.267999
50666 0.462180 0.316686 0.221134
