30673 0.047492 0.537037 0.415471
20768 0.672959 0.039917 0.287124
20208 0.134977 0.865023 0.000000
30213 0.573071 0.346898 0.080032
19174 0.380922 0.410589 0.208489
29107 0.364747 0.098444 0.536809
25439 0.605991 0.244710 0.149299
23845 0.217984 0.200892 0.581124
32744 0.035585 0.071544 0.892871
35962 0.445383 0.404503 0.150114
16420 0.045184 0.831757 0.123059
12653 0.680949 0.186252 0.132799
28132 0.555232 0.300212 0.144557
16120 0.092948 0.169753 0.737300
19688 0.834676 0.029255 0.136068
19993 0.666622 0.288694 0.044684
25425 0.072175 0.003498 0.924327
24271 0.161205 0.132274 0.706521
19562 0.391697 0.116045 0.492258
28985 0.726087 0.000000 0.273913
30920 0.158372 0.426831 0.414796
30258 0.235131 0.398110 0.366758
22335 0.096695 0.512698 0.390608
24330 0.059013 0.735163 0.205824
12941 0.200781 0.344820 0.454399
26370 0.597926 0.383391 0.018684
25360 0.147794 0.212513 0.639693
16546 0.052963 0.335255 0.611782
8177 0.168467 0.580452 0.251080
6322 0.582891 0.130934 0.286175
3946 0.587859 0.015912 0.396229
26518 0.141780 0.018088 0.840132
1391 0.133472 0.498812 0.367715
4763 0.001934 0.342153 0.655913
5252 0.198816 0.281766 0.519419
3763 0.044106 0.151411 0.804484
3504 0.130834 0.759693 0.109473
2063 0.711280 0.165130 0.123590
1108 0.104604 0.789329 0.106067
401 0.601470 0.101360 0.297170
3124 0.226670 0.730109 0.043221
3218 0.165118 0.287665 0.547217
3179 0.162276 0.748718 0.089006
4448 0.390693 0.055975 0.553332
1693 0.819320 0.110604 0.070076
6277 0.377612 0.255937 0.366451
3696 0.016279 0.910732 0.072989
7222 0.499065 0.196130 0.304805
5152 0.220958 0.004083 0.774959
8506 0.096174 0.674166 0.229660
6018 0.108180 0.193515 0.698305
10412 0.743918 0.071207 0.184876
11428 0.369662 0.505318 0.125021
13530 0.482711 0.366658 0.150630
14123 0.017939 0.065018 0.917044
21656 0.060255 0.137619 0.802126
6052 0.050760 0.633009 0.316230
5551 0.719401 0.171048 0.109551
5511 0.453137 0.216077 0.330786
5585 0.942717 0.019911 0.037372
5647 0.614001 0.024296 0.361703
6514 0.541390 0.248066 0.210544
6379 0.231561 0.581669 0.186769
7156 0.105642 0.315177 0.579181
7997 0.252323 0.210937 0.536740
10339 0.606061 0.096202 0.297737
9967 0.010392 0.917876 0.071732
12030 0.576021 0.326242 0.097737
15072 0.111978 0.132515 0.755507
13658 0.395054 0.270785 0.334160
15085 0.223345 0.450934 0.325720
6948 0.724148 0.275852 0.000000
6085 0.120149 0.365970 0.513882
7035 0.630068 0.076705 0.293227
5865 0.103180 0.081727 0.815093
6211 0.672495 0.165150 0.162355
6670 0.177518 0.479770 0.342713
9634 0.138039 0.098126 0.763835
7332 0.093376 0.263494 0.643131
12526 0.473394 0.002238 0.524368
5420 0.156732 0.378628 0.464640
677 0.115127 0.255997 0.628876
648 0.079462 0.144195 0.776343
1803 0.563405 0.042599 0.393996
3678 0.374382 0.099774 0.525844
3900 0.225462 0.710633 0.063905
4353 0.190886 0.654295 0.154819
5629 0.012157 0.720094 0.267749
30555 0.066010 0.505444 0.428546
31483 0.461814 0.218969 0.319216
35063 0.029898 0.277099 0.693002
14913 0.378490 0.000975 0.620534
11060 0.253438 0.541590 0.204972
10014 0.134411 0.236191 0.629398
9208 0.218380 0.104880 0.676739
8728 0.165710 0.137068 0.697222
8722 0.574728 0.345421 0.079851
8587 0.046735 0.859634 0.093631
10317 0.443310 0.167604 0.389086
11720 0.452617 0.207100 0.340283
13083 0.041472 0.559268 0.399260
11848 0.770404 0.112083 0.117513
13138 0.346844 0.558933 0.094223
16715 0.209065 0.722380 0.068555
9898 0.498435 0.418193 0.083371
8852 0.258960 0.587171 0.153869
12893 0.700523 0.099860 0.199617
13898 0.603905 0.375958 0.020137
13183 0.123272 0.664579 0.212149
29175 0.444234 0.038121 0.517645
32460 0.023488 0.710267 0.266246
16463 0.479877 0.188839 0.331284
22667 0.359913 0.056321 0.583766
1706 0.001896 0.004745 0.993359
4656 0.107067 0.797592 0.095340
45907 0.520645 0.249471 0.229884
35782 0.066249 0.734738 0.199014
36770 0.369189 0.089216 0.541595
39938 0.637028 0.090035 0.272936
36984 0.125701 0.258574 0.615724
47743 0.269970 0.175945 0.554084
44802 0.346951 0.320873 0.332176
44130 0.032798 0.587073 0.380129
43512 0.571700 0.049862 0.378437
43424 0.000182 0.091013 0.908805
40984 0.018282 0.692992 0.288726
16871 0.605950 0.391897 0.002153
21636 0.441473 0.291027 0.267500
34486 0.467969 0.106158 0.425873
37583 0.181146 0.412865 0.405989
39494 0.101057 0.148474 0.750469
41208 0.005741 0.415577 0.578682
14073 0.683961 0.223187 0.092853
39201 0.065887 0.773935 0.160178
40712 0.382436 0.004109 0.613455
37942 0.366599 0.577258 0.056142
34438 0.459362 0.114222 0.426416
19323 0.187700 0.610948 0.201352
11515 0.570205 0.020974 0.408821
14605 0.026758 0.257356 0.715886
17099 0.883678 0.043463 0.072860
17235 0.254151 0.574135 0.171714
23548 0.054231 0.764093 0.181675
27194 0.338344 0.508582 0.153074
31863 0.352538 0.616357 0.031105
33561 0.142919 0.846477 0.010604
38430 0.275541 0.035471 0.688988
38863 0.682291 0.254001 0.063708
40813 0.129487 0.765098 0.105415
43034 0.042399 0.952185 0.005416
43507 0.721559 0.205555 0.072886
43892 0.828071 0.169452 0.002477
42436 0.076652 0.095731 0.827616
42713 0.141634 0.377508 0.480859
42954 0.644504 0.303098 0.052398
17650 0.163392 0.031440 0.805168
20126 0.677841 0.104624 0.217534
19800 0.237210 0.602529 0.160260
23120 0.329018 0.253915 0.417067
23706 0.088987 0.148993 0.762019
27162 0.268629 0.401518 0.329853
25992 0.146537 0.286713 0.566750
31308 0.490421 0.051766 0.457813
30341 0.578990 0.332336 0.088674
34774 0.228484 0.367983 0.403533
38072 0.546247 0.101985 0.351769
43327 0.020845 0.407132 0.572022
44489 0.035474 0.248851 0.715675
45031 0.218473 0.251104 0.530422
45239 0.725008 0.092718 0.182274
44487 0.332246 0.007125 0.660629
17747 0.212890 0.099098 0.688013
20113 0.255541 0.319714 0.424745
18769 0.460557 0.365804 0.173639
26907 0.038980 0.055111 0.905909
23950 0.076286 0.812601 0.111113
30755 0.010469 0.210439 0.779092
38792 0.020256 0.613343 0.366401
41123 0.102220 0.612256 0.285523
40767 0.176768 0.509431 0.313801
42541 0.230362 0.151758 0.617881
42574 0.641319 0.345580 0.013101
43804 0.413800 0.532897 0.053303
43986 0.369693 0.076782 0.553525
43980 0.329192 0.032813 0.637995
44496 0.192704 0.076063 0.731233
45115 0.283243 0.222314 0.494442
44436 0.488270 0.229323 0.282406
14929 0.565051 0.374600 0.060349
30878 0.855188 0.089007 0.055805
34745 0.072394 0.563878 0.363728
38579 0.882516 0.024710 0.092775
41604 0.243748 0.615960 0.140292
42944 0.447319 0.288177 0.264503
41435 0.271220 0.217781 0.510999
37844 0.212246 0.166262 0.621492
20812 0.085348 0.031389 0.883263
38487 0.322877 0.537296 0.139827
39802 0.541730 0.128223 0.330047
21345 0.121488 0.267427 0.611085
25020 0.240228 0.408918 0.350854
29624 0.367031 0.043101 0.589868
32737 0.478838 0.090432 0.430730
37356 0.473679 0.181107 0.345214
38574 0.052236 0.186135 0.761629
41772 0.214434 0.239142 0.546424
42268 0.185407 0.672314 0.142279
22100 0.005669 0.927029 0.067302
25943 0.089920 0.818479 0.091601
30248 0.324234 0.379684 0.296082
36091 0.297342 0.034702 0.667956
38749 0.055932 0.553594 0.390474
44552 0.166601 0.701470 0.131930
31478 0.086861 0.383304 0.529835
36725 0.648487 0.322318 0.029195
32328 0.602733 0.315881 0.081386
33342 0.069605 0.137064 0.793330
39596 0.199455 0.473833 0.326712
17844 0.472728 0.014204 0.513067
22705 0.108395 0.077853 0.813752
25592 0.188791 0.759765 0.051444
32823 0.158725 0.691097 0.150178
30275 0.182792 0.780038 0.037170
23221 0.603292 0.004172 0.392536
26346 0.158653 0.408032 0.433315
23840 0.058848 0.030388 0.910764
22301 0.493282 0.283996 0.222722
23846 0.430791 0.410764 0.158445
24099 0.745089 0.221483 0.033428
31974 0.973417 0.026583 0.000000
29998 0.143500 0.030381 0.826120
38916 0.222073 0.687120 0.090807
38156 0.166831 0.521265 0.311904
36213 0.202112 0.163331 0.634557
35328 0.851634 0.115548 0.032819
35032 0.359222 0.000000 0.640778
25722 0.274400 0.063958 0.661642
48725 0.567341 0.087441 0.345218
49525 0.279973 0.552256 0.167771
48423 0.213171 0.248785 0.538045
29945 0.386604 0.339839 0.273557
38776 0.794111 0.205889 0.000000
7821 0.091862 0.591823 0.316315
13393 0.120997 0.711473 0.167531
14819 0.446499 0.024778 0.528723
18705 0.643952 0.000000 0.356048
12501 0.208517 0.255441 0.536042
16029 0.509523 0.218904 0.271572
15248 0.077241 0.575876 0.346883
20735 0.093058 0.392067 0.514875
20905 0.122706 0.562299 0.314995
16839 0.568314 0.053336 0.378349
22445 0.166077 0.332298 0.501625
24516 0.022410 0.853143 0.124447
28122 0.440128 0.019517 0.540355
27214 0.743894 0.255355 0.000751
21815 0.146775 0.137088 0.716137
22944 0.497375 0.197121 0.305503
25263 0.041450 0.300482 0.658068
26692 0.100169 0.736146 0.163686
29963 0.000000 0.795078 0.204922
32415 0.423114 0.504933 0.071952
32413 0.114239 0.502979 0.382782
33887 0.537561 0.148428 0.314012
11824 0.048467 0.569235 0.382297
25263 0.044431 0.143737 0.811832
22048 0.098315 0.892654 0.009031
11821 0.448893 0.211397 0.339710
20365 0.101460 0.546690 0.351850
17405 0.237259 0.601303 0.161438
17414 0.780700 0.079953 0.139347
20232 0.549907 0.079597 0.370496
19648 0.310294 0.399121 0.290585
22482 0.221213 0.573730 0.205057
25015 0.483980 0.076057 0.439963
21916 0.100284 0.074451 0.825265
21336 0.094895 0.465255 0.439850
20863 0.048261 0.907498 0.044241
22379 0.382797 0.475338 0.141864
27605 0.439007 0.358552 0.202441
27959 0.126334 0.662578 0.211088
27600 0.534236 0.432816 0.032948
30929 0.197076 0.740948 0.061976
27974 0.276271 0.154760 0.568969
20153 0.373035 0.576126 0.050839
24914 0.402981 0.111830 0.485189
25224 0.308307 0.104723 0.586969
18525 0.316241 0.132833 0.550926
17360 0.599539 0.389752 0.010710
18329 0.714272 0.056701 0.229027
22026 0.249526 0.107817 0.642656
21867 0.315150 0.461245 0.223605
23306 0.258362 0.082290 0.659348
21874 0.008667 0.360821 0.630512
22632 0.695165 0.279111 0.025723
25207 0.431407 0.273216 0.295377
28501 0.431742 0.110181 0.458077
26455 0.766674 0.130725 0.102601
28670 0.258800 0.447005 0.294195
28333 0.768656 0.112158 0.119186
31452 0.287010 0.537513 0.175477
27633 0.770686 0.215269 0.014044
28860 0.754564 0.214987 0.030450
27593 0.284515 0.150638 0.564847
27740 0.532548 0.069792 0.397661
21176 0.872380 0.091119 0.036502
20448 0.020137 0.790105 0.189758
20541 0.446691 0.081636 0.471673
20542 0.644830 0.160040 0.195130
19049 0.790582 0.182294 0.027123
12603 0.672250 0.207816 0.119935
15359 0.028592 0.485471 0.485937
20652 0.115042 0.448551 0.436407
19168 0.091953 0.688118 0.219930
16269 0.400031 0.057981 0.541988
12134 0.502330 0.288774 0.208896
16819 0.486491 0.133960 0.379550
10472 0.230884 0.643190 0.125927
14616 0.473749 0.473170 0.053081
16612 0.108671 0.766040 0.125289
11631 0.255039 0.293936 0.451025
14924 0.741405 0.072205 0.186391
15092 0.653553 0.182905 0.163543
26070 0.942124 0.057876 0.000000
22161 0.199219 0.582962 0.217819
23188 0.011231 0.600542 0.388227
23999 0.235885 0.368319 0.395797
22599 0.461492 0.352679 0.185828
24237 0.357590 0.320331 0.322079
26307 0.471517 0.221047 0.307436
24235 0.120050 0.131554 0.748396
23796 0.000000 1.000000 0.000000
19383 0.264563 0.602259 0.133177
23784 0.235126 0.599304 0.165570
22204 0.326664 0.158515 0.514821
23307 0.586603 0.104002 0.309395
23301 0.614200 0.097389 0.288412
7897 0.043535 0.253520 0.702944
8631 0.095798 0.504440 0.399762
9721 0.191693 0.615895 0.192412
12360 0.050534 0.910447 0.039019
10275 0.182918 0.095554 0.721527
19831 0.542806 0.112674 0.344520
10238 0.490330 0.222770 0.286900
7994 0.287430 0.072759 0.639811
8621 0.830185 0.067939 0.101876
11141 0.352248 0.173874 0.473878
12740 0.073393 0.208936 0.717671
6313 0.313950 0.252674 0.433375
7153 0.136475 0.771636 0.091889
8477 0.035930 0.563598 0.400473
11212 0.602866 0.121115 0.276019
12712 0.078157 0.383201 0.538642
12750 0.512168 0.417833 0.070000
7279 0.089971 0.403085 0.506944
6825 0.161956 0.235348 0.602696
7463 0.356259 0.223758 0.419983
12193 0.601450 0.300858 0.097691
10675 0.292530 0.700477 0.006992
12183 0.858656 0.136736 0.004608
15004 0.352837 0.526716 0.120446
17911 0.211834 0.731783 0.056383
19118 0.274907 0.634881 0.090212
22061 0.187077 0.431157 0.381766
18459 0.607143 0.062048 0.330810
21396 0.536958 0.032296 0.430747
19122 0.307835 0.460561 0.231604
9531 0.340465 0.062092 0.597443
7050 0.394240 0.159142 0.446619
8239 0.451027 0.296988 0.251984
8546 0.789522 0.020307 0.190170
5509 0.348892 0.044479 0.606629
6036 0.494767 0.481107 0.024126
3757 0.211626 0.578061 0.210313
1779 0.721672 0.060103 0.218225
2732 0.091700 0.721452 0.186848
4456 0.086818 0.429142 0.484039
8584 0.302895 0.023446 0.673659
2134 0.397479 0.003482 0.599040
4121 0.301694 0.127162 0.571144
3046 0.622801 0.103005 0.274194
5201 0.126289 0.371305 0.502406
9132 0.876537 0.070854 0.052609
7135 0.133300 0.040950 0.825750
14840 0.014868 0.985132 0.000000
7539 0.100878 0.417352 0.481769
9358 0.201627 0.777618 0.020755
7203 0.261714 0.194442 0.543844
2929 0.176277 0.596455 0.227268
2778 0.660828 0.107259 0.231913
5153 0.299434 0.179968 0.520598
7163 0.513808 0.058960 0.427233
9620 0.153079 0.041008 0.805913
8215 0.715771 0.051886 0.232343
15612 0.862314 0.079878 0.057807
28357 0.339396 0.218136 0.442468
26718 0.054816 0.214843 0.730341
21284 0.155055 0.818267 0.026678
16588 0.161329 0.705958 0.132712
13172 0.318407 0.526908 0.154685
9773 0.452052 0.100573 0.447375
7282 0.044291 0.228976 0.726733
4646 0.065820 0.892659 0.041521
3119 0.023772 0.664275 0.311954
5250 0.805187 0.164615 0.030197
11435 0.214321 0.153705 0.631974
5295 0.586700 0.349572 0.063728
6578 0.539488 0.099921 0.360591
6910 0.219883 0.099978 0.680139
8026 0.096573 0.539745 0.363682
7097 0.715092 0.154474 0.130433
5339 0.589366 0.343314 0.067320
5740 0.596417 0.161537 0.242046
4086 0.144693 0.212014 0.643293
4789 0.019891 0.922398 0.057711
3279 0.045751 0.796513 0.157736
3404 0.030207 0.722637 0.247156
2493 0.011046 0.363741 0.625213
10667 0.032912 0.680824 0.286264
8467 0.000000 0.666016 0.333984
3424 0.073900 0.875167 0.050933
2430 0.090071 0.557450 0.352478
2129 0.279131 0.197102 0.523767
8223 0.406297 0.557213 0.036490
2754 0.064843 0.780103 0.155054
2355 0.257953 0.733093 0.008953
2064 0.673592 0.094992 0.231416
1013 0.328599 0.655832 0.015570
1301 0.445623 0.339033 0.215344
887 0.343274 0.432363 0.224363
5530 0.040740 0.409902 0.549358
4876 0.109069 0.727278 0.163653
5818 0.154717 0.034122 0.811161
5968 0.041020 0.741622 0.217358
3791 0.306968 0.375819 0.317214
3663 0.000187 0.526651 0.473162
1516 0.004312 0.756985 0.238703
1792 0.331081 0.466391 0.202528
2297 0.550647 0.029295 0.420058
874 0.148614 0.616051 0.235335
1072 0.552004 0.416129 0.031867
1494 0.211952 0.346952 0.441096
826 0.519273 0.038837 0.441889
750 0.005037 0.868426 0.126536
517 0.059115 0.603016 0.337868
836 0.162675 0.778913 0.058412
4133 0.070520 0.027873 0.901607
6616 0.177764 0.081747 0.740489
4593 0.229286 0.507621 0.263093
3411 0.107601 0.632385 0.260014
2915 0.125639 0.459154 0.415208
1884 0.140730 0.814585 0.044685
3081 0.318699 0.039829 0.641472
2207 0.102741 0.734761 0.162497
3211 0.889406 0.076759 0.033836
3596 0.498838 0.077349 0.423813
4438 0.691117 0.283578 0.025305
5274 0.560595 0.058423 0.380983
4934 0.111879 0.695047 0.193074
5650 0.411823 0.285864 0.302313
6118 0.754250 0.188882 0.056868
6272 0.762339 0.010663 0.226998
7455 0.198620 0.790926 0.010455
7504 0.008256 0.017468 0.974276
7835 0.468743 0.063402 0.467856
9108 0.059480 0.271241 0.669279
9318 0.472646 0.100441 0.426914
10813 0.666963 0.016591 0.316446
11469 0.042701 0.409880 0.547418
10659 0.358403 0.447394 0.194203
12300 0.288980 0.528952 0.182068
11687 0.128224 0.484899 0.386877
12888 0.465078 0.456595 0.078327
13850 0.704757 0.146159 0.149084
14261 0.224237 0.390761 0.385003
14961 0.230769 0.558010 0.211221
14242 0.123049 0.781461 0.095490
15728 0.387291 0.521112 0.091597
14809 0.605936 0.304544 0.089520
16406 0.003220 0.419587 0.577192
16010 0.014445 0.594870 0.390685
17829 0.604713 0.190761 0.204526
20892 0.414188 0.190683 0.395128
5577 0.621340 0.204871 0.173790
5562 0.233299 0.301691 0.465009
5696 0.290366 0.219504 0.490130
5489 0.587602 0.196652 0.215746
5634 0.145767 0.692714 0.161518
5456 0.412153 0.546569 0.041278
5977 0.276903 0.572288 0.150808
6534 0.522661 0.270043 0.207296
6104 0.138645 0.427449 0.433906
6631 0.263836 0.308536 0.427628
7125 0.190351 0.003993 0.805656
6738 0.062708 0.330717 0.606575
7145 0.119428 0.098614 0.781958
7536 0.018352 0.281445 0.700203
7221 0.565856 0.007842 0.426302
7979 0.618346 0.174477 0.207178
8440 0.264329 0.687225 0.048446
9669 0.688354 0.099714 0.211932
10194 0.431196 0.425106 0.143698
9263 0.011760 0.721856 0.266384
11231 0.021348 0.954494 0.024158
12370 0.508827 0.168543 0.322629
11771 0.498021 0.294725 0.207255
13351 0.006960 0.421926 0.571115
14337 0.294381 0.681966 0.023653
13478 0.022082 0.922578 0.055340
15822 0.483482 0.514810 0.001708
16111 0.393497 0.321355 0.285149
9644 0.091183 0.269529 0.639288
6725 0.028259 0.471766 0.499975
6336 0.200937 0.511835 0.287228
6217 0.278431 0.024655 0.696913
6420 0.523087 0.024933 0.451979
6944 0.224914 0.445663 0.329423
6547 0.658441 0.281382 0.060177
6588 0.108431 0.885525 0.006044
7169 0.853813 0.131850 0.014337
7091 0.099169 0.385633 0.515198
7082 0.294413 0.574693 0.130894
8033 0.045959 0.886915 0.067127
7915 0.591616 0.235388 0.172996
8473 0.750473 0.131726 0.117801
9907 0.194947 0.066787 0.738266
10444 0.350018 0.624921 0.025061
10430 0.354360 0.639308 0.006332
11831 0.053716 0.573176 0.373108
13060 0.787492 0.041178 0.171330
13756 0.184792 0.097926 0.717282
14424 0.413432 0.522830 0.063739
5979 0.673311 0.294075 0.032614
896 0.725261 0.173142 0.101597
297 0.330909 0.080563 0.588529
393 0.324603 0.442475 0.232922
524 0.337631 0.136448 0.525922
724 0.720924 0.200989 0.078087
1762 0.476768 0.389538 0.133694
1293 0.072810 0.232570 0.694620
3540 0.223779 0.382639 0.393582
2796 0.635952 0.069855 0.294193
3472 0.058177 0.082567 0.859256
3355 0.075101 0.136535 0.788363
3834 0.020839 0.482865 0.496296
3595 0.940724 0.037292 0.021984
5264 0.559355 0.127442 0.313203
4697 0.317120 0.399981 0.282899
5610 0.191134 0.513005 0.295861
27341 0.412354 0.281523 0.306123
27875 0.147296 0.051453 0.801251
20384 0.465421 0.489978 0.044601
27629 0.355688 0.592304 0.052007
29504 0.167597 0.771936 0.060466
29275 0.523695 0.209625 0.266679
10775 0.692248 0.126782 0.180970
14680 0.627287 0.253939 0.118774
12742 0.633770 0.244763 0.121467
5829 0.085512 0.216752 0.697736
29226 0.382523 0.187169 0.430308
32581 0.058928 0.348662 0.592411
23159 0.106545 0.178105 0.715350
20501 0.388374 0.588147 0.023479
21433 0.117052 0.581217 0.301731
17264 0.193700 0.759145 0.047156
16426 0.255916 0.595416 0.148668
14724 0.518805 0.139652 0.341543
12293 0.583627 0.106058 0.310315
6972 0.304068 0.164181 0.531751
7607 0.035101 0.929206 0.035694
6742 0.301158 0.245385 0.453457
5430 0.149229 0.274641 0.576130
4078 0.373190 0.328242 0.298568
3730 0.546695 0.112682 0.340623
1780 0.124713 0.854356 0.020931
842 0.268736 0.218208 0.513056
1084 0.019746 0.054037 0.926217
561 0.122919 0.070061 0.807020
633 0.087607 0.473469 0.438924
1989 0.521648 0.395638 0.082714
1102 0.552624 0.432397 0.014979
930 0.967753 0.006583 0.025665
1390 0.490616 0.168755 0.340629
12 0.076568 0.559714 0.363718
4145 0.528795 0.262186 0.209019
5055 0.228172 0.301176 0.470653
5797 0.265218 0.446747 0.288034
5447 0.035700 0.252156 0.712145
6167 0.185371 0.111854 0.702774
6520 0.725607 0.268585 0.005809
6012 0.513004 0.183382 0.303614
7215 0.039976 0.840615 0.119409
7535 0.213764 0.321655 0.464580
6642 0.002773 0.795524 0.201703
8066 0.736906 0.116839 0.146255
8171 0.377154 0.365220 0.257625
7560 0.321906 0.030698 0.647396
8379 0.781422 0.048066 0.170511
8349 0.330640 0.264060 0.405300
9511 0.913442 0.034818 0.051740
10890 0.369963 0.460753 0.169284
9972 0.211726 0.458251 0.330023
11142 0.293562 0.471841 0.234597
12391 0.206814 0.555580 0.237606
11007 0.067576 0.055154 0.877271
12868 0.164053 0.287341 0.548606
13667 0.593609 0.261464 0.144927
12970 0.438254 0.406265 0.155481
14524 0.059618 0.446676 0.493706
15106 0.338043 0.298634 0.363323
14503 0.352496 0.009270 0.638234
15711 0.614642 0.294568 0.090791
16942 0.130493 0.147559 0.721948
5814 0.084556 0.204471 0.710973
6377 0.323973 0.031874 0.644153
5743 0.006283 0.180356 0.813361
5709 0.195789 0.649268 0.154943
6040 0.245426 0.545858 0.208716
5913 0.136355 0.257694 0.605950
6058 0.642135 0.084730 0.273135
6160 0.629750 0.267609 0.102641
6296 0.121961 0.665131 0.212908
6416 0.621688 0.356715 0.021597
6601 0.240424 0.455293 0.304283
6662 0.423699 0.238837 0.337465
6660 0.313895 0.664645 0.021460
6904 0.112342 0.122108 0.765550
7457 0.392242 0.025948 0.581810
7350 0.837043 0.127196 0.035761
7848 0.600518 0.074216 0.325266
8186 0.199566 0.718158 0.082277
8691 0.387880 0.199833 0.412287
9053 0.424947 0.531569 0.043484
10376 0.223011 0.005233 0.771756
11763 0.488617 0.332361 0.179022
11567 0.130437 0.124305 0.745258
12706 0.478360 0.170888 0.350752
13780 0.576739 0.149793 0.273468
13435 0.367192 0.417464 0.215344
14930 0.145454 0.632552 0.221994
10661 0.872292 0.082926 0.044782
9367 0.165502 0.245398 0.589100
8731 0.002147 0.842406 0.155447
7581 0.344910 0.251811 0.403279
7938 0.025952 0.857283 0.116764
8583 0.002747 0.869775 0.127478
8415 0.152527 0.516855 0.330617
8612 0.273844 0.671801 0.054355
9897 0.176900 0.160965 0.662135
8998 0.263351 0.015215 0.721434
9330 0.688047 0.132073 0.179881
10815 0.171054 0.625959 0.202986
11337 0.309173 0.602417 0.088410
12188 0.373595 0.488622 0.137783
11595 0.297214 0.592338 0.110448
12456 0.673395 0.146363 0.180242
13668 0.337588 0.001114 0.661297
14378 0.539686 0.096783 0.363531
12249 0.032036 0.803128 0.164836
10914 0.665580 0.256109 0.078310
10618 0.489807 0.111411 0.398782
9560 0.548108 0.270206 0.181686
10096 0.253940 0.118520 0.627539
9946 0.525804 0.141686 0.332510
10184 0.211629 0.242967 0.545403
10563 0.658940 0.272550 0.068511
11621 0.031075 0.346827 0.622099
12548 0.119080 0.127968 0.752952
12774 0.565737 0.396089 0.038174
14068 0.397530 0.188907 0.413564
14531 0.253804 0.306917 0.439279
15241 0.027776 0.675050 0.297174
14570 0.178478 0.684559 0.136964
15451 0.670222 0.298002 0.031776
14788 0.070660 0.326420 0.602919
15322 0.281952 0.193432 0.524615
10635 0.179676 0.254429 0.565895
9526 0.571209 0.419383 0.009408
9155 0.695423 0.111182 0.193395
9808 0.160118 0.510475 0.329407
9538 0.143298 0.070531 0.786171
9791 0.732269 0.085359 0.182373
9910 0.338776 0.602951 0.058272
9866 0.033419 0.031771 0.934811
11165 0.487135 0.007543 0.505323
11843 0.301519 0.591978 0.106503
12656 0.232665 0.188328 0.579007
13455 0.039394 0.758728 0.201879
15237 0.338907 0.175754 0.485339
16031 0.439829 0.339046 0.221126
8712 0.442968 0.321827 0.235205
8669 0.897821 0.037298 0.064881
8489 0.022525 0.232335 0.745140
9568 0.084464 0.437794 0.477742
9638 0.397770 0.073577 0.528653
10108 0.292006 0.528716 0.179278
11431 0.107687 0.021466 0.870847
12047 0.149077 0.841093 0.009830
12793 0.183446 0.187268 0.629287
13615 0.240294 0.054766 0.704939
15101 0.440729 0.522948 0.036322
15394 0.520019 0.442134 0.037847
9212 0.347412 0.076038 0.576550
9537 0.072031 0.419352 0.508617
8723 0.555702 0.415387 0.028911
9063 0.355848 0.004691 0.639461
9798 0.111032 0.810910 0.078058
10460 0.208108 0.391265 0.400627
11366 0.912991 0.034892 0.052117
11996 0.000435 0.389568 0.609997
12632 0.610244 0.097655 0.292102
13593 0.172787 0.523829 0.303384
14309 0.514784 0.417492 0.067725
15473 0.427530 0.075750 0.496720
13605 0.373393 0.313165 0.313442
12674 0.629081 0.100585 0.270334
10832 0.322006 0.646683 0.031311
11805 0.305320 0.060830 0.633850
12605 0.148310 0.348518 0.503172
12713 0.879410 0.091145 0.029444
13577 0.113354 0.766192 0.120453
18204 0.677971 0.057244 0.264785
16924 0.336573 0.526335 0.137092
15668 0.501889 0.040372 0.457739
14179 0.199717 0.262615 0.537668
12525 0.538862 0.127769 0.333369
12739 0.177051 0.709859 0.113090
12621 0.549493 0.353194 0.097313
12692 0.409506 0.075842 0.514652
16074 0.198454 0.564015 0.237532
16795 0.874835 0.054018 0.071147
17692 0.348733 0.602839 0.048428
17219 0.266854 0.086095 0.647051
14981 0.144123 0.292010 0.563867
15291 0.733932 0.019271 0.246797
15695 0.535413 0.457589 0.006998
15652 0.327657 0.033009 0.639334
11868 0.596598 0.027023 0.376379
12020 0.124715 0.656955 0.218331
10327 0.673026 0.208448 0.118525
11539 0.134863 0.231602 0.633535
9552 0.031975 0.343813 0.624211
10565 0.166710 0.346677 0.486613
10082 0.139940 0.597087 0.262973
9803 0.273748 0.235869 0.490383
10851 0.334664 0.627535 0.037801
10719 0.111652 0.036490 0.851858
12573 0.644562 0.273298 0.082140
14490 0.775571 0.216027 0.008402
15983 0.103518 0.201268 0.695215
16254 0.055553 0.554045 0.390402
18116 0.697110 0.243064 0.059826
6767 0.091689 0.647504 0.260807
19490 0.020346 0.401344 0.578311
19073 0.084340 0.189072 0.726588
18994 0.045563 0.174192 0.780245
25771 0.470139 0.292216 0.237645
32337 0.353969 0.342981 0.303050
26454 0.230830 0.639243 0.129926
28517 0.734520 0.261291 0.004190
32745 0.397800 0.067338 0.534863
34364 0.016821 0.662084 0.321094
34361 0.823134 0.169425 0.007441
34343 0.778802 0.186702 0.034497
32140 0.152564 0.473159 0.374277
26179 0.023388 0.406869 0.569742
26437 0.058758 0.529290 0.411952
31637 0.528439 0.425972 0.045589
30221 0.131927 0.394187 0.473886
14865 0.248490 0.618128 0.133382
18476 0.774227 0.090412 0.135362
17604 0.266268 0.369225 0.364507
17015 0.275774 0.629038 0.095188
17603 0.246225 0.644914 0.108861
19335 0.462932 0.211169 0.325899
18864 0.031078 0.668199 0.300723
18348 0.130924 0.649826 0.219250
20775 0.102395 0.312302 0.585303
18538 0.150136 0.227248 0.622616
12839 0.152741 0.790190 0.057070
11235 0.363715 0.201584 0.434701
10733 0.192215 0.494788 0.312997
12022 0.121568 0.645471 0.232961
15489 0.659617 0.042792 0.297591
12618 0.040644 0.333680 0.625676
14919 0.555181 0.325230 0.119588
14482 0.251020 0.392075 0.356906
15064 0.140100 0.134979 0.724921
14477 0.387822 0.433589 0.178590
10597 0.638348 0.017551 0.344101
15697 0.295450 0.322355 0.382195
16532 0.215566 0.347606 0.436828
16912 0.225651 0.105569 0.668779
15663 0.192191 0.708419 0.099390
11877 0.106589 0.837825 0.055586
11499 0.013732 0.703093 0.283174
9689 0.027373 0.766005 0.206622
11143 0.249123 0.028425 0.722451
15978 0.364704 0.583975 0.051321
14598 0.117414 0.857840 0.024747
20579 0.033424 0.764533 0.202044
16511 0.075226 0.263007 0.661767
17076 0.426823 0.342376 0.230801
12821 0.026329 0.863279 0.110392
9970 0.093966 0.118190 0.787843
20180 0.238966 0.592018 0.169016
20146 0.196339 0.097218 0.706443
20548 0.481879 0.117207 0.400914
21662 0.264617 0.507890 0.227493
22645 0.832729 0.161052 0.006219
20714 0.157261 0.657132 0.185606
24757 0.054382 0.170979 0.774639
22372 0.261099 0.427554 0.311347
27103 0.103229 0.500919 0.395851
25134 0.616889 0.258037 0.125074
25337 0.450923 0.406845 0.142233
23416 0.577773 0.107868 0.314359
14331 0.071501 0.588696 0.339803
17087 0.142067 0.491959 0.365975
19002 0.635702 0.359673 0.004625
22989 0.288068 0.332696 0.379236
19153 0.707453 0.182019 0.110528
21501 0.565605 0.323946 0.110449
20035 0.489148 0.170426 0.340427
15046 0.106897 0.710011 0.183092
12696 0.281042 0.146181 0.572776
15802 0.550568 0.144137 0.305295
15979 0.144827 0.162724 0.692448
12699 0.756577 0.101899 0.141524
11641 0.121548 0.239512 0.638940
9073 0.315997 0.639512 0.044492
8267 0.026688 0.742508 0.230804
8257 0.169548 0.451855 0.378597
8884 0.712030 0.171876 0.116093
7292 0.199411 0.571433 0.229156
18206 0.109927 0.759547 0.130526
24943 0.076408 0.335923 0.587669
7380 0.441836 0.346560 0.211604
7387 0.539845 0.248290 0.211865
3116 0.210590 0.634924 0.154487
14650 0.774851 0.185945 0.039205
4999 0.375840 0.174779 0.449381
6454 0.308992 0.663512 0.027497
1605 0.325832 0.171141 0.503027
5882 0.684942 0.000000 0.315058
1206 0.149681 0.759300 0.091019
3008 0.170694 0.362691 0.466615
1665 0.250051 0.701405 0.048544
1476 0.140319 0.500215 0.359466
3235 0.384248 0.090414 0.525337
3181 0.135548 0.447701 0.416751
2989 0.394236 0.019516 0.586249
2991 0.388961 0.394107 0.216932
3386 0.425229 0.400844 0.173927
1919 0.562674 0.038026 0.399300
2058 0.174267 0.698507 0.127226
3168 0.048345 0.566476 0.385179
2537 0.033793 0.684767 0.281440
2616 0.554431 0.316106 0.129463
2891 0.509952 0.355653 0.134395
5074 0.000000 0.419061 0.580939
4373 0.427505 0.291390 0.281104
6403 0.197099 0.046918 0.755983
4891 0.655564 0.041132 0.303305
3964 0.088666 0.500089 0.411244
2188 0.156698 0.118599 0.724703
4227 0.091968 0.124560 0.783472
4351 0.834763 0.011289 0.153948
1254 0.673359 0.326641 0.000000
5918 0.570595 0.318180 0.111226
6492 0.978121 0.021879 0.000000
22219 0.393743 0.168382 0.437875
9586 0.662993 0.325690 0.011317
6140 0.000000 0.434443 0.565557
5149 0.380418 0.460429 0.159154
17781 0.185342 0.360157 0.454501
20385 0.610658 0.292554 0.096788
20021 0.708415 0.152594 0.138991
9243 0.250093 0.570396 0.179511
5937 0.372394 0.254238 0.373369
1648 0.019737 0.698048 0.282215
1995 0.224081 0.569302 0.206617
45503 0.044314 0.529559 0.426126
45339 0.526921 0.230605 0.242474
44243 0.289402 0.498138 0.212460
44140 0.522618 0.097584 0.379797
40926 0.017874 0.613334 0.368792
40392 0.177493 0.740184 0.082323
40938 0.411072 0.184733 0.404195
41447 0.050939 0.557087 0.391974
40087 0.259308 0.316563 0.424129
40036 0.798025 0.111444 0.090531
37603 0.267697 0.689366 0.042937
38616 0.168714 0.442567 0.388719
39680 0.761882 0.213839 0.024279
37344 0.523726 0.033301 0.442973
37954 0.106963 0.799485 0.093552
37157 0.211405 0.052600 0.735995
36922 0.533265 0.231467 0.235268
42270 0.720924 0.049577 0.229499
41689 0.376732 0.248142 0.375126
32748 0.502007 0.113003 0.384990
40099 0.059554 0.219278 0.721168
41572 0.120014 0.131508 0.748479
41889 0.620940 0.239448 0.139612
41235 0.097530 0.342311 0.560159
40705 0.200689 0.777246 0.022065
38708 0.177800 0.177813 0.644387
37804 0.015609 0.346144 0.638247
33094 0.270344 0.568227 0.161429
33085 0.323523 0.395249 0.281228
34854 0.121160 0.115593 0.763247
34847 0.138336 0.682809 0.178855
35272 0.379839 0.441039 0.179122
36939 0.017585 0.069294 0.913121
47956 0.125521 0.532645 0.341834
47272 0.089269 0.867143 0.043588
46274 0.540176 0.306941 0.152884
43901 0.283231 0.057638 0.659131
47766 0.520453 0.470497 0.009050
42570 0.051515 0.270062 0.678423
42688 0.436070 0.045963 0.517967
42532 0.689695 0.273437 0.036868
48666 0.155041 0.719138 0.125821
48261 0.385048 0.433511 0.181441
47310 0.051590 0.270017 0.678394
47582 0.432752 0.366517 0.200731
47092 0.849966 0.136168 0.013867
48599 0.074103 0.227632 0.698265
47501 0.590545 0.097308 0.312147
46367 0.758606 0.196880 0.044514
46374 0.310251 0.518052 0.171696
46275 0.784403 0.145425 0.070172
47722 0.196963 0.617225 0.185812
46323 0.150863 0.200118 0.649019
45151 0.107184 0.271035 0.621782
45139 0.734793 0.034669 0.230537
43361 0.308915 0.168559 0.522527
43009 0.124006 0.072169 0.803825
41684 0.622210 0.270989 0.106801
41049 0.022743 0.158728 0.818529
41829 0.486139 0.451742 0.062118
43743 0.196968 0.559965 0.243067
44037 0.553665 0.194263 0.252072
46114 0.727440 0.239379 0.033182
47985 0.716778 0.220250 0.062972
46690 0.430801 0.051579 0.517620
46017 0.342305 0.106334 0.551362
44201 0.200630 0.273865 0.525505
38511 0.107877 0.651358 0.240765
46107 0.332307 0.461510 0.206182
48213 0.285611 0.045023 0.669366
45642 0.761675 0.047771 0.190553
44800 0.797177 0.176351 0.026472
48395 0.383945 0.183116 0.432939
48675 0.034097 0.144636 0.821267
48752 0.562436 0.291598 0.145966
49016 0.613632 0.180226 0.206142
48861 0.090056 0.193168 0.716776
48921 0.583918 0.042185 0.373896
42371 0.249468 0.750532 0.000000
41125 0.047665 0.027666 0.924669
43331 0.355720 0.113466 0.530815
37474 0.184059 0.543505 0.272436
39212 0.448856 0.156326 0.394818
39071 0.703600 0.174989 0.121411
39073 0.520251 0.117563 0.362186
42498 0.682051 0.157273 0.160676
43193 0.068904 0.867851 0.063245
42881 0.334740 0.609503 0.055757
41670 0.038756 0.337116 0.624127
41826 0.006850 0.178235 0.814916
47291 0.723299 0.217803 0.058899
47297 0.527184 0.272815 0.200001
48044 0.515985 0.068452 0.415563
48204 0.324866 0.632444 0.042691
48512 0.333778 0.289556 0.376666
46983 0.205823 0.406114 0.388063
45010 0.281153 0.601480 0.117368
45379 0.701967 0.097232 0.200801
47640 0.668295 0.189143 0.142562
48231 0.337900 0.460555 0.201544
47815 0.130692 0.013500 0.855808
48272 0.611033 0.266412 0.122555
45383 0.092770 0.268179 0.639052
48790 0.695648 0.017479 0.286873
47862 0.050313 0.030417 0.919271
46147 0.080300 0.567058 0.352643
43011 0.200290 0.787272 0.012438
46469 0.127931 0.309848 0.562220
47693 0.375187 0.064907 0.559906
47190 0.236810 0.402477 0.360713
44840 0.383262 0.396749 0.219989
48756 0.732181 0.014337 0.253481
48026 0.693861 0.306139 0.000000
47415 0.051920 0.132388 0.815691
45555 0.585060 0.020696 0.394244
11191 0.810665 0.133580 0.055755
13701 0.237512 0.679617 0.082871
17167 0.366797 0.509520 0.123683
19789 0.402192 0.507655 0.090153
22917 0.364320 0.224981 0.410699
24860 0.034020 0.161466 0.804514
30554 0.355559 0.633794 0.010648
34197 0.070053 0.713405 0.216542
33095 0.168912 0.558227 0.272861
36312 0.077900 0.668779 0.253321
37655 0.155248 0.794662 0.050090
34915 0.319788 0.539028 0.141184
32188 0.440580 0.115385 0.444035
30052 0.328814 0.141220 0.529966
29840 0.443647 0.352896 0.203457
23186 0.157144 0.827712 0.015144
30132 0.056854 0.570638 0.372508
27936 0.156799 0.774684 0.068517
23317 0.281549 0.716193 0.002258
17283 0.205426 0.592232 0.202342
18893 0.158901 0.421587 0.419512
30688 0.639947 0.131862 0.228191
11211 0.348712 0.488531 0.162757
14141 0.272057 0.303486 0.424457
32162 0.226058 0.727268 0.046673
30396 0.228213 0.265777 0.506010
38706 0.485826 0.243060 0.271114
39329 0.465025 0.069398 0.465577
38464 0.107811 0.313972 0.578217
26704 0.341944 0.577494 0.080562
27237 0.687162 0.053947 0.258891
14017 0.049636 0.890712 0.059652
15343 0.232908 0.063442 0.703649
19047 0.203603 0.573069 0.223328
29246 0.857419 0.046913 0.095668
32858 0.458308 0.211798 0.329894
34215 0.625998 0.329106 0.044897
31095 0.323908 0.627533 0.048559
37173 0.786122 0.124902 0.088976
38985 0.391645 0.263562 0.344793
38168 0.038763 0.203836 0.757401
37634 0.316796 0.421504 0.261700
36245 0.347912 0.526982 0.125106
34417 0.095477 0.821680 0.082843
33083 0.827501 0.123462 0.049037
33090 0.214547 0.067247 0.718206
30243 0.496198 0.296586 0.207216
33721 0.307830 0.269308 0.422862
34423 0.084393 0.284982 0.630625
37321 0.240071 0.002740 0.757190
31305 0.390711 0.552219 0.057071
32503 0.547493 0.240017 0.212490
29391 0.631685 0.035688 0.332627
30773 0.395994 0.062953 0.541052
23151 0.372964 0.062628 0.564408
26176 0.225913 0.268474 0.505613
17281 0.894904 0.001355 0.103740
38998 0.461228 0.269715 0.269056
37105 0.106002 0.745627 0.148371
39498 0.056688 0.578164 0.365147
38976 0.179826 0.774486 0.045688
40074 0.664246 0.117359 0.218395
40742 0.237764 0.031565 0.730671
41378 0.200556 0.022543 0.776900
43430 0.437417 0.053262 0.509321
44352 0.256098 0.190745 0.553157
42949 0.068080 0.846362 0.085557
42746 0.222340 0.337173 0.440486
40207 0.036737 0.938293 0.024970
37243 0.164227 0.209603 0.626170
40248 0.314849 0.349889 0.335261
40660 0.049121 0.384645 0.566235
40588 0.340363 0.449195 0.210442
42111 0.483830 0.510953 0.005218
43134 0.447697 0.030955 0.521348
32962 0.220978 0.488551 0.290471
36138 0.094611 0.662680 0.242709
31690 0.416329 0.325790 0.257881
11557 0.127153 0.563361 0.309486
20052 0.282536 0.050269 0.667196
17148 0.573827 0.077225 0.348948
25017 0.292331 0.417379 0.290290
12496 0.416351 0.437730 0.145918
17758 0.285451 0.472631 0.241919
25432 0.065796 0.361702 0.572502
35652 0.243019 0.535990 0.220991
32363 0.094072 0.558935 0.346993
37648 0.346500 0.270092 0.383408
36490 0.101544 0.487162 0.411294
38637 0.343729 0.213838 0.442433
42346 0.661040 0.325875 0.013085
41429 0.093138 0.398702 0.508160
44963 0.214035 0.065978 0.719987
43907 0.050159 0.662220 0.287621
45101 0.223160 0.248882 0.527958
37230 0.015622 0.615565 0.368813
34170 0.400805 0.431032 0.168163
35349 0.601084 0.342339 0.056578
29765 0.632786 0.014113 0.353101
31721 0.104240 0.036978 0.858782
27565 0.149573 0.137395 0.713032
21249 0.119458 0.564193 0.316350
17754 0.840455 0.131708 0.027836
8411 0.496348 0.224164 0.279488
10111 0.207229 0.256940 0.535831
12928 0.159055 0.179274 0.661672
13049 0.188830 0.454017 0.357153
15493 0.316200 0.347041 0.336759
19333 0.578668 0.126074 0.295258
21858 0.601090 0.061916 0.336993
22610 0.151539 0.688955 0.159506
25176 0.069249 0.851790 0.078961
25171 0.426100 0.405262 0.168638
31657 0.173247 0.771465 0.055287
30375 0.050744 0.732553 0.216703
34825 0.087318 0.195098 0.717584
32198 0.467178 0.516423 0.016400
36736 0.016757 0.337837 0.645406
38761 0.532857 0.261166 0.205978
39469 0.212879 0.766834 0.020287
40044 0.139033 0.002859 0.858108
41181 0.394560 0.316494 0.288946
41915 0.280421 0.101196 0.618383
42654 0.615779 0.072007 0.312214
41985 0.312720 0.276557 0.410723
43561 0.834503 0.090498 0.074999
43184 0.425199 0.049692 0.525109
43622 0.657728 0.332644 0.009628
43455 0.194912 0.416574 0.388514
43409 0.404791 0.253018 0.342191
41887 0.250807 0.066524 0.682669
41713 0.179905 0.121279 0.698816
37663 0.707120 0.247903 0.044976
39175 0.039027 0.671240 0.289733
38468 0.676555 0.070146 0.253299
34472 0.500436 0.039296 0.460268
35904 0.098696 0.731020 0.170284
11738 0.242514 0.294437 0.463049
12555 0.459584 0.478757 0.061659
14158 0.388466 0.080550 0.530984
14153 0.025354 0.964647 0.009999
16072 0.232213 0.657822 0.109966
16762 0.547476 0.156185 0.296339
18027 0.101551 0.488068 0.410381
18610 0.317413 0.508865 0.173722
21987 0.803171 0.010381 0.186448
21985 0.032089 0.382426 0.585485
25310 0.620064 0.316191 0.063746
25728 0.223113 0.371851 0.405036
29463 0.535582 0.169193 0.295225
31068 0.647817 0.024494 0.327689
33832 0.068615 0.163815 0.767570
34744 0.521253 0.253291 0.225456
37442 0.758105 0.229509 0.012386
40168 0.635478 0.274244 0.090278
40513 0.175525 0.633904 0.190571
41856 0.804914 0.066726 0.128360
42605 0.093375 0.574252 0.332373
43886 0.961931 0.006446 0.031623
43169 0.886743 0.085913 0.027344
43896 0.214595 0.573238 0.212167
44807 0.183021 0.174759 0.642221
44592 0.020366 0.480404 0.499230
44779 0.275301 0.705626 0.019073
45077 0.758293 0.201049 0.040658
44793 0.311731 0.134258 0.554010
45232 0.434529 0.342863 0.222608
45049 0.345772 0.299095 0.355133
43995 0.549710 0.381333 0.068957
14434 0.933174 0.006392 0.060434
15140 0.464243 0.503857 0.031900
15937 0.412894 0.229981 0.357125
16585 0.505266 0.284961 0.209772
18235 0.059591 0.101646 0.838763
19240 0.278645 0.624101 0.097254
19435 0.175842 0.449769 0.374389
24898 0.601628 0.168490 0.229883
24655 0.129022 0.367037 0.503941
27644 0.198964 0.676660 0.124377
28758 0.417916 0.570627 0.011457
33108 0.402748 0.476094 0.121158
33488 0.204364 0.217141 0.578495
37601 0.513920 0.178642 0.307438
38104 0.812038 0.155146 0.032816
41140 0.281046 0.516900 0.202054
40243 0.066005 0.842855 0.091140
39520 0.611418 0.175857 0.212724
42776 0.608976 0.147926 0.243098
41830 0.442591 0.123828 0.433581
41640 0.028962 0.019498 0.951540
43957 0.295806 0.251164 0.453030
43510 0.302999 0.224522 0.472479
43090 0.279155 0.000031 0.720815
44458 0.508194 0.226174 0.265632
43608 0.072930 0.727603 0.199467
44593 0.325563 0.318450 0.355988
43971 0.355320 0.324014 0.320665
44394 0.152993 0.555138 0.291869
43694 0.378879 0.358970 0.262151
22983 0.049416 0.701848 0.248736
28077 0.710918 0.018145 0.270937
25404 0.782014 0.074698 0.143288
37566 0.343686 0.519181 0.137133
37928 0.161558 0.530931 0.307511
36642 0.308413 0.671519 0.020068
39505 0.635724 0.202920 0.161356
39828 0.323044 0.634179 0.042777
38920 0.153814 0.720000 0.126186
42230 0.573876 0.015781 0.410343
43238 0.840699 0.071173 0.088129
41324 0.318660 0.179522 0.501818
45631 0.023558 0.443987 0.532455
44566 0.433593 0.555641 0.010766
46222 0.059253 0.881500 0.059247
34610 0.592410 0.156899 0.250691
42132 0.188665 0.428675 0.382660
39164 0.480886 0.000000 0.519114
39377 0.422518 0.047637 0.529844
35381 0.050137 0.382654 0.567209
31777 0.191532 0.178042 0.630427
35150 0.914307 0.000000 0.085693
33979 0.098877 0.348296 0.552828
35154 0.050741 0.626064 0.323195
43350 0.054919 0.878409 0.066672
43360 0.265756 0.366475 0.367769
43691 0.507661 0.260793 0.231546
