32385 0.185000 0.486043 0.328957
26364 0.010135 0.167179 0.822686
26417 0.653682 0.181220 0.165098
19926 0.103768 0.431453 0.464780
20069 0.097487 0.884968 0.017545
19963 0.544373 0.153767 0.301860
27191 0.157787 0.236995 0.605217
27275 0.658272 0.056287 0.285440
18686 0.524483 0.157874 0.317643
23103 0.151415 0.014146 0.834439
23103 0.184904 0.026091 0.789006
23103 0.215774 0.040237 0.743988
23103 0.016800 0.239381 0.743820
24237 0.500980 0.003961 0.495059
25138 0.215047 0.662776 0.122177
25161 0.333926 0.147001 0.519073
24560 0.642597 0.066689 0.290714
24102 0.203468 0.796532 0.000000
24138 0.073707 0.822158 0.104135
23771 0.484312 0.296012 0.219676
18062 0.425593 0.360760 0.213648
22786 0.287022 0.655579 0.057399
22332 0.484871 0.411198 0.103931
21308 0.442335 0.100789 0.456876
21400 0.032905 0.496472 0.470623
23096 0.978194 0.012885 0.008921
21332 0.105923 0.738208 0.155869
23355 0.655416 0.046615 0.297968
21752 0.496523 0.165667 0.337809
23229 0.008848 0.113676 0.877476
22475 0.574078 0.157570 0.268352
23224 0.755058 0.114153 0.130790
22739 0.150351 0.203331 0.646318
23709 0.186092 0.766465 0.047443
23919 0.352656 0.293596 0.353748
24224 0.672724 0.051908 0.275368
24876 0.648621 0.208055 0.143325
19524 0.627867 0.137711 0.234421
19316 0.085091 0.197721 0.717187
18924 0.053464 0.908067 0.038469
26525 0.198492 0.247195 0.554313
27013 0.031257 0.562470 0.406274
27246 0.624157 0.122237 0.253607
5242 0.379411 0.196706 0.423883
5295 0.178543 0.435708 0.385749
5187 0.037739 0.136253 0.826008
5376 0.231080 0.585504 0.183416
5305 0.113368 0.314529 0.572103
27074 0.020035 0.835696 0.144269
26983 0.005241 0.926180 0.068579
26941 0.537953 0.374648 0.087399
26161 0.802670 0.108378 0.088952
26225 0.314395 0.283030 0.402575
26296 0.199337 0.716579 0.084084
25428 0.694976 0.189810 0.115214
25566 0.037662 0.047928 0.914411
25633 0.446022 0.161340 0.392638
26352 0.189738 0.544988 0.265275
26325 0.241951 0.505434 0.252615
26450 0.488213 0.327963 0.183825
24357 0.196118 0.553782 0.250100
25073 0.415054 0.433470 0.151476
28348 0.008350 0.866992 0.124658
31542 0.191415 0.518079 0.290507
31596 0.125148 0.352576 0.522276
31579 0.303588 0.437852 0.258560
31386 0.301737 0.415428 0.282835
31183 0.324728 0.413303 0.261969
31158 0.842586 0.080709 0.076705
30940 0.534108 0.210737 0.255155
31040 0.670325 0.251085 0.078589
30781 0.177859 0.406437 0.415704
16842 0.547366 0.190948 0.261685
16712 0.084684 0.240379 0.674937
16078 0.439080 0.158466 0.402454
12749 0.301122 0.128304 0.570574
1506 0.014170 0.903243 0.082586
1363 0.022384 0.154331 0.823286
10516 0.792102 0.150918 0.056979
9991 0.098995 0.346936 0.554069
10002 0.133135 0.188457 0.678407
11046 0.554104 0.355469 0.090427
10762 0.619104 0.181036 0.199860
35611 0.422498 0.332101 0.245400
35488 0.211748 0.684280 0.103972
35487 0.688855 0.260478 0.050667
35754 0.134243 0.847160 0.018597
34374 0.164691 0.566519 0.268790
35550 0.127870 0.517448 0.354682
16760 0.107404 0.651342 0.241254
16543 0.140536 0.401034 0.458430
16274 0.811261 0.150313 0.038426
16823 0.201613 0.039294 0.759093
16774 0.649688 0.261911 0.088401
79 0.168894 0.128698 0.702408
2109 0.619701 0.000000 0.380299
67 0.211863 0.400182 0.387955
13697 0.127515 0.556130 0.316355
33737 0.222066 0.231896 0.546038
13655 0.193927 0.211380 0.594693
34335 0.789388 0.083622 0.126990
34345 0.585294 0.186791 0.227915
34226 0.341478 0.514332 0.144190
36687 0.406374 0.383397 0.210229
36860 0.492159 0.215059 0.292781
36724 0.155971 0.061936 0.782093
8812 0.345704 0.634293 0.020003
8954 0.008169 0.701054 0.290777
8825 0.083616 0.451861 0.464523
9907 0.685921 0.074378 0.239701
10368 0.750133 0.194508 0.055360
9705 0.639109 0.268605 0.092286
20767 0.692026 0.288929 0.019044
20848 0.600340 0.113730 0.285930
20879 0.307031 0.501965 0.191004
20286 0.327766 0.571258 0.100976
20286 0.420037 0.393659 0.186304
20250 0.462425 0.199870 0.337705
19604 0.308057 0.319081 0.372861
29176 0.136507 0.311633 0.551860
29094 0.217721 0.711707 0.070573
29090 0.318945 0.610664 0.070391
29111 0.069000 0.027079 0.903920
29335 0.592376 0.257754 0.149871
29335 0.193291 0.569932 0.236777
2756 0.283339 0.659969 0.056692
2815 0.030151 0.583470 0.386379
8360 0.432627 0.163382 0.403991
1658 0.916374 0.038359 0.045267
1803 0.495365 0.171134 0.333501
1678 0.246304 0.753418 0.000278
30012 0.299146 0.032372 0.668482
30130 0.615049 0.021280 0.363671
29983 0.842961 0.100477 0.056562
5309 0.521729 0.255627 0.222644
6465 0.076486 0.538526 0.384988
6857 0.002293 0.962091 0.035616
6861 0.418297 0.404411 0.177293
6549 0.472151 0.452418 0.075431
27392 0.415146 0.581058 0.003796
27410 0.295581 0.058584 0.645835
28318 0.305148 0.222080 0.472772
28430 0.942881 0.047512 0.009607
28425 0.233642 0.540362 0.225996
28460 0.617749 0.168693 0.213557
25552 0.134833 0.781791 0.083376
28283 0.213821 0.228192 0.557986
28282 0.835000 0.165000 0.000000
4264 0.195804 0.342966 0.461230
874 0.375545 0.437211 0.187244
872 0.241416 0.354079 0.404505
4433 0.069275 0.889233 0.041492
4264 0.357866 0.336479 0.305656
28458 0.814170 0.000000 0.185830
25943 0.085031 0.424310 0.490659
26131 0.328055 0.054370 0.617575
26375 0.326795 0.334317 0.338888
26377 0.434333 0.410287 0.155381
25821 0.133059 0.430423 0.436518
17519 0.117897 0.621362 0.260741
17649 0.491310 0.385474 0.123216
6420 0.178568 0.637761 0.183671
4902 0.434306 0.488229 0.077465
4808 0.407290 0.203887 0.388824
4880 0.018084 0.215039 0.766877
609 0.138771 0.830026 0.031203
565 0.421849 0.074951 0.503200
542 0.192247 0.373100 0.434653
1742 0.597882 0.184180 0.217938
4272 0.349473 0.498636 0.151891
4213 0.568856 0.173085 0.258059
4054 0.514377 0.423175 0.062448
33897 0.162618 0.288688 0.548694
33859 0.276716 0.457992 0.265291
33850 0.408764 0.011053 0.580183
19839 0.705092 0.088369 0.206540
29353 0.329633 0.167824 0.502543
29343 0.703886 0.206067 0.090047
29347 0.828558 0.077001 0.094442
20286 0.397638 0.278620 0.323742
23233 0.515160 0.103482 0.381359
17410 0.303930 0.532551 0.163519
1956 0.298686 0.557911 0.143403
1818 0.396833 0.289344 0.313822
1730 0.000000 0.104614 0.895386
34408 0.099161 0.113174 0.787665
37055 0.648718 0.182139 0.169143
36741 0.556363 0.169858 0.273778
36768 0.369350 0.130044 0.500605
32603 0.280507 0.614576 0.104917
32565 0.055677 0.326052 0.618272
32245 0.384977 0.510430 0.104593
32200 0.187912 0.672811 0.139277
32255 0.356592 0.503785 0.139622
32210 0.355392 0.481626 0.162981
527 0.381938 0.547347 0.070715
553 0.297787 0.284360 0.417853
563 0.429532 0.028895 0.541573
687 0.193968 0.097265 0.708767
727 0.254224 0.010597 0.735179
1428 0.003831 0.512669 0.483500
1698 0.486944 0.288782 0.224274
1801 0.139888 0.184015 0.676097
1904 0.726894 0.068055 0.205051
2161 0.586691 0.217648 0.195661
14133 0.059814 0.240222 0.699963
14159 0.143566 0.275865 0.580568
29728 0.005462 0.636874 0.357665
29729 0.280595 0.268816 0.450589
29774 0.441882 0.390962 0.167156
29425 0.144614 0.579212 0.276174
29773 0.196879 0.232112 0.571009
29694 0.192205 0.127875 0.679920
29736 0.587316 0.339830 0.072854
13409 0.466295 0.490018 0.043687
29365 0.521506 0.056283 0.422211
29490 0.536874 0.268515 0.194612
30092 0.007967 0.771649 0.220384
28317 0.589340 0.158930 0.251730
28316 0.105388 0.618224 0.276388
28170 0.000000 0.513032 0.486968
28640 0.385387 0.295151 0.319462
28183 0.575433 0.000000 0.424567
28599 0.299132 0.014230 0.686637
28599 0.810041 0.117807 0.072152
28579 0.297515 0.422563 0.279922
28659 0.337784 0.311547 0.350669
28605 0.305903 0.070398 0.623699
26291 0.553018 0.177236 0.269745
26009 0.499293 0.190176 0.310531
24647 0.488125 0.334068 0.177807
17537 0.188495 0.404103 0.407403
24202 0.448896 0.473329 0.077775
23897 0.086010 0.152158 0.761832
17486 0.435020 0.512386 0.052594
17493 0.266747 0.115326 0.617928
22247 0.375918 0.047390 0.576692
17477 0.221481 0.355936 0.422583
17088 0.686840 0.227120 0.086040
17139 0.603883 0.082528 0.313590
16949 0.047014 0.752813 0.200173
17183 0.366489 0.237449 0.396062
16925 0.429323 0.075422 0.495254
17169 0.038032 0.529150 0.432818
16894 0.561709 0.245623 0.192668
16221 0.053412 0.283697 0.662891
17544 0.550728 0.439056 0.010216
25176 0.447743 0.373528 0.178729
24227 0.173909 0.597567 0.228524
24923 0.603578 0.359948 0.036474
25518 0.148721 0.307019 0.544261
25792 0.350720 0.201168 0.448112
26466 0.148230 0.641907 0.209863
27270 0.749455 0.165482 0.085063
26510 0.172429 0.025625 0.801946
18217 0.100419 0.614527 0.285055
25309 0.733468 0.000000 0.266532
25337 0.070922 0.453053 0.476025
24913 0.028514 0.672956 0.298530
25292 0.078502 0.384159 0.537338
25648 0.220813 0.677940 0.101247
25626 0.299763 0.425913 0.274324
26022 0.544803 0.284539 0.170658
25779 0.593667 0.177417 0.228916
25838 0.032933 0.282323 0.684745
25642 0.667291 0.249635 0.083074
25737 0.202258 0.187380 0.610363
25849 0.234765 0.027535 0.737700
25998 0.578267 0.129680 0.292053
26105 0.089046 0.518186 0.392768
26232 0.031039 0.367342 0.601619
26335 0.083740 0.658829 0.257431
26821 0.065104 0.579055 0.355841
26133 0.000605 0.130601 0.868794
18171 0.167631 0.436254 0.396115
26065 0.097743 0.389494 0.512763
25388 0.036413 0.723354 0.240233
25915 0.448718 0.328852 0.222431
25078 0.091869 0.747029 0.161102
24445 0.241088 0.668181 0.090731
24812 0.140190 0.185315 0.674495
24290 0.254460 0.081089 0.664451
24537 0.388612 0.189685 0.421703
25244 0.814100 0.001511 0.184389
26041 0.696955 0.092568 0.210477
25244 0.395520 0.192789 0.411691
26143 0.006989 0.446846 0.546166
26142 0.165742 0.240643 0.593615
25069 0.656196 0.216079 0.127725
25962 0.391452 0.387390 0.221157
24951 0.448402 0.463756 0.087842
26583 0.125503 0.238964 0.635534
27181 0.428544 0.047644 0.523812
26844 0.310078 0.565917 0.124006
18156 0.137614 0.283219 0.579167
26031 0.149667 0.768796 0.081536
26305 0.269842 0.331838 0.398320
26338 0.277598 0.033957 0.688444
25853 0.587518 0.092971 0.319511
25925 0.105602 0.503616 0.390782
26111 0.761738 0.077649 0.160612
26646 0.691039 0.239601 0.069360
25290 0.504292 0.404660 0.091048
25097 0.332967 0.269841 0.397192
25518 0.595174 0.315255 0.089571
24583 0.057008 0.863287 0.079704
25917 0.510916 0.156970 0.332114
25930 0.192147 0.607931 0.199922
25900 0.391171 0.293847 0.314982
25843 0.143831 0.326853 0.529315
25813 0.181860 0.062801 0.755339
25950 0.326806 0.373658 0.299535
25341 0.113759 0.812295 0.073946
25989 0.147582 0.496802 0.355617
25948 0.667982 0.321273 0.010744
25028 0.084357 0.299668 0.615975
23454 0.244929 0.300149 0.454922
24036 0.213256 0.780824 0.005921
23455 0.070463 0.912579 0.016958
23997 0.214313 0.287147 0.498539
25000 0.751669 0.228629 0.019701
25218 0.287460 0.109584 0.602955
25810 0.150855 0.516922 0.332223
24134 0.381499 0.104117 0.514384
24143 0.464409 0.174020 0.361571
23686 0.108264 0.866722 0.025014
23453 0.272463 0.646877 0.080660
23692 0.013275 0.031702 0.955023
23933 0.433880 0.094801 0.471319
24576 0.118060 0.125193 0.756747
24516 0.192350 0.275057 0.532593
24101 0.013953 0.236877 0.749169
23882 0.367664 0.362768 0.269569
23683 0.176006 0.561080 0.262914
23384 0.085642 0.232946 0.681412
23375 0.062222 0.579712 0.358066
25138 0.601731 0.138316 0.259953
25139 0.473517 0.429898 0.096585
25046 0.245725 0.289472 0.464802
26368 0.284307 0.146725 0.568968
26544 0.836285 0.102222 0.061493
26903 0.728054 0.043478 0.228467
26883 0.532188 0.293340 0.174472
27257 0.271923 0.312897 0.415180
27313 0.800531 0.090978 0.108491
27478 0.833643 0.163392 0.002965
27371 0.026269 0.735848 0.237883
27596 0.114767 0.018278 0.866955
27730 0.012545 0.716850 0.270604
27919 0.112553 0.401948 0.485498
27852 0.194327 0.801746 0.003927
27756 0.660688 0.082551 0.256761
27925 0.494340 0.103579 0.402082
27264 0.469238 0.155380 0.375382
28421 0.188795 0.616041 0.195164
28544 0.150692 0.078783 0.770526
28559 0.540424 0.378555 0.081021
28685 0.522938 0.163528 0.313533
28601 0.310787 0.049489 0.639725
28423 0.245788 0.415410 0.338802
28576 0.298620 0.439750 0.261630
16892 0.003789 0.936361 0.059850
16912 0.038734 0.389958 0.571308
16986 0.726699 0.022820 0.250481
16971 0.277448 0.528337 0.194216
17036 0.452589 0.380851 0.166560
17113 0.297817 0.024568 0.677615
17051 0.107208 0.865104 0.027688
17171 0.200741 0.660492 0.138767
17091 0.293133 0.573553 0.133314
17247 0.927978 0.068953 0.003069
17594 0.440307 0.349577 0.210115
17504 0.496445 0.482361 0.021194
23199 0.819300 0.124084 0.056616
23201 0.071170 0.481801 0.447029
23242 0.913152 0.080433 0.006416
21374 0.834280 0.135670 0.030051
22091 0.382491 0.165959 0.451550
29222 0.652263 0.300189 0.047548
24132 0.612278 0.151744 0.235979
23460 0.044254 0.825766 0.129980
25697 0.500194 0.325010 0.174796
1572 0.299253 0.042419 0.658328
1331 0.490259 0.097411 0.412330
1614 0.214415 0.350174 0.435411
4460 0.266200 0.243833 0.489968
1666 0.548375 0.319619 0.132005
4548 0.614889 0.275655 0.109456
4358 0.127130 0.757393 0.115477
4462 0.078371 0.167697 0.753932
3667 0.128752 0.279359 0.591890
3558 0.383656 0.346785 0.269558
5147 0.564782 0.138067 0.297151
5069 0.080356 0.301311 0.618333
4522 0.837145 0.018171 0.144684
4557 0.106855 0.280233 0.612912
1731 0.503851 0.211651 0.284498
4560 0.189252 0.254754 0.555994
1728 0.089556 0.721557 0.188887
6826 0.163414 0.453230 0.383356
6523 0.031702 0.520882 0.447416
6548 0.082485 0.374100 0.543414
6515 0.152773 0.045084 0.802143
6509 0.163983 0.146763 0.689255
5809 0.443166 0.073281 0.483552
5807 0.033895 0.558352 0.407753
6374 0.440077 0.136640 0.423283
5678 0.478235 0.121195 0.400570
6266 0.501932 0.452579 0.045489
6138 0.553844 0.000549 0.445606
6110 0.200165 0.508665 0.291169
6256 0.625718 0.200435 0.173846
6096 0.166305 0.181840 0.651855
6402 0.108572 0.224582 0.666846
6293 0.116323 0.145368 0.738308
6093 0.542304 0.018559 0.439137
5010 0.166847 0.449991 0.383162
4970 0.315025 0.367582 0.317393
4912 0.379888 0.464442 0.155670
3631 0.875391 0.097326 0.027283
4094 0.077366 0.032381 0.890253
4110 0.406194 0.545296 0.048510
6513 0.082070 0.131168 0.786763
5849 0.485803 0.303693 0.210504
5805 0.239943 0.516898 0.243160
6344 0.034339 0.822386 0.143275
6299 0.261762 0.227036 0.511201
6371 0.752157 0.190136 0.057707
6368 0.664971 0.103418 0.231611
6450 0.175211 0.387698 0.437091
6455 0.038346 0.275915 0.685738
6468 0.453092 0.244741 0.302167
5249 0.154179 0.672234 0.173587
6334 0.700925 0.031525 0.267550
6347 0.236275 0.162868 0.600857
6303 0.607329 0.175830 0.216841
6323 0.164274 0.635350 0.200376
6204 0.316004 0.014369 0.669628
6281 0.510631 0.333205 0.156164
6574 0.369305 0.304091 0.326604
6566 0.174754 0.537944 0.287302
6596 0.034923 0.427647 0.537430
6871 0.278081 0.253313 0.468606
6496 0.218582 0.400076 0.381342
5614 0.455851 0.383615 0.160533
5687 0.485462 0.475542 0.038996
5154 0.229399 0.723272 0.047329
32572 0.074763 0.320152 0.605085
32547 0.025007 0.526281 0.448711
32551 0.795158 0.087485 0.117357
31548 0.776220 0.179742 0.044037
30896 0.091600 0.140863 0.767537
30871 0.270828 0.415442 0.313729
30603 0.628599 0.342707 0.028693
30663 0.288596 0.611719 0.099685
30864 0.288476 0.244900 0.466624
30713 0.273759 0.625645 0.100596
30875 0.231736 0.660854 0.107410
32211 0.348201 0.079830 0.571969
32263 0.266682 0.200974 0.532345
32204 0.043722 0.913783 0.042495
32261 0.324756 0.251840 0.423404
32201 0.638434 0.128738 0.232828
31649 0.888826 0.000000 0.111174
31599 0.230445 0.429399 0.340156
31652 0.131171 0.765025 0.103803
31532 0.573073 0.339305 0.087623
31604 0.005367 0.811998 0.182634
32410 0.255635 0.081534 0.662831
31676 0.035336 0.117684 0.846980
31859 0.252608 0.738375 0.009017
31890 0.644425 0.300752 0.054823
31910 0.190169 0.263799 0.546033
31998 0.082926 0.076322 0.840752
32334 0.369142 0.105338 0.525519
32356 0.617147 0.111161 0.271692
31151 0.696116 0.205872 0.098012
32445 0.249305 0.725426 0.025269
32761 0.230408 0.696191 0.073401
32480 0.629416 0.237415 0.133169
32498 0.704108 0.184076 0.111816
32591 0.021152 0.422474 0.556375
32520 0.131222 0.040902 0.827876
32789 0.048420 0.795784 0.155796
32477 0.254985 0.217363 0.527652
32417 0.149552 0.719872 0.130576
32094 0.077496 0.721509 0.200996
31912 0.039168 0.699047 0.261785
32116 0.132453 0.429522 0.438025
32005 0.068182 0.634658 0.297161
32643 0.243230 0.516547 0.240222
32524 0.597371 0.358099 0.044530
32456 0.753948 0.079396 0.166656
32465 0.394787 0.121416 0.483797
32436 0.295019 0.216320 0.488661
32373 0.111183 0.355911 0.532907
32384 0.728375 0.206817 0.064808
31202 0.376368 0.244090 0.379542
31336 0.018939 0.049994 0.931067
31185 0.236249 0.493724 0.270027
31338 0.073289 0.748975 0.177737
31315 0.062373 0.025105 0.912523
30640 0.003909 0.022118 0.973973
30557 0.223769 0.412461 0.363770
32186 0.066824 0.419570 0.513607
32180 0.563630 0.147354 0.289016
30993 0.026262 0.666155 0.307583
30978 0.082485 0.733793 0.183723
30750 0.363994 0.091459 0.544546
30748 0.602755 0.048505 0.348740
30568 0.815726 0.052879 0.131396
30646 0.103769 0.129155 0.767075
30802 0.538552 0.388897 0.072552
3545 0.008783 0.342175 0.649042
3382 0.167203 0.228008 0.604789
3378 0.161964 0.117732 0.720304
38460 0.389512 0.329365 0.281123
38464 0.373333 0.428750 0.197917
38339 0.317715 0.593435 0.088850
38342 0.040779 0.190745 0.768475
38171 0.178183 0.023425 0.798392
38122 0.051113 0.136147 0.812740
38034 0.046885 0.249261 0.703854
38039 0.098100 0.073826 0.828074
54 0.662800 0.079941 0.257259
38001 0.053608 0.925842 0.020550
1423 0.208103 0.776528 0.015369
3207 0.094258 0.587439 0.318303
38203 0.379902 0.066425 0.553674
38347 0.314534 0.412326 0.273140
1421 0.352336 0.418807 0.228857
38491 0.121245 0.716558 0.162197
3447 0.459767 0.049909 0.490324
14774 0.796673 0.184520 0.018807
14921 0.684730 0.093076 0.222194
14865 0.014252 0.349323 0.636424
14982 0.212417 0.712177 0.075406
15058 0.440817 0.535975 0.023208
14861 0.362002 0.183977 0.454022
14993 0.075328 0.674212 0.250460
14858 0.528728 0.050872 0.420400
12801 0.403205 0.333762 0.263033
15133 0.657097 0.097634 0.245270
32069 0.903549 0.088352 0.008099
32352 0.131676 0.172235 0.696089
31346 0.742702 0.048334 0.208964
31155 0.415537 0.459284 0.125180
31341 0.098984 0.700616 0.200400
31145 0.528254 0.122779 0.348966
31329 0.043630 0.031049 0.925321
31090 0.587522 0.300823 0.111655
31421 0.428448 0.310627 0.260925
31265 0.405484 0.193942 0.400574
31468 0.228238 0.176426 0.595337
31410 0.400674 0.265943 0.333383
30189 0.098510 0.230756 0.670735
29511 0.102645 0.750007 0.147348
29483 0.028228 0.285372 0.686401
13414 0.031692 0.497906 0.470402
13378 0.082407 0.583338 0.334255
29661 0.272964 0.477866 0.249170
29647 0.457015 0.266561 0.276424
29689 0.337774 0.102479 0.559747
29559 0.458734 0.181616 0.359651
29686 0.023556 0.725330 0.251114
29420 0.689457 0.290473 0.020071
29465 0.218968 0.099310 0.681722
30144 0.062932 0.157673 0.779396
29447 0.539670 0.219179 0.241152
30144 0.339522 0.115525 0.544953
29435 0.616790 0.310439 0.072771
29429 0.091657 0.819210 0.089133
29432 0.036816 0.796251 0.166934
29427 0.180903 0.679301 0.139795
29416 0.185039 0.665620 0.149341
29397 0.077767 0.060930 0.861303
29414 0.685471 0.284776 0.029753
29841 0.492580 0.103421 0.403999
29891 0.468793 0.142468 0.388739
29952 0.089763 0.328538 0.581699
30323 0.443040 0.312915 0.244045
30391 0.030002 0.686488 0.283510
30436 0.507304 0.201671 0.291025
30760 0.266975 0.351086 0.381939
30454 0.309058 0.588238 0.102704
30820 0.251307 0.120826 0.627867
30541 0.426232 0.133834 0.439934
30560 0.092553 0.830272 0.077175
32192 0.167808 0.006506 0.825686
32192 0.136606 0.830591 0.032803
69 0.787757 0.135997 0.076247
11915 0.392020 0.484582 0.123398
12763 0.179848 0.223340 0.596812
14719 0.023644 0.948591 0.027765
12736 0.043893 0.658095 0.298012
12732 0.702243 0.097214 0.200544
12728 0.208097 0.307614 0.484289
11914 0.486741 0.222980 0.290279
12721 0.755226 0.031760 0.213014
1275 0.195958 0.572574 0.231468
1186 0.195092 0.641321 0.163587
1136 0.215628 0.099398 0.684974
929 0.127289 0.743774 0.128937
825 0.287911 0.082180 0.629909
703 0.148128 0.013745 0.838127
569 0.086335 0.630249 0.283416
12409 0.097672 0.471707 0.430620
465 0.776162 0.140327 0.083511
12422 0.057555 0.066778 0.875667
467 0.686887 0.280743 0.032370
12533 0.093029 0.522521 0.384450
640 0.087523 0.599772 0.312705
11954 0.184905 0.459312 0.355783
865 0.773580 0.094482 0.131939
12025 0.884441 0.069083 0.046476
156 0.202638 0.039585 0.757777
12139 0.203644 0.017839 0.778517
203 0.158849 0.203480 0.637672
1043 0.019793 0.711880 0.268326
803 0.554502 0.026073 0.419425
12718 0.321282 0.608706 0.070012
12707 0.386633 0.329819 0.283548
14495 0.585646 0.222293 0.192061
14371 0.828540 0.079027 0.092433
14521 0.010455 0.020386 0.969159
13174 0.221973 0.218038 0.559989
14497 0.050882 0.407629 0.541489
1730 0.000000 0.152556 0.847444
1388 0.405235 0.594765 0.000000
1622 0.146011 0.789960 0.064029
1696 0.132697 0.531420 0.335883
1383 0.569984 0.333604 0.096412
1385 0.268322 0.116717 0.614960
4448 0.372004 0.239784 0.388212
8983 0.772989 0.171747 0.055264
8921 0.428719 0.293663 0.277618
8882 0.431110 0.442383 0.126507
8843 0.290828 0.520845 0.188327
36671 0.075023 0.856027 0.068949
36634 0.313991 0.570632 0.115377
36661 0.265956 0.612842 0.121202
36619 0.357947 0.109654 0.532399
122 0.126696 0.327329 0.545974
2939 0.172236 0.825212 0.002552
2937 0.494623 0.008030 0.497347
2950 0.014911 0.642735 0.342354
2951 0.617890 0.183433 0.198677
2923 0.858654 0.051160 0.090186
7818 0.494071 0.474197 0.031732
9081 0.357937 0.111174 0.530889
9029 0.639735 0.278074 0.082192
2862 0.058555 0.707728 0.233717
2089 0.474912 0.261721 0.263367
2013 0.819111 0.033420 0.147469
15527 0.339663 0.248994 0.411343
15563 0.139382 0.654210 0.206408
33893 0.139906 0.140121 0.719973
34286 0.134084 0.471322 0.394593
33664 0.381569 0.216322 0.402109
33710 0.202450 0.675507 0.122042
13602 0.590997 0.128026 0.280976
19334 0.472495 0.316019 0.211485
19393 0.354999 0.034186 0.610816
19426 0.354742 0.548376 0.096881
28785 0.077630 0.199824 0.722547
29232 0.534497 0.000000 0.465503
29235 0.362115 0.399649 0.238236
29300 0.633430 0.308123 0.058447
28869 0.310475 0.480065 0.209460
28907 0.063885 0.550641 0.385474
28869 0.243378 0.024838 0.731784
28907 0.398500 0.440851 0.160649
28934 0.000000 0.154427 0.845573
28893 0.025576 0.305090 0.669334
28892 0.399720 0.107403 0.492877
19406 0.173459 0.813040 0.013501
17202 0.116273 0.614586 0.269141
17278 0.232971 0.548206 0.218823
20352 0.089225 0.159419 0.751356
20064 0.267720 0.009048 0.723231
20263 0.235081 0.487562 0.277357
20438 0.196306 0.278328 0.525366
20839 0.053644 0.928360 0.017996
17414 0.348993 0.187311 0.463696
20604 0.538072 0.004967 0.456962
20655 0.461013 0.367205 0.171781
21308 0.158759 0.397460 0.443781
22618 0.450608 0.084052 0.465340
21886 0.290304 0.036050 0.673645
21091 0.464175 0.000000 0.535825
20928 0.232073 0.413498 0.354430
19623 0.740263 0.034460 0.225277
20164 0.106409 0.405897 0.487695
19669 0.432138 0.027901 0.539961
20126 0.261601 0.638581 0.099819
19798 0.138182 0.195320 0.666498
20272 0.133898 0.588259 0.277843
19991 0.465648 0.461386 0.072966
20522 0.184407 0.546568 0.269024
20491 0.291523 0.471979 0.236498
20499 0.079670 0.681527 0.238803
20563 0.072344 0.238272 0.689384
20419 0.510641 0.475857 0.013502
20448 0.211033 0.113965 0.675002
20434 0.675931 0.302824 0.021245
20904 0.275839 0.027994 0.696167
20668 0.929305 0.068115 0.002580
20582 0.042627 0.376126 0.581247
20457 0.025099 0.051565 0.923335
20545 0.455023 0.236900 0.308077
20797 0.408215 0.043120 0.548664
20713 0.149092 0.540226 0.310682
20599 0.152042 0.073518 0.774441
20920 0.444642 0.235513 0.319845
20821 0.057279 0.603266 0.339455
20709 0.397024 0.433109 0.169866
20696 0.313811 0.231750 0.454439
21417 0.764666 0.163622 0.071712
21670 0.150402 0.564261 0.285337
22262 0.172426 0.396244 0.431330
22489 0.728948 0.040793 0.230259
23070 0.711701 0.221556 0.066744
23075 0.839896 0.018856 0.141248
20917 0.121632 0.648916 0.229452
23075 0.221320 0.603889 0.174790
17986 0.050825 0.324189 0.624986
21932 0.387751 0.139964 0.472284
21245 0.340463 0.208474 0.451062
20289 0.061772 0.340531 0.597697
20486 0.645368 0.308257 0.046376
21354 0.487344 0.443311 0.069345
21059 0.194443 0.371128 0.434429
20077 0.146342 0.583013 0.270646
20315 0.626845 0.160361 0.212794
20450 0.579649 0.381192 0.039159
21369 0.452429 0.163926 0.383645
20532 0.277433 0.268916 0.453651
21796 0.102815 0.615203 0.281982
21542 0.301735 0.211605 0.486660
20138 0.612966 0.244938 0.142096
20217 0.377145 0.235942 0.386913
19931 0.035671 0.775216 0.189114
19390 0.008493 0.787121 0.204386
22553 0.809533 0.123009 0.067458
21864 0.509777 0.123070 0.367153
22554 0.675192 0.017963 0.306845
21865 0.136376 0.812861 0.050762
21350 0.594914 0.220048 0.185038
21329 0.787290 0.103852 0.108858
20805 0.178746 0.528367 0.292887
21541 0.025221 0.447016 0.527763
20661 0.553166 0.029347 0.417487
22143 0.272814 0.545364 0.181822
21526 0.080202 0.778247 0.141550
21641 0.046640 0.115475 0.837884
19575 0.290181 0.216295 0.493525
19711 0.077563 0.417676 0.504761
20637 0.506393 0.259593 0.234014
21447 0.064962 0.484136 0.450902
23458 0.507876 0.093986 0.398138
22725 0.041668 0.239713 0.718619
22593 0.247133 0.419280 0.333586
21761 0.261141 0.338475 0.400384
21682 0.579281 0.230587 0.190132
21106 0.414689 0.290247 0.295064
22410 0.514936 0.178498 0.306566
21308 0.463664 0.350859 0.185477
20547 0.000000 0.178201 0.821799
18961 0.092763 0.871003 0.036234
18763 0.178418 0.187913 0.633669
18970 0.987028 0.004564 0.008408
18549 0.009552 0.526021 0.464426
18548 0.525398 0.261932 0.212670
18717 0.008780 0.735395 0.255825
18717 0.104348 0.146416 0.749236
18969 0.027021 0.452074 0.520905
18863 0.070292 0.012979 0.916728
19072 0.210551 0.570423 0.219026
19073 0.335347 0.275220 0.389433
19544 0.040957 0.060927 0.898116
19266 0.512238 0.274360 0.213403
19864 0.385744 0.249943 0.364313
19758 0.085811 0.626517 0.287672
20217 0.443521 0.069890 0.486590
20134 0.185668 0.349713 0.464619
20505 0.147656 0.399001 0.453343
21160 0.782588 0.069399 0.148013
29344 0.762089 0.041656 0.196255
29351 0.044340 0.879781 0.075879
29257 0.746765 0.163295 0.089940
29320 0.241805 0.474322 0.283873
29131 0.145751 0.172274 0.681974
29154 0.482321 0.032849 0.484830
29007 0.808397 0.103533 0.088069
29020 0.039582 0.786018 0.174400
29022 0.215348 0.477550 0.307101
28952 0.443269 0.143165 0.413566
28977 0.364876 0.277656 0.357468
29116 0.037930 0.284425 0.677645
29174 0.255244 0.639915 0.104841
28992 0.526761 0.132467 0.340772
29071 0.109313 0.602347 0.288341
29267 0.000000 0.863686 0.136314
20742 0.056206 0.215590 0.728204
19447 0.654695 0.041622 0.303684
19567 0.563012 0.417007 0.019981
17328 0.006947 0.395016 0.598037
17319 0.057770 0.011780 0.930450
20587 0.133642 0.168729 0.697628
21161 0.013606 0.457684 0.528709
21995 0.290460 0.532920 0.176620
18867 0.119295 0.259380 0.621325
19019 0.191736 0.303838 0.504426
18650 0.624603 0.115897 0.259500
18570 0.145413 0.103567 0.751020
19103 0.838208 0.004043 0.157749
18705 0.378600 0.209651 0.411749
18813 0.634420 0.263443 0.102138
18505 0.076931 0.842982 0.080087
18531 0.528278 0.257340 0.214382
18468 0.039958 0.457267 0.502775
18516 0.534481 0.226652 0.238867
18748 0.389526 0.040612 0.569862
18814 0.122290 0.300886 0.576824
19108 0.148833 0.802033 0.049133
20250 0.068914 0.690993 0.240093
18810 0.241370 0.003536 0.755094
19934 0.151781 0.169877 0.678341
18451 0.133334 0.005428 0.861239
18526 0.528483 0.084233 0.387283
18800 0.073567 0.432938 0.493495
18985 0.627013 0.135381 0.237606
19319 0.013222 0.261935 0.724843
19564 0.325207 0.459211 0.215582
19903 0.566119 0.224460 0.209421
20078 0.501780 0.314517 0.183703
20287 0.144108 0.372339 0.483553
18665 0.562438 0.101078 0.336483
22889 0.540126 0.000000 0.459874
18895 0.144900 0.082027 0.773073
18882 0.365594 0.591056 0.043350
18766 0.114303 0.097622 0.788075
19400 0.173421 0.545617 0.280962
18859 0.284313 0.073821 0.641866
18466 0.387595 0.249890 0.362515
18552 0.419038 0.517027 0.063935
22220 0.147938 0.720942 0.131120
22701 0.188791 0.675849 0.135360
21803 0.319579 0.503738 0.176683
22244 0.243690 0.598420 0.157890
22700 0.445531 0.382411 0.172058
22653 0.231009 0.762320 0.006671
23131 0.615168 0.274492 0.110340
23334 0.830955 0.005078 0.163967
23137 0.679644 0.217717 0.102639
21271 0.135003 0.343847 0.521150
21544 0.141444 0.656027 0.202529
22269 0.115346 0.795699 0.088956
22212 0.245412 0.132255 0.622333
22213 0.589159 0.066103 0.344738
22179 0.326894 0.024274 0.648832
22602 0.096021 0.054010 0.849968
22106 0.724405 0.158288 0.117306
22603 0.428733 0.069521 0.501746
22049 0.002452 0.273382 0.724165
21931 0.488107 0.348070 0.163823
22264 0.245394 0.175494 0.579112
22754 0.471610 0.071383 0.457007
21322 0.728008 0.167540 0.104452
23099 0.659503 0.015503 0.324993
23357 0.021001 0.159505 0.819494
23845 0.765034 0.059634 0.175332
24062 0.118853 0.045478 0.835669
24341 0.036702 0.644667 0.318631
25124 0.731121 0.080641 0.188238
25272 0.917240 0.027736 0.055024
24398 0.609429 0.261277 0.129294
23851 0.795102 0.109423 0.095476
23356 0.380655 0.612832 0.006513
23669 0.488901 0.058604 0.452495
23357 0.594740 0.245590 0.159669
23366 0.651021 0.173942 0.175037
22292 0.888965 0.104781 0.006253
22646 0.418791 0.175378 0.405831
2228 0.074038 0.322063 0.603899
8015 0.090194 0.809999 0.099807
1934 0.450059 0.464585 0.085356
7931 0.099020 0.720457 0.180523
8090 0.250488 0.616665 0.132847
8018 0.038085 0.796654 0.165262
8121 0.038573 0.725119 0.236308
10703 0.440999 0.009921 0.549080
11008 0.787344 0.092504 0.120152
11003 0.530124 0.160765 0.309111
11006 0.182536 0.501460 0.316004
10696 0.024937 0.184798 0.790265
10652 0.667603 0.113631 0.218766
10224 0.279071 0.340772 0.380157
10288 0.782983 0.185362 0.031655
10217 0.080621 0.848655 0.070724
10248 0.640994 0.259708 0.099298
10163 0.741523 0.186421 0.072057
9680 0.308618 0.467364 0.224019
9630 0.631510 0.135958 0.232532
9607 0.784498 0.168327 0.047176
9609 0.641437 0.159820 0.198744
9681 0.439123 0.381721 0.179156
10654 0.283656 0.304459 0.411885
9566 0.287358 0.494361 0.218281
9731 0.231575 0.098990 0.669435
9733 0.307729 0.389222 0.303049
10753 0.374522 0.332953 0.292525
10689 0.193030 0.661615 0.145355
11013 0.310902 0.647075 0.042024
10789 0.681407 0.049404 0.269189
11022 0.209333 0.243885 0.546782
10986 0.214755 0.221662 0.563583
10724 0.188708 0.358384 0.452908
10740 0.370160 0.501852 0.127988
7882 0.294853 0.127609 0.577538
7905 0.120442 0.191586 0.687972
9519 0.199518 0.247477 0.553005
9539 0.388060 0.288487 0.323453
9322 0.360842 0.236787 0.402371
9465 0.480121 0.339431 0.180448
9404 0.066792 0.673972 0.259236
9546 0.391552 0.053914 0.554533
9388 0.275103 0.106360 0.618537
9293 0.267670 0.478141 0.254189
9259 0.503069 0.050090 0.446841
9178 0.090584 0.146277 0.763138
9189 0.232909 0.013104 0.753987
10424 0.219853 0.718804 0.061343
10459 0.259180 0.447195 0.293625
10406 0.265382 0.044459 0.690159
10336 0.694391 0.159674 0.145934
8967 0.059341 0.659318 0.281340
9045 0.267974 0.068892 0.663134
8952 0.593344 0.119700 0.286956
10182 0.356038 0.570377 0.073586
10149 0.224702 0.607448 0.167850
10132 0.148998 0.778729 0.072273
9669 0.411682 0.509619 0.078699
10660 0.151569 0.698036 0.150395
10239 0.294851 0.561382 0.143767
10174 0.179720 0.233169 0.587111
10091 0.439555 0.440442 0.120003
10073 0.332972 0.565058 0.101971
8925 0.048968 0.851725 0.099307
8984 0.859235 0.035809 0.104956
37086 0.537213 0.049804 0.412983
37088 0.201574 0.673772 0.124654
36761 0.252869 0.194841 0.552290
36749 0.069485 0.244343 0.686171
35957 0.366184 0.137924 0.495892
36022 0.872282 0.000000 0.127718
36797 0.186244 0.793948 0.019808
36314 0.367477 0.103339 0.529184
35946 0.120488 0.771713 0.107799
36275 0.260412 0.249732 0.489856
36553 0.120631 0.195726 0.683643
36501 0.658459 0.051995 0.289547
36498 0.089878 0.337027 0.573095
36549 0.410122 0.528331 0.061547
34892 0.072007 0.531432 0.396562
36477 0.609564 0.341476 0.048961
35788 0.518588 0.462096 0.019317
36713 0.089595 0.651025 0.259380
36292 0.422475 0.246240 0.331285
36813 0.227660 0.536848 0.235492
36775 0.334691 0.577590 0.087718
36817 0.447325 0.541697 0.010978
36889 0.462012 0.093545 0.444443
36874 0.190885 0.109626 0.699489
35078 0.753735 0.088084 0.158182
35353 0.018516 0.578532 0.402952
35102 0.086330 0.270879 0.642791
35310 0.313819 0.303229 0.382952
34988 0.739131 0.116399 0.144470
35236 0.284751 0.590775 0.124474
36600 0.017888 0.409870 0.572242
36626 0.210599 0.046140 0.743261
36642 0.704741 0.073341 0.221918
36344 0.374132 0.349821 0.276047
36405 0.123758 0.228207 0.648035
36469 0.065051 0.055877 0.879071
36734 0.017111 0.653843 0.329046
36393 0.762764 0.186202 0.051034
36339 0.111286 0.562343 0.326371
36185 0.188038 0.285782 0.526180
36043 0.212458 0.159463 0.628078
35975 0.522718 0.341803 0.135479
36755 0.368568 0.355496 0.275936
36796 0.031754 0.897343 0.070902
36823 0.580169 0.358838 0.060994
2072 0.028887 0.300506 0.670606
2240 0.011158 0.840267 0.148574
7804 0.241323 0.335235 0.423442
7987 0.226966 0.643480 0.129554
7732 0.391120 0.146785 0.462095
1820 0.114611 0.359967 0.525422
8408 0.409118 0.530619 0.060263
8137 0.240352 0.415943 0.343705
8131 0.488430 0.172762 0.338808
2241 0.294507 0.579659 0.125834
7912 0.373247 0.553700 0.073053
7953 0.384738 0.524662 0.090600
8036 0.719429 0.216474 0.064097
2179 0.210139 0.124451 0.665409
8167 0.031095 0.787568 0.181336
7820 0.109561 0.270426 0.620012
7974 0.848827 0.017690 0.133483
9003 0.651679 0.177339 0.170982
8775 0.425101 0.342715 0.232184
8978 0.260299 0.112968 0.626732
9136 0.360174 0.112005 0.527821
36475 0.000000 0.034080 0.965920
36479 0.722023 0.141251 0.136726
35796 0.444576 0.307262 0.248163
36494 0.620305 0.289565 0.090131
36485 0.558565 0.271279 0.170156
36534 0.258073 0.707715 0.034213
36530 0.092728 0.525533 0.381739
36518 0.295405 0.077468 0.627127
34738 0.384572 0.319768 0.295660
34914 0.088780 0.560333 0.350887
34830 0.212485 0.601804 0.185711
36675 0.734512 0.209374 0.056114
36621 0.046470 0.740030 0.213499
34819 0.134111 0.656492 0.209397
34801 0.269319 0.607485 0.123196
34543 0.600433 0.158902 0.240665
34905 0.457605 0.358403 0.183992
35420 0.704667 0.168177 0.127155
35317 0.104374 0.347877 0.547749
34811 0.130011 0.433465 0.436524
35326 0.447922 0.352528 0.199550
35090 0.793385 0.100305 0.106310
35142 0.400356 0.575047 0.024597
36576 0.402049 0.408589 0.189361
36573 0.428739 0.431111 0.140150
35503 0.420787 0.370056 0.209157
35508 0.832228 0.076309 0.091463
35404 0.745719 0.196538 0.057743
35409 0.329352 0.068721 0.601928
35338 0.610952 0.175262 0.213786
3433 0.652579 0.035995 0.311426
3392 0.166288 0.249217 0.584494
38476 0.256088 0.354244 0.389668
38472 0.367119 0.330773 0.302108
38329 0.339341 0.601003 0.059656
38325 0.454214 0.520478 0.025308
38185 0.672686 0.025954 0.301360
38108 0.203628 0.386229 0.410143
38051 0.125483 0.040921 0.833596
38052 0.072224 0.551895 0.375882
87 0.510300 0.189736 0.299964
38180 0.884274 0.022798 0.092928
38332 0.112271 0.721778 0.165952
38468 0.364763 0.362552 0.272685
3388 0.257638 0.702025 0.040337
3400 0.149218 0.539603 0.311178
38481 0.244748 0.600051 0.155201
38321 0.327271 0.418756 0.253973
38104 0.354376 0.035519 0.610104
3178 0.136106 0.573476 0.290419
2140 0.004989 0.170381 0.824630
2147 0.149926 0.652897 0.197177
15025 0.135885 0.817963 0.046152
15134 0.045413 0.833502 0.121084
13215 0.741455 0.157111 0.101434
12808 0.398477 0.530417 0.071106
15008 0.442632 0.500528 0.056841
15107 0.480870 0.475646 0.043484
15209 0.077963 0.271661 0.650376
15313 0.946885 0.026314 0.026801
12828 0.389879 0.076882 0.533239
12833 0.104014 0.252662 0.643324
12840 0.365701 0.479228 0.155071
12850 0.158742 0.235345 0.605912
12957 0.369388 0.320457 0.310155
13014 0.028468 0.438778 0.532754
13106 0.036813 0.723754 0.239433
3076 0.018524 0.803171 0.178305
3133 0.242994 0.647802 0.109204
3075 0.179020 0.279818 0.541162
3034 0.322583 0.223731 0.453685
2850 0.407711 0.260224 0.332065
13094 0.499265 0.331413 0.169322
12949 0.629873 0.182290 0.187837
13049 0.029326 0.525263 0.445410
12898 0.106228 0.019313 0.874459
12917 0.037915 0.398145 0.563940
12395 0.174027 0.815755 0.010218
15646 0.585351 0.103488 0.311161
13747 0.413767 0.205710 0.380523
13731 0.371494 0.598166 0.030340
13689 0.134032 0.664776 0.201193
13647 0.769317 0.130536 0.100147
13622 0.238919 0.713207 0.047874
13607 0.088318 0.562325 0.349357
13572 0.282876 0.188540 0.528584
13558 0.567308 0.356484 0.076208
13406 0.012567 0.935293 0.052140
13396 0.722605 0.255964 0.021431
13470 0.681604 0.256022 0.062374
12180 0.278205 0.235816 0.485979
12243 0.340857 0.622604 0.036539
33715 0.417977 0.170260 0.411763
13546 0.634848 0.095293 0.269859
13526 0.141750 0.713453 0.144797
13523 0.133680 0.076171 0.790149
13553 0.033162 0.941762 0.025076
13459 0.276454 0.256712 0.466835
13441 0.503667 0.317929 0.178404
33696 0.389514 0.408322 0.202163
13088 0.529048 0.367352 0.103600
13005 0.521588 0.104007 0.374404
15765 0.544663 0.331868 0.123468
15497 0.040025 0.098422 0.861554
33766 0.695374 0.028995 0.275631
33667 0.458806 0.183875 0.357319
15549 0.049034 0.049045 0.901920
15600 0.441377 0.511188 0.047436
15584 0.241037 0.273427 0.485536
15545 0.903592 0.017843 0.078565
13029 0.483368 0.416070 0.100562
12894 0.181120 0.404712 0.414168
12869 0.013906 0.618351 0.367743
15466 0.315361 0.171503 0.513136
13232 0.225349 0.711533 0.063117
15476 0.176121 0.061847 0.762032
13223 0.159160 0.404685 0.436155
15415 0.454510 0.002570 0.542920
15252 0.504193 0.409928 0.085880
15413 0.122014 0.744147 0.133839
15270 0.063221 0.394857 0.541922
13228 0.412583 0.442125 0.145292
15182 0.037367 0.022319 0.940314
15350 0.719388 0.210767 0.069845
15280 0.042702 0.575335 0.381963
15483 0.253187 0.233904 0.512909
15446 0.126421 0.559642 0.313937
15690 0.027684 0.820578 0.151738
15491 0.102854 0.016741 0.880405
15629 0.297520 0.651244 0.051236
15408 0.224244 0.032898 0.742858
33862 0.068727 0.894314 0.036959
15995 0.253237 0.123554 0.623210
16433 0.624026 0.050152 0.325822
16450 0.740564 0.195334 0.064102
16363 0.034475 0.917130 0.048395
15123 0.586282 0.354617 0.059100
16546 0.441291 0.542257 0.016452
16338 0.079037 0.343988 0.576975
16427 0.127947 0.630065 0.241988
2997 0.458725 0.231138 0.310138
2928 0.119145 0.597674 0.283182
2671 0.320924 0.656626 0.022450
12826 0.318928 0.596083 0.084989
12812 0.610882 0.071308 0.317810
2884 0.270383 0.685563 0.044054
2738 0.324518 0.370669 0.304813
2695 0.622777 0.046020 0.331203
2513 0.089534 0.710034 0.200432
2479 0.380521 0.123808 0.495670
2345 0.194557 0.611483 0.193960
2360 0.604569 0.068783 0.326648
2267 0.347035 0.084132 0.568834
2442 0.063609 0.219500 0.716891
2305 0.007851 0.706913 0.285236
2284 0.433631 0.332359 0.234010
2217 0.258538 0.390841 0.350621
2196 0.159633 0.840258 0.000110
1784 0.129734 0.685300 0.184966
2002 0.125714 0.221239 0.653047
1767 0.021839 0.122530 0.855631
1774 0.728744 0.017972 0.253284
2682 0.759264 0.123113 0.117623
2429 0.272871 0.696871 0.030257
2409 0.586181 0.225194 0.188624
2341 0.101272 0.177408 0.721320
12802 0.053504 0.320936 0.625560
11921 0.474781 0.438289 0.086930
12798 0.077795 0.462237 0.459968
12786 0.133025 0.117263 0.749712
12777 0.337293 0.385487 0.277220
1986 0.050840 0.802063 0.147097
2243 0.079703 0.024582 0.895716
16348 0.215470 0.256592 0.527938
16273 0.090162 0.353801 0.556037
16271 0.001695 0.437329 0.560976
14872 0.133272 0.608739 0.257989
33835 0.333522 0.434625 0.231854
36345 0.482082 0.009463 0.508455
36663 0.896036 0.017596 0.086368
36660 0.135591 0.117370 0.747039
36677 0.535917 0.451636 0.012447
35570 0.222407 0.124149 0.653445
35741 0.123186 0.323765 0.553049
35678 0.852002 0.049990 0.098008
34486 0.334674 0.033201 0.632125
34385 0.013523 0.352770 0.633707
33789 0.005355 0.007396 0.987249
34495 0.400795 0.137988 0.461218
33790 0.276315 0.693097 0.030588
33803 0.033055 0.657630 0.309314
33947 0.058016 0.372426 0.569558
34220 0.515230 0.277082 0.207688
34220 0.232681 0.263297 0.504022
34335 0.208304 0.132263 0.659434
13455 0.500348 0.025334 0.474319
34211 0.526304 0.438999 0.034697
34175 0.260179 0.010148 0.729673
34694 0.679266 0.135084 0.185650
34615 0.700927 0.212774 0.086299
34837 0.351785 0.089288 0.558927
34652 0.726863 0.159766 0.113371
34710 0.740421 0.108127 0.151452
34707 0.390402 0.440490 0.169108
34701 0.334239 0.401467 0.264294
