42331 0.213461 0.092612 0.693927
42337 0.082549 0.004802 0.912648
54524 0.535541 0.181152 0.283307
54525 0.744081 0.244526 0.011393
54520 0.231199 0.652507 0.116294
54524 0.849674 0.083004 0.067323
54520 0.554346 0.341810 0.103844
54523 0.229301 0.482626 0.288074
54522 0.295537 0.083683 0.620781
54527 0.015218 0.269595 0.715187
54524 0.556913 0.327084 0.116003
54527 0.066669 0.352929 0.580403
54527 0.105658 0.416163 0.478179
54527 0.141294 0.089773 0.768934
54527 0.242397 0.232484 0.525119
54522 0.130998 0.212432 0.656570
54522 0.257025 0.274981 0.467994
54593 0.587414 0.063275 0.349311
54602 0.698809 0.021817 0.279374
54603 0.448977 0.189203 0.361821
54603 0.268640 0.327344 0.404017
54681 0.255317 0.361552 0.383132
54519 0.020505 0.648203 0.331292
54523 0.234151 0.151686 0.614163
54522 0.560399 0.063603 0.375999
54523 0.645581 0.136237 0.218182
54515 0.102119 0.664466 0.233415
54519 0.293618 0.192441 0.513941
54519 0.490036 0.390731 0.119232
54518 0.501364 0.255767 0.242869
54522 0.426673 0.273824 0.299503
54522 0.611139 0.254322 0.134539
54681 0.187670 0.719258 0.093072
54685 0.161424 0.249470 0.589106
54685 0.384450 0.437341 0.178209
54518 0.821814 0.054874 0.123312
54685 0.605959 0.241589 0.152452
54685 0.421036 0.375434 0.203530
54684 0.416279 0.169059 0.414662
54684 0.429118 0.317583 0.253299
54684 0.308306 0.477011 0.214683
54687 0.037742 0.783261 0.178996
41387 0.357755 0.582432 0.059813
54685 0.154977 0.047847 0.797176
54685 0.071980 0.168691 0.759329
54685 0.519771 0.477882 0.002347
54685 0.255959 0.286388 0.457653
54684 0.316165 0.470938 0.212897
54684 0.559984 0.154819 0.285197
54687 0.097292 0.509096 0.393612
54686 0.196716 0.050136 0.753148
54686 0.230827 0.028841 0.740332
54686 0.184339 0.364137 0.451524
54686 0.314762 0.184045 0.501192
54626 0.710829 0.177661 0.111510
54686 0.179648 0.645772 0.174579
54686 0.286269 0.537415 0.176316
54686 0.542259 0.241732 0.216008
54686 0.597564 0.400972 0.001464
54626 0.222981 0.727139 0.049880
54626 0.342902 0.422374 0.234724
54626 0.119716 0.629342 0.250942
54627 0.396427 0.559537 0.044036
54631 0.240433 0.034423 0.725144
54626 0.264715 0.219110 0.516175
54626 0.039900 0.436651 0.523449
54631 0.546747 0.065441 0.387813
54629 0.504889 0.457888 0.037223
54626 0.072026 0.056091 0.871884
54628 0.774587 0.221246 0.004167
55298 0.514380 0.396900 0.088720
55270 0.360673 0.502110 0.137217
55299 0.604757 0.078792 0.316451
55271 0.553838 0.150507 0.295654
54684 0.430644 0.563855 0.005501
55322 0.386714 0.377869 0.235416
55322 0.219149 0.639411 0.141440
55323 0.690884 0.153762 0.155354
55266 0.506478 0.367252 0.126270
54686 0.442641 0.018714 0.538645
54686 0.633264 0.010714 0.356023
54686 0.810082 0.008491 0.181427
55327 0.179871 0.253906 0.566223
55322 0.203034 0.156663 0.640303
55327 0.298676 0.602042 0.099282
55327 0.058452 0.758013 0.183535
55326 0.001562 0.092744 0.905694
41160 0.098270 0.520739 0.380992
54386 0.523534 0.402884 0.073582
54238 0.446795 0.291029 0.262176
54391 0.171426 0.774192 0.054382
54384 0.429284 0.058077 0.512639
54240 0.670908 0.215947 0.113145
54238 0.025192 0.930047 0.044761
54254 0.130419 0.586350 0.283231
54297 0.011726 0.843926 0.144348
54073 0.666106 0.078249 0.255645
41165 0.332333 0.513738 0.153930
1478 0.014542 0.718638 0.266819
54248 0.533641 0.146426 0.319933
1485 0.070978 0.808060 0.120963
54075 0.819662 0.139124 0.041214
54075 0.487024 0.467478 0.045497
54074 0.065226 0.207823 0.726951
54082 0.578937 0.192110 0.228954
1485 0.409379 0.013724 0.576897
1481 0.560477 0.395459 0.044064
1254 0.333184 0.426424 0.240393
1484 0.553687 0.052813 0.393500
54443 0.900694 0.081076 0.018230
54596 0.096193 0.195242 0.708565
54544 0.311923 0.162204 0.525873
54606 0.032288 0.409238 0.558474
54597 0.144542 0.126550 0.728908
1481 0.719192 0.199457 0.081351
54446 0.025652 0.577209 0.397139
54442 0.242586 0.085005 0.672409
54087 0.396529 0.377603 0.225869
54076 0.264818 0.358462 0.376720
54119 0.103931 0.521012 0.375057
54141 0.324406 0.284125 0.391469
53962 0.610372 0.252898 0.136729
53963 0.354884 0.501441 0.143675
42629 0.126922 0.717512 0.155567
42629 0.332861 0.028301 0.638839
42625 0.020745 0.578780 0.400475
42628 0.543356 0.140432 0.316212
42631 0.095471 0.709239 0.195290
42631 0.235155 0.114261 0.650584
42624 0.460965 0.303197 0.235839
42626 0.205199 0.410263 0.384538
42627 0.162616 0.376104 0.461280
42715 0.316959 0.180660 0.502381
42715 0.007871 0.004329 0.987800
42183 0.193959 0.737575 0.068466
42183 0.715555 0.099540 0.184905
42179 0.335447 0.139573 0.524980
42179 0.084413 0.813550 0.102037
42176 0.201874 0.395421 0.402705
42180 0.568824 0.081920 0.349255
42170 0.235967 0.710349 0.053684
42174 0.730726 0.176852 0.092423
42180 0.090657 0.338512 0.570831
42627 0.799829 0.039213 0.160959
42713 0.393244 0.374030 0.232726
42715 0.063234 0.675891 0.260875
42717 0.541237 0.022816 0.435947
42713 0.042206 0.699670 0.258124
42174 0.392045 0.290843 0.317112
42172 0.065415 0.704063 0.230522
42668 0.887306 0.093375 0.019319
42666 0.037124 0.367727 0.595149
42677 0.184413 0.026914 0.788673
42677 0.146831 0.477737 0.375433
42679 0.247825 0.258729 0.493446
42679 0.059330 0.591160 0.349510
42697 0.304188 0.325010 0.370803
42676 0.163282 0.487597 0.349121
42636 0.229495 0.398331 0.372174
42678 0.493261 0.085291 0.421448
42678 0.022945 0.741290 0.235765
42636 0.541650 0.232000 0.226350
42637 0.090330 0.448151 0.461519
42699 0.657029 0.254740 0.088230
42711 0.332130 0.137814 0.530056
42706 0.449844 0.119524 0.430632
42704 0.281430 0.702278 0.016292
42729 0.883362 0.073671 0.042967
42731 0.182650 0.299707 0.517643
42705 0.262464 0.475936 0.261600
42731 0.755655 0.080099 0.164245
42730 0.274238 0.249470 0.476292
42730 0.552549 0.381290 0.066161
42734 0.831602 0.079669 0.088729
42668 0.142819 0.672639 0.184542
42734 0.316208 0.481428 0.202364
42638 0.013284 0.637811 0.348905
42729 0.152525 0.095793 0.751683
42728 0.578812 0.025828 0.395359
42728 0.186732 0.625562 0.187706
42714 0.624643 0.015191 0.360165
42729 0.079893 0.742098 0.178009
42719 0.671744 0.215149 0.113107
42733 0.347244 0.218967 0.433789
42735 0.226434 0.164984 0.608582
42732 0.408966 0.538425 0.052610
42639 0.775157 0.150539 0.074304
42638 0.450421 0.236086 0.313493
42732 0.027079 0.603738 0.369183
42634 0.665898 0.126623 0.207480
42635 0.166355 0.774196 0.059449
42639 0.008305 0.098325 0.893370
42716 0.711939 0.246030 0.042031
42718 0.195237 0.143533 0.661230
42717 0.286608 0.649360 0.064032
42618 0.081679 0.698007 0.220314
42623 0.387124 0.454063 0.158813
42622 0.058012 0.647392 0.294596
42632 0.449225 0.398518 0.152257
42633 0.101717 0.729294 0.168988
42620 0.206531 0.758483 0.034987
42620 0.177091 0.442963 0.379947
42633 0.419270 0.185632 0.395097
42621 0.153221 0.480614 0.366166
42639 0.089792 0.703840 0.206368
42632 0.007471 0.435843 0.556686
186 0.125856 0.730549 0.143595
765 0.064861 0.075866 0.859273
764 0.109534 0.009929 0.880537
826 0.798879 0.023692 0.177429
819 0.379056 0.239131 0.381813
809 0.152345 0.770294 0.077361
40653 0.333525 0.567841 0.098634
40648 0.153473 0.738736 0.107791
40651 0.372298 0.340141 0.287561
41074 0.108251 0.355237 0.536512
41075 0.552034 0.153916 0.294050
41074 0.768899 0.097389 0.133712
41079 0.636153 0.074410 0.289437
41079 0.135822 0.701354 0.162824
41078 0.043963 0.232751 0.723286
41078 0.320556 0.342466 0.336978
41078 0.852290 0.089677 0.058033
41166 0.462346 0.422029 0.115625
41166 0.336275 0.158905 0.504820
40655 0.086646 0.012914 0.900440
40650 0.547020 0.152737 0.300243
41162 0.786399 0.168101 0.045500
41162 0.031486 0.729424 0.239089
41167 0.414501 0.252002 0.333497
41162 0.304957 0.150864 0.544179
41167 0.168003 0.283450 0.548547
41163 0.630180 0.034882 0.334938
41163 0.339741 0.217061 0.443199
41163 0.086485 0.726143 0.187372
41164 0.698422 0.224864 0.076714
1473 0.059297 0.868152 0.072552
1477 0.028124 0.694254 0.277622
1476 0.301329 0.043978 0.654693
1473 0.522142 0.425198 0.052660
761 0.007381 0.207503 0.785116
1473 0.257058 0.229069 0.513874
817 0.553845 0.385439 0.060717
1477 0.401421 0.032420 0.566159
816 0.045579 0.298854 0.655567
1476 0.644834 0.031609 0.323558
1472 0.546035 0.215371 0.238594
1476 0.767820 0.198052 0.034128
1472 0.626480 0.372850 0.000670
816 0.369378 0.377065 0.253556
818 0.195994 0.015282 0.788724
823 0.445087 0.134349 0.420564
827 0.451383 0.013058 0.535559
826 0.158856 0.418839 0.422304
827 0.184691 0.181662 0.633647
828 0.688585 0.164789 0.146626
820 0.445630 0.510381 0.043989
1476 0.025283 0.871925 0.102792
1479 0.320878 0.453875 0.225247
1474 0.121752 0.133869 0.744379
1475 0.383691 0.111426 0.504883
1474 0.206699 0.454592 0.338709
41164 0.194562 0.674324 0.131115
41164 0.500152 0.206728 0.293120
41164 0.437850 0.106481 0.455669
41164 0.028359 0.578624 0.393016
1478 0.606297 0.125374 0.268329
1485 0.118006 0.090579 0.791416
820 0.233766 0.054863 0.711370
413 0.132111 0.077262 0.790627
822 0.137833 0.794943 0.067224
1474 0.828979 0.115503 0.055517
1481 0.189192 0.451792 0.359017
413 0.198220 0.709553 0.092227
412 0.325317 0.134847 0.539836
830 0.871602 0.110834 0.017564
830 0.180943 0.810685 0.008372
833 0.430263 0.520663 0.049074
830 0.373773 0.178728 0.447499
833 0.018057 0.636977 0.344966
826 0.104446 0.055645 0.839909
830 0.060866 0.197451 0.741683
825 0.534278 0.114460 0.351262
829 0.435045 0.446299 0.118656
4901 0.149358 0.305814 0.544828
4897 0.156356 0.566135 0.277509
4897 0.112077 0.065268 0.822655
4485 0.193173 0.592395 0.214431
4481 0.234559 0.759450 0.005991
4480 0.523888 0.196491 0.279621
4481 0.751404 0.025538 0.223058
4483 0.019374 0.188249 0.792376
4485 0.313071 0.151289 0.535641
4480 0.068333 0.549052 0.382615
4484 0.597826 0.125926 0.276247
4484 0.964853 0.030789 0.004358
4480 0.351336 0.590747 0.057917
4483 0.258197 0.408783 0.333020
4482 0.355356 0.079371 0.565273
4830 0.148180 0.251622 0.600198
4484 0.298021 0.341944 0.360035
4484 0.051501 0.944488 0.004011
4487 0.167904 0.404178 0.427919
4486 0.277450 0.177286 0.545264
4487 0.436953 0.089576 0.473471
4487 0.700213 0.103499 0.196289
4893 0.014275 0.566082 0.419643
4486 0.242535 0.521134 0.236330
4828 0.351912 0.046153 0.601935
4829 0.007295 0.430759 0.561945
4899 0.518141 0.050618 0.431242
4837 0.016416 0.118837 0.864747
4897 0.650590 0.280171 0.069239
4896 0.358685 0.592808 0.048507
4896 0.064311 0.527218 0.408471
4896 0.131920 0.094844 0.773236
7438 0.061430 0.385571 0.552999
7706 0.190647 0.647987 0.161366
5772 0.245480 0.384197 0.370323
7397 0.231135 0.154306 0.614559
7710 0.161785 0.796322 0.041893
7396 0.125702 0.483552 0.390745
7711 0.020059 0.648736 0.331205
7705 0.446978 0.375425 0.177597
7392 0.180681 0.600767 0.218553
7398 0.030672 0.430300 0.539028
7394 0.053941 0.103870 0.842190
7395 0.254958 0.152126 0.592916
7393 0.003730 0.594577 0.401693
5777 0.138895 0.000777 0.860328
6832 0.167010 0.712922 0.120068
7393 0.276556 0.090234 0.633211
7390 0.225842 0.266705 0.507453
5777 0.258311 0.441417 0.300273
5779 0.056480 0.922164 0.021356
5780 0.722889 0.014628 0.262483
7388 0.304094 0.554997 0.140909
5776 0.049487 0.146818 0.803694
5781 0.073089 0.382331 0.544580
7392 0.530234 0.070801 0.398965
7390 0.628342 0.240967 0.130691
7391 0.398132 0.161192 0.440676
7386 0.138032 0.578818 0.283150
7389 0.127667 0.479836 0.392497
7388 0.694046 0.289410 0.016544
6890 0.215566 0.732643 0.051791
7198 0.157482 0.620926 0.221591
7384 0.202680 0.602978 0.194342
7389 0.448338 0.238529 0.313134
6837 0.019195 0.514776 0.466029
7418 0.038136 0.741032 0.220832
6891 0.417513 0.460843 0.121645
6890 0.016408 0.352330 0.631262
7727 0.091998 0.801603 0.106399
7727 0.079398 0.244645 0.675957
5519 0.411776 0.388597 0.199628
7720 0.060186 0.121490 0.818324
7394 0.141840 0.775197 0.082963
7401 0.004743 0.195873 0.799384
7405 0.400124 0.318934 0.280942
7400 0.204725 0.422869 0.372406
5518 0.410423 0.332860 0.256716
7387 0.436885 0.252679 0.310436
7387 0.159191 0.585961 0.254848
7400 0.621505 0.313344 0.065151
7403 0.270882 0.171125 0.557993
7385 0.474287 0.218466 0.307248
7385 0.103171 0.727839 0.168990
7419 0.951212 0.019363 0.029425
7419 0.677299 0.291897 0.030804
7411 0.378397 0.449345 0.172258
7410 0.292133 0.575985 0.131882
7404 0.030037 0.231054 0.738910
16188 0.431663 0.112276 0.456061
16189 0.608661 0.089235 0.302104
18313 0.176091 0.036224 0.787684
7407 0.149963 0.745805 0.104232
7777 0.812620 0.127114 0.060266
18300 0.228216 0.015956 0.755828
18301 0.077993 0.237482 0.684525
18301 0.525448 0.009173 0.465379
18300 0.250615 0.418301 0.331084
16182 0.275199 0.568588 0.156214
7406 0.124745 0.395506 0.479748
16185 0.218142 0.236146 0.545712
16184 0.229687 0.159464 0.610849
11915 0.487607 0.512393 0.000000
16184 0.687181 0.158210 0.154609
7402 0.072722 0.174070 0.753208
16189 0.096575 0.165078 0.738347
16182 0.417593 0.253824 0.328584
7402 0.224523 0.598495 0.176982
7411 0.363783 0.028131 0.608086
16178 0.113575 0.604580 0.281845
7407 0.701301 0.248667 0.050032
16179 0.775246 0.176658 0.048096
7409 0.168767 0.000460 0.830773
16334 0.884994 0.069090 0.045916
16295 0.032672 0.494209 0.473119
16314 0.008830 0.979007 0.012163
16296 0.169456 0.211645 0.618899
7409 0.754456 0.244985 0.000559
16316 0.404334 0.374420 0.221247
16316 0.323438 0.526306 0.150256
16319 0.501949 0.156816 0.341235
16318 0.614866 0.008985 0.376149
16316 0.462858 0.394145 0.142997
7410 0.118311 0.175843 0.705846
7415 0.493976 0.092273 0.413751
16188 0.540659 0.459341 0.000000
16187 0.291963 0.696851 0.011186
16188 0.030723 0.809544 0.159733
16190 0.355453 0.340096 0.304452
16225 0.103401 0.610218 0.286381
16227 0.148146 0.442921 0.408933
16223 0.268855 0.337807 0.393338
16034 0.006560 0.969295 0.024144
16029 0.193563 0.481311 0.325126
16027 0.089448 0.438467 0.472084
16024 0.612205 0.116857 0.270938
16035 0.039657 0.832555 0.127788
16039 0.226047 0.656852 0.117101
16218 0.681832 0.220943 0.097226
16058 0.171111 0.143602 0.685287
16186 0.050704 0.747660 0.201636
16077 0.340142 0.008655 0.651204
16074 0.142955 0.424660 0.432385
16073 0.260587 0.196768 0.542645
16079 0.412875 0.562701 0.024425
16056 0.659926 0.049806 0.290268
13649 0.406627 0.350584 0.242788
16040 0.342976 0.130588 0.526436
26302 0.735206 0.147098 0.117696
16033 0.765283 0.152886 0.081831
13650 0.243975 0.026526 0.729499
13654 0.206386 0.315892 0.477722
13681 0.217053 0.404947 0.378000
26254 0.270747 0.640676 0.088577
26254 0.266901 0.723777 0.009322
26364 0.418365 0.520451 0.061184
26367 0.104072 0.331969 0.563959
26360 0.192142 0.135576 0.672282
26367 0.404274 0.021501 0.574225
26260 0.170327 0.130826 0.698847
26302 0.012648 0.376019 0.611334
26286 0.452735 0.531330 0.015935
26303 0.227564 0.557216 0.215220
26301 0.002019 0.986792 0.011189
26383 0.314102 0.633811 0.052087
26382 0.662312 0.280975 0.056712
26380 0.811865 0.188135 0.000000
26387 0.252509 0.667252 0.080239
26381 0.301051 0.423019 0.275930
26384 0.322277 0.172548 0.505176
26385 0.574818 0.319960 0.105222
26390 0.195285 0.081795 0.722920
26368 0.581211 0.414137 0.004652
26377 0.225157 0.443264 0.331579
26379 0.436202 0.167854 0.395944
26387 0.596045 0.102744 0.301211
26372 0.340418 0.513318 0.146264
26376 0.341288 0.521215 0.137496
26378 0.333459 0.361903 0.304638
26373 0.213256 0.410848 0.375896
26368 0.288813 0.186476 0.524712
26373 0.561421 0.322440 0.116139
26375 0.141055 0.290953 0.567993
26387 0.525312 0.317688 0.157000
11809 0.840927 0.132827 0.026245
16117 0.736822 0.120846 0.142332
26300 0.471051 0.528949 0.000000
7779 0.284975 0.636582 0.078443
7778 0.561353 0.344290 0.094357
7783 0.930271 0.060586 0.009144
7783 0.663739 0.287726 0.048535
26289 0.113045 0.743337 0.143618
26268 0.000000 0.366241 0.633759
26419 0.186166 0.138030 0.675803
7787 0.710923 0.079386 0.209692
7791 0.629268 0.005329 0.365403
26962 0.478057 0.373744 0.148199
7790 0.040969 0.548583 0.410448
7786 0.095592 0.234175 0.670233
7790 0.150191 0.096263 0.753545
7408 0.274553 0.563536 0.161911
7415 0.045004 0.351920 0.603076
7413 0.832125 0.160234 0.007641
7413 0.285685 0.024039 0.690276
7788 0.340946 0.430690 0.228365
7413 0.199694 0.356221 0.444085
7412 0.348251 0.147937 0.503811
7413 0.067231 0.628926 0.303843
7788 0.770594 0.039675 0.189730
7784 0.020310 0.944292 0.035398
7787 0.089750 0.400520 0.509730
26960 0.398469 0.596673 0.004857
7785 0.722232 0.115588 0.162180
7788 0.396414 0.020579 0.583007
7789 0.449976 0.081852 0.468172
7784 0.024646 0.073789 0.901566
7784 0.417156 0.098253 0.484591
7789 0.084211 0.519240 0.396549
27346 0.310285 0.180261 0.509454
26958 0.558254 0.285820 0.155927
26958 0.318390 0.273624 0.407986
26962 0.311039 0.033425 0.655536
26959 0.277724 0.163346 0.558929
26958 0.188404 0.035354 0.776243
26956 0.820516 0.041167 0.138317
26956 0.281453 0.507385 0.211162
27346 0.687227 0.196447 0.116326
27327 0.252353 0.306406 0.441241
27342 0.557954 0.414795 0.027251
27342 0.408025 0.037091 0.554883
27344 0.409902 0.535692 0.054406
26957 0.414890 0.180910 0.404201
27345 0.369167 0.242995 0.387838
26961 0.683022 0.163021 0.153958
26960 0.193594 0.213261 0.593144
26960 0.044218 0.138348 0.817434
26961 0.313410 0.005516 0.681074
7785 0.154890 0.435228 0.409882
7774 0.111602 0.603531 0.284867
6895 0.472039 0.379341 0.148619
18323 0.178463 0.264363 0.557174
6888 0.419338 0.445111 0.135551
18299 0.128915 0.769954 0.101130
7772 0.388968 0.580798 0.030234
7774 0.530516 0.272946 0.196538
6894 0.180826 0.261885 0.557290
18307 0.358933 0.369201 0.271865
18310 0.737970 0.224154 0.037876
26724 0.247478 0.275687 0.476834
6893 0.836446 0.084916 0.078638
27345 0.066337 0.669211 0.264452
6895 0.008043 0.619837 0.372120
26961 0.041457 0.031576 0.926967
26725 0.129959 0.776442 0.093599
26728 0.250112 0.057120 0.692768
26729 0.050766 0.901027 0.048207
9929 0.094357 0.204355 0.701289
26724 0.599783 0.274312 0.125905
17942 0.269766 0.277108 0.453127
26731 0.235568 0.230899 0.533532
26730 0.355468 0.164235 0.480297
17943 0.047106 0.934845 0.018049
9931 0.069299 0.562074 0.368628
17939 0.046342 0.380730 0.572928
9929 0.520976 0.390864 0.088160
26728 0.407748 0.154991 0.437262
26028 0.557221 0.376339 0.066439
26409 0.149843 0.341742 0.508415
26410 0.289317 0.154411 0.556272
26306 0.416342 0.164343 0.419315
26503 0.439907 0.203448 0.356645
26307 0.601330 0.242098 0.156573
26419 0.132812 0.496303 0.370885
26409 0.402714 0.105169 0.492117
26418 0.139371 0.684367 0.176262
26418 0.454459 0.114947 0.430595
26500 0.330975 0.343031 0.325994
18303 0.177746 0.773012 0.049242
18302 0.732520 0.099884 0.167596
16183 0.190873 0.633267 0.175860
17932 0.053474 0.557818 0.388707
6889 0.165282 0.782613 0.052105
26422 0.797477 0.123854 0.078670
18305 0.216841 0.194048 0.589111
18308 0.298946 0.353124 0.347930
18309 0.512180 0.163944 0.323876
26408 0.070454 0.804875 0.124671
26497 0.254223 0.236940 0.508837
16183 0.058158 0.132167 0.809675
16176 0.411844 0.108030 0.480126
16179 0.157617 0.603603 0.238780
26496 0.210898 0.313747 0.475355
6892 0.298457 0.321829 0.379713
17931 0.396498 0.468829 0.134673
17905 0.377899 0.486915 0.135185
9930 0.167356 0.116388 0.716256
9930 0.393450 0.442876 0.163675
26420 0.222178 0.628688 0.149135
10758 0.046933 0.370596 0.582471
10756 0.035938 0.743335 0.220727
10756 0.041018 0.102213 0.856769
10758 0.260307 0.020364 0.719329
16194 0.484226 0.412666 0.103108
16195 0.249517 0.613367 0.137116
16361 0.502178 0.308758 0.189064
16365 0.305808 0.239132 0.455060
26413 0.582802 0.232910 0.184288
16198 0.006109 0.402323 0.591567
16197 0.274935 0.519991 0.205074
16255 0.393321 0.027738 0.578941
16253 0.281965 0.415838 0.302197
10785 0.132687 0.587182 0.280131
16092 0.196572 0.152040 0.651388
16071 0.048098 0.868801 0.083101
16069 0.151765 0.480184 0.368051
16090 0.052382 0.567542 0.380075
16169 0.028549 0.063546 0.907905
16169 0.411456 0.283097 0.305447
16113 0.222359 0.424395 0.353246
10789 0.198669 0.141084 0.660247
16362 0.522954 0.367109 0.109938
17937 0.372436 0.075383 0.552181
16363 0.408927 0.586098 0.004975
16367 0.780309 0.122349 0.097343
10773 0.060747 0.289685 0.649568
13973 0.768570 0.200875 0.030555
13973 0.594848 0.151596 0.253556
13972 0.191708 0.625382 0.182910
16367 0.217830 0.418138 0.364032
16124 0.469978 0.268819 0.261203
16127 0.032562 0.873862 0.093576
13975 0.232580 0.687086 0.080334
13975 0.038440 0.372769 0.588791
13999 0.117841 0.158648 0.723512
13995 0.024809 0.559189 0.416002
16127 0.520369 0.018892 0.460739
16123 0.800159 0.137409 0.062432
13998 0.257591 0.157360 0.585050
16071 0.199047 0.071260 0.729693
16075 0.066311 0.187687 0.746001
16065 0.415824 0.181980 0.402196
16074 0.863845 0.087609 0.048546
13682 0.571047 0.217553 0.211400
17910 0.854863 0.123963 0.021174
16085 0.723979 0.076007 0.200014
26270 0.332953 0.592155 0.074892
26290 0.615364 0.104725 0.279911
26290 0.000000 0.370529 0.629471
26294 0.164783 0.384139 0.451078
26291 0.260477 0.256591 0.482932
26284 0.572039 0.184104 0.243857
26284 0.333456 0.349930 0.316614
26299 0.179826 0.328675 0.491499
26285 0.547311 0.103039 0.349650
26298 0.229028 0.175403 0.595569
26284 0.178419 0.821581 0.000000
26301 0.584376 0.070079 0.345545
26402 0.220869 0.627589 0.151543
26404 0.929780 0.070220 0.000000
26407 0.504258 0.266250 0.229491
26284 0.007923 0.131849 0.860228
26295 0.905446 0.002551 0.092003
26297 0.298433 0.083693 0.617874
26402 0.644894 0.124764 0.230342
26394 0.124463 0.749621 0.125917
26394 0.535637 0.423925 0.040439
7415 0.689045 0.280255 0.030700
26268 0.415150 0.383893 0.200957
26288 0.402727 0.469922 0.127351
26271 0.041279 0.832649 0.126073
26268 0.150568 0.285056 0.564375
26269 0.540790 0.168216 0.290995
26288 0.053079 0.452706 0.494215
26268 0.596059 0.205401 0.198540
26393 0.731885 0.107815 0.160299
26398 0.482931 0.087969 0.429100
26491 0.229283 0.327663 0.443054
26397 0.908465 0.058687 0.032848
26395 0.145023 0.343091 0.511886
7414 0.467143 0.269496 0.263361
7415 0.215968 0.560497 0.223535
7414 0.218040 0.248310 0.533651
26396 0.439309 0.145920 0.414771
26488 0.123894 0.638632 0.237474
26489 0.076790 0.292616 0.630594
26555 0.939515 0.019643 0.040842
26292 0.077196 0.137658 0.785145
26392 0.195864 0.112236 0.691900
7412 0.130316 0.684170 0.185514
7772 0.088934 0.050392 0.860674
5525 0.106476 0.456006 0.437518
5525 0.032246 0.133302 0.834451
5527 0.297193 0.463132 0.239674
5526 0.101038 0.239834 0.659128
5525 0.681105 0.219247 0.099648
7768 0.162310 0.609890 0.227800
7773 0.399733 0.280002 0.320266
5525 0.179011 0.774880 0.046108
26301 0.000000 0.459081 0.540919
26384 0.060391 0.057477 0.882132
7769 0.423133 0.504114 0.072752
5524 0.209577 0.514254 0.276169
7770 0.119777 0.483065 0.397159
7769 0.267003 0.056009 0.676989
26727 0.419287 0.224500 0.356213
7771 0.591261 0.307298 0.101441
5563 0.097327 0.870245 0.032427
26701 0.048562 0.256259 0.695179
5563 0.084168 0.413535 0.502296
5560 0.213636 0.391751 0.394613
5561 0.221535 0.566074 0.212391
26221 0.056864 0.099564 0.843572
26361 0.247318 0.077936 0.674746
26216 0.079601 0.096919 0.823480
26360 0.500822 0.499178 0.000000
26348 0.017116 0.097181 0.885702
26349 0.155666 0.462497 0.381837
26216 0.000000 0.601745 0.398255
26220 0.069913 0.930068 0.000019
26362 0.499677 0.319729 0.180594
26344 0.086222 0.022249 0.891529
26369 0.558115 0.210963 0.230923
26369 0.692668 0.179583 0.127749
26351 0.025389 0.493331 0.481280
26348 0.831355 0.018447 0.150198
26344 0.238942 0.147248 0.613810
26344 0.419889 0.141102 0.439009
26341 0.452645 0.542211 0.005144
26340 0.299687 0.106732 0.593581
26240 0.000000 0.665553 0.334447
26244 0.000000 0.194514 0.805486
26345 0.329152 0.120372 0.550476
26344 0.329150 0.231987 0.438863
26336 0.159542 0.361759 0.478699
26244 0.532196 0.458407 0.009397
6893 0.026283 0.561515 0.412202
10759 0.256614 0.171638 0.571748
10757 0.354853 0.459916 0.185231
10752 0.097610 0.174493 0.727897
10756 0.767587 0.113731 0.118681
10753 0.109216 0.504519 0.386265
10753 0.038072 0.056942 0.904985
10746 0.869299 0.035512 0.095190
16302 0.483109 0.478555 0.038336
16358 0.471219 0.282075 0.246706
16359 0.458192 0.311699 0.230110
16354 0.144898 0.792987 0.062115
16140 0.319473 0.153333 0.527194
16140 0.006920 0.744591 0.248489
10758 0.539558 0.287880 0.172561
10759 0.668747 0.066880 0.264374
10755 0.100656 0.769063 0.130281
10752 0.577133 0.243156 0.179711
10755 0.323297 0.431897 0.244806
10195 0.580108 0.155394 0.264498
10195 0.097417 0.135777 0.766806
10194 0.348656 0.300470 0.350874
14802 0.512078 0.099035 0.388887
14803 0.443439 0.412311 0.144250
14221 0.065720 0.688071 0.246208
11707 0.070296 0.456123 0.473581
16166 0.538980 0.266321 0.194699
16048 0.339022 0.256629 0.404349
11816 0.118955 0.103574 0.777471
16055 0.243749 0.119376 0.636875
11819 0.336835 0.026907 0.636258
16051 0.533476 0.453983 0.012541
16049 0.283451 0.057171 0.659377
16108 0.228266 0.188504 0.583230
16165 0.422348 0.442304 0.135348
16165 0.405059 0.020407 0.574534
16266 0.624299 0.288241 0.087460
16265 0.837015 0.009793 0.153191
11789 0.000000 0.553944 0.446056
16019 0.134385 0.162570 0.703044
16043 0.208428 0.732028 0.059544
16017 0.385585 0.174371 0.440044
16042 0.343839 0.534538 0.121623
16016 0.140870 0.518234 0.340896
16160 0.169941 0.790101 0.039958
16161 0.418452 0.243995 0.337553
16162 0.095760 0.526703 0.377538
16163 0.061828 0.162436 0.775737
16018 0.050022 0.651908 0.298070
15713 0.327517 0.162732 0.509752
16163 0.610463 0.313799 0.075738
16163 0.569839 0.135655 0.294505
16020 0.497922 0.426406 0.075672
15715 0.264292 0.014816 0.720892
15715 0.865135 0.087527 0.047338
13885 0.219065 0.745239 0.035696
13653 0.180586 0.573776 0.245638
13881 0.090866 0.531828 0.377305
13665 0.320262 0.234901 0.444837
16166 0.264446 0.619891 0.115663
14806 0.372678 0.176132 0.451190
5782 0.043869 0.326801 0.629330
7693 0.372013 0.182932 0.445055
7688 0.151795 0.126553 0.721652
25970 0.365097 0.274575 0.360329
7688 0.687355 0.107268 0.205377
5783 0.209987 0.337035 0.452979
5780 0.139761 0.759675 0.100564
7695 0.067714 0.615328 0.316958
5780 0.466386 0.004071 0.529543
7694 0.277133 0.294059 0.428808
7688 0.087077 0.739197 0.173726
7692 0.727430 0.170872 0.101698
7690 0.096256 0.383350 0.520394
5781 0.015552 0.871886 0.112563
5780 0.017701 0.323356 0.658943
25496 0.671063 0.275325 0.053611
25499 0.476846 0.383963 0.139191
25485 0.189839 0.241670 0.568491
25485 0.902783 0.017293 0.079925
25509 0.707921 0.105852 0.186227
7695 0.692156 0.167378 0.140465
7422 0.359043 0.165721 0.475235
25414 0.413953 0.297819 0.288229
25415 0.056327 0.019423 0.924250
25496 0.041105 0.284943 0.673953
7422 0.142108 0.183982 0.673910
7422 0.399479 0.424449 0.176072
25415 0.109709 0.359579 0.530712
7423 0.352737 0.131551 0.515713
11705 0.730570 0.142968 0.126462
14792 0.100235 0.000000 0.899765
14217 0.046434 0.403522 0.550044
14787 0.235495 0.351249 0.413255
20538 0.257770 0.732696 0.009533
20538 0.193207 0.531266 0.275527
20561 0.617515 0.262322 0.120163
22679 0.075220 0.265856 0.658923
14173 0.331053 0.150003 0.518944
25432 0.370619 0.499962 0.129419
12140 0.104817 0.687994 0.207189
22678 0.360788 0.509445 0.129767
7691 0.353010 0.558295 0.088695
22678 0.026540 0.794663 0.178796
14235 0.577558 0.084052 0.338390
14785 0.332770 0.592996 0.074234
22676 0.358472 0.585929 0.055599
22676 0.104107 0.205783 0.690111
7691 0.175027 0.072013 0.752960
14233 0.659527 0.187573 0.152899
25745 0.499256 0.066460 0.434284
7420 0.022180 0.594298 0.383522
7690 0.666185 0.201225 0.132590
25747 0.316245 0.046914 0.636841
25743 0.163890 0.543747 0.292363
25743 0.138189 0.088287 0.773524
7420 0.185090 0.723880 0.091030
7685 0.107348 0.469804 0.422849
7684 0.313937 0.163827 0.522235
10772 0.044866 0.891330 0.063804
14189 0.923230 0.056767 0.020003
26012 0.104038 0.539536 0.356427
25435 0.022507 0.295738 0.681755
25864 0.380815 0.395707 0.223478
25864 0.017621 0.294524 0.687855
7097 0.575595 0.328092 0.096313
7096 0.093031 0.382646 0.524324
25435 0.513867 0.089315 0.396818
7699 0.617753 0.138828 0.243420
7689 0.190427 0.243830 0.565743
14195 0.491537 0.316734 0.191729
25747 0.313267 0.640370 0.046363
25414 0.013122 0.823406 0.163472
20538 0.782196 0.114535 0.103269
25412 0.549242 0.070565 0.380192
14237 0.335477 0.126699 0.537824
21393 0.000000 0.469527 0.530473
7681 0.563210 0.001973 0.434817
13865 0.126587 0.078809 0.794605
25434 0.673521 0.198034 0.128446
25434 0.195037 0.394885 0.410079
7100 0.759273 0.048583 0.192144
7102 0.281421 0.248538 0.470040
6012 0.220935 0.265445 0.513620
15714 0.028661 0.744987 0.226352
15717 0.597553 0.190807 0.211640
13887 0.385007 0.204249 0.410744
7100 0.125028 0.525690 0.349283
14812 0.173700 0.486857 0.339443
13883 0.311416 0.056168 0.632416
6012 0.046649 0.888449 0.064902
6012 0.549133 0.412451 0.038415
6015 0.251084 0.718119 0.030797
14790 0.282135 0.312045 0.405820
14810 0.363939 0.375999 0.260062
14239 0.374479 0.405514 0.220007
7680 0.443178 0.175516 0.381306
14245 0.019740 0.951389 0.028871
7680 0.304722 0.001904 0.693374
7683 0.294084 0.060423 0.645493
7680 0.643866 0.244456 0.111678
7683 0.116501 0.638587 0.244912
7682 0.425868 0.272936 0.301197
7682 0.150646 0.236765 0.612589
6014 0.495072 0.090119 0.414809
6015 0.397468 0.210193 0.392339
7101 0.291172 0.631510 0.077318
7682 0.816731 0.124289 0.058980
6014 0.178395 0.626751 0.194854
14247 0.255027 0.051233 0.693740
7581 0.107062 0.661217 0.231721
13860 0.415849 0.494531 0.089620
6014 0.734414 0.264122 0.001463
6010 0.089063 0.755117 0.155820
7685 0.527928 0.122672 0.349400
25986 0.020856 0.518934 0.460210
25986 0.396143 0.072858 0.530999
22890 0.440967 0.311724 0.247308
12159 0.754617 0.087399 0.157984
25986 0.018934 0.705543 0.275523
25994 0.096013 0.708738 0.195249
7680 0.083015 0.756828 0.160157
22908 0.152381 0.236133 0.611486
25994 0.442657 0.502129 0.055214
7684 0.545981 0.230449 0.223571
7419 0.358489 0.540081 0.101430
7420 0.729180 0.250778 0.020042
7420 0.638522 0.049141 0.312337
7416 0.292771 0.664058 0.043172
7416 0.018757 0.630778 0.350465
7416 0.207729 0.132841 0.659430
7421 0.409667 0.553024 0.037309
7421 0.017173 0.891749 0.091077
7684 0.057685 0.737685 0.204630
7742 0.360634 0.266931 0.372436
7743 0.138543 0.584341 0.277116
7421 0.015077 0.078393 0.906530
7416 0.863525 0.126280 0.010195
7417 0.709467 0.183600 0.106933
7416 0.416009 0.137396 0.446594
7417 0.251380 0.323644 0.424976
7738 0.799713 0.084552 0.115735
7741 0.946962 0.031823 0.021215
7738 0.296159 0.447156 0.256685
7739 0.421100 0.350881 0.228019
7743 0.375043 0.087658 0.537299
7687 0.620003 0.216109 0.163888
7686 0.837079 0.143013 0.019908
7581 0.393093 0.479451 0.127456
7580 0.197468 0.401249 0.401283
7583 0.110579 0.816750 0.072671
7580 0.729064 0.074840 0.196095
7581 0.336828 0.084462 0.578710
7576 0.060327 0.585040 0.354634
7577 0.182080 0.611738 0.206181
7580 0.409528 0.548218 0.042254
7583 0.335172 0.339235 0.325593
7583 0.172221 0.023094 0.804685
7576 0.450776 0.345212 0.204012
7687 0.201356 0.399612 0.399032
7740 0.194605 0.667399 0.137997
7686 0.268334 0.326370 0.405296
7686 0.320641 0.602268 0.077091
7582 0.359295 0.194812 0.445893
25986 0.541425 0.295914 0.162661
25986 0.814161 0.096139 0.089700
7741 0.417662 0.272527 0.309811
7740 0.282466 0.009586 0.707948
7582 0.090663 0.858768 0.050569
7446 0.611662 0.365182 0.023156
7446 0.068536 0.621264 0.310200
7582 0.562184 0.390301 0.047515
7447 0.288365 0.671313 0.040323
7583 0.752497 0.128439 0.119063
7578 0.256862 0.369407 0.373732
7577 0.815345 0.081975 0.102680
7579 0.354697 0.244553 0.400750
5507 0.615458 0.014979 0.369563
7102 0.061322 0.865959 0.072719
5505 0.437392 0.350821 0.211786
5506 0.596239 0.090185 0.313577
14569 0.558938 0.091464 0.349598
13548 0.134550 0.309508 0.555941
22730 0.303065 0.332474 0.364461
22731 0.329522 0.166827 0.503651
6008 0.054093 0.185308 0.760599
6008 0.263877 0.297766 0.438357
6013 0.531076 0.241937 0.226987
6009 0.196228 0.030713 0.773059
6011 0.006499 0.970868 0.022634
6011 0.058853 0.407108 0.534039
6010 0.286407 0.075198 0.638395
7123 0.166295 0.076621 0.757083
7122 0.530139 0.072521 0.397340
20529 0.339789 0.111357 0.548854
20529 0.639980 0.207463 0.152557
20514 0.321858 0.587573 0.090569
20528 0.737718 0.234469 0.027813
20528 0.336444 0.193438 0.470118
20528 0.288609 0.663179 0.048212
20531 0.264068 0.316822 0.419110
6011 0.632674 0.348060 0.019266
7126 0.554176 0.226622 0.219202
7127 0.262598 0.169676 0.567726
20543 0.068936 0.784349 0.146716
20540 0.283012 0.498080 0.218908
20543 0.202041 0.258444 0.539515
20543 0.580674 0.317086 0.102241
20540 0.819887 0.114625 0.065488
20542 0.721427 0.054907 0.223666
20560 0.324550 0.146283 0.529166
7124 0.561327 0.425693 0.012981
20542 0.157310 0.146246 0.696444
20542 0.708294 0.162549 0.129156
20542 0.232856 0.342597 0.424547
20542 0.172713 0.514509 0.312778
20542 0.177091 0.472996 0.349913
7126 0.039503 0.296119 0.664378
22674 0.009814 0.314745 0.675441
20542 0.134493 0.367231 0.498276
20531 0.479679 0.296094 0.224227
20533 0.167924 0.443437 0.388639
20533 0.564922 0.060323 0.374754
20531 0.149229 0.819310 0.031461
20531 0.296368 0.603776 0.099855
20531 0.404801 0.344690 0.250509
22673 0.806602 0.000000 0.193398
22927 0.257091 0.536401 0.206508
22927 0.204476 0.745990 0.049533
6831 0.172795 0.658469 0.168736
20535 0.005485 0.061363 0.933152
20532 0.601978 0.226178 0.171844
20535 0.400788 0.542551 0.056661
20535 0.520747 0.252119 0.227134
20535 0.497792 0.023499 0.478708
20530 0.163485 0.246147 0.590368
22682 0.640350 0.163970 0.195680
6010 0.817695 0.104001 0.078304
6018 0.713488 0.262541 0.023970
7120 0.420061 0.315854 0.264085
7120 0.314417 0.096703 0.588879
7125 0.241688 0.070786 0.687526
6019 0.520052 0.443626 0.036322
7124 0.365067 0.362394 0.272539
5452 0.168171 0.290022 0.541807
5453 0.647132 0.307896 0.044971
6030 0.857763 0.043665 0.098572
6018 0.154366 0.697621 0.148013
7125 0.048969 0.563584 0.387447
7124 0.161232 0.361695 0.477073
6026 0.109101 0.773653 0.117246
6019 0.015185 0.592945 0.391870
13415 0.594732 0.154366 0.250901
6016 0.407553 0.179952 0.412495
13413 0.503749 0.411965 0.084287
6021 0.815908 0.074533 0.109558
6023 0.605264 0.329948 0.064788
6023 0.161522 0.445457 0.393021
7572 0.102082 0.457001 0.440917
5453 0.488589 0.109762 0.401649
5455 0.026731 0.195204 0.778065
6022 0.007910 0.903447 0.088643
13559 0.756873 0.105844 0.137283
6027 0.818344 0.078705 0.102951
7569 0.187147 0.753130 0.059723
14901 0.043953 0.325298 0.630749
6030 0.272092 0.361109 0.366799
13488 0.527598 0.153794 0.318608
6028 0.330930 0.662713 0.006358
13501 0.068210 0.434456 0.497335
6028 0.607441 0.261086 0.131473
5489 0.741868 0.204601 0.053531
13425 0.205189 0.126763 0.668048
6830 0.368516 0.465984 0.165500
5491 0.926016 0.050758 0.023227
5489 0.123555 0.516949 0.359495
13401 0.331484 0.335642 0.332873
13406 0.107984 0.322913 0.569103
4474 0.460856 0.034131 0.505014
13418 0.343949 0.023044 0.633006
5490 0.558944 0.139084 0.301971
18025 0.614524 0.156715 0.228762
7195 0.680068 0.288763 0.031169
18021 0.023682 0.696697 0.279622
13460 0.210476 0.292222 0.497302
18021 0.370760 0.220493 0.408747
6026 0.419126 0.474975 0.105899
6029 0.777940 0.046245 0.175815
5459 0.214730 0.174385 0.610886
4491 0.032420 0.305700 0.661881
6027 0.058494 0.663325 0.278182
13468 0.131596 0.354836 0.513569
4474 0.439938 0.545613 0.014449
7718 0.342915 0.252349 0.404735
13467 0.018212 0.581904 0.399884
13385 0.197706 0.099915 0.702379
6024 0.683631 0.270679 0.045690
4475 0.686058 0.200925 0.113016
4483 0.717868 0.224817 0.057315
18025 0.074398 0.768088 0.157514
7193 0.647751 0.131055 0.221194
22672 0.578546 0.322990 0.098464
22673 0.288110 0.613342 0.098548
18032 0.550246 0.321885 0.127869
13417 0.131469 0.493033 0.375498
11668 0.364116 0.346411 0.289474
7194 0.319413 0.067913 0.612674
13431 0.731596 0.044657 0.223748
18040 0.490335 0.244637 0.265028
7195 0.059423 0.531133 0.409444
13470 0.124148 0.604486 0.271366
7198 0.162837 0.049544 0.787619
4489 0.678163 0.289360 0.032478
13448 0.063029 0.147955 0.789016
13455 0.170842 0.324376 0.504782
4489 0.136556 0.096628 0.766817
7414 0.236839 0.639406 0.123754
18037 0.275339 0.708340 0.016322
4889 0.612485 0.208580 0.178935
5527 0.678044 0.121162 0.200794
13487 0.676228 0.264480 0.059292
11664 0.555757 0.063906 0.380337
7730 0.704759 0.067814 0.227426
7739 0.095011 0.457971 0.447018
7731 0.382962 0.234270 0.382768
7730 0.141335 0.765726 0.092940
7737 0.506027 0.037424 0.456548
7734 0.370880 0.084203 0.544917
25516 0.090310 0.123539 0.786151
25518 0.027676 0.527798 0.444526
25516 0.492427 0.000000 0.507573
4490 0.189458 0.054001 0.756540
25721 0.836703 0.087153 0.076144
25721 0.242326 0.162582 0.595093
7731 0.028458 0.288692 0.682850
25716 0.904297 0.066881 0.028822
25860 0.331687 0.414144 0.254168
7730 0.219257 0.076529 0.704213
4488 0.288757 0.230862 0.480381
25714 0.138807 0.672551 0.188642
4489 0.139456 0.577394 0.283150
7736 0.383157 0.195659 0.421184
7736 0.212840 0.067023 0.720137
25861 0.109650 0.254965 0.635385
25431 0.025779 0.461760 0.512462
4488 0.130911 0.797161 0.071928
4488 0.061863 0.408574 0.529563
7446 0.570999 0.034720 0.394281
7442 0.039882 0.787199 0.172918
7442 0.534454 0.211669 0.253877
7447 0.421281 0.045520 0.533199
7443 0.238306 0.529401 0.232293
7447 0.083244 0.217596 0.699160
25848 0.294052 0.075251 0.630696
25849 0.009095 0.629530 0.361374
7737 0.055536 0.188652 0.755812
4495 0.018330 0.126812 0.854858
25711 0.239536 0.183638 0.576826
25725 0.108912 0.624754 0.266334
4493 0.555244 0.181991 0.262765
7444 0.146377 0.797397 0.056226
4492 0.641650 0.203929 0.154421
25729 0.321711 0.012693 0.665596
25731 0.032979 0.663921 0.303100
7444 0.045012 0.479080 0.475907
25724 0.271691 0.513704 0.214606
7579 0.621777 0.037308 0.340915
25712 0.257930 0.468788 0.273282
25519 0.154623 0.335411 0.509966
25626 0.340689 0.000000 0.659311
6017 0.209695 0.359204 0.431102
25713 0.598069 0.321954 0.079977
25627 0.208938 0.439199 0.351862
25708 0.258184 0.011237 0.730579
7445 0.625935 0.283037 0.091028
4482 0.584666 0.330453 0.084881
7445 0.190949 0.760520 0.048531
4482 0.102952 0.858779 0.038269
25715 0.667148 0.290710 0.042143
25710 0.386183 0.000000 0.613817
25428 0.361193 0.260002 0.378806
7342 0.481326 0.434611 0.084063
4889 0.215305 0.705983 0.078713
4893 0.286816 0.223016 0.490168
7443 0.543074 0.072558 0.384368
7440 0.186068 0.687204 0.126728
25513 0.276010 0.658031 0.065958
7734 0.064093 0.529621 0.406286
7441 0.629369 0.329932 0.040699
4889 0.333446 0.383276 0.283277
7735 0.035286 0.935590 0.029124
25503 0.693413 0.199600 0.106987
25512 0.062193 0.552222 0.385585
25522 0.530956 0.122119 0.346925
25512 0.005687 0.679426 0.314886
25718 0.048276 0.659905 0.291819
25723 0.377292 0.033664 0.589044
4888 0.283815 0.475041 0.241144
5513 0.033529 0.760572 0.205898
4888 0.003271 0.657916 0.338813
25865 0.121315 0.309141 0.569543
4892 0.011472 0.181579 0.806949
7343 0.568388 0.206172 0.225440
4892 0.169421 0.295745 0.534834
7441 0.261936 0.609426 0.128639
4892 0.552543 0.271109 0.176348
7729 0.592340 0.254860 0.152800
7732 0.794932 0.076961 0.128107
7733 0.425492 0.297070 0.277438
7729 0.307034 0.678304 0.014662
4914 0.206999 0.647131 0.145870
7354 0.358157 0.611936 0.029907
4895 0.086008 0.718551 0.195441
7355 0.494796 0.334022 0.171182
7359 0.605494 0.079678 0.314828
7354 0.391547 0.091591 0.516861
4894 0.239685 0.211708 0.548607
4888 0.973525 0.021174 0.005300
7355 0.034137 0.098541 0.867322
4493 0.191787 0.339291 0.468922
5513 0.592672 0.364453 0.042875
5515 0.123503 0.486038 0.390459
4891 0.196823 0.729144 0.074034
5513 0.074925 0.208275 0.716799
13460 0.822545 0.165208 0.012246
13394 0.150133 0.559687 0.290180
4891 0.347536 0.212970 0.439494
25731 0.577614 0.245367 0.177019
25730 0.401850 0.554903 0.043247
7733 0.232498 0.763582 0.003920
7333 0.083226 0.856910 0.059865
13396 0.751733 0.120223 0.128044
13394 0.772082 0.226959 0.000959
13243 0.097015 0.502146 0.400839
13456 0.854325 0.137032 0.008643
4492 0.355907 0.574590 0.069502
13240 0.068784 0.250007 0.681209
4492 0.225105 0.001942 0.772952
4493 0.123183 0.615241 0.261576
13391 0.409457 0.174274 0.416270
13393 0.196230 0.760750 0.043020
13393 0.682294 0.176194 0.141512
13242 0.066698 0.792350 0.140952
15723 0.194893 0.319831 0.485276
15725 0.577054 0.115698 0.307248
15727 0.203900 0.597710 0.198391
13246 0.320578 0.160624 0.518798
15465 0.176032 0.731344 0.092624
