7938 0.503613 0.252897 0.243490
220 0.107384 0.749993 0.142623
220 0.520384 0.251073 0.228543
232 0.949432 0.027347 0.023221
229 0.847332 0.091439 0.061229
232 0.349683 0.495503 0.154814
232 0.496880 0.159537 0.343583
232 0.065249 0.607703 0.327048
7347 0.043687 0.547300 0.409013
220 0.698333 0.033466 0.268201
223 0.112734 0.424081 0.463185
223 0.269011 0.566427 0.164562
7347 0.587335 0.246194 0.166471
220 0.712495 0.000000 0.287505
221 0.000000 0.765366 0.234634
7347 0.402946 0.098095 0.498959
223 0.336087 0.064157 0.599756
223 0.708044 0.267821 0.024135
222 0.559380 0.401853 0.038767
221 0.135423 0.365909 0.498668
223 0.256620 0.058395 0.684986
7346 0.128406 0.761031 0.110563
232 0.057766 0.149093 0.793141
221 0.237023 0.675321 0.087656
229 0.290769 0.244820 0.464411
233 0.790943 0.019241 0.189816
233 0.593319 0.183990 0.222691
7315 0.388336 0.609179 0.002485
7346 0.773946 0.110199 0.115855
7315 0.127233 0.579837 0.292930
222 0.345669 0.217194 0.437137
230 0.325610 0.641922 0.032468
10276 0.287076 0.664299 0.048625
7342 0.290196 0.118135 0.591669
7342 0.251646 0.320062 0.428292
234 0.234704 0.344311 0.420985
228 0.844474 0.050901 0.104625
223 0.834068 0.011630 0.154301
234 0.580949 0.136350 0.282701
233 0.506094 0.000000 0.493906
7315 0.669687 0.047700 0.282613
233 0.415321 0.372740 0.211939
223 0.057457 0.004783 0.937760
7341 0.402935 0.092517 0.504548
7346 0.107153 0.452190 0.440657
232 0.000000 0.852215 0.147785
7342 0.064322 0.562069 0.373609
231 0.229428 0.767335 0.003237
228 0.089939 0.235337 0.674723
233 0.222771 0.645645 0.131584
7346 0.100444 0.100710 0.798846
221 0.366013 0.238557 0.395430
234 0.205465 0.655068 0.139467
215 0.180113 0.060203 0.759685
233 0.324159 0.178465 0.497377
237 0.091593 0.105668 0.802739
237 0.388615 0.000000 0.611385
219 0.102881 0.764233 0.132886
240 0.257023 0.098246 0.644731
7342 0.658559 0.049364 0.292077
176 0.000000 0.284572 0.715428
240 0.601346 0.094113 0.304541
240 0.290988 0.329476 0.379535
176 0.000000 0.136289 0.863711
7341 0.859910 0.130358 0.009732
230 0.534264 0.153124 0.312613
176 0.144140 0.015226 0.840633
7341 0.135770 0.409693 0.454537
7315 0.035654 0.011784 0.952561
158 0.163628 0.232888 0.603485
215 0.019782 0.302837 0.677381
7339 0.097242 0.637104 0.265654
179 0.680441 0.319559 0.000000
233 0.051462 0.534474 0.414064
176 0.275595 0.204165 0.520241
221 0.944322 0.037294 0.018384
10276 0.067756 0.634511 0.297734
7339 0.688972 0.120679 0.190349
240 0.521206 0.401442 0.077352
7348 0.714133 0.021881 0.263986
7339 0.494881 0.128934 0.376185
215 0.581925 0.132177 0.285897
10276 0.046577 0.580844 0.372579
215 0.361111 0.299725 0.339164
158 0.187547 0.743651 0.068802
231 0.623305 0.267660 0.109035
179 0.186156 0.789262 0.024582
176 0.617027 0.104225 0.278749
237 0.331635 0.207645 0.460720
215 0.088085 0.468300 0.443615
7341 0.415813 0.482335 0.101852
10279 0.438426 0.216262 0.345311
176 0.204518 0.603317 0.192165
158 0.467102 0.227289 0.305609
12984 0.467038 0.095622 0.437340
10281 0.682620 0.234933 0.082446
237 0.607776 0.161077 0.231147
10275 0.300321 0.573676 0.126003
179 0.007580 0.567373 0.425047
219 0.146954 0.329798 0.523248
12982 0.847549 0.128448 0.024003
10274 0.743131 0.210223 0.046646
7341 0.063467 0.654744 0.281789
216 0.387023 0.057819 0.555158
235 0.354618 0.087271 0.558111
235 0.051810 0.531275 0.416915
179 0.282168 0.246382 0.471450
7348 0.571132 0.274367 0.154501
239 0.047331 0.530626 0.422042
215 0.393043 0.483420 0.123537
240 0.057928 0.823248 0.118824
7314 0.319038 0.459161 0.221801
10280 0.291391 0.578149 0.130460
10281 0.282964 0.566849 0.150187
235 0.537008 0.077482 0.385511
7333 0.100867 0.474873 0.424259
10275 0.589533 0.277305 0.133162
219 0.641522 0.275054 0.083425
10279 0.015489 0.342996 0.641515
10274 0.592030 0.003938 0.404032
216 0.102935 0.366443 0.530622
176 0.761773 0.000000 0.238227
10280 0.606916 0.340290 0.052793
215 0.193829 0.662656 0.143514
10280 0.013829 0.761968 0.224202
7323 0.055055 0.708088 0.236857
239 0.246025 0.066542 0.687433
7314 0.521749 0.187630 0.290621
213 0.115347 0.568825 0.315828
12982 0.369263 0.393084 0.237653
7348 0.385452 0.491478 0.123069
7323 0.000000 0.375255 0.624745
177 0.909317 0.017156 0.073527
211 0.155190 0.061880 0.782930
235 0.287960 0.553427 0.158613
211 0.200430 0.763398 0.036172
216 0.361534 0.597271 0.041195
235 0.586381 0.344452 0.069167
7333 0.587405 0.172028 0.240568
236 0.006258 0.574993 0.418749
12982 0.024088 0.725814 0.250099
12982 0.083144 0.435747 0.481108
7325 0.217133 0.478769 0.304099
239 0.902583 0.061221 0.036196
7333 0.075428 0.910801 0.013770
10280 0.260765 0.221346 0.517888
12981 0.741350 0.093185 0.165465
949 0.148672 0.059281 0.792046
949 0.000000 0.343423 0.656577
949 0.491978 0.147766 0.360256
10280 0.025762 0.405312 0.568926
7340 0.502995 0.193316 0.303689
179 0.066868 0.188744 0.744387
10274 0.464433 0.351561 0.184006
216 0.094387 0.649393 0.256220
10893 0.284220 0.294959 0.420820
10279 0.089609 0.784840 0.125550
10893 0.185145 0.680719 0.134136
219 0.186696 0.067442 0.745862
949 0.654573 0.302543 0.042884
12982 0.020562 0.038946 0.940492
7325 0.677932 0.194484 0.127584
213 0.230379 0.198674 0.570947
7323 0.153619 0.507120 0.339261
949 0.316724 0.000000 0.683276
213 0.531012 0.185777 0.283210
12981 0.507883 0.306775 0.185341
7345 0.453296 0.191782 0.354922
236 0.466354 0.281462 0.252184
7348 0.026792 0.054026 0.919182
10893 0.680549 0.015172 0.304279
7313 0.456515 0.205028 0.338456
7313 0.350880 0.056414 0.592706
1631 0.033377 0.035420 0.931204
949 0.067528 0.000000 0.932472
7323 0.265689 0.240092 0.494219
1632 0.123135 0.623264 0.253601
238 0.266558 0.490721 0.242721
177 0.550991 0.026716 0.422293
13002 0.104416 0.841806 0.053778
13002 0.629966 0.126159 0.243875
13002 0.644597 0.274979 0.080423
13002 0.419126 0.476334 0.104539
7325 0.032170 0.806992 0.160838
225 0.162766 0.401508 0.435726
226 0.840887 0.141965 0.017148
1622 0.094951 0.057072 0.847978
1631 0.000000 0.448791 0.551209
7952 0.010248 0.009250 0.980502
241 0.406822 0.436337 0.156841
13002 0.131810 0.670792 0.197398
12981 0.055594 0.651491 0.292915
7340 0.336605 0.388619 0.274776
10260 0.105876 0.824304 0.069820
10274 0.168392 0.355555 0.476053
212 0.882737 0.045867 0.071396
238 0.216667 0.298600 0.484733
238 0.133517 0.089859 0.776624
209 0.510393 0.169082 0.320525
7337 0.598237 0.024294 0.377469
1625 0.612567 0.221352 0.166081
7323 0.524772 0.178555 0.296673
1622 0.337488 0.614944 0.047567
205 0.616512 0.306087 0.077401
12985 0.582177 0.178486 0.239337
1624 0.471755 0.483850 0.044396
10260 0.037791 0.467933 0.494277
10273 0.229463 0.127124 0.643413
212 0.151436 0.235412 0.613151
7340 0.151813 0.435935 0.412252
1633 0.569205 0.129220 0.301575
1628 0.111335 0.690888 0.197777
202 0.603160 0.268335 0.128505
13002 0.252306 0.402980 0.344714
1631 0.061938 0.898540 0.039522
1633 0.258669 0.590248 0.151082
157 0.264049 0.539188 0.196762
7952 0.264765 0.249554 0.485681
1628 0.023963 0.439478 0.536559
1626 0.836546 0.019430 0.144024
7369 0.096277 0.361318 0.542405
7368 0.245033 0.617694 0.137273
7369 0.016563 0.215057 0.768380
13002 0.033885 0.613179 0.352937
7369 0.000000 0.401826 0.598174
284 0.189388 0.767327 0.043284
284 0.000000 0.442952 0.557048
10274 0.219216 0.745369 0.035415
177 0.210374 0.000000 0.789626
177 0.047051 0.690604 0.262346
7319 0.390218 0.213038 0.396744
10282 0.098637 0.646790 0.254572
10282 0.262126 0.362055 0.375820
10300 0.217702 0.592407 0.189891
187 0.452364 0.050079 0.497557
7319 0.207170 0.635438 0.157391
10270 0.590947 0.369551 0.039502
1628 0.270008 0.394696 0.335297
284 0.104922 0.528746 0.366332
284 0.051247 0.943032 0.005720
225 0.453790 0.363739 0.182471
10891 0.373862 0.405680 0.220458
7369 0.432421 0.212978 0.354600
1632 0.552696 0.306789 0.140515
10272 0.045100 0.426866 0.528034
205 0.084967 0.915033 0.000000
7369 0.180840 0.599063 0.220097
7338 0.098904 0.366370 0.534726
10260 0.509347 0.460341 0.030312
212 0.376993 0.403620 0.219387
10300 0.134289 0.180982 0.684729
7323 0.786790 0.213210 0.000000
10300 0.422208 0.334246 0.243546
293 0.594716 0.056716 0.348568
10282 0.189593 0.192733 0.617674
10282 0.615253 0.231903 0.152843
1625 0.095787 0.652968 0.251245
7324 0.159730 0.200349 0.639921
13002 0.165701 0.204651 0.629648
7344 0.037045 0.420456 0.542499
7369 0.000000 0.687535 0.312465
209 0.211280 0.393307 0.395413
226 0.426835 0.458866 0.114299
202 0.402568 0.520122 0.077310
1626 0.252740 0.266432 0.480828
7368 0.523636 0.120057 0.356307
1626 0.092116 0.522015 0.385869
283 0.392955 0.429772 0.177274
283 0.778136 0.000000 0.221864
10273 0.668586 0.256033 0.075381
10301 0.017243 0.806583 0.176175
10260 0.333718 0.328319 0.337962
1621 0.494260 0.025922 0.479819
205 0.000000 0.023431 0.976569
10278 0.007441 0.489317 0.503241
7370 0.588168 0.060678 0.351154
10272 0.800154 0.158096 0.041750
187 0.491548 0.415318 0.093134
210 0.242530 0.143178 0.614291
225 0.733429 0.204107 0.062464
7345 0.025738 0.782688 0.191574
293 0.165244 0.785668 0.049087
950 0.249241 0.053165 0.697593
1625 0.112340 0.280798 0.606862
177 0.000000 0.237832 0.762168
205 0.264193 0.390047 0.345760
157 0.633185 0.216568 0.150247
7334 0.353060 0.447264 0.199676
206 0.171387 0.604557 0.224056
1633 0.299952 0.100163 0.599885
10270 0.123172 0.572175 0.304654
178 0.429461 0.048571 0.521968
284 0.610839 0.312853 0.076308
10274 0.019683 0.949540 0.030777
7338 0.294966 0.268956 0.436078
292 0.079132 0.000000 0.920868
238 0.667454 0.137011 0.195536
283 0.127425 0.015214 0.857361
10273 0.776556 0.000000 0.223444
283 0.395631 0.000000 0.604369
7344 0.329778 0.508609 0.161614
7371 0.548965 0.259545 0.191490
7349 0.066618 0.791909 0.141472
7349 0.008541 0.497679 0.493780
7310 0.237514 0.500589 0.261897
10282 0.922034 0.017022 0.060944
177 0.000000 0.065560 0.934440
10282 0.446505 0.087429 0.466066
295 0.109022 0.113692 0.777285
7370 0.319106 0.166454 0.514440
1629 0.212371 0.603094 0.184535
164 0.491306 0.492442 0.016252
296 0.155691 0.228307 0.616003
208 0.636233 0.222371 0.141396
283 0.000000 0.315064 0.684936
950 0.070884 0.512107 0.417009
10891 0.026548 0.008367 0.965086
291 0.705285 0.230134 0.064581
157 0.083076 0.000000 0.916924
1621 0.258088 0.035973 0.705939
191 0.700693 0.091509 0.207798
212 0.338628 0.598887 0.062485
284 0.167776 0.041243 0.790981
1627 0.219435 0.148048 0.632517
187 0.298500 0.499353 0.202148
7316 0.810045 0.070055 0.119900
10299 0.689079 0.153528 0.157392
209 0.039839 0.687777 0.272384
185 0.466513 0.228774 0.304714
7310 0.466639 0.433533 0.099828
164 0.151030 0.755102 0.093868
7316 0.721991 0.214130 0.063879
7310 0.000000 0.945606 0.054394
1628 0.633983 0.127108 0.238908
7349 0.361920 0.397594 0.240486
13092 0.610386 0.228046 0.161568
295 0.088696 0.747805 0.163499
178 0.352389 0.334746 0.312865
7640 0.618722 0.374800 0.006478
948 0.761932 0.034272 0.203796
7953 0.413031 0.144979 0.441990
7343 0.561610 0.381149 0.057241
7343 0.064262 0.844505 0.091233
10271 0.389080 0.248325 0.362595
7343 0.973908 0.018689 0.007403
296 0.686249 0.128709 0.185042
289 0.847411 0.066242 0.086347
187 0.174359 0.742893 0.082748
200 0.841278 0.131475 0.027247
10260 0.894624 0.024392 0.080984
292 0.498683 0.111753 0.389565
297 0.100964 0.363453 0.535583
291 0.446909 0.325189 0.227902
7948 0.188164 0.090697 0.721138
7316 0.480058 0.460485 0.059457
178 0.501350 0.356428 0.142222
13092 0.214799 0.183816 0.601384
10271 0.080823 0.675574 0.243603
7349 0.348680 0.081004 0.570315
1628 0.410140 0.000000 0.589860
206 0.278866 0.299270 0.421864
214 0.147575 0.612285 0.240139
10301 0.351375 0.354972 0.293653
191 0.591672 0.000000 0.408328
289 0.383899 0.105734 0.510367
10271 0.791767 0.208233 0.000000
7349 0.588216 0.318315 0.093469
950 0.084168 0.871670 0.044162
294 0.226008 0.292092 0.481899
242 0.650185 0.198923 0.150892
187 0.131057 0.084256 0.784687
297 0.458185 0.183514 0.358302
7953 0.157540 0.372204 0.470256
948 0.230135 0.067375 0.702489
292 0.844853 0.150480 0.004667
10269 0.536470 0.322032 0.141497
1630 0.101572 0.534450 0.363978
10892 0.137629 0.856453 0.005918
7949 0.298413 0.197621 0.503966
7334 0.264996 0.255964 0.479040
217 0.065404 0.351216 0.583380
7338 0.798108 0.097860 0.104031
7349 0.641384 0.075845 0.282771
295 0.453037 0.172776 0.374186
291 0.046248 0.851565 0.102188
7367 0.652632 0.049909 0.297459
1636 0.288504 0.494263 0.217232
199 0.510834 0.072535 0.416631
289 0.582296 0.090183 0.327521
187 0.110238 0.551807 0.337956
185 0.173158 0.492848 0.333994
164 0.072816 0.616505 0.310679
199 0.082342 0.626133 0.291525
292 0.180058 0.302101 0.517841
10299 0.472588 0.481100 0.046312
10247 0.864719 0.088183 0.047099
191 0.422134 0.050529 0.527338
13092 0.243698 0.469369 0.286934
4004 0.236491 0.448416 0.315093
4004 0.277981 0.249839 0.472181
4004 0.144200 0.411786 0.444013
4004 0.000000 0.536901 0.463099
4004 0.196482 0.533450 0.270068
8770 0.020463 0.556135 0.423402
7953 0.017399 0.050943 0.931658
207 0.870296 0.002218 0.127486
4004 0.188868 0.197343 0.613789
207 0.329200 0.414900 0.255900
8771 0.346031 0.324120 0.329849
8771 0.536447 0.379292 0.084261
3963 0.201489 0.656771 0.141740
208 0.282870 0.184365 0.532765
10301 0.261853 0.149390 0.588757
1637 0.160992 0.535856 0.303152
270 0.813397 0.106751 0.079851
285 0.210536 0.540769 0.248694
7327 0.137236 0.737792 0.124972
7949 0.186696 0.589319 0.223985
1618 0.267141 0.732859 0.000000
7317 0.387571 0.271184 0.341246
7317 0.000000 0.709087 0.290913
203 0.222510 0.471923 0.305567
1636 0.378548 0.264302 0.357150
11668 0.397564 0.000000 0.602436
8771 0.271108 0.520399 0.208493
3963 0.532973 0.189636 0.277391
1629 0.462037 0.035158 0.502805
3963 0.000000 0.532327 0.467673
10247 0.359924 0.602790 0.037285
11668 0.382933 0.071966 0.545101
10884 0.111035 0.456447 0.432518
8771 0.100370 0.479543 0.420087
11693 0.318398 0.541218 0.140384
4004 0.479829 0.262193 0.257978
7364 0.129791 0.111630 0.758579
8770 0.090840 0.408579 0.500582
4004 0.027741 0.670439 0.301820
4004 0.063355 0.037680 0.898965
3959 0.717111 0.153253 0.129635
3959 0.294222 0.474109 0.231669
3959 0.377467 0.325999 0.296533
186 0.366799 0.232335 0.400866
285 0.177678 0.282953 0.539369
289 0.132437 0.086588 0.780975
7327 0.041503 0.215009 0.743488
285 0.316889 0.658844 0.024268
947 0.428639 0.081245 0.490117
10249 0.102643 0.128340 0.769017
10249 0.308970 0.453775 0.237255
3952 0.060985 0.732326 0.206689
4004 0.409386 0.000000 0.590614
7948 0.013600 0.845124 0.141276
10248 0.046374 0.166720 0.786906
214 0.448010 0.393481 0.158509
10894 0.309368 0.282230 0.408402
12986 0.463318 0.358876 0.177806
190 0.000000 0.563388 0.436612
164 0.467582 0.284945 0.247473
297 0.651678 0.166700 0.181623
11668 0.414783 0.367114 0.218104
8771 0.395224 0.171080 0.433696
10884 0.469409 0.408185 0.122405
8772 0.395289 0.467265 0.137446
11669 0.528278 0.454328 0.017394
11669 0.331601 0.649543 0.018855
11669 0.206731 0.462448 0.330821
11669 0.359169 0.328044 0.312787
292 0.337069 0.525080 0.137851
297 0.372252 0.578352 0.049396
181 0.703939 0.173650 0.122411
7317 0.864650 0.068559 0.066791
3963 0.198082 0.137642 0.664276
11668 0.058466 0.343360 0.598174
12986 0.306700 0.030146 0.663154
8771 0.070297 0.850661 0.079042
11667 0.354454 0.316696 0.328850
3952 0.116710 0.538654 0.344636
11668 0.717840 0.173128 0.109032
294 0.473584 0.426569 0.099848
10296 0.603305 0.263034 0.133662
11693 0.251781 0.090480 0.657738
7327 0.343552 0.369611 0.286838
4004 0.442626 0.446270 0.111104
3959 0.701940 0.012398 0.285662
11667 0.749280 0.215659 0.035060
191 0.313719 0.425556 0.260725
3959 0.448215 0.078060 0.473726
218 0.628816 0.212099 0.159085
206 0.024262 0.069812 0.905926
10249 0.267540 0.247319 0.485141
13627 0.035048 0.088887 0.876065
285 0.437660 0.236195 0.326146
285 0.731382 0.238748 0.029870
10268 0.432029 0.233386 0.334585
200 0.126628 0.442266 0.431106
3871 0.727599 0.187524 0.084878
3957 0.178080 0.081841 0.740079
286 0.193258 0.429515 0.377227
8771 0.567621 0.112276 0.320103
270 0.212625 0.770707 0.016668
270 0.461294 0.329290 0.209417
7367 0.291920 0.424524 0.283556
164 0.321268 0.028458 0.650273
3952 0.826570 0.173430 0.000000
7359 0.813520 0.131596 0.054884
10894 0.011496 0.958639 0.029866
3955 0.385292 0.529373 0.085335
12983 0.211770 0.571147 0.217084
186 0.078581 0.052628 0.868790
1635 0.507321 0.000000 0.492679
11670 0.632957 0.038675 0.328368
11668 0.114762 0.512586 0.372652
3955 0.555458 0.061366 0.383176
1609 0.545592 0.311958 0.142451
11669 0.169336 0.039894 0.790770
1630 0.473703 0.358457 0.167840
948 0.353601 0.241590 0.404809
224 0.200840 0.422897 0.376263
8770 0.394023 0.303295 0.302682
217 0.660394 0.301058 0.038548
3959 0.235042 0.574932 0.190026
11670 0.235155 0.083447 0.681398
4004 0.676274 0.095394 0.228332
3959 0.193826 0.300638 0.505536
3959 0.093042 0.443640 0.463319
11693 0.158943 0.606217 0.234840
11693 0.088343 0.880910 0.030747
1618 0.543006 0.391322 0.065672
3958 0.084691 0.465915 0.449394
200 0.452320 0.503399 0.044282
11693 0.057975 0.418800 0.523225
947 0.933773 0.035525 0.030702
11671 0.249903 0.443547 0.306550
13627 0.102269 0.693407 0.204324
3949 0.404159 0.454069 0.141772
948 0.714168 0.268241 0.017591
3958 0.680888 0.246264 0.072848
8771 0.288610 0.051612 0.659779
10297 0.490272 0.096066 0.413661
8771 0.827283 0.083213 0.089504
10268 0.887173 0.073784 0.039042
7954 0.288134 0.412124 0.299742
181 0.250656 0.123506 0.625837
7317 0.200196 0.480269 0.319535
3952 0.578943 0.352540 0.068517
10250 0.445320 0.190550 0.364130
207 0.349724 0.055229 0.595047
267 0.329919 0.546232 0.123849
8772 0.646997 0.070307 0.282696
11670 0.663835 0.164592 0.171573
12986 0.116765 0.649480 0.233754
4004 0.966301 0.002096 0.031603
4004 0.736175 0.245936 0.017889
186 0.130738 0.676885 0.192377
7945 0.334408 0.112879 0.552712
10889 0.516063 0.414253 0.069684
7364 0.239174 0.256862 0.503964
1618 0.127565 0.737109 0.135326
7948 0.319319 0.472102 0.208579
7948 0.199629 0.661028 0.139343
7329 0.112676 0.128351 0.758973
3949 0.290807 0.657714 0.051479
290 0.414777 0.350183 0.235040
290 0.395965 0.603686 0.000349
10302 0.061494 0.910313 0.028193
3952 0.674875 0.005774 0.319350
203 0.602333 0.126954 0.270712
13000 0.218207 0.164848 0.616946
286 0.397870 0.162610 0.439521
300 0.490143 0.335384 0.174473
292 0.045325 0.679466 0.275209
945 0.036577 0.334851 0.628572
4085 0.625165 0.162631 0.212204
3957 0.042265 0.546142 0.411593
3957 0.452661 0.159200 0.388139
10884 0.007113 0.882057 0.110831
3952 0.262230 0.039292 0.698478
186 0.074135 0.351459 0.574405
11668 0.018378 0.831181 0.150440
7945 0.106873 0.370387 0.522740
13000 0.067611 0.423782 0.508607
8770 0.169832 0.216162 0.614006
191 0.090048 0.864614 0.045338
11670 0.227604 0.406451 0.365945
10248 0.114228 0.362637 0.523135
200 0.586465 0.098041 0.315495
1634 0.179110 0.816774 0.004116
11697 0.163641 0.263795 0.572564
10590 0.042241 0.763386 0.194373
4003 0.633218 0.247353 0.119429
11692 0.192443 0.060313 0.747244
10265 0.558862 0.114735 0.326403
10297 0.128563 0.273955 0.597482
10297 0.183777 0.141757 0.674466
8797 0.391264 0.207786 0.400950
7366 0.258595 0.254347 0.487058
13627 0.646503 0.096712 0.256785
3871 0.332498 0.074904 0.592599
286 0.851755 0.111184 0.037061
11688 0.013233 0.552276 0.434492
7367 0.730347 0.251401 0.018252
181 0.144073 0.731937 0.123990
7359 0.392941 0.283466 0.323594
7351 0.055364 0.823310 0.121326
10885 0.788121 0.113128 0.098751
10296 0.035598 0.542589 0.421813
7945 0.532150 0.208342 0.259508
3953 0.692535 0.201831 0.105635
3949 0.716006 0.016082 0.267912
1634 0.577321 0.267990 0.154689
7329 0.053272 0.470368 0.476359
3955 0.137445 0.046437 0.816118
8767 0.434829 0.359934 0.205237
11637 0.453411 0.443436 0.103153
8742 0.299063 0.280535 0.420401
8742 0.192878 0.034599 0.772523
10265 0.379034 0.013115 0.607851
290 0.484205 0.088682 0.427113
3959 0.000000 0.025495 0.974505
7331 0.217737 0.645952 0.136312
182 0.283554 0.395936 0.320510
10249 0.640254 0.095599 0.264147
10248 0.152023 0.491099 0.356878
10297 0.112532 0.647688 0.239779
11670 0.037732 0.771205 0.191063
280 0.025421 0.094879 0.879700
286 0.076470 0.026901 0.896629
4071 0.662793 0.281553 0.055654
945 0.242362 0.503746 0.253892
7954 0.551704 0.204023 0.244273
7366 0.003073 0.536793 0.460133
164 0.090093 0.029132 0.880775
11666 0.567379 0.101168 0.331454
4003 0.073579 0.450001 0.476420
11668 0.293874 0.663051 0.043074
10262 0.491826 0.110703 0.397471
12986 0.105408 0.323531 0.571061
3969 0.185189 0.778721 0.036090
11668 0.875893 0.116375 0.007732
7364 0.482404 0.180499 0.337098
3957 0.270829 0.526586 0.202585
4005 0.707932 0.185493 0.106575
4005 0.224649 0.579580 0.195771
1618 0.601037 0.195235 0.203728
190 0.181893 0.438293 0.379814
4005 0.299814 0.382902 0.317284
4005 0.697230 0.074311 0.228458
11689 0.274550 0.127411 0.598039
201 0.509996 0.104817 0.385187
201 0.006997 0.869449 0.123553
947 0.685747 0.231223 0.083030
1630 0.780084 0.104147 0.115770
224 0.284459 0.145701 0.569841
218 0.070012 0.540183 0.389806
11697 0.474290 0.137795 0.387915
11665 0.021257 0.218893 0.759850
1609 0.215765 0.222791 0.561444
3956 0.486307 0.422447 0.091246
3954 0.235951 0.751724 0.012325
1604 0.133389 0.730780 0.135831
7951 0.012156 0.706148 0.281696
10248 0.602778 0.127927 0.269295
280 0.417543 0.050756 0.531701
11651 0.508234 0.067603 0.424164
3872 0.097961 0.030112 0.871927
286 0.729112 0.050184 0.220705
8742 0.223989 0.511681 0.264330
4071 0.291877 0.613433 0.094690
3872 0.084106 0.511426 0.404468
11637 0.458047 0.260027 0.281926
11670 0.301726 0.495681 0.202593
10302 0.126660 0.361972 0.511368
190 0.496689 0.025200 0.478111
243 0.075613 0.187761 0.736626
11688 0.170263 0.823495 0.006241
3855 0.141623 0.771663 0.086714
7326 0.216734 0.276044 0.507223
1607 0.175037 0.201378 0.623585
10262 0.657972 0.113848 0.228179
8770 0.088455 0.000000 0.911545
10885 0.385187 0.219524 0.395289
4005 0.400820 0.155323 0.443858
8799 0.000000 0.640007 0.359993
3855 0.532010 0.377195 0.090796
1619 0.192523 0.691341 0.116135
7948 0.430314 0.515181 0.054505
8770 0.392625 0.087034 0.520341
8770 0.694309 0.184176 0.121515
1617 0.796192 0.110331 0.093477
3871 0.188940 0.248859 0.562200
3871 0.066154 0.706236 0.227610
1607 0.171051 0.530323 0.298627
1604 0.013704 0.222904 0.763393
3903 0.003736 0.431566 0.564698
10889 0.534308 0.203227 0.262465
3971 0.017755 0.885973 0.096273
10265 0.009964 0.726452 0.263584
7692 0.534371 0.039034 0.426595
163 0.487849 0.512151 0.000000
203 0.818863 0.044499 0.136638
10248 0.334350 0.450555 0.215095
7692 0.236855 0.663608 0.099537
8798 0.292857 0.645651 0.061493
11694 0.275894 0.643032 0.081075
11688 0.287458 0.082614 0.629928
10288 0.549815 0.041122 0.409063
10261 0.389009 0.255741 0.355251
13005 0.514993 0.275331 0.209676
7365 0.170355 0.460606 0.369039
7365 0.401777 0.241460 0.356763
10261 0.344679 0.080264 0.575056
4085 0.295500 0.035951 0.668549
10288 0.499248 0.439968 0.060784
11666 0.267760 0.030001 0.702239
7317 0.252632 0.109215 0.638153
4071 0.147550 0.414833 0.437617
3872 0.630643 0.009446 0.359911
11696 0.332433 0.106823 0.560744
10289 0.235522 0.672288 0.092190
3949 0.259255 0.270638 0.470107
3953 0.029807 0.563309 0.406884
195 0.232112 0.028910 0.738978
4005 0.042109 0.482680 0.475211
8832 0.563108 0.091274 0.345618
196 0.000000 0.599922 0.400078
1618 0.164217 0.220770 0.615012
10883 0.328567 0.507348 0.164085
7364 0.207580 0.466430 0.325990
11637 0.383158 0.025897 0.590945
7948 0.826773 0.078389 0.094838
8770 0.859895 0.067974 0.072131
3855 0.826840 0.064809 0.108351
947 0.141653 0.621074 0.237274
10892 0.361763 0.179967 0.458270
4071 0.382687 0.065728 0.551584
3897 0.182312 0.587357 0.230331
8800 0.275007 0.649312 0.075681
3951 0.384243 0.282017 0.333740
3961 0.173522 0.158620 0.667858
10590 0.047314 0.952686 0.000000
3971 0.581647 0.338399 0.079954
10885 0.191579 0.143359 0.665062
11651 0.457354 0.463766 0.078880
3961 0.513318 0.380950 0.105732
11722 0.055690 0.011828 0.932482
948 0.301144 0.666445 0.032411
4069 0.000000 0.646019 0.353981
11694 0.296737 0.196865 0.506399
10294 0.064832 0.355844 0.579324
7365 0.238134 0.752282 0.009584
10261 0.753900 0.153554 0.092546
270 0.292746 0.030770 0.676483
4085 0.063452 0.410695 0.525853
945 0.157130 0.802744 0.040126
13000 0.511882 0.386543 0.101576
10250 0.038868 0.663684 0.297448
10250 0.449608 0.391157 0.159235
183 0.557164 0.273580 0.169256
3954 0.357371 0.250259 0.392370
10296 0.348717 0.096026 0.555257
11696 0.092869 0.422602 0.484529
8799 0.214917 0.475581 0.309502
8799 0.473617 0.526383 0.000000
7364 0.886905 0.072731 0.040364
3872 0.120805 0.622236 0.256959
11689 0.017279 0.397204 0.585518
1619 0.325963 0.542399 0.131638
1619 0.162929 0.358105 0.478965
7329 0.506503 0.490828 0.002668
3854 0.158868 0.383153 0.457979
11692 0.598898 0.142682 0.258420
8768 0.079024 0.782762 0.138214
3950 0.064178 0.377718 0.558104
4005 0.386825 0.000000 0.613175
11650 0.014381 0.336405 0.649215
1634 0.195972 0.420768 0.383260
8800 0.449582 0.342851 0.207567
11697 0.079141 0.496023 0.424836
3897 0.103139 0.797728 0.099133
8800 0.495617 0.445869 0.058514
4075 0.674346 0.060576 0.265078
4075 0.261412 0.186808 0.551780
4084 0.253756 0.047398 0.698846
3961 0.084720 0.640281 0.274999
4069 0.124416 0.003784 0.871800
7358 0.027086 0.574065 0.398850
7700 0.841611 0.053118 0.105271
10267 0.112087 0.648387 0.239526
3961 0.409264 0.517097 0.073640
290 0.878056 0.015260 0.106684
11692 0.168939 0.477731 0.353329
280 0.622707 0.090619 0.286673
4084 0.331898 0.285590 0.382512
4059 0.379742 0.085607 0.534651
11694 0.387654 0.430045 0.182301
7365 0.536193 0.297425 0.166382
7365 0.384932 0.377880 0.237189
7365 0.485845 0.408050 0.106106
11688 0.241839 0.419835 0.338326
11643 0.085371 0.780100 0.134529
3905 0.453170 0.088789 0.458041
7318 0.831330 0.076291 0.092379
11688 0.524378 0.380508 0.095114
10302 0.373088 0.358811 0.268102
4069 0.286237 0.479706 0.234057
12989 0.566516 0.163631 0.269853
196 0.477658 0.218394 0.303948
3855 0.162087 0.173781 0.664132
3969 0.145101 0.665512 0.189387
3953 0.293713 0.300694 0.405593
7364 0.562995 0.340338 0.096667
3973 0.094142 0.605268 0.300590
8832 0.003781 0.543100 0.453119
7951 0.498589 0.310076 0.191335
1620 0.115142 0.019942 0.864917
218 0.443528 0.004353 0.552119
10277 0.561431 0.178191 0.260378
7331 0.450107 0.234716 0.315177
8841 0.513493 0.128829 0.357678
3901 0.228412 0.167827 0.603761
3899 0.638433 0.189619 0.171948
3885 0.607542 0.161912 0.230546
3897 0.645698 0.333198 0.021104
3897 0.517377 0.024066 0.458558
8831 0.603079 0.340029 0.056892
8831 0.180553 0.686410 0.133037
3901 0.195263 0.642389 0.162348
1634 0.086809 0.554442 0.358749
7358 0.273203 0.633642 0.093154
7358 0.239167 0.382274 0.378559
3900 0.068098 0.784609 0.147293
3971 0.300327 0.361098 0.338575
3962 0.241664 0.054973 0.703364
8769 0.074557 0.702290 0.223153
280 0.556477 0.290764 0.152759
11649 0.514279 0.473824 0.011897
4068 0.076371 0.094104 0.829525
4068 0.044772 0.560076 0.395152
11718 0.279036 0.150958 0.570007
3885 0.340351 0.404210 0.255439
3899 0.168083 0.051580 0.780337
3886 0.219734 0.272500 0.507766
4081 0.101711 0.265653 0.632636
4081 0.408507 0.529874 0.061619
4080 0.870226 0.050119 0.079655
8751 0.421047 0.172749 0.406205
4114 0.000000 0.327987 0.672013
7365 0.385894 0.549503 0.064602
12987 0.266304 0.286995 0.446701
13005 0.025400 0.285919 0.688681
11721 0.060080 0.234079 0.705841
3902 0.419397 0.397852 0.182751
10267 0.198693 0.314169 0.487138
7359 0.083510 0.371846 0.544644
188 0.699684 0.099497 0.200818
8798 0.329368 0.325132 0.345500
8798 0.324581 0.468463 0.206956
8798 0.722912 0.277088 0.000000
3902 0.753790 0.232681 0.013529
10289 0.538296 0.110223 0.351481
300 0.017852 0.764935 0.217212
7366 0.110678 0.649720 0.239602
1617 0.476234 0.213097 0.310669
10264 0.049149 0.284145 0.666707
11689 0.281524 0.548180 0.170296
7693 0.504600 0.150441 0.344959
11689 0.410872 0.307380 0.281748
11696 0.494923 0.126155 0.378922
11689 0.079858 0.747104 0.173038
8798 0.434001 0.119703 0.446296
8798 0.322738 0.169827 0.507434
8798 0.779081 0.150396 0.070523
3872 0.866434 0.110347 0.023219
11698 0.090503 0.147230 0.762267
11697 0.491857 0.286383 0.221760
8798 0.936013 0.051357 0.012630
8798 0.757018 0.020769 0.222213
11688 0.702228 0.202709 0.095063
11698 0.151183 0.427057 0.421760
11698 0.311258 0.166220 0.522522
4005 0.020539 0.366043 0.613418
11696 0.030365 0.717135 0.252500
7326 0.519160 0.411105 0.069735
8799 0.552377 0.447623 0.000000
8776 0.134043 0.531210 0.334747
8776 0.034741 0.420410 0.544849
11697 0.414004 0.519650 0.066346
1619 0.484412 0.157453 0.358135
11697 0.318514 0.681486 0.000000
11697 0.101638 0.632325 0.266037
3953 0.073193 0.208033 0.718774
11643 0.486022 0.097812 0.416167
1063 0.117811 0.597263 0.284926
8748 0.050367 0.157183 0.792450
8736 0.813185 0.139348 0.047467
3949 0.056102 0.260064 0.683833
8768 0.258162 0.456514 0.285324
4071 0.196450 0.033702 0.769849
8861 0.067298 0.546336 0.386366
8861 0.216276 0.472862 0.310862
8748 0.453720 0.409903 0.136377
4057 0.310296 0.426677 0.263027
280 0.371864 0.600930 0.027205
280 0.042120 0.761698 0.196183
280 0.032908 0.527288 0.439804
8832 0.263596 0.736404 0.000000
10885 0.036500 0.018676 0.944824
3947 0.230770 0.441295 0.327936
3882 0.172616 0.792370 0.035013
10889 0.116249 0.160001 0.723750
10288 0.005638 0.043660 0.950702
10288 0.009893 0.716200 0.273907
7951 0.173317 0.252879 0.573803
10288 0.058905 0.462521 0.478574
4079 0.048169 0.388937 0.562894
266 0.059197 0.939122 0.001681
4116 0.709912 0.054571 0.235517
10266 0.146706 0.473355 0.379939
243 0.016942 0.858417 0.124642
11695 0.127343 0.658335 0.214322
10267 0.838856 0.023330 0.137814
243 0.357064 0.288813 0.354123
4068 0.112513 0.000000 0.887487
12989 0.317837 0.465906 0.216257
7351 0.766448 0.124404 0.109148
4068 0.112878 0.314829 0.572293
4081 0.663454 0.281447 0.055099
10264 0.045977 0.802275 0.151748
11696 0.668940 0.086307 0.244753
189 0.168214 0.467292 0.364494
195 0.511505 0.423644 0.064851
8846 0.479816 0.327828 0.192356
11721 0.383416 0.543290 0.073295
11649 0.803252 0.190316 0.006433
7326 0.619343 0.285529 0.095129
3973 0.137407 0.457244 0.405350
8777 0.000000 0.086593 0.913407
11666 0.061244 0.169696 0.769060
3973 0.248007 0.200150 0.551843
4068 0.214307 0.767297 0.018395
8840 0.326904 0.634533 0.038564
3961 0.742494 0.151927 0.105578
3885 0.013082 0.869998 0.116921
3969 0.313603 0.324257 0.362141
11698 0.037994 0.699940 0.262065
11698 0.033479 0.823500 0.143021
8800 0.127923 0.000000 0.872077
8800 0.211821 0.000000 0.788179
3904 0.518317 0.411973 0.069710
3900 0.287467 0.387687 0.324846
1604 0.244846 0.351715 0.403439
10890 0.478931 0.410225 0.110844
10266 0.809077 0.102053 0.088870
10248 0.061665 0.869605 0.068729
7330 0.361874 0.151847 0.486278
7332 0.436448 0.196611 0.366941
7364 0.272369 0.582335 0.145296
4114 0.000000 0.852393 0.147607
13108 0.168487 0.051204 0.780309
1685 0.875996 0.005654 0.118350
7956 0.297317 0.252963 0.449719
12988 0.787057 0.023284 0.189660
3881 0.527414 0.081518 0.391067
8747 0.013316 0.379753 0.606931
8778 0.362029 0.493504 0.144467
269 0.518249 0.311591 0.170161
3883 0.330908 0.541451 0.127640
10914 0.138873 0.150044 0.711083
1777 0.159679 0.078595 0.761726
1675 0.420855 0.295757 0.283388
263 0.332513 0.606842 0.060645
3863 0.431384 0.454062 0.114554
10896 0.134223 0.749416 0.116361
1646 0.490327 0.234243 0.275430
7642 0.292234 0.067269 0.640498
1777 0.181809 0.492398 0.325793
8841 0.630481 0.322996 0.046523
11689 0.587247 0.197728 0.215025
4077 0.114045 0.247434 0.638521
4080 0.033052 0.624488 0.342460
4005 0.228748 0.028917 0.742335
954 0.416159 0.330399 0.253442
11695 0.538715 0.441165 0.020120
11695 0.309060 0.478146 0.212795
8799 0.458345 0.386699 0.154956
11650 0.646187 0.269000 0.084813
8800 0.903218 0.062306 0.034476
8800 0.423656 0.258299 0.318046
8800 0.393154 0.006925 0.599921
10888 0.063073 0.860903 0.076024
11696 0.425067 0.377823 0.197110
11721 0.535082 0.016532 0.448386
11649 0.102947 0.754196 0.142857
3995 0.000000 0.568292 0.431708
3995 0.000000 0.609971 0.390029
11649 0.262422 0.514532 0.223046
3995 0.000000 0.888848 0.111152
3996 0.128158 0.871842 0.000000
1678 0.305768 0.237481 0.456751
7641 0.741555 0.241102 0.017343
3884 0.193322 0.555997 0.250681
13273 0.112062 0.426837 0.461101
3971 0.137630 0.284029 0.578341
4112 0.749049 0.005508 0.245443
11717 0.146524 0.210521 0.642956
10883 0.093054 0.197457 0.709489
1610 0.000000 0.580379 0.419621
156 0.153243 0.784124 0.062632
204 0.399101 0.342229 0.258670
3973 0.523670 0.028522 0.447808
8775 0.045355 0.813284 0.141361
13283 0.113700 0.524388 0.361911
10898 0.008441 0.534786 0.456772
10898 0.543981 0.151701 0.304318
10294 0.364523 0.312133 0.323344
10294 0.186431 0.514105 0.299464
8752 0.279418 0.013050 0.707532
8776 0.217720 0.364510 0.417770
7365 0.777344 0.079592 0.143064
1617 0.043587 0.366446 0.589967
4068 0.298577 0.142374 0.559049
7363 0.262257 0.271548 0.466195
266 0.741464 0.189280 0.069256
189 0.163611 0.094998 0.741390
195 0.142500 0.392883 0.464617
7318 0.507760 0.000000 0.492240
3962 0.221836 0.259154 0.519010
3946 0.648108 0.351892 0.000000
1619 0.904401 0.059902 0.035697
8732 0.328306 0.523202 0.148492
1619 0.137849 0.053957 0.808194
299 0.230930 0.385719 0.383351
12987 0.441659 0.250297 0.308044
269 0.754932 0.151424 0.093644
8736 0.002833 0.516559 0.480608
13108 0.201544 0.731417 0.067039
1645 0.925764 0.051779 0.022457
7958 0.115776 0.454183 0.430040
8793 0.006668 0.372953 0.620379
10302 0.260821 0.025760 0.713419
11719 0.218613 0.605821 0.175566
11692 0.274602 0.607406 0.117992
11685 0.182636 0.121456 0.695907
10593 0.863443 0.049353 0.087204
7976 0.415178 0.440080 0.144742
1646 0.048389 0.534955 0.416656
11698 0.556572 0.061865 0.381563
11698 0.209879 0.704958 0.085163
7976 0.329215 0.031310 0.639475
11698 0.369517 0.422454 0.208029
3881 0.602768 0.368069 0.029163
11694 0.741711 0.229794 0.028495
11685 0.013886 0.892746 0.093367
10885 0.140163 0.554794 0.305043
7951 0.851039 0.009437 0.139524
7951 0.623070 0.172618 0.204312
3882 0.182286 0.369409 0.448305
8800 0.494747 0.123897 0.381356
8800 0.332893 0.000000 0.667107
11695 0.504262 0.204957 0.290781
13285 0.014564 0.059075 0.926361
8798 0.280648 0.070157 0.649195
3960 0.074159 0.523576 0.402265
197 0.471145 0.040304 0.488551
10914 0.572337 0.424343 0.003320
7700 0.086839 0.246004 0.667157
4091 0.760920 0.171257 0.067823
4091 0.395697 0.231013 0.373290
8745 0.346057 0.234725 0.419219
4088 0.576446 0.268828 0.154727
3971 0.084296 0.160418 0.755286
7330 0.664151 0.309895 0.025954
1772 0.724738 0.126178 0.149085
1772 0.413953 0.455898 0.130149
8861 0.570721 0.288482 0.140797
1768 0.413093 0.008822 0.578085
192 0.361593 0.444800 0.193607
193 0.440880 0.079488 0.479633
3887 0.890884 0.047994 0.061122
10263 0.328719 0.525738 0.145543
1773 0.591196 0.251825 0.156979
8775 0.003155 0.703924 0.292920
11665 0.192788 0.792467 0.014744
198 0.162045 0.334966 0.502990
184 0.071789 0.305412 0.622799
188 0.394205 0.298178 0.307617
3949 0.079132 0.072873 0.847994
8003 0.249459 0.103564 0.646976
184 0.185943 0.695824 0.118233
184 0.343684 0.138302 0.518014
245 0.089422 0.013916 0.896662
7979 0.291688 0.439074 0.269239
10592 0.356049 0.553979 0.089973
8752 0.607794 0.219778 0.172429
183 0.019052 0.785507 0.195441
189 0.558123 0.107082 0.334795
4077 0.675845 0.098534 0.225621
188 0.014243 0.985757 0.000000
3906 0.452634 0.503785 0.043582
198 0.449012 0.510611 0.040377
3947 0.426257 0.362969 0.210773
8846 0.068600 0.096888 0.834512
13005 0.203548 0.666147 0.130305
953 0.307716 0.401024 0.291260
3898 0.430002 0.547107 0.022892
4054 0.579886 0.401612 0.018503
13515 0.220420 0.373211 0.406369
1616 0.042098 0.549644 0.408258
11717 0.359919 0.358769 0.281312
7947 0.451077 0.250747 0.298176
953 0.683739 0.263334 0.052927
10883 0.617681 0.059308 0.323011
1773 0.123473 0.802196 0.074331
1063 0.442910 0.007312 0.549778
952 0.508100 0.399303 0.092596
156 0.326675 0.138576 0.534749
7312 0.379793 0.204801 0.415406
4079 0.734193 0.151724 0.114084
3972 0.122162 0.619371 0.258466
10591 0.605347 0.180193 0.214460
953 0.008162 0.008870 0.982969
13283 0.360407 0.621039 0.018554
1685 0.097377 0.472135 0.430489
1770 0.294350 0.167225 0.538425
952 0.108408 0.348216 0.543377
1620 0.135551 0.452700 0.411749
1620 0.676743 0.047016 0.276241
218 0.083603 0.000000 0.916397
3896 0.070090 0.876900 0.053010
3851 0.490991 0.154123 0.354886
4000 0.087877 0.339883 0.572240
11717 0.384603 0.196209 0.419188
1778 0.502180 0.376536 0.121284
11685 0.390438 0.436132 0.173430
1813 0.200946 0.439315 0.359739
1778 0.565506 0.068367 0.366127
13637 0.000000 0.749585 0.250415
204 0.246306 0.102183 0.651510
4091 0.000000 0.639540 0.360460
13516 0.362541 0.579679 0.057780
1772 0.113679 0.569329 0.316991
4091 0.364660 0.613559 0.021781
1069 0.062495 0.648706 0.288799
13283 0.192127 0.212948 0.594926
3995 0.045555 0.335674 0.618772
1765 0.666482 0.315965 0.017552
8001 0.349637 0.033851 0.616512
4117 0.177243 0.433510 0.389248
4112 0.312760 0.168362 0.518878
3974 0.089613 0.088481 0.821906
4068 0.302828 0.416488 0.280684
8849 0.454812 0.498295 0.046894
8849 0.040933 0.408790 0.550277
3969 0.345398 0.139905 0.514697
8840 0.375568 0.319264 0.305168
8841 0.927758 0.057239 0.015003
1678 0.817743 0.002322 0.179935
8850 0.259630 0.022844 0.717526
10294 0.577080 0.389914 0.033006
3953 0.006867 0.022466 0.970667
7363 0.756560 0.232424 0.011016
7363 0.425262 0.433477 0.141262
7979 0.034898 0.010244 0.954857
11665 0.362240 0.312392 0.325369
4077 0.056604 0.804217 0.139180
8843 0.263696 0.257600 0.478704
1604 0.400135 0.127409 0.472456
3962 0.495867 0.200761 0.303372
13274 0.111379 0.841874 0.046747
10289 0.179454 0.247674 0.572872
4074 0.055820 0.284655 0.659524
3889 0.306208 0.424682 0.269109
276 0.124266 0.000000 0.875734
3946 0.241393 0.758607 0.000000
1826 0.268901 0.618069 0.113029
3965 0.669790 0.235777 0.094433
13506 0.682778 0.138310 0.178912
198 0.777299 0.219914 0.002787
194 0.797161 0.102188 0.100652
1823 0.655379 0.181163 0.163458
4078 0.431441 0.026718 0.541840
194 0.229454 0.177992 0.592554
4113 0.875615 0.000000 0.124385
269 0.573267 0.011272 0.415461
4054 0.154205 0.368876 0.476920
10302 0.402045 0.141279 0.456675
951 0.078286 0.853813 0.067901
7980 0.509790 0.005621 0.484590
8831 0.241327 0.174910 0.583763
7693 0.012392 0.668941 0.318667
1064 0.054413 0.202558 0.743029
8740 0.568320 0.078452 0.353228
8799 0.347420 0.241363 0.411217
8740 0.117222 0.528473 0.354305
3970 0.964308 0.022355 0.013336
13278 0.559859 0.231376 0.208766
13278 0.011502 0.829020 0.159477
11685 0.685169 0.185264 0.129568
4052 0.924011 0.000000 0.075989
4096 0.222218 0.138645 0.639137
3994 0.018264 0.767382 0.214355
3994 0.338814 0.610548 0.050637
3965 0.199022 0.336327 0.464652
8839 0.493896 0.370653 0.135451
10947 0.259250 0.520755 0.219995
3996 0.367833 0.631687 0.000479
4068 0.359539 0.219720 0.420741
4118 0.312708 0.328746 0.358546
4068 0.312529 0.625957 0.061514
4067 0.377622 0.612346 0.010032
10935 0.882872 0.044680 0.072448
8777 0.231769 0.535848 0.232382
4111 0.440961 0.312637 0.246402
4112 0.089597 0.236124 0.674279
3896 0.937031 0.037004 0.025964
8777 0.480176 0.244398 0.275426
8861 0.140304 0.307598 0.552098
1769 0.058311 0.210637 0.731052
3880 0.405853 0.419254 0.174894
8750 0.093555 0.311164 0.595281
10295 0.790559 0.171218 0.038223
11649 0.289329 0.084311 0.626360
4073 0.469024 0.053743 0.477233
4076 0.241192 0.420383 0.338425
11665 0.559093 0.238876 0.202031
10287 0.052468 0.145705 0.801826
1767 0.542485 0.092025 0.365491
7360 0.292539 0.622823 0.084638
3962 0.278773 0.367596 0.353631
8002 0.247921 0.556811 0.195268
1716 0.324699 0.438449 0.236852
12989 0.035035 0.271895 0.693070
8844 0.668396 0.082074 0.249530
276 0.469816 0.112314 0.417870
3946 0.461812 0.489481 0.048707
8843 0.785245 0.202883 0.011872
8844 0.007632 0.190194 0.802175
10645 0.066625 0.150735 0.782640
3907 0.420445 0.236476 0.343078
10888 0.700975 0.222903 0.076121
11720 0.288689 0.202672 0.508639
8732 0.253805 0.051211 0.694984
13284 0.559537 0.164246 0.276217
8019 0.136332 0.765714 0.097954
13284 0.504056 0.420967 0.074977
10934 0.315403 0.551975 0.132622
156 0.182472 0.000000 0.817528
1823 0.299571 0.627039 0.073390
8796 0.372794 0.029627 0.597578
11696 0.032809 0.870658 0.096532
