330 0.001315 0.739556 0.259129
220 0.332692 0.435288 0.232020
517 0.269442 0.645718 0.084841
598 0.301218 0.300097 0.398685
333 0.063497 0.179305 0.757197
971 0.294888 0.431402 0.273711
490 0.192441 0.376134 0.431424
564 0.062535 0.645191 0.292274
961 0.182843 0.226670 0.590488
1042 0.686154 0.063019 0.250827
742 0.275282 0.430633 0.294085
1325 0.606628 0.383356 0.010017
698 0.591256 0.196689 0.212056
979 0.140385 0.413616 0.445999
1456 0.212634 0.058903 0.728463
1068 0.124098 0.732266 0.143636
1461 0.130618 0.105434 0.763948
1352 0.079894 0.093332 0.826774
1387 0.019497 0.714619 0.265884
1015 0.701229 0.234243 0.064527
1354 0.102099 0.733138 0.164763
1378 0.049061 0.122620 0.828320
1754 0.024519 0.029454 0.946027
1353 0.324456 0.333015 0.342529
1789 0.739325 0.103337 0.157338
1164 0.145936 0.425647 0.428418
1830 0.150848 0.248229 0.600923
1258 0.336215 0.287607 0.376177
1486 0.158471 0.763580 0.077949
1623 0.357704 0.573931 0.068364
2013 0.000000 0.583663 0.416337
2192 0.341109 0.069461 0.589430
1776 0.047326 0.094133 0.858541
2498 0.173029 0.337631 0.489339
2249 0.546695 0.277557 0.175749
1468 0.286489 0.417641 0.295870
2224 0.030902 0.590134 0.378964
1916 0.069463 0.914467 0.016070
1880 0.255219 0.671308 0.073473
2164 0.389238 0.218296 0.392466
2602 0.450495 0.179586 0.369919
1761 0.565966 0.049454 0.384581
1968 0.000000 0.634365 0.365635
1812 0.729594 0.008286 0.262120
2139 0.317440 0.517538 0.165022
2267 0.181065 0.247058 0.571876
2337 0.453077 0.487103 0.059820
2901 0.759663 0.236002 0.004335
2526 0.197979 0.129768 0.672254
2930 0.472297 0.397859 0.129845
2386 0.027574 0.481330 0.491096
2064 0.362964 0.255595 0.381441
2539 0.193631 0.234833 0.571536
2441 0.280262 0.116212 0.603525
2956 0.498981 0.107772 0.393248
3131 0.713170 0.274917 0.011913
2620 0.076345 0.905570 0.018086
3029 0.745146 0.187859 0.066995
1942 0.364441 0.555346 0.080213
2759 0.475950 0.107972 0.416078
2067 0.345716 0.483840 0.170443
2549 0.231108 0.469391 0.299501
31 0.234066 0.378564 0.387370
2570 0.052740 0.267264 0.679996
3308 0.056309 0.712610 0.231081
3117 0.332391 0.570587 0.097022
2823 0.038492 0.620001 0.341507
2941 0.196052 0.648341 0.155607
3675 0.112592 0.871550 0.015857
4943 0.223536 0.296039 0.480425
3142 0.591860 0.076190 0.331950
3353 0.478655 0.220609 0.300736
3027 0.734747 0.193512 0.071741
3984 0.400564 0.111049 0.488387
4440 0.219631 0.115554 0.664815
3288 0.113300 0.104533 0.782167
4469 0.410460 0.093919 0.495620
3569 0.239603 0.427479 0.332918
3617 0.317050 0.442624 0.240326
5718 0.273658 0.670804 0.055538
4075 0.005223 0.184407 0.810370
4307 0.175903 0.144443 0.679653
3899 0.620396 0.241482 0.138123
3620 0.187243 0.084884 0.727872
4974 0.827225 0.125405 0.047370
6202 0.574946 0.177751 0.247303
5921 0.579377 0.088610 0.332013
6647 0.124564 0.399243 0.476194
5257 0.424871 0.432174 0.142955
6661 0.389326 0.518162 0.092511
5074 0.073487 0.344274 0.582239
4232 0.096840 0.164527 0.738633
5465 0.448744 0.551256 0.000000
4019 0.770203 0.137516 0.092281
6286 0.108390 0.112438 0.779172
4029 0.027806 0.182623 0.789571
5830 0.160904 0.111359 0.727737
5032 0.079037 0.619768 0.301195
6803 0.250042 0.244511 0.505447
7302 0.689088 0.195943 0.114969
6077 0.096003 0.782023 0.121974
7553 0.166410 0.705932 0.127658
3957 0.221612 0.228694 0.549695
3302 0.899734 0.046150 0.054116
5075 0.393013 0.540125 0.066862
3999 0.224842 0.208507 0.566651
6503 0.051428 0.625096 0.323476
6411 0.306660 0.282470 0.410871
4749 0.368323 0.226995 0.404682
6279 0.211135 0.155861 0.633005
7471 0.303892 0.663786 0.032322
7906 0.556504 0.404130 0.039367
6628 0.729147 0.216474 0.054380
8104 0.723718 0.079241 0.197041
6486 0.304012 0.308574 0.387414
8462 0.333400 0.184693 0.481907
4844 0.113790 0.779368 0.106842
4380 0.051449 0.700904 0.247647
6503 0.810378 0.127696 0.061926
5522 0.296861 0.211057 0.492082
7284 0.394995 0.277547 0.327458
6377 0.201461 0.433671 0.364868
7985 0.114467 0.375403 0.510129
8671 0.067719 0.103655 0.828626
6971 0.375648 0.132497 0.491856
9361 0.112596 0.689631 0.197772
4423 0.134617 0.180060 0.685323
3939 0.205924 0.615726 0.178350
5574 0.615435 0.158482 0.226083
4650 0.199618 0.788602 0.011780
6677 0.207823 0.169881 0.622295
5606 0.209578 0.231640 0.558781
6323 0.207087 0.221401 0.571512
8093 0.464502 0.096723 0.438774
6852 0.044091 0.165348 0.790560
8282 0.419466 0.057901 0.522632
7519 0.238947 0.606530 0.154523
5077 0.506131 0.425308 0.068562
5567 0.078500 0.640194 0.281306
4379 0.173710 0.503907 0.322383
7027 0.010638 0.178775 0.810586
5416 0.510626 0.171489 0.317885
7181 0.123438 0.780777 0.095786
6218 0.450496 0.317546 0.231957
6953 0.631308 0.253312 0.115379
8073 0.208145 0.690148 0.101707
6957 0.006355 0.690656 0.302988
8274 0.488831 0.240697 0.270473
9542 0.423431 0.317261 0.259308
10174 0.498405 0.452964 0.048631
8504 0.158844 0.738816 0.102341
10195 0.217763 0.517154 0.265083
10251 0.320254 0.590080 0.089667
3786 0.053961 0.874230 0.071809
5607 0.407104 0.132518 0.460378
4537 0.362045 0.311630 0.326326
3897 0.012580 0.466127 0.521293
5978 0.983991 0.012539 0.003470
4241 0.524766 0.062693 0.412541
4637 0.191710 0.052642 0.755649
7977 0.302760 0.168039 0.529201
5002 0.021329 0.697116 0.281556
7835 0.096678 0.722755 0.180567
6222 0.241611 0.414886 0.343504
7481 0.434955 0.183658 0.381386
7925 0.386393 0.237753 0.375854
8528 0.416782 0.038479 0.544739
7643 0.590912 0.278974 0.130114
9188 0.066222 0.662478 0.271301
10158 0.445929 0.253833 0.300239
8905 0.156404 0.252527 0.591070
10883 0.830879 0.056959 0.112162
10652 0.128468 0.557924 0.313608
5097 0.377334 0.435644 0.187022
4527 0.342585 0.118000 0.539415
3809 0.381252 0.481959 0.136790
5965 0.329965 0.026545 0.643490
5856 0.733962 0.172783 0.093255
7180 0.277636 0.013336 0.709028
4230 0.029342 0.626441 0.344217
6819 0.465414 0.375245 0.159341
7218 0.300136 0.085771 0.614093
7259 0.280021 0.557082 0.162897
4746 0.621541 0.077224 0.301235
6668 0.065590 0.567506 0.366904
7838 0.490672 0.509328 0.000000
6888 0.187641 0.032769 0.779591
8145 0.619986 0.073925 0.306089
8406 0.434277 0.228690 0.337033
8200 0.201754 0.671698 0.126548
9303 0.507667 0.095424 0.396909
8801 0.083498 0.323945 0.592556
11083 0.310355 0.151030 0.538614
9691 0.775908 0.160587 0.063505
11130 0.726875 0.123626 0.149499
10971 0.879142 0.029903 0.090955
10768 0.065145 0.740375 0.194481
10982 0.760512 0.156517 0.082971
5023 0.213874 0.605729 0.180398
3803 0.118622 0.070648 0.810730
6004 0.227581 0.756802 0.015617
5459 0.438814 0.043721 0.517465
6925 0.666522 0.277980 0.055498
5874 0.192359 0.229842 0.577799
7937 0.771969 0.164695 0.063336
7112 0.305315 0.167306 0.527379
8272 0.450328 0.303194 0.246478
7599 0.523255 0.156639 0.320105
8171 0.188067 0.024660 0.787273
8190 0.119385 0.539386 0.341229
8520 0.686406 0.255524 0.058070
9580 0.196694 0.172807 0.630498
11118 0.116240 0.067016 0.816744
11343 0.177440 0.627589 0.194971
11350 0.468207 0.393445 0.138348
11403 0.504168 0.175890 0.319941
11271 0.279890 0.143954 0.576156
11475 0.231966 0.284813 0.483221
4480 0.106121 0.011576 0.882303
6152 0.100895 0.782473 0.116632
6417 0.151753 0.265479 0.582768
5237 0.197324 0.136963 0.665713
6665 0.525667 0.096631 0.377702
8332 0.089092 0.302358 0.608549
8431 0.332980 0.000000 0.667020
8466 0.385302 0.266767 0.347931
9963 0.219313 0.241456 0.539231
10062 0.244622 0.716075 0.039303
10542 0.299881 0.667301 0.032818
11502 0.700039 0.250184 0.049777
11419 0.088613 0.907384 0.004003
12070 0.172361 0.274391 0.553248
11658 0.079792 0.895393 0.024815
12178 0.745342 0.144321 0.110337
12137 0.094298 0.825205 0.080497
12302 0.060394 0.426939 0.512667
5837 0.089317 0.619243 0.291440
6598 0.013368 0.907652 0.078979
8804 0.324992 0.637010 0.037998
9311 0.201661 0.000000 0.798339
7514 0.137671 0.180770 0.681558
8968 0.572310 0.068007 0.359683
5632 0.172291 0.229860 0.597849
8818 0.112615 0.679938 0.207447
9015 0.405342 0.469113 0.125545
10266 0.578380 0.403834 0.017786
10465 0.632120 0.010403 0.357477
10669 0.509000 0.294740 0.196260
11191 0.069560 0.578337 0.352103
11174 0.064564 0.763489 0.171947
11933 0.768766 0.064074 0.167160
11570 0.802568 0.159144 0.038288
11796 0.169253 0.513816 0.316932
11798 0.381338 0.428403 0.190259
11541 0.083854 0.687469 0.228677
11766 0.220787 0.719721 0.059492
12218 0.115170 0.271904 0.612925
12028 0.053016 0.250811 0.696173
12343 0.039434 0.265152 0.695415
12758 0.001699 0.653317 0.344984
12850 0.229738 0.534380 0.235882
12604 0.458988 0.158181 0.382831
13114 0.167605 0.765417 0.066978
12752 0.213982 0.028365 0.757653
12960 0.820528 0.156034 0.023438
9609 0.115434 0.145528 0.739037
4333 0.180713 0.586684 0.232603
7638 0.676184 0.157135 0.166681
8368 0.847788 0.147900 0.004312
9730 0.016992 0.607813 0.375195
10433 0.616091 0.262877 0.121032
10224 0.166518 0.749780 0.083702
11178 0.349268 0.178888 0.471844
11286 0.128409 0.742402 0.129190
11702 0.088888 0.616020 0.295092
11511 0.498560 0.270105 0.231335
11440 0.444948 0.037245 0.517807
12296 0.099653 0.795211 0.105136
12045 0.493680 0.465046 0.041274
11756 0.342183 0.485238 0.172579
12337 0.438303 0.032641 0.529056
12605 0.132195 0.119739 0.748066
12059 0.263649 0.593511 0.142840
12753 0.034725 0.048862 0.916413
12426 0.009638 0.548321 0.442041
12554 0.581394 0.176345 0.242262
12951 0.001783 0.435485 0.562732
12528 0.252541 0.650007 0.097452
13307 0.334232 0.172436 0.493332
13475 0.145790 0.113255 0.740956
13279 0.637121 0.336794 0.026085
13364 0.144044 0.429713 0.426243
13772 0.105392 0.671128 0.223481
14044 0.512711 0.133415 0.353875
13623 0.248644 0.712537 0.038820
14176 0.213482 0.063724 0.722795
13877 0.257934 0.473957 0.268110
14100 0.578007 0.199704 0.222290
10784 0.038128 0.728399 0.233473
10161 0.108276 0.525078 0.366646
9982 0.467622 0.152807 0.379571
9779 0.171772 0.257337 0.570891
10596 0.755290 0.112791 0.131919
44 0.712947 0.259183 0.027870
10047 0.754214 0.231349 0.014436
11123 0.276077 0.171519 0.552404
11048 0.401335 0.196151 0.402514
11445 0.385772 0.520997 0.093231
11333 0.241178 0.116876 0.641945
11813 0.602444 0.224819 0.172737
11706 0.414879 0.581582 0.003538
11772 0.084383 0.128013 0.787604
12010 0.009591 0.860979 0.129430
11972 0.323153 0.510768 0.166079
12489 0.017584 0.319394 0.663021
12098 0.192164 0.597262 0.210573
12904 0.053200 0.600512 0.346288
12413 0.010182 0.417097 0.572721
12994 0.521465 0.008745 0.469790
12428 0.013973 0.368028 0.617999
13662 0.102560 0.875341 0.022099
12823 0.521628 0.186814 0.291558
13149 0.384568 0.568303 0.047129
13141 0.787649 0.195685 0.016666
13103 0.130630 0.809911 0.059459
13607 0.273194 0.475420 0.251386
13870 0.479075 0.108951 0.411974
14040 0.236698 0.546479 0.216823
14083 0.083241 0.537896 0.378862
14530 0.300215 0.553398 0.146387
14349 0.456797 0.369924 0.173279
14632 0.450090 0.027578 0.522332
14920 0.330874 0.614552 0.054575
14759 0.089906 0.752776 0.157318
15202 0.614822 0.194229 0.190949
14908 0.473327 0.276171 0.250501
15245 0.273397 0.674881 0.051721
15134 0.247068 0.379841 0.373091
15505 0.102757 0.321968 0.575275
15263 0.368111 0.576160 0.055729
15881 0.763594 0.023970 0.212436
15362 0.120925 0.689309 0.189766
15648 0.489374 0.312477 0.198149
10541 0.199282 0.353931 0.446787
10894 0.868941 0.043534 0.087525
10896 0.120707 0.454108 0.425185
11077 0.544117 0.339581 0.116303
11182 0.373934 0.255994 0.370072
11129 0.408806 0.585644 0.005550
11617 0.187927 0.774235 0.037838
11515 0.009744 0.709602 0.280654
11811 0.175486 0.468057 0.356457
11591 0.453727 0.538801 0.007471
11969 0.070686 0.695201 0.234113
12123 0.097701 0.653740 0.248559
12268 0.065850 0.609131 0.325019
12333 0.098320 0.809206 0.092474
12481 0.415796 0.190113 0.394090
12707 0.238451 0.324730 0.436819
12519 0.824544 0.154891 0.020565
12792 0.046939 0.823179 0.129882
12491 0.061258 0.040434 0.898308
12868 0.364924 0.213225 0.421852
13011 0.448737 0.046683 0.504580
13895 0.578120 0.059960 0.361920
13340 0.451548 0.116442 0.432010
13559 0.239099 0.097762 0.663139
13555 0.148313 0.598228 0.253459
13945 0.595626 0.306772 0.097601
14077 0.696910 0.014957 0.288133
13746 0.137416 0.658418 0.204166
14242 0.103306 0.759835 0.136858
14280 0.073396 0.623975 0.302630
13906 0.209031 0.165677 0.625292
13885 0.126492 0.097862 0.775646
14457 0.273356 0.512850 0.213794
14234 0.187192 0.141221 0.671587
14633 0.553996 0.016239 0.429765
15070 0.077496 0.584436 0.338068
14540 0.209029 0.301691 0.489280
15109 0.333704 0.263679 0.402617
16028 0.439573 0.257640 0.302786
15964 0.072815 0.559246 0.367939
16000 0.275112 0.072580 0.652308
16077 0.731761 0.241290 0.026950
16153 0.284439 0.250889 0.464672
16194 0.270473 0.018821 0.710706
16862 0.298048 0.353984 0.347967
16410 0.138562 0.633447 0.227991
16941 0.351924 0.140174 0.507901
16570 0.377405 0.569060 0.053534
17195 0.336548 0.090607 0.572845
16930 0.162641 0.656541 0.180818
17502 0.148951 0.240194 0.610855
17157 0.174475 0.094854 0.730671
17330 0.235669 0.491275 0.273056
11032 0.560835 0.291671 0.147493
11730 0.062264 0.915123 0.022613
11674 0.393612 0.560207 0.046181
11828 0.085397 0.503394 0.411210
12026 0.092834 0.130107 0.777059
11805 0.123133 0.467336 0.409531
12445 0.147605 0.539319 0.313076
12312 0.980634 0.003774 0.015593
12522 0.357583 0.266840 0.375577
12404 0.449385 0.266182 0.284433
12783 0.273951 0.001448 0.724601
12787 0.605751 0.204699 0.189550
12550 0.356439 0.018717 0.624844
13066 0.273457 0.456382 0.270161
12859 0.301995 0.029837 0.668168
12989 0.264078 0.540350 0.195571
13225 0.591477 0.062907 0.345616
13212 0.066640 0.835699 0.097661
13760 0.426984 0.045194 0.527823
13454 0.026316 0.098696 0.874988
13508 0.554909 0.320783 0.124308
13498 0.159505 0.485957 0.354538
13896 0.169360 0.098680 0.731960
13452 0.405493 0.524451 0.070056
14268 0.613621 0.274543 0.111836
13742 0.603879 0.390320 0.005800
14270 0.770075 0.029245 0.200680
13861 0.697358 0.166594 0.136049
14620 0.376178 0.408129 0.215693
13931 0.253782 0.576654 0.169563
14442 0.512596 0.389089 0.098315
14112 0.121089 0.451196 0.427715
14310 0.208411 0.205557 0.586033
14707 0.250654 0.411197 0.338149
14439 0.595809 0.016557 0.387634
15039 0.132666 0.345304 0.522030
15160 0.077167 0.227168 0.695665
14762 0.132991 0.016606 0.850403
15078 0.319847 0.580401 0.099751
15525 0.001878 0.910836 0.087286
14923 0.331407 0.342814 0.325779
15422 0.664178 0.158190 0.177632
15120 0.500315 0.463797 0.035888
15652 0.006116 0.164648 0.829236
15238 0.210893 0.538459 0.250648
15735 0.630477 0.290555 0.078968
15522 0.305739 0.114425 0.579837
16119 0.550457 0.225195 0.224347
15715 0.757275 0.026741 0.215984
16166 0.156341 0.125255 0.718404
15653 0.322571 0.458719 0.218709
16395 0.375910 0.314075 0.310015
16032 0.166464 0.156990 0.676546
16353 0.422433 0.201538 0.376029
15991 0.878683 0.007456 0.113861
16596 0.129200 0.583949 0.286851
16535 0.309220 0.138417 0.552363
16626 0.101043 0.100810 0.798147
16833 0.088869 0.358387 0.552744
17123 0.292218 0.692243 0.015540
17440 0.343816 0.487703 0.168482
17956 0.171821 0.314349 0.513830
17922 0.271415 0.321388 0.407197
17868 0.522443 0.198412 0.279145
18265 0.167984 0.488857 0.343159
18173 0.060132 0.251615 0.688253
18693 0.580651 0.084787 0.334562
18288 0.003795 0.749315 0.246889
18812 0.006968 0.807719 0.185313
11336 0.324758 0.667278 0.007964
11672 0.104940 0.013990 0.881070
11540 0.210128 0.486842 0.303030
11713 0.861461 0.112329 0.026210
11574 0.032844 0.107832 0.859325
11776 0.134883 0.082664 0.782453
11717 0.219008 0.300505 0.480487
12217 0.445835 0.382889 0.171276
12195 0.366101 0.479846 0.154053
12808 0.710703 0.134032 0.155265
12584 0.646965 0.199968 0.153067
13020 0.341118 0.051678 0.607204
12776 0.024594 0.271007 0.704399
13121 0.597107 0.123564 0.279329
13224 0.164473 0.495935 0.339593
13584 0.050488 0.837561 0.111952
13548 0.446117 0.121075 0.432808
13278 0.089493 0.105826 0.804681
13680 0.719329 0.250570 0.030102
14186 0.573360 0.183429 0.243211
13857 0.347073 0.035629 0.617298
14308 0.025146 0.640034 0.334820
14055 0.289743 0.701445 0.008812
14146 0.300711 0.159935 0.539354
14306 0.220654 0.733363 0.045983
14536 0.258295 0.607484 0.134221
14999 0.348279 0.185576 0.466144
14697 0.086960 0.205109 0.707931
15233 0.147743 0.108778 0.743479
14669 0.083842 0.647796 0.268362
14967 0.716100 0.266523 0.017377
15066 0.114274 0.368544 0.517182
15386 0.605081 0.110477 0.284442
14958 0.013960 0.798507 0.187533
15656 0.233944 0.298282 0.467774
15296 0.012499 0.191085 0.796415
15724 0.690695 0.243967 0.065338
15272 0.247564 0.124217 0.628219
16114 0.782159 0.036546 0.181295
15373 0.382857 0.020862 0.596281
16366 0.025974 0.789806 0.184220
15830 0.426451 0.079169 0.494380
16286 0.122196 0.237497 0.640307
15831 0.268091 0.494901 0.237008
16677 0.415388 0.552609 0.032003
15993 0.300576 0.548905 0.150519
16869 0.174677 0.571249 0.254074
16104 0.332149 0.376568 0.291283
16911 0.700967 0.077256 0.221777
16614 0.745298 0.135831 0.118871
16950 0.101885 0.340522 0.557593
16681 0.061336 0.901222 0.037442
17190 0.248952 0.349577 0.401472
16828 0.530376 0.265551 0.204073
17381 0.309799 0.582193 0.108007
17467 0.823716 0.097304 0.078980
17218 0.809783 0.157722 0.032495
17631 0.154524 0.601610 0.243866
17269 0.099509 0.257166 0.643325
17643 0.426225 0.271215 0.302560
17249 0.871549 0.015006 0.113444
17552 0.230801 0.706811 0.062388
18145 0.522525 0.026851 0.450624
17737 0.162591 0.328981 0.508428
18101 0.149850 0.527041 0.323109
18388 0.222003 0.511187 0.266809
19014 0.547151 0.009342 0.443507
19373 0.041988 0.269434 0.688578
19001 0.276924 0.158174 0.564902
19474 0.049206 0.235911 0.714882
19450 0.323415 0.372037 0.304548
19561 0.154659 0.815175 0.030165
21016 0.687337 0.129933 0.182730
41227 0.331417 0.074949 0.593634
11988 0.575210 0.010816 0.413973
11868 0.299720 0.383690 0.316590
12163 0.153095 0.083252 0.763653
12148 0.607729 0.131777 0.260494
11914 0.190039 0.669820 0.140140
12251 0.722740 0.183320 0.093940
12472 0.396572 0.213281 0.390147
12573 0.217604 0.750359 0.032037
12579 0.142551 0.444490 0.412960
13133 0.122986 0.683592 0.193422
13220 0.461512 0.067098 0.471390
13856 0.931006 0.031884 0.037110
14267 0.351637 0.503262 0.145102
14573 0.669209 0.113292 0.217499
14104 0.433827 0.365694 0.200479
14765 0.269108 0.513823 0.217069
14858 0.477085 0.204478 0.318438
14819 0.128569 0.244493 0.626938
14990 0.169181 0.535579 0.295239
15192 0.375283 0.564918 0.059799
15022 0.191587 0.499871 0.308542
15186 0.386233 0.345126 0.268642
15701 0.149382 0.483301 0.367318
15327 0.580105 0.323691 0.096205
15703 0.325232 0.641523 0.033246
15440 0.220253 0.276368 0.503380
15744 0.321072 0.086182 0.592746
15826 0.307431 0.318966 0.373603
15787 0.089104 0.353901 0.556995
16083 0.016708 0.609504 0.373787
16565 0.379709 0.554674 0.065617
16422 0.575331 0.089100 0.335570
16580 0.336811 0.130467 0.532722
16657 0.188435 0.601784 0.209781
16871 0.072088 0.008628 0.919285
17521 0.044712 0.717093 0.238195
17704 0.433801 0.236928 0.329271
17873 0.139759 0.589626 0.270614
17936 0.291953 0.362364 0.345683
18479 0.059755 0.262002 0.678244
18589 0.248138 0.669227 0.082636
18589 0.062500 0.139990 0.797510
18535 0.066872 0.613254 0.319874
18876 0.152864 0.479997 0.367139
18614 0.763940 0.144079 0.091981
19064 0.076740 0.800142 0.123118
18917 0.372618 0.380578 0.246804
19435 0.318024 0.276134 0.405842
19281 0.293985 0.132644 0.573371
19700 0.234751 0.322349 0.442900
19351 0.217601 0.298676 0.483722
19843 0.332259 0.243751 0.423990
20639 0.348211 0.606023 0.045766
20011 0.275455 0.536915 0.187630
20281 0.200201 0.666022 0.133777
21620 0.023701 0.824074 0.152225
20385 0.300948 0.599490 0.099562
12284 0.174165 0.484597 0.341237
12225 0.050028 0.919502 0.030469
12368 0.236324 0.599243 0.164433
12534 0.209649 0.432761 0.357590
12598 0.501258 0.034203 0.464538
12570 0.135186 0.545536 0.319278
13410 0.126481 0.248558 0.624961
13625 0.088399 0.311480 0.600121
13811 0.234698 0.620686 0.144616
13806 0.317322 0.224611 0.458067
14043 0.451552 0.341645 0.206802
14148 0.173032 0.127093 0.699875
14214 0.037916 0.074217 0.887867
14614 0.044386 0.319154 0.636460
14690 0.305916 0.481982 0.212102
15131 0.090368 0.242774 0.666858
14491 0.140165 0.253676 0.606159
15062 0.029857 0.766476 0.203667
14754 0.162456 0.248089 0.589455
15224 0.376261 0.388285 0.235454
14683 0.688721 0.028152 0.283126
15564 0.333235 0.367675 0.299090
14943 0.347732 0.282640 0.369628
15569 0.126786 0.199466 0.673748
15128 0.560250 0.395211 0.044539
15968 0.358141 0.466315 0.175544
15927 0.265292 0.465217 0.269491
15893 0.565819 0.128996 0.305185
16287 0.319478 0.410071 0.270451
16330 0.032705 0.026906 0.940390
16218 0.159578 0.837258 0.003164
16601 0.606917 0.224996 0.168087
16214 0.450942 0.498567 0.050491
16820 0.562932 0.316914 0.120154
17052 0.154484 0.455897 0.389619
17024 0.057968 0.880323 0.061709
16575 0.046479 0.497042 0.456479
17134 0.155616 0.037453 0.806931
17039 0.669566 0.202873 0.127561
17371 0.847706 0.109605 0.042689
17065 0.492318 0.205706 0.301977
17375 0.446967 0.526951 0.026082
16906 0.067462 0.296929 0.635609
17683 0.792766 0.008520 0.198714
17216 0.082377 0.725004 0.192619
17779 0.158617 0.773164 0.068219
17480 0.305595 0.247731 0.446674
18049 0.344509 0.279238 0.376253
17558 0.056168 0.593469 0.350363
18241 0.338866 0.534425 0.126709
17773 0.166788 0.093806 0.739406
18139 0.604580 0.379932 0.015488
17949 0.608275 0.257346 0.134379
18706 0.149355 0.071404 0.779241
18558 0.246392 0.435196 0.318412
18634 0.601326 0.061327 0.337347
18096 0.747431 0.234122 0.018447
18815 0.054326 0.728304 0.217369
19237 0.376091 0.060277 0.563632
19313 0.114288 0.090616 0.795096
18758 0.625064 0.054779 0.320157
19957 0.622494 0.180209 0.197297
20179 0.770712 0.062344 0.166943
19717 0.013802 0.337390 0.648808
20635 0.104993 0.555785 0.339222
20069 0.006763 0.298460 0.694778
20357 0.594589 0.072938 0.332473
20511 0.835802 0.152070 0.012128
20869 0.364072 0.112954 0.522974
21521 0.172535 0.088677 0.738789
42180 0.630384 0.190696 0.178920
20745 0.383836 0.288637 0.327527
42985 0.061746 0.380065 0.558189
42212 0.046688 0.408356 0.544955
22979 0.218172 0.686980 0.094847
43451 0.681165 0.283172 0.035664
12620 0.185567 0.506722 0.307711
12601 0.159233 0.007664 0.833104
12944 0.057333 0.581388 0.361279
13189 0.114487 0.181100 0.704413
13440 0.009358 0.595014 0.395628
13313 0.367448 0.313990 0.318562
13556 0.653539 0.286824 0.059638
13600 0.688789 0.300750 0.010461
13693 0.081141 0.288968 0.629891
13998 0.237446 0.190007 0.572547
14677 0.684357 0.263638 0.052005
14372 0.145970 0.435258 0.418771
14605 0.859296 0.119851 0.020853
15007 0.253446 0.428416 0.318138
15257 0.325134 0.561502 0.113364
14798 0.192038 0.424567 0.383396
15412 0.289816 0.585999 0.124185
15082 0.164979 0.758091 0.076930
15726 0.111080 0.468784 0.420135
15217 0.351394 0.535689 0.112917
15921 0.126378 0.214712 0.658910
15404 0.726373 0.067502 0.206125
16060 0.821781 0.014803 0.163416
15596 0.716857 0.180113 0.103030
16233 0.260992 0.730739 0.008269
15671 0.234026 0.021294 0.744681
16281 0.144423 0.182944 0.672633
15842 0.171899 0.119556 0.708545
16594 0.140890 0.765317 0.093793
15920 0.480809 0.350595 0.168596
16660 0.239579 0.528187 0.232233
16271 0.575231 0.323764 0.101005
16970 0.643852 0.287947 0.068201
16598 0.714786 0.153590 0.131624
17050 0.301491 0.195698 0.502811
16685 0.084179 0.124295 0.791526
17214 0.392842 0.590425 0.016734
16690 0.159582 0.774414 0.066004
17366 0.053416 0.519965 0.426619
16763 0.741520 0.061132 0.197348
17367 0.043142 0.418349 0.538509
17708 0.237362 0.633453 0.129185
17281 0.155542 0.495800 0.348659
18020 0.453190 0.298460 0.248350
17441 0.277049 0.714984 0.007966
18076 0.060023 0.650681 0.289297
17663 0.500126 0.344618 0.155256
18261 0.196658 0.375672 0.427670
17859 0.049400 0.899528 0.051072
18410 0.370992 0.084339 0.544668
18017 0.701074 0.026884 0.272042
18772 0.126257 0.869313 0.004429
18016 0.007031 0.648308 0.344661
18963 0.766770 0.088612 0.144619
18908 0.470785 0.315852 0.213362
18980 0.470903 0.525962 0.003135
19123 0.216972 0.100160 0.682868
18683 0.044827 0.179690 0.775484
19554 0.223776 0.363879 0.412344
18756 0.462064 0.260990 0.276946
19682 0.162229 0.172087 0.665684
18960 0.564627 0.430473 0.004901
19687 0.243602 0.574880 0.181518
19187 0.667242 0.332598 0.000160
20006 0.002112 0.655353 0.342535
19510 0.854163 0.057632 0.088206
19552 0.090000 0.597329 0.312671
20904 0.661646 0.127480 0.210874
19823 0.255544 0.715285 0.029172
20315 0.872051 0.089732 0.038217
19921 0.097776 0.211272 0.690952
20173 0.018737 0.634812 0.346452
20033 0.306822 0.541085 0.152093
20772 0.675465 0.014736 0.309799
22067 0.508611 0.473897 0.017492
21232 0.151212 0.810341 0.038447
22072 0.252550 0.548562 0.198888
21914 0.238125 0.352414 0.409460
21342 0.276748 0.256167 0.467085
22695 0.007046 0.004961 0.987993
22264 0.288132 0.114896 0.596973
22266 0.246208 0.308093 0.445699
22817 0.419433 0.205181 0.375386
22443 0.441120 0.002631 0.556248
24968 0.651925 0.101744 0.246331
24053 0.301588 0.428105 0.270306
24449 0.407945 0.306873 0.285183
24968 0.676097 0.119738 0.204166
25690 0.524005 0.263986 0.212009
21615 0.656134 0.089923 0.253942
44242 0.209842 0.034702 0.755456
45197 0.061022 0.584342 0.354636
21063 0.361447 0.254868 0.383685
44022 0.214816 0.725225 0.059959
24473 0.030090 0.020878 0.949032
21278 0.346046 0.572921 0.081033
46942 0.873075 0.035949 0.090977
44534 0.121679 0.096693 0.781628
13260 0.630680 0.181186 0.188134
13258 0.135347 0.845577 0.019076
13199 0.494574 0.269878 0.235547
13652 0.329411 0.390677 0.279912
14167 0.478351 0.228833 0.292816
13794 0.088341 0.380891 0.530769
14199 0.328912 0.074074 0.597014
14231 0.115721 0.486029 0.398250
14294 0.355074 0.242387 0.402538
14289 0.594142 0.055925 0.349933
14293 0.103656 0.284132 0.612212
14800 0.594538 0.257343 0.148120
15476 0.308757 0.066982 0.624262
15308 0.401845 0.333389 0.264766
15167 0.009380 0.849464 0.141156
15684 0.400779 0.363014 0.236207
16354 0.319858 0.260605 0.419537
16130 0.539564 0.301371 0.159065
16590 0.430823 0.509432 0.059746
15957 0.100127 0.781110 0.118763
16764 0.124587 0.488860 0.386553
16106 0.344831 0.120027 0.535142
16990 0.304040 0.623477 0.072483
16361 0.652646 0.173402 0.173952
16959 0.224175 0.744476 0.031350
16625 0.453068 0.162819 0.384113
17156 0.118025 0.414405 0.467571
17326 0.340993 0.452143 0.206865
16759 0.082505 0.908145 0.009350
17632 0.050866 0.655311 0.293822
16879 0.801791 0.035693 0.162516
17805 0.635037 0.130516 0.234447
17151 0.034548 0.343683 0.621768
18041 0.026684 0.680480 0.292836
17537 0.148633 0.748185 0.103182
17900 0.338520 0.434659 0.226822
17543 0.333936 0.001846 0.664218
18257 0.154830 0.507984 0.337186
17796 0.314857 0.319641 0.365502
18254 0.610935 0.349005 0.040060
17803 0.681650 0.261275 0.057074
18404 0.697561 0.043315 0.259124
18095 0.127716 0.777092 0.095191
18769 0.012315 0.304920 0.682765
18102 0.408751 0.072115 0.519134
18768 0.447587 0.523604 0.028809
18350 0.106100 0.265378 0.628522
18844 0.189324 0.762372 0.048304
18749 0.671118 0.126585 0.202297
19176 0.228291 0.389608 0.382101
18629 0.832088 0.130674 0.037238
19416 0.355041 0.264296 0.380662
19129 0.762472 0.235672 0.001856
19636 0.151891 0.488743 0.359366
19165 0.479766 0.285329 0.234906
19639 0.865157 0.036424 0.098419
19046 0.030074 0.712204 0.257723
20049 0.135572 0.192749 0.671679
19355 0.261330 0.607059 0.131611
20115 0.422832 0.147178 0.429990
19893 0.032664 0.017431 0.949905
19643 0.217800 0.618249 0.163951
20305 0.788534 0.101267 0.110199
19820 0.346100 0.620474 0.033426
19977 0.604035 0.081706 0.314260
21467 0.356901 0.131442 0.511657
20404 0.137209 0.222547 0.640244
21393 0.235313 0.121283 0.643403
22162 0.833887 0.008857 0.157256
22229 0.315954 0.330960 0.353087
21901 0.459001 0.311084 0.229915
21338 0.769494 0.088390 0.142116
22235 0.434061 0.503913 0.062026
21574 0.519918 0.327193 0.152889
22541 0.011192 0.322136 0.666672
23131 0.012671 0.792084 0.195245
22692 0.387738 0.057240 0.555022
22696 0.073216 0.167563 0.759221
22798 0.081259 0.361485 0.557256
22645 0.265507 0.457724 0.276769
23475 0.149016 0.680960 0.170023
23149 0.189425 0.125008 0.685567
28157 0.772801 0.004923 0.222276
27428 0.222073 0.556232 0.221695
23740 0.054376 0.193341 0.752283
24831 0.162152 0.650806 0.187042
26440 0.242158 0.703616 0.054226
23746 0.024250 0.601613 0.374137
24471 0.073891 0.065101 0.861008
24423 0.143758 0.470822 0.385420
24038 0.166419 0.175170 0.658410
25672 0.158475 0.592895 0.248630
27255 0.198232 0.507721 0.294047
24998 0.729272 0.027599 0.243128
28038 0.291624 0.630286 0.078090
25217 0.415268 0.251295 0.333437
25043 0.031432 0.766602 0.201967
26741 0.011695 0.075185 0.913120
26294 0.503243 0.046437 0.450321
27522 0.454379 0.460434 0.085186
26557 0.132493 0.521330 0.346177
26745 0.176601 0.771027 0.052372
23104 0.693350 0.027210 0.279440
23285 0.213588 0.299532 0.486879
47151 0.732772 0.103094 0.164134
22987 0.425411 0.109071 0.465518
23111 0.362438 0.256270 0.381292
47417 0.610842 0.116238 0.272920
22511 0.059081 0.657286 0.283633
22951 0.389746 0.319556 0.290698
47181 0.907845 0.034062 0.058093
46376 0.036499 0.298340 0.665162
22059 0.011586 0.637370 0.351043
47373 0.711934 0.027798 0.260268
45346 0.434921 0.040035 0.525043
46195 0.032132 0.511699 0.456169
22111 0.825696 0.006287 0.168017
44249 0.527033 0.241635 0.231333
46138 0.271438 0.258422 0.470140
22076 0.337712 0.265254 0.397033
24474 0.195098 0.152189 0.652712
21753 0.282517 0.506370 0.211114
46003 0.256186 0.327706 0.416108
21452 0.232340 0.361615 0.406045
46474 0.149056 0.301235 0.549709
48020 0.833668 0.073022 0.093310
26206 0.273604 0.222175 0.504220
47698 0.204207 0.605929 0.189864
13424 0.065039 0.721478 0.213484
13943 0.410724 0.556160 0.033115
13639 0.258672 0.333336 0.407992
14028 0.036499 0.448628 0.514873
14363 0.026590 0.064957 0.908454
14399 0.012167 0.023287 0.964546
14701 0.139362 0.155037 0.705601
14638 0.221378 0.105766 0.672856
14969 0.131252 0.648599 0.220149
15080 0.732612 0.251941 0.015446
15434 0.268491 0.435140 0.296370
15317 0.398548 0.360474 0.240978
15246 0.287095 0.277130 0.435775
15251 0.016213 0.596517 0.387270
16251 0.242587 0.269458 0.487955
16219 0.120071 0.423939 0.455990
15981 0.157570 0.237939 0.604491
16686 0.590792 0.103551 0.305657
16179 0.168753 0.754581 0.076666
16392 0.247944 0.216893 0.535163
17146 0.508966 0.016990 0.474045
17034 0.500788 0.490751 0.008461
16850 0.481356 0.379557 0.139087
17564 0.293617 0.643751 0.062632
17045 0.325244 0.037889 0.636867
17605 0.236812 0.388891 0.374297
17099 0.017631 0.621619 0.360749
17896 0.182090 0.135769 0.682141
17344 0.614783 0.357526 0.027691
17664 0.776193 0.074426 0.149380
17578 0.689893 0.094264 0.215843
18086 0.414233 0.002797 0.582970
17647 0.777224 0.072478 0.150298
18251 0.726022 0.072239 0.201739
17937 0.515697 0.083264 0.401039
18280 0.537217 0.440133 0.022650
17888 0.408854 0.501846 0.089300
18579 0.280348 0.374044 0.345608
18161 0.006634 0.107800 0.885566
18766 0.333669 0.360979 0.305351
18211 0.058548 0.930779 0.010673
19149 0.463658 0.347053 0.189289
18393 0.279799 0.405696 0.314505
19060 0.414409 0.210383 0.375208
18695 0.277587 0.176889 0.545524
19340 0.167345 0.218628 0.614027
18699 0.164774 0.521551 0.313675
19302 0.273291 0.398552 0.328157
18973 0.940400 0.022497 0.037103
19868 0.482546 0.168453 0.349001
19239 0.028419 0.748506 0.223074
19996 0.244685 0.554275 0.201040
19368 0.493780 0.352593 0.153627
19998 0.427230 0.187476 0.385294
19543 0.288158 0.114515 0.597327
20364 0.724280 0.158149 0.117571
19630 0.744332 0.015724 0.239943
20812 0.454483 0.297209 0.248308
19902 0.833075 0.123273 0.043652
20898 0.533217 0.365468 0.101315
20037 0.185059 0.696498 0.118443
20979 0.151746 0.556050 0.292205
20186 0.019321 0.425122 0.555557
20981 0.140037 0.538266 0.321696
20763 0.641536 0.155787 0.202676
21626 0.155902 0.628477 0.215621
20987 0.187182 0.112646 0.700172
22384 0.108262 0.249267 0.642472
21395 0.954186 0.020292 0.025522
22225 0.718583 0.117858 0.163559
21395 0.086235 0.138207 0.775557
23122 0.242210 0.424756 0.333034
21743 0.444016 0.141205 0.414779
22628 0.391925 0.268239 0.339836
22393 0.355453 0.511568 0.132979
23687 0.133219 0.735321 0.131460
22011 0.088966 0.368155 0.542879
23278 0.801101 0.116718 0.082181
22553 0.576254 0.007812 0.415934
22482 0.185539 0.150218 0.664243
23877 0.264795 0.563070 0.172135
22812 0.346009 0.474438 0.179553
22659 0.410092 0.005640 0.584268
23331 0.271271 0.493026 0.235703
23332 0.666544 0.332089 0.001367
23483 0.233849 0.591836 0.174315
29325 0.270008 0.185173 0.544819
27052 0.353293 0.630890 0.015817
23828 0.419099 0.294452 0.286449
25610 0.222283 0.198982 0.578735
28931 0.773714 0.117966 0.108319
24955 0.402979 0.273671 0.323350
24880 0.066061 0.701191 0.232747
26150 0.807908 0.163094 0.028999
29492 0.064669 0.785170 0.150161
23702 0.057305 0.010926 0.931769
25028 0.291208 0.050305 0.658487
24565 0.702590 0.209182 0.088227
24149 0.790703 0.102236 0.107061
25465 0.498449 0.464708 0.036842
28667 0.386678 0.136747 0.476575
24292 0.090705 0.418130 0.491165
25948 0.659607 0.018406 0.321988
24797 0.442635 0.501931 0.055435
26732 0.203554 0.592709 0.203737
29367 0.847301 0.084347 0.068352
25198 0.294038 0.587399 0.118562
28551 0.681810 0.210506 0.107685
26107 0.444880 0.042822 0.512298
26831 0.360923 0.010285 0.628792
27694 0.087503 0.776724 0.135773
29377 0.399616 0.289579 0.310805
27084 0.058269 0.932705 0.009026
27833 0.416602 0.186155 0.397244
31209 0.080596 0.239502 0.679902
44152 0.334773 0.453545 0.211682
26729 0.149818 0.598803 0.251379
47591 0.166462 0.094266 0.739272
26540 0.268546 0.252977 0.478477
26010 0.108250 0.324530 0.567220
47295 0.327494 0.343328 0.329178
47605 0.605972 0.315677 0.078352
26212 0.093404 0.171962 0.734634
25811 0.210103 0.352431 0.437466
25072 0.233773 0.100799 0.665427
25320 0.032580 0.896949 0.070471
48871 0.133129 0.462519 0.404352
47347 0.300565 0.280846 0.418590
24538 0.515966 0.471705 0.012328
49858 0.806892 0.009992 0.183116
24852 0.043782 0.776969 0.179249
23764 0.361402 0.163260 0.475337
50352 0.814712 0.067707 0.117581
26674 0.474320 0.411160 0.114521
23521 0.394647 0.208694 0.396659
23292 0.196850 0.262840 0.540309
48724 0.020695 0.894119 0.085187
48246 0.481270 0.189628 0.329102
23201 0.006811 0.353230 0.639959
48730 0.050613 0.565576 0.383811
23916 0.559651 0.178417 0.261932
23016 0.298695 0.570349 0.130956
46405 0.569004 0.065401 0.365595
23903 0.051278 0.363607 0.585114
49206 0.502453 0.362128 0.135419
46957 0.263997 0.372695 0.363307
23885 0.554910 0.157513 0.287577
22731 0.096795 0.343515 0.559690
47949 0.027136 0.469193 0.503670
49009 0.234860 0.329033 0.436107
23419 0.618228 0.118354 0.263418
22330 0.181872 0.744153 0.073975
50150 0.669242 0.260355 0.070403
24489 0.138027 0.222525 0.639448
48234 0.054058 0.603059 0.342883
48036 0.543212 0.200097 0.256690
48030 0.231039 0.168783 0.600178
50473 0.629240 0.189402 0.181357
26200 0.755495 0.102347 0.142158
49994 0.321315 0.204762 0.473923
14275 0.735062 0.247284 0.017654
14666 0.071317 0.133645 0.795038
14781 0.629921 0.212683 0.157396
15205 0.277841 0.689223 0.032935
15348 0.517387 0.250244 0.232369
15582 0.308544 0.039995 0.651462
15942 0.106228 0.661464 0.232308
15906 0.072586 0.759536 0.167878
16211 0.427395 0.309492 0.263112
16171 0.087299 0.586874 0.325827
15977 0.343180 0.114920 0.541900
16385 0.673961 0.236602 0.089436
16457 0.119456 0.862473 0.018071
16876 0.653526 0.112614 0.233860
16723 0.351422 0.519409 0.129169
16800 0.540849 0.147250 0.311901
16844 0.131789 0.480294 0.387916
16884 0.178337 0.372661 0.449002
17419 0.326277 0.257597 0.416127
17783 0.019239 0.768156 0.212606
17914 0.249772 0.118808 0.631420
17592 0.293088 0.608459 0.098453
18250 0.634249 0.008887 0.356864
17715 0.371524 0.203213 0.425264
18353 0.351636 0.480953 0.167411
17817 0.410864 0.305460 0.283677
18434 0.478948 0.194826 0.326227
18155 0.150818 0.478240 0.370942
18737 0.248508 0.736782 0.014711
18199 0.592178 0.226104 0.181718
18842 0.381934 0.596602 0.021464
18425 0.346092 0.330746 0.323161
19382 0.235006 0.440159 0.324834
18658 0.253166 0.285664 0.461171
19227 0.584721 0.380618 0.034661
18970 0.192177 0.795993 0.011830
19472 0.031409 0.405924 0.562667
18860 0.137304 0.035940 0.826756
19743 0.091719 0.126674 0.781607
18863 0.214601 0.771475 0.013924
19774 0.383442 0.040585 0.575973
19304 0.198033 0.342783 0.459184
19962 0.088123 0.141006 0.770871
19468 0.538891 0.154383 0.306726
19505 0.137444 0.654616 0.207940
20734 0.373587 0.484964 0.141449
19863 0.159320 0.692120 0.148560
20134 0.486509 0.154012 0.359479
21297 0.042459 0.835276 0.122265
20089 0.571732 0.026788 0.401481
21207 0.108001 0.733182 0.158817
20394 0.834365 0.162419 0.003217
21624 0.489234 0.298066 0.212700
20628 0.103018 0.539804 0.357178
22291 0.018323 0.278754 0.702923
21051 0.294639 0.351318 0.354043
22292 0.419028 0.284347 0.296625
22620 0.395405 0.468718 0.135877
22676 0.221860 0.172102 0.606038
22546 0.613909 0.152676 0.233415
23214 0.272562 0.395387 0.332050
24639 0.368970 0.479581 0.151449
23330 0.582814 0.154869 0.262318
24306 0.527433 0.337607 0.134960
24073 0.166952 0.125616 0.707432
24963 0.012065 0.114335 0.873599
24171 0.586753 0.309641 0.103606
23669 0.060102 0.214960 0.724937
25886 0.004744 0.452462 0.542794
24324 0.320449 0.512667 0.166885
26085 0.042040 0.953116 0.004844
24666 0.247647 0.487201 0.265151
25640 0.318037 0.114719 0.567244
24060 0.070365 0.183007 0.746628
24812 0.314502 0.523540 0.161958
24469 0.116627 0.342727 0.540646
29466 0.634169 0.120380 0.245450
24573 0.433247 0.393817 0.172936
29765 0.428893 0.186259 0.384849
27203 0.286504 0.533249 0.180246
24366 0.262037 0.585738 0.152225
26751 0.451703 0.311693 0.236604
29761 0.035454 0.520158 0.444388
25528 0.019698 0.105523 0.874779
26259 0.101085 0.625471 0.273444
29926 0.368468 0.305786 0.325745
25560 0.113453 0.183114 0.703434
24371 0.587730 0.132331 0.279939
26267 0.234180 0.005125 0.760695
25348 0.314376 0.179343 0.506281
26340 0.633896 0.190311 0.175793
30249 0.170501 0.733011 0.096488
26840 0.001641 0.204490 0.793869
25616 0.375619 0.130462 0.493919
25495 0.197891 0.267659 0.534450
31102 0.586405 0.316101 0.097494
27173 0.091041 0.772298 0.136661
31278 0.012477 0.042846 0.944677
27176 0.650373 0.028715 0.320912
30262 0.403428 0.545889 0.050683
28626 0.001373 0.657761 0.340866
32325 0.315119 0.654586 0.030295
28659 0.059883 0.860942 0.079174
31805 0.454920 0.230466 0.314614
30968 0.638684 0.316146 0.045170
31982 0.844001 0.129279 0.026720
31635 0.127145 0.617988 0.254867
32909 0.488777 0.289524 0.221699
42756 0.172778 0.767797 0.059426
32428 0.552296 0.412128 0.035576
42577 0.167064 0.621136 0.211799
45394 0.129081 0.052460 0.818459
33729 0.231758 0.202087 0.566155
45600 0.657243 0.263311 0.079446
34174 0.462880 0.445222 0.091897
46189 0.834658 0.115574 0.049768
33713 0.002967 0.410558 0.586475
33739 0.469692 0.362665 0.167643
45983 0.110493 0.267559 0.621948
33987 0.137579 0.154802 0.707619
45606 0.941260 0.040127 0.018613
32298 0.345947 0.412830 0.241223
45818 0.207425 0.195886 0.596688
45276 0.017451 0.959734 0.022815
33298 0.240903 0.171846 0.587250
47344 0.135053 0.115549 0.749399
45681 0.441120 0.289339 0.269541
31940 0.366546 0.405447 0.228008
34202 0.125288 0.389602 0.485110
46213 0.057652 0.518570 0.423778
46060 0.274917 0.685826 0.039257
32560 0.144851 0.214273 0.640876
48130 0.030432 0.123960 0.845608
47135 0.392764 0.517521 0.089715
44906 0.284093 0.322156 0.393751
30171 0.173003 0.153898 0.673099
31618 0.019094 0.670754 0.310152
46074 0.754541 0.126523 0.118936
30211 0.127379 0.488050 0.384570
46338 0.677929 0.011350 0.310721
30236 0.584491 0.270331 0.145178
31470 0.447198 0.406066 0.146736
46341 0.541347 0.124292 0.334362
30421 0.057790 0.676275 0.265935
47256 0.422790 0.378126 0.199084
30423 0.113591 0.166397 0.720012
30595 0.376775 0.497033 0.126193
48968 0.130260 0.143248 0.726492
47995 0.363590 0.072666 0.563744
30261 0.580242 0.199618 0.220140
31147 0.227744 0.174808 0.597448
10 0.269884 0.138430 0.591686
47989 0.504054 0.467749 0.028197
30079 0.707671 0.190371 0.101958
31149 0.121016 0.318520 0.560464
48264 0.719595 0.032196 0.248209
29735 0.522623 0.144168 0.333209
30096 0.180548 0.071131 0.748320
48272 0.116319 0.849118 0.034563
29582 0.707744 0.066085 0.226170
30983 0.522967 0.127042 0.349990
