4430 0.684761 0.037809 0.277430
9405 0.171778 0.149028 0.679194
9524 0.148767 0.207425 0.643808
9524 0.430262 0.196412 0.373325
4310 0.072130 0.900580 0.027290
1794 0.056322 0.678252 0.265425
4426 0.012016 0.458045 0.529940
9465 0.682858 0.115272 0.201870
4426 0.100152 0.561119 0.338729
9528 0.807403 0.127258 0.065338
4310 0.240720 0.036985 0.722295
6457 0.059765 0.626029 0.314207
9464 0.367498 0.004069 0.628433
4423 0.716192 0.158777 0.125031
6895 0.271126 0.434295 0.294579
9422 0.059867 0.727184 0.212948
4303 0.054430 0.637337 0.308233
1362 0.033795 0.650849 0.315356
9531 0.053975 0.674365 0.271660
4321 0.222903 0.093768 0.683329
1416 0.205772 0.379772 0.414456
4330 0.059159 0.669525 0.271315
1794 0.291049 0.668862 0.040090
9461 0.627044 0.260594 0.112362
4330 0.324770 0.043894 0.631336
6458 0.282205 0.382048 0.335747
6895 0.224991 0.078730 0.696279
9528 0.028152 0.437191 0.534657
4427 0.179406 0.256380 0.564214
1382 0.273591 0.331462 0.394947
9531 0.301864 0.568425 0.129711
6455 0.053581 0.711070 0.235349
9532 0.176620 0.622198 0.201182
4322 0.250367 0.050594 0.699039
9431 0.013009 0.658190 0.328801
1362 0.575406 0.091624 0.332970
4341 0.051234 0.263339 0.685427
4321 0.396299 0.558704 0.044997
6456 0.256646 0.043398 0.699956
1417 0.106880 0.152027 0.741093
9527 0.179946 0.401743 0.418311
4342 0.468966 0.129885 0.401149
6897 0.107670 0.844656 0.047674
6894 0.173293 0.770450 0.056256
4341 0.343027 0.639293 0.017681
1417 0.477699 0.390801 0.131500
4322 0.496565 0.372563 0.130872
1800 0.093168 0.089143 0.817689
6899 0.381992 0.457411 0.160597
4322 0.314744 0.254838 0.430417
9423 0.242186 0.694769 0.063044
9439 0.123327 0.119707 0.756966
9445 0.283756 0.092334 0.623910
4338 0.250948 0.500039 0.249013
6462 0.481928 0.111991 0.406081
1798 0.167838 0.594991 0.237170
6473 0.223591 0.408477 0.367931
4425 0.079078 0.341158 0.579764
1415 0.936779 0.045774 0.017447
9529 0.277676 0.057167 0.665156
6517 0.280664 0.074779 0.644557
6899 0.073932 0.026415 0.899653
4342 0.482725 0.434252 0.083022
6462 0.214903 0.761455 0.023642
6904 0.627228 0.060329 0.312443
9540 0.695210 0.186728 0.118063
4320 0.049336 0.272395 0.678269
4343 0.254067 0.430875 0.315058
1394 0.646854 0.334015 0.019131
1394 0.184513 0.439521 0.375966
9526 0.455392 0.326508 0.218100
4430 0.464464 0.474153 0.061383
1793 0.351613 0.171152 0.477235
6909 0.238299 0.729486 0.032215
4320 0.250607 0.422163 0.327231
6894 0.316252 0.643919 0.039828
1803 0.597088 0.264920 0.137991
6898 0.022490 0.436991 0.540520
4439 0.031457 0.146845 0.821698
4425 0.378268 0.538370 0.083362
9438 0.241162 0.212983 0.545855
9418 0.008919 0.198786 0.792294
9462 0.432925 0.060335 0.506740
9439 0.522310 0.056196 0.421495
9530 0.062787 0.774989 0.162224
6515 0.202476 0.602790 0.194735
9444 0.314841 0.422252 0.262907
9438 0.702649 0.150239 0.147112
1796 0.373384 0.581256 0.045360
6893 0.009414 0.136060 0.854525
6497 0.494936 0.373099 0.131966
6462 0.152510 0.443681 0.403809
4424 0.352221 0.580414 0.067365
9418 0.284561 0.103487 0.611952
6497 0.622733 0.042855 0.334412
1390 0.174253 0.433430 0.392317
9451 0.637373 0.202424 0.160203
4337 0.863461 0.118120 0.018419
1388 0.441095 0.340350 0.218555
4350 0.539087 0.415504 0.045409
4360 0.361047 0.368391 0.270562
1801 0.562006 0.067782 0.370212
9462 0.205646 0.611340 0.183014
4389 0.083383 0.081462 0.835155
4334 0.135936 0.229818 0.634246
9537 0.791238 0.144053 0.064709
1412 0.713017 0.280982 0.006001
6512 0.231647 0.556871 0.211482
6482 0.001056 0.518604 0.480339
6906 0.039247 0.019441 0.941311
4337 0.231518 0.462155 0.306327
4335 0.057228 0.638117 0.304656
6474 0.732847 0.091271 0.175882
9476 0.201589 0.774688 0.023724
4318 0.826890 0.093988 0.079122
1412 0.016814 0.943883 0.039303
4378 0.142329 0.766346 0.091325
4389 0.328261 0.587473 0.084265
1372 0.270237 0.344574 0.385190
6898 0.059186 0.074332 0.866482
4315 0.167991 0.387923 0.444087
1369 0.223708 0.454824 0.321468
6496 0.011122 0.854401 0.134476
9437 0.435966 0.171111 0.392922
6906 0.459348 0.309781 0.230871
9526 0.775832 0.021166 0.203002
9419 0.199314 0.075283 0.725403
4354 0.047489 0.667187 0.285324
9492 0.225041 0.485278 0.289682
6515 0.017480 0.143929 0.838591
6487 0.028052 0.747172 0.224776
6869 0.380259 0.374117 0.245624
4433 0.277446 0.057424 0.665130
6909 0.823152 0.124370 0.052478
1372 0.633752 0.343685 0.022562
4388 0.146940 0.186402 0.666658
6530 0.273867 0.604327 0.121806
6509 0.065336 0.278459 0.656205
4314 0.497559 0.449568 0.052873
1806 0.024010 0.766399 0.209591
4387 0.000893 0.402167 0.596940
6397 0.016377 0.886576 0.097047
4316 0.705191 0.184350 0.110459
4388 0.537163 0.180293 0.282543
1804 0.098962 0.713515 0.187523
4318 0.085373 0.443897 0.470730
9534 0.165911 0.679674 0.154415
6493 0.230275 0.205515 0.564210
1372 0.030783 0.322653 0.646564
9495 0.029735 0.853065 0.117200
1769 0.154813 0.108046 0.737140
4377 0.060954 0.227143 0.711903
9492 0.759848 0.194506 0.045646
9489 0.130156 0.459346 0.410499
6908 0.336947 0.246641 0.416413
6907 0.622541 0.014711 0.362748
1428 0.285083 0.483983 0.230934
1296 0.364505 0.260657 0.374838
4377 0.516307 0.247817 0.235876
9243 0.169378 0.758726 0.071895
9026 0.623271 0.299041 0.077689
1366 0.053604 0.700679 0.245717
4316 0.418010 0.094117 0.487873
1368 0.702356 0.001972 0.295672
9495 0.670834 0.197238 0.131928
1761 0.543985 0.286607 0.169408
9434 0.428956 0.027457 0.543587
1764 0.096204 0.229721 0.674075
9488 0.571581 0.283258 0.145160
4435 0.146078 0.085416 0.768507
6494 0.045765 0.623037 0.331198
3982 0.498035 0.356932 0.145032
4433 0.679732 0.031414 0.288854
9495 0.939448 0.037127 0.023425
6862 0.303215 0.130780 0.566005
1758 0.008097 0.237354 0.754548
1808 0.131008 0.096106 0.772885
1370 0.347946 0.366766 0.285288
9414 0.384418 0.603797 0.011785
9475 0.167203 0.754917 0.077880
1759 0.487271 0.177577 0.335152
4362 0.439495 0.433789 0.126716
1426 0.059123 0.649155 0.291722
1386 0.348561 0.559148 0.092291
4387 0.331377 0.473578 0.195045
1277 0.018413 0.363337 0.618249
9489 0.476642 0.230174 0.293184
1402 0.421059 0.475304 0.103637
4437 0.871820 0.102451 0.025730
1808 0.420939 0.383655 0.195406
9488 0.790869 0.134725 0.074406
9488 0.289914 0.219068 0.491019
9483 0.041705 0.855925 0.102370
6862 0.345385 0.404714 0.249901
1426 0.395746 0.309066 0.295188
4382 0.480193 0.268847 0.250960
6410 0.299658 0.585473 0.114869
6691 0.772174 0.059096 0.168730
4317 0.756601 0.035804 0.207596
9483 0.686294 0.219268 0.094437
6495 0.604252 0.213264 0.182485
6396 0.705111 0.136676 0.158214
4183 0.119804 0.119316 0.760881
1806 0.030688 0.199134 0.770178
1366 0.649794 0.271219 0.078987
1759 0.483726 0.454628 0.061647
9285 0.305634 0.505296 0.189070
6378 0.130198 0.200604 0.669197
6975 0.217709 0.522394 0.259898
6693 0.035676 0.698256 0.266068
1758 0.258177 0.326908 0.414915
6514 0.128126 0.101418 0.770457
1277 0.028846 0.835099 0.136055
1763 0.043553 0.595307 0.361141
4393 0.484503 0.413126 0.102371
1765 0.079636 0.696433 0.223932
1409 0.500199 0.357251 0.142550
9284 0.115101 0.856572 0.028327
4393 0.063045 0.270632 0.666323
1591 0.067960 0.356503 0.575537
1593 0.074114 0.367926 0.557960
4362 0.062650 0.437944 0.499405
4312 0.322825 0.514495 0.162679
4436 0.455073 0.415185 0.129742
1413 0.204006 0.642665 0.153329
6409 0.091199 0.512606 0.396195
1309 0.797548 0.045658 0.156793
6475 0.788062 0.108612 0.103326
1592 0.379334 0.135269 0.485397
4141 0.050931 0.935573 0.013496
1593 0.157054 0.643297 0.199648
9457 0.165438 0.432908 0.401654
6513 0.581532 0.181296 0.237172
9285 0.360112 0.039166 0.600723
9500 0.594930 0.140151 0.264919
1592 0.122920 0.091551 0.785528
1758 0.453150 0.497423 0.049427
1278 0.157295 0.628337 0.214368
4436 0.071725 0.527952 0.400323
6507 0.383582 0.203149 0.413268
4353 0.645200 0.134267 0.220533
4333 0.728662 0.176972 0.094366
9284 0.057435 0.162926 0.779639
9456 0.184283 0.016351 0.799366
9244 0.344377 0.539604 0.116019
4141 0.606141 0.026911 0.366948
1365 0.079656 0.563739 0.356605
1763 0.386491 0.197599 0.415910
1376 0.443573 0.297473 0.258955
3905 0.705802 0.253394 0.040805
6452 0.329567 0.517537 0.152896
6395 0.203485 0.739248 0.057267
6476 0.050983 0.752842 0.196176
9284 0.101338 0.439018 0.459644
1376 0.281169 0.055463 0.663368
4353 0.357999 0.128473 0.513528
6486 0.356559 0.407063 0.236378
6975 0.507790 0.226908 0.265302
6388 0.377490 0.258141 0.364369
4420 0.551705 0.298921 0.149374
3905 0.339082 0.537666 0.123252
9521 0.123680 0.643618 0.232702
4210 0.183774 0.727149 0.089076
1375 0.205396 0.058440 0.736164
9038 0.487880 0.381103 0.131017
4190 0.251011 0.493778 0.255211
6477 0.172854 0.294082 0.533064
6432 0.064974 0.701212 0.233813
6477 0.050541 0.892917 0.056542
4382 0.033581 0.015131 0.951288
1874 0.398615 0.462504 0.138881
6865 0.355407 0.476884 0.167709
3915 0.284419 0.451860 0.263721
1309 0.033039 0.582326 0.384635
4371 0.339417 0.634515 0.026068
4339 0.407440 0.475933 0.116627
3912 0.202902 0.117028 0.680070
4382 0.038161 0.551094 0.410745
3937 0.011803 0.473454 0.514743
4382 0.216426 0.305753 0.477821
4323 0.410696 0.542584 0.046720
4420 0.223954 0.517498 0.258548
9441 0.329763 0.131848 0.538389
3935 0.058952 0.018904 0.922144
4420 0.035892 0.397157 0.566951
3916 0.106848 0.373687 0.519465
1332 0.701607 0.065038 0.233355
6525 0.086016 0.462354 0.451630
6513 0.380671 0.493909 0.125420
9482 0.338592 0.076283 0.585125
4381 0.752673 0.032600 0.214726
9424 0.237481 0.236803 0.525716
4323 0.067505 0.785689 0.146806
6402 0.212994 0.306444 0.480562
4358 0.128190 0.664593 0.207217
9302 0.315482 0.325013 0.359505
6407 0.151245 0.015287 0.833467
1276 0.472559 0.074941 0.452500
4311 0.173521 0.156887 0.669592
4201 0.114802 0.342952 0.542246
3923 0.027148 0.386746 0.586106
9023 0.747254 0.200829 0.051917
6974 0.316428 0.492340 0.191232
9012 0.251530 0.447433 0.301037
9016 0.080833 0.509824 0.409343
9441 0.711393 0.001032 0.287575
9500 0.929696 0.024087 0.046217
1422 0.055236 0.031916 0.912848
1875 0.429828 0.393623 0.176550
1407 0.783785 0.200783 0.015432
9499 0.044885 0.022752 0.932363
4340 0.018073 0.060497 0.921430
1338 0.198131 0.141205 0.660663
6478 0.249284 0.298407 0.452309
4340 0.136318 0.714155 0.149526
1873 0.467859 0.298427 0.233715
1290 0.479994 0.297828 0.222178
6973 0.676035 0.167662 0.156303
6392 0.049802 0.276013 0.674185
4190 0.601388 0.094765 0.303847
1407 0.116300 0.478066 0.405634
1768 0.246279 0.644526 0.109194
9313 0.088258 0.750831 0.160911
9320 0.069980 0.921241 0.008779
9440 0.466448 0.172534 0.361019
6506 0.440911 0.501413 0.057676
6390 0.083701 0.083476 0.832824
9291 0.142255 0.402206 0.455539
9471 0.261911 0.489454 0.248635
9481 0.828527 0.080142 0.091330
6522 0.068831 0.723699 0.207470
1335 0.085565 0.431987 0.482448
3962 0.415689 0.324137 0.260174
1425 0.079874 0.620794 0.299332
6432 0.254948 0.329034 0.416018
9433 0.065558 0.309499 0.624944
7003 0.104980 0.604094 0.290926
3914 0.010873 0.361719 0.627409
9494 0.656618 0.139530 0.203851
9036 0.460278 0.437122 0.102601
4379 0.129072 0.300429 0.570499
3944 0.555059 0.096933 0.348008
4391 0.222448 0.662692 0.114860
9499 0.343060 0.513586 0.143355
6976 0.395569 0.295183 0.309248
1306 0.725148 0.107052 0.167800
9286 0.023223 0.800209 0.176568
9044 0.728534 0.141373 0.130093
1414 0.773979 0.201678 0.024343
6376 0.568401 0.380056 0.051542
6438 0.087201 0.178034 0.734765
9433 0.299521 0.035287 0.665192
4208 0.015252 0.288686 0.696061
9313 0.206051 0.235521 0.558429
9500 0.218445 0.750332 0.031223
6408 0.617965 0.319997 0.062038
6389 0.123608 0.123378 0.753014
1404 0.616508 0.108557 0.274935
1762 0.144575 0.292929 0.562495
9289 0.365447 0.582775 0.051779
1352 0.581850 0.013571 0.404579
1880 0.058162 0.707767 0.234071
9313 0.623104 0.366021 0.010875
7003 0.301628 0.006889 0.691483
9291 0.555071 0.125472 0.319457
6390 0.351636 0.019370 0.628994
6454 0.192923 0.591912 0.215165
4359 0.209228 0.295072 0.495700
6864 0.365119 0.192337 0.442544
3923 0.684327 0.035982 0.279691
9244 0.696936 0.134557 0.168508
1902 0.229040 0.481879 0.289081
3914 0.298124 0.538375 0.163501
9062 0.571467 0.284857 0.143676
3943 0.213823 0.643833 0.142344
1289 0.066975 0.331117 0.601908
9413 0.322547 0.276539 0.400914
4391 0.043041 0.454562 0.502397
3914 0.558136 0.416068 0.025797
6866 0.171800 0.334282 0.493918
3933 0.061483 0.033221 0.905296
1405 0.833199 0.127951 0.038849
1352 0.253787 0.645208 0.101005
9012 0.325277 0.160926 0.513797
1902 0.004958 0.954815 0.040227
9035 0.139849 0.244198 0.615953
9478 0.131990 0.617825 0.250186
7003 0.593099 0.402765 0.004136
4184 0.342696 0.291520 0.365784
4187 0.735743 0.021505 0.242752
6524 0.286761 0.353611 0.359628
3940 0.057176 0.365979 0.576845
4356 0.184075 0.059967 0.755958
6435 0.095098 0.718549 0.186353
3965 0.379560 0.312292 0.308148
6438 0.695221 0.024321 0.280458
9320 0.280973 0.500735 0.218293
4328 0.143590 0.469226 0.387184
4208 0.153950 0.508803 0.337248
4211 0.069141 0.880030 0.050829
1288 0.443099 0.043906 0.512995
1288 0.538315 0.209057 0.252628
1307 0.755387 0.174783 0.069830
6406 0.465857 0.355430 0.178713
9015 0.740804 0.019410 0.239786
6390 0.584785 0.364844 0.050372
6484 0.267634 0.703173 0.029193
1314 0.082703 0.414971 0.502325
4357 0.269812 0.037631 0.692557
4308 0.039492 0.861723 0.098784
7004 0.234945 0.373390 0.391665
9496 0.246191 0.113131 0.640678
1909 0.195901 0.023061 0.781038
1352 0.862484 0.000000 0.137516
1289 0.300054 0.528228 0.171718
1283 0.020725 0.011435 0.967839
9034 0.089595 0.665895 0.244510
1878 0.634303 0.002624 0.363073
7002 0.029912 0.260241 0.709847
6392 0.736125 0.040955 0.222920
4328 0.324263 0.344607 0.331130
6979 0.167375 0.205431 0.627194
1414 0.196025 0.413514 0.390461
9458 0.462163 0.461312 0.076525
1909 1.000000 0.000000 0.000000
9310 0.467215 0.473797 0.058988
1770 0.085559 0.144522 0.769919
6504 0.258777 0.089787 0.651435
6978 0.251311 0.699161 0.049528
9032 0.725698 0.242249 0.032053
9024 0.364208 0.405801 0.229991
9024 0.264534 0.681002 0.054464
9312 0.252212 0.583722 0.164066
4399 0.559684 0.179325 0.260991
7009 0.328003 0.474213 0.197784
9320 0.225889 0.039905 0.734206
6405 0.261117 0.723429 0.015454
4397 0.613725 0.154158 0.232116
9021 0.295577 0.595730 0.108693
6870 0.053244 0.402666 0.544089
9041 0.277419 0.375891 0.346689
6453 0.810738 0.126077 0.063185
9458 0.545104 0.130836 0.324061
6412 0.216174 0.476979 0.306847
812 0.177030 0.099591 0.723379
1879 0.849404 0.051342 0.099254
1304 0.365797 0.384441 0.249763
9473 0.479209 0.133990 0.386801
7007 0.406518 0.537010 0.056473
1302 0.065542 0.537057 0.397401
9022 0.252053 0.636599 0.111348
6978 0.578350 0.119689 0.301961
6393 0.215322 0.738126 0.046553
6870 0.065517 0.115615 0.818867
9024 0.353650 0.135200 0.511150
9432 0.053533 0.535812 0.410654
6387 0.652195 0.261280 0.086525
7009 0.071905 0.140276 0.787819
812 0.104486 0.885875 0.009640
1410 0.368870 0.175236 0.455895
9412 0.259734 0.528956 0.211310
1903 0.412944 0.417055 0.170001
6863 0.207603 0.440949 0.351448
4215 0.024033 0.724659 0.251308
9020 0.302291 0.285703 0.412007
9288 0.182366 0.428148 0.389486
6830 0.002288 0.859882 0.137830
6811 0.173256 0.621089 0.205655
3939 0.025303 0.154084 0.820613
1314 0.837107 0.102683 0.060210
6386 0.077789 0.390741 0.531470
6491 0.684881 0.085583 0.229536
812 0.616336 0.234774 0.148890
9034 0.175633 0.318904 0.505462
5914 0.107482 0.337117 0.555401
3931 0.237405 0.321010 0.441585
6531 0.900540 0.023402 0.076058
1410 0.624171 0.207762 0.168067
6411 0.088110 0.872732 0.039159
9314 0.280697 0.681569 0.037734
3913 0.805073 0.027113 0.167815
3939 0.294381 0.149852 0.555767
1906 0.046739 0.679356 0.273905
3918 0.010363 0.582282 0.407355
6830 0.340086 0.297319 0.362595
9430 0.276361 0.324040 0.399598
1901 0.687935 0.234148 0.077917
9021 0.302168 0.080379 0.617453
4209 0.680475 0.087960 0.231565
6811 0.519677 0.159462 0.320861
6863 0.227744 0.014055 0.758201
9034 0.305248 0.097494 0.597258
6393 0.582118 0.311257 0.106625
4211 0.915043 0.054187 0.030770
3918 0.260073 0.133651 0.606276
9547 0.807870 0.136065 0.056065
3922 0.057671 0.218181 0.724148
809 0.196886 0.140910 0.662203
6977 0.149699 0.457385 0.392916
6411 0.675554 0.068840 0.255605
1313 0.040050 0.126200 0.833750
6913 0.386480 0.080188 0.533332
3938 0.303967 0.606790 0.089243
6790 0.087137 0.485741 0.427122
9470 0.340996 0.564337 0.094667
4308 0.262221 0.324666 0.413112
6385 0.606185 0.207175 0.186639
1817 0.719594 0.182341 0.098065
6463 0.111825 0.015897 0.872278
9039 0.158607 0.271720 0.569673
7006 0.114965 0.652379 0.232655
6511 0.741747 0.121809 0.136444
4186 0.358631 0.473036 0.168333
809 0.592758 0.366477 0.040765
6501 0.005125 0.578825 0.416050
5911 0.126605 0.860964 0.012432
3921 0.164471 0.758441 0.077088
1688 0.469736 0.083028 0.447236
1882 0.019708 0.466956 0.513335
5910 0.268420 0.246845 0.484735
811 0.134681 0.616984 0.248335
9546 0.500687 0.351192 0.148120
1312 0.070228 0.265286 0.664487
6483 0.270320 0.061167 0.668513
1766 0.575834 0.420252 0.003913
7006 0.213257 0.101976 0.684767
1817 0.109425 0.030715 0.859860
9040 0.080544 0.411441 0.508015
1420 0.345069 0.038009 0.616922
1310 0.477998 0.408976 0.113026
4290 0.544755 0.088871 0.366375
9031 0.102096 0.886870 0.011034
1766 0.020101 0.313003 0.666896
9043 0.474652 0.496360 0.028988
4445 0.302365 0.389759 0.307876
1640 0.623411 0.147426 0.229164
9314 0.359714 0.202648 0.437639
6730 0.220219 0.037612 0.742169
1313 0.091476 0.448646 0.459878
6401 0.060254 0.071098 0.868648
4369 0.484403 0.003517 0.512081
6788 0.231456 0.673001 0.095543
9031 0.429189 0.551380 0.019431
9432 0.544394 0.021044 0.434562
7008 0.093378 0.741916 0.164706
6918 0.196496 0.172451 0.631053
811 0.603824 0.102418 0.293758
3938 0.797743 0.110688 0.091569
4394 0.535705 0.255718 0.208577
1312 0.266011 0.619366 0.114623
9287 0.464750 0.246929 0.288320
1633 0.799478 0.087654 0.112868
6788 0.218502 0.122136 0.659362
6868 0.488777 0.000438 0.510785
1882 0.311966 0.519480 0.168554
810 0.242483 0.556518 0.200998
1905 0.314170 0.518621 0.167208
9039 0.532735 0.048345 0.418920
4282 0.638035 0.164272 0.197693
4235 0.434863 0.077556 0.487581
9429 0.356505 0.590975 0.052521
4212 0.018531 0.946362 0.035108
6913 0.784052 0.151451 0.064497
1620 0.576421 0.008423 0.415157
9040 0.433108 0.284851 0.282041
6924 0.088331 0.374362 0.537306
4396 0.385321 0.605251 0.009428
9019 0.251364 0.101495 0.647141
9033 0.101674 0.354000 0.544326
1823 0.573450 0.117701 0.308850
4326 0.554684 0.160706 0.284610
9043 0.218487 0.148055 0.633459
4451 0.031996 0.937717 0.030288
4451 0.252722 0.441477 0.305802
6788 0.694179 0.149426 0.156395
1640 0.096377 0.328497 0.575126
1400 0.297375 0.237058 0.465567
9315 0.103588 0.224509 0.671903
4290 0.054755 0.647539 0.297706
4188 0.108688 0.123688 0.767624
4395 0.567855 0.307216 0.124929
6733 0.121338 0.381979 0.496683
9371 0.359598 0.606638 0.033764
4348 0.636643 0.168972 0.194385
4444 0.131089 0.015259 0.853652
6867 0.793314 0.023101 0.183585
6736 0.681592 0.002101 0.316307
1634 0.813734 0.118444 0.067822
9300 0.412479 0.064967 0.522555
810 0.852294 0.116096 0.031610
1227 0.041749 0.795866 0.162386
1823 0.460501 0.457776 0.081723
6977 0.647273 0.264610 0.088117
6315 0.254110 0.334255 0.411635
1230 1.000000 0.000000 0.000000
9501 0.055665 0.424445 0.519890
6734 0.413197 0.252453 0.334350
1821 0.148724 0.651068 0.200208
1633 0.303098 0.133418 0.563484
9364 0.911803 0.055736 0.032461
9470 0.225484 0.008210 0.766306
6322 0.328725 0.000000 0.671275
1667 0.317825 0.019983 0.662192
9410 0.439240 0.101837 0.458923
6929 0.319540 0.482520 0.197940
9011 0.024458 0.211035 0.764507
9391 0.108611 0.573927 0.317462
6736 0.283550 0.641118 0.075332
1360 0.119536 0.707992 0.172472
3501 0.351699 0.495674 0.152626
1221 0.238414 0.022252 0.739334
1825 0.022708 0.473116 0.504175
1008 0.042578 0.295214 0.662208
6923 0.113143 0.778926 0.107930
3468 0.000000 0.618692 0.381308
1300 0.441779 0.022677 0.535544
1823 1.000000 0.000000 0.000000
808 0.167830 0.140801 0.691369
6929 0.524915 0.085540 0.389546
4270 0.088621 0.540068 0.371311
9364 0.242995 0.133364 0.623641
4294 0.326579 0.479697 0.193724
6330 0.738927 0.004476 0.256597
6108 0.121867 0.268292 0.609842
9560 0.338437 0.170876 0.490687
9560 0.499682 0.488677 0.011641
9311 0.048809 0.750756 0.200435
6383 0.098739 0.015348 0.885913
6982 0.290137 0.541929 0.167934
808 0.519272 0.344420 0.136308
6326 0.842163 0.089453 0.068384
1608 0.528764 0.139754 0.331482
1792 0.336149 0.652090 0.011761
3928 0.042282 0.056352 0.901366
1904 0.227725 0.732788 0.039488
6919 0.622342 0.298396 0.079262
4236 0.093448 0.199147 0.707405
9557 0.434094 0.376362 0.189544
4452 0.934367 0.040243 0.025390
9339 0.965578 0.012319 0.022103
1232 0.099133 0.508859 0.392008
1381 0.863628 0.051022 0.085351
1883 0.650488 0.179982 0.169530
4191 0.142446 0.074630 0.782924
9338 0.583685 0.268760 0.147555
6735 0.362818 0.613950 0.023232
1219 0.340501 0.272568 0.386932
1634 0.244006 0.662124 0.093870
6867 0.016645 0.348127 0.635228
7008 0.732904 0.216507 0.050589
9552 0.342464 0.347491 0.310044
1889 0.606746 0.108231 0.285023
6108 0.582693 0.417307 0.000000
9409 0.186975 0.132669 0.680357
4189 0.098703 0.040236 0.861060
3474 0.075933 0.322324 0.601743
4398 0.322477 0.160147 0.517376
806 0.092650 0.359888 0.547462
4445 0.000000 0.229357 0.770643
8592 0.521613 0.243938 0.234449
3908 0.459977 0.223968 0.316055
1819 0.407815 0.474230 0.117955
1252 0.142208 0.234120 0.623672
1620 0.080607 0.195334 0.724058
1380 0.603706 0.262115 0.134180
4213 0.694099 0.203103 0.102799
6921 0.056462 0.855962 0.087576
6786 0.556499 0.284547 0.158954
3501 0.042036 0.119261 0.838703
9560 0.035546 0.040355 0.924098
6400 0.036963 0.000869 0.962169
4294 0.070684 0.171574 0.757742
8586 0.123631 0.133562 0.742807
6109 0.841123 0.062633 0.096244
5909 0.249906 0.014452 0.735642
9008 0.787614 0.136535 0.075850
1791 0.447827 0.213480 0.338693
6767 0.358331 0.042288 0.599381
9298 0.347811 0.037929 0.614260
6369 0.469819 0.408055 0.122126
4304 0.570959 0.258668 0.170373
4265 0.015323 0.489224 0.495453
6383 0.775683 0.180137 0.044181
4444 0.000000 0.468483 0.531517
3370 0.278437 0.254662 0.466901
6787 0.380726 0.540147 0.079127
1401 0.539648 0.443255 0.017096
4182 0.564650 0.393644 0.041706
1114 0.339929 0.368694 0.291377
4238 0.579936 0.089109 0.330955
813 0.664067 0.225937 0.109995
6916 0.244724 0.468579 0.286697
6344 0.737918 0.233499 0.028584
1237 0.277606 0.358215 0.364179
6984 0.318957 0.433074 0.247970
6102 0.763780 0.120955 0.115266
3486 0.165675 0.424864 0.409461
4260 0.562437 0.327277 0.110285
1818 0.524725 0.475275 0.000000
8597 0.317457 0.615491 0.067052
1358 0.019729 0.259332 0.720939
1279 0.846231 0.099518 0.054251
4324 0.052415 0.737229 0.210356
1900 0.517861 0.452255 0.029884
6892 0.640581 0.073378 0.286041
3489 0.511694 0.488306 0.000000
9545 0.143716 0.316409 0.539875
3369 0.302736 0.188070 0.509194
6922 0.195798 0.734995 0.069207
6768 0.295086 0.202336 0.502578
7005 0.624398 0.040991 0.334611
1684 0.355262 0.538195 0.106543
6500 0.441161 0.473167 0.085672
1683 0.102334 0.252674 0.644992
1891 0.172628 0.698608 0.128764
9009 0.598763 0.032612 0.368625
4191 0.038486 0.770631 0.190884
3372 0.297839 0.130778 0.571383
1006 0.148290 0.293717 0.557992
1824 0.303264 0.632810 0.063926
6520 0.473526 0.368370 0.158105
1378 0.047893 0.394537 0.557570
1881 0.010329 0.638567 0.351104
1026 0.890419 0.074676 0.034905
6361 0.057500 0.269290 0.673210
1653 0.673096 0.243482 0.083423
1265 0.514756 0.291302 0.193942
5902 0.102401 0.580220 0.317379
8467 0.211630 0.532654 0.255715
1238 0.000000 0.360467 0.639533
4459 0.264706 0.099657 0.635637
1829 0.381349 0.282633 0.336018
1832 0.558462 0.053732 0.387806
6916 0.232202 0.711466 0.056331
9548 0.236692 0.629070 0.134238
9554 0.293575 0.521561 0.184864
1260 0.703213 0.048548 0.248240
3642 0.832700 0.167300 0.000000
6789 0.050800 0.663297 0.285903
5913 0.338481 0.330665 0.330853
1002 0.207557 0.584409 0.208035
6106 0.391264 0.437185 0.171551
9449 0.003051 0.287212 0.709738
4216 0.245208 0.226350 0.528442
4202 0.067451 0.855991 0.076559
6732 0.433679 0.362030 0.204292
4452 0.047704 0.036031 0.916265
4203 0.341457 0.568995 0.089548
1630 0.368705 0.026284 0.605012
8637 0.185198 0.308533 0.506270
4240 0.516921 0.129397 0.353682
8734 0.628121 0.362928 0.008951
1260 0.266671 0.274822 0.458506
6789 0.757886 0.032281 0.209833
6104 0.191151 0.061006 0.747843
6104 0.210704 0.734833 0.054463
6783 0.117960 0.506416 0.375624
9311 0.415705 0.277344 0.306950
6989 0.366781 0.208725 0.424494
8457 0.405365 0.566394 0.028241
3628 0.886880 0.011618 0.101502
4446 0.253414 0.707270 0.039316
3473 0.222177 0.372258 0.405565
1895 0.156709 0.057874 0.785417
3476 0.082443 0.472362 0.445195
9395 0.686134 0.207309 0.106557
3385 0.000000 0.408107 0.591893
6312 0.000000 0.190968 0.809032
6359 0.275152 0.163549 0.561299
9339 0.274701 0.590494 0.134805
1891 0.885150 0.063201 0.051649
9545 0.504211 0.233976 0.261813
5903 0.028490 0.946870 0.024639
9319 0.044156 0.895043 0.060800
6928 0.185070 0.614558 0.200372
3536 0.000000 0.842977 0.157023
6460 0.869152 0.106705 0.024143
6360 0.433380 0.544654 0.021966
3441 0.234758 0.340033 0.425209
3364 0.674032 0.086378 0.239589
8541 0.511532 0.005035 0.483434
3444 0.275545 0.193877 0.530578
7000 0.711999 0.101278 0.186723
1001 0.264057 0.111620 0.624324
5901 0.315122 0.624731 0.060147
998 0.757854 0.060608 0.181538
800 0.666926 0.186623 0.146451
8596 0.057743 0.533754 0.408503
3642 0.355450 0.568581 0.075969
9299 0.301287 0.004894 0.693819
4266 0.089497 0.524890 0.385613
1004 0.429952 0.294163 0.275885
6400 0.506097 0.086658 0.407245
3538 0.423841 0.264206 0.311953
1664 0.071929 0.744940 0.183131
8734 0.437114 0.451445 0.111441
1631 0.024210 0.764597 0.211193
9028 0.295817 0.214255 0.489928
6353 0.097762 0.574066 0.328173
3574 0.348920 0.012387 0.638693
1666 0.137848 0.166199 0.695953
4455 0.129399 0.119118 0.751483
9555 0.446540 0.267738 0.285722
6970 0.552494 0.117224 0.330283
8674 0.795282 0.114900 0.089818
8565 0.369172 0.334872 0.295956
1012 0.455327 0.370892 0.173782
4265 0.580392 0.270775 0.148833
6354 0.181790 0.532057 0.286153
3572 0.209661 0.225052 0.565287
1677 0.303928 0.022752 0.673320
9305 0.424130 0.204029 0.371842
5905 0.644729 0.142444 0.212827
6980 0.200446 0.125608 0.673946
1280 0.331705 0.134442 0.533853
3360 0.246873 0.082053 0.671074
4292 0.086334 0.144810 0.768857
1895 0.751160 0.135634 0.113206
6500 0.901165 0.020509 0.078326
8637 0.532127 0.464188 0.003686
1299 0.544129 0.439434 0.016437
1253 0.564103 0.181527 0.254369
9341 0.194765 0.744880 0.060355
9318 0.716563 0.133051 0.150386
6312 0.787434 0.081837 0.130729
6357 0.149170 0.214361 0.636469
6127 0.571031 0.370958 0.058011
997 0.164764 0.047672 0.787565
9447 0.167878 0.683682 0.148439
3384 0.468499 0.390824 0.140677
3493 0.385638 0.374129 0.240233
6784 0.190560 0.162979 0.646461
3569 0.091044 0.022257 0.886698
4448 0.100481 0.158653 0.740865
1201 0.196549 0.434317 0.369134
3536 0.538900 0.407092 0.054008
3394 0.154947 0.626979 0.218074
6362 0.160986 0.489181 0.349834
8672 0.452833 0.160233 0.386933
6105 0.093268 0.204370 0.702362
3570 0.700890 0.109971 0.189139
4181 0.135584 0.729992 0.134424
9394 0.655301 0.058376 0.286322
5898 0.599080 0.376918 0.024002
8545 0.292715 0.281728 0.425557
6100 0.563587 0.362001 0.074412
9067 0.524401 0.055609 0.419991
9556 0.329181 0.321778 0.349041
9075 0.493245 0.433392 0.073363
9426 0.609898 0.297148 0.092954
3542 0.581734 0.413977 0.004289
4364 0.559898 0.012835 0.427267
799 0.289496 0.158281 0.552223
3404 0.189170 0.008417 0.802413
3628 0.074457 0.208240 0.717303
8671 0.241712 0.265730 0.492558
9368 0.408805 0.404730 0.186465
8752 0.819386 0.054667 0.125948
1235 0.781921 0.206691 0.011388
5898 0.060102 0.634610 0.305287
8727 0.053533 0.288245 0.658222
8486 0.625343 0.128162 0.246494
6448 0.558068 0.203703 0.238228
6101 0.557560 0.326475 0.115965
9381 0.648016 0.185950 0.166034
3405 0.002173 0.984265 0.013562
3427 0.354187 0.645813 0.000000
6765 0.357013 0.355773 0.287214
5904 0.305051 0.536136 0.158813
8570 0.635297 0.110882 0.253821
1894 0.719274 0.060527 0.220199
8610 0.801794 0.133878 0.064328
4197 0.284096 0.433058 0.282846
4459 0.553497 0.319110 0.127393
3630 0.101281 0.822598 0.076121
9362 0.054254 0.540733 0.405013
8505 0.415077 0.055118 0.529805
1831 0.020104 0.490123 0.489774
4443 0.714708 0.004014 0.281278
4448 0.312422 0.566385 0.121194
1025 0.016441 0.843705 0.139853
8540 0.698326 0.088038 0.213636
3511 0.738642 0.230418 0.030940
1676 0.720256 0.172847 0.106897
3361 0.410611 0.152761 0.436629
3388 0.346767 0.171940 0.481292
6363 0.648709 0.076552 0.274739
8736 0.097807 0.000070 0.902123
6754 0.214263 0.660716 0.125021
1654 0.860084 0.015153 0.124763
6753 0.139293 0.215268 0.645439
6925 0.488492 0.249219 0.262289
1598 0.253761 0.622244 0.123995
3629 0.623292 0.342016 0.034692
8729 0.386901 0.373890 0.239210
3464 0.023321 0.732489 0.244190
9556 0.715545 0.124518 0.159937
9328 0.725722 0.183407 0.090871
8527 0.192830 0.753644 0.053526
6370 0.680892 0.069168 0.249940
3549 0.389947 0.441754 0.168299
8610 0.153222 0.705389 0.141390
1815 0.173911 0.749427 0.076662
1298 0.837245 0.125427 0.037327
3508 0.594888 0.098292 0.306820
8508 0.043486 0.839451 0.117063
1378 0.500008 0.393232 0.106760
3355 0.967466 0.014461 0.018074
3379 0.395346 0.598499 0.006155
8453 0.188434 0.318604 0.492962
8455 0.194583 0.017314 0.788103
6776 0.167456 0.370179 0.462365
4198 0.431215 0.017209 0.551576
8752 0.099383 0.521958 0.378660
1271 0.346142 0.262848 0.391009
8753 0.294750 0.056236 0.649014
9010 0.671212 0.136578 0.192210
8571 0.419358 0.366938 0.213704
9319 0.378898 0.094643 0.526459
8675 0.077979 0.206809 0.715212
9080 0.129332 0.318238 0.552430
8479 0.414426 0.574424 0.011150
3380 0.732768 0.158255 0.108978
3662 0.566777 0.033441 0.399782
1254 0.222470 0.610493 0.167037
4264 0.116742 0.869803 0.013455
1812 0.076330 0.628557 0.295113
1827 0.889684 0.043743 0.066572
1270 0.183290 0.325746 0.490964
4453 0.409428 0.290862 0.299710
6741 0.732137 0.188073 0.079790
3630 0.151291 0.091370 0.757339
1679 0.615692 0.089145 0.295163
8754 0.681507 0.145825 0.172669
3355 0.210549 0.306595 0.482856
5899 0.831278 0.166349 0.002372
1908 0.669250 0.247033 0.083717
9365 0.010119 0.982819 0.007062
9282 0.185674 0.638098 0.176227
5897 0.268634 0.182043 0.549323
8538 0.690614 0.174102 0.135283
804 0.777098 0.027693 0.195209
3436 0.332309 0.496578 0.171112
8645 0.391217 0.054971 0.553812
4448 0.438584 0.120592 0.440824
1281 0.041734 0.700033 0.258233
1200 0.187694 0.293196 0.519111
8668 0.257386 0.048172 0.694442
3420 0.618463 0.045130 0.336407
6298 0.146854 0.272343 0.580802
3583 1.000000 0.000000 0.000000
6766 0.349334 0.408565 0.242101
3377 0.573932 0.171629 0.254439
6775 0.556859 0.338375 0.104766
3481 0.000000 0.341911 0.658089
1209 0.845866 0.088974 0.065161
8648 0.024556 0.359867 0.615578
1028 0.150472 0.290712 0.558816
5916 0.268437 0.588764 0.142799
1638 0.344329 0.278723 0.376949
1597 0.665590 0.026370 0.308040
4262 0.448584 0.264951 0.286465
5964 0.170891 0.266344 0.562765
8514 0.348776 0.005397 0.645827
9258 0.654104 0.049273 0.296623
6753 0.248360 0.700972 0.050668
1339 0.755687 0.193573 0.050740
8578 0.190321 0.069126 0.740553
1813 0.225973 0.207030 0.566997
6800 0.152282 0.522978 0.324741
996 0.681070 0.146863 0.172067
3523 0.547228 0.042679 0.410093
1820 0.145503 0.061416 0.793081
9384 0.172260 0.358263 0.469477
6994 0.519610 0.219814 0.260576
3407 0.347092 0.566629 0.086279
4261 0.030995 0.370699 0.598306
9048 0.532570 0.057556 0.409874
9067 0.330351 0.588250 0.081399
9544 0.054150 0.890981 0.054870
6699 0.073125 0.449701 0.477174
1319 0.408455 0.093134 0.498412
9551 0.283714 0.218874 0.497412
8607 0.574722 0.071055 0.354223
9283 0.210048 0.362225 0.427727
1199 0.225836 0.426359 0.347805
9047 0.031970 0.093277 0.874753
3630 0.935072 0.035905 0.029023
3567 0.904949 0.004431 0.090620
3545 0.012936 0.827293 0.159771
1023 0.758271 0.198746 0.042983
5100 0.462889 0.033781 0.503331
3480 0.336049 0.657045 0.006906
6132 0.871974 0.106933 0.021092
3398 0.303369 0.661061 0.035570
3654 0.077938 0.282546 0.639516
3507 0.057655 0.220546 0.721800
6737 0.177588 0.688297 0.134115
6114 0.151388 0.023539 0.825073
8572 0.057423 0.026743 0.915834
9393 0.216387 0.163649 0.619965
8511 0.665394 0.108390 0.226216
8744 0.168955 0.724716 0.106328
8512 0.202918 0.310419 0.486663
3583 1.000000 0.000000 0.000000
3633 0.329429 0.628206 0.042364
9366 0.161990 0.128052 0.709958
1691 0.383432 0.394678 0.221890
3356 0.363958 0.111424 0.524618
816 0.748448 0.173610 0.077942
6700 0.587314 0.006518 0.406168
8562 0.674872 0.015436 0.309692
1655 0.820041 0.055847 0.124112
6421 0.161167 0.660265 0.178568
3652 0.047005 0.057550 0.895444
1871 0.669253 0.278281 0.052465
8726 0.728388 0.139074 0.132539
9363 0.546262 0.104899 0.348839
996 0.308703 0.084417 0.606880
1665 0.318866 0.461079 0.220056
5937 0.570354 0.087645 0.342001
1205 0.089585 0.084186 0.826229
5955 0.290122 0.656975 0.052904
6813 0.105578 0.215916 0.678505
6308 0.040487 0.279155 0.680358
1636 0.632836 0.102561 0.264603
1700 0.407810 0.023495 0.568696
9050 0.789742 0.176631 0.033627
3972 0.413085 0.525179 0.061736
6417 0.268956 0.676141 0.054903
6313 0.040490 0.558659 0.400850
8543 0.858845 0.105898 0.035257
6920 0.555574 0.299373 0.145053
1820 0.655309 0.230450 0.114241
1713 0.611073 0.074598 0.314329
3436 0.229618 0.075434 0.694948
8483 0.228974 0.432270 0.338755
1024 0.153182 0.120328 0.726490
3363 0.335535 0.574636 0.089830
6307 0.302388 0.204601 0.493011
9326 0.093885 0.419620 0.486495
8747 0.495861 0.302031 0.202108
9523 0.572053 0.107478 0.320469
8753 0.279127 0.142208 0.578665
6755 0.218822 0.666492 0.114686
6884 0.043689 0.104448 0.851863
8449 0.471410 0.220485 0.308106
6440 0.044700 0.823266 0.132034
3964 0.390764 0.092644 0.516592
9558 0.493139 0.380720 0.126141
3390 0.032219 0.903706 0.064075
6932 0.119978 0.421982 0.458040
3413 0.050879 0.652271 0.296850
1351 0.140760 0.066651 0.792588
1692 0.665816 0.255775 0.078409
6820 0.007441 0.342618 0.649941
6752 0.261334 0.164703 0.573963
850 0.950227 0.034265 0.015508
1672 0.326174 0.411602 0.262225
6700 0.211808 0.114321 0.673871
1727 0.191812 0.507150 0.301038
8489 0.321733 0.363236 0.315031
1023 0.050086 0.682540 0.267374
1700 0.288489 0.526836 0.184675
9046 0.177144 0.512248 0.310607
1850 0.859686 0.055250 0.085064
1778 0.030134 0.633921 0.335945
3967 0.422485 0.301636 0.275880
5932 0.133795 0.293912 0.572293
829 0.254216 0.007593 0.738191
6911 0.430202 0.104781 0.465018
3423 0.010167 0.332898 0.656936
8673 0.369123 0.448101 0.182776
4422 0.618280 0.046550 0.335170
9544 0.025137 0.393369 0.581494
3566 0.053548 0.754979 0.191474
1032 0.157423 0.390394 0.452183
3948 0.365734 0.474595 0.159671
1728 0.181664 0.640817 0.177519
3431 0.000000 0.666809 0.333191
1023 1.000000 0.000000 0.000000
8492 0.208405 0.694689 0.096907
4224 0.102397 0.795416 0.102187
9551 0.742631 0.057328 0.200041
6815 0.431072 0.262144 0.306784
853 0.837036 0.154244 0.008720
3446 0.131851 0.498854 0.369295
8476 0.444739 0.430174 0.125086
8475 0.400347 0.321965 0.277688
6308 0.664779 0.299585 0.035636
9281 0.151914 0.310211 0.537875
8624 0.657552 0.154712 0.187736
6738 0.789028 0.197955 0.013016
3433 0.385048 0.190843 0.424109
9070 0.413906 0.448231 0.137864
5932 0.851486 0.078107 0.070407
3580 0.054310 0.184458 0.761232
3581 0.116827 0.883173 0.000000
6124 0.460109 0.063573 0.476319
6124 0.228219 0.763266 0.008515
3430 0.886258 0.098460 0.015283
1713 0.040789 0.274617 0.684594
3454 0.452545 0.155043 0.392412
1724 0.599145 0.397280 0.003575
6884 0.326751 0.664237 0.009013
1539 0.204408 0.693614 0.101978
3432 0.308996 0.623121 0.067883
6740 0.050359 0.141910 0.807731
1322 0.165777 0.472582 0.361642
844 0.307436 0.343629 0.348935
3626 0.340470 0.295425 0.364105
8473 0.163379 0.570050 0.266571
8664 0.236910 0.148199 0.614890
8620 0.365997 0.215569 0.418434
8546 0.001272 0.229510 0.769218
3650 0.231638 0.187141 0.581221
1871 0.253587 0.138698 0.607715
4458 0.007908 0.211044 0.781048
6125 0.643069 0.200468 0.156463
6123 0.227048 0.386997 0.385955
8615 0.702231 0.119891 0.177878
6825 0.198104 0.216911 0.584985
855 0.223869 0.434256 0.341874
8450 0.454337 0.144070 0.401593
4225 0.150562 0.016311 0.833127
1708 0.000742 0.727846 0.271413
3547 0.416898 0.067390 0.515712
3580 0.261355 0.585811 0.152834
3430 0.094361 0.477166 0.428473
8529 0.292399 0.138487 0.569113
4284 0.373366 0.614364 0.012270
6122 0.414874 0.381418 0.203708
4411 0.154757 0.835416 0.009828
3533 0.406370 0.215573 0.378057
6792 0.604271 0.155641 0.240088
8948 0.694800 0.114574 0.190626
6103 0.177620 0.736459 0.085921
1014 0.411798 0.272125 0.316077
3660 0.240241 0.685825 0.073934
9369 0.561123 0.264849 0.174028
1778 0.583564 0.138936 0.277500
9399 0.519805 0.220099 0.260096
1850 0.212046 0.387281 0.400672
1708 0.626701 0.306452 0.066847
8452 0.378663 0.150837 0.470499
5931 0.216143 0.708919 0.074939
1668 0.042264 0.582210 0.375526
9397 0.723268 0.134393 0.142339
4283 0.242982 0.642533 0.114486
6419 0.250533 0.433926 0.315541
5951 0.190653 0.364039 0.445308
9513 0.048755 0.223588 0.727657
1716 0.183918 0.667318 0.148764
3400 0.337813 0.513173 0.149014
8726 0.043228 0.145555 0.811216
1649 0.607213 0.352935 0.039851
1003 0.391076 0.259248 0.349676
5946 0.139942 0.762222 0.097836
8680 0.207885 0.041431 0.750685
6115 0.280891 0.185461 0.533648
6758 0.086513 0.148665 0.764822
6423 0.211531 0.772230 0.016240
1789 0.070372 0.208464 0.721163
1725 0.245055 0.536618 0.218328
4231 0.863500 0.030061 0.106439
6740 0.043854 0.551626 0.404519
1651 0.356309 0.340054 0.303638
6125 0.207198 0.039381 0.753421
8495 0.481914 0.275451 0.242635
3403 0.749482 0.124270 0.126248
3352 0.024654 0.195711 0.779635
3649 0.482326 0.268970 0.248704
1015 0.721530 0.071433 0.207036
9081 0.050441 0.531827 0.417733
3647 0.034762 0.394651 0.570587
6815 0.088654 0.261725 0.649621
6815 0.012019 0.916624 0.071357
5946 0.261200 0.174562 0.564238
1783 0.843957 0.094972 0.061071
6756 0.225597 0.491293 0.283110
3853 0.243454 0.166214 0.590331
6824 0.167355 0.038731 0.793915
4411 0.066516 0.142548 0.790936
4458 0.099721 0.862033 0.038246
3968 0.363820 0.280972 0.355208
6743 0.597943 0.196873 0.205184
5929 0.016086 0.793903 0.190011
6770 0.380276 0.580375 0.039349
1657 0.546076 0.318250 0.135674
5952 0.592287 0.401944 0.005769
6879 0.187036 0.780322 0.032642
1828 0.124606 0.228958 0.646435
1724 0.002521 0.109908 0.887571
6808 0.295305 0.053181 0.651514
9340 0.469364 0.430569 0.100067
6443 0.071079 0.156432 0.772489
8760 0.249003 0.025662 0.725336
8499 0.198811 0.255814 0.545375
4267 0.224306 0.194872 0.580822
5939 0.341850 0.272320 0.385830
9258 0.381497 0.584000 0.034503
5947 0.206993 0.170227 0.622780
4298 0.733472 0.114254 0.152273
6451 0.384004 0.079971 0.536026
6971 0.146503 0.635618 0.217880
1550 0.240243 0.221553 0.538204
5931 0.103132 0.238130 0.658738
1601 0.069476 0.681824 0.248700
830 0.921793 0.071711 0.006497
6744 0.040514 0.908842 0.050644
8643 0.431433 0.084281 0.484286
1652 0.126850 0.865310 0.007840
5929 0.070913 0.312795 0.616291
8950 0.659027 0.111923 0.229049
3516 0.768413 0.008163 0.223424
1712 0.313504 0.596082 0.090414
4279 0.863301 0.039740 0.096959
5949 0.039839 0.335125 0.625036
9509 0.116441 0.715948 0.167611
1716 0.079098 0.585586 0.335316
5928 0.256482 0.708307 0.035211
9520 0.378070 0.609463 0.012467
3189 0.530175 0.011475 0.458350
1030 0.385952 0.479817 0.134231
6639 0.038387 0.572432 0.389182
6130 0.188947 0.502374 0.308679
4170 0.022785 0.276324 0.700891
8748 0.385876 0.562263 0.051861
8465 0.565996 0.290029 0.143975
846 0.504894 0.391181 0.103925
1777 0.462962 0.418463 0.118575
1014 0.496254 0.489865 0.013881
8616 0.087003 0.161113 0.751885
6807 0.262632 0.681941 0.055427
1723 0.000768 0.430143 0.569089
9329 0.282059 0.633164 0.084777
3517 0.060322 0.309591 0.630087
3396 0.568047 0.353656 0.078296
846 0.014011 0.128992 0.856997
1616 0.843679 0.131524 0.024797
5948 0.463346 0.319014 0.217639
6826 0.192653 0.658902 0.148445
1543 0.376176 0.242634 0.381191
3366 0.836196 0.075958 0.087846
9383 0.246932 0.308619 0.444449
6985 0.931922 0.036384 0.031694
5952 0.032369 0.483272 0.484360
852 0.480087 0.201142 0.318771
6131 0.097554 0.205415 0.697031
9559 0.056212 0.767456 0.176332
