3441 0.726608 0.273392 0.000000
3433 0.724311 0.040943 0.234747
2132 0.534762 0.149880 0.315358
3441 0.257561 0.193580 0.548860
2126 0.151242 0.521255 0.327503
2813 0.134695 0.413897 0.451409
190 0.079703 0.569903 0.350394
190 0.055700 0.232327 0.711973
4434 0.365324 0.589489 0.045187
1507 0.608374 0.316945 0.074681
1986 0.155222 0.071951 0.772827
1994 0.326979 0.209291 0.463730
1990 0.719112 0.026322 0.254566
366 0.017787 0.341025 0.641188
364 0.193960 0.422943 0.383097
1486 0.170423 0.304406 0.525171
808 0.419831 0.293635 0.286533
2 0.183931 0.406056 0.410013
852 0.500258 0.214207 0.285535
807 0.279336 0.294861 0.425803
1461 0.061867 0.456645 0.481489
1 0.854134 0.040457 0.105409
3028 0.150996 0.485607 0.363397
300 0.091754 0.888281 0.019964
610 0.627118 0.247661 0.125221
464 0.214219 0.660676 0.125105
3682 0.130117 0.700263 0.169621
2076 0.228247 0.690141 0.081612
108 0.007164 0.366312 0.626524
3258 0.255632 0.479162 0.265206
968 0.746227 0.221636 0.032137
3468 0.168343 0.695671 0.135986
470 0.723624 0.024999 0.251377
520 0.020882 0.973365 0.005753
1660 0.531077 0.200977 0.267946
1526 0.015229 0.380559 0.604213
1538 0.017391 0.215302 0.767307
1296 0.131437 0.812891 0.055672
1508 0.032017 0.239455 0.728528
1510 0.342984 0.645753 0.011263
2030 0.439196 0.387384 0.173420
352 0.810205 0.134313 0.055482
462 0.507382 0.147607 0.345012
356 0.107425 0.547930 0.344645
2024 0.091643 0.645731 0.262626
1320 0.869289 0.009637 0.121074
2056 0.156965 0.438594 0.404440
360 0.307925 0.468565 0.223510
244 0.418733 0.382329 0.198938
1120 0.523447 0.048687 0.427866
2048 0.082892 0.579333 0.337775
346 0.544970 0.272077 0.182953
344 0.478345 0.478192 0.043463
350 0.278922 0.427405 0.293674
2082 0.063401 0.232115 0.704483
338 0.344438 0.167047 0.488515
1478 0.025325 0.671108 0.303567
1476 0.171496 0.132371 0.696133
832 0.399928 0.050028 0.550044
1502 0.567042 0.173302 0.259657
1342 0.218880 0.288393 0.492727
1482 0.198346 0.662744 0.138910
842 0.045580 0.407232 0.547188
840 0.166425 0.254917 0.578658
1142 0.628622 0.110666 0.260712
1464 0.223578 0.085428 0.690994
8 0.050286 0.811650 0.138064
8 0.157010 0.060656 0.782334
14 0.184515 0.167851 0.647633
1468 0.211662 0.471242 0.317096
1470 0.680774 0.059882 0.259344
1344 0.291343 0.317654 0.391003
146 0.271548 0.348601 0.379851
838 0.400271 0.093123 0.506605
1306 0.021646 0.601332 0.377022
1304 0.195877 0.030185 0.773938
230 0.589551 0.297385 0.113064
846 0.630823 0.299459 0.069717
844 0.636179 0.345147 0.018674
812 0.228208 0.683732 0.088060
512 0.833399 0.081001 0.085600
1330 0.715976 0.058996 0.225028
1328 0.819654 0.048931 0.131415
472 0.235615 0.333461 0.430924
1132 0.233580 0.558302 0.208117
1134 0.958518 0.013948 0.027534
518 0.854488 0.023969 0.121543
1260 0.271119 0.027748 0.701133
3681 0.178098 0.354577 0.467325
3683 0.819556 0.055721 0.124723
459 0.178122 0.766710 0.055168
12 0.101100 0.306386 0.592514
1490 0.541782 0.202580 0.255638
1490 0.007512 0.649632 0.342855
4014 0.492983 0.098608 0.408408
4026 0.285484 0.314246 0.400270
4002 0.358808 0.041906 0.599285
4016 0.291073 0.403391 0.305536
4018 0.024458 0.054817 0.920725
3984 0.296418 0.659557 0.044025
1236 0.025900 0.547994 0.426106
3986 0.658147 0.310970 0.030883
1238 0.047009 0.068057 0.884934
3998 0.515134 0.355681 0.129186
374 0.003880 0.059822 0.936297
4042 0.257913 0.104903 0.637184
1582 0.205692 0.233376 0.560931
1580 0.079912 0.035591 0.884497
1294 0.150841 0.505873 0.343287
3062 0.629676 0.153014 0.217310
2910 0.009085 0.970321 0.020594
154 0.371106 0.056305 0.572589
2494 0.055393 0.251529 0.693078
700 0.653371 0.241553 0.105076
1004 0.850239 0.049478 0.100284
2021 0.185057 0.717295 0.097648
2013 0.109308 0.548922 0.341770
1991 0.236755 0.332887 0.430358
855 0.454922 0.177589 0.367489
1463 0.045933 0.743434 0.210633
2893 0.019090 0.308313 0.672597
2111 0.193106 0.672443 0.134452
3411 0.121194 0.396349 0.482457
4587 0.074610 0.541737 0.383653
2993 0.496455 0.361250 0.142296
2079 0.211059 0.295564 0.493377
2615 0.726603 0.052571 0.220826
2613 0.274934 0.264728 0.460338
3257 0.376572 0.007877 0.615551
3455 0.112554 0.135369 0.752077
103 0.688187 0.014521 0.297292
2001 0.297508 0.536842 0.165650
3639 0.257976 0.403669 0.338355
1325 0.409267 0.130633 0.460100
1545 0.137873 0.347698 0.514428
1509 0.140895 0.212531 0.646574
1511 0.241746 0.238620 0.519634
43 0.120427 0.542819 0.336753
2036 0.851656 0.134236 0.014108
343 0.663287 0.034638 0.302075
343 0.190943 0.212452 0.596606
201 0.278249 0.099390 0.622361
355 0.181161 0.608138 0.210701
461 0.110051 0.877753 0.012196
463 0.379380 0.106259 0.514361
359 0.075389 0.915305 0.009306
2027 0.017906 0.944900 0.037193
2553 0.267413 0.441429 0.291158
2553 0.081181 0.019369 0.899450
1123 0.436441 0.388473 0.175086
345 0.016916 0.769825 0.213259
1271 0.045210 0.293959 0.660830
347 0.214426 0.021728 0.763846
823 0.349499 0.471607 0.178894
345 0.695393 0.044872 0.259735
5 0.306892 0.329251 0.363857
2655 0.100290 0.633540 0.266171
857 0.104611 0.692508 0.202881
2653 0.423180 0.448697 0.128123
859 0.404401 0.376912 0.218687
19 0.174818 0.429589 0.395593
831 0.386854 0.101815 0.511330
17 0.198689 0.529461 0.271851
829 0.657984 0.319735 0.022281
833 0.794981 0.204227 0.000792
833 0.138218 0.223589 0.638193
1481 0.371618 0.264951 0.363431
1493 0.517434 0.482566 0.000000
1225 0.335236 0.234008 0.430755
1467 0.738800 0.026409 0.234791
1269 0.007613 0.890567 0.101820
4033 0.174778 0.043427 0.781795
4029 0.739388 0.109666 0.150945
369 0.055769 0.827461 0.116770
863 0.051204 0.798554 0.150242
371 0.151387 0.309073 0.539540
861 0.417941 0.243649 0.338409
1345 0.295218 0.057697 0.647085
837 0.609518 0.010514 0.379969
1305 0.765947 0.201341 0.032711
1145 0.822046 0.002400 0.175554
231 0.025221 0.866003 0.108777
845 0.886106 0.036354 0.077540
229 0.134582 0.183681 0.681738
845 0.052616 0.192712 0.754673
1093 0.272871 0.355993 0.371136
1499 0.359383 0.588842 0.051775
1465 0.571251 0.203088 0.225661
515 0.328839 0.504970 0.166191
1329 0.946055 0.053945 0.000000
1329 0.160801 0.680776 0.158423
1299 0.266063 0.429760 0.304177
1297 0.008434 0.711765 0.279800
2035 0.579528 0.094762 0.325711
2083 0.062396 0.567798 0.369806
3425 0.168639 0.653346 0.178015
2121 0.828919 0.038523 0.132558
4003 0.842026 0.130388 0.027586
4003 0.175712 0.018599 0.805688
4051 0.117525 0.534155 0.348320
2619 0.361691 0.550446 0.087863
4053 0.083930 0.569782 0.346287
4055 0.278877 0.499244 0.221879
4061 0.521001 0.301707 0.177292
175 0.225264 0.297892 0.476845
4057 0.667442 0.295371 0.037187
1237 0.286548 0.226273 0.487179
29 0.312253 0.122045 0.565702
2649 0.401624 0.356543 0.241833
37 0.044117 0.377038 0.578845
39 0.166033 0.667062 0.166905
3293 0.631625 0.187162 0.181213
1583 0.203565 0.548571 0.247864
375 0.128540 0.356602 0.514857
373 0.093176 0.779304 0.127520
3517 0.506324 0.260314 0.233361
3595 0.828093 0.070181 0.101725
6983 0.427810 0.318667 0.253522
3133 0.082932 0.843754 0.073313
850 0.050674 0.015944 0.933382
810 0.090198 0.250846 0.658956
811 0.113357 0.133341 0.753302
3989 0.758075 0.089343 0.152582
3988 0.098881 0.701518 0.199601
1455 0.061007 0.146195 0.792798
2812 0.097265 0.290191 0.612544
208 0.500538 0.184976 0.314485
189 0.954381 0.005158 0.040461
3319 0.019809 0.769392 0.210799
189 0.411512 0.338938 0.249550
2815 0.009937 0.980922 0.009141
3279 0.054767 0.754009 0.191224
3279 0.026615 0.352619 0.620766
2789 0.451740 0.081322 0.466938
153 0.853713 0.000000 0.146287
153 0.142088 0.173810 0.684102
4240 0.000000 0.812560 0.187440
4221 0.640272 0.056426 0.303302
7595 0.279453 0.055242 0.665305
7653 0.858603 0.042168 0.099229
3197 0.000000 0.259830 0.740170
2289 0.199735 0.148510 0.651754
2022 0.642693 0.004461 0.352846
392 0.339374 0.612365 0.048260
380 0.300863 0.445324 0.253813
1658 0.000000 0.362109 0.637891
394 0.689870 0.142667 0.167463
86 0.039572 0.089726 0.870702
2016 0.084050 0.305690 0.610260
2010 0.739578 0.039239 0.221183
3690 0.836409 0.076650 0.086941
3004 0.116700 0.215285 0.668015
2014 0.079277 0.686952 0.233772
4432 0.136137 0.512036 0.351827
4430 0.635230 0.054035 0.310735
3690 0.267855 0.000000 0.732145
1504 0.433277 0.252429 0.314294
1504 0.132873 0.466036 0.401091
2012 0.527742 0.158587 0.313671
4432 0.084119 0.324963 0.590917
4434 0.417516 0.421125 0.161359
4428 0.068667 0.736118 0.195214
3690 0.013577 0.719384 0.267039
1507 0.433944 0.221722 0.344334
1994 0.050297 0.062465 0.887238
1990 0.326073 0.609250 0.064677
1990 0.267391 0.084297 0.648313
1994 0.149503 0.699918 0.150579
1984 0.138912 0.822644 0.038444
1486 0.012159 0.046458 0.941383
1484 0.685862 0.298843 0.015295
850 0.463511 0.292592 0.243896
848 0.356055 0.046461 0.597484
850 0.215642 0.521680 0.262678
850 0.028751 0.624960 0.346289
2 0.182961 0.678239 0.138800
1462 0.042041 0.279483 0.678475
804 0.060507 0.337433 0.602060
852 0.193939 0.784823 0.021238
804 0.731470 0.237737 0.030793
2 0.162330 0.050834 0.786836
1462 0.752758 0.049544 0.197698
1461 0.045586 0.864793 0.089621
0 0.665464 0.078085 0.256451
4496 0.811527 0.028184 0.160289
3040 0.317886 0.150598 0.531516
3124 0.148169 0.786200 0.065631
298 0.381490 0.557698 0.060813
296 0.016782 0.538395 0.444824
4100 0.582846 0.019895 0.397259
282 0.546277 0.058941 0.394782
3056 0.067925 0.329314 0.602761
3056 0.615298 0.170112 0.214589
2894 0.263902 0.002773 0.733325
434 0.231286 0.374284 0.394430
2088 0.922882 0.044177 0.032940
2900 0.231609 0.695562 0.072829
4068 0.171218 0.045679 0.783103
76 0.598979 0.300812 0.100210
2964 0.594837 0.232672 0.172491
3092 0.162575 0.465425 0.371999
2792 0.371106 0.262092 0.366802
2922 0.197065 0.762906 0.040030
2922 0.079887 0.360557 0.559557
1644 0.098881 0.014371 0.886748
2100 0.034567 0.720037 0.245396
4084 0.437016 0.424745 0.138238
1362 0.561719 0.033462 0.404819
4570 0.003126 0.934462 0.062412
442 0.084344 0.785173 0.130483
4592 0.289033 0.350720 0.360247
2064 0.149032 0.248385 0.602583
310 0.344627 0.649340 0.006033
3414 0.115322 0.855292 0.029386
4584 0.813038 0.085702 0.101260
532 0.256737 0.022723 0.720540
4582 0.318082 0.378161 0.303758
318 0.050688 0.037736 0.911576
4566 0.010298 0.907767 0.081934
1392 0.949250 0.034720 0.016030
1680 0.285353 0.088965 0.625683
1682 0.012822 0.641822 0.345356
4566 0.461678 0.023409 0.514913
3682 0.078644 0.840756 0.080600
524 0.243196 0.078936 0.677868
3120 0.569345 0.202877 0.227778
4794 0.601429 0.099442 0.299129
7154 0.324625 0.076024 0.599352
640 0.393528 0.087250 0.519222
464 0.691040 0.023540 0.285420
3116 0.120792 0.550727 0.328481
604 0.888194 0.003354 0.108452
602 0.356231 0.416022 0.227748
4588 0.531068 0.009061 0.459871
440 0.675333 0.191128 0.133539
1384 0.164924 0.750159 0.084917
1386 0.241879 0.147129 0.610992
554 0.145193 0.033237 0.821570
1420 0.414836 0.189043 0.396121
2562 0.235963 0.244818 0.519219
2078 0.402164 0.441197 0.156639
2994 0.554208 0.301703 0.144089
642 0.089399 0.844036 0.066565
614 0.520204 0.329711 0.150086
1672 0.145577 0.064413 0.790011
1402 0.249485 0.535941 0.214574
632 0.479325 0.105371 0.415303
2990 0.577300 0.123048 0.299652
1664 0.368588 0.581411 0.050001
492 0.554628 0.000000 0.445372
2596 0.051861 0.242041 0.706098
548 0.256970 0.740084 0.002946
330 0.383544 0.471050 0.145406
2070 0.519712 0.056967 0.423321
3008 0.784269 0.001958 0.213773
3010 0.164678 0.812295 0.023028
3472 0.524724 0.368052 0.107224
3478 0.382554 0.064010 0.553437
3452 0.398935 0.522148 0.078917
3476 0.149597 0.543877 0.306525
1974 0.024959 0.841364 0.133676
3480 0.167367 0.626784 0.205849
1972 0.856232 0.008354 0.135414
3468 0.074209 0.168111 0.757680
3708 0.543362 0.376520 0.080118
1980 0.390068 0.254494 0.355437
3514 0.610260 0.389740 0.000000
3558 0.174894 0.711511 0.113595
3230 0.408717 0.085320 0.505963
3606 0.248812 0.488981 0.262207
3556 0.858190 0.040709 0.101101
3246 0.088018 0.810418 0.101563
3246 0.087640 0.398639 0.513722
3362 0.186285 0.133033 0.680682
3458 0.759017 0.158181 0.082801
3486 0.161113 0.163251 0.675636
3486 0.141233 0.639136 0.219631
958 0.595792 0.058197 0.346011
3494 0.008139 0.605746 0.386115
168 0.288232 0.554822 0.156946
168 0.281252 0.235750 0.482997
3490 0.422089 0.182489 0.395423
102 0.592746 0.365799 0.041455
240 0.424731 0.091612 0.483657
1972 0.009508 0.164872 0.825620
3462 0.243170 0.488161 0.268669
110 0.020822 0.511174 0.468004
2614 0.831125 0.014813 0.154061
104 0.211417 0.317192 0.471391
3492 0.683361 0.017169 0.299470
3488 0.127559 0.784002 0.088440
3472 0.171721 0.268603 0.559676
3452 0.091333 0.462795 0.445872
102 0.013267 0.960766 0.025967
1974 0.281037 0.529232 0.189731
3469 0.421174 0.173847 0.404980
3468 0.744901 0.058813 0.196286
3470 0.334647 0.463153 0.202200
3482 0.204434 0.020955 0.774611
3222 0.673598 0.236915 0.089487
3212 0.260562 0.229270 0.510168
3224 0.750411 0.084382 0.165207
3466 0.027224 0.717443 0.255333
3456 0.391210 0.215726 0.393064
3486 0.375614 0.395608 0.228778
1978 0.041207 0.941971 0.016822
3490 0.107765 0.586119 0.306116
242 0.890767 0.038746 0.070487
236 0.280677 0.350446 0.368876
1232 0.426325 0.289320 0.284355
2002 0.084403 0.395085 0.520512
2006 0.307695 0.187577 0.504728
2000 0.747569 0.211258 0.041173
166 0.509932 0.208933 0.281136
2004 0.752954 0.135354 0.111692
164 0.200685 0.444537 0.354779
164 0.411545 0.144537 0.443918
164 0.247900 0.688492 0.063608
1998 0.404196 0.508505 0.087299
1996 0.139614 0.063262 0.797124
1358 0.246341 0.288009 0.465650
960 0.789136 0.085806 0.125057
962 0.383064 0.226109 0.390828
94 0.399826 0.065053 0.535121
968 0.063112 0.745066 0.191821
952 0.211875 0.101290 0.686835
952 0.355177 0.596249 0.048574
90 0.216286 0.093187 0.690527
90 0.689421 0.214560 0.096019
558 0.893902 0.019758 0.086341
1138 0.192363 0.499997 0.307640
520 0.390640 0.499571 0.109788
1138 0.463509 0.326258 0.210233
234 0.928761 0.064090 0.007149
234 0.046192 0.040560 0.913248
1102 0.403985 0.061107 0.534908
1546 0.384336 0.477872 0.137791
1546 0.191284 0.148807 0.659909
1544 0.308555 0.118673 0.572773
1510 0.652416 0.170478 0.177107
1508 0.498230 0.095954 0.405816
1508 0.148384 0.524673 0.326943
1510 0.004527 0.146992 0.848481
1510 0.247308 0.019557 0.733135
376 0.257640 0.473658 0.268702
376 0.873735 0.108475 0.017791
3304 0.059487 0.305382 0.635131
2036 0.073436 0.117012 0.809552
122 0.111027 0.693602 0.195371
122 0.239439 0.265653 0.494908
120 0.595489 0.156363 0.248148
120 0.432038 0.567801 0.000160
354 0.103754 0.163154 0.733093
2044 0.777019 0.082089 0.140892
460 0.202612 0.071814 0.725575
1302 0.743563 0.069313 0.187123
1300 0.346570 0.348788 0.304642
1322 0.254043 0.402673 0.343284
2040 0.173945 0.418650 0.407405
2040 0.525975 0.114193 0.359832
360 0.779851 0.078473 0.141676
2042 0.077192 0.274325 0.648484
1106 0.288547 0.452425 0.259029
1122 0.084476 0.220711 0.694814
1106 0.646206 0.222762 0.131032
1106 0.953362 0.022737 0.023902
1120 0.178020 0.299256 0.522724
2034 0.012892 0.321385 0.665723
2034 0.060158 0.719552 0.220290
344 0.477872 0.132064 0.390064
1258 0.003814 0.810168 0.186018
1258 0.504981 0.004212 0.490808
1248 0.026238 0.785306 0.188456
348 0.597479 0.359653 0.042868
348 0.372258 0.430004 0.197738
348 0.160300 0.484387 0.355312
350 0.600653 0.289296 0.110052
458 0.568169 0.327659 0.104173
822 0.114795 0.018449 0.866755
456 0.288601 0.086909 0.624490
854 0.389126 0.558371 0.052503
854 0.540975 0.070860 0.388165
336 0.048049 0.048950 0.903001
1476 0.664555 0.167401 0.168044
1476 0.243280 0.616083 0.140637
1478 0.412897 0.286148 0.300955
1502 0.105368 0.027252 0.867379
1500 0.544789 0.327753 0.127458
1502 0.181663 0.513938 0.304399
1500 0.193594 0.659785 0.146621
1482 0.123089 0.101262 0.775649
1500 0.107901 0.092143 0.799956
1480 0.598589 0.130086 0.271325
1480 0.026542 0.673739 0.299718
1482 0.597442 0.329636 0.072923
1494 0.258776 0.102040 0.639184
1492 0.331838 0.202823 0.465339
1092 0.617619 0.340573 0.041807
1492 0.000200 0.422361 0.577438
1224 0.336433 0.349572 0.313995
1224 0.683882 0.096038 0.220080
8 0.817095 0.120059 0.062846
1498 0.026432 0.654226 0.319342
10 0.175642 0.236286 0.588073
10 0.219671 0.584224 0.196104
1466 0.402147 0.343240 0.254613
1468 0.796196 0.101258 0.102546
1470 0.218908 0.199991 0.581101
14 0.193357 0.429863 0.376780
1470 0.195618 0.658154 0.146229
12 0.832266 0.065485 0.102249
4028 0.751028 0.152370 0.096602
1474 0.766122 0.174892 0.058986
146 0.418485 0.541868 0.039646
146 0.812305 0.159884 0.027811
836 0.845248 0.142462 0.012290
838 0.071782 0.374836 0.553382
836 0.437788 0.475905 0.086307
836 0.029261 0.772174 0.198564
836 0.184351 0.191553 0.624096
1144 0.628884 0.116518 0.254598
1144 0.310898 0.360725 0.328378
1146 0.622178 0.148718 0.229105
844 0.499211 0.005100 0.495689
846 0.332348 0.556011 0.111640
1266 0.460332 0.158828 0.380840
844 0.010454 0.019267 0.970279
1264 0.172831 0.199402 0.627767
814 0.317348 0.238499 0.444153
812 0.212102 0.316417 0.471480
826 0.124576 0.233522 0.641902
826 0.117163 0.623515 0.259322
1516 0.098499 0.182072 0.719430
378 0.343016 0.610925 0.046060
34 0.218688 0.434024 0.347288
32 0.442379 0.064221 0.493400
1328 0.559703 0.013043 0.427254
32 0.103055 0.466531 0.430414
1296 0.387263 0.106845 0.505892
1298 0.192256 0.198101 0.609643
1536 0.386317 0.080381 0.533302
1538 0.665464 0.317904 0.016632
1526 0.453761 0.254657 0.291582
1536 0.445796 0.383155 0.171049
1542 0.295731 0.486812 0.217457
1524 0.575121 0.194381 0.230498
1540 0.631077 0.359785 0.009137
1540 0.357108 0.299092 0.343800
1662 0.381799 0.281342 0.336859
465 0.894311 0.105689 0.000000
465 0.630969 0.193041 0.175990
486 0.088021 0.728741 0.183239
3683 0.307422 0.446329 0.246249
465 0.073671 0.309172 0.617156
3683 0.346013 0.150566 0.503421
386 0.250913 0.265636 0.483451
3020 0.574653 0.223092 0.202256
3020 0.143433 0.745121 0.111445
1516 0.517870 0.361717 0.120412
3681 0.186449 0.091863 0.721688
3425 0.822434 0.134376 0.043190
3681 0.952783 0.036263 0.010953
3680 0.495490 0.275529 0.228981
3680 0.748878 0.088657 0.162465
456 0.832537 0.023112 0.144352
3424 0.260370 0.182157 0.557473
2080 0.515639 0.151866 0.332495
1250 0.055785 0.223784 0.720431
2588 0.424709 0.066577 0.508714
2588 0.244583 0.614843 0.140574
2048 0.490765 0.358789 0.150446
244 0.736336 0.031498 0.232166
2056 0.133350 0.767271 0.099379
2552 0.656791 0.290671 0.052538
2554 0.419202 0.451661 0.129136
2592 0.233262 0.263080 0.503658
2592 0.427750 0.320033 0.252217
406 0.683643 0.115801 0.200557
404 0.015710 0.295184 0.689106
2030 0.134162 0.427779 0.438059
2576 0.210724 0.547736 0.241541
2578 0.418034 0.110634 0.471332
2558 0.020521 0.960089 0.019390
3300 0.808446 0.152843 0.038711
2030 0.773120 0.132193 0.094687
358 0.698896 0.217009 0.084095
1322 0.905427 0.067573 0.027000
832 0.080860 0.361498 0.557642
1320 0.182321 0.301856 0.515823
1320 0.245617 0.718485 0.035898
1340 0.396435 0.123808 0.479757
362 0.308875 0.469240 0.221885
362 0.815903 0.016499 0.167597
842 0.349004 0.172837 0.478158
1122 0.244897 0.687869 0.067233
1140 0.332730 0.613901 0.053369
1142 0.238519 0.410434 0.351047
1140 0.022675 0.808638 0.168687
1140 0.036024 0.107233 0.856742
818 0.131568 0.023163 0.845268
1270 0.170479 0.664732 0.164790
816 0.005808 0.858495 0.135696
1270 0.241406 0.228353 0.530241
1268 0.712299 0.167986 0.119715
8 0.112786 0.428411 0.458803
822 0.403747 0.479511 0.116741
822 0.554918 0.089150 0.355932
1468 0.176274 0.753569 0.070157
820 0.345095 0.197600 0.457305
820 0.282657 0.454210 0.263133
1468 0.263179 0.202855 0.533967
820 0.196976 0.751015 0.052009
852 0.144932 0.062572 0.792495
146 0.139989 0.006343 0.853668
1472 0.096613 0.303756 0.599631
144 0.449947 0.403899 0.146154
144 0.070992 0.784473 0.144535
144 0.303593 0.063151 0.633256
1304 0.726314 0.096431 0.177256
1304 0.348888 0.413568 0.237544
1306 0.388274 0.306085 0.305641
1304 0.014116 0.686974 0.298910
228 0.613541 0.033347 0.353112
230 0.151051 0.682117 0.166832
228 0.219274 0.389919 0.390808
1094 0.145461 0.313893 0.540647
228 0.017264 0.032548 0.950188
1092 0.411252 0.012123 0.576624
1092 0.000000 0.318615 0.681385
844 0.211019 0.680604 0.108377
1496 0.325122 0.389610 0.285268
1498 0.215882 0.034284 0.749835
1264 0.324030 0.493098 0.182871
1464 0.137226 0.632103 0.230671
1464 0.506084 0.202021 0.291894
812 0.506661 0.369881 0.123458
1466 0.143247 0.184125 0.672628
14 0.574150 0.244021 0.181829
824 0.931059 0.046936 0.022006
14 0.423386 0.013829 0.562785
1490 0.214997 0.478786 0.306217
4012 0.230185 0.132271 0.637545
4026 0.551223 0.108347 0.340430
838 0.030554 0.862906 0.106540
838 0.772029 0.214983 0.012988
4002 0.049487 0.284090 0.666423
4018 0.835481 0.093440 0.071079
4018 0.532104 0.307778 0.160118
4016 0.652726 0.168576 0.178698
4018 0.124488 0.617480 0.258032
4004 0.212226 0.121197 0.666578
4004 0.344546 0.648123 0.007332
4020 0.065209 0.446247 0.488544
1236 0.065433 0.895891 0.038676
4020 0.355992 0.035859 0.608149
4022 0.173788 0.459157 0.367055
4020 0.787137 0.129598 0.083265
3992 0.887814 0.017569 0.094617
1488 0.391713 0.608287 0.000000
2616 0.274047 0.716523 0.009431
4012 0.006484 0.989829 0.003686
172 0.478652 0.300100 0.221248
4036 0.055208 0.248282 0.696510
172 0.104103 0.602912 0.292985
4040 0.047758 0.642477 0.309765
4056 0.868565 0.112537 0.018898
3986 0.268568 0.156117 0.575315
3984 0.094345 0.453302 0.452353
3984 0.174931 0.048628 0.776441
1238 0.618372 0.037572 0.344056
1238 0.276059 0.208472 0.515469
1436 0.248099 0.749387 0.002513
1436 0.026707 0.655299 0.317994
3992 0.297116 0.488112 0.214772
824 0.464823 0.344684 0.190493
3992 0.649128 0.350872 0.000000
2608 0.186332 0.769033 0.044635
36 0.131050 0.266370 0.602580
38 0.419848 0.204107 0.376045
4038 0.562048 0.086640 0.351311
4038 0.545148 0.371597 0.083255
4040 0.345983 0.439147 0.214869
4040 0.359068 0.130302 0.510631
248 0.266416 0.668982 0.064602
248 0.204131 0.176077 0.619792
248 0.174355 0.000058 0.825587
1582 0.098039 0.082947 0.819014
1580 0.599510 0.317386 0.083104
1580 0.277474 0.648158 0.074369
1580 0.009765 0.716495 0.273739
3328 0.857279 0.116605 0.026116
1316 0.030917 0.709279 0.259804
4042 0.035499 0.550656 0.413846
250 0.039746 0.083519 0.876735
1560 0.154261 0.038044 0.807694
250 0.186641 0.196885 0.616474
250 0.197999 0.677337 0.124664
1582 0.116027 0.658860 0.225113
1582 0.417594 0.272036 0.310371
1580 0.308902 0.068075 0.623023
4044 0.113690 0.657240 0.229070
2656 0.017865 0.017976 0.964159
3326 0.346988 0.502300 0.150712
3326 0.663612 0.257592 0.078796
3326 0.042864 0.030995 0.926141
1318 0.272375 0.207218 0.520408
1560 0.153962 0.254988 0.591049
1562 0.582614 0.024681 0.392705
1562 0.167302 0.468544 0.364154
1598 0.305453 0.530114 0.164434
1598 0.231016 0.318218 0.450766
1596 0.817409 0.003347 0.179244
1614 0.306744 0.012109 0.681146
1612 0.324251 0.561046 0.114703
3440 0.637460 0.275226 0.087315
22 0.150814 0.050703 0.798483
3322 0.930073 0.063394 0.006533
1294 0.153034 0.206277 0.640689
1252 0.285402 0.444641 0.269957
1252 0.308642 0.154231 0.537128
1252 0.047709 0.069647 0.882643
3436 0.766246 0.231690 0.002063
3436 0.373506 0.409983 0.216511
3436 0.161722 0.257202 0.581076
1294 0.186951 0.767362 0.045686
156 0.058263 0.484228 0.457510
156 0.109680 0.748993 0.141327
3310 0.604210 0.023345 0.372445
1254 0.062856 0.231739 0.705405
1566 0.198193 0.407232 0.394576
1576 0.185097 0.201992 0.612911
1578 0.064274 0.036308 0.899418
566 0.182094 0.454436 0.363470
3314 0.515060 0.451443 0.033497
3314 0.172138 0.744833 0.083030
1578 0.957487 0.018226 0.024286
1612 0.243730 0.000000 0.756270
1598 0.848727 0.032192 0.119081
1252 0.444305 0.544984 0.010711
1560 0.433232 0.525807 0.040961
1590 0.204458 0.137540 0.658002
1096 0.625521 0.095825 0.278654
3322 0.641339 0.273079 0.085582
1610 0.128223 0.200554 0.671223
3324 0.036713 0.105950 0.857337
416 0.293717 0.201664 0.504619
1610 0.723328 0.205386 0.071286
2624 0.060119 0.502153 0.437728
2624 0.645526 0.019504 0.334970
1602 0.372228 0.196182 0.431590
1442 0.733946 0.085282 0.180772
1442 0.043516 0.101300 0.855184
3638 0.354452 0.360974 0.284574
4096 0.279176 0.267250 0.453575
1624 0.546191 0.075172 0.378637
3976 0.435845 0.534231 0.029924
2914 0.055359 0.602868 0.341773
6678 0.027073 0.366796 0.606131
2896 0.127638 0.577334 0.295028
6644 0.239331 0.190403 0.570266
2910 0.628443 0.150846 0.220710
2968 0.617739 0.017090 0.365171
2970 0.024509 0.718707 0.256784
2954 0.018780 0.633751 0.347469
278 0.298626 0.505351 0.196022
70 0.121031 0.301600 0.577369
3084 0.287229 0.151184 0.561587
2796 0.487029 0.485412 0.027559
3066 0.419529 0.333948 0.246523
1620 0.181711 0.559219 0.259070
1110 0.509147 0.120529 0.370324
3316 0.075035 0.508317 0.416647
152 0.104853 0.298809 0.596338
3314 0.186634 0.100314 0.713052
2124 0.460235 0.087222 0.452543
560 0.093974 0.723604 0.182422
562 0.376016 0.057336 0.566647
1601 0.068479 0.607704 0.323817
1600 0.080816 0.131010 0.788173
7770 0.074560 0.603134 0.322306
2878 0.328700 0.480426 0.190874
2868 0.445029 0.333063 0.221908
2288 0.176365 0.660878 0.162757
2698 0.234258 0.132386 0.633356
3584 0.191332 0.061964 0.746704
2370 0.177106 0.726051 0.096843
3798 0.087065 0.392675 0.520260
3796 0.019690 0.620114 0.360196
1778 0.553904 0.310346 0.135750
932 0.153697 0.229063 0.617240
2284 0.144764 0.559191 0.296045
2328 0.249634 0.319680 0.430686
4142 0.362678 0.195136 0.442186
4152 0.157977 0.615130 0.226894
2300 0.601806 0.311753 0.086441
2300 0.025960 0.023546 0.950493
2292 0.169713 0.010800 0.819487
2472 0.312731 0.493935 0.193334
2308 0.323686 0.614048 0.062266
3616 0.312353 0.463774 0.223874
4416 0.731876 0.105049 0.163076
2310 0.003487 0.305028 0.691485
3744 0.799861 0.163045 0.037094
874 0.086598 0.854145 0.059257
2232 0.288615 0.083385 0.627999
2314 0.105050 0.866309 0.028641
2544 0.069172 0.112464 0.818365
3764 0.529912 0.055975 0.414113
3742 0.238315 0.575676 0.186009
2548 0.133252 0.418711 0.448038
2540 0.091113 0.808349 0.100537
1802 0.822901 0.018601 0.158498
258 0.337688 0.589795 0.072517
3644 0.840397 0.114711 0.044892
1188 0.420955 0.151513 0.427532
3644 0.279447 0.217677 0.502877
1184 0.114884 0.502726 0.382390
864 0.784728 0.152372 0.062901
2220 0.462963 0.126940 0.410097
1242 0.560480 0.157054 0.282466
132 0.156270 0.180761 0.662969
412 0.111181 0.041773 0.847045
2224 0.103020 0.448998 0.447982
2226 0.483272 0.316904 0.199824
138 0.864238 0.117543 0.018219
3562 0.113817 0.462560 0.423623
138 0.389863 0.367162 0.242975
2222 0.464440 0.521572 0.013988
2230 0.502958 0.482769 0.014273
2272 0.887611 0.089083 0.023307
3508 0.328130 0.566730 0.105140
3568 0.298375 0.310274 0.391351
876 0.216348 0.184297 0.599355
3200 0.352158 0.362077 0.285765
878 0.352049 0.316231 0.331720
2506 0.199415 0.629877 0.170708
4392 0.186732 0.017585 0.795683
2446 0.420510 0.262169 0.317321
2446 0.000000 0.584116 0.415884
3550 0.040015 0.893492 0.066493
4206 0.716158 0.016534 0.267308
3582 0.221533 0.505095 0.273372
3108 0.372540 0.280662 0.346798
130 0.051323 0.939629 0.009048
3110 0.630969 0.146387 0.222644
3112 0.581480 0.151357 0.267163
3134 0.341008 0.485213 0.173779
2628 0.318504 0.257424 0.424072
650 0.218778 0.231945 0.549277
2210 0.330232 0.454523 0.215244
660 0.089059 0.341863 0.569079
1002 0.116385 0.786089 0.097526
686 0.356216 0.113982 0.529802
4314 0.092269 0.045033 0.862698
736 0.130046 0.008718 0.861237
704 0.013745 0.351938 0.634317
656 0.111548 0.221585 0.666867
684 0.363445 0.383948 0.252607
2762 0.211270 0.127367 0.661363
6956 0.290891 0.356652 0.352457
748 0.490936 0.228074 0.280989
2208 0.058332 0.557674 0.383994
3594 0.130083 0.442846 0.427071
4320 0.569562 0.000000 0.430438
714 0.084036 0.344833 0.571131
6978 0.736898 0.139986 0.123116
672 0.804154 0.073957 0.121888
698 0.432532 0.287757 0.279712
4288 0.741966 0.258034 0.000000
716 0.441075 0.273903 0.285022
2250 0.007131 0.445238 0.547631
6782 0.015116 0.318796 0.666089
1756 0.149736 0.735702 0.114562
2774 0.299111 0.193407 0.507483
3506 0.926552 0.000000 0.073448
3544 0.594296 0.176984 0.228720
3516 0.147916 0.330122 0.521962
3518 0.382581 0.296862 0.320558
4396 0.168470 0.716405 0.115125
4398 0.160471 0.022923 0.816606
3128 0.155544 0.349496 0.494960
3132 0.050488 0.746219 0.203293
395 0.090591 0.137074 0.772336
1655 0.254683 0.597854 0.147463
1657 0.181011 0.103912 0.715077
383 0.157417 0.398457 0.444126
3005 0.532965 0.150643 0.316392
3689 0.059113 0.818119 0.122768
1657 0.959108 0.025765 0.015127
383 0.002241 0.761737 0.236022
4435 0.192165 0.530989 0.276846
3005 0.273279 0.532094 0.194627
2015 0.717333 0.152137 0.130530
4435 0.366378 0.272580 0.361042
3691 0.436123 0.064272 0.499605
4429 0.244017 0.559949 0.196034
4431 0.785573 0.090898 0.123529
3691 0.186785 0.333634 0.479581
1505 0.368710 0.493559 0.137731
393 0.133644 0.058056 0.808300
87 0.192894 0.547307 0.259798
2012 0.000000 0.601209 0.398791
4433 0.365881 0.366728 0.267391
13 0.300340 0.109467 0.590193
13 0.493314 0.031927 0.474759
1485 0.071769 0.330006 0.598226
1485 0.229622 0.352243 0.418135
1487 0.794086 0.011151 0.194762
365 0.151162 0.355725 0.493113
807 0.625919 0.305430 0.068651
805 0.473770 0.152275 0.373954
1461 0.515019 0.344940 0.140041
1463 0.674696 0.182017 0.143287
3 0.157407 0.677564 0.165029
1 0.138858 0.701497 0.159645
1365 0.489018 0.276403 0.234579
2575 0.467096 0.275319 0.257585
3029 0.307919 0.526985 0.165096
309 0.170350 0.296596 0.533054
1391 0.548844 0.262740 0.188416
3447 0.310426 0.307787 0.381787
1283 0.155296 0.810797 0.033907
4085 0.749911 0.183875 0.066213
3057 0.481877 0.034267 0.483856
2893 0.400858 0.528668 0.070474
215 0.119380 0.374484 0.506136
1459 0.397169 0.410643 0.192188
1647 0.334612 0.344683 0.320705
1647 0.034911 0.769257 0.195832
1643 0.430026 0.229451 0.340523
1635 0.636143 0.317345 0.046512
2951 0.002841 0.036593 0.960566
1631 0.001564 0.009387 0.989049
2919 0.330263 0.389736 0.280001
433 0.292471 0.263171 0.444358
2931 0.110372 0.337018 0.552610
2903 0.402406 0.591634 0.005961
3409 0.206142 0.665951 0.127907
77 0.361494 0.090361 0.548145
79 0.024605 0.449906 0.525489
2809 0.215527 0.454724 0.329749
2097 0.069231 0.764699 0.166071
2957 0.778064 0.015980 0.205956
2959 0.490403 0.329689 0.179908
4125 0.805728 0.016225 0.178047
4607 0.209714 0.523594 0.266692
2065 0.641018 0.170457 0.188525
2599 0.432320 0.529200 0.038480
3417 0.499117 0.197135 0.303747
2077 0.328105 0.316943 0.354952
4585 0.145948 0.325280 0.528772
333 0.638781 0.195173 0.166046
4583 0.418740 0.560115 0.021145
4583 0.001830 0.693353 0.304817
4567 0.103950 0.282846 0.613205
4595 0.271016 0.024803 0.704182
1675 0.820210 0.087396 0.092394
615 0.174064 0.765927 0.060008
1679 0.171091 0.047035 0.781874
1673 0.600803 0.312777 0.086420
1383 0.464945 0.386593 0.148462
7155 0.300896 0.371100 0.328005
1387 0.110240 0.794116 0.095644
1513 0.176016 0.169715 0.654269
1535 0.347410 0.419609 0.232981
1407 0.547235 0.293302 0.159464
1515 0.673381 0.119593 0.207026
641 0.199835 0.162040 0.638125
1555 0.224250 0.708084 0.067666
443 0.176751 0.777904 0.045345
1385 0.189407 0.636999 0.173594
4591 0.140371 0.843109 0.016520
45 0.100639 0.021274 0.878087
495 0.197640 0.541418 0.260942
495 0.077269 0.071737 0.850994
1667 0.587528 0.095875 0.316597
1519 0.609280 0.231535 0.159184
1263 0.165530 0.074128 0.760341
2589 0.201737 0.380151 0.418112
2591 0.568070 0.321083 0.110847
1663 0.223239 0.176052 0.600709
1661 0.492668 0.433796 0.073537
1541 0.381992 0.325434 0.292575
1543 0.053453 0.912805 0.033742
2569 0.570037 0.019444 0.410520
3019 0.614187 0.374080 0.011733
553 0.537380 0.281418 0.181202
1411 0.658703 0.101621 0.239676
383 0.275427 0.640516 0.084057
2023 0.324526 0.254123 0.421351
1247 0.265639 0.546989 0.187372
163 0.195706 0.121290 0.683003
2589 0.153869 0.003593 0.842539
59 0.157586 0.422624 0.419789
3009 0.151951 0.806774 0.041276
511 0.304566 0.384785 0.310649
517 0.153125 0.610350 0.236525
108 0.397540 0.390347 0.212113
109 0.329870 0.480004 0.190126
111 0.494122 0.000000 0.505878
2613 0.336827 0.583478 0.079695
2613 0.529023 0.152706 0.318272
107 0.628849 0.194902 0.176248
3493 0.429285 0.178710 0.392005
3465 0.120577 0.755969 0.123454
171 0.130016 0.062566 0.807417
3259 0.314884 0.107039 0.578077
3479 0.646779 0.014157 0.339064
1975 0.312158 0.362965 0.324877
1973 0.620664 0.194177 0.185160
3635 0.335622 0.348224 0.316153
3635 0.892566 0.093152 0.014282
3634 0.409237 0.490529 0.100234
3711 0.141005 0.631850 0.227145
3457 0.267798 0.681648 0.050555
3487 0.206149 0.645534 0.148317
3487 0.371781 0.047726 0.580493
3487 0.352288 0.337987 0.309726
1989 0.141495 0.376554 0.481951
957 0.812374 0.020852 0.166775
959 0.454877 0.487525 0.057599
963 0.261038 0.308979 0.429984
953 0.579986 0.110692 0.309322
3491 0.595421 0.175176 0.229403
103 0.509316 0.331398 0.159286
1985 0.547753 0.093729 0.358518
198 0.839160 0.056267 0.104573
3635 0.058462 0.235176 0.706362
957 0.183993 0.426347 0.389659
111 0.063877 0.225742 0.710381
2613 0.038375 0.709719 0.251906
955 0.273780 0.654165 0.072055
3495 0.064775 0.439958 0.495268
3495 0.602300 0.035224 0.362475
3495 0.223904 0.659734 0.116362
3489 0.017022 0.537873 0.445105
241 0.699908 0.069175 0.230917
103 0.086374 0.388865 0.524761
399 0.405286 0.466732 0.127982
1975 0.765541 0.157465 0.076994
1973 0.065821 0.424308 0.509871
199 0.170828 0.157824 0.671348
97 0.144836 0.195702 0.659462
197 0.410503 0.293556 0.295941
3481 0.503274 0.317644 0.179083
3481 0.194762 0.405813 0.399425
3249 0.415673 0.299046 0.285281
3403 0.415594 0.364617 0.219790
3467 0.281386 0.253412 0.465203
3457 0.723948 0.199337 0.076714
3401 0.689294 0.186992 0.123714
3485 0.197912 0.123881 0.678207
3457 0.233895 0.127856 0.638249
3463 0.268628 0.138590 0.592781
241 0.397062 0.551042 0.051896
3491 0.135091 0.691242 0.173667
101 0.077353 0.826737 0.095910
241 0.193077 0.301514 0.505409
1969 0.329818 0.559558 0.110625
1993 0.234251 0.724867 0.040882
1995 0.288305 0.561984 0.149711
1235 0.487888 0.051509 0.460603
2021 0.063355 0.069111 0.867534
1233 0.160391 0.356123 0.483487
1997 0.234691 0.304096 0.461213
965 0.081544 0.058910 0.859546
967 0.079935 0.310133 0.609932
237 0.313948 0.541252 0.144800
1971 0.225558 0.348315 0.426127
239 0.503413 0.153316 0.343270
1999 0.459158 0.225279 0.315563
1995 0.131046 0.216216 0.652739
961 0.265313 0.290328 0.444359
1359 0.155528 0.379897 0.464575
961 0.431202 0.493683 0.075114
95 0.029983 0.815979 0.154038
3299 0.255810 0.293429 0.450761
93 0.019045 0.451813 0.529142
3297 0.693963 0.082714 0.223323
3637 0.337659 0.363839 0.298502
479 0.868706 0.077500 0.053794
557 0.015489 0.863261 0.121250
1315 0.034081 0.619697 0.346223
559 0.027992 0.282429 0.689580
165 0.455476 0.520049 0.024475
1315 0.228265 0.235424 0.536312
167 0.412195 0.193170 0.394634
2007 0.030257 0.093643 0.876100
2007 0.066584 0.368448 0.564968
1137 0.000000 0.821285 0.178715
1137 0.095256 0.477683 0.427061
2021 0.664266 0.073270 0.262464
469 0.192836 0.728104 0.079060
1511 0.084524 0.446770 0.468706
1509 0.571215 0.092576 0.336209
377 0.354242 0.645758 0.000000
377 0.082587 0.741054 0.176359
379 0.314738 0.248603 0.436659
3305 0.379017 0.227837 0.393146
3307 0.190299 0.076980 0.732720
2036 0.140758 0.531143 0.328099
2038 0.229968 0.003191 0.766841
2037 0.333788 0.273850 0.392362
2039 0.058528 0.842161 0.099312
2039 0.567477 0.370984 0.061540
2039 0.284808 0.063610 0.651582
121 0.221005 0.604846 0.174149
355 0.223496 0.351091 0.425413
121 0.321438 0.079812 0.598750
353 0.853131 0.119993 0.026876
2045 0.520432 0.388276 0.091292
463 0.655049 0.117178 0.227773
2047 0.588768 0.072724 0.338508
463 0.120191 0.089399 0.790410
115 0.298806 0.540653 0.160541
1303 0.251019 0.083353 0.665628
1303 0.315934 0.607787 0.076279
2041 0.241957 0.426065 0.331978
2043 0.179343 0.762359 0.058298
1123 0.056380 0.617088 0.326532
1121 0.219045 0.459611 0.321344
1121 0.521252 0.251236 0.227512
1123 0.827251 0.148956 0.023793
347 0.617045 0.028625 0.354330
819 0.000302 0.731556 0.268142
345 0.307998 0.038912 0.653089
1269 0.878426 0.052983 0.068591
351 0.158950 0.212509 0.628541
821 0.557602 0.173854 0.268545
457 0.243970 0.597183 0.158847
459 0.858541 0.077023 0.064436
855 0.352409 0.513828 0.133763
339 0.660414 0.160369 0.179217
457 0.283389 0.284107 0.432505
2112 0.688811 0.168374 0.142815
6 0.096844 0.123203 0.779953
2113 0.838482 0.158381 0.003137
7 0.205982 0.730954 0.063064
2115 0.069688 0.616751 0.313560
5 0.523080 0.310001 0.166919
2115 0.015195 0.200379 0.784427
5 0.091608 0.346873 0.561519
2653 0.773162 0.024378 0.202460
2655 0.330913 0.601203 0.067884
2653 0.216100 0.104188 0.679712
2653 0.110409 0.520911 0.368680
17 0.641950 0.122956 0.235094
19 0.505515 0.419597 0.074887
17 0.054550 0.015856 0.929594
1479 0.014462 0.548053 0.437485
835 0.638683 0.077442 0.283875
1343 0.293533 0.167201 0.539267
1501 0.636989 0.324080 0.038931
1341 0.024812 0.714869 0.260318
1483 0.169648 0.786383 0.043968
1143 0.280375 0.032499 0.687126
841 0.147401 0.842785 0.009814
1495 0.037111 0.656193 0.306696
1225 0.118324 0.763857 0.117819
1493 0.301087 0.099305 0.599608
1493 0.088837 0.626904 0.284259
9 0.523099 0.130713 0.346187
1227 0.388584 0.399956 0.211460
1225 0.798772 0.078876 0.122352
11 0.393258 0.501409 0.105333
1471 0.218373 0.647799 0.133828
2117 0.141175 0.557876 0.300950
2117 0.252728 0.050006 0.697265
2117 0.395200 0.493639 0.111160
4033 0.409136 0.002804 0.588059
2119 0.112766 0.617245 0.269990
4031 0.043539 0.917174 0.039287
369 0.136119 0.351137 0.512744
369 0.710598 0.265977 0.023425
4029 0.150807 0.181219 0.667975
1475 0.156989 0.218254 0.624757
861 0.673574 0.218142 0.108284
1475 0.703791 0.234996 0.061213
861 0.224983 0.180649 0.594368
147 0.351739 0.300609 0.347652
1345 0.564948 0.090123 0.344929
1307 0.325623 0.364850 0.309527
145 0.039035 0.651185 0.309780
837 0.962495 0.036083 0.001422
231 0.095140 0.398377 0.506484
1305 0.258526 0.631281 0.110194
837 0.190750 0.017703 0.791547
229 0.051424 0.625937 0.322639
231 0.548565 0.370673 0.080762
1145 0.387435 0.007235 0.605331
1095 0.362015 0.292288 0.345697
845 0.576648 0.083851 0.339501
1497 0.230556 0.106525 0.662919
1265 0.686797 0.265688 0.047516
813 0.840033 0.053756 0.106212
813 0.113522 0.139202 0.747276
3301 0.719084 0.100460 0.180456
481 0.557199 0.200541 0.242261
483 0.149171 0.628856 0.221973
33 0.014544 0.749278 0.236179
1509 0.005459 0.777227 0.217314
1511 0.663719 0.050951 0.285330
1299 0.529592 0.444123 0.026284
1297 0.221658 0.069390 0.708952
1547 0.448084 0.056926 0.494990
1537 0.220947 0.746757 0.032296
1539 0.196252 0.584713 0.219035
1539 0.143967 0.170007 0.686026
235 0.000000 0.565025 0.434975
1537 0.756939 0.094833 0.148228
1245 0.074099 0.623538 0.302363
467 0.785538 0.011216 0.203246
1251 0.465386 0.335855 0.198758
2081 0.624703 0.375297 0.000000
2081 0.610485 0.157562 0.231953
27 0.077395 0.169559 0.753046
3681 0.186958 0.636054 0.176988
3427 0.350182 0.204784 0.445034
3427 0.395013 0.497211 0.107776
55 0.697875 0.228174 0.073951
1135 0.269160 0.009554 0.721286
1105 0.341139 0.035070 0.623791
1133 0.170484 0.822436 0.007081
517 0.277900 0.168795 0.553305
3696 0.363507 0.480525 0.155968
3425 0.250711 0.165156 0.584133
2083 0.534775 0.145040 0.320185
2081 0.010230 0.840742 0.149028
1249 0.074579 0.311545 0.613876
2083 0.149600 0.126554 0.723846
2585 0.342452 0.400175 0.257373
2587 0.274220 0.479254 0.246526
2595 0.166778 0.617713 0.215509
1331 0.136114 0.127965 0.735921
2579 0.128316 0.051721 0.819963
2595 0.565719 0.258752 0.175529
405 0.382378 0.329380 0.288242
405 0.095672 0.634312 0.270017
2031 0.275984 0.417516 0.306499
2031 0.448131 0.207945 0.343925
2031 0.738868 0.175841 0.085292
3699 0.690342 0.309658 0.000000
2031 0.970053 0.005767 0.024180
3699 0.061155 0.901198 0.037647
3698 0.160676 0.057345 0.781979
3696 0.627304 0.187107 0.185589
340 0.100699 0.271648 0.627653
340 0.107513 0.798529 0.093958
341 0.163156 0.541917 0.294927
2113 0.025750 0.224373 0.749877
2113 0.176727 0.532464 0.290809
857 0.341632 0.636635 0.021733
461 0.122757 0.324155 0.553088
353 0.310859 0.113563 0.575578
859 0.142947 0.382018 0.475035
463 0.325646 0.635099 0.039255
461 0.382953 0.353036 0.264011
831 0.370625 0.381964 0.247412
359 0.217828 0.365097 0.417075
463 0.056156 0.630785 0.313059
829 0.770707 0.028965 0.200329
357 0.191775 0.637516 0.170709
359 0.520573 0.366730 0.112697
1321 0.415712 0.549265 0.035023
1323 0.621620 0.094743 0.283637
