23038 0.572952 0.391437 0.035611
36872 0.294655 0.564423 0.140922
4441 0.144939 0.802386 0.052674
180 0.276236 0.318863 0.404901
47834 0.649232 0.328386 0.022382
41787 0.540002 0.040548 0.419449
40693 0.672659 0.095710 0.231631
41223 0.724055 0.248839 0.027106
30703 0.323633 0.211754 0.464613
4930 0.434861 0.222181 0.342959
6378 0.206051 0.516005 0.277944
29888 0.366557 0.392181 0.241262
27129 0.487301 0.090406 0.422293
26793 0.442126 0.454279 0.103595
38315 0.277010 0.150762 0.572228
3783 0.715872 0.257762 0.026367
50500 0.102810 0.692797 0.204393
27517 0.281022 0.034662 0.684316
3232 0.378857 0.227685 0.393458
12596 0.824893 0.159939 0.015168
26927 0.818220 0.050327 0.131453
39897 0.020322 0.625910 0.353768
27887 0.142390 0.544370 0.313240
44981 0.684153 0.138197 0.177650
6732 0.233195 0.004344 0.762461
29511 0.420786 0.543385 0.035830
26512 0.000000 0.439135 0.560865
5757 0.002224 0.715191 0.282586
12402 0.576955 0.040799 0.382245
4080 0.886911 0.112366 0.000723
32690 0.216304 0.340556 0.443140
6461 0.254375 0.286268 0.459357
39023 0.389109 0.209949 0.400942
4223 0.457751 0.057801 0.484449
33538 0.286798 0.215426 0.497777
3145 0.152814 0.740711 0.106475
4411 0.398002 0.184585 0.417413
39858 0.087891 0.576027 0.336082
7156 0.567639 0.299298 0.133063
2095 0.036985 0.299365 0.663650
3137 0.410346 0.103311 0.486342
9336 0.834157 0.135699 0.030144
39013 0.568735 0.012770 0.418495
7395 0.291874 0.326690 0.381436
10046 0.911304 0.080528 0.008168
4949 0.298541 0.088903 0.612556
38689 0.201116 0.395298 0.403585
43849 0.301659 0.177456 0.520885
32669 0.716203 0.216525 0.067272
27971 0.259926 0.137904 0.602170
44414 0.084952 0.730185 0.184863
5 0.841820 0.025491 0.132689
2802 0.276648 0.696074 0.027278
45459 0.274171 0.071788 0.654041
50324 0.450050 0.062371 0.487579
12660 0.641327 0.337055 0.021618
3513 0.382766 0.031143 0.586091
11667 0.140323 0.345773 0.513905
28519 0.155821 0.764593 0.079587
24346 0.332635 0.104314 0.563050
35996 0.032337 0.496176 0.471486
3303 0.434962 0.527997 0.037042
10322 0.378501 0.348512 0.272987
27281 0.071687 0.076355 0.851958
1489 0.208995 0.520223 0.270782
2824 0.151111 0.483163 0.365726
40246 0.025405 0.483754 0.490841
34251 0.041125 0.184956 0.773919
44378 0.397623 0.348620 0.253757
50321 0.000000 0.491505 0.508495
41116 0.087713 0.461568 0.450719
32487 0.105881 0.243112 0.651007
36323 0.654524 0.031178 0.314298
26357 0.421605 0.173787 0.404609
3098 0.604660 0.323006 0.072334
4294 0.028456 0.358948 0.612596
34008 0.507955 0.371511 0.120534
3831 0.257952 0.737510 0.004538
20397 0.133916 0.098425 0.767659
24357 0.388404 0.563019 0.048577
39159 0.031360 0.808768 0.159873
38692 0.210066 0.189935 0.599999
40275 0.239273 0.452953 0.307774
47615 0.696371 0.262487 0.041142
41283 0.092385 0.303086 0.604528
50525 0.000000 0.451780 0.548220
26336 0.484191 0.213476 0.302333
38784 0.613466 0.260986 0.125549
874 0.093562 0.496310 0.410128
50068 0.393498 0.483673 0.122828
3034 0.254143 0.299624 0.446233
28893 0.168144 0.676529 0.155327
6065 0.435822 0.306880 0.257297
8928 0.173314 0.762989 0.063697
41064 0.519359 0.123526 0.357115
49729 0.605100 0.085800 0.309100
3000 0.617292 0.014954 0.367755
38889 0.300725 0.327020 0.372254
395 0.536689 0.372965 0.090346
25494 0.771161 0.072166 0.156673
27510 0.470909 0.162069 0.367022
4555 0.000846 0.376088 0.623066
42451 0.565789 0.368204 0.066007
3861 0.190754 0.190680 0.618566
32968 0.485973 0.007977 0.506050
9943 0.781764 0.046821 0.171415
39056 0.256761 0.238533 0.504706
26286 0.486735 0.098798 0.414467
38030 0.061179 0.507292 0.431529
34076 0.507378 0.176384 0.316238
1278 0.552163 0.245190 0.202647
11835 0.270097 0.713080 0.016823
2671 0.075914 0.731971 0.192116
3964 0.415419 0.105201 0.479380
4072 0.437932 0.073254 0.488814
33907 0.199810 0.234027 0.566163
44409 0.046277 0.040108 0.913615
35037 0.061473 0.266083 0.672443
39671 0.708741 0.128423 0.162836
33222 0.478391 0.416285 0.105324
1767 0.311062 0.097433 0.591505
43050 0.448690 0.033348 0.517962
1919 0.478860 0.233120 0.288020
40322 0.275979 0.607794 0.116227
50251 0.243243 0.648317 0.108440
10991 0.389563 0.092251 0.518186
29121 0.000125 0.998772 0.001103
45271 0.575835 0.128569 0.295596
27631 0.481392 0.392502 0.126106
33772 0.264700 0.460963 0.274337
49977 0.757289 0.169273 0.073438
33090 0.414762 0.366270 0.218967
36542 0.077176 0.261136 0.661688
244 0.221717 0.229254 0.549030
36416 0.341452 0.152632 0.505916
33140 0.000872 0.039277 0.959851
2960 0.910626 0.067486 0.021888
11835 0.306015 0.156265 0.537721
83 0.162180 0.025114 0.812706
43810 0.711715 0.023472 0.264812
28095 0.078723 0.639228 0.282049
45825 0.618261 0.218836 0.162903
3542 0.012542 0.631599 0.355859
45856 0.346261 0.298970 0.354769
50079 0.172884 0.447309 0.379807
5983 0.076071 0.918706 0.005222
32723 0.042454 0.928975 0.028571
3204 0.404526 0.293887 0.301587
46255 0.672271 0.275939 0.051790
5749 0.700952 0.104608 0.194439
39152 0.404708 0.530673 0.064619
2811 0.620616 0.173896 0.205487
20085 0.125310 0.402282 0.472408
40259 0.289179 0.011510 0.699311
32751 0.645624 0.261274 0.093102
38427 0.697147 0.191687 0.111166
30439 0.487785 0.245846 0.266369
43487 0.739595 0.253911 0.006494
33195 0.356073 0.054550 0.589376
1133 0.447785 0.205764 0.346451
27189 0.015740 0.864018 0.120243
46161 0.209777 0.638276 0.151948
41092 0.626286 0.062891 0.310823
33865 0.154749 0.480003 0.365248
27346 0.675720 0.075639 0.248642
39724 0.866047 0.087793 0.046160
2113 0.580019 0.002977 0.417004
44683 0.283589 0.177879 0.538532
3843 0.470901 0.365008 0.164091
3818 0.231713 0.116168 0.652119
44360 0.083166 0.017197 0.899636
37296 0.371303 0.125580 0.503117
17948 0.221640 0.132299 0.646061
171 0.061489 0.467571 0.470940
3076 0.199014 0.727690 0.073296
48410 0.403276 0.299344 0.297380
6212 0.048088 0.692944 0.258968
4099 0.567425 0.016714 0.415861
8456 0.283706 0.362028 0.354266
26746 0.259726 0.146770 0.593503
4262 0.025422 0.927753 0.046826
38582 0.327081 0.071894 0.601025
5807 0.075258 0.395345 0.529397
27582 0.132426 0.252313 0.615261
42583 0.519698 0.356289 0.124013
36405 0.215203 0.065173 0.719623
41370 0.340861 0.503382 0.155757
44291 0.124652 0.855716 0.019633
311 0.737798 0.110198 0.152003
2275 0.489795 0.337642 0.172563
32168 0.889256 0.074923 0.035821
32917 0.011271 0.004694 0.984035
7345 0.054383 0.604848 0.340769
26491 0.437350 0.200653 0.361997
9976 0.198859 0.153661 0.647481
6305 0.391769 0.255637 0.352594
2012 0.100057 0.047329 0.852614
7368 0.933347 0.053406 0.013247
1668 0.482130 0.226686 0.291184
7508 0.732611 0.025021 0.242368
50032 0.208215 0.635264 0.156521
23485 0.440722 0.335299 0.223979
6587 0.899238 0.004878 0.095884
34610 0.412922 0.031892 0.555186
9407 0.278456 0.005600 0.715943
38690 0.041425 0.655224 0.303351
969 0.126457 0.101729 0.771814
10299 0.386616 0.325466 0.287918
4399 0.761532 0.025952 0.212516
1186 0.388476 0.339717 0.271807
27466 0.258745 0.710044 0.031212
30399 0.431884 0.417604 0.150512
8417 0.600164 0.213810 0.186026
907 0.505766 0.233344 0.260890
43061 0.080525 0.267479 0.651997
44776 0.034780 0.367583 0.597636
34089 0.109094 0.699596 0.191310
26286 0.380170 0.599410 0.020420
34075 0.692383 0.100222 0.207395
27118 0.255684 0.696104 0.048211
22125 0.103891 0.232319 0.663790
3402 0.674809 0.122897 0.202294
38386 0.170655 0.055968 0.773377
7838 0.141555 0.469807 0.388638
34393 0.308343 0.029491 0.662167
10272 0.511964 0.269283 0.218753
15027 0.278663 0.200696 0.520641
3525 0.396255 0.254632 0.349113
44977 0.943537 0.010217 0.046245
50128 0.565211 0.361331 0.073458
8562 0.413927 0.090980 0.495093
3562 0.037717 0.303073 0.659210
38957 0.039650 0.170954 0.789396
34944 0.053496 0.755596 0.190908
38609 0.621529 0.289683 0.088788
1779 0.627011 0.119488 0.253501
28213 0.083290 0.342494 0.574216
39539 0.733587 0.082632 0.183781
45220 0.414800 0.299611 0.285589
35637 0.666429 0.127569 0.206002
737 0.447741 0.269706 0.282553
28202 0.246874 0.507959 0.245168
5420 0.014071 0.844679 0.141250
14852 0.450080 0.219510 0.330410
37427 0.085737 0.324522 0.589741
27469 0.006099 0.782404 0.211497
27939 0.161337 0.651109 0.187554
39635 0.569583 0.039142 0.391276
33731 0.118354 0.037440 0.844206
26315 0.123801 0.637320 0.238879
38236 0.413029 0.586971 0.000000
8719 0.588856 0.091975 0.319169
45004 0.527709 0.195703 0.276588
43112 0.433810 0.453702 0.112488
39537 0.499096 0.065932 0.434971
26308 0.278755 0.630991 0.090255
39056 0.529053 0.436217 0.034730
12602 0.211579 0.393365 0.395057
43750 0.534106 0.000000 0.465894
34458 0.447258 0.110776 0.441966
33170 0.003181 0.510002 0.486817
2693 0.340642 0.171067 0.488291
1870 0.234390 0.449441 0.316169
2916 0.237099 0.080954 0.681948
39963 0.123690 0.682857 0.193453
47890 0.210792 0.185675 0.603533
9532 0.277151 0.017855 0.704994
34075 0.246762 0.265151 0.488088
45090 0.102905 0.621284 0.275811
38544 0.497889 0.398216 0.103895
706 0.153452 0.818372 0.028177
2053 0.351142 0.240010 0.408848
23803 0.081698 0.738672 0.179630
26906 0.105704 0.285014 0.609283
3375 0.033881 0.318898 0.647222
39902 0.641716 0.068861 0.289422
3885 0.628810 0.293797 0.077393
431 0.745585 0.228644 0.025771
5075 0.355734 0.604684 0.039582
38908 0.873795 0.101766 0.024439
24393 0.013759 0.259897 0.726345
4516 0.395432 0.309788 0.294780
10073 0.437786 0.552087 0.010126
561 0.098757 0.011123 0.890120
3030 0.165651 0.485430 0.348919
38587 0.495525 0.044123 0.460352
36424 0.073800 0.652304 0.273895
11202 0.076241 0.304174 0.619585
3394 0.304080 0.193135 0.502785
30250 0.396618 0.158359 0.445022
4565 0.020645 0.221609 0.757745
46954 0.299404 0.700596 0.000000
26320 0.351550 0.617745 0.030706
24379 0.000000 0.905725 0.094275
9014 0.649718 0.184188 0.166094
38567 0.230864 0.216833 0.552304
34596 0.333684 0.000000 0.666316
11683 0.508579 0.386263 0.105158
4096 0.717488 0.178209 0.104303
36097 0.348867 0.143263 0.507870
27913 0.200598 0.306058 0.493344
10004 0.117523 0.305812 0.576666
45319 0.581716 0.293086 0.125198
3804 0.640789 0.049344 0.309867
44407 0.251764 0.310661 0.437574
4072 0.018061 0.823819 0.158120
8256 0.199265 0.031318 0.769417
38313 0.547852 0.034965 0.417184
36568 0.371864 0.500435 0.127701
48657 0.792851 0.067095 0.140054
8578 0.603699 0.382516 0.013785
33940 0.123504 0.797046 0.079449
41219 0.236130 0.435071 0.328799
45152 0.115940 0.073375 0.810685
48422 0.474837 0.088273 0.436890
44241 0.446824 0.259969 0.293206
27021 0.325308 0.408793 0.265898
1952 0.157304 0.225434 0.617261
3833 0.334673 0.062491 0.602835
24353 0.739351 0.003688 0.256960
13266 0.670793 0.211912 0.117295
872 0.929991 0.051642 0.018366
40504 0.176290 0.059155 0.764555
8024 0.405739 0.566149 0.028112
33649 0.034883 0.891811 0.073307
39600 0.340207 0.519570 0.140224
46101 0.609688 0.185837 0.204476
39365 0.673161 0.081328 0.245511
38489 0.284747 0.184935 0.530319
43413 0.793657 0.018723 0.187619
33204 0.030911 0.066748 0.902341
40086 0.029281 0.722777 0.247942
44534 0.369223 0.309807 0.320970
2299 0.022555 0.944192 0.033253
38793 0.157575 0.053358 0.789067
32130 0.055052 0.454641 0.490307
13719 0.360135 0.270352 0.369513
9987 0.332391 0.499309 0.168300
44175 0.647152 0.254544 0.098305
36017 0.367308 0.155521 0.477170
23670 0.230568 0.143520 0.625912
11951 0.367466 0.107910 0.524624
27461 0.149589 0.814615 0.035796
46918 0.682780 0.314078 0.003142
8923 0.445377 0.358245 0.196377
3478 0.124610 0.819495 0.055895
218 0.096302 0.017493 0.886205
27698 0.541207 0.272034 0.186760
45921 0.275249 0.660959 0.063792
39303 0.570487 0.278574 0.150939
44350 0.345713 0.514802 0.139485
41103 0.123895 0.439687 0.436418
44260 0.328719 0.047778 0.623502
2860 0.529361 0.383484 0.087155
2032 0.256408 0.017629 0.725962
50278 0.478601 0.137554 0.383845
27982 0.598034 0.006833 0.395132
5927 0.495862 0.122296 0.381842
4084 0.114212 0.153098 0.732690
4708 0.296988 0.444104 0.258908
9485 0.085091 0.121031 0.793878
44546 0.157523 0.607174 0.235303
40381 0.091112 0.529279 0.379609
1841 0.784668 0.156054 0.059278
9835 0.403256 0.182775 0.413969
48320 0.182519 0.480352 0.337129
632 0.320333 0.224496 0.455171
5870 0.466455 0.249620 0.283925
16895 0.337475 0.226092 0.436432
2140 0.186726 0.522277 0.290997
1137 0.005617 0.469396 0.524987
44781 0.000957 0.690893 0.308150
50506 0.112973 0.292856 0.594171
6743 0.198927 0.718786 0.082287
11166 0.327427 0.182939 0.489633
11477 0.466625 0.425925 0.107449
1916 0.626821 0.052830 0.320349
33581 0.565016 0.069370 0.365614
15025 0.414959 0.278341 0.306701
12618 0.513496 0.034326 0.452178
7732 0.369835 0.154876 0.475288
27938 0.099322 0.463041 0.437637
5677 0.165672 0.722364 0.111965
27455 0.080672 0.246442 0.672886
50403 0.286847 0.000000 0.713153
6265 0.009035 0.499456 0.491510
22357 0.212823 0.244322 0.542855
13301 0.007963 0.432883 0.559154
28189 0.272904 0.104346 0.622750
38505 0.116854 0.270645 0.612501
26597 0.038273 0.313582 0.648146
4974 0.181876 0.064197 0.753927
9195 0.000000 0.635405 0.364595
27426 0.514538 0.105112 0.380350
28975 0.747211 0.047713 0.205076
41343 0.879670 0.086105 0.034225
41306 0.166311 0.720976 0.112713
35583 0.198184 0.280854 0.520962
44544 0.107650 0.150851 0.741499
9780 0.729581 0.001652 0.268767
177 0.098956 0.262000 0.639044
50020 0.384918 0.174696 0.440386
6077 0.403875 0.392148 0.203978
25072 0.955123 0.000000 0.044877
657 0.529860 0.079297 0.390843
15019 0.506246 0.345644 0.148110
9250 0.377226 0.277876 0.344898
45411 0.255115 0.630356 0.114530
24923 0.390873 0.469193 0.139934
9214 0.308092 0.090685 0.601222
13380 0.219930 0.246772 0.533298
6831 0.124373 0.497677 0.377950
40147 0.130372 0.759742 0.109886
44154 0.567715 0.222179 0.210106
21533 0.367692 0.313250 0.319058
31383 0.193598 0.075689 0.730713
27929 0.653453 0.117525 0.229022
24379 0.025977 0.605590 0.368432
38427 0.416599 0.510432 0.072969
44743 0.164144 0.562877 0.272979
33088 0.142485 0.669278 0.188237
45931 0.620189 0.029142 0.350670
94 0.351305 0.039102 0.609594
8009 0.279324 0.211652 0.509024
30722 0.038910 0.925407 0.035683
45199 0.107955 0.475148 0.416897
2653 0.348786 0.153999 0.497215
7921 0.495832 0.382548 0.121620
44843 0.505217 0.207553 0.287230
38714 0.256050 0.548138 0.195812
24988 0.330646 0.432452 0.236901
35413 0.052625 0.925410 0.021965
131 0.231429 0.389263 0.379308
49161 0.418658 0.293658 0.287684
23446 0.485841 0.065035 0.449124
4932 0.679059 0.281765 0.039176
47829 0.230798 0.529066 0.240135
2427 0.558090 0.101307 0.340603
625 0.530998 0.466462 0.002540
6261 0.792479 0.103537 0.103984
45761 0.094080 0.857473 0.048447
2499 0.536005 0.179276 0.284719
29672 0.187406 0.753717 0.058878
38131 0.664765 0.193612 0.141623
8277 0.023140 0.424320 0.552541
40248 0.036387 0.103822 0.859790
25112 0.084489 0.488949 0.426561
408 0.286863 0.087048 0.626089
47622 0.207535 0.216937 0.575529
10509 0.107690 0.545265 0.347045
12525 0.040301 0.165418 0.794281
36608 0.532868 0.210710 0.256422
38760 0.156757 0.654773 0.188471
50429 0.426674 0.302985 0.270342
670 0.245196 0.443570 0.311234
41035 0.618314 0.338980 0.042706
50281 0.613717 0.062765 0.323518
3325 0.122871 0.595444 0.281685
26386 0.081794 0.899252 0.018954
5981 0.680006 0.155687 0.164308
40429 0.253527 0.634386 0.112086
13801 0.378139 0.184554 0.437307
41191 0.048472 0.746023 0.205505
6629 0.085772 0.282313 0.631915
23543 0.388758 0.180406 0.430836
1307 0.083090 0.139352 0.777558
27221 0.318058 0.132424 0.549518
47310 0.072659 0.350270 0.577071
11496 0.052836 0.044410 0.902754
42611 0.157586 0.183640 0.658774
47879 0.485655 0.234352 0.279993
8074 0.064040 0.052795 0.883165
27413 0.065951 0.918839 0.015210
46100 0.107288 0.148218 0.744493
4071 0.583952 0.021633 0.394415
26308 0.341361 0.116135 0.542504
1307 0.361013 0.522815 0.116172
28196 0.329269 0.252080 0.418651
40324 0.560463 0.252876 0.186660
23059 0.759999 0.212088 0.027912
44420 0.772164 0.212462 0.015374
33383 0.665149 0.257506 0.077345
42251 0.184090 0.482502 0.333408
2483 0.441609 0.358069 0.200322
3018 0.116213 0.854259 0.029528
32962 0.300097 0.609865 0.090038
13308 0.079473 0.830546 0.089981
2202 0.868038 0.006663 0.125300
2415 0.721907 0.006271 0.271822
34147 0.176999 0.143560 0.679441
23405 0.062491 0.346626 0.590883
5790 0.472874 0.141287 0.385839
9970 0.300897 0.114906 0.584197
50522 0.132475 0.215828 0.651697
28416 0.214407 0.400828 0.384765
38889 0.102362 0.799062 0.098576
4352 0.696808 0.288055 0.015137
4484 0.090846 0.239103 0.670051
3154 0.145601 0.511913 0.342486
38334 0.583457 0.302675 0.113868
1547 0.399323 0.498277 0.102400
12624 0.371423 0.132312 0.496265
27862 0.271017 0.459616 0.269367
30417 0.365671 0.201420 0.432909
10332 0.114004 0.066052 0.819944
37624 0.080171 0.319637 0.600192
27424 0.265492 0.350740 0.383767
2655 0.371916 0.094070 0.534013
44117 0.926797 0.054062 0.019141
3873 0.255210 0.148678 0.596112
41137 0.777995 0.131758 0.090246
33317 0.170475 0.046885 0.782639
1096 0.111535 0.157652 0.730813
45038 0.493602 0.426661 0.079737
45812 0.371178 0.619978 0.008844
26228 0.271773 0.429150 0.299077
44354 0.595813 0.119453 0.284734
3592 0.241253 0.091039 0.667708
44522 0.162756 0.647056 0.190188
50438 0.044682 0.162174 0.793144
3068 0.634985 0.256754 0.108261
10955 0.185547 0.665298 0.149155
46529 0.043013 0.697227 0.259760
27746 0.312805 0.678439 0.008756
50429 0.244540 0.094651 0.660809
27695 0.584699 0.173935 0.241366
4246 0.261033 0.003257 0.735710
27050 0.076928 0.171743 0.751329
6284 0.555117 0.357819 0.087064
2649 0.911894 0.056597 0.031508
10337 0.073416 0.754865 0.171719
38069 0.447779 0.419233 0.132988
33414 0.090370 0.029134 0.880496
2884 0.139199 0.550249 0.310552
39794 0.744766 0.027424 0.227810
37193 0.891223 0.044241 0.064536
39805 0.079762 0.234085 0.686153
2094 0.170970 0.325286 0.503744
47107 0.479847 0.423414 0.096739
44545 0.128711 0.575906 0.295384
8315 0.394785 0.020908 0.584307
44529 0.564590 0.221921 0.213488
34338 0.081783 0.825685 0.092532
5085 0.201268 0.488689 0.310043
9362 0.046560 0.258767 0.694673
20410 0.343288 0.234714 0.421998
3256 0.298353 0.385974 0.315673
44211 0.293525 0.014377 0.692099
33103 0.533303 0.183299 0.283398
50320 0.147563 0.793659 0.058778
38726 0.169544 0.351301 0.479155
569 0.384551 0.065861 0.549589
9798 0.073901 0.041945 0.884154
23965 0.050356 0.637115 0.312529
6070 0.690810 0.300021 0.009170
13477 0.334142 0.317844 0.348013
3278 0.164757 0.691873 0.143370
39702 0.214368 0.328081 0.457551
26371 0.056410 0.274136 0.669454
32567 0.447108 0.158765 0.394127
40423 0.209685 0.442502 0.347814
42954 0.090928 0.208765 0.700308
33160 0.171719 0.146769 0.681512
5503 0.444193 0.268944 0.286863
28203 0.362470 0.080483 0.557047
28387 0.298199 0.517725 0.184076
48703 0.408046 0.059906 0.532049
38580 0.369044 0.418275 0.212681
6953 0.559207 0.052933 0.387860
33318 0.804479 0.023165 0.172356
28186 0.136858 0.536381 0.326761
4931 0.455071 0.162330 0.382599
40655 0.521573 0.295790 0.182637
2269 0.281299 0.636707 0.081994
32433 0.013782 0.110378 0.875840
115 0.295188 0.623183 0.081629
10299 0.419173 0.000000 0.580827
42605 0.588556 0.267391 0.144053
27738 0.125188 0.687837 0.186975
5925 0.187864 0.455043 0.357092
6468 0.480400 0.347880 0.171720
6131 0.444484 0.532157 0.023360
2602 0.352777 0.280994 0.366229
2253 0.641795 0.330268 0.027937
34851 0.216195 0.330343 0.453462
44772 0.400711 0.374088 0.225201
50466 0.000000 0.489216 0.510784
29074 0.001701 0.077682 0.920617
7935 0.182216 0.106839 0.710944
38159 0.279103 0.419838 0.301059
20426 0.402108 0.227818 0.370074
43509 0.119733 0.279147 0.601120
32492 0.502112 0.334189 0.163699
26948 0.391719 0.512120 0.096162
41366 0.049633 0.455672 0.494694
170 0.206564 0.351857 0.441579
5065 0.323054 0.227846 0.449099
3436 0.577895 0.184655 0.237450
3791 0.475382 0.503741 0.020878
30523 0.415334 0.416170 0.168496
10432 0.128943 0.175760 0.695296
39248 0.767424 0.174879 0.057697
40678 0.540769 0.407606 0.051625
733 0.149037 0.595741 0.255223
3636 0.194225 0.236669 0.569106
30413 0.158772 0.118524 0.722704
27737 0.162264 0.700837 0.136899
6902 0.054268 0.585308 0.360425
36321 0.416226 0.303155 0.280619
9297 0.811978 0.051190 0.136831
3781 0.325292 0.649083 0.025625
27188 0.279847 0.710979 0.009174
43355 0.402444 0.395386 0.202171
22630 0.022498 0.556612 0.420890
27474 0.194586 0.465294 0.340121
24843 0.112409 0.647554 0.240037
45624 0.058679 0.700425 0.240896
46886 0.655780 0.035688 0.308532
5954 0.043846 0.473509 0.482645
40595 0.496190 0.097555 0.406255
36380 0.360912 0.416771 0.222318
36409 0.224915 0.740093 0.034992
10283 0.052581 0.536502 0.410917
13826 0.300425 0.074282 0.625293
4069 0.172842 0.707225 0.119933
33811 0.696978 0.239441 0.063581
32683 0.539925 0.420701 0.039374
8630 0.519264 0.477587 0.003150
9439 0.002109 0.454563 0.543328
39321 0.012528 0.355763 0.631709
32328 0.376471 0.356866 0.266663
9610 0.427734 0.273819 0.298447
27943 0.250577 0.215056 0.534367
46157 0.017548 0.228554 0.753899
8186 0.603553 0.047578 0.348868
49969 0.183962 0.071009 0.745029
28937 0.515880 0.076928 0.407192
38508 0.289245 0.175664 0.535091
3645 0.025897 0.946905 0.027198
39084 0.674325 0.185555 0.140120
28667 0.807826 0.023616 0.168558
7147 0.228939 0.266956 0.504105
4469 0.038969 0.201945 0.759085
7801 0.073209 0.002248 0.924543
50093 0.261710 0.032337 0.705953
22403 0.207426 0.686101 0.106473
50107 0.618603 0.057590 0.323808
12637 0.457238 0.245860 0.296903
7077 0.181323 0.731508 0.087169
260 0.128918 0.366224 0.504857
13780 0.273802 0.583431 0.142767
6512 0.012027 0.176151 0.811822
4338 0.735284 0.072039 0.192677
6078 0.712033 0.128818 0.159149
28195 0.335811 0.486381 0.177809
39473 0.176077 0.673910 0.150013
28315 0.250952 0.138417 0.610630
6334 0.790422 0.178199 0.031379
842 0.043401 0.461207 0.495392
37325 0.280613 0.128616 0.590771
35447 0.025591 0.109117 0.865292
3916 0.316256 0.646784 0.036961
2075 0.697475 0.072040 0.230485
28382 0.106918 0.725012 0.168070
11738 0.508386 0.156957 0.334657
5732 0.216424 0.710538 0.073039
8893 0.086392 0.570375 0.343233
2605 0.518492 0.293020 0.188488
16905 0.100908 0.558255 0.340837
209 0.769594 0.107452 0.122954
33986 0.203392 0.156734 0.639874
38750 0.053860 0.153008 0.793132
47230 0.112307 0.241388 0.646304
44629 0.159506 0.105961 0.734533
11352 0.008751 0.177084 0.814165
42340 0.248373 0.669273 0.082354
6819 0.260538 0.661008 0.078454
45288 0.133078 0.831265 0.035657
38332 0.730395 0.139773 0.129832
8770 0.139998 0.026492 0.833510
7217 0.515143 0.190325 0.294532
5416 0.025078 0.731653 0.243270
48418 0.088599 0.410088 0.501313
50197 0.196666 0.144557 0.658777
50395 0.571436 0.410554 0.018010
8437 0.065683 0.574268 0.360049
7810 0.073261 0.523098 0.403641
39079 0.025194 0.019274 0.955531
34714 0.150221 0.671988 0.177791
8282 0.145598 0.699095 0.155307
4227 0.019293 0.275458 0.705249
6490 0.290398 0.348117 0.361485
9785 0.464941 0.522138 0.012921
46346 0.018882 0.776757 0.204361
46079 0.674941 0.037014 0.288045
39002 0.081674 0.426026 0.492301
1839 0.002992 0.667535 0.329473
37773 0.080686 0.600179 0.319135
3710 0.713037 0.054258 0.232706
10586 0.567463 0.293233 0.139304
10394 0.022420 0.414050 0.563530
49941 0.747281 0.054807 0.197912
218 0.078063 0.396881 0.525055
12597 0.068684 0.913139 0.018177
4234 0.645615 0.296558 0.057828
26694 0.740477 0.153652 0.105871
41330 0.048824 0.653692 0.297485
1042 0.692403 0.024387 0.283210
45171 0.347634 0.589602 0.062764
32260 0.290108 0.169871 0.540022
11345 0.696664 0.108773 0.194564
2100 0.369907 0.611693 0.018399
33269 0.155390 0.028502 0.816108
40542 0.010056 0.017741 0.972203
50298 0.698031 0.085844 0.216125
12545 0.021561 0.904580 0.073859
47557 0.768567 0.199541 0.031892
8007 0.187112 0.551458 0.261430
17794 0.619010 0.298864 0.082126
1299 0.740874 0.089631 0.169495
4519 0.349581 0.483102 0.167317
10264 0.472562 0.288840 0.238598
36823 0.197182 0.238878 0.563940
33387 0.031926 0.283338 0.684735
45645 0.763957 0.127787 0.108256
1884 0.285728 0.471642 0.242630
39546 0.476211 0.007371 0.516419
3622 0.533066 0.245693 0.221240
44219 0.235758 0.373412 0.390830
20388 0.051728 0.859722 0.088550
8913 0.761671 0.060061 0.178268
6203 0.429547 0.425062 0.145390
42869 0.274023 0.432615 0.293361
2205 0.087038 0.277335 0.635627
22061 0.043398 0.469928 0.486673
39362 0.805111 0.126475 0.068414
17106 0.239456 0.111685 0.648858
11373 0.210627 0.004908 0.784465
39088 0.006686 0.624109 0.369205
33122 0.254538 0.636006 0.109457
2625 0.242467 0.718522 0.039011
33996 0.026472 0.318295 0.655233
2698 0.334071 0.537370 0.128559
39822 0.045966 0.495736 0.458298
50359 0.213206 0.150407 0.636387
36634 0.446442 0.137172 0.416386
1092 0.128826 0.565685 0.305488
3840 0.893357 0.052851 0.053792
39597 0.128815 0.004398 0.866787
45015 0.546243 0.254181 0.199577
1079 0.791707 0.163316 0.044977
34996 0.231786 0.131778 0.636436
37231 0.261900 0.617641 0.120459
50474 0.084818 0.216202 0.698981
5148 0.721523 0.102898 0.175579
26277 0.729895 0.097521 0.172584
38122 0.167149 0.162970 0.669880
1103 0.010226 0.114240 0.875534
41209 0.233223 0.374895 0.391882
30536 0.527459 0.287761 0.184781
24370 0.053957 0.418201 0.527842
33411 0.091768 0.521092 0.387141
25114 0.004463 0.089687 0.905850
50328 0.342300 0.357949 0.299751
3291 0.205613 0.056994 0.737393
10494 0.395142 0.284742 0.320116
36326 0.376946 0.124381 0.498673
46656 0.919853 0.019822 0.060325
34194 0.430114 0.546317 0.023569
6244 0.240762 0.217407 0.541831
43445 0.050906 0.046491 0.902603
3980 0.191444 0.717300 0.091256
44804 0.320063 0.524316 0.155621
25034 0.176988 0.271887 0.551125
9842 0.435113 0.083052 0.481835
9103 0.003860 0.550546 0.445595
23481 0.657299 0.210947 0.131753
8765 0.086341 0.557411 0.356248
36577 0.169497 0.623369 0.207135
27983 0.553891 0.011345 0.434764
14864 0.008309 0.148647 0.843044
50356 0.783172 0.140168 0.076660
44774 0.699032 0.106498 0.194470
23270 0.067608 0.606829 0.325563
3527 0.277757 0.060563 0.661680
18077 0.172567 0.789013 0.038420
43673 0.669041 0.270890 0.060069
50417 0.533873 0.146180 0.319947
4432 0.413338 0.069851 0.516811
33927 0.315829 0.591367 0.092804
48321 0.567844 0.276404 0.155753
2030 0.607067 0.266910 0.126022
2235 0.466082 0.115060 0.418858
23160 0.040081 0.490441 0.469478
38118 0.040487 0.848748 0.110765
26292 0.273081 0.469043 0.257876
24447 0.104517 0.554092 0.341391
1819 0.026152 0.148911 0.824937
786 0.183600 0.608965 0.207436
25116 0.003599 0.243642 0.752759
35815 0.014722 0.505056 0.480222
1081 0.436825 0.318652 0.244523
11707 0.165652 0.406771 0.427576
3264 0.541177 0.042479 0.416344
1245 0.797471 0.107995 0.094534
23770 0.328886 0.122842 0.548272
7160 0.341457 0.308424 0.350119
50068 0.128778 0.077286 0.793936
44505 0.697281 0.244785 0.057934
3372 0.048036 0.908748 0.043216
6710 0.093869 0.714819 0.191312
41878 0.235551 0.272354 0.492095
45293 0.713233 0.173035 0.113732
32096 0.462980 0.114282 0.422738
32309 0.376427 0.603240 0.020333
46632 0.005459 0.202483 0.792058
38759 0.188200 0.438761 0.373040
47699 0.084865 0.208654 0.706481
41872 0.096579 0.600420 0.303002
1329 0.601954 0.066257 0.331789
23642 0.463519 0.099024 0.437457
25749 0.443386 0.419625 0.136989
36992 0.506349 0.310417 0.183234
2201 0.506620 0.455099 0.038281
27881 0.543442 0.024835 0.431723
24936 0.671010 0.229576 0.099414
32353 0.748625 0.085011 0.166364
3252 0.247844 0.550235 0.201920
38445 0.554251 0.296957 0.148791
47171 0.002022 0.719966 0.278012
33074 0.295355 0.218535 0.486110
33341 0.038457 0.863340 0.098204
50198 0.053558 0.761873 0.184570
2881 0.246176 0.430329 0.323495
33215 0.105502 0.090019 0.804479
50328 0.095604 0.470117 0.434279
805 0.993720 0.003528 0.002752
1932 0.122412 0.031576 0.846013
33880 0.297493 0.577228 0.125279
43 0.599560 0.396890 0.003550
2905 0.021948 0.161614 0.816438
44659 0.187871 0.789134 0.022995
302 0.267795 0.115319 0.616886
28271 0.708199 0.261070 0.030731
39977 0.340445 0.473199 0.186357
211 0.395755 0.180368 0.423877
46213 0.666049 0.265943 0.068008
159 0.118340 0.525908 0.355752
2351 0.484368 0.439244 0.076388
33345 0.124202 0.635691 0.240107
44482 0.264433 0.684194 0.051373
36264 0.485081 0.436847 0.078072
5252 0.427705 0.264923 0.307372
49677 0.160926 0.513422 0.325653
32848 0.305540 0.189904 0.504557
36225 0.680338 0.106293 0.213368
39178 0.623739 0.118596 0.257665
38948 0.230586 0.400885 0.368529
27574 0.258634 0.571794 0.169573
42147 0.700711 0.284210 0.015079
32955 0.622726 0.364172 0.013102
26956 0.069005 0.669853 0.261142
1373 0.171564 0.766171 0.062265
49170 0.724817 0.266263 0.008919
42629 0.609824 0.384776 0.005400
10300 0.363019 0.000000 0.636981
5353 0.436048 0.101664 0.462289
27980 0.345723 0.486636 0.167641
33169 0.467241 0.133561 0.399198
40558 0.026393 0.599548 0.374059
33436 0.060233 0.906978 0.032789
33552 0.108400 0.136428 0.755172
1044 0.119023 0.050162 0.830815
23974 0.077592 0.078203 0.844205
9275 0.187230 0.641646 0.171124
35641 0.703705 0.173599 0.122696
44591 0.476460 0.205413 0.318127
34298 0.097533 0.323958 0.578509
32506 0.352612 0.181614 0.465774
27765 0.515832 0.204161 0.280007
36290 0.138611 0.346780 0.514609
14977 0.239567 0.164648 0.595786
35197 0.056265 0.568741 0.374994
22085 0.118961 0.198642 0.682398
34859 0.671139 0.253222 0.075639
7101 0.114459 0.268680 0.616862
50341 0.018547 0.664406 0.317047
10281 0.167121 0.475820 0.357059
34551 0.118298 0.724546 0.157156
47252 0.336649 0.052166 0.611185
10373 0.157104 0.408408 0.434488
1981 0.121532 0.692102 0.186367
32780 0.227793 0.439531 0.332675
38274 0.456044 0.403785 0.140171
2903 0.060037 0.864124 0.075839
27266 0.339068 0.612876 0.048056
9991 0.079931 0.663207 0.256862
50439 0.432236 0.133379 0.434385
38249 0.000000 0.418155 0.581845
43476 0.534159 0.140607 0.325234
44578 0.085664 0.103693 0.810643
27669 0.511055 0.270550 0.218395
43400 0.397012 0.566508 0.036480
28077 0.232273 0.462825 0.304902
33177 0.390385 0.182218 0.427397
32978 0.299226 0.618936 0.081839
9846 0.529957 0.306913 0.163130
3786 0.609184 0.050369 0.340448
28103 0.283286 0.256043 0.460671
6132 0.415733 0.253444 0.330823
46894 0.469171 0.236668 0.294161
44724 0.224663 0.591061 0.184275
26429 0.368949 0.193419 0.437632
1224 0.242820 0.406664 0.350516
5423 0.611666 0.141365 0.246969
42786 0.004479 0.695930 0.299591
1089 0.668114 0.279364 0.052523
23041 0.263405 0.633636 0.102959
524 0.025977 0.530400 0.443624
24313 0.172114 0.554851 0.273035
28197 0.403505 0.284627 0.311868
28203 0.715648 0.187961 0.096391
21746 0.782516 0.217484 0.000000
30112 0.668487 0.260246 0.071267
48380 0.594602 0.326096 0.079301
22631 0.678722 0.149687 0.171591
26548 0.004677 0.608025 0.387298
33313 0.241882 0.049044 0.709075
5809 0.545837 0.241027 0.213137
3180 0.255189 0.559498 0.185312
33740 0.038586 0.173094 0.788320
2687 0.226532 0.083054 0.690414
40633 0.362027 0.125268 0.512705
45574 0.321025 0.233929 0.445046
47228 0.623565 0.241064 0.135371
11985 0.024494 0.687367 0.288140
40173 0.747355 0.072330 0.180316
27344 0.398303 0.070455 0.531242
48681 0.306030 0.654509 0.039460
9005 0.645596 0.316002 0.038402
28262 0.640081 0.125331 0.234588
3328 0.128365 0.490050 0.381585
45277 0.837924 0.021825 0.140251
45638 0.552833 0.122325 0.324842
6193 0.027458 0.389816 0.582725
38344 0.066405 0.686570 0.247024
37218 0.247774 0.054278 0.697948
34051 0.000000 0.453409 0.546591
47313 0.347283 0.480673 0.172044
6083 0.007426 0.981594 0.010980
10053 0.400369 0.117107 0.482524
28587 0.495507 0.468221 0.036271
40842 0.202269 0.749377 0.048353
8831 0.054542 0.107939 0.837520
36466 0.216679 0.154707 0.628615
5975 0.531071 0.274642 0.194288
47461 0.086837 0.296830 0.616333
3856 0.477393 0.303571 0.219036
38034 0.294313 0.518813 0.186873
17831 0.736642 0.255080 0.008279
46828 0.252660 0.166011 0.581329
19403 0.051894 0.525952 0.422153
3758 0.286574 0.098615 0.614811
44736 0.183827 0.670293 0.145880
33374 0.237844 0.341788 0.420367
27108 0.039010 0.807707 0.153283
3339 0.346448 0.169694 0.483858
178 0.127620 0.146251 0.726129
34133 0.291331 0.327137 0.381532
37185 0.196839 0.385141 0.418021
50514 0.605293 0.388682 0.006025
44339 0.623364 0.338188 0.038448
41362 0.110128 0.792496 0.097376
2995 0.064670 0.583974 0.351356
43640 0.158558 0.065784 0.775658
32118 0.679391 0.256836 0.063772
38828 0.431510 0.315226 0.253264
29180 0.305312 0.413525 0.281163
5928 0.331281 0.509733 0.158986
5765 0.256664 0.542047 0.201288
40798 0.093338 0.008387 0.898274
3969 0.099197 0.762261 0.138541
50117 0.187769 0.599463 0.212769
38699 0.344535 0.455523 0.199943
1508 0.424774 0.242335 0.332891
41739 0.299365 0.349932 0.350703
6922 0.429113 0.497644 0.073243
46843 0.195316 0.119245 0.685439
9425 0.079348 0.389981 0.530670
33831 0.106621 0.125561 0.767818
29667 0.019968 0.476826 0.503206
2107 0.338290 0.405935 0.255775
8020 0.597041 0.196114 0.206845
36350 0.157113 0.597228 0.245660
3790 0.745607 0.191388 0.063004
36856 0.365743 0.180106 0.454151
43120 0.897048 0.059469 0.043483
32380 0.430470 0.432742 0.136788
8205 0.275570 0.575266 0.149164
1835 0.090279 0.701379 0.208342
12990 0.901724 0.003548 0.094727
6951 0.232675 0.327030 0.440295
3363 0.808989 0.176492 0.014520
46667 0.228428 0.580375 0.191198
44337 0.723359 0.261945 0.014696
8084 0.026073 0.783395 0.190531
356 0.371558 0.168756 0.459686
6317 0.015701 0.607582 0.376717
1076 0.844435 0.151869 0.003696
35357 0.138371 0.659933 0.201696
11041 0.095146 0.833937 0.070917
7013 0.180172 0.269205 0.550623
32185 0.000256 0.473574 0.526170
49392 0.282394 0.492904 0.224702
3073 0.388096 0.464708 0.147196
1360 0.072635 0.518916 0.408449
26842 0.327266 0.376747 0.295987
428 0.194909 0.367352 0.437740
10930 0.263767 0.573003 0.163230
24329 0.663284 0.159395 0.177321
31491 0.433134 0.267894 0.298972
10542 0.086358 0.659468 0.254174
39060 0.053590 0.262860 0.683551
5800 0.693136 0.117972 0.188892
27147 0.437931 0.003190 0.558878
4261 0.081451 0.716749 0.201800
3313 0.626537 0.111939 0.261524
50443 0.361470 0.314610 0.323920
5811 0.723027 0.205663 0.071310
29329 0.334600 0.604399 0.061001
2685 0.077135 0.594548 0.328317
10311 0.609852 0.149771 0.240377
957 0.452503 0.324920 0.222578
26558 0.234931 0.320439 0.444630
38246 0.515293 0.036099 0.448608
2981 0.322400 0.010206 0.667394
4542 0.246859 0.561434 0.191707
5992 0.352814 0.376999 0.270187
4881 0.282694 0.076437 0.640869
44622 0.074355 0.573169 0.352476
8787 0.307282 0.355019 0.337699
46659 0.650258 0.172745 0.176997
43606 0.000000 0.267597 0.732403
23796 0.902613 0.097387 0.000000
10679 0.657637 0.006154 0.336209
22653 0.197367 0.462009 0.340624
5501 0.298723 0.268674 0.432603
9656 0.039715 0.802601 0.157684
44269 0.210964 0.782169 0.006868
7684 0.618767 0.338842 0.042390
26283 0.245994 0.727238 0.026769
11663 0.358439 0.557812 0.083749
30640 0.339480 0.431000 0.229520
28176 0.754967 0.175110 0.069923
44575 0.193266 0.445419 0.361315
50378 0.451886 0.184476 0.363638
3912 0.385991 0.513741 0.100267
46086 0.212064 0.474427 0.313509
1080 0.354848 0.476676 0.168476
29085 0.451093 0.423778 0.125129
50428 0.447940 0.078323 0.473736
44725 0.438903 0.000334 0.560763
24914 0.219886 0.333472 0.446641
26998 0.282594 0.502887 0.214519
2044 0.189273 0.260464 0.550262
50078 0.525746 0.044103 0.430152
38988 0.178430 0.329344 0.492226
2972 0.203733 0.312759 0.483507
6077 0.203079 0.073988 0.722933
40503 0.253269 0.351183 0.395547
32910 0.501695 0.217378 0.280927
34338 0.014316 0.124890 0.860793
23417 0.618637 0.213995 0.167368
40800 0.099266 0.675242 0.225492
14825 0.392751 0.045922 0.561327
44448 0.669629 0.084825 0.245546
36526 0.912479 0.039934 0.047587
33678 0.440540 0.393553 0.165907
34704 0.046780 0.276936 0.676284
29532 0.120807 0.458719 0.420474
7351 0.205569 0.005074 0.789357
34070 0.066175 0.267942 0.665883
10362 0.158661 0.083508 0.757831
25858 0.221360 0.147610 0.631029
5893 0.430688 0.100593 0.468719
2641 0.003457 0.959256 0.037287
2157 0.107516 0.764648 0.127836
33918 0.724975 0.014766 0.260259
39622 0.324551 0.489775 0.185674
8398 0.346428 0.139951 0.513621
47497 0.010616 0.485194 0.504190
27759 0.574169 0.058099 0.367732
11837 0.399148 0.312525 0.288327
41197 0.039768 0.279388 0.680844
39984 0.608663 0.352029 0.039308
1213 0.861986 0.013130 0.124884
27415 0.540015 0.262004 0.197981
33115 0.789670 0.155769 0.054562
3859 0.847370 0.041001 0.111629
290 0.392367 0.024466 0.583167
24203 0.942233 0.043187 0.014579
22650 0.302845 0.261109 0.436046
36368 0.441877 0.179772 0.378351
22249 0.259288 0.374003 0.366709
13397 0.328610 0.271258 0.400132
34875 0.233984 0.186988 0.579028
20778 0.143940 0.725330 0.130730
39571 0.635821 0.297857 0.066322
26463 0.225615 0.319813 0.454572
28176 0.169673 0.035313 0.795013
3717 0.132975 0.648200 0.218825
44616 0.575251 0.102428 0.322321
34315 0.349362 0.226458 0.424180
29666 0.168622 0.056906 0.774471
42700 0.182178 0.659320 0.158502
23952 0.619120 0.380880 0.000000
12492 0.415791 0.520288 0.063920
2498 0.278962 0.487054 0.233984
24104 0.447064 0.025706 0.527229
39163 0.356744 0.466886 0.176370
7824 0.115382 0.587749 0.296869
4649 0.103396 0.284175 0.612429
24862 0.908378 0.000000 0.091622
22592 0.279912 0.371723 0.348365
33000 0.135269 0.043075 0.821656
23899 0.009291 0.498232 0.492477
27891 0.583358 0.201161 0.215481
26624 0.600558 0.109988 0.289454
22830 0.216521 0.170549 0.612930
13720 0.592441 0.302318 0.105242
26298 0.795378 0.108532 0.096090
26213 0.060054 0.537128 0.402818
26237 0.604585 0.263252 0.132163
50000 0.175939 0.025053 0.799008
40024 0.285263 0.138414 0.576323
47047 0.177970 0.614216 0.207814
2584 0.788903 0.007101 0.203996
49223 0.589661 0.330825 0.079514
591 0.107281 0.069877 0.822842
4869 0.295984 0.612828 0.091189
26809 0.431661 0.187913 0.380426
1320 0.898327 0.056148 0.045525
43534 0.629894 0.336464 0.033642
8172 0.427330 0.137675 0.434995
11677 0.139600 0.629427 0.230973
5265 0.331613 0.157779 0.510608
33695 0.677844 0.289268 0.032888
26873 0.206326 0.114737 0.678937
34157 0.526934 0.450746 0.022320
23928 0.000000 0.113157 0.886843
7179 0.699272 0.220615 0.080112
40716 0.687463 0.173990 0.138547
2548 0.006944 0.205544 0.787512
27079 0.328440 0.584740 0.086821
42863 0.090528 0.241032 0.668440
33736 0.117937 0.343859 0.538203
7389 0.158643 0.602819 0.238538
13412 0.027122 0.563721 0.409157
4423 0.637637 0.242133 0.120230
40381 0.809580 0.092380 0.098041
9209 0.699990 0.025436 0.274573
8387 0.055556 0.286864 0.657580
18171 0.383856 0.344404 0.271740
901 0.085135 0.402608 0.512257
36213 0.149818 0.280441 0.569741
3095 0.098152 0.191729 0.710120
45564 0.406592 0.429592 0.163816
14831 0.458656 0.164765 0.376580
4820 0.697874 0.165031 0.137095
50250 0.933875 0.057442 0.008683
50143 0.361674 0.498678 0.139647
32458 0.215601 0.650001 0.134398
44596 0.122381 0.501291 0.376328
16830 0.436516 0.060217 0.503267
28154 0.099202 0.832886 0.067911
37306 0.072206 0.191666 0.736129
6289 0.080134 0.643228 0.276637
1075 0.377703 0.079591 0.542706
20410 0.753640 0.170686 0.075674
562 0.173733 0.770365 0.055902
413 0.247312 0.320221 0.432466
44138 0.731275 0.185722 0.083003
44377 0.137858 0.605427 0.256715
43766 0.483409 0.391935 0.124656
39252 0.539833 0.300233 0.159933
6386 0.131569 0.785736 0.082694
2599 0.091750 0.558319 0.349931
10325 0.288581 0.519703 0.191716
47195 0.038861 0.847322 0.113817
2514 0.143373 0.205427 0.651200
11677 0.573538 0.074793 0.351669
35830 0.574763 0.196208 0.229030
9974 0.128464 0.805590 0.065947
228 0.626669 0.005136 0.368195
13014 0.008765 0.750871 0.240365
9208 0.194895 0.741211 0.063893
7430 0.651804 0.047926 0.300270
5764 0.130883 0.756881 0.112236
44857 0.277004 0.580440 0.142556
24369 0.229800 0.528926 0.241274
28779 0.119776 0.276834 0.603390
27231 0.773834 0.096838 0.129328
12674 0.737714 0.166400 0.095886
39578 0.390399 0.494642 0.114960
13495 0.297894 0.383450 0.318656
27958 0.008835 0.322560 0.668605
22484 0.125258 0.342681 0.532061
33172 0.187480 0.472758 0.339762
22819 0.294804 0.326728 0.378468
8357 0.420583 0.343768 0.235649
43388 0.581645 0.104614 0.313741
38824 0.594750 0.113142 0.292107
4958 0.332587 0.280301 0.387112
35133 0.028336 0.951663 0.020001
8990 0.393623 0.046848 0.559529
1867 0.115840 0.507560 0.376600
47092 0.069558 0.831978 0.098464
45007 0.637420 0.281292 0.081287
9666 0.430799 0.500314 0.068887
10490 0.052136 0.922722 0.025142
32980 0.307837 0.017176 0.674987
47072 0.107680 0.594562 0.297758
32251 0.777095 0.087040 0.135864
47606 0.398143 0.017132 0.584725
41688 0.357454 0.552723 0.089823
33444 0.268207 0.012783 0.719010
