223 0.033263 0.782068 0.184669
1076 0.135724 0.053596 0.810680
491 0.453243 0.005600 0.541157
491 0.750608 0.216428 0.032964
1074 0.173659 0.500262 0.326079
490 0.524760 0.365953 0.109287
1084 0.035402 0.017421 0.947177
1076 0.156900 0.490866 0.352234
223 0.218158 0.423753 0.358090
1088 0.442279 0.424087 0.133634
218 0.279147 0.558539 0.162314
1825 0.194238 0.404916 0.400846
218 0.577262 0.197337 0.225401
1088 0.636098 0.175401 0.188501
1835 0.405368 0.044302 0.550331
1074 0.627817 0.292046 0.080137
1076 0.696007 0.188651 0.115342
488 0.052225 0.090320 0.857455
226 0.464989 0.188709 0.346302
216 0.642507 0.300130 0.057363
490 0.366957 0.113238 0.519805
213 0.558719 0.019624 0.421657
491 0.168752 0.712064 0.119184
213 0.040664 0.459103 0.500234
216 0.706193 0.028214 0.265593
488 0.551051 0.407113 0.041836
1837 0.222565 0.604690 0.172745
1084 0.193395 0.560057 0.246549
221 0.197807 0.583587 0.218606
1805 0.277159 0.374241 0.348600
226 0.024596 0.260515 0.714890
486 0.634714 0.141945 0.223340
225 0.116881 0.564077 0.319042
209 0.708127 0.004383 0.287490
1805 0.032514 0.103967 0.863519
485 0.284356 0.610530 0.105114
1069 0.411850 0.181491 0.406658
211 0.000000 0.734586 0.265414
1812 0.345820 0.616158 0.038021
1827 0.532202 0.377358 0.090440
226 0.116089 0.850523 0.033387
218 0.499582 0.061857 0.438561
1837 0.365570 0.057801 0.576629
1837 0.129227 0.130183 0.740590
211 0.000000 0.337003 0.662997
1825 0.855289 0.099345 0.045366
1723 0.415019 0.024654 0.560327
1097 0.845754 0.068203 0.086043
492 0.070844 0.439935 0.489221
972 0.136525 0.000678 0.862797
209 0.454381 0.329423 0.216197
964 0.043434 0.857531 0.099034
1075 0.037123 0.148412 0.814465
972 0.168027 0.338729 0.493243
1722 0.546713 0.317083 0.136204
1827 0.199891 0.653469 0.146640
1722 0.153813 0.613161 0.233026
227 0.399282 0.325615 0.275103
1812 0.700777 0.104883 0.194340
221 0.302300 0.210656 0.487044
1820 0.142420 0.521513 0.336067
1837 0.672061 0.072710 0.255228
218 0.120342 0.059940 0.819718
483 0.305354 0.157417 0.537229
493 0.123792 0.691861 0.184347
221 0.798739 0.154900 0.046361
1057 0.291829 0.137120 0.571051
1075 0.234742 0.371195 0.394063
484 0.534037 0.326528 0.139435
487 0.495797 0.321564 0.182639
1091 0.393985 0.109960 0.496055
1097 0.573449 0.187878 0.238673
498 0.629376 0.315800 0.054824
495 0.003379 0.584486 0.412135
971 0.532438 0.272455 0.195107
495 0.810106 0.186987 0.002907
1830 0.076342 0.194107 0.729552
498 0.276291 0.101627 0.622083
1083 0.392788 0.241203 0.366009
1098 0.108864 0.265079 0.626058
1724 0.746887 0.092681 0.160432
972 0.356172 0.514498 0.129329
1069 0.194839 0.471107 0.334054
973 0.476673 0.297017 0.226310
225 0.220001 0.243359 0.536641
487 0.303128 0.103372 0.593500
219 0.514035 0.256981 0.228984
1724 0.546816 0.018301 0.434883
495 0.363644 0.485919 0.150437
1097 0.268255 0.082320 0.649425
1823 0.543095 0.125826 0.331079
1722 0.103822 0.261602 0.634576
229 0.258185 0.683860 0.057954
964 0.280571 0.482796 0.236633
1820 0.570693 0.137575 0.291732
1723 0.169095 0.698102 0.132803
1069 0.046097 0.818606 0.135297
973 0.264280 0.350870 0.384850
1841 0.337897 0.632372 0.029731
1075 0.268176 0.689670 0.042154
1062 0.038282 0.099030 0.862688
494 0.045211 0.084701 0.870088
1068 0.090900 0.579976 0.329125
1724 0.598436 0.011188 0.390376
1098 0.041510 0.893692 0.064798
1087 0.714129 0.188961 0.096910
1705 0.732635 0.026673 0.240692
1807 0.090268 0.852276 0.057457
1724 0.382388 0.560668 0.056944
494 0.153645 0.781607 0.064748
973 0.102857 0.524781 0.372362
231 0.341479 0.607420 0.051100
1724 0.116084 0.627826 0.256090
1096 0.454207 0.470702 0.075091
971 0.157688 0.126839 0.715472
484 0.103322 0.067973 0.828706
208 0.340222 0.659778 0.000000
973 0.318196 0.261799 0.420006
1712 0.068042 0.777709 0.154248
498 0.122221 0.549061 0.328718
1096 0.672014 0.131270 0.196716
498 0.152207 0.793223 0.054569
487 0.108477 0.739652 0.151871
1098 0.634554 0.197845 0.167601
496 0.069940 0.365200 0.564860
229 0.079507 0.687730 0.232764
964 0.829955 0.126844 0.043201
1095 0.498344 0.172612 0.329044
973 0.507714 0.028048 0.464238
1811 0.025757 0.417577 0.556666
1845 0.042865 0.636569 0.320566
1724 0.215202 0.318269 0.466530
224 0.431575 0.186327 0.382098
497 0.239940 0.300946 0.459114
1716 0.064838 0.898693 0.036470
973 0.026702 0.646602 0.326696
1843 0.737765 0.021225 0.241010
1843 0.039020 0.105761 0.855219
1102 0.856549 0.132791 0.010660
1836 0.001620 0.462573 0.535807
973 0.355402 0.576171 0.068426
1830 0.110907 0.846911 0.042182
964 0.225430 0.264908 0.509663
973 0.228856 0.560235 0.210909
494 0.852779 0.048122 0.099099
1055 0.296948 0.099979 0.603073
224 0.385656 0.614344 0.000000
1708 0.535488 0.314456 0.150055
1712 0.135488 0.472502 0.392011
964 0.426162 0.004927 0.568911
1716 0.194493 0.634722 0.170785
954 0.583063 0.290187 0.126750
973 0.473856 0.279036 0.247108
965 0.604434 0.124413 0.271153
1830 0.387117 0.495942 0.116941
1832 0.011152 0.136249 0.852599
1843 0.431338 0.074879 0.493783
489 0.384634 0.378350 0.237016
208 0.666022 0.059964 0.274014
215 0.638206 0.323623 0.038171
1080 0.476147 0.194740 0.329113
1846 0.063025 0.714590 0.222385
964 0.418228 0.259726 0.322045
499 0.155131 0.823304 0.021565
973 0.014506 0.819632 0.165862
1724 0.047177 0.259724 0.693099
1103 0.085770 0.548730 0.365499
1708 0.409424 0.278739 0.311837
973 0.810356 0.125560 0.064084
1082 0.123687 0.189566 0.686747
1807 0.763485 0.123511 0.113004
1079 0.271321 0.522180 0.206499
1095 0.881809 0.115946 0.002245
973 0.164997 0.806251 0.028752
1716 0.224796 0.282501 0.492703
1716 0.572939 0.117419 0.309642
1838 0.038280 0.522273 0.439448
1712 0.573015 0.276636 0.150348
1102 0.574490 0.398839 0.026671
230 0.291303 0.226663 0.482033
1717 0.623443 0.248486 0.128071
962 0.309050 0.477838 0.213111
499 0.346249 0.509218 0.144533
231 0.025809 0.105210 0.868981
965 0.321317 0.148537 0.530146
1826 0.068408 0.670320 0.261272
966 0.470595 0.092407 0.436998
1816 0.029461 0.588327 0.382212
1095 0.066841 0.852983 0.080176
496 0.890174 0.010207 0.099619
966 0.542567 0.281740 0.175692
966 0.760388 0.192259 0.047353
1085 0.776890 0.128511 0.094599
1716 0.227169 0.421943 0.350887
499 0.222390 0.412216 0.365394
222 0.521542 0.431540 0.046918
1840 0.210494 0.415728 0.373778
1834 0.035646 0.048933 0.915421
956 0.115723 0.483063 0.401215
222 0.139839 0.431202 0.428959
1811 0.305836 0.000000 0.694164
1810 0.772679 0.093191 0.134130
1717 0.381312 0.019351 0.599337
1832 0.536547 0.119646 0.343808
1846 0.248240 0.330637 0.421123
1717 0.282203 0.306566 0.411232
1718 0.027533 0.925271 0.047196
1829 0.858685 0.125081 0.016234
1718 0.042051 0.652347 0.305603
1836 0.201927 0.680872 0.117202
1717 0.358996 0.579978 0.061026
1811 0.471734 0.412904 0.115362
1821 0.446102 0.081448 0.472450
1708 0.084545 0.099384 0.816071
965 0.029959 0.004374 0.965667
1708 0.080155 0.620797 0.299049
1844 0.302428 0.400713 0.296860
966 0.200068 0.579475 0.220457
956 0.105284 0.178219 0.716497
1833 0.528014 0.406461 0.065525
1838 0.287158 0.033985 0.678857
956 0.432746 0.398441 0.168813
1102 0.251845 0.260080 0.488075
1087 0.016944 0.318910 0.664145
443 0.189882 0.300390 0.509728
1842 0.179825 0.711811 0.108364
1843 0.139203 0.698236 0.162561
1838 0.325616 0.657765 0.016619
1834 0.141862 0.291560 0.566578
1072 0.201060 0.127452 0.671488
1839 0.164697 0.652688 0.182615
1094 0.212757 0.286940 0.500303
443 0.133464 0.659475 0.207061
1719 0.000000 0.214276 0.785724
965 0.251255 0.430145 0.318600
1834 0.225781 0.567636 0.206583
1718 0.180860 0.259839 0.559302
217 0.908734 0.026925 0.064341
1087 0.074508 0.701022 0.224470
499 0.638272 0.128096 0.233633
1100 0.076254 0.338829 0.584917
1103 0.512970 0.183570 0.303460
968 0.812129 0.177493 0.010378
1100 0.300105 0.606957 0.092938
1056 0.199342 0.462057 0.338601
215 0.149539 0.090977 0.759484
502 0.222924 0.253178 0.523898
1709 0.794181 0.008294 0.197525
228 0.444173 0.106612 0.449216
1081 0.135023 0.666094 0.198883
1804 0.621272 0.157149 0.221579
1819 0.397778 0.309410 0.292811
1838 0.650802 0.060677 0.288521
968 0.814318 0.035999 0.149683
228 0.243010 0.083724 0.673267
1100 0.149850 0.477195 0.372954
1104 0.676926 0.058099 0.264975
1718 0.370860 0.574853 0.054288
1842 0.438349 0.422084 0.139567
1089 0.107162 0.282019 0.610818
1081 0.511255 0.351742 0.137003
1085 0.343487 0.224680 0.431834
967 0.139610 0.204617 0.655773
1839 0.590546 0.339908 0.069545
1093 0.358498 0.607082 0.034420
968 0.555623 0.000000 0.444377
1839 0.730866 0.125596 0.143539
1813 0.106997 0.693521 0.199482
228 0.066912 0.158774 0.774313
1085 0.258818 0.589788 0.151393
1719 0.265195 0.141345 0.593460
1708 0.171492 0.281497 0.547011
1092 0.012326 0.623982 0.363692
1840 0.120867 0.230695 0.648438
1106 0.535915 0.416889 0.047196
1104 0.267203 0.529040 0.203757
1081 0.455854 0.159974 0.384172
1085 0.540185 0.382623 0.077192
1092 0.305987 0.558281 0.135732
1085 0.518269 0.228812 0.252919
1090 0.119605 0.259767 0.620629
1089 0.025250 0.624285 0.350465
1090 0.784363 0.172860 0.042777
1101 0.364252 0.616185 0.019564
1090 0.718237 0.089796 0.191967
228 0.429977 0.472242 0.097781
1815 0.696301 0.000601 0.303098
499 0.099601 0.100414 0.799985
1700 0.849481 0.103613 0.046906
228 0.123717 0.849481 0.026802
1085 0.067257 0.037738 0.895005
1090 0.294756 0.688165 0.017079
1090 0.411717 0.339683 0.248600
1839 0.196530 0.102534 0.700936
1061 0.232875 0.723501 0.043624
967 0.505068 0.079174 0.415758
500 0.296424 0.694208 0.009368
1818 0.352320 0.226229 0.421452
1102 0.050939 0.007453 0.941608
968 0.594580 0.365006 0.040414
1077 0.569309 0.395151 0.035540
1066 0.131786 0.309941 0.558274
1719 0.245320 0.380289 0.374391
1070 0.450368 0.266693 0.282939
1099 0.391892 0.284512 0.323596
1090 0.859461 0.004455 0.136084
966 0.225762 0.156279 0.617960
1706 0.656775 0.203590 0.139635
1719 0.651498 0.107827 0.240676
1847 0.323379 0.654107 0.022514
957 0.102446 0.514629 0.382925
220 0.385381 0.517523 0.097096
1828 0.236181 0.554247 0.209572
220 0.653352 0.155791 0.190857
1086 0.626460 0.241993 0.131547
1719 0.201793 0.595534 0.202673
1842 0.763700 0.054136 0.182164
1713 0.178618 0.342303 0.479079
1814 0.031453 0.945679 0.022868
968 0.571919 0.105466 0.322615
500 0.344222 0.334950 0.320828
1706 0.427712 0.308538 0.263750
967 0.785459 0.051173 0.163368
967 0.331526 0.495562 0.172912
1104 0.288955 0.065478 0.645567
1851 0.287676 0.706750 0.005574
501 0.707442 0.060478 0.232080
967 0.167687 0.428268 0.404045
957 0.043928 0.719877 0.236196
166 0.227910 0.225425 0.546665
1700 0.424171 0.153701 0.422128
220 0.148614 0.231504 0.619882
220 0.018298 0.674643 0.307059
1850 0.023686 0.859666 0.116649
1808 0.707979 0.081957 0.210063
1104 0.000000 0.547236 0.452764
1719 0.142286 0.756721 0.100993
1099 0.011254 0.272907 0.715838
957 0.121209 0.121418 0.757373
1101 0.427748 0.168690 0.403562
1100 0.002429 0.017185 0.980386
1078 0.316900 0.052562 0.630538
965 0.014398 0.856691 0.128912
957 0.515743 0.340256 0.144000
1718 0.616567 0.216638 0.166795
1847 0.474761 0.387339 0.137901
968 0.291312 0.488575 0.220113
1078 0.503863 0.269126 0.227011
1700 0.359888 0.481759 0.158353
217 0.175266 0.004198 0.820536
217 0.422685 0.366782 0.210533
1104 0.000000 0.263940 0.736060
173 0.130528 0.766990 0.102483
173 0.120656 0.874812 0.004532
958 0.000000 0.700778 0.299222
1847 0.650764 0.123852 0.225384
1848 0.019858 0.962603 0.017539
1851 0.349666 0.520491 0.129842
1701 0.830582 0.135657 0.033761
968 0.229032 0.104123 0.666845
1806 0.202702 0.524289 0.273009
1719 0.416541 0.570278 0.013181
969 0.161564 0.732246 0.106190
1713 0.120171 0.719224 0.160605
967 0.111747 0.656544 0.231709
1848 0.165602 0.804975 0.029423
1777 0.804642 0.171296 0.024062
232 0.070627 0.465867 0.463506
1707 0.230949 0.362468 0.406583
1070 0.221223 0.633425 0.145352
947 0.315470 0.480846 0.203684
1720 0.036907 0.000000 0.963093
233 0.186320 0.628162 0.185518
1071 0.231970 0.521964 0.246066
217 0.068249 0.727725 0.204026
501 0.460817 0.283953 0.255229
1106 0.600239 0.167534 0.232227
958 0.087847 0.386624 0.525528
233 0.377432 0.406889 0.215679
1706 0.192652 0.262232 0.545116
1101 0.158706 0.067136 0.774158
1850 0.154286 0.728369 0.117345
1777 0.966115 0.018688 0.015196
1066 0.156392 0.601821 0.241787
173 0.034016 0.866074 0.099910
233 0.529869 0.272352 0.197779
167 0.145716 0.555102 0.299181
1714 0.840098 0.048262 0.111640
955 0.539429 0.059635 0.400936
955 0.288758 0.019619 0.691623
1850 0.000000 0.546406 0.453594
1063 0.448929 0.078122 0.472949
166 0.672942 0.137061 0.189997
214 0.610423 0.000188 0.389388
1071 0.630209 0.334122 0.035670
1071 0.200681 0.118173 0.681146
969 0.498884 0.380296 0.120820
1104 0.003850 0.013957 0.982193
173 0.270151 0.602482 0.127367
967 0.040603 0.855650 0.103747
1848 0.065276 0.729491 0.205233
1848 0.049996 0.557207 0.392796
1847 0.413298 0.173567 0.413135
1847 0.039657 0.282971 0.677372
501 0.110228 0.723055 0.166717
1848 0.256057 0.650208 0.093736
502 0.072579 0.860029 0.067392
1809 0.550221 0.247654 0.202126
166 0.509485 0.372138 0.118377
1107 0.155153 0.544679 0.300168
1713 0.311067 0.504645 0.184288
170 0.201773 0.001591 0.796636
1725 0.058265 0.147082 0.794654
1775 0.663764 0.172906 0.163329
1848 0.320644 0.461238 0.218118
1848 0.169929 0.326393 0.503678
1848 0.802181 0.066329 0.131490
445 0.140237 0.765188 0.094575
1720 0.141594 0.110443 0.747964
1775 0.037916 0.709746 0.252337
235 0.078604 0.796459 0.124937
445 0.067182 0.575701 0.357117
1700 0.097701 0.225829 0.676470
949 0.116111 0.590144 0.293745
1725 0.236507 0.117199 0.646294
173 0.151818 0.554227 0.293954
1777 0.071619 0.136189 0.792192
1850 0.297429 0.553850 0.148721
1713 0.209428 0.136582 0.653990
947 0.990867 0.005456 0.003677
1060 0.617547 0.350435 0.032018
1060 0.149113 0.379029 0.471857
173 0.583581 0.243144 0.173275
170 0.614385 0.029263 0.356353
1720 0.526171 0.169166 0.304662
969 0.000000 0.410613 0.589387
1847 0.179903 0.054853 0.765244
957 0.778984 0.114445 0.106572
1848 0.351589 0.062765 0.585646
1701 0.168280 0.719079 0.112641
1108 0.072831 0.820679 0.106490
1777 0.359161 0.276913 0.363925
949 0.041792 0.214853 0.743355
214 0.319464 0.363298 0.317238
173 0.052458 0.360697 0.586846
445 0.416464 0.393689 0.189848
1851 0.822988 0.072382 0.104630
1105 0.020275 0.298357 0.681369
1714 0.179233 0.483979 0.336788
214 0.011340 0.019132 0.969528
1060 0.127515 0.851339 0.021146
1713 0.580140 0.068614 0.351246
1776 0.103585 0.362548 0.533867
1701 0.284524 0.421538 0.293938
1025 0.296504 0.621205 0.082291
235 0.202219 0.574782 0.222999
1849 0.051653 0.838774 0.109573
1720 0.788762 0.030397 0.180841
173 0.383261 0.117852 0.498887
1777 0.559358 0.302415 0.138227
1107 0.541068 0.000000 0.458932
1714 0.367711 0.000000 0.632289
444 0.713247 0.174920 0.111833
955 0.667704 0.235789 0.096507
210 0.297539 0.062445 0.640016
170 0.641969 0.174250 0.183781
1720 0.011249 0.512514 0.476237
1725 0.213617 0.366907 0.419475
1025 0.057688 0.498679 0.443633
1787 0.181441 0.344274 0.474285
1852 0.155619 0.504599 0.339782
235 0.436690 0.248181 0.315130
173 0.287540 0.013659 0.698801
1849 0.564103 0.202562 0.233334
1725 0.031834 0.737638 0.230527
1108 0.319627 0.209664 0.470709
1850 0.000000 0.259953 0.740047
1777 0.390461 0.512168 0.097371
1851 0.449346 0.226789 0.323865
960 0.932188 0.067036 0.000776
1849 0.148584 0.540591 0.310825
1025 0.045775 0.069635 0.884590
1714 0.200950 0.165838 0.633211
195 0.239256 0.482304 0.278440
1720 0.155698 0.622147 0.222154
1110 0.452944 0.242692 0.304364
1720 0.366049 0.416109 0.217842
1852 0.381576 0.598104 0.020320
974 0.184573 0.030157 0.785271
1725 0.404075 0.300554 0.295371
444 0.549068 0.150854 0.300078
1849 0.415935 0.133374 0.450691
1776 0.317770 0.066217 0.616013
969 0.239354 0.096308 0.664339
195 0.053917 0.832644 0.113439
167 0.786052 0.031585 0.182363
1033 0.173164 0.559536 0.267300
173 0.061834 0.009612 0.928553
444 0.238219 0.030295 0.731487
1851 0.075261 0.287003 0.637736
1787 0.150793 0.767668 0.081539
1778 0.208506 0.521900 0.269594
166 0.054430 0.843230 0.102340
1725 0.268578 0.632454 0.098968
1105 0.045686 0.596800 0.357513
1107 0.247592 0.333260 0.419148
1854 0.640510 0.213893 0.145597
1777 0.186486 0.578747 0.234767
1857 0.135773 0.542036 0.322191
949 0.515669 0.012902 0.471429
1710 0.006419 0.039933 0.953647
1850 0.291514 0.352984 0.355502
170 0.440889 0.454949 0.104163
975 0.352154 0.567673 0.080173
1850 0.683390 0.226003 0.090607
974 0.569243 0.326289 0.104468
1852 0.598594 0.350796 0.050610
448 0.696276 0.239978 0.063747
444 0.246514 0.261167 0.492319
975 0.057903 0.794291 0.147806
974 0.215908 0.214785 0.569308
1026 0.690374 0.266861 0.042765
470 0.503889 0.475792 0.020319
1857 0.517133 0.229070 0.253797
444 0.254621 0.644380 0.100999
1710 0.223695 0.259328 0.516977
1777 0.027429 0.919518 0.053053
1026 0.125122 0.108919 0.765958
1850 0.242467 0.045048 0.712485
470 0.007013 0.238197 0.754790
975 0.124501 0.460717 0.414782
1849 0.198295 0.147266 0.654439
1701 0.169132 0.202806 0.628062
1035 0.725403 0.056820 0.217777
948 0.183149 0.736869 0.079983
448 0.496809 0.177833 0.325358
963 0.204539 0.094707 0.700754
1720 0.123332 0.788540 0.088128
470 0.469266 0.239065 0.291668
1851 0.128759 0.070460 0.800781
1106 0.013591 0.128676 0.857733
1725 0.636986 0.313505 0.049509
234 0.036372 0.959882 0.003746
235 0.138320 0.288183 0.573497
1713 0.887794 0.067883 0.044324
1778 0.080073 0.211987 0.707940
974 0.237770 0.410793 0.351436
1026 0.153689 0.320702 0.525609
950 0.123594 0.572430 0.303976
1788 0.156820 0.412346 0.430834
955 0.185603 0.611535 0.202862
448 0.231967 0.513863 0.254171
1725 0.846385 0.106848 0.046767
444 0.254302 0.461494 0.284204
444 0.039365 0.361660 0.598975
974 0.203812 0.711404 0.084785
1715 0.069890 0.283606 0.646504
1026 0.319095 0.405405 0.275500
975 0.541499 0.092613 0.365888
963 0.480746 0.219345 0.299909
235 0.053908 0.122348 0.823744
960 0.571734 0.085906 0.342360
1778 0.528222 0.230815 0.240963
1715 0.208454 0.480764 0.310782
1035 0.180174 0.421684 0.398142
470 0.149531 0.051524 0.798945
950 0.532204 0.256633 0.211163
1788 0.557046 0.100751 0.342203
1108 0.277257 0.050941 0.671802
1786 0.323379 0.089627 0.586994
1857 0.668289 0.275194 0.056517
1034 0.342349 0.291997 0.365654
1026 0.147462 0.544248 0.308290
1026 0.192394 0.620156 0.187450
448 0.048704 0.820602 0.130694
448 0.190109 0.364645 0.445246
1850 0.644918 0.012823 0.342258
960 0.330594 0.550444 0.118962
975 0.103763 0.274909 0.621327
950 0.091333 0.176825 0.731842
948 0.522360 0.178198 0.299442
448 0.241980 0.161187 0.596833
970 0.774327 0.055555 0.170118
1105 0.375752 0.421151 0.203097
1027 0.637677 0.279886 0.082437
444 0.027395 0.717169 0.255436
448 0.209399 0.018730 0.771871
1721 0.089857 0.516805 0.393337
948 0.440225 0.111585 0.448189
970 0.113432 0.023681 0.862887
2368 0.000000 0.485528 0.514472
1912 0.032799 0.948943 0.018258
444 0.030584 0.105989 0.863428
2368 0.000000 0.403580 0.596420
2369 0.130833 0.000000 0.869167
948 0.569801 0.303221 0.126977
448 0.049058 0.509173 0.441769
196 0.039749 0.921903 0.038348
1721 0.123334 0.241846 0.634819
970 0.560882 0.072677 0.366441
1105 0.285441 0.692080 0.022478
2368 0.322258 0.546599 0.131144
1711 0.072977 0.184708 0.742315
1110 0.042760 0.840221 0.117019
1788 0.063680 0.833920 0.102400
1856 0.721310 0.092048 0.186642
970 0.176560 0.243942 0.579498
1721 0.112124 0.712752 0.175125
504 0.317441 0.000000 0.682559
2362 0.042259 0.123606 0.834135
2368 0.000000 0.786832 0.213168
196 0.331499 0.562528 0.105973
2369 0.250720 0.024525 0.724755
1910 0.879343 0.085359 0.035298
2365 0.270290 0.495983 0.233727
1855 0.009841 0.134194 0.855965
1789 0.013075 0.084927 0.901998
996 0.077664 0.876957 0.045380
196 0.167822 0.809965 0.022213
970 0.507129 0.406207 0.086664
970 0.265064 0.385338 0.349597
970 0.027468 0.627053 0.345479
2368 0.000000 0.280498 0.719502
2368 0.000000 0.181852 0.818148
1026 0.123634 0.842112 0.034254
1026 0.190170 0.692791 0.117038
1019 0.137834 0.002885 0.859281
1856 0.148167 0.563404 0.288429
441 0.601717 0.200559 0.197724
996 0.235319 0.587095 0.177586
2365 0.133137 0.072217 0.794646
447 0.053177 0.795083 0.151740
1778 0.822194 0.025407 0.152398
1105 0.756448 0.054143 0.189409
1710 0.168278 0.797289 0.034433
1778 0.248592 0.000000 0.751408
172 0.638702 0.184977 0.176321
196 0.120692 0.197630 0.681677
1034 0.343746 0.503298 0.152957
172 0.335187 0.039868 0.624946
2369 0.612895 0.008696 0.378409
1859 0.699766 0.149788 0.150446
441 0.277789 0.385928 0.336282
1019 0.141638 0.720594 0.137767
963 0.797030 0.169311 0.033659
1721 0.438887 0.170337 0.390776
2369 0.188596 0.315271 0.496132
1721 0.300967 0.175815 0.523219
441 0.005855 0.795544 0.198601
1702 0.574418 0.139929 0.285653
1034 0.712681 0.211172 0.076147
441 0.570726 0.015280 0.413994
2370 0.022967 0.120021 0.857012
236 0.342578 0.345492 0.311931
1019 0.158096 0.392423 0.449482
2365 0.569602 0.125810 0.304588
1019 0.022723 0.954322 0.022954
996 0.475975 0.136392 0.387633
1027 0.411211 0.068730 0.520059
2371 0.370874 0.527272 0.101854
1109 0.235226 0.418707 0.346067
1910 0.321784 0.249642 0.428575
2362 0.279387 0.232488 0.488125
447 0.018999 0.294790 0.686211
1859 0.427827 0.204429 0.367744
168 0.205659 0.210838 0.583503
1910 0.360269 0.364768 0.274963
1721 0.342222 0.593046 0.064732
2362 0.000000 0.018974 0.981026
1027 0.899379 0.034701 0.065921
1860 0.210353 0.582360 0.207287
970 0.167664 0.684084 0.148252
2363 0.142463 0.151512 0.706024
2369 0.000000 0.372354 0.627646
996 0.000960 0.621092 0.377947
1109 0.756942 0.146270 0.096788
1774 0.625867 0.226508 0.147625
1711 0.138636 0.314048 0.547316
1020 0.099954 0.104800 0.795245
2364 0.261940 0.645417 0.092643
237 0.190612 0.781503 0.027885
996 0.767102 0.129972 0.102926
1856 0.250376 0.007642 0.741982
1162 0.241949 0.591066 0.166985
2362 0.428524 0.444163 0.127314
1721 0.600497 0.152300 0.247203
1858 0.160572 0.472122 0.367306
1020 0.213633 0.214265 0.572102
2369 0.000000 0.681391 0.318609
960 0.066935 0.928549 0.004516
996 0.200608 0.213777 0.585616
1036 0.097465 0.147261 0.755274
2356 0.020754 0.001262 0.977985
2363 0.387910 0.060046 0.552044
441 0.092658 0.340876 0.566466
1910 0.293128 0.488900 0.217972
2363 0.094455 0.483883 0.421662
255 0.158438 0.564949 0.276613
1910 0.596715 0.274335 0.128949
2366 0.526293 0.207203 0.266505
504 0.704166 0.000000 0.295834
1855 0.777825 0.122917 0.099258
1861 0.115455 0.000000 0.884545
442 0.374091 0.552821 0.073088
1769 0.119363 0.341094 0.539543
2370 0.019023 0.688457 0.292519
194 0.342387 0.167187 0.490426
2356 0.105517 0.552039 0.342444
1907 0.081991 0.672762 0.245247
1711 0.328579 0.006036 0.665384
442 0.664616 0.298170 0.037214
456 0.350848 0.330334 0.318818
1858 0.343776 0.045354 0.610870
1721 0.677029 0.278074 0.044897
442 0.199052 0.767784 0.033164
1109 0.488951 0.119870 0.391179
1019 0.374277 0.528025 0.097698
2356 0.400524 0.188087 0.411389
2370 0.267022 0.214429 0.518549
1036 0.215235 0.279954 0.504811
504 0.143751 0.606977 0.249273
1861 0.024843 0.669474 0.305682
1702 0.254918 0.705613 0.039469
1774 0.439653 0.207834 0.352513
2356 0.171544 0.798101 0.030355
442 0.482059 0.223539 0.294401
2361 0.084118 0.139594 0.776288
1744 0.809474 0.168372 0.022154
2362 0.043608 0.724909 0.231483
2363 0.448956 0.213730 0.337314
1161 0.069770 0.714423 0.215807
1907 0.327761 0.301389 0.370850
1769 0.326971 0.407442 0.265587
1789 0.173630 0.163256 0.663114
1162 0.471059 0.187551 0.341390
196 0.264465 0.019792 0.715744
2356 0.311782 0.630795 0.057423
2 0.178466 0.821534 0.000000
456 0.585324 0.043175 0.371501
456 0.809529 0.153444 0.037027
1912 0.216944 0.434465 0.348591
2370 0.573610 0.102095 0.324295
1105 0.785902 0.194442 0.019656
168 0.556151 0.162953 0.280896
1019 0.403284 0.116938 0.479778
446 0.046908 0.271313 0.681779
196 0.628419 0.033210 0.338371
1020 0.560963 0.133137 0.305900
1704 0.814926 0.179718 0.005356
1 0.119304 0.880696 0.000000
951 0.268392 0.422701 0.308907
2 0.142148 0.857852 0.000000
2354 0.230893 0.620355 0.148753
1744 0.169595 0.749925 0.080481
1910 0.281199 0.712401 0.006400
1912 0.350005 0.320969 0.329027
1711 0.026393 0.922621 0.050985
168 0.413141 0.484101 0.102759
1702 0.063567 0.924112 0.012321
2 0.371644 0.628356 0.000000
1162 0.728857 0.143388 0.127754
255 0.422306 0.510254 0.067440
2355 0.002488 0.531040 0.466472
1767 0.064221 0.762189 0.173590
2361 0.465788 0.280538 0.253674
961 0.156993 0.305844 0.537163
2 0.411226 0.588774 0.000000
2344 0.034345 0.145087 0.820568
2354 0.285886 0.172260 0.541854
953 0.094340 0.699001 0.206659
442 0.155600 0.619985 0.224415
194 0.465547 0.334451 0.200002
997 0.766039 0.045639 0.188322
168 0.811731 0.055462 0.132807
1036 0.510365 0.243758 0.245877
2 0.007895 0.830574 0.161531
1864 0.248070 0.695706 0.056224
2354 0.599116 0.321251 0.079633
2345 0.070493 0.285228 0.644279
6 0.113863 0.599527 0.286611
2345 0.256534 0.428725 0.314741
2344 0.250240 0.384698 0.365062
442 0.168301 0.395316 0.436383
1774 0.196026 0.583080 0.220895
1744 0.829461 0.060038 0.110502
1907 0.636825 0.089695 0.273480
976 0.891546 0.000000 0.108454
2367 0.000000 0.337145 0.662855
1 0.131044 0.868956 0.000000
1020 0.042693 0.575589 0.381718
997 0.186743 0.059909 0.753348
2345 0.230819 0.575208 0.193973
1862 0.227149 0.025404 0.747447
1 0.112103 0.887897 0.000000
447 0.572323 0.375991 0.051687
1 0.180820 0.819180 0.000000
1704 0.562745 0.298137 0.139118
1112 0.237862 0.284574 0.477564
2356 0.019705 0.933923 0.046372
6 0.352603 0.394657 0.252739
1711 0.221136 0.448897 0.329967
196 0.641621 0.221384 0.136996
1160 0.910462 0.076570 0.012968
1767 0.027918 0.271463 0.700620
6 0.350660 0.561976 0.087364
2345 0.709572 0.084015 0.206414
2345 0.696324 0.199868 0.103807
961 0.880420 0.069869 0.049710
2363 0.074940 0.814697 0.110363
6 0.525216 0.137275 0.337509
1744 0.527247 0.348394 0.124359
1017 0.635040 0.090461 0.274499
997 0.419309 0.120059 0.460632
1699 0.144000 0.155021 0.700979
1113 0.139239 0.029114 0.831647
0 0.130522 0.543388 0.326090
172 0.255615 0.328187 0.416198
1767 0.194859 0.257826 0.547314
1862 0.866387 0.010043 0.123570
1 0.153561 0.846439 0.000000
1862 0.255193 0.236024 0.508783
2347 0.002728 0.351722 0.645550
951 0.046039 0.733906 0.220055
951 0.588296 0.232623 0.179081
2349 0.016681 0.062758 0.920562
2357 0.868087 0.126455 0.005458
1769 0.812142 0.126198 0.061660
1908 0.900702 0.076018 0.023280
1111 0.064788 0.480385 0.454827
2363 0.496356 0.466156 0.037488
2367 0.269568 0.130069 0.600363
1711 0.127083 0.737103 0.135814
7 0.202898 0.345267 0.451835
1161 0.259395 0.491517 0.249088
2355 0.420290 0.468931 0.110779
1 0.152185 0.847815 0.000000
17 0.135244 0.075453 0.789303
2359 0.158518 0.841482 0.000000
6 0.620158 0.192479 0.187364
1774 0.033433 0.574582 0.391985
6 0.406142 0.593858 0.000000
1020 0.288020 0.653436 0.058544
171 0.386370 0.223256 0.390374
976 0.763966 0.186962 0.049072
2346 0.466904 0.448535 0.084561
2339 0.669020 0.134516 0.196464
1861 0.664864 0.055844 0.279292
1036 0.859415 0.041260 0.099324
1115 0.106245 0.678638 0.215118
237 0.396789 0.211679 0.391532
1 0.356003 0.643997 0.000000
1111 0.025108 0.226605 0.748287
997 0.589164 0.183786 0.227050
0 0.291193 0.708807 0.000000
255 0.767276 0.042790 0.189934
7 0.080959 0.160691 0.758350
180 0.153121 0.723805 0.123074
255 0.300274 0.132221 0.567505
2348 0.198211 0.296034 0.505755
1744 0.600385 0.161315 0.238301
256 0.025392 0.817118 0.157490
0 0.540112 0.162520 0.297367
1865 0.812108 0.125941 0.061951
2345 0.064577 0.790713 0.144710
951 0.028528 0.425664 0.545809
17 0.236551 0.110495 0.652954
2349 0.290404 0.354483 0.355113
446 0.404300 0.143395 0.452304
976 0.701361 0.026044 0.272595
2360 0.000630 0.499449 0.499921
1767 0.266476 0.492342 0.241182
14 0.556759 0.443241 0.000000
189 0.306409 0.574272 0.119320
1161 0.199973 0.169515 0.630512
26 0.629060 0.056674 0.314267
951 0.403047 0.080616 0.516338
17 0.027200 0.477246 0.495554
465 0.325799 0.615756 0.058445
1160 0.565110 0.407125 0.027765
1160 0.367837 0.479365 0.152798
1911 0.243758 0.477125 0.279117
2348 0.473928 0.309778 0.216294
14 0.723378 0.274365 0.002256
1744 0.105330 0.570281 0.324389
2 0.349262 0.362274 0.288464
14 0.405409 0.583913 0.010678
2359 0.019786 0.442137 0.538078
1 0.387383 0.612617 0.000000
442 0.275142 0.079635 0.645223
442 0.041000 0.308693 0.650307
1704 0.348933 0.340548 0.310520
1789 0.241283 0.524177 0.234540
457 0.604359 0.336001 0.059640
27 0.073783 0.061153 0.865064
26 0.679977 0.141074 0.178949
2357 0.232776 0.526352 0.240871
1036 0.804625 0.190318 0.005057
997 0.142084 0.184776 0.673139
2349 0.591339 0.277127 0.131533
2359 0.000000 0.192790 0.807210
2 0.609482 0.001795 0.388724
14 0.594987 0.279558 0.125456
1789 0.014676 0.640983 0.344341
1862 0.565126 0.120519 0.314356
17 0.373045 0.473493 0.153461
1 0.118778 0.604968 0.276253
1861 0.389344 0.454029 0.156627
14 0.818536 0.053228 0.128236
17 0.851122 0.069818 0.079060
22 0.656389 0.158277 0.185334
22 0.130174 0.853005 0.016821
1726 0.036205 0.788937 0.174858
1020 0.000000 0.865456 0.134544
27 0.799750 0.080749 0.119501
2359 0.392130 0.495169 0.112700
1160 0.160664 0.539847 0.299489
1113 0.363243 0.322906 0.313851
2360 0.356555 0.200198 0.443247
164 0.241218 0.643930 0.114853
17 0.120609 0.026608 0.852783
1114 0.053913 0.658216 0.287872
23 0.059829 0.073421 0.866750
23 0.245064 0.035890 0.719046
27 0.443800 0.184374 0.371826
2357 0.006520 0.377098 0.616381
961 0.188563 0.664448 0.146989
2079 0.106872 0.773608 0.119520
1036 0.068657 0.614334 0.317008
2359 0.394160 0.194917 0.410924
1333 0.211416 0.104668 0.683916
1711 0.627130 0.227871 0.144999
25 0.626100 0.119827 0.254073
457 0.882104 0.013151 0.104746
27 0.632250 0.188889 0.178861
22 0.262886 0.260583 0.476531
997 0.511378 0.356444 0.132178
1699 0.488061 0.113599 0.398340
180 0.599983 0.257180 0.142837
1017 0.388679 0.345516 0.265805
1744 0.564185 0.032396 0.403419
2348 0.098749 0.549223 0.352029
976 0.631001 0.250860 0.118138
2348 0.110080 0.805111 0.084809
14 0.417104 0.282708 0.300189
1160 0.283142 0.587622 0.129236
1863 0.376207 0.607596 0.016198
2360 0.000000 0.852897 0.147103
9 0.058838 0.676213 0.264948
2 0.035210 0.191136 0.773653
2360 0.194843 0.618360 0.186797
1 0.432508 0.567492 0.000000
446 0.077178 0.743153 0.179670
23 0.410415 0.418217 0.171368
1726 0.118573 0.641473 0.239954
2358 0.830782 0.052104 0.117114
2350 0.206047 0.234215 0.559738
14 0.032195 0.826276 0.141529
2343 0.159772 0.720631 0.119597
976 0.288398 0.703265 0.008336
457 0.282378 0.645164 0.072458
457 0.470033 0.320747 0.209219
164 0.175806 0.380073 0.444121
997 0.148631 0.305040 0.546329
16 0.238835 0.714947 0.046218
189 0.205065 0.174048 0.620888
1704 0.177292 0.616493 0.206215
505 0.119176 0.106233 0.774591
2359 0.717169 0.282831 0.000000
1908 0.061378 0.763357 0.175265
1726 0.647972 0.334900 0.017128
2339 0.326543 0.454861 0.218596
9 0.509694 0.079549 0.410757
1036 0.286167 0.575863 0.137969
1017 0.323271 0.646937 0.029792
465 0.478023 0.030794 0.491183
1 0.012821 0.192332 0.794847
953 0.668525 0.178997 0.152478
1113 0.636096 0.206206 0.157698
1861 0.823771 0.172019 0.004210
1160 0.394306 0.078276 0.527418
457 0.053954 0.745240 0.200806
1863 0.491873 0.358118 0.150009
1332 0.326197 0.563497 0.110306
16 0.187455 0.124596 0.687949
189 0.280011 0.400440 0.319550
2349 0.850258 0.096473 0.053269
1112 0.477661 0.126825 0.395514
25 0.838592 0.029520 0.131888
14 0.236545 0.096226 0.667229
14 0.056158 0.282011 0.661831
1908 0.063753 0.283285 0.652963
8 0.291592 0.496734 0.211674
2359 0.705608 0.015645 0.278747
579 0.324055 0.194387 0.481558
8 0.163405 0.121647 0.714949
28 0.038411 0.253517 0.708072
17 0.110166 0.876855 0.012979
457 0.000187 0.957255 0.042558
1908 0.386973 0.000000 0.613027
2360 0.506554 0.338434 0.155012
171 0.120338 0.627660 0.252001
1 0.424875 0.173640 0.401485
32 0.744098 0.087595 0.168307
1 0.584692 0.282618 0.132690
1 0.670943 0.329057 0.000000
25 0.571058 0.078029 0.350912
953 0.010710 0.101493 0.887797
1726 0.307802 0.473844 0.218353
25 0.436192 0.353491 0.210317
976 0.482568 0.348772 0.168659
1747 0.664336 0.310606 0.025058
2342 0.408586 0.584458 0.006955
442 0.018833 0.042516 0.938652
1863 0.168677 0.352289 0.479034
28 0.090654 0.066766 0.842580
1766 0.267889 0.000000 0.732111
32 0.479344 0.293962 0.226694
164 0.333502 0.131414 0.535084
2339 0.192740 0.383969 0.423291
446 0.574525 0.282553 0.142922
1000 0.313055 0.067190 0.619756
2360 0.817211 0.155770 0.027019
180 0.050451 0.420994 0.528555
457 0.039136 0.559354 0.401510
2353 0.106232 0.633896 0.259873
446 0.559810 0.428774 0.011416
1726 0.385733 0.346890 0.267377
1112 0.849397 0.075274 0.075330
1112 0.572079 0.317634 0.110287
1862 0.447387 0.448986 0.103626
2351 0.295408 0.353057 0.351535
2351 0.672899 0.000000 0.327101
2079 0.232763 0.437687 0.329550
1789 0.643460 0.324843 0.031697
1747 0.526485 0.277181 0.196333
2339 0.277000 0.020459 0.702541
24 0.257357 0.486503 0.256141
2343 0.644412 0.134118 0.221470
25 0.219415 0.768541 0.012044
2352 0.106445 0.298375 0.595180
1000 0.023591 0.275221 0.701188
1305 0.773630 0.007167 0.219203
1160 0.208135 0.214838 0.577027
1160 0.037406 0.359489 0.603104
1699 0.487402 0.401690 0.110907
2080 0.192447 0.136236 0.671316
25 0.282848 0.190906 0.526246
505 0.294558 0.395197 0.310246
1114 0.458572 0.302438 0.238989
1333 0.088350 0.464056 0.447594
9 0.173906 0.826094 0.000000
1766 0.121299 0.014517 0.864184
1 0.715038 0.093368 0.191595
1864 0.263625 0.319400 0.416975
1726 0.694130 0.189641 0.116229
457 0.432649 0.124281 0.443070
1704 0.214369 0.192550 0.593081
977 0.527970 0.082070 0.389961
1747 0.342584 0.170942 0.486474
460 0.261061 0.350551 0.388388
457 0.223801 0.126739 0.649460
10 0.180746 0.498328 0.320926
1906 0.965774 0.018307 0.015919
1726 0.476442 0.256670 0.266889
1114 0.233127 0.232566 0.534308
465 0.024601 0.284533 0.690866
2080 0.360418 0.038308 0.601274
1115 0.737419 0.251226 0.011355
976 0.280122 0.477468 0.242411
976 0.089940 0.880351 0.029709
1036 0.070570 0.842194 0.087236
4 0.377787 0.622213 0.000000
11 0.096567 0.190169 0.713264
1333 0.584753 0.103324 0.311923
1333 0.754913 0.000000 0.245087
13 0.698758 0.285142 0.016100
2342 0.633936 0.061916 0.304148
1863 0.772152 0.143818 0.084029
457 0.163446 0.298280 0.538274
2352 0.240478 0.514465 0.245057
2057 0.220218 0.277168 0.502614
9 0.467647 0.471730 0.060623
183 0.384365 0.301321 0.314314
1332 0.319021 0.418344 0.262635
1747 0.327134 0.421859 0.251007
976 0.457448 0.026961 0.515591
2342 0.099277 0.736429 0.164294
24 0.415973 0.106046 0.477981
24 0.654865 0.210717 0.134418
2353 0.250368 0.338282 0.411351
1018 0.104618 0.788481 0.106901
16 0.567533 0.236377 0.196090
460 0.487332 0.131810 0.380857
2340 0.083525 0.197509 0.718966
1116 0.087800 0.283034 0.629166
976 0.267544 0.275627 0.456830
4 0.360436 0.044161 0.595403
4 0.154977 0.433077 0.411946
1768 0.126698 0.860762 0.012540
579 0.578528 0.316559 0.104912
2353 0.354985 0.611841 0.033173
1747 0.506078 0.452755 0.041167
2342 0.383919 0.238951 0.377130
1727 0.373163 0.401315 0.225522
2080 0.312750 0.444256 0.242995
506 0.475122 0.190774 0.334104
2352 0.096704 0.883111 0.020185
1704 0.053823 0.043895 0.902282
506 0.015364 0.530262 0.454374
1000 0.108283 0.381935 0.509781
32 0.277428 0.648210 0.074362
28 0.290423 0.517231 0.192346
12 0.025669 0.974331 0.000000
21 0.425795 0.378736 0.195469
2342 0.135326 0.376393 0.488281
28 0.308508 0.280074 0.411418
1768 0.036875 0.752280 0.210845
1332 0.832146 0.150812 0.017042
2341 0.036437 0.851251 0.112312
2340 0.457105 0.542895 0.000000
9 0.784552 0.215448 0.000000
1726 0.138858 0.296173 0.564969
1000 0.258927 0.367425 0.373648
25 0.038857 0.427465 0.533677
183 0.058740 0.902248 0.039012
449 0.009766 0.956440 0.033794
4 0.762287 0.038460 0.199252
4 0.585125 0.029300 0.385575
2353 0.662999 0.252800 0.084200
2342 0.339295 0.001736 0.658969
165 0.235813 0.377358 0.386828
1772 0.685729 0.137112 0.177159
1333 0.523474 0.286392 0.190134
12 0.654143 0.210940 0.134917
1726 0.745796 0.039773 0.214431
1117 0.141946 0.810499 0.047556
2057 0.646157 0.139292 0.214551
1772 0.000000 0.817732 0.182268
32 0.399611 0.133984 0.466405
184 0.335130 0.643972 0.020898
2080 0.643512 0.265448 0.091040
953 0.480858 0.013550 0.505593
1768 0.348628 0.259718 0.391654
1728 0.118415 0.082744 0.798841
25 0.037996 0.045464 0.916540
976 0.132683 0.596360 0.270957
1703 0.119226 0.278072 0.602702
1009 0.759437 0.053416 0.187147
1017 0.040758 0.914702 0.044540
1862 0.052806 0.871132 0.076062
997 0.169062 0.691405 0.139533
1160 0.063407 0.074190 0.862403
460 0.259889 0.611845 0.128266
12 0.258376 0.554523 0.187101
32 0.290565 0.330519 0.378916
460 0.797987 0.169184 0.032829
2339 0.006472 0.644528 0.349000
977 0.226477 0.545351 0.228172
11 0.132579 0.495488 0.371933
2341 0.430318 0.399961 0.169721
1766 0.052580 0.900179 0.047241
1863 0.268178 0.097515 0.634308
1906 0.619669 0.309569 0.070762
457 0.086428 0.091971 0.821602
184 0.094763 0.715152 0.190085
1703 0.215937 0.688385 0.095678
1703 0.120986 0.583456 0.295557
2341 0.211690 0.741163 0.047146
11 0.287196 0.614036 0.098769
11 0.334804 0.358012 0.307183
20 0.669330 0.233413 0.097257
28 0.612982 0.224944 0.162075
2341 0.724693 0.020025 0.255282
1115 0.314927 0.194374 0.490699
306 0.211717 0.469606 0.318677
1747 0.247586 0.605785 0.146630
1747 0.301047 0.657018 0.041936
977 0.269892 0.187197 0.542911
1906 0.394087 0.555999 0.049914
1757 0.059374 0.731504 0.209122
1118 0.458882 0.282981 0.258137
1726 0.366333 0.045269 0.588398
1333 0.734181 0.152729 0.113090
320 0.048241 0.847119 0.104640
1115 0.599106 0.000000 0.400894
1759 0.191312 0.067833 0.740855
978 0.014212 0.804799 0.180989
1747 0.177802 0.160324 0.661874
1768 0.344417 0.053770 0.601813
180 0.174367 0.053581 0.772052
2079 0.713979 0.264873 0.021148
2079 0.314244 0.052335 0.633421
1727 0.415155 0.199263 0.385582
1726 0.311522 0.177364 0.511114
184 0.363168 0.465191 0.171641
505 0.208895 0.731729 0.059376
1306 0.000000 0.703296 0.296704
11 0.268557 0.731443 0.000000
184 0.726168 0.205963 0.067869
1000 0.006579 0.704844 0.288577
1018 0.342316 0.269736 0.387948
976 0.199467 0.032678 0.767855
952 0.206364 0.396317 0.397319
505 0.000000 0.742187 0.257813
467 0.072423 0.385716 0.541861
1120 0.156566 0.170001 0.673433
979 0.040544 0.216949 0.742507
1746 0.267918 0.610833 0.121250
979 0.075718 0.436281 0.488001
1703 0.772839 0.224671 0.002490
20 0.252496 0.553037 0.194467
1756 0.080477 0.453713 0.465810
978 0.057856 0.650906 0.291239
1117 0.304518 0.484015 0.211467
19 0.180731 0.782660 0.036608
1728 0.516245 0.147366 0.336389
1008 0.091592 0.583004 0.325404
997 0.037431 0.844910 0.117659
1333 0.186054 0.643123 0.170822
1746 0.584368 0.392648 0.022984
979 0.199760 0.145139 0.655101
1159 0.315593 0.684407 0.000000
320 0.115565 0.674153 0.210282
580 0.000000 0.511689 0.488311
1867 0.130480 0.313042 0.556478
2341 0.839812 0.095963 0.064225
191 0.178432 0.000000 0.821568
28 0.838452 0.063189 0.098360
19 0.635211 0.069244 0.295545
976 0.108845 0.368784 0.522371
1906 0.146535 0.586908 0.266557
1906 0.704917 0.110218 0.184865
18 0.220536 0.691526 0.087938
1728 0.260185 0.168264 0.571551
1726 0.024169 0.143314 0.832517
184 0.522358 0.150585 0.327057
11 0.695991 0.298579 0.005429
11 0.581462 0.181375 0.237163
979 0.059055 0.723781 0.217164
1747 0.126201 0.586168 0.287631
976 0.097386 0.004550 0.898064
1747 0.059218 0.188095 0.752687
1120 0.626334 0.085495 0.288172
29 0.086598 0.111484 0.801919
1009 0.240567 0.481715 0.277718
1770 0.200332 0.537377 0.262290
1000 0.619271 0.267571 0.113158
1000 0.595856 0.103725 0.300419
1772 0.196663 0.365820 0.437517
1332 0.452827 0.111856 0.435317
1018 0.028415 0.234084 0.737501
29 0.430067 0.127316 0.442617
184 0.148085 0.490668 0.361246
1117 0.105153 0.206451 0.688397
1759 0.380488 0.358031 0.261481
1770 0.000000 0.460327 0.539673
1759 0.164911 0.212580 0.622509
1759 0.447027 0.127377 0.425596
1332 0.168562 0.138771 0.692667
10 0.428942 0.000000 0.571058
1757 0.560767 0.325587 0.113646
31 0.431660 0.522676 0.045664
1011 0.207742 0.085376 0.706882
10 0.740887 0.172793 0.086320
1906 0.018476 0.486291 0.495233
1747 0.008509 0.043901 0.947590
2086 0.009431 0.014479 0.976090
1120 0.343418 0.466351 0.190231
1159 0.584026 0.388296 0.027677
320 0.097979 0.436531 0.465489
1772 0.013433 0.466384 0.520184
1728 0.016534 0.333999 0.649467
