16219 0.259145 0.730620 0.010235
18690 0.638922 0.004906 0.356172
3695 0.102937 0.734611 0.162452
19370 0.304796 0.268909 0.426295
18798 0.536547 0.266468 0.196985
11003 0.000000 0.573525 0.426475
165 1.000000 0.000000 0.000000
1286 1.000000 0.000000 0.000000
1286 1.000000 0.000000 0.000000
16973 0.054592 0.891247 0.054161
1286 1.000000 0.000000 0.000000
1286 0.335862 0.664138 0.000000
165 1.000000 0.000000 0.000000
1286 1.000000 0.000000 0.000000
165 0.775636 0.224364 0.000000
165 0.106010 0.893990 0.000000
165 1.000000 0.000000 0.000000
165 1.000000 0.000000 0.000000
177 1.000000 0.000000 0.000000
177 1.000000 0.000000 0.000000
178 0.000000 0.202654 0.797346
178 0.000000 0.363795 0.636205
165 1.000000 0.000000 0.000000
165 0.897985 0.102015 0.000000
165 0.933392 0.066608 0.000000
165 1.000000 0.000000 0.000000
165 0.116834 0.883166 0.000000
165 0.095046 0.904954 0.000000
177 1.000000 0.000000 0.000000
177 1.000000 0.000000 0.000000
165 1.000000 0.000000 0.000000
165 0.764430 0.235570 0.000000
165 0.563126 0.436874 0.000000
165 1.000000 0.000000 0.000000
165 0.690450 0.309550 0.000000
165 1.000000 0.000000 0.000000
177 0.668777 0.331223 0.000000
177 0.343357 0.656643 0.000000
1286 0.000000 1.000000 0.000000
1286 0.000000 1.000000 0.000000
11066 0.236296 0.000000 0.763704
26753 0.519353 0.153794 0.326853
11064 1.000000 0.000000 0.000000
26753 0.209902 0.417191 0.372907
11064 1.000000 0.000000 0.000000
26753 0.141937 0.700835 0.157228
11064 0.304588 0.695412 0.000000
11065 0.057275 0.378562 0.564163
13504 0.056575 0.442544 0.500882
13503 0.087993 0.343366 0.568641
29192 0.157345 0.755869 0.086787
13503 0.200889 0.065639 0.733472
13505 0.401769 0.546054 0.052176
21378 0.071438 0.345095 0.583468
21379 0.012354 0.129094 0.858552
3381 0.299600 0.563720 0.136680
3381 0.000000 0.669030 0.330970
3381 0.000000 0.472873 0.527127
3380 1.000000 0.000000 0.000000
1344 1.000000 0.000000 0.000000
178 0.279918 0.367701 0.352381
15866 0.135525 0.467491 0.396983
15865 0.421259 0.188498 0.390242
11068 0.000000 0.710335 0.289665
173 0.000000 0.229020 0.770980
11068 0.019887 0.409530 0.570584
174 0.416492 0.132509 0.450999
11069 1.000000 0.000000 0.000000
11069 1.000000 0.000000 0.000000
11070 1.000000 0.000000 0.000000
11051 0.000000 0.147831 0.852169
9131 0.795969 0.204031 0.000000
26738 0.083446 0.648095 0.268460
11049 0.685649 0.314351 0.000000
7868 0.544538 0.034383 0.421079
24873 0.582862 0.000000 0.417138
11047 0.010518 0.678391 0.311091
11090 0.224611 0.190006 0.585383
8551 1.000000 0.000000 0.000000
26919 0.670991 0.006833 0.322176
11115 1.000000 0.000000 0.000000
1286 0.258488 0.741512 0.000000
26754 0.025454 0.540923 0.433623
11072 0.359299 0.640701 0.000000
11072 0.142708 0.857292 0.000000
11064 0.710577 0.073957 0.215466
26752 0.129795 0.784247 0.085958
165 1.000000 0.000000 0.000000
11072 1.000000 0.000000 0.000000
11072 0.762070 0.237930 0.000000
11072 0.601680 0.398320 0.000000
11072 0.267794 0.385670 0.346535
26752 0.025707 0.192448 0.781845
26755 0.537718 0.333427 0.128854
11067 1.000000 0.000000 0.000000
26755 0.127805 0.328956 0.543238
11067 0.192171 0.000000 0.807829
11074 0.673049 0.326951 0.000000
26755 0.017892 0.851989 0.130119
26762 0.482944 0.350361 0.166695
11074 0.092430 0.907570 0.000000
26762 0.018505 0.457872 0.523624
26760 0.558025 0.060890 0.381085
26763 0.042538 0.593274 0.364188
11073 0.667886 0.332114 0.000000
26755 0.341081 0.005709 0.653210
11069 0.000000 0.957777 0.042223
11069 0.000000 0.468263 0.531737
11070 0.021777 0.978223 0.000000
11070 0.021455 0.256131 0.722414
13505 0.094910 0.495349 0.409741
11061 0.324167 0.640708 0.035125
11062 0.295595 0.672286 0.032119
26750 0.028157 0.849429 0.122415
13581 0.017349 0.544924 0.437726
29268 0.073098 0.714765 0.212136
13506 0.263252 0.594163 0.142585
11068 0.000000 0.000000 1.000000
11069 0.127451 0.183948 0.688601
11070 0.283138 0.716862 0.000000
7861 0.389026 0.352575 0.258399
7865 0.000000 0.830002 0.169998
9185 0.505218 0.461026 0.033756
23627 0.428699 0.485623 0.085678
11048 0.001451 0.717072 0.281476
26757 0.012189 0.684491 0.303320
26736 0.508120 0.301896 0.189984
26925 0.319571 0.200728 0.479701
26926 0.158633 0.734564 0.106803
29193 0.179009 0.770495 0.050496
29193 0.017012 0.670215 0.312773
29268 0.214481 0.641139 0.144380
165 0.738971 0.000000 0.261029
165 1.000000 0.000000 0.000000
165 0.781328 0.000000 0.218672
165 0.717671 0.186154 0.096175
165 0.853116 0.089553 0.057331
165 1.000000 0.000000 0.000000
165 1.000000 0.000000 0.000000
165 0.311298 0.688702 0.000000
177 1.000000 0.000000 0.000000
177 0.559605 0.440395 0.000000
177 0.170831 0.829169 0.000000
177 0.112692 0.887308 0.000000
165 1.000000 0.000000 0.000000
165 0.632217 0.367783 0.000000
165 0.510067 0.489933 0.000000
165 1.000000 0.000000 0.000000
177 0.674542 0.325458 0.000000
177 1.000000 0.000000 0.000000
177 0.674745 0.325255 0.000000
177 0.765924 0.234076 0.000000
165 0.111016 0.888984 0.000000
165 1.000000 0.000000 0.000000
165 0.399012 0.600988 0.000000
165 1.000000 0.000000 0.000000
1344 1.000000 0.000000 0.000000
1344 1.000000 0.000000 0.000000
1319 0.661330 0.338670 0.000000
1320 0.000000 0.000000 1.000000
3388 0.302091 0.594413 0.103495
3388 0.562066 0.000000 0.437934
3382 0.000000 0.212423 0.787577
3388 1.000000 0.000000 0.000000
3382 0.152905 0.336471 0.510625
3390 0.000000 0.952427 0.047573
19069 0.680338 0.107484 0.212178
19070 0.147635 0.193995 0.658370
3383 0.407300 0.508652 0.084048
19071 0.363827 0.153739 0.482434
3264 0.092496 0.541732 0.365772
179 0.518502 0.307279 0.174219
15866 0.420936 0.000941 0.578123
174 0.027966 0.351332 0.620702
15861 0.291253 0.578916 0.129832
15862 0.280712 0.211452 0.507836
11051 1.000000 0.000000 0.000000
11051 0.487016 0.512984 0.000000
26739 0.574127 0.194529 0.231344
26742 0.091419 0.302152 0.606429
11056 0.343864 0.295018 0.361117
26920 0.383504 0.088577 0.527919
1286 0.719671 0.280329 0.000000
1321 1.000000 0.000000 0.000000
1248 0.707516 0.188146 0.104338
4 0.000000 0.044726 0.955274
3385 0.000000 0.353783 0.646217
3263 0.041549 0.478357 0.480094
165 0.759293 0.240707 0.000000
1321 0.857314 0.000000 0.142686
1319 0.388926 0.222466 0.388608
6 0.000000 0.441751 0.558249
15744 0.176722 0.026282 0.796996
165 0.180544 0.819456 0.000000
164 0.375150 0.000000 0.624850
17008 0.096879 0.353348 0.549773
1286 0.290716 0.274773 0.434511
1247 0.039955 0.554556 0.405489
1319 0.238098 0.000000 0.761902
47 0.112418 0.627391 0.260191
15735 0.245707 0.180293 0.574001
15740 0.218545 0.181892 0.599563
164 0.907710 0.041450 0.050841
1245 0.175197 0.296208 0.528595
19065 0.567482 0.151072 0.281445
3377 0.026273 0.278480 0.695247
19063 0.006703 0.919427 0.073870
3263 0.721055 0.120105 0.158840
13506 0.391129 0.608871 0.000000
13506 0.373793 0.134407 0.491800
1317 1.000000 0.000000 0.000000
3378 1.000000 0.000000 0.000000
19065 0.083942 0.428093 0.487965
3215 1.000000 0.000000 0.000000
16305 0.513292 0.262997 0.223711
3378 1.000000 0.000000 0.000000
3215 0.040991 0.686830 0.272179
3193 0.092902 0.867693 0.039406
18878 0.408708 0.206347 0.384944
3192 0.560807 0.059540 0.379654
3215 0.148778 0.227789 0.623433
11149 0.112895 0.260120 0.626985
3243 0.455222 0.343939 0.200839
3216 0.222960 0.257523 0.519517
3216 0.088019 0.899658 0.012322
1317 0.477302 0.522698 0.000000
3242 0.354658 0.418830 0.226512
26837 0.501890 0.213555 0.284555
3395 0.163460 0.214539 0.622001
26924 0.466402 0.190990 0.342609
3427 0.063980 0.375686 0.560334
3423 0.278923 0.000000 0.721077
19083 0.432512 0.105160 0.462328
18951 1.000000 0.000000 0.000000
3241 0.796123 0.161242 0.042634
19059 0.402948 0.439896 0.157156
18951 0.318541 0.365660 0.315798
18952 0.259091 0.107368 0.633541
165 0.555464 0.444536 0.000000
165 0.401489 0.598511 0.000000
165 0.279675 0.720325 0.000000
165 1.000000 0.000000 0.000000
177 1.000000 0.000000 0.000000
177 0.931107 0.068893 0.000000
13506 0.338666 0.409756 0.251578
13506 0.146384 0.235742 0.617873
13506 0.433339 0.420737 0.145924
18952 0.683139 0.268557 0.048304
18958 0.934742 0.023152 0.042106
18885 0.860475 0.060115 0.079410
3198 0.483947 0.516053 0.000000
3207 0.322680 0.677320 0.000000
18897 0.218033 0.335486 0.446481
11131 0.000000 0.996622 0.003378
26832 0.258233 0.644116 0.097651
11136 0.122026 0.597997 0.279977
3305 0.172159 0.125056 0.702784
3246 0.431626 0.314456 0.253918
3198 0.000000 1.000000 0.000000
18901 0.644503 0.020253 0.335244
26834 0.227215 0.513010 0.259775
11092 0.249840 0.302204 0.447957
26819 0.351156 0.373628 0.275216
18893 0.778244 0.103917 0.117839
2934 0.128022 0.737211 0.134767
18899 0.308950 0.090092 0.600958
18899 0.821178 0.146458 0.032365
3204 0.000000 0.389435 0.610565
2869 0.679616 0.296216 0.024168
18892 0.140997 0.465325 0.393677
3209 0.000000 0.765978 0.234022
3285 0.151554 0.121148 0.727298
18621 0.020544 0.677690 0.301766
2869 0.000000 0.539936 0.460064
2498 0.644135 0.197404 0.158462
18620 0.048937 0.554890 0.396174
18184 0.405229 0.270655 0.324116
18555 0.239232 0.390921 0.369847
18187 0.395019 0.081546 0.523435
2866 0.776331 0.174287 0.049382
25996 0.727049 0.045268 0.227683
2489 0.133361 0.818770 0.047869
25993 0.147263 0.219293 0.633444
2866 0.050793 0.717113 0.232094
26422 0.287543 0.587174 0.125283
26807 0.725575 0.140403 0.134023
26422 0.775939 0.091160 0.132901
11119 0.500452 0.421375 0.078173
26828 0.889438 0.017757 0.092806
26782 0.095116 0.894841 0.010043
10668 1.000000 0.000000 0.000000
10668 0.090830 0.736941 0.172230
11125 0.586719 0.209180 0.204101
26825 0.484912 0.225196 0.289893
11128 0.000000 0.875802 0.124198
11136 0.000000 0.626968 0.373032
11128 0.596768 0.403232 0.000000
11128 0.000000 0.402905 0.597095
11127 0.000000 0.709577 0.290423
11127 0.229905 0.101382 0.668713
26815 0.048549 0.127654 0.823797
10361 0.302008 0.067508 0.630483
10360 0.000000 0.254147 0.745853
26357 0.026528 0.249369 0.724103
10359 0.000000 0.808831 0.191169
10359 0.296929 0.268923 0.434148
10361 0.000000 0.671179 0.328821
26056 0.051672 0.039661 0.908667
10677 0.018156 0.182852 0.798992
26047 0.298519 0.663059 0.038423
10358 0.000000 0.072113 0.927887
10677 0.233524 0.647774 0.118702
10666 0.053894 0.741852 0.204253
26429 0.125760 0.592525 0.281715
10742 0.133070 0.283281 0.583649
10677 1.000000 0.000000 0.000000
10666 1.000000 0.000000 0.000000
25995 0.268482 0.574754 0.156764
25993 0.605432 0.394105 0.000464
2504 1.000000 0.000000 0.000000
18190 0.384032 0.053186 0.562782
10742 0.655660 0.000000 0.344340
25990 0.193443 0.712213 0.094344
26430 0.840857 0.141968 0.017175
2503 0.054085 0.092147 0.853768
10302 0.072499 0.717912 0.209588
10729 1.000000 0.000000 0.000000
2495 0.410192 0.570967 0.018841
10666 0.789064 0.210936 0.000000
10666 1.000000 0.000000 0.000000
10677 0.658991 0.341009 0.000000
10677 0.853216 0.146784 0.000000
10371 0.236546 0.000000 0.763454
10368 0.607984 0.000000 0.392016
10363 1.000000 0.000000 0.000000
10371 0.413356 0.000000 0.586644
10679 0.205505 0.748719 0.045776
10368 0.350137 0.000000 0.649863
26056 0.175331 0.476101 0.348568
26432 0.282388 0.204530 0.513082
25989 0.768826 0.163909 0.067266
10680 0.376740 0.623260 0.000000
25989 0.552464 0.415902 0.031634
10744 0.295480 0.227922 0.476598
26367 0.077642 0.398234 0.524124
2691 0.873374 0.079657 0.046969
18377 0.645936 0.112697 0.241367
2518 0.191297 0.400117 0.408585
18204 0.702855 0.063585 0.233560
26190 0.176744 0.143810 0.679446
10504 0.338986 0.263405 0.397609
2691 0.364441 0.380626 0.254933
10641 0.780920 0.219080 0.000000
18204 0.364922 0.542491 0.092587
18377 0.225298 0.306874 0.467829
18210 0.177810 0.546330 0.275860
10504 0.781992 0.126737 0.091271
2689 0.495307 0.314976 0.189717
2569 0.120018 0.675856 0.204126
26186 0.094791 0.754197 0.151013
26445 0.633400 0.162216 0.204384
26408 0.048013 0.665292 0.286694
26259 0.695449 0.146153 0.158398
2689 0.315794 0.108287 0.575919
26408 0.572252 0.222155 0.205592
18379 0.488652 0.096574 0.414774
26179 0.837627 0.096597 0.065777
2516 0.974894 0.009840 0.015266
10682 0.177068 0.246845 0.576086
10756 0.598591 0.303592 0.097817
10683 0.782491 0.147663 0.069845
10758 0.372555 0.577805 0.049640
26330 0.413510 0.283360 0.303129
26330 0.805120 0.064178 0.130702
26330 0.022705 0.519903 0.457392
11085 0.000000 0.896261 0.103739
10381 1.000000 0.000000 0.000000
26179 0.127402 0.138059 0.734539
26179 0.474321 0.148247 0.377432
2692 0.516388 0.050669 0.432943
2692 0.154357 0.509959 0.335683
26371 0.179509 0.074355 0.746136
26371 0.541924 0.199645 0.258431
18329 0.309822 0.288222 0.401956
10332 0.089923 0.612440 0.297638
10770 0.053127 0.634279 0.312594
18509 0.235629 0.488975 0.275396
2822 0.081832 0.444323 0.473845
15688 0.238650 0.592860 0.168490
10651 0.137045 0.608170 0.254785
10650 0.209304 0.216331 0.574365
26339 0.167752 0.605376 0.226872
11130 0.000000 0.675278 0.324722
11130 0.000000 0.262249 0.737751
3213 0.668423 0.331577 0.000000
11129 0.000000 0.647632 0.352368
2560 1.000000 0.000000 0.000000
2560 1.000000 0.000000 0.000000
26046 1.000000 0.000000 0.000000
10358 0.577953 0.403800 0.018247
2559 1.000000 0.000000 0.000000
2559 1.000000 0.000000 0.000000
2567 0.143729 0.856271 0.000000
2565 0.057248 0.942752 0.000000
26045 0.146992 0.605844 0.247165
2560 0.564727 0.435273 0.000000
10358 0.501314 0.000000 0.498686
2559 1.000000 0.000000 0.000000
2558 0.261779 0.355076 0.383145
2558 0.038280 0.811687 0.150032
2558 0.516202 0.025968 0.457830
2559 0.145888 0.854112 0.000000
2560 0.295538 0.704462 0.000000
3202 1.000000 0.000000 0.000000
2567 1.000000 0.000000 0.000000
10357 1.000000 0.000000 0.000000
2565 0.218775 0.657510 0.123715
2567 1.000000 0.000000 0.000000
2565 0.392030 0.342930 0.265040
10357 0.495640 0.000000 0.504360
3201 0.254035 0.588976 0.156989
3213 0.046015 0.953985 0.000000
18889 0.301420 0.370852 0.327728
18245 0.475205 0.175990 0.348805
18244 0.000000 0.971602 0.028398
18254 0.059161 0.134236 0.806602
2567 0.694057 0.305943 0.000000
10357 0.711119 0.000000 0.288881
2563 1.000000 0.000000 0.000000
18254 0.589658 0.205305 0.205036
2565 0.616558 0.383442 0.000000
2566 0.226932 0.773068 0.000000
2566 0.080182 0.919818 0.000000
2568 1.000000 0.000000 0.000000
2871 1.000000 0.000000 0.000000
18558 0.520267 0.009951 0.469782
26046 0.228729 0.084641 0.686630
11129 0.243783 0.000000 0.756217
2556 0.791076 0.208924 0.000000
2566 0.624764 0.375236 0.000000
10371 0.617020 0.000000 0.382980
10371 0.514247 0.293722 0.192031
2556 0.484550 0.464630 0.050819
2556 0.388389 0.611611 0.000000
18243 0.357650 0.000000 0.642350
18562 0.088105 0.727651 0.184244
18536 0.353532 0.062141 0.584327
26054 0.044398 0.355570 0.600032
18243 0.183291 0.599012 0.217696
2556 1.000000 0.000000 0.000000
18560 0.293771 0.275495 0.430734
2555 0.079217 0.495371 0.425412
2554 1.000000 0.000000 0.000000
18240 0.551458 0.077653 0.370889
18550 0.424871 0.469950 0.105179
2862 0.477901 0.252313 0.269786
18614 0.427190 0.184249 0.388562
18549 0.111612 0.351683 0.536705
18550 0.157752 0.773313 0.068936
26054 0.397793 0.583959 0.018248
18625 0.779419 0.165064 0.055517
18244 0.609270 0.313170 0.077559
18244 0.499624 0.075317 0.425059
18559 0.870952 0.091072 0.037976
18562 0.600132 0.128431 0.271437
2919 0.377117 0.618989 0.003895
2910 0.206669 0.220601 0.572730
18178 0.044767 0.815262 0.139971
2929 0.409208 0.053732 0.537060
2928 0.188862 0.002428 0.808710
18595 0.104171 0.106795 0.789034
18624 0.488215 0.344339 0.167446
18177 0.127562 0.591507 0.280931
18617 0.052385 0.381839 0.565775
2930 0.391633 0.586136 0.022231
2492 0.038627 0.493634 0.467739
2492 0.771184 0.070149 0.158667
18180 0.265572 0.483362 0.251066
2936 0.434398 0.172154 0.393449
18623 0.076534 0.355963 0.567503
2937 0.026171 0.000000 0.973829
18623 0.050528 0.143550 0.805922
2909 0.198525 0.608971 0.192503
2495 0.363641 0.411727 0.224632
2495 0.335275 0.217406 0.447319
18182 0.324328 0.662384 0.013289
2495 0.020548 0.080139 0.899313
26030 0.024278 0.915298 0.060425
10298 0.226345 0.247504 0.526151
2510 0.087919 0.553290 0.358791
26030 0.118195 0.603063 0.278742
18605 0.547053 0.309967 0.142980
25986 0.397131 0.458398 0.144471
10297 0.854842 0.061153 0.084005
18260 0.360767 0.485739 0.153495
26030 0.426250 0.348165 0.225585
26425 0.057692 0.337249 0.605059
10306 0.131173 0.568495 0.300332
26425 0.437572 0.059191 0.503237
25989 0.276550 0.667653 0.055797
10738 0.128556 0.663279 0.208166
10779 0.158326 0.651087 0.190587
10779 0.541947 0.330216 0.127837
10676 0.432047 0.498482 0.069471
10676 0.101722 0.851587 0.046691
26431 0.782839 0.063767 0.153394
10366 0.129638 0.575048 0.295314
2854 0.037527 0.865582 0.096890
10363 1.000000 0.000000 0.000000
10363 0.306408 0.276880 0.416713
19390 0.422318 0.308272 0.269410
3697 0.034955 0.516134 0.448911
2971 0.034454 0.013303 0.952243
10680 1.000000 0.000000 0.000000
26364 0.568003 0.215125 0.216873
10712 0.143139 0.515007 0.341854
10712 0.511211 0.226808 0.261982
2545 0.446253 0.062650 0.491097
2920 0.136354 0.171709 0.691937
2920 0.557096 0.023069 0.419835
2855 0.070190 0.491001 0.438810
18547 0.285764 0.441881 0.272355
18602 0.305290 0.578802 0.115909
18602 0.569449 0.342786 0.087765
18547 0.012950 0.718714 0.268336
18612 0.041394 0.229548 0.729058
18602 0.045468 0.800012 0.154519
18607 0.861270 0.107699 0.031031
2855 0.712377 0.123515 0.164109
2915 0.817442 0.023961 0.158597
18606 0.177594 0.116660 0.705746
18541 0.164605 0.253160 0.582234
18603 0.113497 0.187866 0.698637
18603 0.338878 0.414909 0.246213
2854 0.308474 0.231517 0.460009
26091 0.019004 0.126906 0.854090
26090 0.177648 0.738401 0.083951
18236 0.229633 0.474479 0.295888
2550 0.393851 0.580328 0.025822
2487 0.144119 0.161744 0.694136
2487 0.243090 0.318645 0.438265
18172 0.048628 0.077854 0.873518
2487 0.223493 0.600946 0.175561
18260 0.088710 0.673477 0.237814
26090 0.115824 0.188763 0.695413
26090 0.070640 0.387542 0.541818
26101 0.064847 0.471197 0.463956
26101 0.646666 0.199969 0.153366
26400 0.708106 0.085352 0.206542
10711 0.241043 0.541551 0.217406
26030 0.130461 0.073988 0.795551
10339 0.716858 0.029547 0.253595
10349 0.195467 0.804533 0.000000
26026 0.191476 0.778022 0.030501
26027 0.274980 0.042277 0.682743
10349 0.462684 0.496130 0.041186
26026 0.234440 0.511655 0.253905
26031 0.068847 0.295418 0.635735
26026 0.378285 0.268292 0.353423
26466 0.281678 0.059345 0.658977
26363 0.347388 0.496063 0.156549
26414 0.185807 0.759645 0.054548
18238 0.128996 0.485679 0.385325
26414 0.349902 0.495458 0.154640
2922 0.364646 0.508193 0.127162
2695 0.440136 0.429411 0.130452
2695 0.213951 0.422927 0.363122
2922 0.161062 0.477932 0.361006
18608 0.104618 0.639833 0.255549
18548 0.108655 0.479095 0.412250
18600 0.870406 0.025294 0.104300
18601 0.105449 0.135181 0.759370
18600 0.636936 0.092672 0.270392
18237 0.110363 0.264362 0.625276
2477 0.774905 0.099431 0.125664
18164 0.636572 0.245500 0.117928
18548 0.335478 0.561567 0.102955
18237 0.333159 0.385693 0.281148
2921 0.236082 0.094667 0.669250
2861 0.366552 0.184670 0.448778
2550 1.000000 0.000000 0.000000
2921 0.041265 0.517179 0.441556
2861 0.292422 0.484492 0.223086
2550 0.505021 0.243855 0.251124
18613 0.796170 0.113761 0.090068
2488 0.374109 0.190730 0.435162
2488 0.127452 0.677562 0.194986
2914 0.334326 0.471084 0.194590
2914 0.511687 0.052316 0.435997
18601 0.336074 0.340740 0.323186
18175 0.335655 0.381268 0.283077
18175 0.107017 0.197824 0.695159
18344 0.866477 0.082497 0.051026
10344 0.658786 0.134243 0.206971
10344 0.443160 0.108585 0.448256
2660 0.000000 0.119780 0.880220
10344 0.204824 0.035712 0.759464
26031 0.001418 0.047404 0.951178
2659 0.070644 0.799534 0.129822
26035 0.131403 0.851722 0.016875
10337 0.905348 0.094652 0.000000
2659 0.110984 0.505383 0.383633
26035 0.351035 0.591267 0.057699
18344 0.628333 0.111168 0.260499
10337 0.683343 0.283030 0.033627
10337 0.455606 0.302683 0.241711
10337 0.224825 0.339778 0.435397
26026 0.412054 0.019746 0.568200
10753 0.158622 0.496418 0.344960
26415 0.421641 0.083389 0.494970
26470 0.036931 0.582737 0.380333
26415 0.280859 0.297121 0.422021
26415 0.109682 0.511959 0.378358
10728 0.258912 0.581675 0.159414
10728 0.012184 0.576584 0.411232
26414 0.494164 0.241218 0.264618
10401 0.675191 0.184134 0.140674
26072 0.075619 0.103209 0.821171
10411 0.132792 0.090787 0.776421
10401 0.468626 0.216516 0.314858
10401 0.263456 0.161274 0.575269
10401 0.047288 0.136718 0.815994
26099 0.367578 0.619811 0.012611
10385 0.050788 0.767875 0.181337
26096 0.129749 0.728668 0.141583
26096 0.381873 0.519720 0.098407
26398 0.010847 0.092462 0.896691
10691 0.147329 0.150473 0.702198
10691 0.389613 0.179697 0.430689
10408 0.685979 0.009169 0.304853
10664 0.040683 0.803720 0.155598
26351 0.136017 0.727044 0.136940
26363 0.690745 0.218912 0.090344
3656 0.527574 0.369066 0.103360
26351 0.414072 0.507698 0.078230
10663 0.702966 0.041339 0.255695
26405 0.083536 0.078220 0.838245
10718 0.159775 0.340240 0.499986
26412 0.049081 0.591393 0.359526
18420 0.127225 0.529719 0.343056
18441 0.362281 0.362936 0.274783
2743 0.123654 0.314863 0.561483
18430 0.203160 0.069138 0.727702
18412 0.090238 0.421978 0.487784
2709 0.263346 0.061572 0.675082
2739 0.562675 0.412268 0.025057
2742 0.249245 0.661214 0.089542
2699 0.438341 0.396839 0.164820
18385 0.625572 0.206458 0.167971
2741 0.273717 0.417786 0.308497
2749 0.499133 0.089005 0.411862
2709 0.896896 0.006245 0.096859
2733 0.422764 0.529478 0.047758
18577 0.858720 0.105451 0.035829
2900 0.189658 0.557973 0.252369
18429 0.700577 0.000000 0.299423
2725 0.593716 0.000000 0.406284
18437 0.667555 0.095097 0.237348
2750 0.729128 0.183491 0.087381
2752 0.567103 0.379549 0.053348
18439 0.706445 0.108277 0.185278
2889 0.053217 0.581498 0.365284
2888 0.842340 0.048282 0.109378
18440 0.456403 0.493552 0.050045
2751 0.253307 0.161588 0.585105
2889 0.259078 0.118857 0.622066
18600 0.161222 0.281110 0.557668
18567 0.169784 0.406895 0.423321
18344 0.140181 0.222367 0.637451
18600 0.400379 0.181649 0.417971
18567 0.403692 0.102527 0.493781
18344 0.385274 0.147615 0.467111
26035 0.533885 0.331678 0.134437
26470 0.326247 0.321179 0.352574
2659 0.260489 0.102699 0.636812
26099 0.526587 0.377150 0.096263
26099 0.650534 0.130810 0.218655
18164 0.169998 0.424860 0.405142
18164 0.403370 0.357977 0.238653
10580 0.108663 0.809678 0.081659
2903 0.590469 0.352758 0.056772
18383 0.405104 0.099202 0.495694
2735 0.621317 0.340312 0.038371
18383 0.184714 0.348998 0.466288
2736 0.147168 0.576151 0.276680
18591 0.179441 0.717998 0.102561
2738 0.351985 0.633636 0.014379
2737 0.000000 0.229676 0.770324
2904 0.749613 0.000000 0.250387
18592 0.148624 0.012128 0.839248
18440 0.207721 0.081864 0.710415
2906 0.201842 0.077049 0.721108
2901 0.070567 0.659523 0.269910
18423 0.473794 0.300889 0.225317
2904 1.000000 0.000000 0.000000
26269 0.466599 0.468701 0.064699
10581 1.000000 0.000000 0.000000
26270 0.093257 0.015608 0.891135
26269 0.203599 0.676825 0.119576
10691 0.639455 0.285853 0.074692
26380 0.209832 0.111007 0.679161
10596 0.128347 0.429125 0.442528
10596 0.356231 0.486694 0.157075
26285 0.107564 0.425321 0.467116
26285 0.314262 0.192964 0.492774
26412 0.502432 0.336168 0.161400
26035 0.788725 0.077639 0.133636
26470 0.659770 0.068068 0.272162
26439 0.036208 0.084536 0.879256
26435 0.390733 0.330355 0.278912
26435 0.129892 0.584566 0.285542
26437 0.364446 0.583857 0.051697
10749 0.675198 0.000000 0.324802
10551 1.000000 0.000000 0.000000
10551 0.390901 0.001599 0.607500
26438 0.020087 0.059345 0.920568
26435 0.569958 0.066143 0.363899
10551 0.884549 0.000000 0.115451
10554 0.172252 0.719911 0.107837
26437 0.066035 0.832402 0.101563
10551 0.149480 0.051986 0.798534
18438 0.161719 0.477491 0.360791
18576 0.117170 0.441684 0.441146
18574 0.072482 0.559105 0.368412
2887 0.000000 0.355377 0.644623
18580 0.814778 0.000000 0.185222
2887 0.000000 0.613627 0.386373
2886 0.537498 0.329092 0.133410
18346 0.119170 0.706491 0.174339
10662 0.201400 0.322353 0.476246
18582 0.529311 0.248194 0.222495
2885 0.074144 0.458609 0.467247
2890 0.056789 0.235928 0.707284
18572 0.276039 0.409282 0.314679
18577 0.035445 0.301433 0.663122
18580 0.016687 0.842576 0.140737
2748 0.201891 0.584530 0.213579
10746 0.174328 0.626216 0.199456
26262 0.080188 0.573180 0.346632
26262 0.398937 0.311286 0.289777
26271 0.109753 0.794037 0.096210
26271 0.218574 0.563324 0.218102
2906 0.439169 0.000000 0.560831
26271 0.336653 0.327324 0.336023
2906 0.670999 0.000000 0.329001
10544 0.032330 0.456506 0.511164
10544 0.263431 0.360899 0.375670
10544 0.507244 0.270221 0.222535
10544 0.748520 0.170607 0.080873
26271 0.420297 0.081262 0.498442
10568 0.001459 0.144498 0.854043
10584 0.158428 0.328523 0.513050
10546 0.246919 0.652017 0.101064
26248 0.116381 0.883105 0.000514
26248 0.245958 0.646090 0.107952
26248 0.387598 0.385101 0.227301
26248 0.561084 0.122437 0.316478
10546 0.502369 0.243903 0.253729
10562 0.361193 0.139020 0.499787
26250 0.477130 0.375252 0.147618
2899 0.556258 0.313045 0.130697
2729 0.510401 0.309508 0.180091
10562 0.126291 0.447497 0.426211
26262 0.721619 0.046354 0.232026
2817 0.731696 0.253748 0.014555
18432 0.716970 0.180009 0.103021
26263 0.218831 0.274389 0.506780
18583 0.238144 0.594975 0.166881
26280 0.436440 0.014491 0.549069
26263 0.007902 0.555487 0.436611
18581 0.503977 0.041946 0.454077
10576 0.193109 0.655391 0.151500
2894 0.544278 0.228471 0.227251
23737 0.579473 0.289780 0.130747
23538 0.294131 0.642126 0.063743
23727 0.553634 0.159273 0.287092
8054 0.506298 0.251489 0.242213
18505 0.607679 0.027621 0.364700
18415 0.023833 0.795459 0.180708
18587 0.498241 0.082272 0.419487
2739 0.000000 0.455435 0.544565
2728 0.463544 0.208744 0.327712
18505 0.137708 0.259860 0.602432
18588 0.489655 0.326721 0.183624
18504 0.223367 0.431075 0.345559
18426 0.184328 0.175066 0.640606
18594 0.209205 0.269616 0.521179
10541 0.122013 0.050102 0.827885
18568 0.630141 0.061873 0.307985
2742 1.000000 0.000000 0.000000
18429 0.106115 0.238630 0.655256
2898 0.281973 0.302490 0.415537
2740 0.071712 0.462376 0.465912
18584 0.616047 0.020965 0.362988
18142 0.066157 0.850695 0.083148
18427 0.234528 0.156082 0.609390
2897 0.000000 0.321548 0.678452
18194 0.022926 0.069401 0.907674
10585 0.000000 0.681326 0.318674
2724 0.335423 0.086910 0.577667
18397 0.272413 0.538332 0.189255
18435 0.508419 0.000155 0.491425
2892 0.321101 0.020721 0.658178
18376 0.146434 0.623242 0.230324
18579 0.076328 0.758995 0.164677
18418 0.158151 0.749867 0.091982
18256 0.152596 0.149559 0.697845
2906 1.000000 0.000000 0.000000
10577 0.166086 0.183290 0.650624
10577 0.407244 0.353321 0.239435
10584 0.412640 0.135981 0.451379
26272 0.686440 0.304216 0.009344
26280 0.127862 0.322634 0.549504
10585 0.191815 0.075287 0.732898
26771 0.251262 0.574786 0.173952
10542 0.368198 0.192257 0.439546
11058 0.634305 0.331701 0.033993
26230 0.378796 0.491198 0.130006
11058 0.666186 0.048615 0.285200
26230 0.094681 0.324586 0.580733
26246 0.242466 0.470839 0.286695
26247 0.713447 0.246253 0.040300
10543 1.000000 0.000000 0.000000
24173 0.678444 0.251941 0.069615
8484 0.046479 0.099076 0.854445
24157 0.250404 0.241054 0.508542
8462 0.180475 0.697184 0.122341
26731 0.404667 0.044187 0.551146
26774 0.391271 0.546613 0.062117
24173 0.221349 0.763809 0.014842
26731 0.216603 0.740152 0.043244
24150 0.470228 0.193712 0.336060
18506 0.316224 0.328523 0.355253
3394 0.120628 0.341788 0.537584
18193 0.403179 0.321201 0.275620
30505 0.133322 0.012241 0.854437
14806 0.130603 0.491373 0.378025
14774 0.720761 0.249871 0.029367
30470 0.379913 0.535630 0.084457
2569 0.188079 0.270402 0.541519
19081 0.700155 0.295313 0.004532
26139 0.118408 0.002786 0.878806
10449 0.707125 0.240589 0.052286
26771 0.397554 0.381114 0.221332
26765 0.024502 0.497916 0.477582
26747 0.132616 0.862626 0.004758
24147 0.339099 0.272438 0.388463
26774 0.304724 0.145182 0.550094
26775 0.050701 0.544383 0.404916
8469 0.460422 0.139865 0.399713
26775 0.108900 0.232423 0.658676
8469 0.271393 0.670326 0.058281
10647 0.748334 0.175607 0.076059
24146 0.546339 0.255318 0.198344
24459 0.236190 0.696672 0.067138
8458 0.346717 0.519635 0.133648
8777 0.054071 0.882937 0.062992
8559 0.018537 0.150733 0.830729
24249 0.743693 0.089728 0.166580
24245 0.476277 0.260717 0.263006
26337 0.902504 0.078973 0.018523
24465 0.644543 0.089878 0.265579
8774 0.301817 0.085459 0.612724
24468 0.425610 0.530973 0.043417
8773 0.690518 0.139693 0.169789
24466 0.082900 0.693473 0.223627
24298 0.074874 0.706134 0.218992
30114 0.086999 0.085021 0.827981
8782 0.447522 0.038425 0.514052
8699 0.293224 0.434156 0.272621
24326 0.016431 0.921504 0.062065
14426 0.276166 0.066430 0.657404
29939 0.411935 0.365514 0.222551
30115 0.612645 0.168042 0.219313
29944 0.478200 0.081678 0.440122
10454 0.696315 0.204771 0.098914
10454 0.187051 0.293999 0.518951
10453 0.633125 0.080630 0.286245
18906 0.098023 0.651732 0.250245
26114 0.276295 0.000000 0.723705
26142 0.305055 0.279637 0.415308
17648 0.049938 0.431871 0.518191
17648 0.332480 0.040301 0.627220
632 0.368403 0.054165 0.577432
19079 0.337506 0.024195 0.638299
18906 0.622734 0.314973 0.062293
19079 0.021199 0.793872 0.184929
10449 0.104927 0.274411 0.620663
10449 0.398743 0.264439 0.336818
10457 0.000000 0.472448 0.527552
3393 0.664443 0.210534 0.125023
3393 0.328525 0.218171 0.453304
26337 0.073618 0.611119 0.315262
10649 0.113418 0.306314 0.580267
26135 0.023979 0.310071 0.665950
8562 0.039737 0.382434 0.577828
8557 0.529486 0.261245 0.209269
24250 0.095470 0.837855 0.066675
24260 0.114968 0.639530 0.245501
26135 0.169037 0.507013 0.323949
14427 0.457012 0.446050 0.096939
14256 0.336985 0.344531 0.318484
14339 0.110270 0.085460 0.804270
24472 0.012480 0.698300 0.289220
8783 0.920709 0.075298 0.003993
24473 0.040865 0.436182 0.522953
16359 0.094023 0.622054 0.283923
16321 0.045118 0.910740 0.044142
16322 0.083347 0.025155 0.891498
16323 0.057889 0.576713 0.365398
16326 0.178840 0.682240 0.138920
16320 0.166071 0.086222 0.747707
16359 0.070187 0.208941 0.720872
16326 0.161330 0.286308 0.552363
16323 0.002850 0.138300 0.858850
631 0.151321 0.136511 0.712167
16319 0.365470 0.231706 0.402824
16320 0.084362 0.515389 0.400249
633 0.496436 0.497946 0.005617
16318 0.231577 0.451880 0.316543
26114 0.367116 0.289239 0.343645
632 0.048082 0.916416 0.035502
18442 0.584753 0.285807 0.129440
10426 0.437036 0.083547 0.479417
2756 0.178226 0.254650 0.567124
26112 0.813095 0.069654 0.117251
26145 0.252598 0.083585 0.663816
26140 0.000000 0.810588 0.189412
18409 0.218215 0.391175 0.390609
2754 1.000000 0.000000 0.000000
10648 0.932686 0.058819 0.008495
26152 0.554871 0.116617 0.328512
10447 0.275852 0.090346 0.633803
26161 0.857419 0.104878 0.037704
8560 0.224360 0.107978 0.667663
8560 0.237118 0.491731 0.271150
26157 0.138480 0.241318 0.620202
8572 0.263697 0.169856 0.566447
24246 0.515652 0.158214 0.326134
8558 0.632943 0.223424 0.143633
14254 0.853561 0.055298 0.091141
29941 0.181358 0.558294 0.260348
14253 0.113925 0.370791 0.515284
29937 0.092401 0.265337 0.642262
14249 0.217581 0.023170 0.759248
671 1.000000 0.000000 0.000000
16358 0.097855 0.900097 0.002048
673 0.274024 0.636684 0.089293
673 0.683694 0.093658 0.222649
671 0.583233 0.327305 0.089463
16358 0.039618 0.507738 0.452645
16318 0.145887 0.042197 0.811916
16317 0.083788 0.631849 0.284363
10424 0.448685 0.537994 0.013321
10432 0.068267 0.624178 0.307555
10425 0.782734 0.083057 0.134209
26109 0.438739 0.469092 0.092168
2788 0.666889 0.319482 0.013629
2834 0.246655 0.615282 0.138063
18444 0.359693 0.438699 0.201608
18566 0.670110 0.127851 0.202039
2641 0.074255 0.636823 0.288922
2642 0.409713 0.559852 0.030435
10331 0.398563 0.014830 0.586607
26018 0.072103 0.365957 0.561940
10773 0.626240 0.219864 0.153895
26457 0.309180 0.669748 0.021072
18338 0.440368 0.293438 0.266195
10335 0.157723 0.512586 0.329691
10773 0.235841 0.053149 0.711010
26332 0.229161 0.664447 0.106392
26147 0.471251 0.508007 0.020742
10465 0.062238 0.906768 0.030994
26155 0.510247 0.110318 0.379435
26107 0.398797 0.344705 0.256498
8572 0.248752 0.502499 0.248749
24252 0.162961 0.824892 0.012147
24257 0.204883 0.548887 0.246229
24236 0.102506 0.776489 0.121005
8569 0.314801 0.288021 0.397178
30026 0.828654 0.140196 0.031150
29936 0.475027 0.178853 0.346119
14248 0.484276 0.276586 0.239138
8613 0.449373 0.214456 0.336171
24301 0.479140 0.108029 0.412832
8613 0.070017 0.847410 0.082574
24300 0.321743 0.639451 0.038806
24300 0.254714 0.089832 0.655454
627 0.089018 0.576201 0.334781
16358 0.819265 0.012826 0.167909
630 0.890415 0.082910 0.026676
628 0.387335 0.344001 0.268664
629 0.294393 0.627852 0.077755
627 0.503560 0.023833 0.472607
16317 0.043602 0.195934 0.760464
16316 0.044450 0.774633 0.180917
26120 0.602440 0.359717 0.037842
26115 0.603051 0.119254 0.277695
26111 0.142351 0.686459 0.171190
2718 0.115023 0.078366 0.806611
18220 0.082455 0.828551 0.088994
26110 0.912220 0.004617 0.083163
2879 0.471442 0.528558 0.000000
2644 0.139319 0.120914 0.739767
2651 0.314722 0.533630 0.151648
10462 0.826834 0.080696 0.092470
10698 0.170838 0.277499 0.551663
10771 0.189261 0.540643 0.270096
26016 0.228972 0.200976 0.570053
26149 0.655205 0.230089 0.114705
26106 0.296600 0.436773 0.266627
10430 0.247056 0.168065 0.584879
10472 0.162887 0.182513 0.654600
24262 0.117350 0.009680 0.872970
8574 0.684103 0.122146 0.193751
8548 0.130242 0.383633 0.486125
8548 0.034867 0.907757 0.057375
30025 0.210108 0.331475 0.458416
24259 0.022713 0.779963 0.197324
14337 0.517840 0.114183 0.367977
8571 0.143411 0.334544 0.522045
29949 0.453238 0.024068 0.522694
29948 0.086087 0.792325 0.121587
629 0.704504 0.188569 0.106927
16315 0.671957 0.201975 0.126068
711 0.219388 0.428693 0.351919
16397 0.869363 0.107054 0.023583
16316 0.098996 0.358994 0.542010
710 0.155751 0.779188 0.065061
26117 0.001131 0.986988 0.011881
18484 0.342487 0.467917 0.189595
2792 0.587567 0.355833 0.056600
2798 0.295570 0.640505 0.063925
18525 0.493050 0.165773 0.341177
2839 0.522682 0.185237 0.292081
2645 0.753213 0.146764 0.100023
2653 0.346354 0.017071 0.636575
10417 0.828092 0.084881 0.087027
10327 0.742684 0.039460 0.217856
26105 0.520384 0.331872 0.147743
26015 0.367943 0.184297 0.447760
10762 0.103465 0.661951 0.234584
26459 0.220278 0.456997 0.322725
26385 0.043353 0.406066 0.550581
10657 0.005955 0.756586 0.237459
10655 0.565883 0.361996 0.072121
26292 0.271119 0.686386 0.042495
26341 0.309373 0.490178 0.200449
10607 0.016093 0.946284 0.037622
26291 0.462715 0.407366 0.129919
26317 0.607130 0.006307 0.386563
8567 0.127756 0.244340 0.627904
8568 0.162239 0.463920 0.373842
8566 0.007457 0.545371 0.447173
24254 0.023994 0.958060 0.017946
29950 0.065717 0.595709 0.338574
8571 0.097435 0.859620 0.042945
14261 0.790601 0.080706 0.128693
14262 0.313748 0.219974 0.466279
29957 0.321910 0.370101 0.307989
2840 0.174218 0.334418 0.491364
18334 0.626889 0.061280 0.311830
26105 0.126137 0.455980 0.417883
10326 0.957188 0.000908 0.041903
26450 0.331801 0.259556 0.408643
10617 0.016333 0.232039 0.751628
24208 0.089983 0.142508 0.767509
24207 0.535659 0.032257 0.432084
8545 0.067043 0.383210 0.549747
26104 0.652069 0.264502 0.083430
10354 0.408168 0.105622 0.486210
2647 0.423868 0.364895 0.211237
18499 0.250037 0.203034 0.546928
24208 0.734320 0.114006 0.151674
24215 0.105677 0.025725 0.868598
26301 0.290389 0.556502 0.153109
11130 1.000000 0.000000 0.000000
11136 0.000000 0.363768 0.636232
11129 1.000000 0.000000 0.000000
23604 0.389789 0.347773 0.262438
23597 0.036761 0.407153 0.556087
7916 0.257220 0.481951 0.260830
23600 0.101780 0.574716 0.323504
23596 0.607391 0.050030 0.342578
7908 0.096571 0.189225 0.714204
9156 0.228191 0.047287 0.724521
7909 0.256961 0.156570 0.586470
25491 0.011185 0.360179 0.628637
7907 0.429280 0.345620 0.225100
9803 0.286739 0.235970 0.477290
7913 0.231561 0.518671 0.249768
8765 0.009665 0.351285 0.639050
23601 0.516409 0.397299 0.086291
23605 0.774477 0.192245 0.033278
14414 0.161070 0.190618 0.648312
30101 0.273712 0.534982 0.191306
7912 0.018814 0.353794 0.627393
24454 0.191509 0.505423 0.303068
24453 0.253029 0.529083 0.217888
23601 0.214014 0.077104 0.708881
7914 0.931609 0.020514 0.047878
7935 0.014578 0.305158 0.680264
24389 0.071093 0.803456 0.125451
24477 0.259508 0.061583 0.678909
8766 0.651889 0.070740 0.277371
23602 0.074377 0.777835 0.147788
26927 0.726298 0.201562 0.072140
8513 0.031726 0.912320 0.055954
9804 0.691687 0.115647 0.192666
11641 0.487923 0.312770 0.199307
11078 1.000000 0.000000 0.000000
11239 0.279715 0.266803 0.453482
8512 0.273581 0.627828 0.098590
9680 0.271603 0.674613 0.053784
26766 0.130218 0.312193 0.557589
9680 0.276717 0.122490 0.600793
9804 0.152640 0.628829 0.218530
8487 0.570881 0.176462 0.252656
8511 0.333884 0.249708 0.416408
24198 0.347589 0.314468 0.337943
24200 0.902205 0.026098 0.071697
8767 0.111290 0.148769 0.739941
30100 0.278528 0.066422 0.655050
24175 0.229405 0.405086 0.365509
8769 0.018539 0.007778 0.973683
8767 0.378000 0.521854 0.100146
24148 0.302605 0.258442 0.438953
30100 0.752143 0.135070 0.112787
8491 0.399929 0.495004 0.105067
26799 0.764806 0.206815 0.028379
24463 0.617473 0.053243 0.329283
8764 0.316949 0.597533 0.085518
8701 0.036259 0.652293 0.311448
24452 0.093778 0.235432 0.670791
7934 0.002887 0.689991 0.307121
7915 0.111398 0.279332 0.609270
23623 0.001036 0.100539 0.898425
7906 0.479716 0.011534 0.508749
23595 0.225566 0.255888 0.518546
7926 0.034206 0.918214 0.047579
7918 0.153016 0.581671 0.265313
11082 0.598937 0.307683 0.093380
24196 0.101486 0.314434 0.584080
8769 0.769706 0.051543 0.178751
8789 0.186003 0.391431 0.422567
23622 0.178509 0.410163 0.411328
7918 0.850301 0.100908 0.048791
24476 0.561026 0.358658 0.080316
23606 0.055183 0.863372 0.081444
7927 0.582336 0.293815 0.123849
23606 0.218360 0.291440 0.490200
23614 0.684462 0.005078 0.310460
16337 0.161517 0.751942 0.086541
653 0.389132 0.498334 0.112534
16339 0.123653 0.586807 0.289540
16341 0.669018 0.319202 0.011780
16337 0.598908 0.148576 0.252516
16342 0.324899 0.061519 0.613582
16644 0.224568 0.383773 0.391659
956 0.236477 0.493909 0.269614
16653 0.111799 0.134204 0.753997
17524 0.448010 0.151322 0.400667
643 0.400431 0.482972 0.116597
1960 0.041051 0.201936 0.757014
16331 0.602602 0.121818 0.275580
16341 0.089383 0.860068 0.050549
18933 0.297419 0.076703 0.625878
16641 0.335489 0.530287 0.134224
651 0.418979 0.478158 0.102863
3797 0.465185 0.174074 0.360741
1836 0.174513 0.179550 0.645937
18905 0.245745 0.008384 0.745871
18905 0.592832 0.404156 0.003012
3223 0.055501 0.909472 0.035027
3221 0.571498 0.026361 0.402141
3221 0.273324 0.633507 0.093169
18907 0.275062 0.234406 0.490531
3223 0.452048 0.170901 0.377051
18908 0.290355 0.164810 0.544835
3222 0.327292 0.330645 0.342063
18909 0.324700 0.267784 0.407516
3218 0.138344 0.832619 0.029037
3220 0.026774 0.151829 0.821398
19083 0.452853 0.335686 0.211462
3220 0.424853 0.144320 0.430827
3395 0.600176 0.257397 0.142428
19083 0.102555 0.726569 0.170876
19082 0.597652 0.134009 0.268339
3221 0.106960 0.191185 0.701855
3393 0.017978 0.260033 0.721989
3392 0.114830 0.851118 0.034052
18910 0.295738 0.163882 0.540381
19082 0.152906 0.640198 0.206896
18506 1.000000 0.000000 0.000000
11083 0.805109 0.024406 0.170485
11083 0.644408 0.165755 0.189838
24326 0.299968 0.137151 0.562881
7933 0.294793 0.083122 0.622085
23621 0.520965 0.121731 0.357304
24475 0.329450 0.514762 0.155788
7928 0.121551 0.263885 0.614565
23615 0.257055 0.327662 0.415282
23616 0.488000 0.420160 0.091840
23616 0.583121 0.002236 0.414643
22249 0.515315 0.058635 0.426050
6562 0.368111 0.170108 0.461781
6561 0.491159 0.344636 0.164205
16642 0.111256 0.016366 0.872379
6564 0.711893 0.099069 0.189038
6564 0.063895 0.881851 0.054254
964 0.135198 0.376084 0.488718
17649 0.911920 0.003889 0.084192
16322 0.020227 0.516813 0.462960
22254 0.607378 0.176305 0.216317
22247 0.821746 0.025221 0.153033
22255 0.211595 0.526448 0.261957
633 0.038876 0.820251 0.140873
1960 0.541387 0.031738 0.426875
1836 0.611991 0.066104 0.321905
3219 0.225477 0.728477 0.046046
3392 0.497123 0.134133 0.368744
19082 0.031017 0.923794 0.045189
24474 0.213491 0.143370 0.643139
24474 0.106057 0.794399 0.099544
24310 0.224534 0.472319 0.303147
23617 0.731203 0.051867 0.216930
7929 0.487780 0.179192 0.333028
