5248 0.154631 0.255922 0.589447
10637 0.052366 0.849123 0.098511
12932 0.144590 0.795967 0.059443
5209 0.378640 0.415446 0.205914
10664 0.864885 0.037798 0.097317
11350 0.567262 0.018279 0.414459
12878 0.011850 0.865808 0.122342
10576 0.105289 0.293230 0.601482
12919 0.456528 0.079555 0.463917
5235 0.038725 0.506458 0.454817
14211 0.203957 0.666056 0.129988
16384 0.113208 0.192470 0.694322
17498 0.245216 0.321653 0.433131
10613 0.381458 0.607810 0.010732
5229 0.373666 0.375838 0.250496
14214 0.106590 0.580655 0.312755
14493 0.629550 0.204303 0.166147
3487 0.499641 0.466974 0.033385
5127 0.417988 0.474012 0.108000
18235 0.169138 0.795595 0.035267
4980 0.295602 0.395988 0.308410
15825 0.300907 0.254116 0.444976
9135 0.000000 0.549325 0.450675
3468 0.077139 0.105459 0.817402
14561 0.675797 0.096216 0.227987
9262 0.578928 0.368404 0.052668
4986 0.158682 0.664044 0.177274
3754 0.297858 0.573738 0.128404
5019 0.304505 0.048205 0.647289
3510 0.496935 0.112653 0.390412
11381 0.466701 0.178480 0.354819
18441 0.678947 0.267476 0.053577
3499 0.042981 0.343756 0.613263
11430 0.188134 0.201864 0.610003
5134 0.301334 0.443708 0.254958
15760 0.170275 0.114574 0.715151
16306 0.147112 0.051155 0.801734
5013 0.127115 0.860559 0.012326
15798 0.742124 0.144670 0.113205
3334 0.072084 0.224660 0.703256
11423 0.772029 0.137379 0.090591
3401 0.543408 0.115741 0.340850
5104 0.825079 0.077476 0.097446
3346 0.239785 0.513879 0.246336
5138 0.118980 0.113857 0.767162
5004 0.844437 0.145358 0.010205
11387 0.099148 0.612694 0.288158
11393 0.000424 0.609169 0.390407
15794 0.603009 0.171338 0.225653
18414 0.906735 0.072629 0.020636
5094 0.391352 0.225638 0.383010
3411 0.151365 0.556362 0.292273
4999 0.136467 0.119152 0.744381
3456 0.637761 0.094030 0.268210
5006 0.239304 0.554056 0.206640
11345 0.196679 0.150474 0.652847
3449 0.202355 0.494707 0.302938
18422 0.428136 0.165654 0.406211
8486 0.308011 0.522148 0.169841
16341 0.198485 0.788992 0.012523
15783 0.911367 0.021502 0.067131
15785 0.224946 0.161082 0.613972
5005 0.048275 0.584739 0.366985
3450 0.331681 0.566970 0.101349
17612 0.589625 0.122258 0.288117
16360 0.703262 0.279574 0.017164
15840 1.000000 0.000000 0.000000
3430 0.087072 0.066771 0.846157
3444 0.595301 0.259306 0.145393
11399 0.515815 0.211944 0.272241
8882 0.835895 0.037262 0.126844
14437 0.458037 0.344111 0.197851
2732 0.248576 0.222294 0.529130
5056 0.415497 0.022932 0.561572
16322 0.783980 0.144739 0.071281
3434 0.041384 0.098979 0.859637
4973 0.407333 0.167650 0.425018
3158 0.396970 0.348337 0.254693
15791 0.002302 0.641299 0.356399
4975 0.549268 0.141179 0.309553
3445 0.086024 0.368238 0.545738
8956 0.272792 0.356910 0.370298
2606 0.811159 0.177709 0.011132
14452 0.631027 0.125163 0.243810
5282 0.034216 0.585314 0.380469
5035 0.076117 0.656377 0.267506
12951 0.112477 0.732845 0.154678
11336 0.427210 0.370389 0.202401
10231 0.253551 0.746104 0.000346
11402 0.701199 0.298031 0.000770
11471 0.952079 0.008575 0.039346
9113 0.547328 0.124058 0.328614
17624 0.090704 0.409468 0.499827
11114 0.119274 0.444029 0.436698
9166 0.243090 0.296798 0.460112
3134 0.251227 0.198486 0.550287
16327 0.428290 0.132909 0.438802
3128 0.514053 0.121398 0.364549
16325 0.039138 0.776980 0.183882
18964 0.474261 0.001818 0.523921
18055 0.213673 0.523606 0.262721
12963 0.247241 0.134329 0.618430
8868 0.114973 0.471694 0.413334
8704 0.304693 0.476933 0.218374
8953 0.771085 0.044305 0.184610
9096 0.392305 0.556085 0.051611
5466 0.446262 0.339462 0.214276
5477 0.076039 0.549065 0.374897
3623 0.036804 0.685870 0.277326
16484 0.596028 0.247547 0.156426
5439 0.217179 0.497966 0.284855
16459 0.563299 0.215309 0.221392
18226 0.133948 0.274309 0.591743
16460 0.459278 0.153062 0.387660
3152 0.658972 0.325639 0.015389
12960 0.556119 0.069005 0.374875
17522 0.012079 0.625623 0.362297
9108 0.487063 0.129535 0.383402
16465 0.296307 0.575946 0.127747
11036 0.049084 0.436107 0.514810
5564 0.046263 0.201333 0.752403
10762 0.278144 0.278877 0.442979
16457 0.173913 0.429380 0.396707
5450 0.053421 0.201128 0.745451
10745 0.639023 0.272255 0.088722
18965 0.408175 0.031598 0.560226
8861 0.703070 0.057723 0.239207
8700 0.082560 0.787695 0.129744
17521 0.247979 0.245837 0.506184
9105 0.006637 0.427085 0.566278
8947 0.112798 0.105795 0.781407
11064 0.138398 0.556642 0.304960
11074 0.281691 0.648380 0.069929
5515 0.011363 0.506807 0.481830
18336 0.548062 0.199286 0.252652
5433 0.168047 0.155361 0.676592
10755 0.507992 0.299863 0.192145
8648 0.179005 0.228979 0.592016
8623 0.094575 0.829411 0.076014
8698 0.323464 0.287555 0.388982
8601 0.464686 0.278364 0.256950
11003 0.088771 0.050206 0.861023
8939 0.466296 0.335737 0.197966
11067 0.001021 0.050953 0.948026
18339 0.483972 0.282293 0.233735
5479 0.094407 0.016149 0.889444
11079 0.221502 0.436936 0.341562
5482 0.415001 0.548137 0.036862
16497 0.363302 0.285968 0.350730
5452 0.507002 0.266760 0.226238
10718 0.150748 0.442867 0.406386
8325 0.597625 0.085674 0.316700
18975 0.235483 0.474924 0.289593
-1 0.000000 0.000000 0.000000
-1 0.000000 0.000000 0.000000
8825 0.252833 0.499475 0.247692
-1 0.000000 0.000000 0.000000
-1 0.000000 0.000000 0.000000
-1 0.000000 0.000000 0.000000
8695 0.101597 0.334137 0.564266
8599 0.569621 0.426473 0.003906
10994 0.714319 0.231506 0.054175
8940 0.280508 0.043840 0.675652
11002 0.024718 0.862484 0.112799
5504 0.030622 0.743433 0.225945
11015 0.430023 0.484446 0.085530
5491 0.618779 0.371725 0.009497
11084 0.649075 0.030914 0.320011
5489 0.434770 0.333075 0.232155
5556 0.190986 0.039524 0.769489
10724 0.224006 0.526367 0.249627
5458 0.180293 0.315340 0.504367
10218 0.164384 0.688172 0.147444
-1 0.000000 0.000000 0.000000
-1 0.000000 0.000000 0.000000
-1 0.000000 0.000000 0.000000
-1 0.000000 0.000000 0.000000
-1 0.000000 0.000000 0.000000
-1 0.000000 0.000000 0.000000
-1 0.000000 0.000000 0.000000
-1 0.000000 0.000000 0.000000
-1 0.000000 0.000000 0.000000
17595 0.173135 0.332956 0.493910
-1 0.000000 0.000000 0.000000
17519 0.471434 0.390269 0.138297
19419 0.586646 0.094407 0.318947
11012 0.209595 0.099984 0.690421
5495 0.542914 0.238388 0.218698
5492 0.124930 0.074865 0.800205
11089 0.123623 0.215094 0.661283
5550 0.775539 0.121784 0.102677
10689 0.396594 0.115380 0.488027
5522 0.472507 0.451527 0.075966
18223 0.156179 0.761939 0.081881
5534 0.217041 0.314303 0.468657
12994 0.263800 0.527908 0.208291
18213 0.120142 0.233631 0.646228
15734 0.045351 0.493669 0.460979
-1 0.000000 0.000000 0.000000
-1 0.000000 0.000000 0.000000
-1 0.000000 0.000000 0.000000
-1 0.000000 0.000000 0.000000
-1 0.000000 0.000000 0.000000
-1 0.000000 0.000000 0.000000
8844 0.270445 0.380722 0.348832
17538 0.766313 0.223835 0.009852
5383 0.108495 0.389067 0.502438
9275 0.207508 0.395896 0.396596
4866 0.301991 0.230415 0.467594
11020 0.328352 0.102044 0.569604
5546 0.061024 0.909043 0.029933
11090 0.747924 0.078779 0.173298
5542 0.226387 0.331657 0.441955
5172 0.045860 0.020145 0.933994
18215 0.232374 0.240806 0.526820
12988 0.702904 0.117807 0.179289
10698 0.257252 0.297379 0.445369
12984 0.562724 0.400582 0.036694
-1 0.000000 0.000000 0.000000
-1 0.000000 0.000000 0.000000
-1 0.000000 0.000000 0.000000
-1 0.000000 0.000000 0.000000
-1 0.000000 0.000000 0.000000
17429 0.133017 0.361558 0.505424
16269 0.870246 0.089423 0.040331
11021 0.129862 0.649629 0.220509
14353 0.542663 0.028790 0.428547
16494 0.164476 0.589854 0.245671
14352 0.190772 0.605810 0.203418
4925 0.437994 0.459340 0.102666
18080 0.332144 0.504200 0.163656
4929 0.227483 0.473413 0.299104
11487 0.327806 0.182353 0.489842
12977 0.289676 0.513927 0.196397
11485 0.682493 0.196515 0.120992
7749 0.230758 0.721835 0.047408
-1 0.000000 0.000000 0.000000
-1 0.000000 0.000000 0.000000
3716 0.087866 0.712573 0.199561
5364 0.171948 0.706879 0.121173
19368 0.297128 0.130131 0.572741
18906 0.439698 0.156772 0.403530
15857 0.598720 0.193882 0.207397
5416 0.226886 0.028393 0.744721
10396 0.639225 0.258793 0.101982
3307 0.611541 0.297071 0.091388
12814 0.570083 0.320367 0.109550
3304 0.657012 0.315002 0.027986
12813 0.014070 0.461213 0.524717
3302 0.415255 0.578245 0.006500
12805 0.196938 0.285779 0.517283
15742 0.656804 0.159574 0.183622
4918 0.427504 0.485372 0.087124
4927 0.403516 0.259915 0.336569
10309 0.120423 0.371161 0.508416
10311 0.262640 0.324069 0.413291
8038 0.587043 0.011062 0.401894
10312 0.345730 0.296708 0.357562
12982 0.552370 0.301018 0.146612
12982 0.221563 0.178116 0.600322
12979 0.064292 0.411099 0.524609
7746 0.073720 0.201998 0.724281
17221 0.819875 0.061961 0.118163
7777 0.340049 0.453617 0.206335
7780 0.475352 0.106410 0.418238
15879 0.897943 0.052856 0.049202
11167 0.051675 0.853773 0.094552
14155 0.160384 0.166793 0.672823
14185 0.389525 0.418732 0.191743
10397 0.518865 0.356331 0.124804
5398 0.040684 0.646270 0.313046
18110 0.148477 0.850304 0.001219
5399 0.048568 0.745431 0.206001
10391 0.072491 0.741758 0.185752
16281 0.117974 0.342276 0.539749
17735 0.345940 0.609564 0.044496
10371 0.323919 0.341493 0.334587
4911 0.172183 0.823163 0.004653
4914 0.210273 0.428048 0.361679
14225 0.242115 0.585964 0.171922
17324 0.243107 0.338164 0.418729
8037 0.379656 0.519661 0.100683
10348 0.398158 0.297319 0.304524
8251 0.278699 0.208506 0.512795
10347 0.157379 0.539832 0.302789
11483 0.197459 0.477413 0.325129
17396 0.764679 0.086736 0.148585
11484 0.236637 0.292508 0.470856
18972 0.528426 0.259333 0.212241
8254 0.478673 0.117950 0.403377
7729 0.100203 0.507859 0.391938
7780 0.559995 0.371349 0.068656
17221 0.035459 0.688381 0.276160
7726 0.066811 0.836820 0.096369
7744 0.207158 0.114612 0.678229
7725 0.689478 0.204970 0.105552
7782 0.069156 0.300676 0.630168
7731 0.258783 0.373967 0.367251
8315 0.659195 0.014737 0.326068
8321 0.187292 0.683115 0.129593
17419 0.166297 0.714789 0.118913
10405 0.514790 0.146204 0.339005
5409 0.077842 0.876807 0.045351
5407 0.316295 0.323302 0.360403
10401 0.152952 0.457912 0.389136
5404 0.130709 0.513691 0.355601
10378 0.553295 0.343340 0.103365
5401 0.285957 0.204656 0.509387
10377 0.212445 0.368397 0.419158
16445 0.039943 0.814822 0.145235
10375 0.233901 0.458922 0.307177
5400 0.515151 0.223005 0.261844
4912 0.344459 0.642933 0.012608
10370 0.283373 0.707368 0.009259
8032 0.101310 0.493029 0.405661
18096 0.179235 0.335788 0.484978
8030 0.856802 0.073569 0.069628
10351 0.126905 0.742361 0.130734
17395 0.231191 0.019388 0.749421
10346 0.121448 0.025203 0.853349
17395 0.296576 0.638812 0.064612
10345 0.254633 0.389833 0.355534
8253 0.042449 0.770901 0.186651
10342 0.015326 0.345831 0.638843
18473 0.094332 0.462409 0.443259
8254 0.711410 0.186501 0.102089
8257 0.542900 0.143610 0.313491
17398 0.234696 0.103514 0.661790
17226 0.139837 0.766649 0.093514
7724 0.518379 0.299818 0.181803
17226 0.549330 0.063748 0.386922
7724 0.329750 0.571521 0.098729
7724 0.077553 0.231533 0.690914
17225 0.266053 0.067692 0.666255
7721 0.512021 0.385911 0.102069
17225 0.066781 0.147610 0.785609
7721 0.237591 0.482184 0.280226
7738 0.793215 0.088441 0.118344
7718 0.423373 0.543290 0.033336
17241 0.194210 0.100624 0.705166
7718 0.472782 0.309137 0.218081
17241 0.222097 0.246383 0.531520
7697 0.145816 0.127979 0.726205
8318 0.582359 0.097866 0.319776
8312 0.460187 0.393194 0.146619
8311 0.709277 0.260950 0.029773
10403 0.023401 0.292352 0.684246
5404 0.762118 0.032907 0.204974
10383 0.097131 0.002536 0.900332
5405 0.073763 0.852636 0.073601
10381 0.266101 0.269000 0.464899
5402 0.571539 0.106346 0.322115
10376 0.323827 0.172537 0.503636
16445 0.648225 0.316543 0.035232
10374 0.403049 0.473385 0.123566
8026 0.553334 0.049032 0.397635
8029 0.614513 0.233177 0.152310
18098 0.159785 0.280423 0.559792
17322 0.131500 0.699329 0.169171
10353 0.596405 0.328406 0.075189
8034 0.242345 0.525563 0.232092
10350 0.285079 0.255120 0.459801
10350 0.103466 0.693593 0.202941
10344 0.457622 0.378722 0.163656
17280 0.055268 0.790616 0.154116
10340 0.880280 0.042028 0.077692
8252 0.372245 0.096524 0.531231
10341 0.431989 0.466664 0.101347
8252 0.423681 0.343999 0.232319
17397 0.846086 0.094696 0.059219
18092 0.060009 0.775892 0.164099
8257 0.017253 0.384389 0.598357
17398 0.122438 0.537006 0.340556
10339 0.502638 0.076008 0.421354
7741 0.217110 0.464308 0.318582
17398 0.702612 0.228536 0.068851
7740 0.919837 0.040266 0.039897
8260 0.018229 0.223787 0.757984
8260 0.376702 0.055584 0.567714
17225 0.465119 0.288828 0.246053
17220 0.337121 0.170007 0.492872
7723 0.056331 0.329821 0.613848
7718 0.304134 0.091230 0.604636
7719 0.067149 0.864136 0.068714
17241 0.738184 0.229993 0.031824
17211 0.406544 0.370196 0.223260
17224 0.584185 0.294016 0.121798
7719 0.023702 0.512229 0.464069
17224 0.450100 0.257966 0.291934
17218 0.394599 0.376349 0.229051
17224 0.207398 0.312107 0.480495
17218 0.310752 0.216049 0.473199
7789 0.651575 0.040321 0.308104
7715 0.009512 0.983794 0.006694
17224 0.053492 0.088147 0.858361
10327 0.838759 0.075091 0.086150
5408 0.182541 0.127208 0.690251
10234 0.933344 0.016697 0.049959
10383 0.414506 0.037726 0.547768
5405 0.034739 0.239250 0.726011
16446 0.243048 0.297033 0.459919
10380 0.256411 0.233990 0.509599
5403 0.550138 0.129863 0.319999
18105 0.198247 0.096449 0.705304
17320 0.788203 0.194232 0.017565
10360 0.184450 0.042927 0.772624
8026 0.104700 0.485695 0.409605
8029 0.178128 0.221549 0.600323
10357 0.275312 0.365509 0.359179
8027 0.890825 0.039224 0.069951
10356 0.425947 0.100337 0.473717
8027 0.375927 0.557762 0.066310
17323 0.026439 0.606389 0.367172
10349 0.284876 0.604985 0.110138
7908 0.170808 0.700358 0.128834
10296 0.148685 0.051149 0.800166
7904 0.477664 0.250047 0.272289
10294 0.389670 0.370943 0.239388
7905 0.856781 0.066845 0.076374
18093 0.041850 0.910740 0.047411
17280 0.112279 0.525803 0.361917
18093 0.223042 0.388226 0.388733
17280 0.347718 0.168722 0.483560
10340 0.269077 0.607922 0.123000
17314 0.046933 0.061208 0.891859
10337 0.489200 0.452909 0.057892
17397 0.410926 0.505362 0.083711
10337 0.457076 0.219871 0.323053
10338 0.411738 0.570451 0.017810
8256 0.756355 0.141378 0.102267
10338 0.153500 0.596953 0.249546
8255 0.692338 0.198151 0.109512
8258 0.260529 0.165805 0.573666
18091 0.225754 0.607566 0.166680
8258 0.615204 0.014170 0.370627
8259 0.834678 0.039184 0.126138
18091 0.061762 0.289924 0.648314
8260 0.623520 0.336052 0.040428
7739 0.166074 0.718396 0.115530
8263 0.827475 0.138088 0.034437
7736 0.190895 0.771353 0.037752
17400 0.262910 0.076816 0.660274
7736 0.104157 0.673320 0.222522
17400 0.122291 0.428847 0.448862
7736 0.015602 0.577251 0.407147
7722 0.202553 0.080259 0.717188
10330 0.404594 0.072041 0.523365
17400 0.895396 0.089963 0.014641
10330 0.215443 0.159432 0.625125
17219 0.546579 0.363728 0.089693
10330 0.026418 0.245951 0.727632
17219 0.246968 0.516268 0.236764
10329 0.544558 0.188779 0.266663
7720 0.334513 0.613878 0.051610
10328 0.593118 0.208608 0.198274
7720 0.525581 0.418416 0.056003
7720 0.437421 0.258903 0.303675
7717 0.292062 0.645025 0.062912
7711 0.449959 0.209864 0.340177
10327 0.292379 0.405965 0.301656
7715 0.067678 0.386175 0.546147
10327 0.287916 0.259227 0.452856
7712 0.546085 0.307609 0.146306
10327 0.058392 0.307898 0.633710
7712 0.307185 0.135698 0.557117
8313 0.240894 0.533358 0.225748
17416 0.171166 0.234612 0.594223
8310 0.000000 0.249807 0.750193
17418 0.357634 0.148217 0.494148
18057 0.161099 0.816215 0.022686
8306 0.147611 0.750166 0.102223
5406 0.273959 0.231274 0.494767
10382 0.307278 0.210387 0.482335
10379 0.362568 0.017856 0.619576
8023 0.564076 0.380428 0.055495
10363 0.839712 0.134850 0.025439
8025 0.027213 0.688458 0.284329
10360 0.159492 0.478099 0.362409
10359 0.450088 0.472826 0.077085
17321 0.759856 0.173349 0.066795
8028 0.162785 0.581761 0.255454
7910 0.568737 0.419515 0.011748
18097 0.421465 0.529667 0.048868
7910 0.174722 0.369505 0.455774
7908 0.715260 0.031446 0.253293
10296 0.271877 0.598898 0.129225
7905 0.380750 0.170737 0.448514
10293 0.442110 0.334293 0.223597
10293 0.131421 0.634099 0.234480
18076 0.026798 0.621065 0.352138
10291 0.355854 0.396723 0.247422
17314 0.307994 0.397110 0.294896
10291 0.321193 0.162141 0.516666
17314 0.752234 0.239220 0.008546
10336 0.198176 0.390021 0.411803
8255 0.091858 0.249500 0.658641
10335 0.385529 0.056480 0.557992
8255 0.182366 0.545632 0.272001
10335 0.271090 0.279376 0.449535
8255 0.022480 0.871071 0.106449
10335 0.158016 0.502205 0.339779
17399 0.153974 0.105322 0.740704
10335 0.044782 0.725164 0.230054
17399 0.336224 0.313613 0.350163
18090 0.055817 0.872315 0.071868
8262 0.039374 0.474313 0.486313
10333 0.032544 0.825092 0.142364
8262 0.459934 0.118215 0.421851
10332 0.663008 0.059015 0.277977
8262 0.641509 0.194718 0.163773
10332 0.466599 0.152754 0.380648
8261 0.928427 0.002292 0.069281
10332 0.270089 0.246303 0.483607
8265 0.163138 0.773010 0.063852
10332 0.073842 0.337249 0.588909
8265 0.335849 0.461602 0.202550
18089 0.246284 0.626920 0.126796
8265 0.508999 0.153011 0.337989
18089 0.176108 0.523574 0.300317
8266 0.119834 0.541125 0.339041
8266 0.340996 0.440385 0.218619
17935 0.361875 0.054769 0.583356
8266 0.658217 0.202969 0.138814
10328 0.262798 0.527510 0.209692
7720 0.559193 0.076248 0.364559
10328 0.121493 0.410551 0.467956
10325 0.537033 0.427415 0.035551
7717 0.515836 0.289650 0.194514
10325 0.548421 0.266145 0.185434
10325 0.088608 0.466888 0.444504
10325 0.134060 0.168353 0.697587
7716 0.041734 0.314547 0.643719
7714 0.029925 0.726435 0.243640
18087 0.761944 0.024399 0.213657
7713 0.245685 0.324604 0.429712
10322 0.617262 0.378818 0.003920
10322 0.420093 0.088880 0.491028
1445 0.289001 0.007516 0.703483
493 0.038039 0.770537 0.191423
8308 0.053696 0.837567 0.108737
10232 0.294946 0.647650 0.057404
10233 0.548601 0.188218 0.263180
8307 0.315240 0.625960 0.058799
10234 0.439585 0.069656 0.490760
14379 0.757410 0.072424 0.170166
8019 0.472291 0.030546 0.497163
8020 0.251099 0.645814 0.103087
10379 0.046234 0.379770 0.573996
8022 0.255001 0.052806 0.692193
8024 0.353407 0.085175 0.561418
17321 0.033122 0.679836 0.287043
7911 0.265329 0.396449 0.338222
17282 0.254694 0.611701 0.133605
10300 0.265948 0.300809 0.433243
7909 0.465114 0.504306 0.030580
7906 0.438364 0.310967 0.250669
7906 0.390619 0.028680 0.580701
17279 0.699126 0.225973 0.074901
7902 0.468149 0.023965 0.507885
10290 0.204182 0.324157 0.471662
18075 0.755981 0.189690 0.054329
8007 0.315062 0.323845 0.361092
18075 0.599513 0.138286 0.262200
8008 0.012369 0.560856 0.426775
18075 0.398644 0.138606 0.462750
18075 0.310755 0.002242 0.687002
10334 0.079255 0.540649 0.380096
10331 0.352348 0.514398 0.133254
9871 0.670575 0.019623 0.309802
8262 0.116707 0.745576 0.137717
10331 0.122320 0.331660 0.546020
9871 0.239292 0.225508 0.535200
9871 0.039506 0.037469 0.923025
17935 0.496411 0.228085 0.275504
17935 0.139323 0.394077 0.466600
9868 0.538085 0.428756 0.033159
7702 0.817533 0.140317 0.042149
9868 0.283438 0.485718 0.230844
7705 0.685611 0.151316 0.163073
17214 0.294170 0.094907 0.610923
17214 0.493291 0.046744 0.459965
9868 0.265159 0.079334 0.655507
7717 0.297717 0.011654 0.690629
9868 0.191850 0.011513 0.796637
7717 0.096685 0.066629 0.836686
10314 0.578658 0.069883 0.351459
17217 0.578178 0.273831 0.147991
10314 0.384739 0.207079 0.408182
7708 0.067125 0.297298 0.635577
10314 0.188196 0.344016 0.467788
10322 0.216726 0.578253 0.205021
7844 0.009957 0.282527 0.707516
10322 0.084737 0.515739 0.399524
10319 0.574579 0.377924 0.047497
1864 1.000000 0.000000 0.000000
1488 0.522337 0.159203 0.318460
8308 0.300876 0.147676 0.551448
10232 0.234666 0.284482 0.480852
17414 0.428658 0.429070 0.142273
18056 0.633971 0.237613 0.128416
17414 0.004438 0.646628 0.348933
14379 0.431411 0.130122 0.438468
10365 0.305368 0.635687 0.058945
8021 0.484919 0.405937 0.109144
8024 0.210013 0.655865 0.134122
18099 0.385817 0.208787 0.405396
18099 0.025631 0.038473 0.935896
7912 0.218973 0.445400 0.335627
10303 0.102939 0.412120 0.484941
7912 0.027885 0.005217 0.966897
7918 0.265251 0.051651 0.683097
7918 0.557561 0.111309 0.331130
10295 0.514696 0.431833 0.053472
7921 0.838183 0.019238 0.142578
10295 0.018646 0.754921 0.226432
17286 0.282440 0.019554 0.698005
10289 0.305028 0.626198 0.068774
17279 0.133597 0.564955 0.301448
10289 0.251140 0.416230 0.332630
7902 0.426107 0.400182 0.173712
10289 0.199646 0.203650 0.596705
7901 0.746177 0.089197 0.164625
7901 0.572359 0.331964 0.095676
8006 0.254034 0.330030 0.415936
8006 0.843839 0.006768 0.149393
17315 0.116594 0.877466 0.005940
10288 0.644536 0.008286 0.347178
8010 0.054652 0.615362 0.329986
10285 0.707761 0.055961 0.236277
8010 0.104065 0.345247 0.550689
8010 0.389595 0.126654 0.483751
8011 0.148035 0.063271 0.788694
9871 0.432489 0.535159 0.032351
8261 0.093035 0.316889 0.590076
17936 0.262298 0.701824 0.035878
8261 0.239812 0.462233 0.297955
9870 0.667696 0.022820 0.309484
8261 0.385700 0.607719 0.006581
9870 0.549256 0.219448 0.231296
8264 0.264290 0.500086 0.235625
9870 0.444913 0.415384 0.139703
8264 0.534254 0.387353 0.078392
9870 0.348712 0.610737 0.040551
17212 0.630430 0.075171 0.294398
9869 0.189926 0.063995 0.746079
17212 0.715465 0.211957 0.072578
9866 0.830162 0.159409 0.010428
7701 0.266764 0.052136 0.681100
9866 0.810200 0.007969 0.181831
7702 0.075122 0.451935 0.472944
9866 0.154702 0.507315 0.337983
7702 0.205172 0.582987 0.211841
9868 0.130608 0.423387 0.446005
7705 0.296437 0.046277 0.657286
7705 0.222318 0.292642 0.485040
7705 0.146503 0.536397 0.317100
9867 0.020481 0.006772 0.972748
7708 0.165697 0.400858 0.433445
7708 0.192924 0.515258 0.291818
18083 0.292043 0.326684 0.381272
7708 0.642798 0.217648 0.139553
10313 0.065738 0.093687 0.840575
17929 0.582896 0.066046 0.351058
17929 0.455338 0.217293 0.327370
17929 0.341031 0.363056 0.295913
10319 0.289503 0.146191 0.564306
14798 0.058174 0.265322 0.676503
15144 0.262547 0.408495 0.328959
321 0.504174 0.178204 0.317621
317 0.235353 0.149013 0.615634
1692 0.263519 0.203856 0.532624
14724 0.733400 0.019833 0.246767
14409 0.424565 0.573980 0.001455
19448 0.170045 0.656051 0.173904
14409 0.075881 0.312072 0.612047
19448 0.935973 0.009270 0.054756
3699 0.809502 0.171996 0.018502
8017 0.729575 0.077913 0.192512
3699 0.539885 0.106574 0.353541
8017 0.397478 0.077700 0.524822
10364 0.277760 0.224137 0.498103
10362 0.198565 0.771683 0.029752
8015 0.066141 0.039464 0.894395
18068 0.121770 0.236594 0.641637
17284 0.376955 0.213897 0.409148
10302 0.897653 0.080114 0.022233
7917 0.447205 0.170170 0.382625
10299 0.507051 0.313707 0.179242
7918 0.194312 0.762698 0.042989
18069 0.458658 0.074758 0.466584
17286 0.012165 0.593418 0.394417
18069 0.194564 0.454401 0.351035
17286 0.441807 0.425318 0.132875
10286 0.045836 0.274646 0.679519
7923 0.130104 0.139614 0.730281
10272 0.159264 0.808668 0.032068
7924 0.225166 0.139568 0.635266
10287 0.349010 0.478657 0.172333
7924 0.567828 0.016121 0.416051
10287 0.414534 0.177347 0.408119
7901 0.106434 0.819656 0.073909
10287 0.325790 0.016031 0.658179
8009 0.067177 0.772733 0.160090
10288 0.127650 0.096549 0.775802
8009 0.304348 0.590577 0.105075
10284 0.624876 0.332233 0.042891
8009 0.541376 0.409663 0.048961
10285 0.070078 0.460037 0.469885
7913 0.008524 0.221726 0.769750
17936 0.539698 0.079182 0.381120
7914 0.055943 0.928637 0.015420
17936 0.642922 0.290530 0.066549
17283 0.111768 0.757127 0.131105
17283 0.158204 0.537033 0.304763
9873 0.255310 0.576883 0.167808
17283 0.204066 0.317145 0.478789
9872 0.308939 0.107175 0.583886
17283 0.248975 0.097421 0.653603
9872 0.189676 0.387206 0.423117
7945 0.792483 0.098616 0.108901
9872 0.069048 0.668239 0.262714
17294 0.176602 0.072077 0.751322
9869 0.084577 0.869810 0.045613
17212 0.069329 0.382425 0.548246
9866 0.089337 0.810974 0.099689
17212 0.200590 0.516381 0.283029
17212 0.331930 0.650320 0.017750
7701 0.249863 0.533579 0.216558
7701 0.517463 0.398977 0.083560
9866 0.289552 0.006245 0.704203
7700 0.735375 0.050611 0.214013
9867 0.149132 0.722444 0.128424
17213 0.816521 0.056732 0.126748
17934 0.269520 0.729475 0.001005
7704 0.322408 0.172057 0.505535
17934 0.298943 0.562248 0.138809
7704 0.485336 0.262706 0.251957
17934 0.331844 0.392073 0.276083
17934 0.365994 0.220793 0.413213
7703 0.498041 0.112927 0.389032
17934 0.401633 0.048126 0.550241
7703 0.469805 0.406397 0.123798
10313 0.314309 0.547918 0.137773
7706 0.004791 0.622268 0.372941
10313 0.178553 0.501427 0.320020
9862 0.876783 0.064330 0.058887
7703 0.001306 0.956908 0.041786
17262 0.187029 0.786466 0.026505
7851 0.159638 0.660994 0.179368
7851 0.332396 0.508309 0.159296
9852 0.127805 0.399395 0.472800
7850 0.653013 0.245866 0.101121
17929 0.156116 0.707423 0.136461
9852 0.018868 0.903436 0.077696
7852 0.214392 0.085970 0.699638
18085 0.190974 0.639054 0.169972
6898 0.059730 0.447961 0.492309
9698 0.637018 0.247591 0.115390
11947 0.218463 0.055594 0.725943
7806 0.499780 0.315169 0.185051
9700 0.074631 0.474094 0.451274
13808 0.038269 0.817042 0.144690
330 0.735402 0.051219 0.213379
629 0.409991 0.025901 0.564108
1380 0.148137 0.387158 0.464705
328 0.554519 0.292375 0.153107
1717 0.272063 0.274334 0.453604
1439 0.157869 0.225232 0.616899
14753 0.202954 0.039215 0.757831
248 0.010248 0.054112 0.935640
14410 1.000000 0.000000 0.000000
14410 0.271919 0.156928 0.571153
19438 0.194321 0.230157 0.575523
3682 0.138839 0.601661 0.259500
3683 0.119428 0.730302 0.150270
15877 0.259940 0.563331 0.176728
17317 0.629089 0.084952 0.285959
15877 0.034723 0.432535 0.532742
17317 0.356808 0.562550 0.080642
15877 0.044482 0.105449 0.850069
10270 0.301696 0.029965 0.668339
10267 0.234812 0.596050 0.169138
7916 0.177790 0.333484 0.488726
18067 0.398684 0.078760 0.522556
10298 0.192517 0.197086 0.610397
7921 0.073656 0.292892 0.633452
7920 0.768185 0.161269 0.070546
10272 0.352054 0.265408 0.382538
7923 0.436677 0.435718 0.127604
10271 0.258112 0.330429 0.411459
7923 0.700936 0.029657 0.269408
10271 0.050180 0.656479 0.293341
7924 0.317782 0.605822 0.076396
18074 0.155009 0.050392 0.794599
7927 0.514227 0.167593 0.318179
10283 0.264277 0.510675 0.225047
17288 0.053684 0.356952 0.589365
17288 0.402656 0.172208 0.425137
10284 0.251576 0.569262 0.179163
7913 0.732496 0.256022 0.011482
10284 0.018848 0.499127 0.482025
7913 0.797973 0.019846 0.182181
18073 0.624254 0.220978 0.154768
7914 0.593232 0.177210 0.229557
9874 0.254599 0.070278 0.675123
7914 0.363836 0.155885 0.480279
9874 0.153391 0.346755 0.499854
7914 0.134077 0.135065 0.730858
9874 0.051529 0.623542 0.324929
17283 0.895777 0.031421 0.072801
9873 0.842378 0.056468 0.101154
7945 0.190863 0.151947 0.657189
17937 0.824653 0.002484 0.172863
7945 0.299494 0.329100 0.371406
17937 0.630626 0.144375 0.224999
7945 0.408326 0.506347 0.085327
17937 0.436129 0.286222 0.277650
17294 0.199571 0.453364 0.347065
17937 0.241112 0.427738 0.331150
17294 0.483754 0.302788 0.213458
17937 0.045801 0.569141 0.385058
17294 0.768055 0.152183 0.079761
9863 0.131147 0.266361 0.602491
7948 0.053579 0.001359 0.945063
9863 0.300299 0.094544 0.605157
7700 0.132108 0.191163 0.676729
9864 0.403952 0.534305 0.061743
7700 0.264142 0.327619 0.408239
9864 0.426578 0.374249 0.199173
7700 0.396855 0.463913 0.139232
9864 0.449850 0.213664 0.336486
9864 0.473566 0.052632 0.473801
17213 0.364621 0.564017 0.071362
9865 0.122413 0.391202 0.486385
9865 0.301062 0.256847 0.442090
17213 0.042674 0.946109 0.011217
9865 0.479505 0.122559 0.397936
7957 0.151079 0.048157 0.800764
7703 0.014347 0.592338 0.393315
7957 0.258167 0.314870 0.426963
17298 0.111016 0.055381 0.833603
9853 0.578611 0.313591 0.107799
17298 0.141991 0.335422 0.522587
9853 0.384948 0.447741 0.167311
7853 0.362879 0.581928 0.055193
17298 0.552736 0.175604 0.271660
7851 0.809506 0.159015 0.031480
7853 0.105562 0.018809 0.875629
17263 0.057036 0.864999 0.077965
9851 0.168350 0.178708 0.652943
7854 0.164562 0.391286 0.444152
9849 0.345949 0.404110 0.249941
6921 0.353191 0.213498 0.433311
6921 0.769846 0.025831 0.204324
9656 0.327747 0.509341 0.162912
11956 0.103703 0.128894 0.767404
6899 0.624718 0.092588 0.282693
9653 0.346014 0.609013 0.044973
11946 0.753457 0.126799 0.119743
17256 0.312219 0.297635 0.390146
9653 0.721908 0.245107 0.032986
11946 0.329326 0.543376 0.127298
16944 0.000000 0.901618 0.098382
9654 0.778575 0.069422 0.152003
6866 0.545205 0.424311 0.030484
7833 0.434698 0.400156 0.165145
9654 0.106150 0.664333 0.229516
11944 0.179112 0.370521 0.450367
7832 0.202778 0.276068 0.521154
17863 0.257738 0.344623 0.397639
9703 0.772437 0.157662 0.069900
9702 0.825208 0.051198 0.123594
5970 0.202504 0.721179 0.076318
19115 0.080315 0.699337 0.220349
4136 0.152407 0.355775 0.491818
16636 0.352015 0.644425 0.003559
16635 0.730670 0.018913 0.250416
16024 0.242861 0.458582 0.298557
5977 0.151996 0.398836 0.449168
19113 0.175853 0.190118 0.634029
17999 0.181978 0.277896 0.540126
4142 0.731220 0.067970 0.200810
5980 0.659491 0.247285 0.093224
4173 0.348399 0.216371 0.435230
16018 0.676616 0.104487 0.218897
4175 0.570516 0.298748 0.130736
5921 0.079642 0.130318 0.790040
14801 0.361433 0.046675 0.591892
397 0.497679 0.075474 0.426847
1389 0.273440 0.324953 0.401607
1838 0.416574 0.405170 0.178256
15221 0.004373 0.095836 0.899791
628 0.513719 0.292984 0.193297
1321 0.663954 0.038484 0.297562
251 0.209982 0.054115 0.735903
171 0.462576 0.297419 0.240005
1512 0.548337 0.214261 0.237402
14816 0.040292 0.159658 0.800051
3681 0.106569 0.431804 0.461626
3684 0.243087 0.511611 0.245303
3699 0.015699 0.442556 0.541745
3684 0.020049 0.246822 0.733130
3698 0.032986 0.692602 0.274412
3685 0.026126 0.602455 0.371420
3698 0.237956 0.264160 0.497884
3695 0.811649 0.025055 0.163296
3695 0.512091 0.037561 0.450347
8013 0.344104 0.441544 0.214352
3680 0.179297 0.211880 0.608823
8013 0.024723 0.660011 0.315266
10269 0.040581 0.954748 0.004672
10266 0.272265 0.417121 0.310614
10264 0.034356 0.696801 0.268843
7920 0.123541 0.620887 0.255572
18070 0.237342 0.314250 0.448408
7919 0.023104 0.168700 0.808197
18070 0.096551 0.740435 0.163014
7919 0.711330 0.257027 0.031643
7922 0.353376 0.451812 0.194812
17287 0.673108 0.053471 0.273421
10274 0.895586 0.080362 0.024052
7926 0.471948 0.094748 0.433304
10281 0.490854 0.500945 0.008200
7927 0.036333 0.823167 0.140500
10281 0.623921 0.200842 0.175237
7929 0.025337 0.778930 0.195733
10282 0.073394 0.684952 0.241654
7929 0.210226 0.406267 0.383507
10282 0.295333 0.600260 0.104407
7929 0.394915 0.033802 0.571283
18073 0.030299 0.465248 0.504453
7930 0.396452 0.161842 0.441706
18073 0.157533 0.169241 0.673226
7915 0.663210 0.243014 0.093777
9874 0.726047 0.118438 0.155515
17293 0.320810 0.008403 0.670787
9877 0.614134 0.016038 0.369828
17293 0.478875 0.227500 0.293624
9877 0.425682 0.162172 0.412146
7944 0.064567 0.368570 0.566864
9877 0.237215 0.308173 0.454613
7944 0.356411 0.235616 0.407972
9877 0.048630 0.454264 0.497106
7944 0.648140 0.102657 0.249203
9876 0.458407 0.143111 0.398482
7945 0.026056 0.913718 0.060226
9876 0.413761 0.335512 0.250726
7947 0.061844 0.773673 0.164483
9876 0.369410 0.527770 0.102820
7947 0.208206 0.486097 0.305697
9875 0.288778 0.043988 0.667234
7947 0.354685 0.198450 0.446864
9875 0.124779 0.188722 0.686499
7948 0.081963 0.447276 0.470761
17933 0.039936 0.669062 0.291002
7948 0.549645 0.084477 0.365878
17933 0.200948 0.533297 0.265755
7700 0.315280 0.678091 0.006629
17933 0.362729 0.397652 0.239619
17213 0.115966 0.130397 0.753637
17933 0.524682 0.262168 0.213150
17213 0.077692 0.533861 0.388448
17933 0.687480 0.126818 0.185703
17297 0.497357 0.170125 0.332518
9860 0.506210 0.412769 0.081021
17297 0.609903 0.329783 0.060314
9860 0.592829 0.201961 0.205210
7956 0.092149 0.490153 0.417698
9860 0.625584 0.033340 0.341076
7956 0.335651 0.389443 0.274906
9861 0.528576 0.315054 0.156370
7956 0.579974 0.287282 0.132744
9861 0.399542 0.249966 0.350492
7955 0.819240 0.010800 0.169960
9862 0.155660 0.179901 0.664439
17298 0.159982 0.812285 0.027733
9861 0.134931 0.215912 0.649157
17930 0.533445 0.330712 0.135843
7853 0.806551 0.178972 0.014477
17930 0.260870 0.696669 0.042461
9855 0.096148 0.811165 0.092687
9855 0.331372 0.522206 0.146422
9855 0.512789 0.472419 0.014792
9849 0.067385 0.645764 0.286851
6920 0.317286 0.541627 0.141087
17254 0.077510 0.415842 0.506648
9690 0.436215 0.450310 0.113475
18631 0.577027 0.023219 0.399754
6920 0.739801 0.085627 0.174573
11955 0.874465 0.045140 0.080394
7830 0.286604 0.553680 0.159716
11955 0.080122 0.467105 0.452773
6922 0.210838 0.366621 0.422541
9683 0.371811 0.189871 0.438317
18630 0.293789 0.157914 0.548297
7831 0.632112 0.347730 0.020158
9685 0.373379 0.000000 0.626621
11942 0.194610 0.733374 0.072016
6897 0.183860 0.039613 0.776528
9682 0.101960 0.482073 0.415967
11942 0.160373 0.230235 0.609392
9681 0.163810 0.171115 0.665075
18626 0.092519 0.745777 0.161704
16944 0.334202 0.163129 0.502669
17873 0.305448 0.138965 0.555588
16933 0.132226 0.766345 0.101428
7989 0.252765 0.442624 0.304611
17872 0.107159 0.181776 0.711065
11939 0.576947 0.347356 0.075698
6863 0.723847 0.037034 0.239120
7988 0.035663 0.493955 0.470382
9678 0.663387 0.074504 0.262109
6313 0.287779 0.196473 0.515748
12064 0.741152 0.169286 0.089562
13427 0.690132 0.066198 0.243670
4126 0.504148 0.287696 0.208156
19121 0.340484 0.584478 0.075038
19117 0.408690 0.457065 0.134245
16020 0.278250 0.059272 0.662478
4127 0.423989 0.470137 0.105873
13367 0.430974 0.369132 0.199894
19117 0.137493 0.678923 0.183584
16634 0.029648 0.627961 0.342392
13297 0.292187 0.377379 0.330434
11740 0.327960 0.023526 0.648514
10862 0.727842 0.181831 0.090326
13296 0.502377 0.106944 0.390679
18002 0.375575 0.150554 0.473871
13343 0.472606 0.326868 0.200526
19077 0.485487 0.197162 0.317351
18560 0.624351 0.247499 0.128150
13342 0.921785 0.031639 0.046576
19077 0.008440 0.416721 0.574839
13405 0.440980 0.553373 0.005647
18000 0.197238 0.559724 0.243039
10910 0.159236 0.138668 0.702095
19075 0.586933 0.101590 0.311477
4170 0.065618 0.063961 0.870421
13335 0.230606 0.151119 0.618275
16621 0.037525 0.311192 0.651283
10913 0.832863 0.099093 0.068044
2775 0.183464 0.699760 0.116775
4183 0.580947 0.046751 0.372302
19347 0.062650 0.205316 0.732034
13810 0.177692 0.391720 0.430588
14425 0.305406 0.133470 0.561124
14777 0.381097 0.603953 0.014950
641 0.119661 0.159971 0.720368
19248 0.083553 0.011892 0.904554
1729 0.062511 0.882982 0.054508
394 0.603690 0.214528 0.181782
15252 0.530883 0.333000 0.136117
403 0.017745 0.528687 0.453568
14855 0.978082 0.001304 0.020614
125 0.012048 0.016373 0.971579
635 0.243157 0.756294 0.000550
1671 0.050515 0.804821 0.144664
162 0.606432 0.204637 0.188932
3684 0.786622 0.014882 0.198496
3686 0.310647 0.457104 0.232249
15874 0.022149 0.743675 0.234176
15874 0.409831 0.390732 0.199437
3687 0.356849 0.180846 0.462305
15870 0.902934 0.057711 0.039355
15870 0.587747 0.373864 0.038389
8273 0.302431 0.328707 0.368861
10268 0.097680 0.704171 0.198148
8273 0.484809 0.451887 0.063304
10264 0.060621 0.934914 0.004464
8276 0.256182 0.427142 0.316675
10263 0.410462 0.225269 0.364269
17405 0.827629 0.059471 0.112900
18066 0.266681 0.578345 0.154974
7919 0.118638 0.628990 0.252372
18066 0.107738 0.468405 0.423857
18066 0.192987 0.152651 0.654362
17287 0.481718 0.393487 0.124795
7926 0.213625 0.753955 0.032420
7925 0.360910 0.252444 0.386647
10281 0.007378 0.167221 0.825401
7928 0.015839 0.521372 0.462789
10279 0.122419 0.809956 0.067625
7928 0.425584 0.292397 0.282019
10279 0.264582 0.564992 0.170426
7928 0.835018 0.063915 0.101067
10279 0.406748 0.319958 0.273294
7933 0.183689 0.056855 0.759457
10279 0.548756 0.075127 0.376118
7933 0.450710 0.190467 0.358823
17943 0.274400 0.119735 0.605865
17290 0.035316 0.294077 0.670607
17943 0.082101 0.292538 0.625361
17290 0.371825 0.141748 0.486427
17938 0.335441 0.114320 0.550239
17293 0.012261 0.700295 0.287444
17938 0.284219 0.311638 0.404142
7944 0.068921 0.836092 0.094986
17938 0.233027 0.508839 0.258134
7943 0.302767 0.064108 0.633125
17938 0.181697 0.706149 0.112153
7943 0.449975 0.224034 0.325991
9879 0.035889 0.863398 0.100713
9878 0.112683 0.072836 0.814481
7946 0.473214 0.140552 0.386235
9878 0.091385 0.237577 0.671038
9878 0.069978 0.402311 0.527711
7947 0.752264 0.138341 0.109396
9878 0.048335 0.567216 0.384448
7948 0.180787 0.695895 0.123318
9878 0.025843 0.732826 0.241332
7948 0.476246 0.522642 0.001112
9878 0.002710 0.898810 0.098480
7951 0.620463 0.162067 0.217470
17939 0.117308 0.155352 0.727340
17296 0.075223 0.248879 0.675899
17296 0.346256 0.128399 0.525345
17296 0.614813 0.011879 0.373307
9861 0.099912 0.866785 0.033303
17932 0.210936 0.602698 0.186366
7959 0.473352 0.482348 0.044301
17932 0.244164 0.420007 0.335829
7959 0.423503 0.203685 0.372813
17932 0.289597 0.227995 0.482408
7960 0.040184 0.469687 0.490129
7960 0.261852 0.318539 0.419609
9856 0.437861 0.163363 0.398776
7960 0.446346 0.301699 0.251955
9855 0.694147 0.204388 0.101466
7960 0.660706 0.228658 0.110635
9854 0.344406 0.460682 0.194912
7889 0.123254 0.506699 0.370047
17273 0.278772 0.088976 0.632252
7889 0.469607 0.065196 0.465198
17273 0.406835 0.502013 0.091152
16947 0.387878 0.380548 0.231574
17876 0.369321 0.531626 0.099053
6916 0.764257 0.217980 0.017762
7827 0.149644 0.065825 0.784531
9661 0.076977 0.042656 0.880367
18631 0.081823 0.152028 0.766149
6836 0.120095 0.492449 0.387456
17255 0.828507 0.091021 0.080472
11952 0.683652 0.103464 0.212884
6840 0.009438 0.191936 0.798626
7983 0.466303 0.465302 0.068394
17866 0.012876 0.478601 0.508523
11949 0.695787 0.017853 0.286361
7984 0.515721 0.378292 0.105987
18628 0.586996 0.289166 0.123838
6840 0.486339 0.345149 0.168512
11918 0.137247 0.671394 0.191360
7895 0.645921 0.060894 0.293184
7865 0.166452 0.081558 0.751990
6930 0.166878 0.432507 0.400615
11916 0.040884 0.955449 0.003668
16955 0.153250 0.340586 0.506164
18617 0.696699 0.264770 0.038531
6892 0.283444 0.597184 0.119373
11912 0.172362 0.459299 0.368339
6893 0.418709 0.254047 0.327244
11936 0.321806 0.501989 0.176205
6892 0.021831 0.003971 0.974198
11937 0.122244 0.428687 0.449069
17244 0.898972 0.012707 0.088321
9708 0.528045 0.332151 0.139803
17755 0.507345 0.334468 0.158187
19402 0.169576 0.152864 0.677560
9304 0.169717 0.573881 0.256402
17957 0.346014 0.342920 0.311066
19401 0.685553 0.236486 0.077962
13472 0.281904 0.041704 0.676392
14268 0.470381 0.080818 0.448801
13469 0.684883 0.073116 0.242001
4203 0.824615 0.135722 0.039662
9332 0.073167 0.868526 0.058308
13470 0.368620 0.564782 0.066598
4203 1.000000 0.000000 0.000000
17085 0.674145 0.033882 0.291973
4203 0.293631 0.135069 0.571300
13929 0.037031 0.206904 0.756064
4203 0.047881 0.296701 0.655418
4227 0.332371 0.436588 0.231040
7317 0.845725 0.000000 0.154275
4202 0.495713 0.030157 0.474130
16052 0.919592 0.071818 0.008589
13396 0.036470 0.831284 0.132246
7310 0.250030 0.127157 0.622814
4196 0.105052 0.596762 0.298186
4219 0.168062 0.643518 0.188420
7307 0.819766 0.175669 0.004566
4375 0.249371 0.665043 0.085586
4190 0.332383 0.213101 0.454516
18609 0.123573 0.717470 0.158957
6268 0.685948 0.064564 0.249489
17079 0.115137 0.394913 0.489950
11888 0.321230 0.366750 0.312020
6273 0.207938 0.308739 0.483323
11885 0.699013 0.212268 0.088719
4809 0.385870 0.211184 0.402945
17078 0.113216 0.617775 0.269010
11886 0.383916 0.291301 0.324783
4811 0.168177 0.161370 0.670454
18607 0.715827 0.068206 0.215967
4812 0.500979 0.156051 0.342970
7296 0.262060 0.036572 0.701368
16099 0.166384 0.088286 0.745330
10845 0.055596 0.634509 0.309895
19099 1.000000 0.000000 0.000000
7293 0.211009 0.260475 0.528516
4341 0.230523 0.045704 0.723773
10845 0.681851 0.016081 0.302069
19119 0.153845 0.193210 0.652945
19083 0.395609 0.255963 0.348428
10849 0.270244 0.142257 0.587500
19119 0.306496 0.321376 0.372127
19083 0.246612 0.557155 0.196232
10848 0.206386 0.335677 0.457937
13422 0.044186 0.333963 0.621852
19083 0.099286 0.858089 0.042625
10848 0.494993 0.364444 0.140564
13310 0.869575 0.081076 0.049349
10847 0.622678 0.161537 0.215785
13360 0.517777 0.058658 0.423564
13311 0.299101 0.335662 0.365237
4340 0.075943 0.502343 0.421714
13361 0.142111 0.602096 0.255793
4340 0.147355 0.251345 0.601300
13361 0.342728 0.633922 0.023349
13310 0.224443 0.364831 0.410726
4340 0.229506 0.000354 0.770140
13364 0.222159 0.573768 0.204074
13307 0.522657 0.459106 0.018236
16089 0.500484 0.259630 0.239886
