54781 0.559944 0.107533 0.332524
2708 0.089301 0.768028 0.142671
2804 0.554329 0.205324 0.240347
3307 0.156484 0.727225 0.116291
3224 0.163984 0.290139 0.545877
3154 0.353052 0.359655 0.287293
3789 0.391015 0.577677 0.031309
3690 0.269844 0.534863 0.195293
4704 0.935005 0.041129 0.023865
2330 0.215269 0.033014 0.751717
2330 0.191464 0.037606 0.770930
2330 0.157510 0.035874 0.806616
2330 0.023891 0.445891 0.530218
2057 0.538122 0.440224 0.021654
1771 0.328273 0.340529 0.331199
1208 0.302079 0.575618 0.122303
876 0.098262 0.556878 0.344861
1507 0.644283 0.162882 0.192835
792 0.152058 0.322670 0.525272
1025 0.254541 0.507245 0.238214
624 1.000000 0.000000 0.000000
573 0.000000 0.781274 0.218726
1293 0.562642 0.161030 0.276328
1874 0.368446 0.427756 0.203798
1874 0.435624 0.314915 0.249461
2208 0.916373 0.053145 0.030481
1638 0.109675 0.064980 0.825344
1691 0.766544 0.120181 0.113275
1268 0.025446 0.695472 0.279082
1280 0.041477 0.714244 0.244279
813 0.712147 0.202466 0.085387
1025 0.782452 0.080607 0.136941
1064 0.390999 0.437273 0.171728
418 0.664605 0.286436 0.048959
508 0.006577 0.735569 0.257854
740 0.793629 0.005848 0.200523
1346 0.057407 0.031100 0.911493
3550 0.107127 0.746995 0.145877
3352 0.214244 0.575383 0.210373
3345 0.068929 0.582045 0.349025
3066 0.165071 0.067351 0.767578
3331 0.738458 0.242353 0.019189
3792 0.227859 0.720309 0.051832
84870 0.429338 0.041163 0.529499
92219 0.945266 0.045980 0.008754
92827 0.498785 0.044153 0.457062
79664 0.096584 0.886609 0.016808
77816 0.367074 0.328876 0.304049
11052 0.343078 0.307306 0.349616
9015 0.636459 0.218323 0.145218
10338 0.129053 0.392080 0.478867
2749 0.007622 0.189113 0.803265
2794 0.276118 0.661733 0.062149
2799 0.323567 0.015193 0.661241
549 0.171593 0.285503 0.542903
814 0.031335 0.704621 0.264044
1223 0.348556 0.259542 0.391902
2919 0.375539 0.108800 0.515661
2800 0.254872 0.285259 0.459869
3266 0.307787 0.299606 0.392607
8840 0.162386 0.000197 0.837417
10550 0.182561 0.642624 0.174815
9496 0.076583 0.207482 0.715935
52155 0.532870 0.043915 0.423216
50549 0.145676 0.591335 0.262989
54075 0.070422 0.878873 0.050705
47800 0.032568 0.390020 0.577412
43467 0.629458 0.267752 0.102789
46630 0.756637 0.061867 0.181496
44736 0.713390 0.213647 0.072962
42543 0.532606 0.358019 0.109375
43772 0.637948 0.116904 0.245148
18833 0.847235 0.126314 0.026451
21576 0.046721 0.565477 0.387802
21459 0.353560 0.404266 0.242174
58662 1.000000 0.000000 0.000000
60158 0.437322 0.135641 0.427037
59619 0.327722 0.165183 0.507095
78985 0.216909 0.038048 0.745044
76551 0.018473 0.340281 0.641247
76989 0.063849 0.385291 0.550860
76808 0.801937 0.131675 0.066388
78203 0.325416 0.145210 0.529374
37434 0.109922 0.358745 0.531333
35298 0.113364 0.793346 0.093290
38668 0.652204 0.116679 0.231117
36221 0.228556 0.321429 0.450015
32735 0.593551 0.083964 0.322484
33496 0.377078 0.575570 0.047352
23528 0.219138 0.537449 0.243413
22760 0.539938 0.322782 0.137280
74 0.665342 0.216506 0.118153
21323 0.342141 0.229487 0.428372
22354 1.000000 0.000000 0.000000
76244 0.007761 0.569711 0.422528
72947 0.342344 0.193499 0.464157
76714 0.435404 0.290962 0.273635
53149 0.367050 0.312090 0.320860
52190 0.020359 0.797381 0.182261
54091 0.330520 0.334541 0.334939
50093 0.169735 0.158348 0.671917
48127 0.811958 0.071621 0.116421
48182 0.259343 0.157179 0.583479
27431 0.041296 0.614607 0.344097
26939 0.103049 0.527329 0.369622
28974 0.572512 0.360794 0.066695
80725 0.422385 0.320665 0.256950
85660 0.630755 0.092966 0.276279
80730 0.649224 0.013764 0.337012
73802 0.117803 0.583070 0.299126
75048 0.086719 0.193503 0.719778
74048 0.072333 0.281243 0.646424
1345 0.126696 0.406110 0.467194
1167 0.677064 0.011231 0.311704
917 0.251975 0.056112 0.691913
3045 0.142976 0.387508 0.469516
3155 0.100736 0.212571 0.686692
6923 0.019799 0.836829 0.143372
7744 0.288399 0.013095 0.698506
7597 0.342870 0.501101 0.156029
9203 0.331430 0.395545 0.273025
8837 0.416766 0.538805 0.044428
8505 0.050999 0.921542 0.027458
7586 0.000000 0.244454 0.755546
7723 0.609570 0.140382 0.250048
67111 0.738838 0.070647 0.190515
66608 1.000000 0.000000 0.000000
66608 1.000000 0.000000 0.000000
84371 0.141348 0.113853 0.744799
82647 1.000000 0.000000 0.000000
82939 0.078911 0.243599 0.677490
48515 0.485722 0.344216 0.170062
51980 0.210570 0.315043 0.474388
47751 0.138915 0.590112 0.270972
87929 0.242810 0.696813 0.060377
93636 0.786693 0.133079 0.080227
96820 0.082769 0.803384 0.113847
96416 0.305267 0.202433 0.492300
99159 0.223074 0.677514 0.099411
11707 0.366158 0.241050 0.392792
10032 0.336787 0.615624 0.047589
7306 1.000000 0.000000 0.000000
9786 0.200758 0.127356 0.671886
8746 0.631594 0.215361 0.153045
8551 0.087875 0.612275 0.299850
6753 0.392607 0.176196 0.431198
5753 0.295321 0.169394 0.535285
6220 0.898031 0.089688 0.012281
63413 1.000000 0.000000 0.000000
61811 0.120697 0.106613 0.772690
61958 0.162948 0.217590 0.619462
65637 0.399535 0.365229 0.235237
63313 0.463713 0.045586 0.490701
9570 0.325521 0.481363 0.193116
5521 0.328439 0.196926 0.474635
6328 0.050610 0.509912 0.439478
2638 0.115615 0.299577 0.584809
2738 0.130445 0.263599 0.605956
12798 0.259242 0.709319 0.031438
14665 0.451001 0.170293 0.378705
13796 0.115530 0.440236 0.444233
96052 0.140860 0.025924 0.833216
70407 0.222891 0.522745 0.254364
80575 0.176068 0.545961 0.277971
80118 0.655425 0.202385 0.142190
61061 0.524075 0.399890 0.076036
62355 0.285799 0.306699 0.407503
61527 0.215383 0.563260 0.221357
82572 0.381597 0.409551 0.208852
78401 0.369931 0.524127 0.105942
78943 0.259867 0.479901 0.260232
72259 0.249707 0.664017 0.086276
46740 0.054577 0.592225 0.353198
46536 0.041659 0.651454 0.306887
47482 0.013866 0.018104 0.968030
9970 0.009360 0.779336 0.211304
9377 0.031979 0.678403 0.289618
9722 0.240738 0.373179 0.386083
9985 0.367289 0.120848 0.511863
3155 0.032400 0.032525 0.935074
13489 0.224221 0.185601 0.590178
13913 0.630609 0.141813 0.227578
86126 0.170751 0.522614 0.306635
83591 0.793605 0.080294 0.126101
80046 0.242223 0.070972 0.686805
33419 0.331141 0.120657 0.548202
22904 0.464868 0.394068 0.141064
24107 0.133270 0.243760 0.622970
26710 0.252705 0.197375 0.549920
49038 0.407486 0.387788 0.204726
51652 0.622103 0.340637 0.037260
46094 0.392959 0.477152 0.129889
47253 0.011057 0.764691 0.224252
47016 0.404766 0.156991 0.438243
48254 0.066125 0.050116 0.883758
61140 0.071441 0.909573 0.018986
61211 0.022223 0.674296 0.303482
61668 0.891624 0.025614 0.082762
61971 0.401724 0.033991 0.564285
61605 0.168858 0.757421 0.073720
85252 0.182165 0.245544 0.572291
85257 0.553181 0.336522 0.110297
84956 0.176165 0.377474 0.446361
87136 0.595864 0.360886 0.043250
85096 0.000000 0.610497 0.389503
39465 0.315345 0.437340 0.247315
40126 0.544600 0.252264 0.203136
39980 0.418172 0.119729 0.462099
40940 0.082510 0.590290 0.327200
43001 0.199932 0.049830 0.750237
42801 0.319049 0.586567 0.094383
42192 0.196610 0.306732 0.496659
39882 0.347661 0.042694 0.609645
40469 0.087780 0.787816 0.124404
33764 0.818832 0.055725 0.125443
29589 0.317839 0.192589 0.489572
34804 0.480601 0.248240 0.271159
31285 0.078368 0.818194 0.103438
7311 0.024924 0.380668 0.594408
7244 0.148903 0.492969 0.358128
7415 0.110314 0.348729 0.540957
8050 0.471167 0.368565 0.160268
8236 0.548375 0.325293 0.126332
7083 0.169552 0.339106 0.491342
7606 0.003240 0.472389 0.524371
7045 1.000000 0.000000 0.000000
7064 0.320325 0.156588 0.523087
8378 0.757726 0.125780 0.116494
11544 0.003355 0.744485 0.252160
11696 0.131494 0.506492 0.362013
10915 0.145663 0.244863 0.609474
11125 0.130862 0.570051 0.299087
9949 0.488803 0.012334 0.498863
11042 0.141074 0.416021 0.442906
11229 0.651800 0.225323 0.122877
12229 0.575553 0.067096 0.357351
11263 0.161382 0.345658 0.492960
12576 0.153868 0.127538 0.718594
13412 0.586867 0.223692 0.189441
13270 0.706797 0.235688 0.057515
15451 0.334058 0.526268 0.139674
13474 0.225367 0.040917 0.733717
15458 0.168649 0.228362 0.602989
13952 0.118282 0.541756 0.339963
15662 0.540529 0.093318 0.366153
17516 0.618678 0.015811 0.365511
12367 0.239431 0.086699 0.673870
8489 0.227929 0.350657 0.421414
8292 0.094005 0.683347 0.222648
1037 0.570640 0.024686 0.404674
1479 0.518332 0.341405 0.140263
1636 0.027041 0.512528 0.460431
12102 0.282003 0.126628 0.591369
11646 0.192442 0.618885 0.188673
12447 0.038315 0.321585 0.640101
11600 0.317875 0.652495 0.029630
1062 0.640089 0.310216 0.049695
1053 0.174201 0.164762 0.661037
1063 0.130311 0.718228 0.151461
725 0.288919 0.624801 0.086279
1016 0.204635 0.387640 0.407725
1229 0.738079 0.186157 0.075765
2447 0.160577 0.783439 0.055983
2369 0.028681 0.759340 0.211979
1777 0.030395 0.390120 0.579484
1581 0.693463 0.102421 0.204117
1378 0.179665 0.163496 0.656839
1699 0.608495 0.048822 0.342683
1880 0.590372 0.146081 0.263547
2406 0.036278 0.684454 0.279268
2667 0.414524 0.360961 0.224515
3042 0.808216 0.185114 0.006670
3404 0.580150 0.100204 0.319645
2854 0.470777 0.472307 0.056916
2211 0.290992 0.576407 0.132601
2685 0.037584 0.628477 0.333939
1801 0.069312 0.272994 0.657694
2348 0.386202 0.483544 0.130254
1761 0.178587 0.546515 0.274898
1909 0.112235 0.215108 0.672658
1413 0.470668 0.270350 0.258981
1409 0.442051 0.033812 0.524137
2324 0.743338 0.064063 0.192599
2253 0.370115 0.586362 0.043523
2472 0.235174 0.721306 0.043520
2321 0.307534 0.178768 0.513698
2712 0.084179 0.408701 0.507120
2694 0.494931 0.186354 0.318715
2445 0.574629 0.392698 0.032673
2567 0.242603 0.585103 0.172295
1415 0.538513 0.410030 0.051457
3109 0.743943 0.028872 0.227185
3851 0.275650 0.533913 0.190437
3933 0.635919 0.121631 0.242450
1468 0.412355 0.582312 0.005333
1885 0.010122 0.984386 0.005491
2882 0.198960 0.517384 0.283655
3787 0.102850 0.763774 0.133376
2620 0.708809 0.177204 0.113988
4540 0.569522 0.168214 0.262264
6813 0.470672 0.017545 0.511783
5112 0.778598 0.079093 0.142309
1908 0.417366 0.050308 0.532326
1381 0.197201 0.671589 0.131210
1479 0.576392 0.077306 0.346302
1079 0.191708 0.080600 0.727692
1353 0.207592 0.156469 0.635940
1887 0.192176 0.006346 0.801478
1353 0.048527 0.450336 0.501137
1482 0.068785 0.672032 0.259183
955 0.585083 0.177083 0.237834
1472 0.005155 0.859756 0.135089
972 0.133222 0.203513 0.663265
1526 0.117586 0.079956 0.802459
1511 0.290620 0.307790 0.401589
1037 0.059584 0.241370 0.699046
209 0.340121 0.598569 0.061310
269 0.196960 0.585045 0.217995
216 0.098508 0.487725 0.413767
315 0.060410 0.298872 0.640718
512 0.765857 0.002288 0.231855
530 0.460794 0.464873 0.074333
916 0.144556 0.132352 0.723092
740 0.213481 0.273990 0.512529
1001 0.664667 0.063187 0.272145
1025 0.266594 0.668626 0.064780
732 0.673357 0.075277 0.251366
1421 0.115266 0.599089 0.285645
1205 0.158174 0.153880 0.687946
1477 0.671643 0.205110 0.123247
1514 0.083552 0.806305 0.110143
1694 0.067534 0.025612 0.906854
1523 0.258280 0.699913 0.041806
1436 0.195042 0.620349 0.184609
1507 0.249752 0.340869 0.409379
1508 0.316178 0.214979 0.468843
1553 0.000000 0.741799 0.258201
1594 0.237592 0.160655 0.601752
1771 0.061610 0.225771 0.712619
2800 0.492798 0.216676 0.290526
3027 0.740864 0.204741 0.054395
3477 0.205071 0.197127 0.597802
3533 0.230909 0.375947 0.393144
3837 0.094055 0.044556 0.861389
4140 0.327827 0.323532 0.348640
4754 0.760793 0.149376 0.089831
4139 0.687053 0.286352 0.026596
4908 0.933207 0.041224 0.025569
4909 0.119185 0.426072 0.454743
4626 0.245967 0.636454 0.117579
4483 0.143065 0.536882 0.320053
5003 0.336872 0.293360 0.369768
4740 0.461004 0.306583 0.232413
5745 0.641098 0.348743 0.010159
6246 0.462030 0.422221 0.115749
6451 0.302441 0.030786 0.666773
5140 0.060765 0.718651 0.220584
5387 0.445062 0.401262 0.153675
4859 0.099043 0.157272 0.743684
5651 0.038088 0.076811 0.885101
5624 0.781143 0.128143 0.090714
19249 0.372706 0.434111 0.193183
18065 0.152816 0.468834 0.378350
19845 1.000000 0.000000 0.000000
18030 0.626262 0.123578 0.250160
18091 0.841331 0.085685 0.072985
16971 0.065632 0.881790 0.052577
19157 0.060779 0.379541 0.559680
16665 0.297303 0.243881 0.458816
16962 0.727461 0.106686 0.165852
15281 0.462749 0.477504 0.059747
15531 0.118919 0.011908 0.869172
15878 0.100630 0.643148 0.256222
9678 0.506627 0.330177 0.163196
11206 0.647785 0.223152 0.129063
11877 1.000000 0.000000 0.000000
10967 0.324760 0.196173 0.479068
9575 0.546076 0.440789 0.013136
10846 0.240668 0.506821 0.252511
691 0.773019 0.226981 0.000000
624 0.242643 0.604144 0.153213
1300 0.463260 0.216705 0.320035
84524 0.873486 0.126238 0.000276
82626 0.248081 0.218753 0.533167
82223 0.386495 0.206139 0.407366
82363 0.037292 0.039505 0.923203
81702 0.017397 0.688289 0.294314
80968 0.433669 0.232059 0.334272
82460 0.004532 0.702342 0.293126
81345 0.428856 0.553005 0.018139
83846 0.371990 0.394667 0.233343
81159 0.331796 0.174896 0.493308
84852 0.322171 0.457256 0.220573
87489 0.567234 0.185223 0.247543
78487 0.813347 0.145071 0.041582
78000 0.316525 0.154876 0.528600
79787 0.219846 0.151238 0.628917
75086 0.140608 0.568501 0.290890
79267 0.310958 0.054016 0.635026
92248 0.106331 0.304705 0.588964
94673 0.056340 0.376813 0.566848
93132 0.404659 0.469070 0.126271
94859 0.830351 0.001541 0.168108
92095 0.342818 0.534368 0.122813
92906 0.521794 0.071171 0.407035
95352 0.304297 0.026061 0.669641
93645 0.077087 0.823183 0.099731
90265 0.523245 0.243204 0.233551
88406 0.560030 0.308543 0.131427
88876 0.818441 0.129056 0.052503
86800 0.174965 0.214869 0.610166
86544 0.143096 0.698056 0.158848
82740 0.065777 0.744133 0.190089
84301 0.379488 0.007188 0.613324
81545 0.037285 0.812647 0.150069
81587 0.146887 0.717299 0.135814
79353 0.624721 0.250050 0.125229
71471 0.897290 0.075540 0.027169
66377 0.422867 0.527651 0.049482
65934 0.264642 0.405294 0.330063
64039 0.723215 0.115520 0.161265
63713 0.174234 0.402494 0.423272
97478 0.295734 0.378936 0.325331
98584 0.434164 0.077918 0.487919
96659 0.264035 0.296200 0.439765
96447 0.157685 0.512713 0.329602
95377 0.359081 0.514375 0.126544
94147 0.178173 0.113982 0.707845
88996 0.165408 0.657877 0.176716
86690 0.262843 0.033190 0.703967
93634 0.828748 0.095867 0.075385
87166 0.787378 0.153185 0.059437
83952 0.119579 0.673957 0.206464
90580 0.101896 0.066159 0.831944
96725 0.571426 0.211148 0.217426
97420 0.829224 0.102327 0.068449
97365 0.416715 0.311941 0.271344
97609 0.062963 0.457152 0.479885
97719 0.119514 0.423963 0.456522
99255 0.400127 0.326714 0.273159
99118 0.127590 0.736775 0.135635
98251 0.521339 0.232209 0.246452
95432 0.137318 0.800807 0.061875
97518 0.904187 0.046541 0.049272
99206 0.093008 0.842335 0.064657
99797 0.056939 0.027561 0.915500
96094 0.215658 0.000000 0.784342
47454 0.145601 0.801431 0.052968
49037 0.668659 0.264576 0.066765
51642 0.086723 0.083477 0.829800
51358 0.060122 0.472082 0.467796
56028 0.047676 0.736641 0.215682
56993 0.593689 0.335623 0.070688
51883 0.113063 0.011620 0.875317
53219 0.179355 0.071908 0.748737
56992 0.184868 0.004063 0.811069
53464 0.172572 0.244728 0.582700
56239 0.934504 0.049894 0.015602
53867 0.377636 0.472733 0.149631
56317 0.478754 0.212404 0.308841
53737 0.319820 0.247852 0.432328
55940 0.253221 0.410677 0.336101
52292 0.228280 0.563479 0.208241
55773 0.234158 0.305885 0.459957
53079 0.077412 0.526789 0.395799
55626 0.822814 0.021248 0.155938
53859 0.000286 0.458444 0.541270
57531 0.695612 0.197693 0.106695
54578 0.161354 0.010152 0.828494
57553 0.246322 0.068791 0.684887
58098 0.439022 0.235471 0.325506
58244 0.109791 0.834484 0.055725
57589 0.235877 0.438524 0.325599
56495 0.103472 0.157902 0.738626
56447 0.305870 0.499060 0.195070
56435 0.056456 0.651940 0.291604
56535 0.212868 0.750226 0.036906
52380 0.127894 0.226611 0.645495
52187 0.690367 0.246670 0.062963
55889 0.304233 0.631866 0.063901
56329 0.261234 0.709703 0.029062
45108 0.142947 0.623284 0.233769
46376 0.261445 0.069321 0.669234
48941 0.213839 0.651489 0.134671
49907 0.732577 0.049667 0.217757
46872 0.058028 0.739311 0.202661
48658 0.023522 0.223657 0.752821
47522 0.239250 0.257369 0.503381
49604 0.066266 0.148130 0.785605
49282 0.172188 0.095266 0.732546
43817 0.179639 0.361897 0.458463
55071 0.562634 0.104546 0.332820
49913 0.200914 0.044355 0.754731
51600 0.373381 0.029558 0.597061
55031 0.239619 0.662222 0.098158
48438 0.575985 0.178324 0.245691
52704 0.407706 0.285749 0.306544
48130 0.118490 0.506198 0.375313
52694 0.178284 0.607811 0.213905
47586 0.636016 0.215898 0.148085
52409 0.711055 0.192324 0.096621
51355 0.240056 0.536282 0.223662
44880 0.752893 0.165162 0.081945
48719 0.054754 0.101870 0.843376
46069 0.080107 0.063878 0.856016
49464 0.310313 0.119385 0.570302
44373 0.851985 0.003440 0.144575
45177 0.531543 0.379159 0.089298
44177 0.497325 0.347538 0.155137
44173 0.123589 0.614662 0.261749
45279 0.895141 0.018525 0.086334
44135 0.722920 0.119081 0.157999
41759 0.622668 0.052998 0.324334
93863 0.421336 0.200678 0.377986
94060 0.322148 0.498293 0.179559
94035 0.709290 0.115601 0.175108
97242 0.219841 0.090689 0.689470
95417 0.380736 0.239843 0.379421
94344 0.370686 0.335469 0.293845
96241 0.248441 0.093253 0.658306
92115 0.026069 0.560044 0.413886
90535 0.798203 0.201797 0.000000
88516 0.067256 0.895251 0.037492
89219 0.098108 0.471623 0.430269
83799 0.416477 0.027514 0.556009
86684 0.525555 0.234826 0.239619
85473 0.232294 0.504746 0.262960
91657 0.239248 0.722972 0.037781
94681 0.412027 0.036551 0.551421
96747 0.127764 0.690782 0.181454
84504 0.650043 0.251162 0.098796
98500 0.000000 0.966769 0.033231
95563 0.377227 0.369370 0.253404
42200 0.071132 0.463276 0.465592
39417 0.132948 0.131181 0.735871
42188 0.018304 0.147683 0.834013
43279 0.403909 0.547343 0.048748
48823 0.661123 0.014339 0.324538
47624 0.023132 0.184760 0.792107
50723 0.192987 0.115432 0.691581
52182 0.680576 0.105573 0.213851
51210 0.297415 0.625998 0.076587
46694 0.336126 0.152142 0.511733
52788 0.390282 0.122422 0.487296
48968 0.022955 0.956472 0.020573
54981 0.074627 0.608654 0.316719
57082 0.249625 0.725532 0.024843
54563 0.069779 0.160971 0.769249
56355 0.576686 0.299124 0.124190
53631 0.105793 0.010740 0.883467
56331 0.382427 0.594761 0.022812
51795 0.116280 0.762108 0.121612
54225 0.403627 0.026693 0.569680
49283 0.801073 0.070734 0.128193
51502 0.257205 0.390332 0.352463
45189 0.342962 0.024377 0.632661
44863 0.036335 0.531306 0.432359
51977 0.049074 0.730511 0.220415
52052 0.610633 0.284954 0.104412
55375 0.162363 0.657842 0.179795
38101 0.497406 0.036730 0.465864
36569 0.312404 0.255693 0.431902
37616 0.232713 0.559901 0.207386
36011 0.074275 0.631342 0.294382
41402 0.458399 0.344927 0.196675
45026 0.683240 0.275211 0.041549
50516 0.377560 0.621949 0.000490
51985 0.015150 0.632593 0.352257
50039 0.050884 0.434507 0.514609
51992 0.000000 0.187050 0.812950
47411 0.148117 0.272540 0.579342
45887 0.728799 0.103945 0.167256
44600 0.017995 0.632522 0.349483
46579 0.004488 0.373730 0.621783
43420 0.492477 0.166989 0.340534
40908 0.116417 0.670766 0.212817
42064 0.803771 0.131215 0.065014
38709 0.274852 0.587014 0.138133
39342 0.582085 0.341829 0.076085
43426 0.029752 0.070314 0.899934
40752 0.637561 0.057841 0.304598
45329 0.096042 0.325240 0.578718
44699 0.077940 0.867826 0.054233
52375 0.347089 0.091620 0.561291
47300 0.235012 0.341046 0.423942
50532 0.158110 0.041735 0.800154
46810 0.289730 0.091473 0.618797
49210 0.437778 0.149983 0.412239
51011 0.329960 0.121861 0.548179
50528 0.332492 0.556763 0.110745
59229 0.559102 0.223160 0.217738
54663 0.832918 0.119888 0.047194
56250 0.356368 0.249424 0.394208
50123 0.156343 0.225916 0.617741
46404 0.083766 0.355012 0.561222
53709 0.678300 0.055068 0.266632
50663 0.607013 0.274337 0.118650
57793 0.212149 0.188522 0.599328
56116 0.132202 0.856997 0.010801
58816 0.385594 0.246211 0.368195
56864 0.351217 0.282632 0.366151
59356 0.012271 0.144062 0.843667
58270 0.164870 0.395313 0.439817
59867 0.128774 0.668193 0.203033
58714 0.557478 0.101479 0.341042
60054 0.696345 0.286007 0.017648
58859 0.618282 0.109257 0.272461
59944 0.119254 0.476396 0.404350
58790 0.057269 0.417888 0.524843
59938 0.842950 0.135532 0.021518
59252 0.227175 0.382587 0.390238
60154 0.655298 0.258283 0.086419
59646 0.303503 0.194952 0.501545
60601 0.455792 0.056636 0.487572
60053 0.013609 0.940477 0.045914
62105 0.677007 0.055303 0.267690
61480 0.369344 0.279232 0.351424
63146 0.261745 0.625538 0.112717
60231 0.549527 0.365984 0.084489
61278 0.142866 0.423048 0.434086
44710 0.124600 0.647374 0.228027
44313 0.645441 0.044595 0.309964
41228 0.205151 0.145423 0.649426
39927 0.134491 0.765060 0.100449
38917 0.360103 0.393854 0.246043
37562 0.689968 0.277070 0.032962
36135 0.526527 0.314958 0.158515
80949 1.000000 0.000000 0.000000
72633 0.088902 0.458822 0.452276
74276 0.769845 0.057882 0.172273
75536 0.114277 0.504849 0.380874
68891 0.597392 0.140044 0.262564
72231 0.000000 0.842020 0.157980
66657 0.142778 0.709315 0.147906
83652 0.363400 0.282069 0.354531
81885 0.314464 0.632655 0.052881
79453 0.665898 0.248884 0.085218
74688 0.291461 0.483268 0.225271
33557 0.580327 0.107558 0.312115
30935 0.463225 0.037181 0.499594
32572 0.732339 0.070864 0.196798
30774 0.387037 0.549523 0.063440
63707 0.451609 0.247847 0.300544
64176 0.120028 0.072468 0.807504
64263 0.497773 0.234579 0.267648
65534 0.570979 0.282406 0.146615
64775 0.141093 0.539041 0.319866
65895 0.778863 0.063043 0.158094
79959 0.413818 0.475034 0.111148
85949 0.971846 0.027945 0.000210
90139 0.057681 0.481878 0.460441
66968 0.179304 0.123256 0.697441
87138 0.401356 0.194123 0.404521
84167 0.000000 0.454594 0.545406
45073 0.142651 0.786113 0.071236
44653 0.066863 0.786400 0.146736
46145 0.108731 0.120666 0.770603
29552 0.335383 0.587742 0.076875
29118 0.414394 0.280189 0.305417
34130 0.824410 0.151183 0.024407
32876 0.744156 0.121644 0.134200
10099 0.349633 0.642220 0.008146
8772 0.000000 0.983172 0.016828
10835 0.121251 0.760942 0.117808
7982 0.177895 0.535158 0.286947
8601 0.190452 0.174116 0.635431
8606 0.144981 0.307445 0.547573
8254 0.133163 0.357863 0.508974
10755 0.199332 0.169992 0.630676
9823 0.235730 0.138364 0.625906
10352 0.273316 0.370595 0.356089
9471 0.100307 0.690608 0.209085
8965 0.408284 0.583051 0.008665
10601 0.414612 0.248330 0.337059
10377 0.213630 0.275921 0.510449
11780 0.535140 0.353908 0.110952
12237 0.023613 0.524505 0.451882
12419 0.719561 0.190730 0.089709
12303 0.041562 0.248159 0.710279
12041 0.183654 0.678530 0.137816
12142 0.067662 0.836736 0.095603
11653 0.429859 0.059612 0.510529
11693 0.115634 0.548398 0.335969
12682 0.320365 0.301110 0.378524
1649 0.225033 0.294815 0.480152
1616 0.065783 0.847928 0.086290
1846 0.388779 0.416883 0.194337
817 0.188247 0.018156 0.793598
1058 0.100781 0.188366 0.710853
1406 0.603261 0.206197 0.190542
1406 0.065837 0.117704 0.816459
4085 0.423018 0.465212 0.111771
3084 0.259333 0.464073 0.276594
5110 0.406719 0.443922 0.149359
3494 0.438481 0.180047 0.381473
5741 0.144982 0.181433 0.673584
3944 0.472768 0.257380 0.269851
7882 0.632969 0.039464 0.327567
4939 0.276398 0.011898 0.711703
1404 0.292195 0.668622 0.039183
1750 0.817799 0.171181 0.011021
1532 0.204995 0.473366 0.321639
2267 0.234767 0.222768 0.542465
2532 0.210914 0.176616 0.612470
2428 0.720381 0.276331 0.003288
2896 0.241515 0.721682 0.036803
2271 0.647073 0.054421 0.298506
1961 0.447243 0.000374 0.552384
1487 0.222668 0.347213 0.430119
1458 0.430744 0.363174 0.206082
1132 0.547717 0.041702 0.410582
1351 0.057624 0.757154 0.185222
2094 0.654322 0.179568 0.166109
1707 0.217675 0.196253 0.586072
1254 0.333453 0.625999 0.040548
1074 0.669486 0.179576 0.150938
1073 0.169311 0.365680 0.465010
853 0.181552 0.192527 0.625921
938 0.781382 0.101655 0.116962
431 0.701485 0.028504 0.270010
460 0.717593 0.280993 0.001414
316 0.333801 0.253969 0.412229
427 0.371595 0.075294 0.553111
1151 0.319065 0.118469 0.562466
459 0.170171 0.813547 0.016282
730 0.287713 0.029830 0.682457
821 0.390902 0.505420 0.103678
1102 0.338168 0.285429 0.376402
3126 0.745757 0.092880 0.161363
2383 0.167381 0.202059 0.630560
1500 0.517438 0.337760 0.144802
2389 0.070207 0.408428 0.521365
3769 0.471088 0.381888 0.147023
2736 0.717230 0.186980 0.095790
2729 0.618244 0.171817 0.209939
2197 0.114640 0.373786 0.511574
2785 0.571877 0.241728 0.186395
1990 0.323293 0.157392 0.519315
2434 0.660738 0.112306 0.226955
3289 0.051302 0.657275 0.291424
3411 0.064078 0.172033 0.763889
3585 0.318087 0.330885 0.351028
4563 0.679154 0.251664 0.069182
1021 0.566901 0.433099 0.000000
1221 0.759506 0.026414 0.214080
1110 0.443311 0.538073 0.018617
1269 0.835218 0.031509 0.133272
1676 0.327862 0.163628 0.508511
1452 0.354165 0.208861 0.436975
1874 0.636803 0.182235 0.180962
2194 0.116398 0.079811 0.803791
2013 0.564326 0.159099 0.276575
774 0.064643 0.852754 0.082603
940 0.392736 0.010228 0.597036
1231 0.247511 0.179674 0.572815
11723 0.311718 0.539078 0.149204
11609 0.013191 0.119021 0.867787
1133 0.125529 0.506044 0.368426
791 0.216210 0.169473 0.614316
278 0.057267 0.816568 0.126165
276 0.296984 0.273256 0.429760
336 0.510248 0.375828 0.113924
765 0.277525 0.288470 0.434005
767 0.087847 0.185099 0.727054
1247 0.761966 0.026265 0.211768
332 0.682169 0.240215 0.077616
1758 0.102356 0.713990 0.183654
1680 0.095582 0.298758 0.605660
6438 0.031699 0.061079 0.907222
5219 0.047518 0.147293 0.805189
6011 0.135422 0.297348 0.567230
5559 0.814952 0.134636 0.050412
6185 0.620862 0.156102 0.223036
5335 0.045970 0.058369 0.895661
6030 0.143818 0.818544 0.037639
5812 0.184461 0.157163 0.658375
6035 0.607888 0.353050 0.039062
5575 0.018516 0.641848 0.339635
5101 0.052467 0.105332 0.842201
4556 0.027746 0.336214 0.636040
4435 0.065218 0.304252 0.630531
3311 0.181255 0.795500 0.023245
3312 0.264577 0.578694 0.156730
3294 0.147623 0.796590 0.055787
6167 0.575379 0.278161 0.146460
7460 0.083276 0.848597 0.068127
8664 0.241176 0.741627 0.017197
8078 0.362927 0.129229 0.507844
8740 0.315609 0.681755 0.002636
8614 0.333648 0.075978 0.590374
10191 0.143483 0.751051 0.105466
8609 0.262999 0.097038 0.639963
10116 0.176392 0.667165 0.156443
9199 0.172119 0.126005 0.701875
9214 0.000000 0.729718 0.270282
9215 0.425656 0.476075 0.098269
9820 0.111523 0.382324 0.506153
10791 0.724789 0.201970 0.073241
11000 0.450982 0.370388 0.178629
10840 0.141381 0.111778 0.746842
8062 1.000000 0.000000 0.000000
7524 0.181959 0.148032 0.670009
7711 0.305551 0.410381 0.284069
11217 0.879912 0.021129 0.098959
11188 0.240434 0.499801 0.259765
11702 0.224462 0.487578 0.287960
12896 0.494623 0.303126 0.202251
14892 0.291649 0.677067 0.031284
12487 0.674732 0.265301 0.059966
8666 0.099272 0.699942 0.200786
8753 0.725983 0.215478 0.058539
11160 0.098230 0.727824 0.173946
10380 0.047148 0.249045 0.703807
10494 0.083078 0.150157 0.766765
9706 0.428245 0.179498 0.392257
8355 0.382744 0.538539 0.078717
9090 0.180962 0.126452 0.692586
8280 0.599789 0.351236 0.048975
9753 0.116953 0.759660 0.123387
7581 0.292736 0.101137 0.606127
9743 0.263201 0.207761 0.529037
7281 0.032507 0.122036 0.845458
8084 0.210943 0.121042 0.668014
7568 0.696152 0.153651 0.150198
8069 0.229050 0.251271 0.519680
7734 0.362455 0.118415 0.519130
6425 0.310885 0.362588 0.326527
6169 0.557740 0.165052 0.277208
5217 0.422584 0.265999 0.311418
5553 0.210364 0.163841 0.625795
4837 0.772808 0.158030 0.069162
4313 0.410585 0.428430 0.160985
4430 1.000000 0.000000 0.000000
4078 0.116429 0.529110 0.354461
3581 0.233903 0.600910 0.165187
3225 0.800445 0.167243 0.032312
3224 0.344484 0.523148 0.132367
4560 0.835941 0.007826 0.156233
4306 0.781491 0.038837 0.179672
8930 0.249589 0.095401 0.655010
10139 0.634324 0.221709 0.143967
11149 0.586678 0.151875 0.261447
11634 0.529125 0.398815 0.072060
11281 0.099479 0.869801 0.030720
10576 0.079694 0.248879 0.671427
9944 0.919222 0.067330 0.013448
8467 0.634585 0.109363 0.256052
8659 0.431921 0.257690 0.310388
10420 0.285652 0.285710 0.428638
10645 0.050410 0.150125 0.799465
8288 0.479131 0.288161 0.232708
6904 0.117894 0.669046 0.213060
6216 0.710310 0.222918 0.066773
4195 0.066530 0.198814 0.734656
8484 0.182323 0.215656 0.602021
8465 0.660839 0.097604 0.241557
6288 0.347460 0.200844 0.451695
6512 0.422923 0.570255 0.006823
4536 0.537041 0.297570 0.165389
4420 0.352164 0.142572 0.505264
2723 0.557006 0.091768 0.351225
2437 0.222362 0.728397 0.049241
3011 0.836098 0.120398 0.043504
2357 0.666023 0.283016 0.050961
2023 0.116057 0.761350 0.122593
1648 0.099962 0.769200 0.130837
1417 0.066912 0.926645 0.006443
1276 0.778645 0.042954 0.178401
3761 0.033298 0.612543 0.354159
2513 0.015649 0.858917 0.125434
2226 0.226107 0.204168 0.569725
2153 0.204003 0.186305 0.609693
2875 0.124494 0.043868 0.831638
2761 0.360178 0.407830 0.231991
3777 0.073828 0.777837 0.148335
5319 0.748844 0.247173 0.003983
1996 0.170844 0.678832 0.150323
1857 0.044838 0.203427 0.751735
1883 0.273848 0.267464 0.458687
1966 0.161398 0.120002 0.718600
1883 0.200813 0.179469 0.619719
1691 0.308109 0.080509 0.611382
6514 0.071188 0.741910 0.186902
4194 0.052034 0.621492 0.326474
85643 0.464828 0.089854 0.445318
88268 0.114269 0.674110 0.211621
83213 0.236336 0.471300 0.292364
82506 0.376013 0.497100 0.126887
86485 0.637060 0.354740 0.008200
81902 0.333088 0.355097 0.311815
85235 0.039806 0.040363 0.919831
72307 0.175935 0.564617 0.259448
71606 0.132395 0.455047 0.412558
70702 0.199830 0.027153 0.773017
70793 0.575834 0.025432 0.398734
73109 0.734879 0.176555 0.088566
73115 0.836886 0.096347 0.066767
87357 0.548722 0.183150 0.268128
85673 0.191924 0.139583 0.668493
83401 0.508920 0.127042 0.364039
83836 0.165220 0.091441 0.743340
80358 0.148481 0.546986 0.304532
81084 0.106161 0.817004 0.076835
77404 0.580750 0.330599 0.088651
80341 0.577552 0.321085 0.101363
76581 0.373974 0.476454 0.149572
78213 0.977162 0.019190 0.003648
74972 0.429488 0.333281 0.237232
83958 0.264994 0.659287 0.075719
83189 0.112266 0.851495 0.036239
80641 0.203828 0.033028 0.763144
70757 0.413637 0.449393 0.136970
74502 0.244926 0.665122 0.089952
70526 0.271962 0.129452 0.598585
73263 0.512096 0.123235 0.364670
71834 0.363185 0.128559 0.508256
69669 0.200436 0.303603 0.495961
76372 0.111640 0.495261 0.393099
78217 0.610092 0.155637 0.234272
81354 0.799650 0.078970 0.121380
76288 0.224697 0.577421 0.197883
81152 0.523208 0.423678 0.053114
79743 0.179243 0.809681 0.011076
87766 0.858130 0.046600 0.095269
83171 0.220380 0.119761 0.659859
86762 0.367931 0.358526 0.273542
74731 0.251883 0.536322 0.211795
84317 0.198634 0.113188 0.688177
87743 0.035967 0.667476 0.296557
90931 0.070343 0.392357 0.537300
90715 0.436423 0.390023 0.173554
93049 0.771936 0.003640 0.224424
91630 0.627322 0.322654 0.050025
90255 0.298170 0.639453 0.062377
89033 0.114521 0.431431 0.454048
88892 0.609410 0.169010 0.221580
87615 0.193119 0.061089 0.745791
88599 0.475386 0.329371 0.195243
85050 0.105555 0.201089 0.693356
85661 0.201168 0.718925 0.079907
80343 0.073550 0.240922 0.685528
78236 0.302512 0.615289 0.082199
75403 0.476416 0.366014 0.157571
72471 0.330154 0.319745 0.350101
75985 0.061532 0.784230 0.154238
77639 0.229877 0.475623 0.294500
81050 0.448515 0.219998 0.331486
77861 0.408916 0.165860 0.425224
76449 0.542804 0.189607 0.267589
75231 0.771387 0.163850 0.064763
22681 1.000000 0.000000 0.000000
23379 0.141436 0.667343 0.191220
23692 0.673341 0.136467 0.190191
25547 0.166015 0.448610 0.385375
27881 0.023923 0.497971 0.478105
28997 0.123753 0.698063 0.178184
27888 0.391846 0.312438 0.295716
32696 0.362217 0.444465 0.193318
35090 0.608993 0.280406 0.110601
35246 0.543968 0.028680 0.427352
38075 0.072372 0.227578 0.700050
36286 0.277795 0.321985 0.400220
38397 0.068623 0.925196 0.006182
39211 0.253229 0.463755 0.283015
40814 0.467386 0.351195 0.181419
38770 0.394666 0.066096 0.539238
26385 0.233847 0.557481 0.208673
24040 0.783596 0.082901 0.133503
26189 0.152668 0.454026 0.393306
23739 0.355164 0.591747 0.053089
23114 0.341259 0.655786 0.002955
23156 0.739509 0.172593 0.087898
22368 0.729305 0.179186 0.091509
24503 0.611390 0.196468 0.192143
42538 0.609369 0.000000 0.390631
39797 0.626101 0.181327 0.192572
42260 0.623991 0.118354 0.257655
40149 0.358887 0.193861 0.447252
41742 0.126699 0.759742 0.113559
39951 0.318861 0.014342 0.666797
39175 0.491679 0.333979 0.174342
37902 0.656812 0.112279 0.230908
37167 0.507694 0.258065 0.234241
33636 0.068494 0.591275 0.340231
31052 0.707582 0.206397 0.086020
29635 0.194247 0.187474 0.618280
28021 0.474539 0.347022 0.178439
29392 0.456630 0.392649 0.150722
31207 0.137220 0.017104 0.845677
30396 0.207459 0.613295 0.179246
31784 0.305176 0.421111 0.273713
32492 0.615480 0.214593 0.169926
26302 0.223291 0.318628 0.458081
27731 0.052760 0.936584 0.010655
27726 0.218937 0.412152 0.368911
76911 0.145334 0.763180 0.091486
73997 0.000000 0.455199 0.544801
78426 0.251871 0.514128 0.234001
78901 0.649895 0.137824 0.212281
79918 0.308626 0.023731 0.667643
80389 0.098174 0.139630 0.762196
66990 0.589776 0.409467 0.000757
74196 0.362963 0.637037 0.000000
73998 0.000000 0.000000 1.000000
75065 0.412794 0.295224 0.291982
76905 0.429203 0.319870 0.250927
74868 0.059138 0.069722 0.871140
74008 1.000000 0.000000 0.000000
73768 0.941333 0.058667 0.000000
65265 0.000000 1.000000 0.000000
65744 1.000000 0.000000 0.000000
72551 1.000000 0.000000 0.000000
70714 0.093870 0.345327 0.560803
72637 0.005660 0.548378 0.445962
68060 0.244804 0.309491 0.445705
70410 0.729416 0.232490 0.038094
35977 0.380467 0.505341 0.114191
33406 0.154188 0.570339 0.275473
34874 0.140872 0.415432 0.443696
34446 0.482640 0.211908 0.305452
32584 0.065553 0.611176 0.323272
30781 0.125331 0.118834 0.755835
31466 0.030810 0.224819 0.744371
30915 0.363185 0.518034 0.118781
33995 0.696152 0.003751 0.300097
30883 0.119583 0.054643 0.825774
31774 0.943066 0.012194 0.044740
33513 0.819492 0.123669 0.056838
30892 0.617190 0.294646 0.088164
39997 0.276805 0.371133 0.352063
39362 0.000822 0.389643 0.609535
39681 0.752472 0.103594 0.143934
43296 0.543669 0.027399 0.428932
43836 0.631745 0.123972 0.244283
46355 0.580306 0.275786 0.143908
45639 0.013734 0.972319 0.013947
32271 0.022229 0.282011 0.695760
31057 0.245337 0.245328 0.509335
30136 0.236173 0.344098 0.419729
30026 0.204215 0.594344 0.201441
29868 0.085177 0.002194 0.912629
37309 0.254053 0.593014 0.152933
34766 0.227944 0.409879 0.362177
37331 0.541098 0.400231 0.058671
35124 0.408975 0.114500 0.476525
32493 0.522833 0.364767 0.112400
90622 0.081908 0.588917 0.329175
90167 0.062840 0.710135 0.227024
94509 0.479209 0.401841 0.118950
91162 0.332582 0.289765 0.377653
91206 0.026630 0.271161 0.702209
94018 0.703845 0.147822 0.148333
155 0.138555 0.310525 0.550920
93475 0.500777 0.492245 0.006977
92991 0.835773 0.057195 0.107032
92813 0.816420 0.183580 0.000000
86215 0.730573 0.090415 0.179012
89569 0.021339 0.266059 0.712602
91793 0.294519 0.437850 0.267632
94984 0.415666 0.215450 0.368884
90543 0.228346 0.104124 0.667530
95282 0.056728 0.708969 0.234304
97842 0.000000 0.559438 0.440562
95763 0.073799 0.153956 0.772245
95204 0.314433 0.464546 0.221020
90701 0.316439 0.159568 0.523993
85426 0.327467 0.153499 0.519034
84875 0.302376 0.330900 0.366724
39426 0.349548 0.065243 0.585209
42708 0.160403 0.479743 0.359854
44827 0.360752 0.355112 0.284136
50263 0.458077 0.081499 0.460424
36328 0.210054 0.115316 0.674629
39624 0.379691 0.414008 0.206301
42299 0.912422 0.041406 0.046173
44196 0.221248 0.051316 0.727436
48887 0.503044 0.420052 0.076904
54590 0.650393 0.290981 0.058626
52592 0.619784 0.140034 0.240181
57083 0.516619 0.021347 0.462034
57377 0.002259 0.251169 0.746572
59208 0.323675 0.285165 0.391160
59643 0.020436 0.895091 0.084472
61033 0.451647 0.528728 0.019625
61463 0.435947 0.225055 0.338998
63031 0.147237 0.035395 0.817368
63744 0.163551 0.235515 0.600934
64222 0.297516 0.306125 0.396359
61772 0.632825 0.093670 0.273505
61624 0.079523 0.028411 0.892066
60160 0.441692 0.008771 0.549537
60362 0.025944 0.816522 0.157534
58667 0.029359 0.563155 0.407486
58601 0.708723 0.010778 0.280499
54534 0.205966 0.641761 0.152273
56752 0.113965 0.692299 0.193736
52306 0.351195 0.117378 0.531427
57292 0.643748 0.136123 0.220129
56413 0.605836 0.221054 0.173109
57114 0.318021 0.550193 0.131787
52425 0.719279 0.032927 0.247794
55256 0.092975 0.164843 0.742181
50849 0.797606 0.076392 0.126002
52278 0.214487 0.517493 0.268021
56486 0.056371 0.647116 0.296513
56113 0.055444 0.563267 0.381289
58672 0.730527 0.008551 0.260922
59143 0.311448 0.186904 0.501648
49678 0.158317 0.695500 0.146183
48408 0.276709 0.716324 0.006967
43595 0.127128 0.840752 0.032120
37917 0.054039 0.200467 0.745494
38220 0.258254 0.169587 0.572159
32612 0.557929 0.412445 0.029626
38310 0.349259 0.292944 0.357797
43781 0.098819 0.134916 0.766265
60067 0.127479 0.042939 0.829582
57865 0.447288 0.093008 0.459704
53915 0.152733 0.166863 0.680404
50249 0.743102 0.201821 0.055078
49797 0.102777 0.502646 0.394577
51572 0.156655 0.327071 0.516274
49390 0.070302 0.640442 0.289256
48141 0.091538 0.583802 0.324660
47017 0.495731 0.182712 0.321557
42743 0.493413 0.236573 0.270014
58074 0.479307 0.262941 0.257752
54143 0.411168 0.141454 0.447378
52099 0.492189 0.231279 0.276532
48096 0.038468 0.302938 0.658594
43741 0.164794 0.082336 0.752870
42097 0.476376 0.366819 0.156805
41140 0.168278 0.766231 0.065491
38466 0.045639 0.934712 0.019649
38622 0.070331 0.630060 0.299608
37817 0.015206 0.462064 0.522730
35468 0.094716 0.141133 0.764151
34895 0.427071 0.337358 0.235572
29395 0.232790 0.083503 0.683707
31079 0.104525 0.150518 0.744957
27951 0.576683 0.240595 0.182722
30025 0.152578 0.002477 0.844945
28590 0.182512 0.089742 0.727746
30728 0.397172 0.004421 0.598406
29009 0.553143 0.270519 0.176338
30591 0.155335 0.011314 0.833351
28936 0.500538 0.358040 0.141421
29025 0.137996 0.196147 0.665857
26626 0.033697 0.578396 0.387907
25344 0.047213 0.166970 0.785817
23970 0.818663 0.009454 0.171883
24580 0.642793 0.055482 0.301725
35613 0.529259 0.250415 0.220325
31030 0.509251 0.270026 0.220724
30866 0.508828 0.042255 0.448917
28247 0.241928 0.532123 0.225949
62328 0.090268 0.311869 0.597863
61045 0.193085 0.694297 0.112618
59545 0.271314 0.413816 0.314869
58150 0.016049 0.398961 0.584990
55165 0.024881 0.585233 0.389886
62118 0.767223 0.041791 0.190987
64462 0.542237 0.101006 0.356757
62213 0.110385 0.380809 0.508805
64827 0.514888 0.453239 0.031873
63154 0.044733 0.708060 0.247207
63845 0.253307 0.288689 0.458004
61756 0.131381 0.519841 0.348778
61998 0.222675 0.685517 0.091808
65542 0.913638 0.024112 0.062251
66649 0.033953 0.165539 0.800509
64190 0.574542 0.334635 0.090823
66603 0.492281 0.137704 0.370015
64101 0.165982 0.674746 0.159272
65626 0.127893 0.294293 0.577814
61662 0.089323 0.374592 0.536085
61674 0.096267 0.275015 0.628718
63568 0.767171 0.065451 0.167379
61068 0.166318 0.390023 0.443659
61350 0.071668 0.831005 0.097327
60069 0.048960 0.066866 0.884175
60464 0.230456 0.585003 0.184541
58917 0.513159 0.099332 0.387509
58985 0.120262 0.811911 0.067828
55643 0.861831 0.039589 0.098580
59164 0.094379 0.140811 0.764810
57418 0.433821 0.216741 0.349439
60729 0.334273 0.276241 0.389486
60741 0.701806 0.258052 0.040142
28719 0.151753 0.665586 0.182660
28217 0.248489 0.103885 0.647626
30657 0.152651 0.605016 0.242333
35456 0.578367 0.311883 0.109750
47242 0.400741 0.144287 0.454972
32382 0.846595 0.058841 0.094564
34612 0.406117 0.175819 0.418064
35718 0.736966 0.217423 0.045611
36029 0.304773 0.023954 0.671273
39613 0.440871 0.141593 0.417536
38044 0.364026 0.438774 0.197199
41577 0.305238 0.345271 0.349491
39365 0.791024 0.163572 0.045404
43560 0.050947 0.240112 0.708941
43747 0.780592 0.122465 0.096943
40172 0.084225 0.000324 0.915451
43182 0.460961 0.342889 0.196150
39825 0.377200 0.614150 0.008650
39156 0.377534 0.335133 0.287333
50359 0.866272 0.069628 0.064100
50839 0.778450 0.080121 0.141429
51584 0.137558 0.525862 0.336581
29294 0.136727 0.299708 0.563564
35692 0.755779 0.099745 0.144477
39073 0.209696 0.182188 0.608116
36641 0.834597 0.085557 0.079846
40073 0.427457 0.375946 0.196597
35092 0.646858 0.352374 0.000768
38649 0.210082 0.240615 0.549304
36423 0.813165 0.169932 0.016904
37699 0.250683 0.129845 0.619472
34972 0.277849 0.394330 0.327822
37349 0.404482 0.392503 0.203015
36438 0.776530 0.127784 0.095686
32526 0.137774 0.304664 0.557562
42672 0.954698 0.013683 0.031620
