38229 0.276804 0.000000 0.723196
10217 0.195219 0.455094 0.349686
3852 0.353884 0.181406 0.464711
138 0.402666 0.355434 0.241900
50221 0.040736 0.739995 0.219269
24081 0.002815 0.008578 0.988607
7395 0.093304 0.696936 0.209760
736 0.385563 0.271101 0.343336
4428 0.285852 0.165695 0.548453
50492 0.585615 0.395771 0.018614
50420 0.025995 0.425884 0.548121
23599 0.652061 0.235357 0.112582
22431 0.420032 0.183561 0.396407
23797 0.419910 0.477232 0.102858
10557 1.000000 0.000000 0.000000
22476 0.210877 0.124237 0.664886
4886 0.336733 0.447351 0.215916
693 0.321456 0.437084 0.241460
7152 0.360700 0.207695 0.431605
6849 0.652017 0.092903 0.255080
4211 0.143491 0.526470 0.330040
4290 0.096155 0.230252 0.673594
10397 0.200502 0.546107 0.253391
2991 0.429330 0.183693 0.386976
50380 0.348661 0.204379 0.446960
50292 0.069503 0.813955 0.116542
13519 0.086293 0.298380 0.615327
22433 0.682684 0.116025 0.201291
50246 0.130988 0.612173 0.256838
23599 0.768509 0.194624 0.036867
22760 0.150435 0.332698 0.516867
17947 0.157977 0.073563 0.768460
22449 0.688022 0.183714 0.128264
3491 0.317947 0.226438 0.455615
3499 0.452342 0.316471 0.231188
3461 0.195135 0.335068 0.469797
3094 0.049363 0.908470 0.042168
3640 0.404314 0.193414 0.402272
3267 0.009156 0.142505 0.848339
3244 0.027615 0.720911 0.251475
3357 0.873787 0.077602 0.048611
3544 0.033720 0.706923 0.259357
3532 0.230291 0.722889 0.046820
3516 0.009983 0.511961 0.478055
3529 0.504071 0.318401 0.177528
3434 0.382772 0.138996 0.478232
3423 0.141152 0.257568 0.601281
3580 0.552818 0.115902 0.331280
3609 0.195451 0.494266 0.310283
248 0.492550 0.255997 0.251453
194 0.979923 0.002911 0.017166
607 0.313291 0.149741 0.536968
608 0.235351 0.126617 0.638031
26866 0.446211 0.110262 0.443528
26876 0.116011 0.309547 0.574442
1376 0.036009 0.864047 0.099943
448 0.004284 0.250124 0.745592
1962 0.376842 0.505344 0.117813
27083 0.416693 0.332195 0.251113
27024 0.814871 0.028555 0.156575
26222 0.080333 0.395276 0.524391
26983 0.375499 0.584173 0.040328
2486 0.034635 0.673205 0.292160
36 0.649832 0.250537 0.099631
155 0.171241 0.679827 0.148932
441 0.292656 0.591158 0.116186
4269 0.476645 0.257606 0.265749
5532 0.291111 0.027168 0.681721
5540 0.345888 0.248033 0.406079
4722 0.070226 0.250165 0.679609
27153 0.586565 0.295175 0.118259
27498 0.079296 0.529110 0.391593
27528 0.270234 0.147492 0.582274
27353 0.157589 0.552045 0.290366
26861 0.236795 0.052047 0.711158
27335 0.700913 0.052822 0.246265
27581 0.018922 0.763841 0.217237
27584 0.666877 0.048134 0.284989
27597 0.061387 0.775225 0.163388
27366 0.182813 0.076723 0.740464
27602 0.173946 0.322879 0.503176
27678 0.630692 0.368762 0.000546
27470 0.017298 0.662946 0.319756
27458 0.867502 0.068227 0.064271
27667 0.344098 0.443315 0.212587
44206 0.404964 0.511536 0.083500
44955 0.674752 0.031541 0.293707
44962 0.281011 0.499922 0.219066
44705 0.345108 0.644020 0.010872
44292 0.641996 0.179097 0.178907
44967 0.724446 0.153817 0.121737
44630 0.198839 0.296350 0.504811
823 0.269756 0.088420 0.641824
46854 0.060378 0.793596 0.146026
46499 0.660186 0.317385 0.022430
46649 0.120528 0.517633 0.361839
46630 0.052864 0.454818 0.492318
45550 0.556872 0.048394 0.394734
47070 0.129231 0.862990 0.007780
47072 0.568977 0.349394 0.081629
47080 0.634153 0.365847 0.000000
45597 0.012529 0.838110 0.149362
47209 0.070343 0.100521 0.829136
47115 0.578335 0.350208 0.071457
46384 0.233140 0.412531 0.354329
46345 0.373092 0.373394 0.253514
47039 0.359965 0.271064 0.368971
46313 0.177535 0.250991 0.571474
46042 0.055081 0.411161 0.533758
26825 0.355727 0.010517 0.633756
26823 0.064493 0.416672 0.518834
26296 0.072392 0.667578 0.260030
27167 0.679928 0.226879 0.093193
8166 0.709015 0.024306 0.266678
4740 0.466912 0.481913 0.051176
8068 0.138772 0.590658 0.270570
8198 0.466233 0.160160 0.373607
7853 0.517479 0.028805 0.453716
7745 0.544540 0.209407 0.246054
8556 0.568620 0.388825 0.042555
8792 0.049099 0.495418 0.455483
4813 0.428433 0.493375 0.078192
4859 0.204122 0.073584 0.722293
4787 0.714562 0.218270 0.067168
4810 0.132552 0.564162 0.303286
26343 0.374471 0.517674 0.107855
4778 0.393881 0.058181 0.547938
7807 0.399270 0.466411 0.134319
7881 0.363991 0.000000 0.636009
9827 0.335853 0.186294 0.477852
7407 0.403345 0.586913 0.009742
9209 0.057717 0.658562 0.283721
9259 0.227889 0.023981 0.748130
9224 0.676107 0.270422 0.053470
9784 0.015710 0.623567 0.360723
5141 0.101252 0.157393 0.741355
5266 0.320546 0.393656 0.285799
5270 0.577003 0.063069 0.359928
26914 0.959717 0.002669 0.037614
112 0.090986 0.489079 0.419935
372 0.181860 0.413080 0.405060
44721 0.194899 0.785126 0.019975
401 0.847771 0.100973 0.051256
5230 0.116527 0.658637 0.224836
5684 0.105154 0.475584 0.419262
27066 0.060462 0.847840 0.091699
5408 0.406292 0.295213 0.298495
10599 0.015821 0.839368 0.144811
11565 0.431012 0.050146 0.518842
11562 0.311108 0.648925 0.039967
15309 0.000000 0.493897 0.506103
13090 0.748010 0.143164 0.108826
11871 0.528783 0.057882 0.413336
12962 0.601556 0.279649 0.118794
13891 0.215562 0.384798 0.399640
17944 0.189989 0.559658 0.250353
12628 0.445119 0.114929 0.439952
12623 0.602227 0.216437 0.181335
12588 0.121635 0.220445 0.657920
13476 0.296064 0.178106 0.525830
12611 0.154370 0.027950 0.817680
10540 0.014018 0.735358 0.250623
12642 0.045179 0.160043 0.794778
23908 0.316236 0.079179 0.604585
11396 0.277191 0.640845 0.081964
11398 0.376812 0.216864 0.406324
2236 0.268748 0.375402 0.355850
3401 0.528508 0.378896 0.092596
2206 0.454703 0.520619 0.024678
12257 0.855639 0.119517 0.024844
12888 0.225864 0.601617 0.172519
13530 0.254668 0.318732 0.426600
12266 0.161308 0.149438 0.689254
44277 0.027571 0.219560 0.752868
44147 0.307490 0.533610 0.158900
44153 0.800608 0.107932 0.091459
44523 0.101791 0.707906 0.190303
44382 0.838820 0.064924 0.096256
44377 0.021373 0.973233 0.005394
44812 0.102683 0.658456 0.238862
44828 0.339007 0.389571 0.271423
27313 0.722985 0.015968 0.261047
27156 0.187990 0.644105 0.167905
27311 0.389407 0.552123 0.058470
26952 0.217503 0.591556 0.190941
4754 0.206702 0.031922 0.761376
27009 0.001600 0.611566 0.386835
26481 0.047154 0.086623 0.866223
7731 0.217705 0.615129 0.167166
4757 0.355696 0.097012 0.547292
7546 0.138166 0.624895 0.236939
9422 0.212935 0.634931 0.152134
325 0.411960 0.376575 0.211465
1979 0.446700 0.085635 0.467664
2077 0.204220 0.669815 0.125965
341 0.236533 0.680687 0.082780
27222 0.110989 0.474522 0.414489
26659 0.308107 0.537327 0.154566
26722 0.540525 0.228265 0.231210
26674 0.038566 0.710068 0.251366
15118 0.304498 0.394242 0.301260
15114 0.275344 0.000000 0.724656
15114 0.432364 0.011976 0.555660
15122 0.880236 0.033451 0.086312
14818 0.176426 0.295209 0.528366
10680 0.010310 0.380914 0.608776
10576 0.252192 0.737225 0.010583
14903 0.359244 0.091079 0.549677
802 0.350085 0.284911 0.365003
95 0.612779 0.000000 0.387221
6488 0.585671 0.372726 0.041603
5779 0.430719 0.569129 0.000152
5027 0.268801 0.687296 0.043904
4282 0.255842 0.111979 0.632178
5368 0.866825 0.102314 0.030861
557 0.443277 0.415053 0.141670
1354 0.138647 0.810415 0.050938
462 0.502896 0.458714 0.038390
44309 0.358500 0.549091 0.092409
44576 0.186319 0.205221 0.608460
47088 0.407373 0.272045 0.320582
46051 0.042236 0.537247 0.420517
47124 0.238124 0.544230 0.217646
47261 0.265090 0.064628 0.670281
146 0.055143 0.608888 0.335969
28 0.438284 0.267367 0.294349
905 0.110735 0.666830 0.222435
637 0.419591 0.071784 0.508626
2266 0.131517 0.813495 0.054988
3319 0.856862 0.072922 0.070216
3387 0.479869 0.069411 0.450720
2255 0.383321 0.458079 0.158600
27186 0.071007 0.833858 0.095135
26202 0.757910 0.137403 0.104687
26505 0.246366 0.641519 0.112115
27455 0.440915 0.408183 0.150902
26344 0.492335 0.431510 0.076156
26281 0.670854 0.259056 0.070091
26267 0.150555 0.640073 0.209372
7889 0.875391 0.026101 0.098508
4605 0.205110 0.209730 0.585159
4608 0.015410 0.117777 0.866813
26714 0.504586 0.240392 0.255021
26706 0.413353 0.382250 0.204397
388 0.370230 0.004595 0.625175
291 0.078019 0.398579 0.523402
44322 0.202286 0.304413 0.493301
44657 0.427206 0.186261 0.386533
17879 0.102914 0.795634 0.101453
10695 0.408989 0.506969 0.084042
13460 0.872878 0.102614 0.024508
13564 0.109904 0.510109 0.379987
13567 0.645737 0.274450 0.079812
13420 0.013362 0.485860 0.500778
12536 0.142343 0.379395 0.478263
12539 0.230957 0.288074 0.480969
13345 0.866435 0.040201 0.093364
13365 0.188315 0.714541 0.097143
13259 0.630590 0.113265 0.256145
13265 0.379157 0.267611 0.353232
12606 0.337393 0.108605 0.554002
13478 0.099668 0.229866 0.670466
13463 0.393720 0.340211 0.266070
13564 0.619125 0.307636 0.073239
46902 0.315413 0.423152 0.261436
46891 0.135256 0.267517 0.597227
46735 0.217271 0.688282 0.094447
46758 0.000000 0.486232 0.513768
46782 0.366398 0.318075 0.315527
46596 0.456134 0.158108 0.385758
46611 0.931887 0.060937 0.007176
46878 0.074106 0.248132 0.677762
46983 0.552114 0.367765 0.080121
46966 0.458499 0.030958 0.510543
46805 0.176646 0.297486 0.525868
46413 0.652407 0.207878 0.139715
46455 0.326484 0.673516 0.000000
46546 0.161363 0.600181 0.238456
45119 0.180643 0.353766 0.465591
45129 0.064539 0.357737 0.577723
45610 0.297788 0.670170 0.032043
45368 0.755239 0.169617 0.075145
45473 0.151588 0.793006 0.055406
45045 0.000000 0.825483 0.174517
45824 0.123764 0.324797 0.551439
45229 0.325091 0.381904 0.293005
45431 0.778435 0.190852 0.030713
45083 0.122327 0.862182 0.015492
45316 0.411242 0.389708 0.199050
45951 0.857210 0.040325 0.102465
45418 0.433501 0.261142 0.305357
45840 0.802659 0.010313 0.187028
45864 0.275760 0.046800 0.677440
28485 0.054762 0.119713 0.825525
28585 0.448976 0.371860 0.179164
28490 0.478554 0.484274 0.037172
30550 0.310417 0.685785 0.003798
29094 0.046930 0.405930 0.547140
29103 0.077890 0.915153 0.006957
29051 0.171988 0.753947 0.074066
28661 0.627805 0.233226 0.138970
30434 0.230189 0.457070 0.312741
29894 0.562339 0.092775 0.344886
30554 0.369249 0.208667 0.422084
29885 0.870410 0.119915 0.009676
29175 0.156895 0.257839 0.585266
29180 0.129721 0.762336 0.107943
28319 0.267222 0.606408 0.126370
28310 0.885571 0.040387 0.074042
27811 0.139620 0.289880 0.570500
27862 0.210762 0.789238 0.000000
27857 0.275495 0.526630 0.197876
27843 0.575202 0.167863 0.256935
28401 0.624239 0.335549 0.040213
28181 0.848364 0.030807 0.120829
28092 0.352065 0.336796 0.311138
28385 0.669197 0.054159 0.276644
27873 0.322436 0.163888 0.513676
27795 0.745517 0.172258 0.082225
27746 0.467528 0.053819 0.478653
27756 0.512279 0.374305 0.113416
28331 0.525284 0.131444 0.343272
28364 0.295891 0.254475 0.449634
28110 0.273996 0.408188 0.317816
28272 0.299825 0.628706 0.071469
3294 0.405524 0.363062 0.231414
4176 0.256968 0.539642 0.203390
4575 0.460909 0.046154 0.492937
5341 0.293555 0.531378 0.175068
4522 0.106988 0.859319 0.033693
4259 0.365183 0.213227 0.421590
4665 0.221309 0.133638 0.645052
4645 0.356633 0.130611 0.512756
4226 0.443721 0.077787 0.478492
4559 0.301618 0.428500 0.269881
4543 0.647851 0.256662 0.095487
4191 0.147973 0.767281 0.084746
3565 0.481582 0.273392 0.245026
3166 0.428956 0.224673 0.346371
3139 0.285742 0.582960 0.131298
4194 0.194480 0.735604 0.069916
4498 0.564670 0.317238 0.118091
4486 0.890317 0.107645 0.002038
4196 0.122579 0.097760 0.779661
3079 0.168912 0.770049 0.061040
3286 0.626974 0.106315 0.266711
2425 0.292470 0.298172 0.409357
2184 0.054020 0.058707 0.887274
578 0.488513 0.416482 0.095005
26218 0.759973 0.116362 0.123664
5575 0.247694 0.474409 0.277897
27551 0.005329 0.827263 0.167408
27144 0.509896 0.003070 0.487034
27644 0.066832 0.062768 0.870399
27661 0.009974 0.797819 0.192207
27635 0.234478 0.412346 0.353176
26682 0.537791 0.353392 0.108817
30126 0.434512 0.349304 0.216183
30357 0.178784 0.532976 0.288240
30485 0.103211 0.281280 0.615509
30729 0.481870 0.433891 0.084239
27383 0.129017 0.193410 0.677573
7916 0.356327 0.318002 0.325671
942 0.201296 0.093043 0.705661
44196 0.901369 0.098631 0.000000
27044 0.089832 0.266010 0.644158
5505 0.155393 0.457358 0.387248
15297 0.777741 0.204889 0.017370
15303 0.330664 0.237472 0.431864
286 0.724057 0.265645 0.010297
589 0.225762 0.529121 0.245117
13472 0.023671 0.357696 0.618633
12869 0.430646 0.275636 0.293718
12600 0.640399 0.302216 0.057385
12598 0.782226 0.186653 0.031122
13474 0.345176 0.000000 0.654824
12890 0.610846 0.163228 0.225926
13443 0.117908 0.577164 0.304929
47461 0.075871 0.691918 0.232210
47454 0.910830 0.051979 0.037191
45762 0.087026 0.840894 0.072079
45788 0.550095 0.143336 0.306569
46336 0.050318 0.253879 0.695803
45601 0.532307 0.251174 0.216519
28991 0.033862 0.209812 0.756325
28999 0.284771 0.637546 0.077683
29239 0.259645 0.542098 0.198257
29256 0.315632 0.458159 0.226209
28258 0.516516 0.263787 0.219697
28374 0.283244 0.292844 0.423912
28068 0.623587 0.177496 0.198917
28196 0.339737 0.645388 0.014875
28146 0.046089 0.393094 0.560817
28246 0.368357 0.077222 0.554421
28211 0.073681 0.074601 0.851718
5067 0.212371 0.446001 0.341628
27019 0.166667 0.278456 0.554877
26320 0.026988 0.869861 0.103151
27107 0.042005 0.277032 0.680963
26784 0.557379 0.417124 0.025498
26448 0.138124 0.857977 0.003899
5521 0.519495 0.419214 0.061291
27580 0.049950 0.950050 0.000000
27713 0.076868 0.556565 0.366567
27487 0.487762 0.406438 0.105799
28021 0.810361 0.173034 0.016605
27235 0.057603 0.939535 0.002862
27788 0.517944 0.339526 0.142530
29811 0.216334 0.697390 0.086276
29511 0.565499 0.283418 0.151083
29451 0.016552 0.179367 0.804081
29439 0.552160 0.413115 0.034725
30014 0.701043 0.122402 0.176555
30018 0.094138 0.816890 0.088972
30718 0.066531 0.736854 0.196615
30578 0.209045 0.347221 0.443734
27435 0.307779 0.055285 0.636936
27326 0.151533 0.675928 0.172539
27651 0.238066 0.610695 0.151239
5376 0.815845 0.130410 0.053746
27220 0.747548 0.018786 0.233666
27440 0.090216 0.216128 0.693655
26643 0.241013 0.533140 0.225847
27178 0.039647 0.631631 0.328722
26195 0.204331 0.434177 0.361492
26462 0.641770 0.243808 0.114423
29353 0.464783 0.080407 0.454809
29295 0.208445 0.425109 0.366445
28060 0.078222 0.390381 0.531397
28493 0.515741 0.262443 0.221817
29882 0.047732 0.098940 0.853328
29208 0.314793 0.095531 0.589676
28806 0.246378 0.350265 0.403357
28964 0.495764 0.449690 0.054545
29081 0.029727 0.666021 0.304252
29087 0.027624 0.129642 0.842735
28413 0.121059 0.470699 0.408242
28169 0.623749 0.206521 0.169730
28150 0.068305 0.798086 0.133610
29263 0.191738 0.523733 0.284528
27937 0.185403 0.060085 0.754512
27890 0.449909 0.170108 0.379983
27961 0.011961 0.821388 0.166650
27725 0.240979 0.208531 0.550489
28286 0.048808 0.839553 0.111638
28214 0.035667 0.545338 0.418995
28226 0.261197 0.727444 0.011359
27881 0.366960 0.343663 0.289377
27816 0.318191 0.644402 0.037407
27824 0.754974 0.199269 0.045757
27994 0.320906 0.579743 0.099351
38065 0.401007 0.427637 0.171356
1168 0.143592 0.092765 0.763643
38068 0.087917 0.383210 0.528873
38051 0.723338 0.175447 0.101215
626 0.400258 0.069890 0.529852
49964 0.194247 0.375358 0.430395
49956 0.218984 0.588637 0.192379
37990 0.777503 0.000000 0.222497
38033 0.176583 0.191377 0.632040
50272 0.000000 0.707569 0.292431
50301 0.378774 0.362330 0.258896
50174 0.342985 0.096695 0.560320
50208 0.000000 0.006671 0.993329
50486 0.000000 0.431565 0.568435
50358 0.000000 0.755770 0.244230
50476 0.325223 0.408720 0.266056
50411 0.058667 0.000000 0.941333
50506 0.127908 0.059565 0.812527
50452 0.444735 0.255730 0.299534
50438 0.308888 0.064471 0.626642
50442 0.018959 0.968932 0.012109
50400 0.153959 0.522427 0.323614
50434 0.560164 0.165755 0.274081
50303 0.552039 0.017889 0.430072
50279 0.491306 0.099987 0.408706
28225 0.723647 0.170352 0.106001
28212 0.278584 0.164333 0.557083
28293 0.276714 0.715986 0.007300
28243 0.450303 0.411075 0.138622
27919 0.364529 0.537234 0.098237
27732 0.697145 0.267249 0.035605
27993 0.369017 0.131947 0.499036
28006 0.047672 0.931879 0.020449
27956 0.829420 0.009761 0.160819
27875 0.651510 0.339798 0.008693
13082 0.768137 0.212665 0.019198
11961 0.090114 0.877386 0.032500
11618 0.465256 0.534744 0.000000
13892 0.934465 0.000000 0.065535
11787 0.451679 0.026285 0.522036
11817 0.068464 0.051759 0.879777
11623 0.631648 0.284920 0.083432
12945 0.080026 0.015290 0.904684
11606 0.000000 0.570528 0.429472
11628 0.170647 0.464380 0.364973
11799 0.033605 0.733649 0.232746
11818 0.359781 0.491336 0.148883
11638 0.641203 0.085682 0.273115
11642 0.082760 0.678734 0.238506
15134 0.034609 0.514577 0.450814
15456 0.029630 0.459004 0.511366
15528 0.591979 0.408021 0.000000
15740 0.161352 0.193845 0.644803
15689 0.483444 0.150029 0.366526
14047 0.215855 0.217091 0.567054
11670 0.298645 0.342310 0.359045
13320 0.141722 0.225875 0.632403
10483 0.596386 0.350682 0.052932
15228 0.069094 0.842654 0.088252
15234 0.115132 0.084958 0.799910
15212 0.278234 0.526135 0.195632
11793 0.469621 0.245531 0.284849
15183 0.400153 0.116398 0.483449
15157 0.162585 0.346919 0.490496
15358 0.627661 0.077097 0.295242
15758 0.588264 0.039185 0.372551
15092 0.220998 0.374243 0.404759
13334 0.953589 0.046411 0.000000
11571 0.129066 0.022363 0.848571
15423 0.423102 0.424069 0.152829
15202 0.418507 0.399370 0.182122
15201 0.683538 0.275573 0.040889
15184 0.453636 0.228383 0.317981
15178 0.173305 0.509889 0.316806
15326 0.027005 0.715156 0.257839
15350 0.032894 0.531756 0.435351
15348 0.086236 0.532963 0.380801
13387 0.550203 0.251490 0.198306
14059 0.299334 0.000000 0.700666
11703 0.438155 0.394271 0.167573
11689 0.000000 0.222107 0.777893
14860 0.672103 0.060933 0.266965
11697 0.233141 0.765944 0.000915
11694 0.306112 0.182691 0.511198
11677 0.548467 0.230429 0.221104
13321 0.747195 0.144858 0.107946
11675 0.470250 0.457884 0.071865
13319 0.463503 0.260922 0.275575
13335 0.195830 0.144767 0.659403
15100 0.363084 0.636916 0.000000
15112 0.405291 0.594709 0.000000
15418 0.368826 0.466596 0.164578
11535 0.000000 0.674309 0.325691
15314 0.219015 0.780985 0.000000
15313 0.591191 0.271357 0.137452
15172 0.205329 0.000000 0.794671
26165 0.814551 0.111586 0.073863
11813 0.404302 0.119142 0.476556
15047 0.098222 0.626409 0.275369
11578 0.573114 0.175141 0.251745
11580 0.603702 0.159918 0.236380
15091 0.237066 0.154087 0.608847
15112 0.582401 0.417599 0.000000
15400 0.241741 0.430944 0.327315
11894 0.301524 0.602790 0.095687
46140 0.428942 0.183141 0.387917
46277 0.097824 0.715485 0.186691
49949 0.702090 0.171523 0.126387
47801 0.047091 0.796735 0.156175
47806 0.109180 0.033031 0.857788
48331 0.754941 0.207527 0.037533
47810 0.000000 0.446721 0.553279
47976 0.165427 0.060470 0.774102
48253 0.051067 0.309091 0.639843
48497 0.729050 0.000000 0.270950
48049 0.231144 0.756970 0.011885
47770 0.072070 0.763119 0.164811
47395 0.386221 0.283131 0.330648
48292 0.246585 0.302041 0.451374
48284 0.309346 0.049010 0.641644
47406 0.125013 0.786211 0.088776
47612 0.133350 0.419379 0.447271
47551 0.179973 0.747832 0.072195
47620 0.145736 0.405684 0.448580
46567 0.580245 0.320577 0.099178
46679 0.022603 0.343005 0.634392
1995 0.140149 0.768522 0.091329
2756 0.536731 0.255681 0.207588
2132 0.126335 0.848224 0.025441
2311 0.380599 0.030537 0.588864
2150 0.276504 0.383678 0.339818
3228 0.009480 0.263756 0.726765
2006 0.223171 0.767091 0.009738
3176 0.341530 0.280242 0.378228
2046 0.358949 0.453572 0.187479
2039 0.024602 0.541205 0.434193
3206 0.717355 0.235183 0.047462
3194 0.560273 0.212766 0.226962
2101 0.395563 0.535858 0.068579
2292 0.290696 0.626536 0.082769
2056 0.172066 0.403289 0.424645
1947 0.074986 0.763972 0.161042
2454 0.178391 0.590256 0.231353
17892 0.205444 0.281740 0.512817
17921 0.681690 0.094086 0.224225
14924 0.110719 0.849948 0.039333
11411 0.660656 0.029517 0.309826
11420 0.201791 0.204164 0.594045
14915 0.466270 0.472025 0.061705
13676 0.075722 0.034301 0.889977
13601 0.292726 0.096187 0.611087
17756 0.414347 0.343327 0.242326
11497 0.473731 0.213762 0.312507
14802 0.127212 0.229440 0.643347
14849 0.238863 0.662618 0.098519
29909 0.743318 0.024542 0.232140
29385 0.656341 0.303618 0.040041
30441 0.098928 0.038046 0.863026
30527 0.516949 0.342926 0.140125
30525 0.088325 0.789391 0.122284
31715 0.447475 0.497665 0.054860
31713 0.282023 0.142618 0.575359
31457 0.056891 0.057978 0.885131
31464 0.131479 0.148639 0.719882
30744 0.129681 0.184125 0.686194
30505 0.403221 0.175820 0.420959
30388 0.101648 0.750213 0.148139
30200 0.000000 0.229411 0.770589
30479 0.692434 0.101733 0.205833
30476 0.223771 0.313951 0.462277
30087 0.242881 0.731132 0.025987
30060 0.195756 0.017584 0.786660
30083 0.431159 0.493027 0.075814
28606 0.785294 0.122500 0.092206
30504 0.466632 0.426403 0.106966
30490 0.255052 0.370328 0.374620
31760 0.000000 1.000000 0.000000
31734 0.000000 0.093799 0.906201
30138 0.120921 0.351404 0.527675
30676 0.288351 0.292212 0.419438
29698 0.463715 0.000000 0.536285
29536 0.000000 0.727948 0.272052
29543 0.459353 0.135311 0.405336
29860 0.185331 0.711519 0.103150
31818 0.046365 0.224987 0.728648
31701 0.574203 0.143188 0.282609
30463 0.232871 0.169687 0.597441
30458 0.157064 0.521813 0.321123
29936 0.436461 0.230750 0.332789
31385 0.053372 0.493680 0.452949
18185 0.278635 0.202193 0.519172
11138 0.160117 0.541058 0.298825
18152 0.576912 0.235235 0.187854
11043 0.444154 0.026507 0.529339
18062 0.380917 0.085985 0.533098
18090 0.592553 0.242765 0.164682
11113 0.379681 0.247621 0.372698
11092 0.058934 0.292225 0.648842
11030 0.619924 0.081210 0.298866
12574 0.717878 0.221671 0.060451
12570 0.493572 0.341194 0.165235
11035 0.182356 0.519373 0.298270
17979 0.151011 0.615642 0.233347
17984 0.836416 0.007126 0.156458
18312 0.597104 0.172451 0.230444
17972 0.137567 0.712008 0.150425
12861 0.577023 0.194194 0.228783
12750 0.409940 0.454028 0.136032
12745 0.332021 0.537705 0.130274
12728 0.098169 0.616027 0.285804
13216 0.173203 0.668511 0.158286
13216 0.122134 0.584824 0.293042
11206 0.571541 0.118481 0.309979
30232 0.233598 0.645831 0.120570
30751 0.136543 0.492455 0.371002
30384 0.421673 0.358738 0.219589
30238 0.576641 0.012522 0.410837
29804 0.917440 0.012082 0.070478
29604 0.295025 0.328773 0.376202
29459 0.446288 0.106265 0.447447
29751 0.102133 0.263329 0.634539
30544 0.184252 0.667972 0.147776
28468 0.177032 0.684513 0.138455
30327 0.012832 0.563168 0.424000
29930 0.385109 0.512320 0.102571
30632 0.644603 0.355397 0.000000
29862 0.419277 0.535245 0.045478
29869 0.003365 0.850240 0.146396
29749 0.509290 0.021324 0.469386
30615 0.435961 0.497542 0.066497
30162 0.478059 0.503558 0.018383
30205 0.027978 0.043472 0.928551
30623 0.146708 0.294480 0.558812
30586 0.616676 0.212981 0.170343
30576 0.397898 0.249064 0.353038
29929 0.252756 0.317756 0.429488
30061 0.105080 0.805264 0.089656
14036 0.014866 0.000000 0.985134
14036 0.000000 0.131097 0.868903
13341 0.081574 0.374541 0.543885
15171 0.330627 0.291815 0.377558
11586 0.272152 0.171312 0.556535
17375 0.143627 0.842051 0.014322
17107 0.216738 0.680850 0.102412
17342 0.000000 0.470894 0.529106
18468 0.100767 0.093632 0.805601
17238 0.098374 0.867767 0.033859
17232 0.126897 0.432321 0.440782
17234 0.195317 0.359357 0.445325
18485 0.605731 0.250117 0.144152
17184 0.337677 0.359409 0.302914
17193 0.404235 0.094346 0.501418
17190 0.007306 0.577557 0.415137
17187 0.086717 0.752007 0.161277
18257 0.536410 0.084629 0.378961
11045 0.182565 0.553575 0.263860
11429 0.236436 0.232357 0.531206
17692 0.590069 0.229982 0.179949
17991 0.004918 0.877207 0.117875
11063 0.085631 0.621112 0.293257
17321 0.015638 0.617076 0.367286
17301 0.136892 0.471949 0.391159
11080 0.474228 0.195230 0.330543
18011 0.221186 0.038769 0.740045
17104 0.350418 0.440168 0.209414
11086 0.693939 0.080539 0.225522
17114 0.348317 0.451981 0.199702
18485 0.441407 0.259428 0.299165
17171 0.402357 0.039775 0.557868
11070 0.346003 0.145698 0.508299
18013 0.568430 0.254989 0.176582
18024 0.240029 0.740602 0.019369
17299 0.275797 0.185368 0.538835
50230 0.000000 0.862539 0.137461
50164 0.000000 0.865814 0.134186
50290 0.039663 0.513329 0.447008
50392 0.589837 0.228246 0.181917
50449 0.000000 0.406705 0.593295
50440 0.618401 0.381599 0.000000
50435 0.025801 0.092414 0.881784
50311 0.226618 0.470544 0.302838
3340 0.084306 0.056419 0.859275
44820 0.243796 0.510088 0.246116
44842 0.305485 0.507980 0.186535
26576 0.112617 0.506659 0.380724
44317 0.123484 0.840049 0.036466
12663 0.344935 0.614928 0.040137
14163 0.187332 0.681593 0.131076
17864 0.477583 0.000000 0.522417
13431 0.302855 0.691211 0.005934
26470 0.194361 0.113498 0.692141
11242 0.162589 0.246574 0.590837
11215 0.250839 0.320220 0.428941
13362 0.123366 0.176234 0.700400
13073 0.489496 0.167914 0.342590
12492 0.302789 0.646754 0.050458
13435 0.154916 0.113652 0.731432
12883 0.365578 0.284134 0.350287
13562 0.209817 0.070259 0.719924
13421 0.433008 0.019571 0.547420
13416 0.313449 0.583071 0.103480
12893 0.294906 0.510059 0.195034
13445 0.186907 0.018161 0.794932
12903 0.277002 0.382412 0.340587
13554 0.105127 0.769064 0.125809
13139 0.213171 0.317949 0.468880
13262 0.237499 0.441723 0.320777
17953 0.678838 0.173570 0.147592
13516 0.249574 0.177678 0.572749
13138 0.057604 0.025911 0.916485
12260 0.133853 0.805974 0.060173
13437 0.261387 0.352942 0.385671
13260 0.405918 0.447955 0.146128
14147 0.318298 0.014110 0.667592
13434 0.081959 0.105581 0.812460
12909 0.138416 0.737554 0.124030
13561 0.474973 0.463145 0.061882
12185 0.222893 0.004948 0.772159
12190 0.155735 0.527638 0.316627
12277 0.229568 0.351620 0.418813
12265 0.133147 0.192043 0.674810
26420 0.340339 0.558904 0.100757
947 0.319299 0.580220 0.100481
2014 0.115307 0.749769 0.134924
382 0.785835 0.136086 0.078079
27307 0.905995 0.080360 0.013645
44425 0.815676 0.136134 0.048190
44896 0.080511 0.268008 0.651481
44447 0.123580 0.746933 0.129487
44173 0.495384 0.030033 0.474583
45939 0.781813 0.130533 0.087654
45241 0.256051 0.030335 0.713614
45158 0.263267 0.518274 0.218459
45875 0.146103 0.311149 0.542748
45376 0.554256 0.197240 0.248504
46306 0.286609 0.289185 0.424206
46367 0.085376 0.845707 0.068917
45555 0.831651 0.156004 0.012344
45481 0.521390 0.199160 0.279450
45567 0.350132 0.281511 0.368358
44856 0.530219 0.040733 0.429048
182 0.260641 0.601067 0.138293
15406 0.155099 0.091509 0.753392
15384 0.169742 0.472697 0.357561
12341 0.083718 0.676229 0.240053
12326 0.350090 0.614004 0.035906
18167 0.587258 0.266812 0.145930
28815 0.159221 0.639425 0.201354
28983 0.556620 0.437767 0.005614
28948 0.759355 0.206031 0.034614
28576 0.012936 0.885708 0.101357
28678 0.113569 0.075187 0.811244
29075 0.505558 0.319851 0.174591
29150 0.057636 0.462718 0.479646
28724 0.458283 0.150621 0.391095
28891 0.569232 0.124539 0.306229
29008 0.406707 0.046297 0.546996
28897 0.211793 0.110105 0.678102
28630 0.410703 0.021266 0.568031
28382 0.196288 0.483703 0.320009
27847 0.157039 0.170593 0.672368
27753 0.238553 0.525493 0.235954
49977 0.754913 0.100587 0.144500
45013 0.299596 0.448706 0.251698
44667 0.216830 0.389978 0.393192
48223 0.259715 0.292201 0.448084
47984 0.295346 0.297296 0.407358
48475 0.227586 0.084747 0.687667
48469 0.404863 0.444585 0.150551
2418 0.772199 0.138803 0.088998
2113 0.325031 0.106874 0.568095
2475 0.268334 0.363228 0.368438
29168 0.745260 0.104944 0.149796
29135 0.002592 0.096120 0.901288
28713 0.043824 0.398786 0.557390
28743 0.091909 0.343605 0.564486
28008 0.069369 0.267669 0.662962
44145 0.129725 0.639719 0.230556
44551 0.411048 0.231985 0.356967
44561 0.498888 0.271341 0.229771
46029 0.115005 0.258411 0.626584
45091 0.008261 0.450912 0.540826
45387 0.240406 0.045163 0.714431
47011 0.049852 0.362934 0.587214
47158 0.093750 0.725482 0.180767
47171 0.567501 0.182252 0.250247
46416 0.002332 0.201529 0.796140
46422 0.121143 0.360155 0.518702
46661 0.432687 0.223107 0.344206
46668 0.619630 0.287325 0.093044
46267 0.139264 0.461603 0.399133
47097 0.198214 0.279733 0.522053
47146 0.369127 0.461863 0.169010
46153 0.366644 0.585123 0.048233
46148 0.218990 0.618947 0.162063
29069 0.121097 0.418415 0.460488
48062 0.382535 0.000000 0.617465
48091 0.023280 0.339355 0.637365
47950 0.266256 0.288256 0.445488
48372 0.058049 0.647791 0.294160
49700 0.226048 0.180937 0.593015
49648 0.092273 0.562124 0.345603
47598 0.235986 0.366550 0.397464
47497 0.131277 0.692851 0.175872
49454 0.415944 0.190585 0.393471
49624 0.387408 0.000000 0.612592
47561 0.717946 0.133099 0.148955
47628 0.179650 0.538054 0.282296
47622 0.758643 0.137549 0.103808
47554 0.022245 0.617426 0.360330
46035 0.150774 0.794585 0.054640
47710 0.746614 0.037871 0.215515
47424 0.298256 0.186516 0.515228
49711 0.273082 0.663851 0.063067
49714 0.000000 0.176225 0.823775
13117 0.431506 0.434998 0.133496
12596 0.773449 0.125298 0.101253
9361 0.076406 0.907099 0.016495
9244 0.244256 0.610054 0.145690
9350 0.328318 0.211496 0.460186
14829 0.067226 0.897025 0.035749
9342 0.705133 0.138134 0.156733
9348 0.172859 0.400039 0.427102
13306 0.022226 0.325915 0.651859
13371 0.741265 0.073500 0.185235
11685 0.572461 0.003512 0.424027
11690 0.222545 0.245109 0.532346
14981 0.338022 0.345574 0.316404
11454 0.075675 0.785839 0.138486
11843 0.082462 0.793799 0.123739
11835 0.481721 0.089041 0.429238
13715 0.241279 0.437882 0.320839
13709 0.356105 0.160153 0.483742
11314 0.222597 0.236089 0.541314
11430 0.122157 0.478891 0.398953
11312 0.018989 0.918872 0.062139
11310 0.231111 0.468653 0.300236
12301 0.230733 0.708289 0.060977
12300 0.553872 0.280522 0.165606
12583 0.173999 0.708951 0.117049
12583 0.855133 0.110262 0.034605
11342 0.261460 0.567547 0.170992
11364 0.148290 0.062431 0.789279
11283 0.607600 0.238418 0.153982
12266 0.707931 0.073836 0.218232
12267 0.197767 0.697388 0.104845
12171 0.116753 0.019125 0.864123
12195 0.125007 0.480738 0.394255
12265 0.007993 0.313956 0.678051
12167 0.493185 0.264966 0.241849
13556 0.261833 0.058061 0.680106
12902 0.145777 0.330206 0.524017
12256 0.359429 0.453781 0.186790
12264 0.194086 0.151272 0.654642
12180 0.000000 0.236823 0.763177
12254 0.610359 0.066200 0.323441
12883 0.258686 0.110551 0.630763
12657 0.740661 0.167885 0.091455
12873 0.270377 0.037577 0.692046
23599 0.731843 0.117457 0.150700
12892 0.479966 0.189790 0.330244
13533 0.148720 0.783798 0.067482
13556 0.293226 0.331276 0.375498
13563 0.082344 0.562764 0.354892
12460 0.157969 0.207047 0.634985
13852 0.037235 0.656159 0.306607
12459 0.069586 0.639637 0.290778
13897 0.294237 0.595194 0.110570
10881 0.014086 0.555114 0.430800
12914 0.230004 0.684900 0.085096
13446 0.091723 0.517160 0.391117
13446 0.005986 0.061430 0.932585
13404 0.000000 0.588415 0.411585
13445 0.880955 0.025787 0.093258
12181 0.180663 0.730159 0.089178
12900 0.223913 0.096503 0.679584
12898 0.326118 0.646648 0.027235
12185 0.015674 0.349893 0.634433
24501 0.356873 0.225436 0.417691
13866 0.266171 0.059250 0.674579
13448 0.256666 0.509010 0.234323
12479 0.514514 0.478233 0.007253
13852 0.668740 0.269599 0.061661
13857 0.068364 0.368778 0.562858
13256 0.657688 0.190067 0.152245
12889 0.115855 0.548617 0.335529
12267 0.342857 0.298664 0.358479
12166 0.135392 0.150896 0.713712
12223 0.748978 0.123017 0.128005
13575 0.120183 0.238663 0.641154
13901 0.371136 0.195182 0.433682
12174 0.800937 0.052446 0.146618
14263 0.337999 0.010291 0.651710
12884 0.313226 0.625511 0.061263
12228 0.000000 0.056780 0.943220
14263 0.212243 0.345572 0.442185
12468 0.011391 0.228685 0.759924
13402 0.118669 0.666883 0.214447
12458 0.287828 0.712172 0.000000
12349 0.175555 0.209758 0.614687
12184 0.180715 0.145517 0.673768
12476 0.072523 0.927477 0.000000
13408 0.349927 0.550774 0.099299
14264 0.344467 0.331255 0.324278
14279 0.082375 0.072958 0.844667
12457 0.369332 0.364493 0.266175
26353 0.563503 0.221201 0.215296
7829 0.696387 0.078389 0.225224
9876 0.088888 0.361641 0.549471
9243 0.117052 0.328908 0.554039
9753 0.860557 0.057546 0.081897
26809 0.047572 0.095337 0.857091
26282 0.204931 0.110018 0.685050
4309 0.378680 0.078575 0.542745
26805 0.448432 0.014852 0.536716
28618 0.208848 0.408599 0.382553
28482 0.768936 0.103352 0.127712
28380 0.410721 0.230189 0.359090
29083 0.055901 0.846914 0.097185
45726 0.000000 0.278954 0.721046
45732 0.134888 0.812318 0.052794
45571 0.577128 0.263098 0.159775
45586 0.070000 0.019510 0.910490
47251 0.162710 0.237055 0.600235
50240 0.916589 0.083411 0.000000
50466 0.341671 0.039771 0.618558
50398 0.737836 0.058844 0.203320
11011 0.056059 0.567054 0.376887
13675 0.305184 0.521143 0.173673
18098 0.163316 0.342299 0.494385
13875 0.914730 0.071850 0.013420
12498 0.684007 0.112491 0.203502
12234 0.391299 0.367754 0.240947
12322 0.625052 0.150229 0.224719
12409 0.063733 0.501555 0.434712
12193 0.946259 0.044565 0.009176
12281 0.422853 0.391058 0.186089
10666 0.154306 0.123327 0.722367
17694 0.409310 0.306386 0.284303
11360 0.131800 0.039588 0.828612
11919 0.486939 0.218722 0.294339
11933 0.039759 0.800734 0.159507
14975 0.034252 0.790633 0.175114
10987 0.944903 0.038483 0.016613
11461 0.080292 0.779676 0.140031
11439 0.147297 0.409837 0.442866
18037 0.117189 0.857546 0.025265
13069 0.440051 0.408791 0.151159
11280 0.144348 0.543192 0.312460
11287 0.482109 0.061794 0.456097
11325 0.351772 0.547988 0.100241
11346 0.054012 0.173207 0.772782
11354 0.131355 0.015021 0.853624
11350 0.439759 0.281852 0.278388
13002 0.057766 0.085569 0.856665
12547 0.026175 0.572509 0.401316
18288 0.489671 0.229821 0.280508
11185 0.182738 0.260371 0.556891
11370 0.438663 0.375300 0.186037
11366 0.217116 0.709901 0.072983
13820 0.200281 0.141054 0.658665
11916 0.791169 0.176991 0.031840
11374 0.303198 0.570645 0.126157
11194 0.662489 0.287468 0.050043
11189 0.705923 0.189113 0.104964
11184 0.043573 0.623441 0.332986
11195 0.708794 0.046676 0.244529
18222 0.121700 0.430375 0.447924
18216 0.561079 0.105407 0.333514
11067 0.050249 0.356812 0.592940
11064 0.699266 0.255852 0.044882
11194 0.367752 0.061493 0.570755
17243 0.348488 0.105210 0.546302
17225 0.164804 0.460834 0.374363
18468 0.041881 0.762162 0.195958
17630 0.058875 0.576323 0.364801
17710 0.105118 0.093270 0.801612
11184 0.463098 0.046855 0.490046
17318 0.217627 0.386161 0.396212
11305 0.257374 0.340428 0.402198
11303 0.073509 0.127156 0.799335
11306 0.154203 0.354540 0.491257
11196 0.304055 0.400628 0.295317
11291 0.304504 0.321805 0.373691
11289 0.322068 0.145700 0.532232
11319 0.583353 0.404236 0.012411
12883 0.102093 0.405136 0.492771
12887 0.342054 0.424862 0.233084
12709 0.707999 0.088252 0.203750
12774 0.135627 0.399677 0.464696
11332 0.644161 0.304305 0.051534
11265 0.720187 0.047726 0.232088
13792 0.307078 0.589806 0.103117
11851 0.296309 0.054407 0.649284
11380 0.153683 0.082569 0.763747
14963 0.526456 0.238247 0.235297
17173 0.041258 0.775612 0.183129
17178 0.252239 0.576791 0.170970
11174 0.360723 0.077195 0.562082
11178 0.167376 0.105814 0.726811
12214 0.048857 0.106359 0.844784
11646 0.240875 0.011653 0.747472
11502 0.443543 0.268466 0.287991
12376 0.316536 0.190091 0.493373
12348 0.228809 0.506451 0.264741
12388 0.245389 0.677084 0.077527
12433 0.088529 0.270532 0.640939
12412 0.028546 0.032663 0.938791
12425 0.663306 0.216198 0.120496
12427 0.366663 0.150969 0.482367
17918 0.375145 0.215903 0.408952
12112 0.186808 0.807911 0.005282
12991 0.291140 0.630455 0.078405
12126 0.393261 0.295313 0.311426
15208 0.741222 0.060118 0.198661
18053 0.515708 0.143420 0.340872
13637 0.006673 0.924651 0.068677
17619 0.220784 0.208972 0.570245
17119 0.060934 0.024709 0.914357
17447 0.140749 0.134782 0.724469
11170 0.956499 0.032011 0.011489
17639 0.754651 0.061235 0.184114
17308 0.211413 0.385538 0.403049
17198 0.034732 0.100713 0.864555
17680 0.363334 0.552111 0.084555
18238 0.196089 0.179793 0.624118
11061 0.658319 0.017029 0.324652
18467 0.149462 0.460919 0.389619
17465 0.222746 0.660320 0.116933
17464 0.332193 0.179964 0.487843
17606 0.000000 0.902343 0.097657
17597 0.309225 0.182090 0.508685
11062 0.100940 0.326698 0.572362
11061 0.131160 0.531710 0.337130
17211 0.700353 0.210392 0.089256
17521 0.115515 0.495448 0.389037
17484 0.173729 0.345941 0.480330
17479 0.925088 0.022974 0.051938
17454 0.000000 0.863134 0.136866
17236 0.645823 0.052151 0.302026
17447 0.768596 0.080726 0.150678
17439 0.206298 0.425552 0.368150
17238 0.162322 0.665376 0.172302
17225 0.017268 0.204436 0.778296
17662 0.172995 0.652231 0.174775
17649 0.821727 0.046966 0.131308
17204 0.278364 0.107785 0.613851
11073 0.393561 0.262839 0.343601
17310 0.156750 0.172150 0.671099
15524 0.092896 0.600853 0.306251
15454 0.454835 0.270413 0.274752
15062 0.531867 0.115597 0.352536
11714 0.611529 0.304364 0.084106
11698 0.739336 0.188795 0.071870
11730 0.143979 0.000000 0.856021
11719 0.238063 0.512920 0.249016
46087 0.641614 0.272301 0.086084
46102 0.423966 0.384795 0.191239
50300 0.378300 0.000000 0.621700
50277 0.454758 0.058407 0.486834
50307 0.162088 0.486693 0.351219
11298 0.676369 0.057909 0.265722
11308 0.017284 0.505829 0.476887
11216 0.116772 0.361328 0.521900
11292 0.564569 0.172139 0.263292
13974 0.393816 0.555639 0.050545
46909 0.522752 0.024996 0.452252
47242 0.123371 0.649869 0.226760
46119 0.232530 0.543721 0.223749
46824 0.362693 0.056942 0.580365
46817 0.897880 0.083930 0.018189
28513 0.201602 0.068144 0.730254
28507 0.450989 0.091868 0.457143
28437 0.075485 0.732538 0.191978
28570 0.460714 0.102246 0.437039
29910 0.169379 0.788531 0.042090
29495 0.421806 0.063401 0.514793
28466 0.015289 0.213115 0.771596
49650 0.310209 0.446923 0.242868
48150 0.790983 0.209017 0.000000
49278 0.061649 0.678461 0.259890
13077 0.062433 0.341696 0.595871
29121 0.045968 0.538659 0.415373
29506 0.134398 0.050660 0.814943
28750 0.098751 0.451246 0.450003
29112 0.303642 0.426303 0.270055
13333 0.369137 0.316511 0.314352
11962 0.032969 0.159539 0.807492
9331 0.288370 0.053723 0.657907
14787 0.761048 0.043197 0.195755
9692 0.156088 0.841424 0.002488
9700 0.679255 0.119114 0.201631
9822 0.700393 0.178854 0.120753
9819 0.020481 0.928281 0.051238
9730 0.017484 0.801158 0.181358
9336 0.012365 0.915038 0.072597
9723 0.250390 0.002821 0.746789
9730 0.112010 0.394581 0.493409
13735 0.359444 0.150113 0.490443
14892 0.418760 0.300415 0.280826
14952 0.041270 0.190481 0.768249
14742 0.183623 0.170017 0.646360
11669 0.155551 0.599191 0.245258
9808 0.106628 0.583447 0.309926
9747 0.958948 0.019525 0.021527
9717 0.328783 0.230972 0.440245
9738 0.190295 0.656934 0.152771
14769 0.437872 0.375083 0.187045
45629 0.132479 0.500329 0.367192
45651 0.522870 0.157354 0.319777
11047 0.144190 0.701178 0.154632
18465 0.219748 0.246846 0.533406
17638 0.024460 0.847635 0.127904
12585 0.717868 0.136049 0.146082
13004 0.252855 0.559324 0.187821
11301 0.680482 0.019307 0.300211
11208 0.580304 0.079674 0.340022
10472 0.219730 0.058061 0.722209
28947 0.453787 0.180810 0.365403
12118 0.033551 0.961439 0.005010
12101 0.383258 0.125947 0.490795
7841 0.373878 0.503888 0.122234
13401 0.202719 0.522130 0.275150
17916 0.252195 0.438031 0.309775
22417 0.376580 0.254536 0.368884
25767 0.055570 0.866040 0.078390
13580 0.395908 0.417083 0.187009
13901 0.166597 0.101794 0.731609
13217 0.512868 0.016235 0.470897
10528 0.197653 0.025038 0.777308
12674 0.144846 0.566587 0.288567
11226 0.244159 0.652645 0.103196
13352 0.125569 0.830127 0.044304
10490 0.486699 0.398952 0.114349
12673 0.665332 0.152593 0.182075
12202 0.393560 0.148468 0.457972
17444 0.126364 0.143074 0.730562
18245 0.378845 0.582212 0.038944
13007 0.532386 0.080560 0.387053
18222 0.285458 0.689475 0.025068
13006 0.289436 0.014152 0.696411
18241 0.333405 0.030188 0.636407
12584 0.120383 0.714768 0.164849
24558 0.000000 0.200512 0.799488
30313 0.306927 0.287961 0.405112
30463 0.730732 0.093992 0.175276
30750 0.052553 0.666927 0.280521
30616 0.486189 0.217824 0.295987
30598 0.220427 0.121694 0.657879
30587 0.027050 0.476908 0.496042
29746 0.562515 0.437485 0.000000
29744 0.218582 0.069121 0.712297
30745 0.774717 0.088703 0.136579
30514 0.552204 0.009245 0.438551
30363 0.511366 0.042985 0.445649
30080 0.067698 0.523437 0.408865
47542 0.729097 0.056363 0.214540
47557 0.289790 0.454534 0.255676
47313 0.312236 0.319562 0.368202
46072 0.102395 0.523016 0.374589
31874 0.427246 0.045275 0.527478
29729 0.499843 0.410286 0.089871
47790 0.353875 0.481573 0.164552
48327 0.130206 0.407343 0.462451
47876 0.222713 0.633466 0.143822
47873 0.062905 0.787362 0.149733
47893 0.020022 0.343039 0.636939
47889 0.237901 0.662739 0.099360
