38168 0.656899 0.299181 0.043920
16953 0.888913 0.000000 0.111087
12194 0.534237 0.407076 0.058686
1826 0.122899 0.180768 0.696333
38167 0.038838 0.520684 0.440478
23107 0.182683 0.728824 0.088493
16247 0.198656 0.105575 0.695769
2134 0.172762 0.312769 0.514469
14815 0.055833 0.060269 0.883898
38324 0.095698 0.585521 0.318781
38408 0.421533 0.125969 0.452498
22982 0.203125 0.275127 0.521748
23300 0.023890 0.805711 0.170399
23303 0.274632 0.165133 0.560236
23409 0.170872 0.006295 0.822834
23276 0.672309 0.008593 0.319098
14817 0.678776 0.228327 0.092897
1961 0.154205 0.289029 0.556765
12766 0.648221 0.121463 0.230317
12761 0.746164 0.149380 0.104456
14866 0.154395 0.546925 0.298679
13446 0.555491 0.341929 0.102580
17524 0.393133 0.070996 0.535872
2031 0.135197 0.608813 0.255990
38491 0.662508 0.064691 0.272801
3437 0.519330 0.194061 0.286609
22981 0.447618 0.368558 0.183825
23322 0.461389 0.008499 0.530112
3520 0.674791 0.218657 0.106552
22982 0.186332 0.487590 0.326078
23191 0.494856 0.115436 0.389708
23130 0.603104 0.165703 0.231193
23288 0.244421 0.317387 0.438192
380 0.231192 0.212126 0.556682
12261 0.268383 0.150801 0.580816
2262 0.617725 0.089680 0.292596
2328 0.035328 0.606148 0.358523
69 0.204072 0.772133 0.023795
12342 0.547053 0.192988 0.259959
12405 0.409640 0.248723 0.341637
12922 0.380903 0.037538 0.581559
12354 0.138032 0.495719 0.366249
2651 0.114880 0.084433 0.800687
406 0.386692 0.420501 0.192808
12324 0.567752 0.338305 0.093943
2807 0.160637 0.154449 0.684914
12900 0.262452 0.503963 0.233585
105 0.446149 0.127544 0.426307
2428 0.498267 0.149089 0.352645
2454 0.259634 0.358314 0.382052
2538 0.614016 0.323863 0.062121
2352 0.149721 0.090828 0.759452
87 0.179007 0.078887 0.742106
34133 0.090511 0.782611 0.126878
34148 0.320105 0.383249 0.296646
1794 0.487037 0.367090 0.145873
2303 0.500983 0.171422 0.327594
2313 0.711036 0.041415 0.247549
15583 0.183930 0.489459 0.326611
15589 0.193538 0.210639 0.595822
15315 0.219077 0.163858 0.617065
15252 0.700939 0.288122 0.010939
2411 0.270009 0.523554 0.206437
2528 0.511702 0.477616 0.010682
2724 0.010332 0.754299 0.235369
2725 0.521291 0.169761 0.308948
14981 0.327409 0.177420 0.495171
15135 0.054705 0.099026 0.846270
15095 0.393303 0.363849 0.242847
14973 0.292587 0.159737 0.547676
34353 0.015747 0.799587 0.184666
35721 0.423852 0.452248 0.123900
34312 0.836216 0.039145 0.124638
34316 0.095571 0.301383 0.603046
34162 0.521070 0.412365 0.066565
34623 0.209306 0.069177 0.721517
34182 0.881418 0.039544 0.079039
33723 0.461749 0.397113 0.141138
34171 0.521344 0.463941 0.014715
34256 0.372064 0.103584 0.524353
33737 0.061886 0.663103 0.275011
34391 0.141961 0.651287 0.206752
35745 0.337658 0.075445 0.586897
34454 0.924055 0.066866 0.009079
34422 0.249595 0.572198 0.178207
8393 0.200334 0.132377 0.667289
9500 0.674226 0.268652 0.057122
9194 0.274731 0.012126 0.713143
7842 0.047471 0.333903 0.618626
7996 0.707841 0.020884 0.271276
8892 0.288882 0.107511 0.603606
7792 0.419085 0.327674 0.253241
7968 0.242791 0.550279 0.206930
10500 0.216765 0.517459 0.265776
10498 0.702025 0.138338 0.159637
10028 0.134028 0.335312 0.530660
10054 0.557935 0.411223 0.030843
9213 0.511861 0.301701 0.186438
9345 0.209204 0.317624 0.473172
10614 0.797698 0.089221 0.113082
10481 0.747454 0.127034 0.125513
9035 0.171406 0.555444 0.273150
10307 0.657001 0.027834 0.315166
10082 0.163906 0.438507 0.397587
8809 0.154974 0.136696 0.708330
10181 0.075665 0.462263 0.462073
10242 0.282174 0.171615 0.546210
10279 0.131697 0.183877 0.684426
10277 0.343365 0.253342 0.403294
15078 0.147231 0.577384 0.275385
15103 0.659630 0.052842 0.287528
15233 0.304619 0.192931 0.502450
15227 0.091320 0.197537 0.711144
16358 0.386008 0.433122 0.180870
15212 0.655031 0.258023 0.086945
16398 0.153721 0.310777 0.535502
16553 0.115329 0.836521 0.048150
14960 0.240271 0.286752 0.472977
16773 0.047461 0.912457 0.040082
16760 0.000000 0.299392 0.700608
14870 0.436525 0.235133 0.328341
15036 0.282728 0.132142 0.585130
16315 0.417954 0.532111 0.049936
16366 0.315581 0.032661 0.651758
15165 0.564658 0.198406 0.236937
16442 0.805018 0.000000 0.194982
16407 0.358313 0.358710 0.282977
17046 0.308888 0.281271 0.409841
17056 0.233695 0.471560 0.294745
16600 0.767775 0.087219 0.145006
16825 0.153465 0.553308 0.293227
17251 0.248672 0.075593 0.675735
17245 0.385203 0.262646 0.352151
17451 0.173509 0.703699 0.122792
16974 0.716057 0.174860 0.109084
12838 0.473329 0.362070 0.164602
15679 0.049824 0.809073 0.141103
15546 0.635235 0.230559 0.134206
15373 0.338697 0.614960 0.046343
8112 0.012748 0.539236 0.448016
8233 0.338568 0.387489 0.273942
8221 0.039753 0.465965 0.494282
8063 0.188420 0.540584 0.270996
12797 0.805938 0.148290 0.045771
12820 0.064331 0.562167 0.373503
15194 0.315643 0.291979 0.392378
15058 0.801589 0.009781 0.188630
29010 0.434582 0.170242 0.395176
28907 0.589853 0.046332 0.363815
28773 0.506761 0.000000 0.493239
29002 0.000000 0.857859 0.142141
22092 0.007058 0.858066 0.134877
23194 0.041116 0.004223 0.954661
22510 0.112113 0.457160 0.430727
22132 0.651869 0.244350 0.103782
22269 0.915208 0.020365 0.064427
21295 0.498723 0.222050 0.279227
21032 0.747618 0.120078 0.132304
22700 0.083059 0.277488 0.639453
19416 0.217228 0.479490 0.303282
19899 0.119166 0.733479 0.147355
20420 0.058091 0.279413 0.662496
19990 0.087316 0.114054 0.798630
23275 0.842810 0.140233 0.016957
22601 0.415369 0.225794 0.358837
22742 0.051683 0.896956 0.051361
2893 0.158524 0.511956 0.329520
2945 0.157212 0.335784 0.507004
2770 0.097702 0.719049 0.183248
20581 0.424444 0.347971 0.227584
21151 0.517208 0.410429 0.072364
20796 0.424605 0.193446 0.381950
20637 0.031565 0.092205 0.876229
8207 0.782518 0.100499 0.116983
8002 0.282973 0.568081 0.148946
8027 0.032152 0.182463 0.785385
8236 0.166273 0.269906 0.563821
2403 0.194975 0.056982 0.748043
8172 0.061294 0.637323 0.301383
8401 0.180698 0.566463 0.252839
2777 0.903917 0.027885 0.068197
34434 0.028531 0.478747 0.492722
33836 0.282581 0.129952 0.587466
34529 0.194431 0.306933 0.498636
15367 0.538348 0.063664 0.397987
13255 0.102716 0.335977 0.561307
15399 0.344344 0.553798 0.101858
15556 0.791914 0.025565 0.182521
16429 0.636405 0.009301 0.354294
16476 0.077311 0.302469 0.620220
17074 0.513478 0.211967 0.274555
16642 0.479183 0.063723 0.457094
3142 0.076210 0.546652 0.377138
3007 0.638126 0.316155 0.045719
2963 0.067302 0.028061 0.904638
3045 0.193773 0.231666 0.574561
33771 0.075824 0.383804 0.540372
33841 0.469232 0.505461 0.025307
33839 0.382668 0.299689 0.317644
33766 0.046339 0.798802 0.154859
28898 0.153836 0.131748 0.714416
28792 0.612892 0.116283 0.270825
28795 0.149437 0.536267 0.314296
28892 0.134469 0.751699 0.113833
18616 0.349018 0.133626 0.517356
18467 0.679653 0.288248 0.032099
18682 0.395577 0.016636 0.587787
18859 0.051027 0.397367 0.551606
7959 0.272359 0.615929 0.111712
1963 0.940772 0.031767 0.027461
14867 0.203688 0.705737 0.090575
14867 0.176331 0.754928 0.068741
14922 0.656514 0.128184 0.215303
14861 0.150997 0.644562 0.204440
14991 0.064269 0.348056 0.587675
2164 0.236431 0.073375 0.690194
1790 0.509755 0.273308 0.216937
2246 0.680147 0.289896 0.029957
8040 0.257875 0.078262 0.663863
8100 0.322277 0.351768 0.325955
10631 0.726478 0.243174 0.030347
9409 0.379761 0.060147 0.560092
10092 0.917832 0.032318 0.049850
8853 0.577881 0.110250 0.311868
3043 0.129626 0.796039 0.074335
2761 0.128896 0.686177 0.184927
3094 0.604671 0.385845 0.009484
1948 0.307572 0.341604 0.350824
3102 0.545134 0.363767 0.091099
13122 0.349368 0.277618 0.373013
3130 0.040401 0.637555 0.322044
127 0.430942 0.525369 0.043689
33680 0.277661 0.150406 0.571933
15944 0.557420 0.408109 0.034471
15958 0.780054 0.060529 0.159417
34101 0.096298 0.841697 0.062005
16491 0.593680 0.110130 0.296189
15363 0.338587 0.460947 0.200466
15364 0.212575 0.635347 0.152078
17076 0.196091 0.609704 0.194205
15535 0.693118 0.254649 0.052234
13236 0.981170 0.016719 0.002112
15494 0.134791 0.212412 0.652797
33889 0.632078 0.213565 0.154357
8568 0.660262 0.290605 0.049133
8637 0.028956 0.433746 0.537299
8733 0.522532 0.008819 0.468649
8683 0.082656 0.191998 0.725346
19253 0.358137 0.202628 0.439236
19019 0.308064 0.383468 0.308468
22179 0.387427 0.429268 0.183305
22048 0.880906 0.050267 0.068827
22048 0.333332 0.664956 0.001713
22178 0.187940 0.456300 0.355760
19094 0.238779 0.581336 0.179885
19866 0.639639 0.178413 0.181948
19620 0.050995 0.903281 0.045723
17826 0.427456 0.349526 0.223018
17960 0.476365 0.408779 0.114856
22009 0.133263 0.394441 0.472296
22073 0.300376 0.311692 0.387932
21818 0.120662 0.868072 0.011266
22960 0.028522 0.481349 0.490129
22962 0.066166 0.441087 0.492747
10323 0.538768 0.044870 0.416361
10444 0.667036 0.119516 0.213448
9868 0.020778 0.351476 0.627747
9744 0.768879 0.153765 0.077357
9661 0.261120 0.611669 0.127211
9713 0.350350 0.510621 0.139029
9652 0.807044 0.083142 0.109814
9984 0.041328 0.246396 0.712276
10554 0.234167 0.258962 0.506872
10550 0.544473 0.149216 0.306311
9559 0.604500 0.313606 0.081895
10225 0.434318 0.461429 0.104253
10113 0.570704 0.164858 0.264438
9602 0.194000 0.446639 0.359361
9070 0.624518 0.358629 0.016854
9201 0.048926 0.578109 0.372965
9207 0.480472 0.148844 0.370684
9077 0.160763 0.525517 0.313720
8886 0.542527 0.185383 0.272090
8994 0.664292 0.277140 0.058568
8872 0.143843 0.288950 0.567207
9533 0.472929 0.280186 0.246885
9517 0.422457 0.162616 0.414927
9399 0.116702 0.619923 0.263375
9430 0.196386 0.609751 0.193863
9040 0.587966 0.353423 0.058611
8876 0.036502 0.263397 0.700101
8867 0.331374 0.250053 0.418573
8952 0.375724 0.601145 0.023131
36312 0.228617 0.236073 0.535310
36062 0.405111 0.103153 0.491736
36794 0.534739 0.227396 0.237866
36809 0.593692 0.258637 0.147671
35943 0.054078 0.573090 0.372832
35908 0.196201 0.524480 0.279320
35956 0.198563 0.317599 0.483839
35967 0.497571 0.135813 0.366616
37197 0.353922 0.231083 0.414995
37026 0.025922 0.231634 0.742444
36852 0.090557 0.001857 0.907586
37020 0.075717 0.807490 0.116793
36667 0.069956 0.064505 0.865539
36674 0.175434 0.146681 0.677885
35493 0.481672 0.079214 0.439114
35490 0.275284 0.624091 0.100625
35319 0.725816 0.068275 0.205909
35287 0.470371 0.231026 0.298603
35084 0.419394 0.391484 0.189123
34971 0.201391 0.298454 0.500155
34707 0.299542 0.191446 0.509012
34763 0.199637 0.229805 0.570558
34767 0.035207 0.062839 0.901954
34703 0.341279 0.057502 0.601219
35302 0.831525 0.149200 0.019274
35315 0.431009 0.379220 0.189771
35160 0.199903 0.484159 0.315938
35138 0.216871 0.083144 0.699984
35501 0.839374 0.023004 0.137622
35377 0.327827 0.623072 0.049102
35459 0.068338 0.710189 0.221472
35523 0.040934 0.131225 0.827841
13658 0.221759 0.157680 0.620561
13570 0.386541 0.114003 0.499456
13652 0.629205 0.044686 0.326109
12795 0.907484 0.083931 0.008585
15713 0.440543 0.417292 0.142165
13750 0.225152 0.232878 0.541971
13730 0.318512 0.016363 0.665126
15456 0.394051 0.039991 0.565958
13683 0.359798 0.493640 0.146562
13694 0.253254 0.442237 0.304508
13715 0.188298 0.206453 0.605250
13736 0.271426 0.112223 0.616351
12817 0.026721 0.012131 0.961148
12933 0.042610 0.784003 0.173388
12850 0.282905 0.158135 0.558960
12945 0.263870 0.343382 0.392748
15653 0.515057 0.260552 0.224391
15757 0.084361 0.323143 0.592496
13001 0.509729 0.372603 0.117668
12257 0.069277 0.078964 0.851759
12280 0.445763 0.202284 0.351953
2272 0.805410 0.159717 0.034873
2412 0.787269 0.178392 0.034338
2484 0.031677 0.252457 0.715866
15239 0.096998 0.075115 0.827888
15082 0.198782 0.213551 0.587667
34796 0.253398 0.491872 0.254730
33742 0.301854 0.338502 0.359644
34333 0.017549 0.733351 0.249100
34328 0.138154 0.021688 0.840158
34336 0.113344 0.347303 0.539353
33750 0.841108 0.007609 0.151283
37229 0.017726 0.966912 0.015363
36932 0.276621 0.377641 0.345738
37140 0.069241 0.558951 0.371807
37145 0.247798 0.431181 0.321021
15356 0.047418 0.226176 0.726405
17032 0.169470 0.693075 0.137455
8355 0.164252 0.553179 0.282569
8342 0.176001 0.438120 0.385878
15321 0.188277 0.290148 0.521575
15157 0.256881 0.324526 0.418593
29088 0.229323 0.593093 0.177584
29045 0.434857 0.239837 0.325306
2621 0.033676 0.896458 0.069867
2449 0.737129 0.194918 0.067953
22413 0.255014 0.248391 0.496595
22597 0.076664 0.877785 0.045550
22380 0.718041 0.035731 0.246228
21814 0.707847 0.099937 0.192216
21815 0.189330 0.172599 0.638071
22089 0.416890 0.102393 0.480717
21940 0.609507 0.276941 0.113552
10942 0.185347 0.316845 0.497808
10939 0.776583 0.147719 0.075698
9334 0.200563 0.655110 0.144327
9165 0.679158 0.136494 0.184348
9045 0.474205 0.000000 0.525795
8954 0.197732 0.378918 0.423349
36575 0.028307 0.710403 0.261291
36543 0.513805 0.014374 0.471821
34969 0.414702 0.578505 0.006792
35181 0.165556 0.233037 0.601407
35006 0.197786 0.455352 0.346862
36523 0.746637 0.140484 0.112878
36586 0.019027 0.132608 0.848365
35136 0.150235 0.240202 0.609563
35263 0.276100 0.642507 0.081393
34987 0.097663 0.688955 0.213382
35174 0.614916 0.092808 0.292276
13546 0.055023 0.794171 0.150806
15464 0.185168 0.622437 0.192395
15768 0.463586 0.217765 0.318649
13234 0.360163 0.205889 0.433949
15645 0.139994 0.274443 0.585563
13218 0.182270 0.588516 0.229213
15134 0.787976 0.095871 0.116154
34146 0.031645 0.750941 0.217414
34732 0.121146 0.273327 0.605527
35775 0.656023 0.297942 0.046035
35622 0.723338 0.143267 0.133395
34365 0.157930 0.062157 0.779913
35529 0.072817 0.368584 0.558598
37163 0.037418 0.019667 0.942915
36882 0.118053 0.000000 0.881947
36956 0.208347 0.074939 0.716714
37156 0.347928 0.291844 0.360228
36843 0.161106 0.166162 0.672732
36844 0.448396 0.422827 0.128777
36858 0.606483 0.161944 0.231573
36874 0.290145 0.548112 0.161743
33793 0.161261 0.163795 0.674944
33780 0.350207 0.204667 0.445126
34390 0.097135 0.280966 0.621899
15030 0.202471 0.035307 0.762222
34014 0.217776 0.430759 0.351465
15776 0.741382 0.107676 0.150942
33950 0.241253 0.318876 0.439872
33898 0.250080 0.575248 0.174672
15797 0.513157 0.268909 0.217934
15637 0.255717 0.163520 0.580763
36497 0.499939 0.220614 0.279447
35798 0.700672 0.172353 0.126974
34833 0.684766 0.272851 0.042383
36836 0.118853 0.600326 0.280821
36831 0.019479 0.510357 0.470164
36671 0.276052 0.696943 0.027005
36634 0.496110 0.493541 0.010349
36345 0.223070 0.623720 0.153210
36348 0.012246 0.549081 0.438673
36472 0.087713 0.374636 0.537651
36455 0.767112 0.178183 0.054704
34862 0.458860 0.323817 0.217323
35056 0.447141 0.419370 0.133489
34777 0.132806 0.192909 0.674284
34603 0.790871 0.036592 0.172537
34655 0.439616 0.161088 0.399296
34692 0.089964 0.622945 0.287091
34679 0.115533 0.691924 0.192543
35536 0.105262 0.605554 0.289184
35406 0.814552 0.172763 0.012685
35413 0.147291 0.162255 0.690454
35574 0.050897 0.738114 0.210989
35634 0.803908 0.145766 0.050326
35701 0.001632 0.748368 0.250000
35569 0.152340 0.591838 0.255822
2154 0.328920 0.070737 0.600343
1651 0.662042 0.108746 0.229212
3284 0.281067 0.250248 0.468685
2055 0.029449 0.281544 0.689007
2290 0.230468 0.059463 0.710069
2054 0.123130 0.000000 0.876870
2055 0.091085 0.250826 0.658089
2140 0.580595 0.231687 0.187718
3217 0.286659 0.322224 0.391117
37964 0.239491 0.419940 0.340568
38156 0.579830 0.202934 0.217237
37992 0.604711 0.049199 0.346090
38056 0.625255 0.028763 0.345983
38200 0.258720 0.687164 0.054116
38199 0.000000 0.854765 0.145235
38380 0.007390 0.552318 0.440292
38382 0.404154 0.474228 0.121618
38280 0.071574 0.254551 0.673875
38343 0.648073 0.282077 0.069850
38393 0.425748 0.281504 0.292748
38389 0.312126 0.251519 0.436355
38392 0.305687 0.269673 0.424640
38425 0.000000 0.061844 0.938156
3392 0.697072 0.298776 0.004151
3386 0.428282 0.339796 0.231922
35259 0.298762 0.608041 0.093197
35345 0.075666 0.896573 0.027761
35470 0.695389 0.058548 0.246063
34841 0.275065 0.467410 0.257525
34730 0.052245 0.535177 0.412579
34837 0.174979 0.072647 0.752374
35597 0.420501 0.538675 0.040824
35543 0.516883 0.216265 0.266852
34905 0.583658 0.183413 0.232928
35532 0.122008 0.602107 0.275885
22101 0.379436 0.183923 0.436641
21293 0.399002 0.489927 0.111071
20740 0.261966 0.064421 0.673613
20757 0.705833 0.135647 0.158520
21374 0.257452 0.487247 0.255301
29358 0.065297 0.329295 0.605408
29174 0.000000 0.332096 0.667904
19955 0.362208 0.139890 0.497902
29037 0.200457 0.526016 0.273528
29318 0.495689 0.328521 0.175791
29336 0.133704 0.403230 0.463065
29338 0.236805 0.526142 0.237052
29309 0.334494 0.465529 0.199978
29270 0.111633 0.533363 0.355003
29321 0.115751 0.333879 0.550370
29336 0.318340 0.377829 0.303832
29296 0.085471 0.179379 0.735150
29276 0.100597 0.309555 0.589848
29234 0.541462 0.361856 0.096682
29124 0.129241 0.574106 0.296653
19440 0.183244 0.686886 0.129871
19519 0.967182 0.014432 0.018386
17862 0.444472 0.101711 0.453817
29034 0.261323 0.035284 0.703392
28869 0.263617 0.448283 0.288100
29171 0.130070 0.592376 0.277554
29287 0.829831 0.089177 0.080992
29305 0.000000 0.206016 0.793984
29282 0.248475 0.045351 0.706174
29220 0.037870 0.641427 0.320703
29147 0.098138 0.235947 0.665915
29049 0.273744 0.649644 0.076612
29138 0.413291 0.389392 0.197316
28864 0.330220 0.581910 0.087871
28987 0.692006 0.035318 0.272676
29114 0.480203 0.248432 0.271365
29218 0.826245 0.000000 0.173755
29216 0.000000 0.009158 0.990842
29218 0.424601 0.151030 0.424368
29145 0.174251 0.245363 0.580386
29064 0.105722 0.152700 0.741577
29152 0.023292 0.742798 0.233911
20251 0.434233 0.075996 0.489771
29212 0.000000 0.544880 0.455120
19511 0.064947 0.423610 0.511443
19445 0.610302 0.111121 0.278577
19112 0.447847 0.440832 0.111322
19242 0.746611 0.000000 0.253389
19520 0.222302 0.475155 0.302544
17833 0.460600 0.520771 0.018629
19519 0.444636 0.435218 0.120146
19521 0.185559 0.637405 0.177036
19549 0.099157 0.202973 0.697870
28783 0.000000 0.092498 0.907502
28998 0.252167 0.582590 0.165243
28882 0.131538 0.642536 0.225926
28989 0.087258 0.628092 0.284650
29002 0.000000 0.822197 0.177803
29083 0.106313 0.000000 0.893687
29179 0.000000 0.875643 0.124357
29217 0.481619 0.036633 0.481749
29143 0.663936 0.000000 0.336064
29270 1.000000 0.000000 0.000000
29315 0.174393 0.620006 0.205601
19597 0.135371 0.666258 0.198371
29232 0.931335 0.000000 0.068665
28998 0.141543 0.137097 0.721360
28993 0.371047 0.130187 0.498766
29007 0.087670 0.577444 0.334885
29021 0.678648 0.106473 0.214879
10780 0.548610 0.138950 0.312440
9948 0.522692 0.085968 0.391341
10767 0.307837 0.445765 0.246398
10910 0.185290 0.670733 0.143977
10909 0.645808 0.055243 0.298948
11118 0.208841 0.588861 0.202298
11538 0.015876 0.311568 0.672556
11023 0.419488 0.404876 0.175635
10887 0.623761 0.127158 0.249081
10881 0.816433 0.162181 0.021386
11017 0.494731 0.248029 0.257240
10870 0.216233 0.652695 0.131072
10994 0.707925 0.269620 0.022456
11011 0.175514 0.292101 0.532385
11082 0.472437 0.493895 0.033668
11027 0.617697 0.241254 0.141049
10971 0.019678 0.262175 0.718147
11166 0.164397 0.494860 0.340743
10829 0.267869 0.188893 0.543238
9995 0.454534 0.091269 0.454198
10675 0.508740 0.000000 0.491260
2274 0.574010 0.066648 0.359342
1945 0.000000 0.301039 0.698961
2588 0.216621 0.659096 0.124283
2856 0.469317 0.084869 0.445814
2762 0.120502 0.792006 0.087492
12941 0.191859 0.293779 0.514363
2426 0.483908 0.078973 0.437119
13060 0.253152 0.733750 0.013097
2950 0.305417 0.050713 0.643871
2918 0.072396 0.692490 0.235114
13054 0.644581 0.293182 0.062237
13070 0.327709 0.114844 0.557446
2864 0.092550 0.119158 0.788291
3058 0.539776 0.445390 0.014834
2922 0.350672 0.375696 0.273632
2795 0.381398 0.293325 0.325277
2595 0.412316 0.219929 0.367755
19152 0.839413 0.105452 0.055135
20128 0.138277 0.505247 0.356477
18710 0.262519 0.096882 0.640599
18982 0.716363 0.008811 0.274826
18704 0.872756 0.016060 0.111184
18504 0.103800 0.023304 0.872896
18702 0.018587 0.279469 0.701943
18714 0.265619 0.570786 0.163595
18574 0.686264 0.062903 0.250833
18815 0.412822 0.357739 0.229439
19124 0.106292 0.656677 0.237031
18882 0.002013 0.654759 0.343228
37134 0.261035 0.562708 0.176258
37135 0.939053 0.048283 0.012663
37204 0.375091 0.498252 0.126657
37157 0.300105 0.226810 0.473084
37159 0.072664 0.236772 0.690564
37415 0.145567 0.564692 0.289742
37413 0.234458 0.661416 0.104126
37435 0.086087 0.727244 0.186670
37498 0.561755 0.283091 0.155154
37150 0.906335 0.093665 0.000000
37622 0.092270 0.357553 0.550176
37230 0.556380 0.186861 0.256759
37148 0.128547 0.116595 0.754858
37136 0.290183 0.394755 0.315062
37143 0.218738 0.071644 0.709618
36922 0.121229 0.762370 0.116400
36925 0.009543 0.182011 0.808446
36824 0.003054 0.724903 0.272043
36826 0.620445 0.104430 0.275124
37622 0.007474 0.497993 0.494533
37622 0.104551 0.808613 0.086836
37879 0.153312 0.517374 0.329314
37927 0.201083 0.773177 0.025740
37454 0.176949 0.304069 0.518982
37345 0.635788 0.057179 0.307033
37157 0.641050 0.017291 0.341658
36957 0.254760 0.490529 0.254710
37245 0.814396 0.082747 0.102857
37157 0.229421 0.438580 0.331998
37412 0.322619 0.071348 0.606034
37412 0.005084 0.190298 0.804619
37136 0.258803 0.626750 0.114447
37136 0.161351 0.589806 0.248843
37345 0.284856 0.191097 0.524047
37345 0.490299 0.383375 0.126326
19088 0.207676 0.360044 0.432281
18806 0.233162 0.098166 0.668672
18868 0.286461 0.650551 0.062988
19135 0.179783 0.498146 0.322070
18340 0.078253 0.320507 0.601240
18528 0.312149 0.044656 0.643195
18486 0.105843 0.027697 0.866460
18993 0.301922 0.670184 0.027894
19413 0.292656 0.334119 0.373225
19545 0.396538 0.181747 0.421715
19931 0.219551 0.663877 0.116573
19751 0.855676 0.095382 0.048941
20276 0.635582 0.356462 0.007956
20381 0.432365 0.381921 0.185714
21202 0.309504 0.348043 0.342453
20670 0.333679 0.216439 0.449881
22657 0.526174 0.064866 0.408960
22613 0.095523 0.864745 0.039732
22227 0.290015 0.243626 0.466359
22225 0.736893 0.124059 0.139047
21070 0.717032 0.261281 0.021687
21071 0.363629 0.391461 0.244910
21054 0.156762 0.382668 0.460570
36689 0.151828 0.230547 0.617625
36872 0.026006 0.006725 0.967269
37230 0.123946 0.513690 0.362364
37238 0.790986 0.110750 0.098265
37086 0.954485 0.025970 0.019545
36772 0.364600 0.528674 0.106726
36787 0.746750 0.223537 0.029713
36864 0.468044 0.095189 0.436767
36831 0.626922 0.003827 0.369251
36725 0.116224 0.668992 0.214784
36900 0.405727 0.189023 0.405250
36900 0.006065 0.190620 0.803315
36885 0.612163 0.102350 0.285487
37152 0.157659 0.834537 0.007804
37245 0.722628 0.038486 0.238886
36885 0.034624 0.740435 0.224941
36892 0.186127 0.361084 0.452789
37228 0.440871 0.139078 0.420051
37228 0.734786 0.063603 0.201610
36891 0.154347 0.037787 0.807867
36900 0.062968 0.890566 0.046466
36874 0.279706 0.462679 0.257615
36924 0.003067 0.687654 0.309279
36925 0.132772 0.310502 0.556726
29081 0.020623 0.230035 0.749341
29077 0.605121 0.284993 0.109886
29029 0.522827 0.081031 0.396142
29251 0.356860 0.088957 0.554183
29053 0.192438 0.788929 0.018633
18526 0.144666 0.715586 0.139747
18369 0.015620 0.723687 0.260693
17802 0.057955 0.663604 0.278441
18529 0.031365 0.606824 0.361811
18755 0.961990 0.000000 0.038010
18887 0.014467 0.864426 0.121107
18806 0.345475 0.274447 0.380078
18801 0.203206 0.588447 0.208347
19491 0.111452 0.675529 0.213018
19947 0.080058 0.497656 0.422286
19638 0.085980 0.272532 0.641488
19316 0.380635 0.055387 0.563978
20407 0.083990 0.690288 0.225722
20382 0.298235 0.506623 0.195142
20614 0.137551 0.547831 0.314618
20970 0.078262 0.319786 0.601952
20219 0.506093 0.252887 0.241019
19940 0.425197 0.444368 0.130435
19423 0.194783 0.038699 0.766518
19261 0.243136 0.328162 0.428702
18995 0.317122 0.067219 0.615659
19344 0.470574 0.170672 0.358754
22942 0.897087 0.000000 0.102913
18653 0.000000 0.852930 0.147070
18027 0.020712 0.522056 0.457232
18809 0.402579 0.036125 0.561296
19017 0.458328 0.318375 0.223297
19745 0.000000 0.420974 0.579026
19959 0.171843 0.372898 0.455259
19140 0.755012 0.244988 0.000000
19423 0.089116 0.546064 0.364820
38087 0.696173 0.175683 0.128144
37952 0.468507 0.372328 0.159165
38245 0.715729 0.085699 0.198573
38350 0.793841 0.206159 0.000000
38347 0.569352 0.009007 0.421642
38419 0.133913 0.131080 0.735007
38421 0.000000 0.584006 0.415994
3382 0.451129 0.486281 0.062589
13078 0.212695 0.531412 0.255893
8634 0.231886 0.203808 0.564306
3093 0.318508 0.012693 0.668799
15815 0.019806 0.817813 0.162381
8047 0.904049 0.000000 0.095951
19694 0.631469 0.083489 0.285042
20336 0.489535 0.149510 0.360955
21706 0.147963 0.534938 0.317099
22334 0.322542 0.175697 0.501761
15489 0.267150 0.428589 0.304261
17990 0.467509 0.503537 0.028954
21907 0.057166 0.753790 0.189044
19470 0.505564 0.214847 0.279589
19190 0.778261 0.117133 0.104606
20340 0.015977 0.647101 0.336922
21938 0.452811 0.215806 0.331383
21898 0.879625 0.064327 0.056048
22048 0.239262 0.447656 0.313081
21593 0.646695 0.187672 0.165633
21593 0.511884 0.396117 0.091999
21549 0.604627 0.122376 0.272997
21371 0.308065 0.571479 0.120457
21952 0.119018 0.510967 0.370014
22019 0.146241 0.684075 0.169684
21544 0.002173 0.574280 0.423546
21565 0.718457 0.248274 0.033269
22295 0.175578 0.065084 0.759338
22581 0.011731 0.528889 0.459380
21175 0.603461 0.213790 0.182749
21720 0.188093 0.109057 0.702849
21747 0.802084 0.137240 0.060677
21839 0.397450 0.359304 0.243245
21838 0.339263 0.147268 0.513469
21253 0.027052 0.274148 0.698800
22325 0.334513 0.331926 0.333561
21901 0.084444 0.051297 0.864259
21297 0.161763 0.532967 0.305270
21298 0.475678 0.318870 0.205452
20903 0.301110 0.362845 0.336044
20940 0.206909 0.378222 0.414869
15359 0.191199 0.242016 0.566785
8467 0.225584 0.124948 0.649468
8435 0.674541 0.310010 0.015449
8474 0.031662 0.287929 0.680408
33811 0.788795 0.009722 0.201483
8489 0.442696 0.544789 0.012515
8579 0.086437 0.436837 0.476726
8370 0.064579 0.625605 0.309816
8318 0.014521 0.729551 0.255928
9166 0.548845 0.361469 0.089686
9176 0.336070 0.336674 0.327256
9014 0.568369 0.138740 0.292891
9288 0.794648 0.052633 0.152719
9199 0.638016 0.164104 0.197880
10336 0.181691 0.670560 0.147750
10616 0.702116 0.035535 0.262349
9315 0.859474 0.110125 0.030400
9157 0.104578 0.535295 0.360128
9429 0.533413 0.107397 0.359190
2700 0.577721 0.007803 0.414476
3158 0.643937 0.074015 0.282047
28992 0.180463 0.633495 0.186043
29073 0.525418 0.317100 0.157482
20638 0.196064 0.644777 0.159159
20792 0.017325 0.107334 0.875341
18817 0.306606 0.520315 0.173079
36281 0.646978 0.254510 0.098511
36191 0.650709 0.003397 0.345894
36345 0.299017 0.117846 0.583137
36454 0.394206 0.349233 0.256561
36252 0.149959 0.525688 0.324352
36314 0.599595 0.285934 0.114471
35914 0.258411 0.114689 0.626900
35827 0.025940 0.391737 0.582323
36482 0.106689 0.400495 0.492816
36038 0.447444 0.401058 0.151498
35926 0.316747 0.615241 0.068011
36375 0.044100 0.619146 0.336754
36668 0.130655 0.047479 0.821866
34633 0.124202 0.073095 0.802704
34900 0.789146 0.095346 0.115508
2077 0.037912 0.393439 0.568649
7902 0.216053 0.241456 0.542491
8576 0.278738 0.096597 0.624665
10901 0.236589 0.745415 0.017996
10894 0.100438 0.138752 0.760811
11035 0.210330 0.350351 0.439319
11044 0.262986 0.257839 0.479175
2317 0.032086 0.652321 0.315593
2315 0.271921 0.248985 0.479094
2440 0.412695 0.365438 0.221867
35892 0.000000 0.902894 0.097106
35892 0.793382 0.185881 0.020737
35826 0.390465 0.377143 0.232393
35811 0.728444 0.233250 0.038306
35669 0.119442 0.352533 0.528025
8297 0.535582 0.181366 0.283052
7895 0.007791 0.203626 0.788583
8190 0.064233 0.198111 0.737656
9355 0.445239 0.248180 0.306582
9538 0.353990 0.344288 0.301722
9321 0.808934 0.028959 0.162107
10411 0.199659 0.739825 0.060516
10434 0.653749 0.058535 0.287716
10328 0.582115 0.286524 0.131361
10264 0.890253 0.001104 0.108643
10418 0.120571 0.733317 0.146111
9945 0.290430 0.006647 0.702923
9731 0.884563 0.099288 0.016148
10747 0.844645 0.035668 0.119687
10624 0.044794 0.905446 0.049759
10530 0.341892 0.192063 0.466045
10748 0.160049 0.789761 0.050190
10761 0.575129 0.294835 0.130035
36442 0.220150 0.471736 0.308114
11086 0.143715 0.710114 0.146170
11010 0.210142 0.267319 0.522539
11035 0.000000 0.027660 0.972340
11101 0.246153 0.418310 0.335537
11547 0.361434 0.308803 0.329763
11548 0.389540 0.476148 0.134312
11176 0.206633 0.234786 0.558581
10997 0.251210 0.570631 0.178158
11821 0.112064 0.373605 0.514331
11687 0.416355 0.154004 0.429641
11155 0.166429 0.083177 0.750394
11033 0.559525 0.344790 0.095686
11029 0.909430 0.056230 0.034341
11154 0.518089 0.087219 0.394692
10706 0.151972 0.007358 0.840670
11000 0.587731 0.125775 0.286494
10984 0.235658 0.151492 0.612850
11881 0.257295 0.439726 0.302979
11361 0.045830 0.079143 0.875027
22594 0.094563 0.445938 0.459498
21801 0.389741 0.340161 0.270098
17456 0.285668 0.429184 0.285148
17479 0.134653 0.539888 0.325459
20256 0.161556 0.314275 0.524169
19710 0.612424 0.206037 0.181538
20395 0.524386 0.174299 0.301315
17426 0.622799 0.345792 0.031409
18941 0.726096 0.061039 0.212866
19359 0.478429 0.269555 0.252015
19859 0.453837 0.401288 0.144875
19184 0.306497 0.319071 0.374432
20412 0.191331 0.356905 0.451764
21976 0.081641 0.759473 0.158885
22533 0.006308 0.654852 0.338840
20845 0.000000 0.602637 0.397363
18917 0.737862 0.040753 0.221384
19212 0.087306 0.148968 0.763726
21797 0.458791 0.353807 0.187402
21058 0.629634 0.260284 0.110082
21316 0.196004 0.040538 0.763457
22097 0.385181 0.184803 0.430016
20183 0.000187 0.917067 0.082746
20329 0.219896 0.051792 0.728312
20278 0.010406 0.743939 0.245656
19997 0.230426 0.719816 0.049758
22348 0.478802 0.325283 0.195915
22296 0.235834 0.397823 0.366343
20020 0.522743 0.278535 0.198722
21491 0.209593 0.269711 0.520696
21645 0.171901 0.782259 0.045840
22233 0.656250 0.095122 0.248628
21861 0.254843 0.370166 0.374991
21958 0.150989 0.679743 0.169268
22099 0.204962 0.000000 0.795038
21953 0.116562 0.090926 0.792512
22320 0.437115 0.298056 0.264830
21399 0.372031 0.329330 0.298639
21645 0.350303 0.346814 0.302883
22167 0.446005 0.277571 0.276424
21340 0.000000 0.654483 0.345517
21327 0.020722 0.090979 0.888300
17956 0.064446 0.813560 0.121994
21256 0.190526 0.196556 0.612918
22982 0.224252 0.301365 0.474383
21150 0.101034 0.462776 0.436190
21184 0.249971 0.326866 0.423163
20976 0.572831 0.144550 0.282619
21430 0.279909 0.256588 0.463503
20736 0.261086 0.582973 0.155941
20523 0.027820 0.692632 0.279548
20996 0.166290 0.560037 0.273672
23043 0.079818 0.229440 0.690742
23409 0.570760 0.332592 0.096648
22411 0.773251 0.118480 0.108269
21143 0.055817 0.564068 0.380115
21198 0.106820 0.718391 0.174789
21746 0.681208 0.063288 0.255505
22011 0.814821 0.134541 0.050638
21683 0.316666 0.337011 0.346323
21268 0.621017 0.060917 0.318066
21352 0.534809 0.095592 0.369599
21761 0.099260 0.656863 0.243876
23443 0.485445 0.414494 0.100061
22649 0.043134 0.162361 0.794504
21001 0.144755 0.507395 0.347850
21179 0.035439 0.000000 0.964561
17956 0.308438 0.200792 0.490769
20834 0.196682 0.414672 0.388645
20996 0.236806 0.717746 0.045448
21548 0.289532 0.023368 0.687101
21438 0.032498 0.640926 0.326575
22233 0.695199 0.101078 0.203723
22476 0.198330 0.701603 0.100067
22633 0.275890 0.631946 0.092164
22740 0.523993 0.376679 0.099328
22393 0.388743 0.447472 0.163785
21106 0.862008 0.037330 0.100662
21151 0.808795 0.029733 0.161472
21031 0.089964 0.605773 0.304263
21402 0.216338 0.137553 0.646109
21786 0.090640 0.433829 0.475531
21939 0.038999 0.505603 0.455398
20997 0.223060 0.721113 0.055827
22165 0.228951 0.324960 0.446089
21824 0.121947 0.074962 0.803090
21601 0.390665 0.126467 0.482869
22011 0.786483 0.023240 0.190277
21660 0.946711 0.014602 0.038687
21420 0.078045 0.333506 0.588450
20835 0.030145 0.551928 0.417926
15240 0.294939 0.466577 0.238484
16992 0.115347 0.301464 0.583189
17529 0.087223 0.381517 0.531261
17470 0.049720 0.417272 0.533008
17477 0.456399 0.503713 0.039888
15061 0.474689 0.175554 0.349758
15202 0.143647 0.653650 0.202703
14805 0.141332 0.251278 0.607390
15545 0.298241 0.611855 0.089904
35856 0.073431 0.426110 0.500459
36777 0.364496 0.209773 0.425731
36628 0.040843 0.244870 0.714287
36330 0.680160 0.098246 0.221594
9115 0.408794 0.352745 0.238460
8985 0.723566 0.248545 0.027888
8848 0.375669 0.050226 0.574105
8858 0.208256 0.622756 0.168988
10235 0.134405 0.207470 0.658125
38025 0.138986 0.723302 0.137712
38303 0.190773 0.049861 0.759366
38303 0.153229 0.446673 0.400098
18561 0.134135 0.082423 0.783442
18489 0.425704 0.233120 0.341176
18532 0.108262 0.567883 0.323855
22670 0.151493 0.026913 0.821594
20452 0.334156 0.338812 0.327032
20571 0.264411 0.010187 0.725403
20473 0.449861 0.515142 0.034997
20324 0.314116 0.081455 0.604429
21318 0.315790 0.485782 0.198428
20907 0.034237 0.451035 0.514728
21477 0.411687 0.539326 0.048987
21235 0.739158 0.047308 0.213534
22181 0.036284 0.338604 0.625112
22598 0.913678 0.049264 0.037058
21810 0.226853 0.360805 0.412342
21590 0.230884 0.533737 0.235379
20403 0.190559 0.714466 0.094975
21480 0.365302 0.073056 0.561642
20333 0.241728 0.683297 0.074975
19705 0.155562 0.765679 0.078759
18664 0.007532 0.406884 0.585584
17887 0.227657 0.666378 0.105965
20464 0.297763 0.299148 0.403089
21837 0.177246 0.793419 0.029334
22389 0.485613 0.410448 0.103939
22696 0.397831 0.107570 0.494599
22698 0.237515 0.574001 0.188484
21614 0.080767 0.286605 0.632628
22128 0.772857 0.077187 0.149956
20784 0.426190 0.407389 0.166421
20302 0.284106 0.047232 0.668662
22668 0.144904 0.553938 0.301158
18009 0.740417 0.225788 0.033795
21910 0.717510 0.173845 0.108646
22302 0.505761 0.037547 0.456692
22570 0.169815 0.685171 0.145014
20051 0.063738 0.085117 0.851145
20096 0.035279 0.200464 0.764257
20073 0.213947 0.172018 0.614036
20206 0.411577 0.381713 0.206710
20079 0.647913 0.298666 0.053420
19777 0.204582 0.026442 0.768976
20052 0.583620 0.271837 0.144543
20050 0.843420 0.000000 0.156580
20055 0.221504 0.415057 0.363439
18844 0.253038 0.741681 0.005281
18632 0.596038 0.380068 0.023894
18609 0.624518 0.124803 0.250679
20082 0.245228 0.386988 0.367785
20242 0.335729 0.336245 0.328025
20245 0.293530 0.640583 0.065887
19742 0.142549 0.725367 0.132084
21497 0.255805 0.682736 0.061459
22190 0.019586 0.771440 0.208974
21388 0.446498 0.199779 0.353723
20699 0.078488 0.899482 0.022030
20921 0.066843 0.823957 0.109200
17902 0.129742 0.223077 0.647180
22447 0.900232 0.056104 0.043664
21001 0.323278 0.647380 0.029342
21118 0.017475 0.455752 0.526773
22679 0.556049 0.280764 0.163187
22622 0.231747 0.350931 0.417322
22693 0.004729 0.641204 0.354067
22666 0.343872 0.503941 0.152187
22574 0.538622 0.155019 0.306359
23190 0.111562 0.461477 0.426962
22791 0.732058 0.102454 0.165488
22735 0.386773 0.110085 0.503143
19283 0.266451 0.012278 0.721270
19194 0.162973 0.730760 0.106267
19251 0.406578 0.478961 0.114461
19371 0.418009 0.006836 0.575155
21390 0.310212 0.190869 0.498919
20361 0.363580 0.372590 0.263831
19995 0.420292 0.420374 0.159334
20851 0.177832 0.304874 0.517293
21018 0.501623 0.486714 0.011664
21011 0.081666 0.575316 0.343018
20812 0.351038 0.441435 0.207526
20751 0.757512 0.205649 0.036839
20511 0.022288 0.436189 0.541522
20767 0.216338 0.580749 0.202913
20598 0.414549 0.251425 0.334025
21217 0.217085 0.093779 0.689136
21155 0.279008 0.541925 0.179066
21189 0.134432 0.082623 0.782945
29145 0.454051 0.522779 0.023170
18881 0.109396 0.393891 0.496714
19300 0.232655 0.202517 0.564828
18028 0.550128 0.000000 0.449872
18659 0.014752 0.532501 0.452747
18886 0.145677 0.589771 0.264552
19594 0.410696 0.402382 0.186922
17867 0.730176 0.149466 0.120358
19423 0.211539 0.594277 0.194184
20201 0.183334 0.076020 0.740646
19923 0.133986 0.067380 0.798633
20223 0.065729 0.197645 0.736626
19742 0.015826 0.984174 0.000000
18603 0.066677 0.918830 0.014493
19014 0.224046 0.588419 0.187534
19207 0.487269 0.304253 0.208478
18556 0.053424 0.107297 0.839279
18390 0.177439 0.178155 0.644406
19875 0.198615 0.510992 0.290393
19423 0.102650 0.107128 0.790222
20170 0.272785 0.309896 0.417319
20168 0.249367 0.575676 0.174957
19338 0.821793 0.113942 0.064264
19215 0.557564 0.106169 0.336268
18963 0.161293 0.286379 0.552327
18771 0.081851 0.815997 0.102152
18887 0.094654 0.733533 0.171814
18805 0.653601 0.023467 0.322932
18757 0.001838 0.361627 0.636535
18601 0.131777 0.477811 0.390412
19514 0.483494 0.443147 0.073359
19851 0.551717 0.110082 0.338201
20097 0.221993 0.051833 0.726174
19344 0.292713 0.485337 0.221950
19261 0.041364 0.716503 0.242132
20366 0.224428 0.543421 0.232151
21102 0.221578 0.127112 0.651310
29312 0.218508 0.396167 0.385324
29173 0.288420 0.000000 0.711580
17858 0.068944 0.721777 0.209279
19643 0.472660 0.102491 0.424848
19838 0.030336 0.541181 0.428484
11025 0.291936 0.547118 0.160947
10653 0.523009 0.153773 0.323218
3434 0.199323 0.371111 0.429565
3426 0.427605 0.374283 0.198112
3421 0.288390 0.475355 0.236256
17906 0.020546 0.407423 0.572031
17918 0.032634 0.376005 0.591361
21611 0.601108 0.341021 0.057871
21182 0.357029 0.250218 0.392753
23435 0.414965 0.245185 0.339850
10186 0.055874 0.177793 0.766334
10143 0.472583 0.059247 0.468170
9626 0.247035 0.403770 0.349195
9890 0.217388 0.434909 0.347703
9726 0.111686 0.876214 0.012100
36814 0.346041 0.576779 0.077179
36800 0.518916 0.215794 0.265290
35850 0.301370 0.625721 0.072908
36429 0.144054 0.545954 0.309992
36849 0.692517 0.126507 0.180976
36005 0.000000 0.608586 0.391414
35993 0.745193 0.186938 0.067869
11388 0.702418 0.174787 0.122795
11375 0.175641 0.211366 0.612993
11547 0.338815 0.629739 0.031446
22470 0.614734 0.094231 0.291035
36485 0.417391 0.267036 0.315573
35885 0.487980 0.169654 0.342366
35810 0.176608 0.730236 0.093157
35893 0.099713 0.072960 0.827326
20176 0.202805 0.072366 0.724829
22442 0.000000 0.410642 0.589358
17330 0.307241 0.204730 0.488029
17322 0.248971 0.744134 0.006895
17295 0.056467 0.475526 0.468008
17218 0.279219 0.695182 0.025599
17471 0.611431 0.054305 0.334264
17441 0.549712 0.172177 0.278111
17438 0.423769 0.489914 0.086317
17384 0.873221 0.000000 0.126779
17352 0.557854 0.000000 0.442146
17405 0.710726 0.250270 0.039003
19401 0.398814 0.448533 0.152653
19198 0.525171 0.273235 0.201594
19567 0.041399 0.866026 0.092575
20263 0.406402 0.229012 0.364586
17836 0.690973 0.180283 0.128744
17228 0.049556 0.750473 0.199971
17234 0.113823 0.492926 0.393251
17218 0.007955 0.263797 0.728248
17224 0.347579 0.039314 0.613108
17283 0.902578 0.092751 0.004670
8906 0.293036 0.242514 0.464450
8833 0.569758 0.368537 0.061705
20383 0.003366 0.433908 0.562727
18609 0.408982 0.251575 0.339443
20023 0.376063 0.367942 0.255994
20371 0.828714 0.134582 0.036704
20216 0.805080 0.015742 0.179178
20431 0.219618 0.119206 0.661176
21056 0.337423 0.554374 0.108203
21278 0.554243 0.027065 0.418692
36320 0.447070 0.442330 0.110601
22202 0.757624 0.165902 0.076474
22717 0.046822 0.576669 0.376508
16948 0.127605 0.013878 0.858516
21641 0.275297 0.314469 0.410234
20292 0.558466 0.280732 0.160801
23320 0.688967 0.156208 0.154825
22973 0.392066 0.206612 0.401321
23029 0.511645 0.301741 0.186614
23443 0.453964 0.098357 0.447679
21139 0.481875 0.376719 0.141406
21166 0.215367 0.502066 0.282567
20724 0.088098 0.638771 0.273131
21613 0.309465 0.013500 0.677034
20391 0.136316 0.432119 0.431566
20681 0.082634 0.591687 0.325679
20947 0.254538 0.541721 0.203741
22177 0.162237 0.568198 0.269565
18964 0.434750 0.024008 0.541243
20287 0.019116 0.475062 0.505822
20330 0.683316 0.113769 0.202915
20151 0.661508 0.111904 0.226588
20239 0.057506 0.598724 0.343770
20151 0.511606 0.237401 0.250993
20399 0.261808 0.716411 0.021781
23401 0.400837 0.530446 0.068716
37204 0.026835 0.376776 0.596388
37136 0.135178 0.802559 0.062263
36890 0.357154 0.290622 0.352224
36938 0.762342 0.063615 0.174043
36870 0.133656 0.092981 0.773363
36899 0.811524 0.010606 0.177870
36884 0.543786 0.422508 0.033705
36956 0.235789 0.674282 0.089928
37625 0.468086 0.042300 0.489614
37153 0.108291 0.240387 0.651322
36829 0.900284 0.074266 0.025450
36855 0.016416 0.539444 0.444140
11612 0.321890 0.569177 0.108933
11612 0.011028 0.071817 0.917154
11150 0.282566 0.339169 0.378265
10712 0.045276 0.777255 0.177469
36746 0.228693 0.151801 0.619506
36753 0.007700 0.741598 0.250702
11123 0.239536 0.613092 0.147373
11125 0.196828 0.155716 0.647456
10929 0.167903 0.687009 0.145088
10926 0.137507 0.527185 0.335309
