8449 0.538034 0.308593 0.153372
3247 0.765396 0.141149 0.093455
379 0.318199 0.076178 0.605622
259 0.161861 0.028315 0.809824
8288 0.438615 0.347935 0.213450
4122 0.164040 0.514516 0.321444
3218 0.254032 0.485237 0.260731
73 0.333889 0.023536 0.642575
1310 0.164330 0.312795 0.522874
8510 0.165773 0.605107 0.229120
8648 0.076936 0.758198 0.164866
3777 0.000000 0.358619 0.641381
4550 0.013096 0.072932 0.913972
4067 0.081446 0.740066 0.178489
5570 0.180165 0.426755 0.393080
3801 0.729679 0.010789 0.259532
1181 0.553249 0.186076 0.260675
237 0.759623 0.125340 0.115037
1381 0.005114 0.976156 0.018730
1382 0.026113 0.012926 0.960960
3183 0.050619 0.145404 0.803978
1143 0.069126 0.503416 0.427458
3275 0.404353 0.584269 0.011379
496 0.260803 0.015724 0.723473
8564 0.815488 0.155251 0.029261
8651 0.178497 0.361490 0.460013
4121 0.322967 0.179034 0.497999
4562 0.059366 0.033608 0.907026
8668 0.045340 0.406029 0.548631
3777 0.000000 0.369308 0.630692
3709 0.200713 0.354605 0.444682
4129 0.573882 0.198611 0.227507
4551 0.070080 0.444907 0.485012
64 0.000327 0.637808 0.361866
377 0.217961 0.301161 0.480878
391 0.159615 0.516398 0.323987
1005 0.352697 0.402316 0.244987
1384 0.037984 0.491693 0.470323
354 0.820597 0.129032 0.050372
489 0.328369 0.304420 0.367211
347 0.444798 0.285612 0.269590
370 0.001641 0.343480 0.654879
48 0.275886 0.066102 0.658012
54 0.072244 0.539711 0.388045
373 0.113078 0.180712 0.706210
417 0.041819 0.938007 0.020174
405 0.069405 0.032451 0.898143
1017 0.612337 0.287267 0.100397
398 0.783394 0.089326 0.127280
172 0.031630 0.187630 0.780740
105 0.150064 0.075294 0.774642
8300 0.242643 0.606083 0.151274
8297 0.266330 0.651142 0.082528
763 0.000000 0.115055 0.884945
1593 0.001215 0.114289 0.884496
338 0.001027 0.976847 0.022126
127 0.097046 0.664589 0.238365
126 0.544278 0.309528 0.146194
852 0.016300 0.163228 0.820472
792 0.179549 0.353792 0.466659
3059 0.403515 0.070124 0.526360
3030 0.653304 0.137433 0.209263
129 0.676139 0.090381 0.233480
6 0.288764 0.269351 0.441884
130 0.488742 0.076160 0.435098
134 0.034311 0.496218 0.469471
3073 0.342184 0.191275 0.466541
3068 0.454813 0.406682 0.138505
3069 0.157522 0.781560 0.060918
3372 0.022827 0.928485 0.048688
1471 0.755727 0.229211 0.015063
1652 0.280143 0.126827 0.593030
1680 0.039439 0.259425 0.701136
1545 0.619608 0.182847 0.197545
766 0.385355 0.560895 0.053750
1607 0.053766 0.683727 0.262507
1613 0.064656 0.713095 0.222249
754 0.298360 0.701640 0.000000
1594 0.678617 0.207735 0.113648
1564 0.499351 0.297169 0.203481
744 0.263054 0.677391 0.059556
1660 0.573232 0.366213 0.060556
1665 0.505770 0.459215 0.035015
1552 0.206223 0.683617 0.110160
1526 0.141003 0.618509 0.240488
6422 0.417593 0.066122 0.516285
6435 0.561112 0.266461 0.172427
6274 0.163669 0.070410 0.765922
6273 0.068600 0.269615 0.661784
72 0.158417 0.504787 0.336796
6279 0.663279 0.178507 0.158213
6282 0.007443 0.533576 0.458981
74 0.250370 0.678316 0.071314
6719 0.517621 0.073430 0.408948
6708 0.436414 0.366374 0.197212
6710 0.341792 0.451835 0.206373
6721 0.471028 0.208017 0.320955
6614 0.372004 0.618259 0.009738
6594 0.471281 0.173294 0.355425
6621 0.769051 0.169452 0.061497
6626 0.413391 0.189421 0.397188
6492 0.437806 0.531666 0.030528
6518 0.303653 0.621938 0.074409
6464 0.176235 0.644879 0.178887
6482 0.766817 0.116615 0.116568
6480 0.156434 0.697283 0.146283
6634 0.298260 0.149116 0.552624
6754 0.305645 0.435155 0.259200
6754 0.047378 0.789068 0.163554
775 0.558882 0.115483 0.325635
691 0.132057 0.037661 0.830282
697 0.088006 0.113350 0.798644
1435 0.100629 0.459067 0.440304
3335 0.288842 0.662112 0.049046
3366 0.244291 0.323105 0.432604
3338 0.491265 0.312885 0.195850
3324 0.544535 0.298458 0.157007
3326 0.303810 0.057732 0.638457
3327 0.726958 0.021145 0.251896
3247 0.072079 0.213402 0.714518
3329 0.263400 0.576121 0.160479
804 0.356075 0.553186 0.090739
3116 0.424442 0.166668 0.408891
844 0.097859 0.529950 0.372192
874 0.716489 0.278599 0.004912
796 0.015318 0.327864 0.656818
798 0.544603 0.043096 0.412301
3047 0.342197 0.274875 0.382929
3050 0.236794 0.499308 0.263898
3296 0.122701 0.645837 0.231462
3287 0.798659 0.168463 0.032878
4305 0.344275 0.436079 0.219646
3686 0.388175 0.045819 0.566006
3688 0.115098 0.496361 0.388541
3248 0.418604 0.560529 0.020867
1022 0.097142 0.154260 0.748597
1043 0.386593 0.253478 0.359929
959 0.505556 0.080418 0.414025
789 0.088872 0.152948 0.758180
32 0.584009 0.116803 0.299188
1 0.151665 0.579182 0.269153
6301 0.759063 0.167868 0.073069
30 0.622467 0.375863 0.001670
814 0.063595 0.331605 0.604800
1000 0.697823 0.144615 0.157561
3092 0.757052 0.112620 0.130328
3095 0.190207 0.104259 0.705534
5843 0.259193 0.647721 0.093086
5819 0.098466 0.137625 0.763909
5826 0.599998 0.151079 0.248924
5843 0.362233 0.574284 0.063483
3693 0.527793 0.240367 0.231839
3719 0.209351 0.136087 0.654562
3719 0.002916 0.189675 0.807409
3693 0.289097 0.704528 0.006375
4069 0.065917 0.919957 0.014126
4071 0.424424 0.026543 0.549032
4085 0.444430 0.388861 0.166709
4083 0.840821 0.028827 0.130352
4321 0.461319 0.087399 0.451282
4073 0.739824 0.169461 0.090715
4075 0.099381 0.639749 0.260870
4258 0.037754 0.914341 0.047905
3797 0.398811 0.026042 0.575147
4213 0.730444 0.127196 0.142360
3800 0.094718 0.084794 0.820488
443 0.082560 0.689323 0.228117
427 0.264911 0.053872 0.681217
419 0.161974 0.451498 0.386528
3913 0.000000 0.877227 0.122773
3592 0.593346 0.406654 0.000000
3903 0.000000 0.371047 0.628953
3903 0.024218 0.531583 0.444199
6312 0.023154 0.664113 0.312733
6294 0.391585 0.528149 0.080266
6303 0.698533 0.164445 0.137022
6451 0.124684 0.240280 0.635036
6308 0.335853 0.566824 0.097323
6310 0.305208 0.652690 0.042103
6335 0.288749 0.247454 0.463797
109 0.014732 0.231798 0.753470
1556 0.118101 0.799848 0.082051
1513 0.454997 0.066810 0.478194
1521 0.237663 0.129060 0.633277
991 0.382303 0.333518 0.284178
3061 0.512753 0.403217 0.084031
3127 0.074397 0.666683 0.258921
986 0.363224 0.265720 0.371056
3308 0.036078 0.010977 0.952945
3055 0.481374 0.139401 0.379225
3311 0.494648 0.048486 0.456866
3702 0.071967 0.716592 0.211441
103 0.151008 0.771023 0.077969
9 0.205206 0.366854 0.427940
8 0.515900 0.153844 0.330255
137 0.544757 0.052865 0.402378
994 0.568352 0.317099 0.114550
984 0.546090 0.253976 0.199934
1048 0.787495 0.021636 0.190868
781 0.841281 0.038637 0.120082
5831 0.473460 0.480387 0.046154
5833 0.000000 0.647037 0.352963
5840 0.246912 0.258181 0.494908
5838 0.301869 0.364505 0.333626
4272 0.203790 0.528749 0.267461
4314 0.028447 0.677290 0.294263
4313 0.237907 0.706973 0.055120
3738 0.145730 0.744782 0.109488
26 0.210344 0.313318 0.476338
186 0.250187 0.619916 0.129897
3330 0.841491 0.038528 0.119981
3374 0.000000 0.979500 0.020500
3332 0.714570 0.100347 0.185083
3201 0.720373 0.104091 0.175536
3075 0.032747 0.033062 0.934191
117 0.370389 0.367330 0.262281
338 0.052923 0.291334 0.655742
110 0.076469 0.666186 0.257345
6242 0.166754 0.430417 0.402829
6258 0.540494 0.111466 0.348040
6620 0.245443 0.746241 0.008315
6574 0.138944 0.142406 0.718650
6522 0.381502 0.591507 0.026991
6522 0.382615 0.059349 0.558036
133 0.424730 0.243027 0.332243
123 0.528818 0.165152 0.306029
125 0.724850 0.132361 0.142789
234 0.849416 0.149079 0.001505
468 0.182371 0.270577 0.547052
464 0.256064 0.483599 0.260336
454 0.131909 0.651453 0.216639
458 0.042047 0.353545 0.604408
1503 0.430556 0.260300 0.309144
912 0.106952 0.550388 0.342660
902 0.241116 0.521290 0.237594
1495 0.150408 0.783349 0.066243
827 0.243415 0.421207 0.335378
926 0.120788 0.609758 0.269454
936 0.145364 0.223253 0.631383
3345 0.730366 0.181470 0.088165
969 0.270315 0.547817 0.181868
968 0.638497 0.211988 0.149515
983 0.444175 0.119088 0.436737
982 0.760983 0.084826 0.154192
6413 0.060881 0.218979 0.720140
6407 0.369322 0.189435 0.441244
6386 0.267478 0.520373 0.212149
6390 0.732302 0.122369 0.145329
4091 0.190921 0.668230 0.140849
4095 0.089499 0.323107 0.587394
4150 0.236171 0.015550 0.748279
4167 0.756438 0.094752 0.148810
5343 0.899583 0.000000 0.100417
4135 0.489121 0.408125 0.102754
4034 0.626486 0.129068 0.244446
4288 0.373159 0.207556 0.419284
4291 0.143795 0.770107 0.086098
4036 0.119486 0.021329 0.859184
5239 0.023182 0.699444 0.277374
5285 0.739953 0.026189 0.233858
5214 0.081443 0.707698 0.210859
3587 0.612923 0.387077 0.000000
5299 0.678271 0.000000 0.321729
5305 0.246358 0.000000 0.753642
6657 0.405448 0.351925 0.242628
6747 0.240087 0.358538 0.401375
6681 0.217773 0.753689 0.028539
6659 0.454951 0.259777 0.285271
6652 0.567889 0.233391 0.198720
6646 0.209044 0.179059 0.611897
6649 0.228412 0.305249 0.466339
6730 0.767697 0.174225 0.058078
6725 0.230215 0.285457 0.484328
6714 0.590536 0.345917 0.063546
6674 0.321729 0.510686 0.167585
6672 0.282765 0.281549 0.435686
6663 0.550241 0.057173 0.392586
6665 0.450897 0.039106 0.509997
6484 0.401897 0.164614 0.433489
6483 0.051688 0.315649 0.632664
6608 0.227553 0.281655 0.490792
6485 0.388640 0.061578 0.549783
6496 0.243009 0.707818 0.049173
6488 0.396527 0.437655 0.165818
6498 0.241907 0.749264 0.008829
6576 0.691284 0.074615 0.234101
6577 0.866374 0.072422 0.061204
6598 0.623719 0.273171 0.103110
6596 0.543550 0.342099 0.114351
6511 0.612247 0.267605 0.120148
6525 0.766189 0.202910 0.030902
6505 0.104038 0.426706 0.469256
6516 0.388587 0.484215 0.127198
2048 0.253989 0.446657 0.299354
2053 0.334444 0.435128 0.230428
2177 0.327075 0.354825 0.318100
2175 0.679908 0.032712 0.287380
1725 0.122318 0.396224 0.481457
1710 0.453047 0.076565 0.470389
1712 0.161174 0.816335 0.022491
1726 0.218772 0.024523 0.756705
2195 0.183818 0.206446 0.609737
2066 0.003060 0.283847 0.713093
2171 0.139237 0.661020 0.199744
2197 0.000869 0.299785 0.699346
1772 0.203083 0.433472 0.363445
1772 0.469596 0.034067 0.496336
1786 0.045186 0.505905 0.448909
1785 0.248686 0.217247 0.534068
1681 0.635494 0.125163 0.239342
1642 0.386491 0.412361 0.201148
1578 0.331904 0.666431 0.001665
1603 0.200766 0.741007 0.058227
1719 0.082687 0.207754 0.709559
1567 0.007899 0.904050 0.088050
1739 0.256886 0.310782 0.432332
1731 0.366871 0.607304 0.025825
1622 0.024388 0.264914 0.710698
1648 0.204452 0.745221 0.050328
1648 0.016684 0.058590 0.924726
1622 0.119241 0.593554 0.287205
1784 0.345409 0.237536 0.417054
1776 0.144215 0.388735 0.467050
1640 0.269067 0.577250 0.153684
1636 0.232268 0.589364 0.178367
363 0.496946 0.073689 0.429365
731 0.282328 0.495325 0.222347
739 0.493600 0.203276 0.303124
1007 0.033529 0.340191 0.626280
473 0.245845 0.191960 0.562195
487 0.231746 0.157531 0.610723
725 0.006578 0.694236 0.299186
1051 0.390234 0.505120 0.104645
359 0.585283 0.274286 0.140431
727 0.754941 0.157796 0.087262
725 0.409969 0.083397 0.506633
352 0.754392 0.143476 0.102132
1017 0.054587 0.144090 0.801323
420 0.060118 0.655199 0.284683
1031 0.483265 0.430708 0.086027
501 0.261055 0.735593 0.003353
1054 0.128088 0.722908 0.149004
1035 0.063974 0.652865 0.283161
450 0.079807 0.296610 0.623583
378 0.009009 0.245654 0.745337
361 0.720245 0.088218 0.191537
397 0.176714 0.287967 0.535320
408 0.095953 0.048226 0.855820
121 0.149012 0.427820 0.423168
3366 0.020080 0.841922 0.137998
3371 0.078312 0.740746 0.180941
1601 0.276983 0.241810 0.481207
707 0.466147 0.231958 0.301895
1469 0.000000 0.128779 0.871221
1649 0.073809 0.784767 0.141424
1549 0.255024 0.653028 0.091949
734 0.292752 0.202790 0.504458
2217 0.279696 0.097733 0.622571
2161 0.020066 0.617476 0.362458
2083 0.720299 0.274319 0.005381
2183 0.288129 0.157678 0.554192
1562 0.141601 0.753620 0.104780
3043 0.281143 0.358160 0.360697
1 0.872019 0.121660 0.006321
6250 0.305423 0.477308 0.217269
3100 0.540770 0.010788 0.448442
3070 0.029442 0.616460 0.354098
5818 0.071419 0.648997 0.279584
5818 0.172373 0.736229 0.091398
115 0.637852 0.129223 0.232925
113 0.626843 0.170619 0.202538
4152 0.873733 0.108740 0.017528
4164 0.520072 0.061595 0.418332
5226 0.763463 0.179911 0.056627
5218 0.472596 0.347146 0.180258
5241 0.864736 0.120529 0.014735
5289 0.048473 0.285223 0.666304
5316 0.191742 0.647913 0.160345
6971 0.007583 0.484620 0.507797
7142 0.590912 0.020506 0.388581
6601 0.032930 0.775653 0.191417
6612 0.264399 0.399446 0.336155
6754 0.052179 0.686304 0.261517
6524 0.477161 0.255793 0.267045
1761 0.432559 0.375366 0.192076
1730 0.700860 0.142030 0.157110
1730 0.145921 0.247993 0.606086
1759 0.019588 0.622430 0.357982
1736 0.236841 0.204117 0.559042
1724 0.449668 0.190395 0.359937
1768 0.187037 0.212353 0.600610
1790 0.273203 0.703848 0.022950
1644 0.538960 0.423446 0.037594
1575 0.158639 0.427884 0.413476
1624 0.022419 0.507778 0.469804
759 0.483129 0.400518 0.116353
830 0.018533 0.199666 0.781801
892 0.488935 0.090120 0.420944
878 0.062482 0.877867 0.059651
961 0.030364 0.727481 0.242155
3031 0.024448 0.849260 0.126292
3071 0.522029 0.460635 0.017336
1614 0.860780 0.120625 0.018596
1606 0.142919 0.103002 0.754080
1669 0.623426 0.112572 0.264002
1661 0.222582 0.727236 0.050183
1654 0.562562 0.367954 0.069484
1658 0.079159 0.802922 0.117918
1925 0.923639 0.064492 0.011869
1968 0.206673 0.726883 0.066444
1971 0.002012 0.554691 0.443297
1976 0.034077 0.844724 0.121200
2153 0.278643 0.639494 0.081863
2064 0.345977 0.089880 0.564143
2065 0.924539 0.021549 0.053911
2038 0.139730 0.748423 0.111847
1485 0.543031 0.174681 0.282288
1478 0.113840 0.382483 0.503676
1529 0.739408 0.127245 0.133348
3075 0.724689 0.255716 0.019595
1483 0.103567 0.363439 0.532994
890 0.007449 0.754061 0.238491
887 0.041976 0.780637 0.177387
889 0.726802 0.230044 0.043154
911 0.295966 0.506621 0.197413
917 0.012649 0.539377 0.447974
1722 0.089702 0.705327 0.204971
1723 0.036905 0.822042 0.141054
1720 0.202366 0.268917 0.528717
2173 0.434445 0.493962 0.071593
2196 0.016493 0.578090 0.405417
1774 0.252037 0.735823 0.012141
1763 0.222770 0.634556 0.142675
1766 0.258500 0.723079 0.018421
1765 0.081563 0.606767 0.311669
1749 0.074167 0.201315 0.724518
2058 0.455734 0.474423 0.069844
1742 0.553654 0.131605 0.314741
1579 0.572768 0.032652 0.394581
1716 0.631553 0.118297 0.250150
1618 0.329333 0.334575 0.336093
1584 0.636446 0.094127 0.269427
1573 0.141648 0.535964 0.322388
1598 0.211128 0.194986 0.593886
1629 0.211896 0.720080 0.068024
1625 0.447413 0.491316 0.061270
1787 0.868582 0.106915 0.024503
1638 0.217511 0.393745 0.388744
1676 0.628366 0.156780 0.214854
1671 0.536944 0.444334 0.018722
1634 0.302893 0.352459 0.344647
111 0.030551 0.605386 0.364063
337 0.183496 0.064784 0.751720
8294 0.421329 0.309427 0.269244
8307 0.013086 0.910106 0.076807
101 0.554171 0.127352 0.318477
8295 0.108967 0.185517 0.705515
8297 0.114213 0.034431 0.851356
8294 0.098400 0.215254 0.686345
8295 0.536137 0.137086 0.326777
8291 0.172557 0.368099 0.459343
8280 0.448298 0.496626 0.055077
8316 0.305983 0.526327 0.167690
8315 0.266761 0.696060 0.037179
8381 0.263658 0.009003 0.727338
8395 0.845735 0.014882 0.139382
8413 0.739936 0.072466 0.187598
8483 0.037540 0.442460 0.520000
8466 0.531688 0.298008 0.170304
8492 0.658581 0.101705 0.239714
8604 0.314232 0.244262 0.441506
8603 0.389351 0.431680 0.178968
8555 0.668495 0.047248 0.284258
8603 0.531832 0.007568 0.460600
8566 0.373092 0.203132 0.423777
8571 0.239293 0.475416 0.285292
1627 0.369654 0.630346 0.000000
1622 0.894485 0.040905 0.064610
1632 0.028512 0.172152 0.799336
1568 0.543876 0.126684 0.329439
1583 0.197428 0.426041 0.376531
1582 0.520194 0.136964 0.342842
1630 0.162700 0.109439 0.727861
1630 0.051886 0.831483 0.116632
1571 0.139162 0.519391 0.341446
1626 0.084062 0.784199 0.131739
3693 0.104969 0.195516 0.699515
3767 0.000000 0.519205 0.480795
3767 0.000000 0.595527 0.404473
5866 0.090734 0.161922 0.747344
5868 0.259515 0.234312 0.506173
5875 0.374407 0.260087 0.365506
5847 0.666384 0.103188 0.230427
3768 0.046462 0.448817 0.504721
5805 0.860071 0.089058 0.050870
5812 0.042784 0.322138 0.635078
5799 0.123039 0.591018 0.285942
5807 0.083143 0.511957 0.404900
5963 0.627571 0.305933 0.066496
5940 0.053601 0.175652 0.770747
6000 0.338155 0.428351 0.233494
5981 0.311420 0.226222 0.462358
5983 0.161157 0.043639 0.795204
5986 0.124691 0.868586 0.006724
5923 0.000000 0.596536 0.403464
3737 0.371042 0.493517 0.135441
4307 0.221647 0.434962 0.343391
4307 0.519471 0.417388 0.063142
5922 0.317668 0.250282 0.432050
5819 0.775045 0.177209 0.047745
5840 0.713040 0.120688 0.166272
5811 0.065222 0.292629 0.642149
5815 0.499712 0.036504 0.463784
5849 0.727472 0.014227 0.258301
5937 0.000000 0.256402 0.743598
5998 0.131391 0.080434 0.788175
5974 0.014427 0.224179 0.761394
5887 0.131608 0.756137 0.112255
5806 0.217002 0.534457 0.248541
5820 0.000000 0.596256 0.403744
5819 0.323372 0.614576 0.062052
5818 0.568843 0.260319 0.170838
5815 0.393556 0.530920 0.075523
5816 0.883282 0.076598 0.040120
5851 0.881024 0.023035 0.095941
5824 0.412432 0.201591 0.385977
5823 0.491446 0.274382 0.234172
5851 0.525839 0.041482 0.432679
5981 0.846277 0.001467 0.152257
5946 0.516416 0.249443 0.234141
5900 0.144889 0.646160 0.208952
5782 0.152350 0.459274 0.388376
3741 0.117725 0.647277 0.234998
4360 0.227630 0.056962 0.715408
4307 0.297526 0.617719 0.084755
4308 0.062674 0.108911 0.828416
4307 0.155778 0.691264 0.152958
4308 0.184669 0.672716 0.142615
4306 0.441034 0.084250 0.474716
5806 0.283399 0.714989 0.001612
5831 0.476033 0.406541 0.117425
5833 0.630063 0.070711 0.299226
5857 0.128566 0.871434 0.000000
5855 0.056534 0.567406 0.376061
5823 0.136680 0.676447 0.186873
5824 0.370356 0.334702 0.294942
5851 0.674874 0.324029 0.001097
5824 0.319909 0.430615 0.249476
5803 0.568099 0.261819 0.170082
5869 0.073098 0.025159 0.901743
4318 0.581739 0.171586 0.246675
5801 0.454151 0.347060 0.198789
5887 0.215702 0.025475 0.758823
5833 0.388916 0.377166 0.233918
5929 0.529370 0.157262 0.313368
5854 0.541221 0.092070 0.366709
6684 0.207194 0.053815 0.738991
6678 0.126915 0.169350 0.703735
6711 0.098636 0.894041 0.007324
7183 0.646729 0.344789 0.008482
6955 0.497705 0.146433 0.355862
7150 0.034765 0.890220 0.075016
7152 0.563302 0.358670 0.078028
7126 0.256284 0.713740 0.029976
7097 0.553741 0.387047 0.059212
7021 0.110424 0.889576 0.000000
7123 0.294181 0.521582 0.184237
7204 0.077308 0.914613 0.008079
7119 0.103011 0.013948 0.883041
7121 0.284509 0.000000 0.715491
7248 0.514601 0.318667 0.166733
6866 0.132223 0.242991 0.624786
6921 0.733730 0.093696 0.172574
6822 0.732710 0.114521 0.152768
6895 0.952467 0.017380 0.030152
6731 0.289715 0.509770 0.200516
6743 0.201737 0.636708 0.161555
34 0.081108 0.333823 0.585068
69 0.545598 0.063344 0.391058
82 0.290575 0.109325 0.600100
79 0.079250 0.318662 0.602089
86 0.536985 0.147447 0.315568
475 0.585333 0.344384 0.070283
52 0.014710 0.270889 0.714401
422 0.216494 0.657429 0.126076
166 0.366193 0.335689 0.298118
149 0.574828 0.305418 0.119755
462 0.326884 0.403142 0.269974
452 0.112692 0.130605 0.756704
185 0.199083 0.457894 0.343023
483 0.455808 0.338996 0.205196
171 0.083140 0.776192 0.140668
147 0.197605 0.107011 0.695384
408 0.159113 0.836180 0.004708
4380 0.318083 0.459773 0.222144
3983 0.111055 0.679360 0.209584
4273 0.597632 0.357236 0.045132
4251 0.228482 0.579342 0.192176
4317 0.290101 0.208918 0.500981
4052 0.131448 0.779833 0.088719
3935 0.025796 0.037398 0.936807
4262 0.359728 0.264934 0.375338
4255 0.772372 0.065844 0.161783
3733 0.217178 0.430876 0.351946
4361 0.490830 0.448861 0.060309
3740 0.244108 0.104928 0.650964
2193 0.356076 0.070228 0.573696
2224 0.254226 0.441558 0.304216
2067 0.451883 0.042228 0.505889
1976 0.264715 0.132568 0.602717
1979 0.609617 0.174645 0.215738
1898 0.263451 0.736549 0.000000
2003 0.228388 0.614387 0.157226
2204 0.030613 0.047563 0.921824
2123 0.490250 0.124823 0.384927
1980 0.051954 0.825318 0.122728
2181 0.219541 0.562143 0.218316
1957 0.444599 0.212060 0.343341
2157 0.187449 0.139363 0.673188
2114 0.306683 0.083193 0.610124
2082 0.365458 0.137445 0.497097
2161 0.331610 0.634641 0.033749
2164 0.547059 0.000000 0.452941
2081 0.058051 0.751096 0.190854
1792 0.111837 0.036649 0.851515
2180 0.453675 0.167582 0.378743
2218 0.367112 0.040525 0.592363
2134 0.167325 0.117017 0.715658
2204 0.032904 0.597280 0.369816
2085 0.009902 0.405450 0.584648
2084 0.117421 0.164226 0.718354
1976 0.329956 0.428719 0.241325
1972 0.401708 0.139578 0.458714
1976 0.689827 0.243576 0.066598
1976 0.043936 0.531063 0.425001
2001 0.114122 0.157534 0.728344
2003 0.083443 0.371975 0.544582
2075 0.237567 0.058706 0.703727
2075 0.407838 0.170265 0.421897
2189 0.193155 0.481610 0.325235
2187 0.882997 0.009114 0.107888
3834 0.322441 0.507279 0.170280
3933 0.714535 0.084891 0.200574
3962 0.329292 0.512642 0.158065
3937 0.770525 0.177118 0.052357
3725 0.418243 0.042897 0.538861
4216 0.347761 0.505786 0.146453
4057 0.000003 0.803468 0.196529
3724 0.016069 0.556659 0.427272
3938 0.657586 0.272209 0.070206
4030 0.213174 0.652213 0.134613
4223 0.353641 0.340052 0.306307
3941 0.576703 0.401708 0.021589
4281 0.268974 0.006220 0.724806
4373 0.337745 0.550435 0.111821
3970 0.375249 0.028980 0.595771
4231 0.362393 0.074225 0.563382
5605 0.105094 0.150934 0.743972
5558 0.134381 0.593138 0.272481
3676 0.325709 0.214832 0.459458
5556 0.113802 0.554172 0.332026
3904 0.320042 0.666983 0.012975
3907 0.191782 0.621596 0.186622
3907 0.265105 0.085353 0.649542
1894 0.683343 0.121631 0.195026
1883 0.575327 0.086630 0.338043
2016 0.140948 0.674531 0.184521
1897 0.250343 0.119606 0.630050
1921 0.112714 0.671005 0.216281
1921 0.613875 0.306715 0.079411
1827 0.469309 0.473684 0.057008
1948 0.027705 0.350638 0.621657
2061 0.679452 0.076403 0.244144
2175 0.139812 0.764994 0.095194
2226 0.319108 0.322869 0.358023
2167 0.337359 0.603670 0.058971
1953 0.588921 0.080017 0.331061
1835 0.339603 0.225159 0.435238
1977 0.835498 0.031787 0.132715
1950 0.375486 0.440246 0.184269
2130 0.158743 0.049008 0.792249
2217 0.168669 0.752268 0.079062
2157 0.485128 0.237937 0.276935
2102 0.403222 0.426419 0.170359
2038 0.834074 0.139210 0.026716
2038 0.647371 0.273949 0.078680
2164 0.523109 0.121226 0.355665
2164 0.516808 0.139846 0.343347
5801 0.783314 0.073393 0.143293
5889 0.789031 0.093184 0.117785
5805 0.195320 0.565524 0.239156
5938 0.271776 0.626026 0.102198
5802 0.158864 0.528932 0.312205
3932 0.846404 0.095736 0.057860
4218 0.111242 0.575899 0.312859
4218 0.049403 0.409420 0.541177
3962 0.894914 0.040283 0.064804
4359 0.109365 0.702978 0.187657
3831 0.654389 0.139996 0.205615
4356 0.465111 0.255906 0.278983
3932 0.137642 0.848985 0.013373
4350 0.342803 0.296839 0.360358
4341 0.299634 0.237035 0.463331
4341 0.778246 0.028197 0.193557
4350 0.501311 0.162793 0.335896
4029 0.000000 0.987374 0.012626
4297 0.702336 0.100763 0.196902
4297 0.029838 0.093752 0.876410
4297 0.135517 0.795379 0.069103
3986 0.356755 0.493342 0.149903
4244 0.668013 0.242182 0.089805
4054 0.147995 0.081764 0.770241
4055 0.053111 0.092246 0.854643
4055 0.474318 0.382004 0.143678
4054 0.092629 0.787411 0.119960
4056 0.446211 0.136589 0.417199
3724 0.474513 0.504575 0.020912
4056 0.026995 0.213971 0.759034
4359 0.240008 0.465463 0.294529
4356 0.141061 0.200904 0.658035
4054 0.017895 0.830847 0.151258
4370 0.240244 0.642636 0.117121
4363 0.397431 0.366392 0.236177
4055 0.458856 0.316714 0.224430
8287 0.026150 0.956493 0.017357
8308 0.001868 0.780081 0.218051
8401 0.064445 0.763338 0.172217
8474 0.082707 0.685206 0.232088
8496 0.093488 0.275758 0.630754
8609 0.058769 0.182435 0.758795
8559 0.178802 0.153016 0.668182
8573 0.300045 0.607169 0.092785
479 0.234428 0.461456 0.304116
6360 0.138432 0.455069 0.406499
6349 0.170919 0.066935 0.762147
904 0.474035 0.154835 0.371130
6254 0.277963 0.104371 0.617666
3990 0.581251 0.000000 0.418749
3774 0.414655 0.000000 0.585345
5241 0.151248 0.535125 0.313627
5260 0.315232 0.263011 0.421757
1430 0.206092 0.758107 0.035801
3955 0.293413 0.629379 0.077208
3959 0.079123 0.684225 0.236652
4031 0.193128 0.736008 0.070864
3937 0.141871 0.346278 0.511850
3975 0.000000 0.402686 0.597314
5330 0.074493 0.150054 0.775453
5288 0.000000 0.275144 0.724856
5296 0.119950 0.741710 0.138340
4154 0.625043 0.034917 0.340041
5331 0.428887 0.144838 0.426275
5296 0.056628 0.386350 0.557023
5331 0.251226 0.570617 0.178157
5302 0.973932 0.026068 0.000000
5302 0.306598 0.359706 0.333696
4071 0.138844 0.624209 0.236947
4201 0.574793 0.420741 0.004465
4197 0.200512 0.290792 0.508696
4172 0.527332 0.148251 0.324418
4074 0.155408 0.654628 0.189964
5303 0.188180 0.218226 0.593594
5281 0.143936 0.085812 0.770252
5319 0.647112 0.315410 0.037478
5319 0.592999 0.130474 0.276527
5288 0.681387 0.297074 0.021539
4176 0.184224 0.648222 0.167554
5311 0.161780 0.590168 0.248051
5158 0.612942 0.015441 0.371617
5158 0.467612 0.486837 0.045551
5161 0.033684 0.788198 0.178118
5161 0.169601 0.522373 0.308025
951 0.066214 0.035272 0.898514
89 0.165656 0.711085 0.123259
6457 0.130631 0.675046 0.194323
6419 0.341336 0.144401 0.514262
1476 0.071735 0.896137 0.032129
6338 0.108728 0.779460 0.111812
6438 0.550354 0.431879 0.017767
6336 0.234214 0.469091 0.296695
6453 0.376972 0.107331 0.515696
6531 0.498134 0.256921 0.244945
6529 0.205081 0.072108 0.722811
6509 0.228528 0.027453 0.744019
6599 0.602367 0.135888 0.261745
6610 0.210558 0.224367 0.565076
6547 0.057922 0.337716 0.604362
6565 0.856156 0.035565 0.108279
6565 0.086266 0.690587 0.223147
6545 0.157204 0.774069 0.068727
6573 0.001620 0.177710 0.820670
4 0.525348 0.447907 0.026745
6307 0.886795 0.043145 0.070060
5834 0.304260 0.000000 0.695740
5990 0.365185 0.478366 0.156449
3877 0.387532 0.273921 0.338547
3877 0.074057 0.820585 0.105358
3964 0.270343 0.485008 0.244648
1695 0.127768 0.491030 0.381202
1691 0.154457 0.770668 0.074875
1757 0.236185 0.254250 0.509566
1744 0.671812 0.186333 0.141855
1770 0.012709 0.078122 0.909168
1748 0.243455 0.727260 0.029285
1721 0.424464 0.467724 0.107812
1709 0.313802 0.622215 0.063983
1715 0.218846 0.586297 0.194857
1700 0.491712 0.453189 0.055100
1705 0.023873 0.772763 0.203363
1692 0.282359 0.095709 0.621932
1772 0.067435 0.905555 0.027010
1617 0.003599 0.263549 0.732852
1587 0.082759 0.794646 0.122596
8297 0.060847 0.355877 0.583276
6430 0.202623 0.387617 0.409760
6428 0.200801 0.110259 0.688940
7231 0.349409 0.465255 0.185336
7190 0.625816 0.208769 0.165414
6958 0.378235 0.197567 0.424199
6992 0.019537 0.401876 0.578587
140 0.378537 0.578914 0.042549
141 0.360450 0.594893 0.044657
142 0.305552 0.589245 0.105202
1707 0.512891 0.085927 0.401183
1708 0.089744 0.896681 0.013575
1708 0.063663 0.145290 0.791047
1811 0.090611 0.639862 0.269527
1566 0.061482 0.682435 0.256083
6315 0.743357 0.071317 0.185326
6342 0.233689 0.077836 0.688475
6269 0.644314 0.168872 0.186814
6539 0.181476 0.128010 0.690514
6559 0.169763 0.024056 0.806181
6541 0.219305 0.235903 0.544792
6642 0.259379 0.381230 0.359391
6695 0.246130 0.310484 0.443386
6687 0.320198 0.222199 0.457602
6690 0.260455 0.446890 0.292655
6698 0.313667 0.510220 0.176113
6699 0.602048 0.116985 0.280967
6691 0.584799 0.130968 0.284233
6702 0.278952 0.267949 0.453099
6615 0.493913 0.325866 0.180220
6705 0.366048 0.081141 0.552810
6677 0.165212 0.334043 0.500746
6677 0.570178 0.163934 0.265888
1750 0.445153 0.417323 0.137524
7044 0.180933 0.122463 0.696605
7121 0.467461 0.256165 0.276374
7129 0.872620 0.083797 0.043584
7012 0.131703 0.693928 0.174369
7005 0.740599 0.087444 0.171957
7218 0.004983 0.875958 0.119059
6799 0.416711 0.513946 0.069344
6873 0.634287 0.107409 0.258305
7212 0.323803 0.507093 0.169104
7244 0.037548 0.955067 0.007385
6781 0.216464 0.056159 0.727376
6870 0.762556 0.192411 0.045032
6818 0.418713 0.440302 0.140985
6882 0.589608 0.018207 0.392185
6866 0.970809 0.007630 0.021561
6874 0.935511 0.047531 0.016958
6908 0.054105 0.436109 0.509786
6916 0.000000 0.929273 0.070727
6798 0.095262 0.338992 0.565746
4227 0.274939 0.559064 0.165997
3277 0.575428 0.195092 0.229480
3277 0.167254 0.693637 0.139110
3288 0.564622 0.226580 0.208798
4093 0.803698 0.137281 0.059021
4087 0.216568 0.682613 0.100819
4269 0.607123 0.152095 0.240781
3279 0.455514 0.527044 0.017442
4285 0.317580 0.366910 0.315509
3727 0.300118 0.497410 0.202472
4208 0.179611 0.761409 0.058980
3546 0.740341 0.137430 0.122229
3697 0.216664 0.282920 0.500417
3694 0.331685 0.522824 0.145491
3691 0.727554 0.228269 0.044177
5876 0.114022 0.829616 0.056362
4324 0.668651 0.122371 0.208978
4325 0.426028 0.322152 0.251820
4008 0.542143 0.409138 0.048719
4008 0.476583 0.056355 0.467062
4047 0.619113 0.318830 0.062058
4287 0.885929 0.073043 0.041028
4025 0.013659 0.357086 0.629255
4024 0.182473 0.586638 0.230889
4224 0.026575 0.742799 0.230625
4224 0.698081 0.296674 0.005245
4006 0.067503 0.625247 0.307250
4006 0.660557 0.162644 0.176799
4291 0.114923 0.099524 0.785552
3593 0.445176 0.554824 0.000000
5303 0.067215 0.278853 0.653932
3780 0.000000 0.044414 0.955586
3780 0.000000 0.943407 0.056593
5306 0.222104 0.523644 0.254252
3780 0.000000 0.359044 0.640956
5302 0.666231 0.158528 0.175241
5341 0.065170 0.187723 0.747107
5297 0.243128 0.052918 0.703954
5306 0.000000 0.907691 0.092309
3780 0.000000 0.520761 0.479239
3593 0.169479 0.830521 0.000000
5288 0.000000 0.334889 0.665111
5206 0.270531 0.033349 0.696120
4074 0.504390 0.476940 0.018670
3777 0.000000 0.640427 0.359573
3592 0.647666 0.352334 0.000000
3903 0.000000 0.332329 0.667671
3903 0.000000 0.289905 0.710095
3592 0.521158 0.478842 0.000000
3789 0.353417 0.000000 0.646583
3774 0.005272 0.772954 0.221773
5209 0.147741 0.271377 0.580883
5571 0.085648 0.861683 0.052669
5570 0.100772 0.760955 0.138273
5156 0.231706 0.260907 0.507387
5291 0.717177 0.216724 0.066099
5288 0.054693 0.408153 0.537154
5281 0.682818 0.000000 0.317182
5292 0.177778 0.342588 0.479634
5158 0.642136 0.000000 0.357864
5161 0.199253 0.207525 0.593221
5161 0.176964 0.197543 0.625493
5158 0.612066 0.015077 0.372857
5686 0.119420 0.090959 0.789620
5156 0.025926 0.478811 0.495263
5288 0.000000 0.786480 0.213520
5280 0.557374 0.338972 0.103654
5205 0.365319 0.359729 0.274952
4081 0.165526 0.202749 0.631725
5239 0.241095 0.166193 0.592712
5296 0.104252 0.041124 0.854624
3593 0.684565 0.315435 0.000000
3780 0.000000 0.077799 0.922201
5158 0.007665 0.614222 0.378113
4302 0.246786 0.564076 0.189138
3683 0.713935 0.023970 0.262095
5159 0.029867 0.970133 0.000000
3903 0.000000 0.356651 0.643349
3592 0.699279 0.300721 0.000000
3913 0.000000 0.643475 0.356525
3903 0.000000 0.457668 0.542332
3789 0.569986 0.005786 0.424228
5324 0.045045 0.212963 0.741991
5208 0.000000 0.300944 0.699056
3584 0.393853 0.336398 0.269749
5158 0.551331 0.294171 0.154498
5281 0.640563 0.254435 0.105003
5292 0.141948 0.364922 0.493130
5160 0.046315 0.142030 0.811655
5161 0.199827 0.365436 0.434737
5239 0.311341 0.474669 0.213989
873 0.296767 0.533300 0.169933
3038 0.172098 0.476534 0.351369
3274 0.406684 0.383113 0.210203
3266 0.970994 0.020856 0.008149
3264 0.081698 0.632975 0.285326
941 0.553335 0.386193 0.060472
656 0.133279 0.630980 0.235741
1088 0.144539 0.522055 0.333406
959 0.111201 0.821749 0.067051
1875 0.282800 0.197083 0.520117
1959 0.286576 0.538990 0.174435
1754 0.552036 0.076851 0.371113
1756 0.783397 0.161913 0.054690
6536 0.084420 0.514721 0.400858
6490 0.103561 0.511561 0.384878
6499 0.238057 0.188418 0.573525
6478 0.163557 0.681493 0.154950
6670 0.464187 0.272900 0.262913
8371 0.305362 0.530497 0.164142
8456 0.027478 0.607324 0.365198
8500 0.551495 0.420093 0.028412
3746 0.583322 0.216281 0.200397
4253 0.170072 0.561004 0.268924
3729 0.091578 0.431567 0.476855
4300 0.143138 0.563808 0.293054
3988 0.315492 0.125298 0.559209
3922 0.157664 0.047526 0.794810
3869 0.144387 0.088755 0.766857
4260 0.436954 0.524491 0.038555
3584 0.386395 0.613605 0.000000
3899 0.295303 0.142861 0.561836
4299 0.065945 0.189298 0.744757
4003 0.089106 0.087130 0.823764
4002 0.262928 0.602401 0.134671
3999 0.894694 0.039873 0.065434
4233 0.319165 0.169444 0.511391
3799 0.443676 0.507501 0.048823
4019 0.244208 0.279475 0.476318
3720 0.066705 0.598380 0.334915
3699 0.251209 0.561861 0.186930
3968 0.624922 0.350650 0.024428
4376 0.411369 0.544618 0.044013
4043 0.068136 0.015759 0.916105
4040 0.071804 0.539616 0.388580
4286 0.183245 0.233217 0.583538
4044 0.253306 0.281103 0.465591
3818 0.025893 0.417460 0.556647
3819 0.742295 0.061079 0.196626
3886 0.037560 0.722093 0.240347
5634 0.595086 0.362808 0.042106
4017 0.064936 0.677816 0.257248
4026 0.637334 0.067285 0.295381
3820 0.670910 0.100169 0.228921
3998 0.138956 0.050076 0.810969
4013 0.388641 0.364613 0.246746
4004 0.252996 0.060582 0.686422
3996 0.036585 0.370442 0.592973
3987 0.176905 0.628758 0.194337
3944 0.276351 0.306985 0.416663
4027 0.322556 0.585538 0.091906
3987 0.241492 0.613735 0.144773
4023 0.053952 0.007597 0.938451
4348 0.608762 0.032302 0.358936
4243 0.468118 0.281281 0.250601
4243 0.568917 0.299672 0.131412
3986 0.316932 0.181123 0.501946
4356 0.020353 0.934785 0.044862
4359 0.497104 0.296419 0.206477
4359 0.668613 0.314497 0.016890
4029 0.293187 0.440722 0.266090
4028 0.349431 0.000000 0.650569
4027 0.481845 0.411358 0.106798
4054 0.012061 0.475918 0.512021
4062 0.114868 0.052218 0.832914
4063 0.631086 0.334174 0.034740
4287 0.043347 0.315833 0.640820
4050 0.043342 0.185745 0.770912
4051 0.444594 0.469085 0.086321
4040 0.321791 0.500854 0.177355
4058 0.199218 0.075475 0.725306
5288 0.000000 0.514993 0.485007
5291 0.402965 0.032347 0.564688
5583 0.589397 0.207486 0.203117
5590 0.373004 0.423023 0.203973
3814 0.020336 0.487143 0.492521
3665 0.297679 0.355740 0.346581
3714 0.139617 0.662436 0.197948
3718 0.750064 0.209979 0.039957
3803 0.140604 0.343598 0.515798
4215 0.556942 0.000000 0.443058
4352 0.426441 0.089444 0.484115
3833 0.531702 0.143533 0.324765
4355 0.274754 0.222884 0.502362
3842 0.282653 0.142688 0.574659
3898 0.201232 0.169970 0.628798
5941 0.117975 0.140036 0.741989
3525 0.086147 0.693701 0.220152
3871 0.005249 0.205878 0.788873
3891 0.075790 0.502083 0.422128
3874 0.015977 0.787489 0.196534
3871 0.478735 0.232215 0.289051
3865 0.232522 0.376851 0.390627
3873 0.561006 0.115495 0.323499
3864 0.919999 0.078268 0.001733
3926 0.058245 0.298766 0.642989
3886 0.719792 0.078558 0.201650
3893 0.181198 0.553596 0.265206
3882 0.308991 0.311672 0.379337
5823 0.058387 0.276237 0.665376
4377 0.039004 0.519842 0.441154
3722 0.391304 0.110043 0.498653
3950 0.256517 0.377142 0.366341
3950 0.000000 0.681003 0.318997
3831 0.396888 0.246644 0.356468
3846 0.067978 0.586861 0.345161
4341 0.480358 0.159361 0.360281
4055 0.179435 0.367366 0.453199
4029 0.237485 0.047413 0.715102
4294 0.239281 0.499921 0.260799
4295 0.276984 0.524179 0.198837
4243 0.146914 0.413855 0.439231
3932 0.580057 0.254080 0.165863
3836 0.806925 0.083591 0.109483
3837 0.774940 0.021001 0.204058
4359 0.592647 0.349460 0.057893
3829 0.066263 0.644247 0.289490
4243 0.823163 0.097674 0.079163
4242 0.326075 0.078808 0.595117
3945 0.239206 0.260264 0.500530
3945 0.013565 0.206508 0.779927
4351 0.178467 0.595002 0.226531
3841 0.840973 0.141082 0.017946
3833 0.270766 0.454367 0.274867
4356 0.048681 0.710387 0.240931
3832 0.575798 0.352755 0.071447
3831 0.287793 0.462496 0.249711
4359 0.138129 0.453658 0.408213
4359 0.586808 0.022971 0.390222
3549 0.583083 0.000000 0.416917
4341 0.469833 0.252885 0.277282
3944 0.837119 0.094196 0.068684
4054 0.149291 0.632826 0.217883
4055 0.096713 0.546354 0.356933
3546 0.675756 0.176613 0.147631
4293 0.009047 0.099710 0.891243
5897 0.570462 0.358018 0.071520
4293 0.648281 0.101346 0.250372
4361 0.071278 0.361516 0.567206
4360 0.195812 0.124716 0.679472
4249 0.103667 0.326427 0.569906
6865 0.361602 0.350036 0.288362
6668 0.493561 0.299156 0.207283
8582 0.070113 0.071727 0.858160
8589 0.136761 0.680059 0.183180
8590 0.423585 0.119858 0.456557
4047 0.238218 0.309934 0.451848
4040 0.677486 0.319632 0.002881
4064 0.050636 0.628602 0.320762
4051 0.782400 0.203133 0.014466
5570 0.161624 0.220786 0.617590
6647 0.631119 0.284739 0.084142
6661 0.346863 0.223768 0.429370
6676 0.066991 0.643939 0.289070
6700 0.092184 0.343433 0.564384
6689 0.594508 0.405492 0.000000
1704 0.013631 0.009451 0.976918
1895 0.174772 0.120088 0.705139
1867 0.548057 0.288718 0.163225
1744 0.043797 0.171765 0.784438
2036 0.585685 0.349904 0.064411
1848 0.641769 0.154521 0.203710
1920 0.509246 0.097753 0.393001
7087 0.049843 0.106243 0.843913
6942 0.362097 0.053642 0.584261
7156 0.044934 0.077545 0.877521
3700 0.100322 0.677919 0.221759
1713 0.250599 0.087486 0.661916
1850 0.229703 0.729870 0.040427
1851 0.043414 0.625060 0.331527
1706 0.460004 0.227400 0.312596
4305 0.116119 0.784642 0.099239
3719 0.054746 0.558659 0.386595
3793 0.050414 0.401206 0.548381
3738 0.011196 0.300058 0.688747
3743 0.073949 0.841081 0.084969
3271 0.540160 0.255125 0.204715
3265 0.737045 0.095895 0.167060
3262 0.112006 0.233082 0.654913
3263 0.808528 0.100283 0.091190
3281 0.584069 0.210375 0.205556
3280 0.180845 0.205790 0.613364
3263 0.684724 0.148838 0.166437
3743 0.621010 0.010448 0.368542
4313 0.451183 0.538746 0.010071
4311 0.226852 0.626344 0.146804
4324 0.200296 0.026238 0.773466
4309 0.329249 0.639331 0.031420
3316 0.555095 0.164271 0.280633
3318 0.671855 0.121488 0.206657
3315 0.118124 0.121678 0.760198
3314 0.755183 0.109695 0.135122
4311 0.711549 0.168195 0.120256
6493 0.407829 0.395553 0.196618
6501 0.166273 0.757601 0.076125
4295 0.016707 0.288654 0.694638
3933 0.990362 0.000000 0.009638
4294 0.649466 0.295756 0.054778
4033 0.464354 0.457812 0.077833
4023 0.634807 0.304683 0.060510
4047 0.156033 0.825546 0.018422
3924 0.739062 0.047295 0.213643
4065 0.145716 0.713480 0.140804
1764 0.278492 0.072061 0.649447
5552 0.590215 0.011559 0.398227
3625 0.339050 0.255726 0.405224
3139 0.048005 0.704655 0.247341
3675 0.199593 0.173980 0.626426
3534 0.141422 0.224390 0.634189
4555 0.117855 0.247207 0.634938
5454 0.137097 0.752397 0.110506
5568 0.408429 0.345687 0.245884
5570 0.138026 0.427650 0.434324
3532 0.057147 0.207702 0.735151
3953 0.764988 0.131092 0.103920
3536 0.029476 0.950998 0.019526
4060 0.000390 0.267263 0.732348
3534 0.672494 0.165901 0.161605
3870 0.601545 0.342854 0.055601
3914 0.156804 0.561013 0.282183
3896 0.094899 0.523218 0.381883
3832 0.445818 0.540902 0.013280
4295 0.357250 0.196332 0.446418
4011 0.070038 0.184613 0.745349
4295 0.813706 0.095530 0.090763
4022 0.630029 0.177614 0.192357
4295 0.604507 0.242535 0.152958
4032 0.738095 0.040938 0.220967
3680 0.159852 0.640149 0.199999
2151 0.352677 0.496330 0.150993
2075 0.291995 0.418594 0.289411
1882 0.561997 0.211459 0.226544
2156 0.006125 0.318809 0.675066
2073 0.651454 0.050597 0.297949
2072 0.134017 0.861994 0.003989
1948 0.267739 0.493274 0.238987
1951 0.032557 0.427929 0.539514
1980 0.339874 0.188321 0.471805
2015 0.592961 0.326135 0.080904
2131 0.647295 0.128030 0.224675
2080 0.309461 0.074598 0.615941
6880 0.005724 0.132549 0.861727
6879 0.740732 0.057935 0.201332
6901 0.100390 0.540888 0.358722
6675 0.225470 0.659586 0.114944
1964 0.071573 0.048703 0.879724
1964 0.339130 0.578309 0.082561
7182 0.080849 0.198205 0.720946
7181 0.160925 0.131943 0.707133
7140 0.680702 0.112161 0.207137
7140 0.249401 0.311078 0.439522
7138 0.615208 0.105012 0.279780
6968 0.074606 0.300036 0.625358
6694 0.240118 0.218745 0.541137
6562 0.018758 0.633968 0.347274
162 0.557884 0.166582 0.275534
144 0.114511 0.699700 0.185790
6579 0.036200 0.900735 0.063065
6543 0.636389 0.259628 0.103983
6527 0.732301 0.122214 0.145485
4294 0.347439 0.295425 0.357136
4294 0.413793 0.435986 0.150221
5839 0.197883 0.126795 0.675321
2097 0.195839 0.781485 0.022676
2135 0.596001 0.210424 0.193575
2001 0.304663 0.373630 0.321707
1994 0.582942 0.161781 0.255277
2190 0.502528 0.386738 0.110735
2189 0.458246 0.533536 0.008219
1887 0.160711 0.650878 0.188411
1930 0.444213 0.274583 0.281203
6823 0.429446 0.395943 0.174612
6995 0.362788 0.070461 0.566750
3906 0.432722 0.270152 0.297127
5842 0.182588 0.091461 0.725951
5884 0.085567 0.125351 0.789082
5834 0.168676 0.323237 0.508087
5679 0.547464 0.254250 0.198286
2039 0.579726 0.000000 0.420274
2039 0.548458 0.089703 0.361839
2103 0.431036 0.286102 0.282863
2102 0.195806 0.136524 0.667669
1836 0.499802 0.299896 0.200302
1836 0.399931 0.401132 0.198937
1848 0.556798 0.134174 0.309027
1745 0.321426 0.202811 0.475763
2039 0.189331 0.530005 0.280664
2073 0.194290 0.359882 0.445828
2169 0.182347 0.220523 0.597131
