1126 0.966253 0.033747 0.000000
3695 0.196976 0.102259 0.700765
7095 0.146283 0.485783 0.367934
786 0.107477 0.818181 0.074342
9075 0.505427 0.494573 0.000000
4488 0.383998 0.219530 0.396472
3789 0.686524 0.175518 0.137959
10487 0.087543 0.891036 0.021421
3744 0.083366 0.802544 0.114091
451 0.235273 0.000000 0.764727
812 0.735892 0.000000 0.264108
150 0.331917 0.175145 0.492939
1507 0.368707 0.162596 0.468697
11821 0.114535 0.013719 0.871746
155 0.004148 0.147759 0.848093
1537 0.510717 0.318732 0.170551
3698 0.463482 0.508437 0.028081
763 0.922789 0.013009 0.064203
8550 0.051521 0.365926 0.582553
8292 0.225263 0.271340 0.503397
2913 0.309786 0.001288 0.688925
10171 0.177366 0.329193 0.493441
6775 0.327316 0.469915 0.202769
5342 0.009443 0.385757 0.604801
7589 0.542525 0.369683 0.087792
1229 0.000000 0.434056 0.565944
11897 0.149507 0.645022 0.205471
8991 0.548435 0.292565 0.159000
811 0.000000 0.000000 1.000000
150 0.172917 0.264190 0.562893
1389 0.266614 0.500512 0.232874
4471 0.693863 0.247296 0.058841
13086 0.101811 0.886599 0.011591
12907 0.522045 0.264834 0.213122
12902 0.394175 0.406206 0.199619
9489 0.578908 0.038136 0.382956
6232 0.104233 0.082863 0.812904
8491 0.413550 0.486914 0.099537
5545 0.227584 0.501486 0.270930
5567 0.446179 0.507722 0.046099
6110 0.487818 0.325527 0.186655
6087 0.230067 0.296795 0.473138
5356 0.106574 0.230072 0.663354
7772 0.218967 0.097426 0.683607
12917 0.065427 0.013055 0.921519
12269 0.633983 0.312610 0.053408
9762 0.294636 0.041783 0.663581
5649 0.359847 0.251352 0.388801
13753 0.885594 0.093499 0.020907
13690 0.663126 0.259444 0.077431
4711 0.449968 0.358992 0.191039
12042 0.286584 0.487740 0.225676
29 0.010993 0.696314 0.292693
12795 0.265690 0.146010 0.588300
6939 0.005407 0.675912 0.318681
12133 0.126527 0.659606 0.213867
5005 0.342138 0.531446 0.126416
9309 0.488380 0.058565 0.453054
10683 0.524462 0.358179 0.117359
5900 0.343362 0.121419 0.535219
12614 0.231308 0.000418 0.768274
10684 0.010967 0.739385 0.249648
5086 0.163640 0.622440 0.213920
5080 0.731620 0.205615 0.062765
9294 0.784269 0.064432 0.151299
5076 0.142011 0.141599 0.716391
2918 0.343030 0.617802 0.039168
5931 0.135558 0.159318 0.705124
5930 0.376610 0.276217 0.347173
7743 0.217151 0.418225 0.364624
10198 0.028090 0.881866 0.090044
6862 0.512975 0.180139 0.306885
12788 0.776554 0.081775 0.141671
7258 0.314472 0.196737 0.488791
7226 0.744039 0.000000 0.255961
7224 0.721990 0.000000 0.278010
6905 0.996158 0.003842 0.000000
5864 0.566998 0.051665 0.381337
12419 0.139541 0.020791 0.839668
5841 0.450135 0.144888 0.404978
9614 0.133499 0.797549 0.068952
9992 0.709982 0.048719 0.241300
6833 0.189827 0.178645 0.631528
5870 0.337886 0.388658 0.273456
5831 0.064526 0.258177 0.677297
11981 0.452023 0.126285 0.421692
7036 0.378847 0.155924 0.465229
12874 0.013871 0.205068 0.781061
10558 0.475805 0.312937 0.211258
717 0.525106 0.305004 0.169890
7525 0.386963 0.414602 0.198434
10530 0.317910 0.174890 0.507201
10506 0.094252 0.055553 0.850195
7025 0.249040 0.336706 0.414254
13462 0.511853 0.112856 0.375291
4649 0.319534 0.025667 0.654798
11967 0.016562 0.333109 0.650329
7007 0.656893 0.248186 0.094921
7021 0.342992 0.474521 0.182487
7024 0.012127 0.689403 0.298470
7007 0.179349 0.614925 0.205725
12850 0.450242 0.507802 0.041955
10709 0.437723 0.452510 0.109767
6999 0.495337 0.401108 0.103555
6994 0.166263 0.570904 0.262833
10079 0.000000 0.818518 0.181482
12839 0.114644 0.875902 0.009454
10079 0.385611 0.614389 0.000000
10079 0.704566 0.295434 0.000000
7234 0.401170 0.146270 0.452560
7240 0.358126 0.528838 0.113036
10190 0.334733 0.657798 0.007469
10725 0.092583 0.859934 0.047482
6503 0.294280 0.231176 0.474544
6494 0.846523 0.077357 0.076120
9883 0.107343 0.484765 0.407892
6518 0.240473 0.376558 0.382969
12648 0.465167 0.247062 0.287771
9874 0.402784 0.505323 0.091892
3524 0.387093 0.062621 0.550285
3500 0.662427 0.252840 0.084734
7140 0.280047 0.226401 0.493552
6685 0.110043 0.674265 0.215692
12727 0.348691 0.281351 0.369958
10162 0.539517 0.182340 0.278142
6590 0.638591 0.278464 0.082945
6606 0.015157 0.171607 0.813236
6701 0.082351 0.222602 0.695047
6670 0.036423 0.070888 0.892689
6680 0.326265 0.431223 0.242512
6719 0.627613 0.311951 0.060436
6622 0.456878 0.230545 0.312576
9989 0.126230 0.268621 0.605149
6610 0.356371 0.255752 0.387877
9933 0.217770 0.164216 0.618015
13813 0.369188 0.428139 0.202673
9814 0.005269 0.323452 0.671279
12371 0.261073 0.551681 0.187245
5704 0.364029 0.196190 0.439781
10548 0.322047 0.537049 0.140903
896 0.204228 0.672992 0.122779
900 0.732486 0.247275 0.020239
840 0.344162 0.293969 0.361869
12601 0.422132 0.394155 0.183713
12598 0.097492 0.850875 0.051633
9563 0.609207 0.023708 0.367085
6397 0.221789 0.540605 0.237606
8974 0.247182 0.542151 0.210667
4365 0.152609 0.602267 0.245124
4365 0.058602 0.121176 0.820222
8974 0.130011 0.838196 0.031793
4410 0.098291 0.061066 0.840643
11866 0.459605 0.202029 0.338366
1111 0.094279 0.134079 0.771643
4389 0.092140 0.823312 0.084547
4468 0.375551 0.143790 0.480659
13308 0.541276 0.232940 0.225783
8941 0.113863 0.186653 0.699485
9004 0.053762 0.413857 0.532382
4450 0.683002 0.251140 0.065859
13665 0.118181 0.511894 0.369925
4446 0.119110 0.471322 0.409568
9002 0.070054 0.434556 0.495390
10844 0.218529 0.008831 0.772641
4582 0.099597 0.830049 0.070354
4425 0.095153 0.717366 0.187481
13791 0.085725 0.087817 0.826458
9465 0.616724 0.287828 0.095448
9695 0.443347 0.213419 0.343233
4512 0.098057 0.511395 0.390548
4512 0.392010 0.227839 0.380151
4510 0.124605 0.844029 0.031366
4513 0.791536 0.068679 0.139785
13327 0.499520 0.197017 0.303463
756 0.444952 0.523474 0.031574
751 0.297802 0.640783 0.061415
7539 0.534098 0.029109 0.436793
9175 0.436708 0.328117 0.235175
4799 0.516251 0.261230 0.222519
13335 0.440400 0.090839 0.468760
9121 0.036445 0.409053 0.554502
9630 0.315962 0.053972 0.630066
12973 0.337757 0.138550 0.523693
6469 0.961658 0.025670 0.012671
6563 0.373565 0.255797 0.370638
1197 0.150961 0.786935 0.062104
9860 0.072833 0.667989 0.259179
6561 0.468195 0.194095 0.337709
12735 0.545865 0.011498 0.442637
6597 0.249032 0.044033 0.706936
12755 0.149726 0.315966 0.534309
6674 0.397266 0.555573 0.047160
12154 0.134041 0.215876 0.650083
5160 0.055922 0.696050 0.248028
12157 0.270971 0.181110 0.547920
5170 0.147114 0.529122 0.323763
5760 0.477579 0.104659 0.417761
9592 0.012466 0.743742 0.243792
12389 0.172788 0.034081 0.793131
5827 0.430581 0.498597 0.070822
1102 0.000000 0.185026 0.814974
11839 0.097726 0.240260 0.662015
4361 0.843364 0.043566 0.113069
1102 0.000000 0.263575 0.736425
4430 0.254229 0.309510 0.436260
8996 0.238532 0.633294 0.128175
4427 0.365947 0.136422 0.497631
8944 0.166243 0.111041 0.722716
801 0.056496 0.819898 0.123606
45 0.323353 0.612266 0.064381
3442 0.484373 0.386142 0.129486
3407 0.689100 0.003521 0.307380
9866 0.725946 0.184061 0.089993
1008 0.284181 0.291829 0.423990
12351 0.040509 0.706882 0.252609
4923 0.924502 0.058645 0.016853
5015 0.127823 0.526917 0.345260
4700 0.092947 0.873565 0.033489
10495 0.066365 0.270903 0.662731
742 0.203123 0.268919 0.527958
10103 0.348573 0.374813 0.276614
10099 0.543764 0.158258 0.297978
6986 0.614123 0.157783 0.228093
12840 0.027573 0.172456 0.799971
5067 0.129175 0.398210 0.472614
12081 0.106565 0.567866 0.325569
4970 0.093741 0.731373 0.174886
829 0.533983 0.027083 0.438934
12460 0.194618 0.017399 0.787983
5420 0.132547 0.791506 0.075947
9743 0.290494 0.391445 0.318061
9682 0.052280 0.744515 0.203205
9856 0.251010 0.566302 0.182688
1186 0.003691 0.922904 0.073405
5881 0.203565 0.690888 0.105547
5876 0.934906 0.054851 0.010243
6587 0.229441 0.613371 0.157188
6531 0.020666 0.402871 0.576463
9884 0.492856 0.116940 0.390204
6800 0.514326 0.077319 0.408355
9582 0.201298 0.757584 0.041118
9583 0.169064 0.581600 0.249335
9587 0.339332 0.036691 0.623976
12379 0.307727 0.209010 0.483263
5037 0.219958 0.091027 0.689015
9331 0.013360 0.692355 0.294285
4951 0.124915 0.524739 0.350345
5034 0.301905 0.479617 0.218478
4445 0.225626 0.324597 0.449777
4447 0.532074 0.339138 0.128788
13666 0.010262 0.741682 0.248056
9017 0.758212 0.212765 0.029022
9017 0.145818 0.522374 0.331808
4479 0.153488 0.803612 0.042900
9033 0.041713 0.074578 0.883709
4548 0.615065 0.015866 0.369069
4562 0.158958 0.512559 0.328483
11914 0.471002 0.373570 0.155428
4480 0.101275 0.764382 0.134344
4480 0.667198 0.124597 0.208205
4460 0.434817 0.061832 0.503351
4452 0.114695 0.107209 0.778095
11893 0.854495 0.057861 0.087644
4496 0.759595 0.128861 0.111544
10087 0.354588 0.501837 0.143575
12865 0.802553 0.005420 0.192027
11969 0.344139 0.360205 0.295656
4652 0.823713 0.122502 0.053785
4652 0.299086 0.592323 0.108591
11960 0.510096 0.078298 0.411607
4655 0.034848 0.923275 0.041876
4647 0.245928 0.179069 0.575003
7006 0.260708 0.491691 0.247601
12860 0.140733 0.170212 0.689055
9086 0.299938 0.061779 0.638283
6981 0.110719 0.530990 0.358291
11953 0.386055 0.192629 0.421315
9087 0.434838 0.552199 0.012963
4278 0.776851 0.037211 0.185937
9102 0.436637 0.442367 0.120996
7005 0.729084 0.110452 0.160463
8935 0.136002 0.376042 0.487955
6995 0.515062 0.239367 0.245572
12849 0.020702 0.711767 0.267531
12847 0.459818 0.230293 0.309890
7033 0.523527 0.091507 0.384966
12872 0.262635 0.600319 0.137046
7031 0.416758 0.330723 0.252520
10114 0.295487 0.425524 0.278990
10711 0.711565 0.065528 0.222907
7762 0.000000 0.089478 0.910522
6992 0.530035 0.209438 0.260527
7027 0.028438 0.473167 0.498395
387 0.000000 1.000000 0.000000
390 0.258254 0.368321 0.373425
7413 0.210336 0.653744 0.135920
10341 0.820131 0.055702 0.124167
12821 0.001013 0.654456 0.344531
7768 0.780310 0.128800 0.090890
7049 0.675180 0.132073 0.192746
6945 0.721204 0.177665 0.101131
394 0.061959 0.874601 0.063439
174 0.379210 0.283987 0.336802
398 0.506092 0.215072 0.278836
395 0.393580 0.474422 0.131998
6964 0.043087 0.942719 0.014194
12808 0.436286 0.098471 0.465243
6841 0.154797 0.845203 0.000000
6850 0.364777 0.585159 0.050065
6872 0.286105 0.244101 0.469794
13834 0.671638 0.226414 0.101947
13450 0.679946 0.066953 0.253101
10004 0.050903 0.416621 0.532476
6942 0.577672 0.307398 0.114930
12802 0.167113 0.228427 0.604459
10044 0.702048 0.170957 0.126995
12794 0.523369 0.460305 0.016325
10703 0.283529 0.660168 0.056303
13839 0.238897 0.509747 0.251356
10020 0.332254 0.639330 0.028416
12772 0.023451 0.737607 0.238942
6926 0.766658 0.148856 0.084486
12814 0.270428 0.666458 0.063113
13835 0.211831 0.761805 0.026364
10005 0.563843 0.060537 0.375620
9787 0.085644 0.771175 0.143181
9604 0.438555 0.395127 0.166318
12397 0.325362 0.485817 0.188821
12342 0.407080 0.003747 0.589173
12308 0.495902 0.048310 0.455788
5565 0.179802 0.469047 0.351151
12570 0.590202 0.047986 0.361812
12574 0.169582 0.001889 0.828529
6268 0.088072 0.253656 0.658272
9794 0.325521 0.067761 0.606719
6282 0.182624 0.762337 0.055039
9503 0.334423 0.301070 0.364508
12334 0.086594 0.847370 0.066035
9526 0.665985 0.082355 0.251660
9533 0.430551 0.010540 0.558910
13377 0.489462 0.426401 0.084138
6321 0.038200 0.900818 0.060982
6348 0.408118 0.577073 0.014809
9520 0.181913 0.537206 0.280881
10716 0.125247 0.784581 0.090171
9494 0.383660 0.414686 0.201654
6068 0.037950 0.815717 0.146333
9703 0.068975 0.180943 0.750082
4996 0.699735 0.234892 0.065373
12613 0.634765 0.326461 0.038774
6407 0.330423 0.598332 0.071245
7227 0.371940 0.216087 0.411973
7257 0.039179 0.117159 0.843662
6853 0.484318 0.038562 0.477120
6827 0.461370 0.421271 0.117358
5839 0.401810 0.390264 0.207926
5775 0.045918 0.590593 0.363489
397 0.263816 0.078875 0.657308
397 0.341448 0.541097 0.117456
404 0.135176 0.770213 0.094611
10337 0.395178 0.027266 0.577557
7267 0.418807 0.088743 0.492449
6663 0.182745 0.743633 0.073621
10576 0.230607 0.544546 0.224847
7632 0.397256 0.534357 0.068387
9567 0.185937 0.309267 0.504796
5683 0.177668 0.050010 0.772322
8978 0.360994 0.047349 0.591658
8979 0.226734 0.130873 0.642393
9211 0.337610 0.624844 0.037546
4915 0.239022 0.634314 0.126664
4490 0.010318 0.898802 0.090880
4491 0.445881 0.173184 0.380935
11818 0.181694 0.459867 0.358438
4304 0.046472 0.708164 0.245364
4442 0.550501 0.078885 0.370615
9017 0.320052 0.053113 0.626835
11900 0.358447 0.114301 0.527253
7390 0.537723 0.232972 0.229305
165 0.810504 0.149662 0.039835
10105 0.560253 0.381012 0.058735
10710 0.095848 0.046034 0.858118
7027 0.615704 0.000000 0.384296
10079 0.238597 0.188973 0.572429
10074 0.951593 0.017465 0.030942
6880 0.056084 0.447319 0.496596
13842 0.092743 0.024775 0.882482
12831 0.220140 0.727213 0.052648
6955 0.162139 0.795091 0.042770
12819 0.116736 0.075943 0.807321
10068 0.618105 0.171389 0.210507
10066 0.143221 0.544529 0.312249
12813 0.130728 0.784920 0.084352
12822 0.145105 0.490773 0.364122
12822 0.777176 0.035508 0.187316
5847 0.032657 0.644492 0.322852
1189 0.484722 0.082926 0.432352
5902 0.364185 0.431724 0.204091
5709 0.469919 0.216122 0.313959
12375 0.139820 0.281154 0.579026
5699 0.265025 0.001174 0.733801
1181 0.039896 0.024406 0.935698
5857 0.678186 0.321814 0.000000
6891 0.000000 0.641708 0.358292
10016 0.127399 0.115481 0.757120
6859 0.055752 0.942031 0.002218
13836 0.223253 0.758010 0.018737
6864 0.513256 0.410910 0.075834
360 0.497611 0.455726 0.046663
10334 0.299583 0.484732 0.215685
10334 0.703814 0.105239 0.190947
372 0.023285 0.956516 0.020200
393 0.468497 0.471693 0.059811
7406 0.170020 0.242782 0.587198
393 0.063084 0.252887 0.684029
378 0.088781 0.476910 0.434310
5873 0.309870 0.019339 0.670791
5830 0.123536 0.286433 0.590031
9610 0.019972 0.238602 0.741426
1182 0.249580 0.182788 0.567632
5877 0.484689 0.186613 0.328698
1161 0.860744 0.099332 0.039925
13772 0.295181 0.581047 0.123771
10677 0.184418 0.121894 0.693689
7748 0.568272 0.287210 0.144518
6576 0.120461 0.383101 0.496438
6903 0.180941 0.300096 0.518963
10061 0.122188 0.101923 0.775889
12817 0.084074 0.786563 0.129364
399 0.116922 0.660869 0.222210
400 0.695177 0.054652 0.250171
6922 0.125044 0.522662 0.352294
6973 0.463781 0.091340 0.444879
6924 0.547851 0.197491 0.254659
6967 0.069535 0.861049 0.069415
7044 0.328268 0.341829 0.329903
13852 0.373087 0.421525 0.205388
6883 0.141525 0.013672 0.844802
13842 0.317654 0.432900 0.249446
6885 0.588033 0.058084 0.353882
9623 0.246671 0.382938 0.370391
12815 0.655875 0.045560 0.298565
6937 0.329361 0.171250 0.499389
13455 0.282072 0.256823 0.461105
10007 0.172335 0.600997 0.226668
6849 0.722209 0.220966 0.056825
6952 0.288815 0.032260 0.678925
6838 0.656482 0.304943 0.038575
12786 0.212406 0.249070 0.538523
6861 0.556564 0.211665 0.231770
6845 0.007243 0.313913 0.678844
4866 0.368818 0.050998 0.580185
11938 0.495689 0.353273 0.151038
4822 0.173555 0.551544 0.274900
21 0.006359 0.213170 0.780471
12023 0.496671 0.069703 0.433626
31 0.153085 0.472736 0.374179
22 0.012355 0.881273 0.106372
23 0.358415 0.589814 0.051771
32 0.170226 0.829774 0.000000
16 0.489382 0.510618 0.000000
4633 0.359264 0.640736 0.000000
20 0.611222 0.220470 0.168309
20 0.924957 0.075043 0.000000
1126 0.634915 0.007254 0.357831
1126 0.534377 0.000000 0.465623
729 0.000000 0.000000 1.000000
745 0.930497 0.069503 0.000000
743 0.000000 0.389590 0.610410
13056 0.157658 0.427310 0.415032
451 0.885274 0.000000 0.114726
451 0.888271 0.111729 0.000000
812 0.385901 0.000000 0.614099
812 0.468554 0.000000 0.531446
7590 0.419241 0.194249 0.386510
1229 0.000000 0.654547 0.345453
12827 0.336519 0.085243 0.578238
6848 0.536358 0.298792 0.164850
12777 0.721275 0.078271 0.200454
10060 0.141120 0.595938 0.262942
12800 0.649839 0.012522 0.337639
6913 0.789490 0.000000 0.210510
10022 0.282485 0.421583 0.295932
10021 0.055320 0.855504 0.089176
12772 0.593133 0.023621 0.383246
10703 0.645155 0.090796 0.264049
11852 0.517234 0.274853 0.207913
11813 0.129448 0.422758 0.447794
8984 0.032335 0.816605 0.151060
13302 0.705326 0.138023 0.156651
10233 0.502171 0.288700 0.209128
7291 0.506149 0.297345 0.196506
8976 0.306011 0.226600 0.467389
11841 0.000000 0.795583 0.204417
13660 0.012189 0.122934 0.864876
8982 0.062762 0.621908 0.315330
11849 0.067294 0.590750 0.341957
4378 0.343695 0.616288 0.040016
4342 0.435796 0.466892 0.097312
4348 0.672651 0.112854 0.214495
4344 0.321066 0.502979 0.175955
8953 0.914467 0.000000 0.085533
1104 0.529435 0.168370 0.302195
4335 0.027629 0.147144 0.825227
4330 0.110460 0.614120 0.275420
4352 0.000000 0.297698 0.702302
8969 0.635678 0.364322 0.000000
4333 1.000000 0.000000 0.000000
4333 0.723340 0.276660 0.000000
8975 0.690054 0.204164 0.105782
4360 0.635674 0.000000 0.364326
4369 0.778604 0.132621 0.088775
11847 0.567666 0.162864 0.269470
11833 0.707848 0.170893 0.121258
11832 0.368038 0.209102 0.422860
11831 0.445856 0.060192 0.493952
8956 0.235539 0.350832 0.413629
11829 0.355355 0.256869 0.387776
4358 0.294564 0.705436 0.000000
4361 0.379868 0.568704 0.051428
4364 0.088967 0.510000 0.401033
11846 0.214486 0.107459 0.678055
4371 0.879641 0.105680 0.014679
8977 0.270427 0.308288 0.421285
8960 0.211017 0.583168 0.205815
13658 0.174378 0.536191 0.289431
13657 0.304428 0.649959 0.045614
13657 0.425775 0.104556 0.469670
11836 0.505288 0.328667 0.166045
8959 0.481309 0.015438 0.503253
13656 0.060023 0.263680 0.676297
4324 0.454095 0.486980 0.058925
13653 0.000000 0.247543 0.752457
4316 0.109104 0.000000 0.890896
4316 0.597418 0.000000 0.402582
4316 0.388017 0.000000 0.611983
4333 1.000000 0.000000 0.000000
4333 1.000000 0.000000 0.000000
4333 1.000000 0.000000 0.000000
4358 0.060219 0.939781 0.000000
4328 0.000000 0.364586 0.635414
8954 0.231299 0.364709 0.403991
7710 0.568751 0.421361 0.009888
4279 0.158397 0.253278 0.588325
11838 0.014135 0.247243 0.738622
13658 0.338133 0.353870 0.307997
4346 0.643949 0.100341 0.255710
4370 0.262021 0.270322 0.467657
11834 0.779466 0.128267 0.092267
11837 0.061316 0.365994 0.572690
4333 0.906335 0.093665 0.000000
4333 0.459322 0.540678 0.000000
11829 0.536683 0.233176 0.230142
8954 0.096009 0.827748 0.076242
4336 0.726554 0.270794 0.002652
11838 0.641793 0.281964 0.076243
319 0.253804 0.428719 0.317477
11970 0.879993 0.112157 0.007850
13676 0.082465 0.716544 0.200991
10257 0.523712 0.054954 0.421335
7398 0.392208 0.031440 0.576352
7397 0.191433 0.001225 0.807342
13008 0.706750 0.271678 0.021572
333 0.004066 0.369794 0.626140
4666 0.676396 0.035878 0.287726
10255 0.335283 0.371967 0.292750
337 0.311708 0.512178 0.176114
10314 0.750257 0.198549 0.051194
10314 0.015522 0.918785 0.065693
167 0.197199 0.584788 0.218012
13007 0.377950 0.587378 0.034672
316 0.649962 0.106130 0.243908
313 0.836806 0.004365 0.158829
12992 0.521365 0.073965 0.404670
312 0.781774 0.138018 0.080208
1136 0.000000 0.755365 0.244635
7725 0.951980 0.004113 0.043907
874 0.115228 0.220759 0.664013
864 0.283226 0.310626 0.406148
5935 0.397759 0.561228 0.041013
5383 0.199197 0.060787 0.740016
12448 0.094337 0.509656 0.396007
9509 0.377475 0.475149 0.147376
7621 0.127007 0.632138 0.240855
5614 0.067573 0.460592 0.471835
12197 0.659511 0.111682 0.228807
13736 0.162407 0.558785 0.278808
5578 0.098211 0.802467 0.099322
12523 0.445123 0.390231 0.164645
5243 0.110355 0.826568 0.063077
12238 0.486640 0.225501 0.287859
12192 0.055291 0.933570 0.011139
5304 0.437662 0.188870 0.373468
5312 0.087313 0.267108 0.645580
9010 0.731823 0.107483 0.160694
9034 0.309147 0.205269 0.485585
4441 0.300753 0.063715 0.635532
4439 0.270150 0.211537 0.518314
11874 0.213248 0.610764 0.175988
4433 0.196446 0.489762 0.313791
9031 0.587367 0.216209 0.196424
11873 0.895936 0.010503 0.093561
4431 0.482671 0.202718 0.314611
4436 0.070395 0.415454 0.514150
1112 0.537940 0.168005 0.294055
4428 0.146307 0.115667 0.738025
401 0.257694 0.219433 0.522874
401 0.022804 0.004726 0.972470
173 0.208310 0.437876 0.353814
10335 0.052217 0.013644 0.934139
368 0.227460 0.089543 0.682998
355 0.288802 0.000000 0.711198
355 0.200849 0.056672 0.742478
10258 0.080735 0.735023 0.184242
10258 0.776761 0.176513 0.046727
10338 0.021773 0.264151 0.714076
10338 0.155760 0.415078 0.429162
171 0.479543 0.030720 0.489738
374 0.083587 0.227353 0.689060
10358 0.369333 0.174771 0.455896
10358 0.178819 0.558268 0.262913
405 0.363865 0.244513 0.391622
403 0.559445 0.196563 0.243992
7047 0.047105 0.702084 0.250811
349 0.413408 0.160013 0.426579
10337 0.004653 0.480163 0.515184
10337 0.032041 0.150568 0.817391
10258 0.337428 0.069546 0.593026
12996 0.048878 0.356670 0.594452
172 0.393450 0.520626 0.085924
172 0.024382 0.188807 0.786811
372 0.072036 0.842313 0.085651
10334 0.740405 0.124973 0.134623
10331 0.153622 0.437179 0.409199
10335 0.078493 0.107990 0.813517
355 0.325174 0.000000 0.674826
355 0.174285 0.192774 0.632941
10358 0.535091 0.243945 0.220964
10358 0.292308 0.295833 0.411859
172 0.309118 0.080451 0.610431
172 0.024549 0.022916 0.952535
11932 0.369559 0.220982 0.409458
9052 0.454721 0.422917 0.122362
9043 0.196223 0.132381 0.671396
11932 0.009705 0.179830 0.810465
11931 0.668810 0.266444 0.064746
4575 0.359409 0.484114 0.156477
4606 0.440081 0.289298 0.270621
4602 0.224152 0.376667 0.399181
4607 0.719836 0.038258 0.241906
4588 0.570669 0.182859 0.246472
4608 0.503206 0.401920 0.094874
11933 0.207875 0.560273 0.231852
4605 0.126963 0.085113 0.787924
13317 0.469895 0.408682 0.121422
4594 0.458635 0.280245 0.261119
13317 0.099352 0.034847 0.865801
4520 0.325253 0.659064 0.015683
4520 0.426013 0.215761 0.358226
4520 0.051173 0.147561 0.801265
152 0.495073 0.424737 0.080190
4533 0.567018 0.000000 0.432982
13314 0.009956 0.487869 0.502175
4533 0.045077 0.777482 0.177441
10339 0.748656 0.071111 0.180233
10355 0.254199 0.017371 0.728431
171 0.380060 0.000162 0.619778
10331 0.005517 0.012050 0.982433
10714 0.054589 0.565661 0.379749
7405 0.281842 0.147623 0.570535
7405 0.038005 0.077200 0.884795
10339 0.469139 0.030543 0.500317
10341 0.245629 0.724524 0.029847
10340 0.257082 0.010159 0.732759
13012 0.173734 0.725006 0.101259
405 0.172849 0.503011 0.324140
7404 0.233684 0.343799 0.422518
372 0.604917 0.395083 0.000000
10331 0.149676 0.427620 0.422704
10334 0.545935 0.299626 0.154438
10324 0.383569 0.025089 0.591343
374 0.238264 0.611732 0.150004
374 0.123668 0.471558 0.404774
171 0.744119 0.186918 0.068963
13012 0.276562 0.668272 0.055166
13012 0.609132 0.000000 0.390868
405 0.359616 0.473223 0.167161
403 0.627765 0.241137 0.131098
4358 0.326750 0.673250 0.000000
4358 0.626157 0.373843 0.000000
8951 0.117678 0.507401 0.374921
11832 0.490087 0.183008 0.326905
8951 0.070888 0.279039 0.650073
4606 0.305604 0.238271 0.456125
4602 0.464703 0.407544 0.127753
4602 0.621993 0.343486 0.034521
4606 0.423437 0.356900 0.219663
9052 0.344187 0.499478 0.156335
9052 0.018809 0.713491 0.267700
9052 0.330667 0.416726 0.252607
9052 0.691982 0.137777 0.170241
13319 0.202796 0.469242 0.327962
4613 0.548788 0.292571 0.158641
13319 0.442794 0.031502 0.525703
13319 0.059226 0.667199 0.273576
11925 0.503932 0.109087 0.386981
9047 0.810449 0.007611 0.181940
9056 0.464326 0.451526 0.084148
9047 0.281393 0.463683 0.254923
11927 0.414640 0.495256 0.090104
13299 0.219065 0.291631 0.489304
9066 0.193790 0.336136 0.470073
13671 0.468938 0.094641 0.436421
4611 0.339467 0.085984 0.574549
9066 0.415933 0.308661 0.275406
4602 0.491317 0.087998 0.420685
4611 0.083726 0.444600 0.471674
4602 0.469579 0.388056 0.142364
9052 0.185496 0.695853 0.118651
11932 0.426653 0.327606 0.245741
4614 0.124249 0.778507 0.097244
9063 0.169291 0.807943 0.022766
9065 0.281921 0.118081 0.599999
9066 0.704500 0.031803 0.263697
4635 0.209367 0.144903 0.645730
19 0.353690 0.459386 0.186924
756 0.722157 0.169856 0.107987
752 0.101050 0.133602 0.765349
13033 0.315601 0.559581 0.124818
808 0.201035 0.776997 0.021968
812 0.532883 0.339768 0.127349
1229 0.000000 0.238611 0.761389
12506 0.356778 0.388068 0.255153
11996 0.133011 0.338997 0.527992
12053 0.743572 0.051019 0.205409
6452 0.411139 0.313527 0.275334
11944 0.581805 0.412920 0.005275
11885 0.092774 0.438321 0.468905
9008 0.334181 0.541469 0.124351
4444 0.194687 0.519758 0.285555
9011 0.661776 0.169009 0.169214
6578 0.200130 0.129212 0.670658
9023 0.326008 0.626573 0.047419
9022 0.360044 0.518469 0.121488
4588 0.080019 0.378565 0.541416
4561 0.270012 0.523203 0.206785
9008 0.844554 0.050041 0.105405
10659 0.033544 0.828581 0.137875
4512 0.315207 0.025292 0.659502
9017 0.221638 0.084098 0.694264
1116 0.137087 0.186695 0.676218
10659 0.148798 0.316377 0.534825
9017 0.051651 0.120551 0.827799
10659 0.010555 0.685573 0.303872
4506 0.434867 0.336120 0.229013
4507 0.305574 0.622356 0.072070
13309 0.389804 0.353310 0.256886
4476 0.090045 0.589577 0.320378
11891 0.189025 0.387435 0.423539
4494 0.721460 0.067486 0.211054
4475 0.131642 0.271836 0.596522
4509 0.615882 0.230948 0.153170
9018 0.049921 0.286815 0.663264
11886 0.496271 0.243086 0.260643
11886 0.674351 0.258893 0.066756
13310 0.323649 0.096255 0.580097
11901 0.513178 0.202312 0.284510
10246 0.606777 0.000000 0.393223
151 0.203901 0.666569 0.129530
4518 0.683646 0.301216 0.015138
13312 0.877785 0.027311 0.094904
4509 0.000000 0.286302 0.713698
7156 0.009636 0.272073 0.718291
5125 0.048788 0.369104 0.582108
12186 0.155926 0.175778 0.668296
5118 0.641074 0.029908 0.329018
9632 0.123157 0.510640 0.366203
4832 0.002936 0.528397 0.468667
13324 0.216150 0.533944 0.249906
12032 0.018346 0.173171 0.808483
12017 0.004550 0.370169 0.625281
6974 0.504022 0.495978 0.000000
10107 0.826430 0.000000 0.173570
7552 0.255829 0.183533 0.560637
10092 0.153623 0.282443 0.563934
12853 0.137429 0.117769 0.744803
12858 0.168337 0.000000 0.831663
10094 0.594094 0.376150 0.029756
10094 0.149845 0.161406 0.688749
13458 0.780958 0.203540 0.015502
12869 0.137684 0.236435 0.625881
4724 0.074295 0.586913 0.338793
12108 0.583772 0.041059 0.375169
8955 0.261104 0.081835 0.657060
8958 0.207031 0.465186 0.327782
4510 0.865686 0.111692 0.022622
13312 0.105727 0.462797 0.431477
9030 0.934148 0.017455 0.048397
12810 0.577056 0.077200 0.345744
1227 0.000000 0.071918 0.928082
6924 0.228228 0.637000 0.134772
7043 0.131374 0.068346 0.800280
10065 0.046423 0.499291 0.454287
10119 0.474708 0.288168 0.237124
10704 0.000000 0.385505 0.614495
12877 0.173966 0.633695 0.192339
4687 0.634755 0.030028 0.335217
10027 0.001774 0.238478 0.759748
12796 0.561559 0.082177 0.356263
7054 0.739336 0.057117 0.203547
6964 0.073747 0.418557 0.507695
6905 0.445710 0.554290 0.000000
12774 0.434661 0.014014 0.551325
22 0.296056 0.558790 0.145154
4869 0.445738 0.284225 0.270037
4876 0.224954 0.607934 0.167112
346 0.142975 0.082247 0.774778
7394 0.218164 0.078270 0.703566
346 0.037519 0.690262 0.272219
10317 0.318082 0.351244 0.330674
5333 0.179354 0.347593 0.473054
13730 0.797743 0.019676 0.182581
5194 0.014084 0.033269 0.952648
7039 0.385924 0.000658 0.613418
10704 0.091835 0.371773 0.536392
7041 0.173290 0.267754 0.558957
12876 0.149152 0.263560 0.587288
6860 0.289100 0.338378 0.372522
4779 0.760306 0.023492 0.216202
12001 0.122784 0.016111 0.861106
7545 0.012023 0.356836 0.631141
10107 0.065929 0.836894 0.097177
11974 0.329621 0.272948 0.397431
9103 0.389662 0.397575 0.212763
12835 0.441627 0.556872 0.001502
6976 0.194084 0.259259 0.546657
12837 0.321349 0.435545 0.243105
6979 0.484960 0.229384 0.285656
6979 0.848276 0.151724 0.000000
9098 0.000000 0.351997 0.648003
11963 0.185449 0.426477 0.388075
4673 0.448906 0.000000 0.551094
10095 0.877482 0.120208 0.002310
13461 0.291456 0.234725 0.473819
4673 0.013627 0.231436 0.754937
9096 0.307643 0.671501 0.020856
10118 0.531110 0.244972 0.223919
10256 0.736290 0.116554 0.147156
10255 0.294629 0.126051 0.579320
10317 0.835957 0.005807 0.158236
348 0.245617 0.675059 0.079325
7320 0.937618 0.023388 0.038994
7400 0.696357 0.049315 0.254328
7375 0.229577 0.355625 0.414797
317 0.089122 0.379840 0.531038
10253 0.066168 0.689894 0.243938
7381 0.168511 0.760546 0.070942
12995 0.230629 0.123202 0.646169
327 0.608435 0.157160 0.234405
7376 0.744787 0.226287 0.028926
310 0.376548 0.270237 0.353215
7377 0.521260 0.065794 0.412946
317 0.030663 0.566093 0.403244
10310 0.494621 0.117612 0.387767
10305 0.461703 0.000000 0.538297
10307 0.519337 0.171222 0.309441
1216 0.279422 0.200413 0.520165
6768 0.270386 0.272930 0.456683
6762 0.071540 0.337951 0.590509
6765 0.379858 0.042753 0.577389
13296 0.459737 0.464602 0.075661
4303 0.452047 0.338351 0.209603
9961 0.533026 0.264225 0.202749
9964 0.357622 0.025122 0.617257
4542 0.328953 0.633789 0.037258
4540 0.679265 0.039078 0.281656
4326 0.312745 0.449921 0.237334
4323 0.591258 0.179464 0.229278
1122 0.261992 0.690034 0.047974
8948 0.276212 0.083624 0.640164
13670 0.055795 0.540436 0.403768
11840 0.381476 0.050286 0.568239
11820 0.033439 0.340687 0.625875
6758 0.718223 0.025445 0.256332
9038 0.123897 0.101899 0.774203
9045 0.369448 0.509723 0.120829
4537 0.328409 0.233501 0.438091
4556 0.457917 0.075868 0.466215
4579 0.488178 0.126724 0.385098
4555 0.403903 0.065108 0.530989
9055 0.153301 0.704207 0.142492
9055 0.151355 0.086757 0.761889
4558 0.015629 0.047394 0.936977
4538 0.544959 0.325800 0.129241
9042 0.273843 0.243813 0.482344
4509 0.342494 0.401323 0.256182
4509 0.399713 0.270723 0.329564
1118 0.554015 0.370368 0.075617
12980 0.714689 0.001488 0.283822
12980 0.351617 0.265398 0.382985
1118 0.136849 0.535545 0.327606
4507 0.056353 0.812558 0.131089
4501 0.192016 0.009462 0.798522
7713 0.389428 0.288717 0.321855
10246 0.322147 0.000000 0.677853
1119 0.525536 0.244818 0.229646
7713 0.606847 0.353316 0.039837
4512 0.249277 0.099298 0.651426
4477 0.164239 0.175656 0.660104
4480 0.436719 0.367756 0.195525
150 0.534492 0.047268 0.418240
4512 0.299651 0.376175 0.324175
4513 0.769091 0.192197 0.038712
4510 0.155296 0.775524 0.069180
4512 0.597790 0.144766 0.257443
4320 0.579828 0.410457 0.009715
4477 0.514101 0.483183 0.002716
11884 0.434720 0.319251 0.246029
4519 0.350887 0.450981 0.198132
155 0.069731 0.254743 0.675526
7309 0.371957 0.010022 0.618021
13310 0.240904 0.022958 0.736139
9018 0.129746 0.288054 0.582201
11886 0.736319 0.134646 0.129035
1116 0.159053 0.725339 0.115607
151 0.206634 0.458137 0.335230
4509 0.000000 0.307336 0.692664
13312 0.643005 0.194791 0.162204
151 0.416625 0.422098 0.161277
10245 0.159641 0.805288 0.035071
7309 0.395755 0.423360 0.180885
9018 0.163099 0.013086 0.823815
11824 0.130833 0.253969 0.615198
4477 0.341851 0.279641 0.378508
11884 0.288844 0.212122 0.499034
4480 0.048184 0.757812 0.194004
4508 0.997153 0.002847 0.000000
4509 0.332826 0.395181 0.271993
1118 0.274675 0.518768 0.206557
11903 0.330853 0.598498 0.070649
9021 0.367202 0.277940 0.354858
4519 0.831457 0.145457 0.023086
4516 0.404486 0.320545 0.274969
4513 0.601517 0.232127 0.166355
4512 0.239329 0.576169 0.184502
13311 0.943226 0.013374 0.043400
4513 0.347528 0.405024 0.247448
4320 0.482092 0.382625 0.135283
11824 0.819518 0.019943 0.160539
11884 0.407137 0.141991 0.450873
4515 0.210099 0.156036 0.633865
151 0.684525 0.190034 0.125440
11825 0.098502 0.180812 0.720685
11824 0.053354 0.013418 0.933228
1120 0.720238 0.027109 0.252653
13312 0.563164 0.088943 0.347893
4475 0.809503 0.147136 0.043361
7172 0.652548 0.246312 0.101140
6784 0.377488 0.150474 0.472038
11821 0.377953 0.073874 0.548173
6767 0.055265 0.586376 0.358359
6649 0.014020 0.213087 0.772893
7223 0.053349 0.849386 0.097265
12928 0.641707 0.316507 0.041786
10178 0.615040 0.308015 0.076945
9578 0.236051 0.169574 0.594375
390 0.197434 0.000000 0.802566
391 0.473123 0.056154 0.470724
6963 0.077735 0.830895 0.091370
10072 0.170325 0.350785 0.478889
10076 0.271430 0.728570 0.000000
6996 0.207236 0.347531 0.445234
6994 0.230239 0.182236 0.587525
6991 0.469248 0.087669 0.443083
6983 0.149567 0.068323 0.782110
11 0.000000 1.000000 0.000000
744 0.000000 0.854008 0.145992
449 0.292328 0.707672 0.000000
11871 0.099906 0.897386 0.002708
11872 0.194782 0.125450 0.679768
4577 0.513036 0.146146 0.340818
155 0.201393 0.738419 0.060187
11825 0.604203 0.251930 0.143867
4505 0.493135 0.078581 0.428284
4535 0.518612 0.207716 0.273671
1117 0.921617 0.014342 0.064041
4518 0.476687 0.347164 0.176148
8949 0.675592 0.145630 0.178778
10661 0.827010 0.092542 0.080448
9046 0.269132 0.332276 0.398592
7715 0.092291 0.291202 0.616507
4560 0.118961 0.770204 0.110835
4583 0.817973 0.054301 0.127726
4597 0.655152 0.187289 0.157559
11929 0.461221 0.430424 0.108356
4596 0.169012 0.747234 0.083754
9061 0.047787 0.585315 0.366899
9064 0.112195 0.742342 0.145463
9050 0.055504 0.124542 0.819954
11915 0.149943 0.102943 0.747115
9036 0.258511 0.136984 0.604505
10660 0.053678 0.343963 0.602359
4321 0.732078 0.193142 0.074780
1121 0.674671 0.308751 0.016578
4539 0.204093 0.600123 0.195785
143 0.472523 0.190870 0.336607
9021 0.676887 0.058965 0.264148
4593 0.009994 0.709913 0.280093
11925 0.030504 0.457586 0.511909
4558 0.330121 0.454725 0.215154
9039 0.187498 0.460959 0.351543
9048 0.003786 0.349792 0.646422
4559 0.356965 0.162356 0.480679
4560 0.312395 0.189047 0.498558
4614 0.142501 0.387488 0.470011
4614 0.254173 0.171787 0.574040
11927 0.830714 0.119175 0.050111
13299 0.072912 0.652596 0.274492
4592 0.203740 0.055856 0.740404
4609 0.127846 0.362669 0.509484
13299 0.006048 0.467543 0.526409
4614 0.276174 0.469732 0.254094
13299 0.372908 0.540586 0.086506
9052 0.179638 0.619085 0.201277
4606 0.032035 0.430077 0.537888
4606 0.126567 0.599710 0.273723
11925 0.107925 0.831216 0.060859
11925 0.266874 0.554030 0.179096
11927 0.620832 0.046315 0.332853
9066 0.049199 0.574419 0.376382
10660 0.159880 0.787866 0.052254
11909 0.606218 0.092144 0.301638
4529 0.720039 0.103615 0.176345
9036 0.184506 0.804776 0.010718
4528 0.461021 0.227238 0.311741
9036 0.465971 0.142195 0.391834
4522 0.854633 0.131090 0.014277
9018 0.574875 0.123211 0.301914
9018 0.254305 0.272386 0.473309
9020 0.381704 0.204469 0.413827
9025 0.177832 0.187960 0.634207
4522 0.386548 0.060770 0.552682
9024 0.707067 0.212767 0.080165
4598 0.473256 0.466967 0.059777
13663 0.411025 0.267177 0.321798
4560 0.799563 0.140709 0.059728
4584 0.915572 0.045773 0.038655
13319 0.024585 0.881334 0.094081
11932 0.237577 0.652877 0.109546
11932 0.062162 0.787783 0.150054
4609 0.014282 0.856407 0.129311
4518 0.126644 0.430996 0.442360
4566 0.667265 0.318270 0.014465
102 0.646102 0.352841 0.001057
13312 0.032308 0.052676 0.915015
8949 0.306294 0.452425 0.241281
11902 0.176996 0.736008 0.086995
13668 0.424687 0.057200 0.518113
13669 0.032559 0.927712 0.039729
9029 0.015092 0.723859 0.261048
4526 0.348989 0.367307 0.283704
11910 0.219403 0.409162 0.371435
11903 0.495950 0.414348 0.089703
11902 0.608680 0.112747 0.278572
7714 0.054158 0.721063 0.224779
11846 0.309543 0.411556 0.278902
4603 0.208496 0.546525 0.244979
13300 0.518852 0.330290 0.150858
4602 0.533220 0.219536 0.247244
4602 0.558473 0.385809 0.055718
11932 0.624055 0.171685 0.204260
13319 0.354288 0.447932 0.197780
4613 0.387107 0.406161 0.206733
13671 0.522242 0.328446 0.149312
4613 0.031288 0.230401 0.738310
4613 0.335105 0.105148 0.559747
4610 0.136443 0.512135 0.351421
4614 0.299031 0.561318 0.139651
4575 0.882694 0.009654 0.107652
11932 0.313764 0.674102 0.012135
4612 0.779805 0.163416 0.056779
4606 0.265610 0.453837 0.280553
4611 0.675880 0.298152 0.025968
4614 0.415198 0.430044 0.154759
9066 0.195563 0.361247 0.443190
4614 0.606508 0.022086 0.371406
4613 0.089891 0.670608 0.239501
13319 0.143111 0.321905 0.534984
4612 0.568018 0.099408 0.332574
4612 0.457843 0.396008 0.146149
9052 0.354253 0.497206 0.148541
11932 0.641065 0.139718 0.219217
11932 0.820084 0.024752 0.155163
9052 0.630800 0.315473 0.053727
4606 0.157208 0.207764 0.635028
13319 0.227811 0.073762 0.698427
4613 0.513481 0.449564 0.036955
4614 0.539998 0.165069 0.294933
9066 0.514262 0.176709 0.309029
13671 0.606566 0.082263 0.311171
4290 0.297827 0.454200 0.247972
8971 0.625509 0.008550 0.365941
4323 0.192304 0.463606 0.344090
4317 0.240539 0.592855 0.166606
13653 0.000000 0.364475 0.635525
4316 0.543255 0.000000 0.456745
8969 0.113795 0.628793 0.257412
7377 0.145581 0.810259 0.044160
9092 0.223662 0.460943 0.315394
1229 0.000000 0.413874 0.586126
1229 0.000000 0.477855 0.522145
1229 0.000000 0.184751 0.815249
4554 0.046266 0.015284 0.938450
9036 0.744801 0.081836 0.173363
11909 0.198716 0.685648 0.115636
4528 0.124034 0.186532 0.689434
4519 0.049496 0.843166 0.107339
9100 0.179604 0.634780 0.185616
12845 0.081395 0.187323 0.731282
4660 0.322394 0.400050 0.277556
9083 0.209217 0.437228 0.353555
11956 0.035110 0.821552 0.143337
396 0.643443 0.059632 0.296925
396 0.325177 0.514432 0.160390
170 0.595547 0.258902 0.145550
7043 0.489109 0.109514 0.401378
7406 0.322542 0.129567 0.547891
12878 0.396277 0.361807 0.241916
12878 0.157844 0.304217 0.537938
340 0.871188 0.000000 0.128812
10306 0.025502 0.974498 0.000000
345 0.403471 0.542746 0.053783
11859 0.381974 0.505250 0.112776
10037 0.759441 0.007340 0.233219
12884 0.727531 0.234607 0.037862
7765 0.076549 0.358243 0.565208
7759 0.276010 0.137090 0.586900
9957 0.405696 0.105309 0.488995
11815 0.432153 0.514570 0.053277
9914 0.209885 0.591351 0.198764
6759 0.576090 0.330107 0.093803
13436 0.110544 0.802373 0.087083
6809 0.486018 0.409245 0.104737
6642 0.149172 0.080349 0.770479
6641 0.325669 0.492454 0.181877
6635 0.115001 0.694068 0.190931
6632 0.199726 0.165953 0.634321
6761 0.576004 0.365151 0.058845
6636 0.385893 0.281794 0.332314
4309 0.821603 0.123772 0.054625
4312 0.021959 0.350027 0.628014
6754 0.105439 0.237696 0.656866
6624 0.123911 0.801279 0.074811
4313 0.141630 0.000000 0.858370
6639 0.357624 0.330311 0.312064
6646 0.699113 0.193977 0.106910
9981 0.060274 0.428306 0.511420
6806 0.064284 0.441110 0.494606
12694 0.473228 0.119373 0.407399
4276 0.528256 0.421598 0.050146
7590 0.691264 0.007873 0.300864
11925 0.732199 0.183351 0.084450
4606 0.228627 0.601024 0.170348
4613 0.671546 0.092605 0.235849
4580 0.800051 0.118911 0.081037
4592 0.512465 0.323503 0.164032
4554 0.008785 0.352632 0.638583
4534 0.319221 0.467988 0.212790
11908 0.388328 0.399919 0.211753
12810 0.022809 0.175288 0.801903
4517 0.216083 0.274849 0.509069
4519 0.718413 0.222811 0.058776
6779 0.000000 0.292213 0.707787
152 0.608829 0.091732 0.299439
4564 0.660655 0.315455 0.023890
10818 0.107290 0.175196 0.717514
13667 0.242850 0.644447 0.112704
4519 0.276277 0.599473 0.124250
155 0.000000 0.148115 0.851885
142 0.484802 0.000000 0.515198
142 0.396564 0.098839 0.504597
4527 0.596081 0.195310 0.208609
13314 0.611944 0.107475 0.280582
4553 0.439556 0.370079 0.190365
13668 0.191547 0.522309 0.286144
4524 0.260625 0.278403 0.460972
4517 0.082051 0.720568 0.197381
11932 0.451811 0.389346 0.158843
4610 0.259461 0.227336 0.513203
4592 0.978098 0.000000 0.021902
4610 0.770916 0.037997 0.191087
4592 0.697110 0.242447 0.060443
4610 0.626229 0.171677 0.202095
4580 0.301569 0.681572 0.016858
11905 0.344205 0.036058 0.619737
403 0.260566 0.005806 0.733628
10358 0.437818 0.357452 0.204731
10324 0.124054 0.596158 0.279788
171 0.656256 0.148877 0.194868
378 0.040948 0.750490 0.208562
405 0.015164 0.668585 0.316252
7404 0.340349 0.485604 0.174047
10334 0.546658 0.301884 0.151458
10338 0.095648 0.118242 0.786109
372 0.057754 0.374490 0.567756
349 0.135818 0.000341 0.863841
7046 0.228055 0.476682 0.295263
304 0.584068 0.017040 0.398892
305 0.000000 0.667610 0.332390
325 0.416335 0.251220 0.332445
1133 0.858259 0.001885 0.139856
365 0.106133 0.203678 0.690190
10332 0.110286 0.227902 0.661812
10321 0.031546 0.595299 0.373156
336 0.465444 0.151149 0.383407
165 0.172668 0.800659 0.026673
4662 0.031218 0.386352 0.582430
318 0.387292 0.437961 0.174747
10320 0.215700 0.562654 0.221646
10670 0.236921 0.369218 0.393861
4679 0.204794 0.032050 0.763156
9387 0.143824 0.087005 0.769172
9347 0.503824 0.388982 0.107194
12871 0.357957 0.018508 0.623535
11977 0.213350 0.699575 0.087074
11978 0.489980 0.506774 0.003246
4613 0.432745 0.218940 0.348315
4613 0.606378 0.279883 0.113739
4361 0.133648 0.072028 0.794323
7416 0.485477 0.136452 0.378071
10357 0.004577 0.841298 0.154125
355 0.319608 0.021885 0.658507
10328 0.651877 0.067113 0.281010
7415 0.201905 0.558950 0.239145
172 0.453799 0.021454 0.524747
370 0.092594 0.211850 0.695556
369 0.467159 0.449888 0.082953
303 0.011505 0.776258 0.212237
345 0.140020 0.153908 0.706072
13314 0.091338 0.296804 0.611858
7710 0.079270 0.207108 0.713622
11839 0.233671 0.640257 0.126073
