24078 0.044272 0.922654 0.033074
24079 0.810066 0.014928 0.175006
24077 0.237464 0.352425 0.410111
57 0.208925 0.388998 0.402077
24042 0.603541 0.083035 0.313424
24026 0.159414 0.026876 0.813710
46 0.279135 0.506086 0.214779
24057 0.105848 0.375655 0.518497
24055 0.064801 0.027211 0.907988
4 0.357018 0.299086 0.343896
54 0.230756 0.553474 0.215770
23982 0.037333 0.498193 0.464474
319 0.304355 0.255982 0.439663
24058 0.149877 0.579290 0.270833
12155 0.025627 0.560790 0.413584
24046 0.055137 0.536410 0.408453
12171 0.179034 0.673984 0.146982
24039 0.391940 0.025865 0.582196
319 0.139099 0.787322 0.073578
24032 0.030210 0.913204 0.056586
24026 0.640642 0.029902 0.329456
318 0.105661 0.269052 0.625287
3088 0.587518 0.061531 0.350952
18308 0.507079 0.392715 0.100206
18276 0.325182 0.068846 0.605971
18276 0.468925 0.083232 0.447844
3088 0.565824 0.223220 0.210956
18276 0.610456 0.102993 0.286551
3155 0.032550 0.211791 0.755658
3155 0.017611 0.375196 0.607193
3155 0.042790 0.050353 0.906856
18266 0.016187 0.140440 0.843373
18307 0.184400 0.470862 0.344737
18291 0.814810 0.006594 0.178596
24025 0.380517 0.040751 0.578731
24026 0.953525 0.027747 0.018728
18002 0.199218 0.178927 0.621855
18002 0.339132 0.205394 0.455474
18002 0.063608 0.151587 0.784805
18266 0.163168 0.149432 0.687400
18291 0.962722 0.023553 0.013726
18307 0.326381 0.484619 0.189000
18003 0.667757 0.098841 0.233402
18266 0.318779 0.160599 0.520622
18265 0.110802 0.033364 0.855834
18307 0.473624 0.502242 0.024134
18003 0.526596 0.077518 0.395886
18266 0.767141 0.178206 0.054653
3087 0.455483 0.449342 0.095174
18265 0.531980 0.036261 0.431759
18003 0.385684 0.053922 0.560393
24048 0.570372 0.282653 0.146975
20162 0.266596 0.673655 0.059750
12170 0.230747 0.019429 0.749824
18304 0.016177 0.002918 0.980905
318 0.038902 0.659197 0.301901
24025 0.740594 0.040552 0.218854
24011 0.208494 0.022250 0.769256
3091 0.884626 0.060081 0.055293
18291 0.037759 0.953534 0.008707
3128 0.033527 0.158655 0.807818
3128 0.014233 0.617387 0.368380
18304 0.059119 0.560152 0.380728
3158 0.787469 0.139483 0.073047
18265 0.676138 0.047061 0.276801
3121 0.235699 0.688795 0.075506
18002 0.062500 0.796148 0.141352
3120 0.170853 0.030951 0.798196
3121 0.315374 0.206491 0.478135
3128 0.000958 0.784268 0.214774
18313 0.933859 0.012020 0.054121
3121 0.345610 0.035300 0.619090
18304 0.173932 0.015958 0.810110
18292 0.131463 0.169442 0.699095
18265 0.786142 0.077467 0.136390
18304 0.220845 0.587068 0.192087
318 0.038418 0.893081 0.068501
18003 0.242889 0.621793 0.135318
18314 0.356899 0.010075 0.633026
23983 0.257824 0.242823 0.499353
23999 0.119598 0.535199 0.345203
8 0.104618 0.663373 0.232010
24013 0.073755 0.051120 0.875125
24011 0.449065 0.026042 0.524893
24024 0.883023 0.034676 0.082301
18304 0.327860 0.031196 0.640944
3122 0.451805 0.383716 0.164480
18292 0.658618 0.240514 0.100868
3099 0.409159 0.283972 0.306869
18316 0.246527 0.078480 0.674993
18316 0.686396 0.064353 0.249251
18316 0.114775 0.078662 0.806563
18316 0.013914 0.081233 0.904852
18304 0.760741 0.064648 0.174611
18314 0.504655 0.015209 0.480136
299 0.310593 0.255798 0.433609
12 0.694393 0.276354 0.029253
317 0.066248 0.071080 0.862672
18314 0.633118 0.023469 0.343413
18314 0.968565 0.024836 0.006599
3122 0.471484 0.207942 0.320574
310 0.070859 0.925784 0.003357
3097 0.762774 0.236156 0.001069
308 0.606774 0.390630 0.002596
24013 0.387599 0.048994 0.563406
24011 0.674941 0.031258 0.293801
24023 0.226830 0.031290 0.741880
18315 0.103583 0.026179 0.870238
3122 0.505224 0.028415 0.466361
306 0.218278 0.666906 0.114815
18315 0.250058 0.028644 0.721298
308 0.091563 0.846259 0.062178
299 0.191932 0.632768 0.175300
18004 0.124791 0.419685 0.455524
18315 0.660118 0.028817 0.311066
309 0.195268 0.101172 0.703560
310 0.049353 0.249615 0.701033
24021 0.367653 0.430120 0.202227
3101 0.487225 0.279189 0.233586
3101 0.452682 0.457176 0.090141
18148 0.050627 0.581210 0.368163
18149 0.354661 0.404747 0.240592
308 0.060050 0.358618 0.581332
18149 0.210372 0.364228 0.425400
18315 0.961836 0.035277 0.002887
18149 0.073490 0.324031 0.602480
24013 0.765106 0.046740 0.188154
24023 0.674844 0.007561 0.317595
24012 0.031798 0.009702 0.958499
24001 0.086271 0.906007 0.007723
317 0.099313 0.328364 0.572323
331 0.591927 0.172069 0.236004
17993 0.645025 0.253515 0.101460
24023 0.149417 0.787966 0.062617
311 0.027504 0.373919 0.598577
315 0.118250 0.327686 0.554064
342 0.014031 0.474448 0.511521
307 0.440992 0.034594 0.524414
3092 0.718745 0.266424 0.014831
3092 0.876970 0.120931 0.002099
3078 0.016496 0.952154 0.031350
3078 0.045431 0.473546 0.481024
312 0.021784 0.654983 0.323233
3078 0.063131 0.298515 0.638354
23992 0.447749 0.431913 0.120338
3078 0.077090 0.130652 0.792259
17993 0.473607 0.220616 0.305777
3077 0.078806 0.689814 0.231380
24059 0.588475 0.084452 0.327073
17993 0.347644 0.110494 0.541862
317 0.073014 0.877106 0.049881
3077 0.082504 0.530461 0.387035
320 0.245896 0.627122 0.126982
331 0.029127 0.913281 0.057592
316 0.299744 0.364814 0.335442
3077 0.086272 0.384754 0.528973
12122 0.330268 0.262630 0.407102
12146 0.419640 0.441688 0.138673
24049 0.221616 0.640043 0.138341
12131 0.359510 0.359486 0.281005
3077 0.075868 0.009643 0.914489
301 0.078510 0.302206 0.619284
3076 0.079012 0.861821 0.059167
293 0.440568 0.195597 0.363835
3076 0.080916 0.716282 0.202802
331 0.046554 0.559316 0.394130
3076 0.072221 0.335009 0.592770
196 0.611095 0.063939 0.324966
305 0.062954 0.499304 0.437741
3076 0.075963 0.046115 0.877922
301 0.067733 0.489945 0.442322
339 0.595914 0.281721 0.122365
5 0.812785 0.183670 0.003545
24051 0.242788 0.638083 0.119129
300 0.302953 0.289981 0.407066
23988 0.757865 0.034098 0.208037
196 0.194537 0.445073 0.360390
3124 0.567913 0.185093 0.246994
3124 0.541132 0.361095 0.097774
3124 0.597204 0.008287 0.394509
18006 0.177247 0.272600 0.550152
18006 0.030710 0.228945 0.740345
3112 0.807565 0.091143 0.101293
17995 0.523370 0.103801 0.372828
24002 0.055071 0.904604 0.040325
330 0.650559 0.244426 0.105015
17993 0.322217 0.269990 0.407793
17995 0.384462 0.076638 0.538900
24028 0.827008 0.115062 0.057930
23979 0.087489 0.001845 0.910666
333 0.675487 0.109795 0.214718
17995 0.251764 0.068149 0.680087
23993 0.503612 0.424851 0.071537
335 0.430296 0.402619 0.167084
17948 0.490170 0.015121 0.494708
23994 0.877942 0.021920 0.100139
321 0.312979 0.525436 0.161585
302 0.044170 0.181154 0.774676
23979 0.650380 0.054735 0.294885
333 0.151332 0.715513 0.133155
18299 0.005273 0.629262 0.365465
3080 0.206618 0.785879 0.007503
3080 0.048400 0.936266 0.015334
3086 1.000000 0.000000 0.000000
20125 0.271355 0.612821 0.115823
20174 0.417710 0.252314 0.329976
20166 0.108458 0.561385 0.330156
3086 0.443554 0.553318 0.003128
3086 0.288004 0.700560 0.011435
23994 0.528134 0.080169 0.391697
24001 0.473950 0.063185 0.462866
3083 0.008264 0.827898 0.163838
18296 0.177151 0.015597 0.807252
3083 0.010732 0.662877 0.326391
3083 0.011070 0.514156 0.474774
322 0.668952 0.122361 0.208687
18297 0.118192 0.009908 0.871900
20157 0.338548 0.405617 0.255835
18296 0.971404 0.009938 0.018658
18296 0.456670 0.014709 0.528621
18296 0.831430 0.006747 0.161822
334 0.819421 0.107398 0.073180
24001 0.586925 0.080438 0.332638
332 0.474232 0.329003 0.196765
17946 0.006276 0.046665 0.947058
23998 0.804320 0.041633 0.154047
24001 0.725010 0.152008 0.122982
17996 0.645759 0.210263 0.143978
3126 0.741565 0.065020 0.193415
17996 0.490435 0.171228 0.338336
17996 0.042291 0.053194 0.904515
18007 0.859828 0.039430 0.100742
3112 0.026182 0.721140 0.252678
3112 0.164357 0.263584 0.572059
23978 0.163093 0.173897 0.663010
3112 0.189786 0.114846 0.695367
17995 0.190399 0.789681 0.019920
329 0.258630 0.607915 0.133455
23986 0.189057 0.550300 0.260643
23985 0.176893 0.074675 0.748433
337 0.146054 0.610737 0.243209
329 0.208409 0.336231 0.455360
3292 0.259328 0.398465 0.342207
23978 0.679299 0.225477 0.095224
23994 0.005101 0.869460 0.125439
24002 0.308449 0.241598 0.449953
23996 0.026681 0.303391 0.669928
18295 0.194452 0.225160 0.580388
23997 0.222270 0.648345 0.129385
18014 0.386749 0.392117 0.221134
18295 0.488482 0.236741 0.274777
12167 0.070593 0.077451 0.851956
12165 0.891817 0.012271 0.095912
12126 0.094378 0.004290 0.901332
12127 0.288865 0.467417 0.243718
3075 0.768704 0.093236 0.138060
18303 0.001995 0.233515 0.764490
18303 0.148216 0.233588 0.618197
18303 0.560084 0.215163 0.224753
18317 0.241741 0.357701 0.400558
18317 0.236402 0.511776 0.251822
18317 0.226810 0.666774 0.106416
3080 0.081839 0.147391 0.770769
3083 0.779782 0.095208 0.125010
18303 0.709688 0.215873 0.074439
302 0.550422 0.056362 0.393216
3080 0.245050 0.000520 0.754430
18300 0.267504 0.591474 0.141022
20175 0.400184 0.335272 0.264544
3289 0.485650 0.358600 0.155749
18007 0.388630 0.157465 0.453904
18007 0.728459 0.115603 0.155938
18007 0.264421 0.150134 0.585444
18007 0.153764 0.137804 0.708432
23995 0.844738 0.145163 0.010100
23995 0.537362 0.207220 0.255419
23995 0.022500 0.302640 0.674860
23977 0.128891 0.365349 0.505760
17996 0.017728 0.632506 0.349767
3126 0.289873 0.113906 0.596221
3126 0.284217 0.315819 0.399964
23996 0.177989 0.666750 0.155261
3114 0.375221 0.415362 0.209417
20172 0.217220 0.742574 0.040207
12165 0.763743 0.066092 0.170165
23525 0.032566 0.045719 0.921715
3114 0.458534 0.222645 0.318821
20155 0.027373 0.347536 0.625092
324 0.005384 0.526419 0.468197
297 0.545673 0.116300 0.338027
18007 0.353849 0.450191 0.195959
12165 0.446635 0.195183 0.358182
177 0.687972 0.144392 0.167636
20172 0.606418 0.224976 0.168606
12135 0.180363 0.592208 0.227429
12136 0.241997 0.280007 0.477996
18007 0.229798 0.431893 0.338309
12130 1.000000 0.000000 0.000000
18007 0.120257 0.420182 0.459560
328 0.546053 0.258784 0.195162
18294 0.186588 0.499925 0.313487
328 0.473126 0.028396 0.498478
3074 0.481642 0.001301 0.517058
23995 0.005485 0.638254 0.356261
3074 0.471223 0.392807 0.135970
41 0.056476 0.133466 0.810058
39 0.349042 0.079740 0.571219
23987 0.404710 0.038799 0.556491
20170 0.126280 0.621537 0.252183
23523 0.345199 0.011075 0.643725
177 0.329183 0.260242 0.410575
325 0.020812 0.231915 0.747274
18305 0.004860 0.537278 0.457862
18305 0.149001 0.542792 0.308208
3098 0.651098 0.003023 0.345879
3098 0.501787 0.142619 0.355594
3081 0.063519 0.540251 0.396230
3084 0.448805 0.112273 0.438922
3098 0.345011 0.278940 0.376050
3081 0.266792 0.417738 0.315470
3081 0.415837 0.378331 0.205832
3084 0.424959 0.453118 0.121923
20153 0.357370 0.112538 0.530092
3084 0.440424 0.270200 0.289377
20480 0.115896 0.729071 0.155033
3243 0.272933 0.592244 0.134823
23976 0.072679 0.295790 0.631531
3114 0.225801 0.113155 0.661044
3114 0.264224 0.367928 0.367848
18007 0.190961 0.729075 0.079964
18007 0.078993 0.723916 0.197092
20176 0.709163 0.093197 0.197640
328 0.201980 0.536017 0.262004
3081 0.294401 0.053917 0.651682
328 0.125005 0.310362 0.564633
20139 0.296970 0.026224 0.676806
161 0.601729 0.360410 0.037862
23436 0.340044 0.429936 0.230020
161 0.584542 0.168301 0.247158
10970 0.035793 0.025620 0.938587
161 0.554147 0.027069 0.418784
3246 0.594679 0.091158 0.314163
10970 0.329057 0.429459 0.241484
23435 0.261093 0.462570 0.276337
3082 0.436425 0.409346 0.154230
18072 0.005875 0.481862 0.512263
23519 0.302647 0.117503 0.579850
20170 0.757774 0.000427 0.241799
20480 0.188604 0.311994 0.499402
298 0.403588 0.196385 0.400027
20178 0.255161 0.361572 0.383268
23435 0.095356 0.463784 0.440860
20479 0.058207 0.516583 0.425210
18012 0.192312 0.601962 0.205725
20479 0.384978 0.411754 0.203268
20179 0.268257 0.686578 0.045165
18293 0.162639 0.716554 0.120806
10969 0.671734 0.025798 0.302468
18306 0.275323 0.357497 0.367180
18306 0.199054 0.491228 0.309719
20491 0.168011 0.217635 0.614355
18306 0.149798 0.638967 0.211235
3100 0.002044 0.839730 0.158225
12132 0.093886 0.522627 0.383488
3085 0.247263 0.194661 0.558076
3113 0.503676 0.430974 0.065350
3085 0.184655 0.672014 0.143331
3100 0.040275 0.647010 0.312715
10976 0.056063 0.820312 0.123625
3100 0.066129 0.487056 0.446815
18151 0.110877 0.857731 0.031392
3085 0.164941 0.817214 0.017845
20487 0.329045 0.578112 0.092843
12132 0.790181 0.205653 0.004166
12134 0.161450 0.128673 0.709877
84 0.304303 0.649186 0.046510
1953 0.116448 0.385023 0.498529
18074 0.356976 0.374929 0.268094
3113 0.515791 0.015678 0.468532
12287 0.243421 0.207248 0.549331
3100 0.343400 0.362515 0.294085
12510 0.399657 0.114081 0.486261
37 0.537988 0.377628 0.084384
24063 0.042955 0.173944 0.783101
3269 0.077319 0.230972 0.691709
20477 0.072557 0.422273 0.505170
23474 0.113707 0.563906 0.322387
183 0.435182 0.028962 0.535856
20477 0.243068 0.385162 0.371770
20477 0.557829 0.306340 0.135831
10968 0.764435 0.101467 0.134098
3127 0.000031 0.828826 0.171143
20485 0.398888 0.021045 0.580067
3085 0.489658 0.488527 0.021815
20488 0.020017 0.703516 0.276467
12285 0.301216 0.151862 0.546922
20488 0.130920 0.616199 0.252881
20488 0.515617 0.276580 0.207803
33 0.384468 0.463274 0.152258
127 0.447628 0.067705 0.484667
18293 0.264303 0.361274 0.374423
23976 0.552758 0.169415 0.277828
17982 0.316841 0.516062 0.167097
3102 0.481828 0.350017 0.168155
3103 0.288034 0.485487 0.226480
1953 0.675245 0.282611 0.042144
23477 0.612861 0.257458 0.129681
24067 0.388333 0.511329 0.100338
1957 0.167015 0.249873 0.583112
1964 0.112311 0.059569 0.828121
19 0.582900 0.088374 0.328727
12432 0.180236 0.366984 0.452779
3183 0.175184 0.770898 0.053918
17 0.053047 0.457773 0.489180
17994 0.105021 0.534457 0.360522
12429 0.287350 0.442750 0.269900
20137 0.040789 0.482071 0.477140
12143 0.177949 0.416504 0.405547
85 0.353934 0.044055 0.602011
18085 0.005880 0.255338 0.738781
24066 0.088038 0.636815 0.275147
20142 0.362138 0.274003 0.363860
20476 0.464547 0.010535 0.524919
20476 0.298454 0.019959 0.681587
20476 0.097663 0.030523 0.871814
3109 0.381621 0.470184 0.148194
3107 0.074110 0.557815 0.368075
3184 0.119515 0.749005 0.131480
11049 0.024763 0.742513 0.232724
19108 0.648566 0.130361 0.221073
18076 0.589883 0.255461 0.154655
19096 0.387779 0.045801 0.566421
11050 0.043586 0.017761 0.938653
11050 0.222810 0.352637 0.424554
11050 0.318362 0.484633 0.197005
20473 0.150482 0.509534 0.339984
34 0.318359 0.360674 0.320967
18009 0.162327 0.759513 0.078159
3104 0.182083 0.568940 0.248977
20473 0.498507 0.338251 0.163241
20473 0.810754 0.141665 0.047581
18085 0.205627 0.397747 0.396626
85 0.096113 0.153623 0.750264
12433 0.170978 0.300477 0.528546
20132 0.691552 0.023550 0.284898
1958 0.582458 0.258491 0.159052
23488 0.036132 0.408449 0.555419
1967 0.261965 0.437586 0.300448
43 0.140244 0.462603 0.397153
24062 0.476259 0.192081 0.331660
3268 0.364964 0.288278 0.346758
24054 0.022955 0.306329 0.670716
1959 0.416451 0.137502 0.446047
753 0.231848 0.086284 0.681867
752 0.173493 0.009736 0.816770
24060 0.154219 0.426081 0.419700
20 0.004812 0.845954 0.149234
19100 0.325407 0.270196 0.404397
12431 0.127456 0.779557 0.092987
12431 0.149757 0.032189 0.818055
194 0.370846 0.405782 0.223372
12139 0.134867 0.452669 0.412464
18091 0.228788 0.075888 0.695325
23489 0.763172 0.063321 0.173508
12142 0.676335 0.043635 0.280030
35 0.229906 0.175730 0.594364
13102 0.510526 0.449224 0.040250
13102 0.532281 0.151399 0.316320
17069 0.518168 0.444367 0.037465
20128 0.018021 0.846325 0.135654
749 0.068442 0.719089 0.212469
17070 0.291698 0.540948 0.167354
18022 0.033593 0.883976 0.082431
13114 0.465297 0.344940 0.189762
3185 0.038411 0.714841 0.246748
3108 0.008518 0.500014 0.491468
17071 0.046403 0.476162 0.477435
3110 0.281817 0.677136 0.041047
17071 0.305312 0.357518 0.337170
13110 0.446700 0.126434 0.426866
17071 0.563562 0.238485 0.197953
17071 0.816887 0.105451 0.077662
747 1.000000 0.000000 0.000000
13075 0.000000 0.000000 1.000000
13075 0.000000 0.209082 0.790918
751 0.233796 0.489626 0.276578
12140 0.273035 0.009155 0.717810
13075 0.048803 0.502278 0.448919
3105 0.057434 0.823145 0.119421
13075 0.250517 0.731692 0.017790
19099 0.688213 0.264901 0.046885
19090 0.087153 0.546687 0.366159
76 0.489749 0.446577 0.063675
23501 0.022925 0.460644 0.516430
1960 0.049909 0.280202 0.669890
20130 0.042992 0.869433 0.087575
12141 0.479864 0.085502 0.434634
748 0.078067 0.263487 0.658447
746 0.222922 0.264022 0.513056
45 0.491015 0.378054 0.130932
24074 0.174804 0.303840 0.521356
24073 0.359901 0.062181 0.577919
16977 0.511837 0.117868 0.370295
17017 0.160269 0.613491 0.226240
13124 0.380667 0.027694 0.591639
13125 0.050220 0.731893 0.217887
13125 0.280647 0.144018 0.575335
17052 0.212877 0.270992 0.516131
59 0.286817 0.239456 0.473726
17026 0.273519 0.048259 0.678222
13079 0.000000 0.208206 0.791794
13084 0.172607 0.408605 0.418788
36 0.091512 0.116009 0.792479
7203 0.416191 0.391471 0.192337
13083 0.000000 0.039242 0.960758
17023 0.331208 0.001678 0.667115
23484 0.460048 0.378306 0.161647
13083 0.000000 0.619301 0.380699
24065 0.905888 0.049672 0.044439
13081 0.864560 0.078500 0.056940
13075 0.644333 0.127716 0.227951
17073 0.278200 0.327891 0.393909
1170 0.537018 0.110337 0.352645
23487 0.822171 0.054011 0.123819
13081 0.863242 0.136758 0.000000
18022 0.654282 0.145518 0.200200
13081 0.792035 0.207965 0.000000
27183 0.308178 0.342659 0.349164
17990 0.448703 0.200407 0.350890
20146 0.062172 0.084326 0.853502
1171 0.730678 0.094279 0.175042
17992 0.204016 0.738393 0.057590
746 0.763415 0.090036 0.146549
19091 0.426539 0.422403 0.151058
20130 0.028208 0.389739 0.582054
27184 0.316325 0.191551 0.492124
17992 0.158576 0.036562 0.804863
1172 0.880701 0.062571 0.056727
17052 0.129416 0.111954 0.758630
17052 0.656640 0.102822 0.240539
13124 0.467970 0.053129 0.478901
13109 0.268969 0.350505 0.380526
17073 0.618422 0.110532 0.271046
13076 0.293838 0.628774 0.077388
17051 0.855711 0.073027 0.071262
17051 0.074136 0.053740 0.872124
17065 0.107625 0.068569 0.823807
17074 0.354951 0.251575 0.393475
17074 0.187770 0.739436 0.072795
17073 0.048423 0.018067 0.933510
13124 0.462594 0.207579 0.329827
17065 0.753919 0.213089 0.032991
13117 0.289885 0.334773 0.375342
17052 0.286602 0.217414 0.495985
13075 0.719759 0.097558 0.182683
17073 0.322703 0.266393 0.410905
13124 0.423476 0.050994 0.525530
685 0.087573 0.874146 0.038281
3106 0.321911 0.225252 0.452837
16372 0.800512 0.186115 0.013373
1173 0.462711 0.458122 0.079167
810 0.000000 0.179414 0.820586
7805 1.000000 0.000000 0.000000
7805 0.367671 0.632329 0.000000
13081 1.000000 0.000000 0.000000
13714 0.501796 0.340303 0.157901
16372 0.416247 0.155388 0.428364
13120 0.464361 0.464927 0.070711
17063 0.196605 0.506815 0.296580
17060 0.521438 0.219167 0.259396
7805 0.621768 0.193850 0.184382
13077 0.008027 0.417766 0.574207
13077 0.287167 0.260379 0.452454
628 0.210457 0.526099 0.263444
13117 0.684422 0.161326 0.154252
7794 0.003629 0.690246 0.306125
23362 0.321913 0.075762 0.602325
11120 0.584768 0.072402 0.342830
20470 0.768278 0.159503 0.072220
13083 0.560924 0.318796 0.120280
13083 0.317515 0.544180 0.138306
13083 0.031805 0.849853 0.118342
711 0.438663 0.453954 0.107383
7794 0.161236 0.345849 0.492915
11131 0.731160 0.172610 0.096230
23699 0.006860 0.079869 0.913271
17073 0.000000 0.075436 0.924564
13083 0.759608 0.148847 0.091546
16686 0.460836 0.172963 0.366202
8831 0.200824 0.283504 0.515672
7503 0.677127 0.105421 0.217452
16842 0.632110 0.062490 0.305400
7502 0.033862 0.495619 0.470519
20478 0.204431 0.423695 0.371874
16844 0.632269 0.082153 0.285578
24064 0.073308 0.090488 0.836203
36 0.742697 0.079132 0.178171
18010 0.381323 0.408584 0.210093
7187 0.013886 0.375931 0.610182
16971 0.127759 0.472275 0.399966
18376 0.361034 0.593344 0.045621
17023 1.000000 0.000000 0.000000
27257 0.232863 0.680522 0.086615
13083 0.000000 0.612693 0.387307
13083 1.000000 0.000000 0.000000
18069 0.088098 0.824805 0.087098
13083 0.000000 0.328670 0.671330
13083 0.036242 0.007816 0.955942
27106 0.035925 0.439101 0.524974
13083 0.042411 0.763501 0.194088
3264 0.439565 0.033797 0.526638
13083 0.224783 0.344459 0.430758
17026 0.579731 0.116907 0.303362
27106 0.674611 0.255791 0.069599
24406 0.171618 0.156013 0.672369
4927 0.077317 0.024403 0.898280
24407 0.317526 0.100352 0.582122
13083 0.329206 0.000000 0.670794
17025 0.077895 0.454879 0.467226
3263 0.486660 0.042841 0.470498
23699 0.653521 0.021352 0.325127
18678 0.037908 0.597741 0.364351
27105 0.157348 0.114394 0.728258
13079 0.000000 0.599683 0.400317
13079 0.000000 0.300947 0.699053
7796 0.000000 0.320281 0.679719
13083 0.337662 0.454076 0.208262
13083 0.566487 0.245796 0.187717
13083 0.549927 0.021046 0.429027
1172 0.006485 0.576458 0.417056
7318 0.743918 0.174352 0.081730
7839 0.360812 0.229106 0.410082
16730 0.032869 0.357157 0.609974
13079 0.000000 0.234115 0.765885
15401 0.205906 0.764925 0.029170
17025 0.341451 0.097630 0.560919
17025 0.603218 0.087325 0.309457
17062 0.116296 0.830456 0.053249
16686 0.288417 0.166779 0.544803
13079 0.172034 0.176520 0.651446
17049 0.273139 0.376969 0.349892
27185 0.211984 0.282802 0.505214
13083 0.760295 0.081406 0.158299
13079 0.444716 0.192732 0.362552
13078 0.284329 0.139883 0.575788
11117 0.794929 0.152586 0.052486
20472 0.055254 0.498317 0.446428
11117 0.045244 0.730277 0.224479
16729 0.186923 0.795933 0.017145
13078 0.241674 0.435464 0.322862
102 0.168846 0.070654 0.760500
17062 0.159022 0.451797 0.389181
17049 0.689194 0.239516 0.071291
16395 0.102812 0.275760 0.621428
17049 0.165118 0.166529 0.668353
17049 0.186799 0.132975 0.680225
17049 0.000000 0.302738 0.697262
17049 0.408154 0.254954 0.336892
16687 0.073775 0.188727 0.737497
17062 0.489785 0.396936 0.113279
24365 0.740941 0.020871 0.238188
785 0.833801 0.089745 0.076454
1173 0.123938 0.273206 0.602856
16729 0.057020 0.264346 0.678634
17062 0.207537 0.157838 0.634625
13078 0.069533 0.823309 0.107158
13078 0.464184 0.270488 0.265327
11126 0.192774 0.017535 0.789691
17062 0.510860 0.261616 0.227524
17050 0.082315 0.094119 0.823566
17050 0.173767 0.159199 0.667034
17050 0.573454 0.078077 0.348469
8014 0.500923 0.176667 0.322409
20467 0.491796 0.175741 0.332463
18377 0.076001 0.657715 0.266284
17062 0.226588 0.047660 0.725752
24366 0.053829 0.843816 0.102356
1951 0.241441 0.576567 0.181991
24366 0.138920 0.570154 0.290925
7797 0.172416 0.807337 0.020248
1995 0.586197 0.122550 0.291252
24380 0.750334 0.231914 0.017752
24380 0.721978 0.213350 0.064672
4894 0.108421 0.838837 0.052742
4894 0.390431 0.295796 0.313773
4662 0.268443 0.239582 0.491975
15400 0.129761 0.488898 0.381341
4663 0.076576 0.537409 0.386016
24406 0.535167 0.133086 0.331747
4927 0.055872 0.455326 0.488802
24407 0.652634 0.072606 0.274761
24367 0.560112 0.207545 0.232344
4892 0.624414 0.139574 0.236012
4892 0.305822 0.396785 0.297394
16686 0.099611 0.163435 0.736954
24367 0.719225 0.009567 0.271208
4893 0.302853 0.412274 0.284873
11116 0.281079 0.272211 0.446710
20514 0.725921 0.116260 0.157819
20515 0.311682 0.594299 0.094018
7321 0.503535 0.468151 0.028314
16659 0.631718 0.244961 0.123320
7835 0.394538 0.383459 0.222003
11127 0.576768 0.393208 0.030024
16732 0.316145 0.601062 0.082793
18377 0.902725 0.096818 0.000457
2001 0.254245 0.394100 0.351655
1950 0.264887 0.116236 0.618877
7842 0.754840 0.034117 0.211043
7800 0.821343 0.178657 0.000000
18679 0.101794 0.302867 0.595338
16728 0.778400 0.159978 0.061622
15400 0.508017 0.104302 0.387681
19241 0.103497 0.179837 0.716666
10294 0.146067 0.000000 0.853933
25151 0.464741 0.281568 0.253690
7178 0.273576 0.595386 0.131038
1180 0.309528 0.317126 0.373346
16842 0.007381 0.150037 0.842582
27104 0.428971 0.393483 0.177545
27103 0.059122 0.158495 0.782383
1167 0.023390 0.535296 0.441314
16843 0.074781 0.386111 0.539108
27264 0.211356 0.026408 0.762236
1174 0.302322 0.190272 0.507407
7504 0.160814 0.529918 0.309268
8012 0.661265 0.211517 0.127218
7505 0.020582 0.286503 0.692915
8014 0.035296 0.385350 0.579354
16845 0.474027 0.238718 0.287255
23725 0.186833 0.464079 0.349089
10276 0.533880 0.087113 0.379008
4657 0.109915 0.276031 0.614054
10278 0.348579 0.390757 0.260664
10290 0.199822 0.640023 0.160154
10290 0.917440 0.008675 0.073885
19241 0.459345 0.226297 0.314358
26206 0.390694 0.403699 0.205607
13716 0.168611 0.704306 0.127083
18679 0.558059 0.036234 0.405708
18682 0.038192 0.345855 0.615953
18683 0.348561 0.197285 0.454153
11127 0.395316 0.063441 0.541243
20514 0.249160 0.274938 0.475903
6190 1.000000 0.000000 0.000000
6190 0.145563 0.641238 0.213200
6189 0.442874 0.216912 0.340214
16661 0.386904 0.230283 0.382813
16659 0.303944 0.561252 0.134804
16732 0.023114 0.431879 0.545007
16735 0.456756 0.272716 0.270528
16728 0.425990 0.176600 0.397410
7820 0.815862 0.105313 0.078826
7800 0.830061 0.024409 0.145530
7835 0.321149 0.136752 0.542099
7797 0.165445 0.396639 0.437916
16693 0.464035 0.262857 0.273108
4964 0.956265 0.019497 0.024238
4879 0.192350 0.476708 0.330942
4879 0.221642 0.427972 0.350386
24379 0.157826 0.135583 0.706591
24368 0.482041 0.369567 0.148392
4891 0.520016 0.016382 0.463603
24368 0.378256 0.098272 0.523471
24378 0.211927 0.757687 0.030387
4891 0.180071 0.165512 0.654417
4965 0.822379 0.071156 0.106464
4927 0.006038 0.917131 0.076831
12513 0.387394 0.126004 0.486602
1997 0.041804 0.761582 0.196614
16685 0.295628 0.024379 0.679993
16685 0.682978 0.110381 0.206641
18681 0.229103 0.702691 0.068207
2000 0.079317 0.650658 0.270025
6216 0.505015 0.318589 0.176396
24408 0.376380 0.052492 0.571128
6191 0.330245 0.179629 0.490126
27582 0.282410 0.612915 0.104675
6175 0.388471 0.607028 0.004501
23701 0.063958 0.676457 0.259584
16665 0.620881 0.374990 0.004128
7254 0.137683 0.499821 0.362496
16693 0.175254 0.209618 0.615128
16666 0.701862 0.249210 0.048927
25203 0.216054 0.229959 0.553986
4891 0.883084 0.063873 0.053042
24369 0.448205 0.443180 0.108615
4881 0.197020 0.512041 0.290939
4890 0.409848 0.136270 0.453882
8013 0.065642 0.679938 0.254420
24374 0.365351 0.139709 0.494940
4891 0.050836 0.922420 0.026744
24364 0.511027 0.110799 0.378174
7962 0.448068 0.345483 0.206449
4963 0.650382 0.165600 0.184019
26276 0.841835 0.055574 0.102591
26272 0.051907 0.924980 0.023113
4880 0.463680 0.536320 0.000000
4880 0.447268 0.477856 0.074876
4879 0.356675 0.237937 0.405388
24379 0.095939 0.464969 0.439093
24380 0.619846 0.311720 0.068435
24372 0.150503 0.239153 0.610344
7833 1.000000 0.000000 0.000000
7833 1.000000 0.000000 0.000000
4660 0.542221 0.189245 0.268534
24369 0.231807 0.157171 0.611022
4890 0.475984 0.270753 0.253263
4881 0.183655 0.695236 0.121109
4890 0.382030 0.358752 0.259218
4881 0.544699 0.089666 0.365635
24378 0.495605 0.443106 0.061288
24377 0.131804 0.830109 0.038087
4881 1.000000 0.000000 0.000000
24369 0.494285 0.201682 0.304033
7988 0.470545 0.193288 0.336166
4890 0.035437 0.203594 0.760969
4890 0.453517 0.432420 0.114063
9226 0.252249 0.676113 0.071639
8009 0.392012 0.271311 0.336676
4890 0.357172 0.526498 0.116331
7833 1.000000 0.000000 0.000000
4890 0.011160 0.501662 0.487179
4882 0.121257 0.380921 0.497822
24377 0.328052 0.519987 0.151960
4890 0.754364 0.105920 0.139715
1175 0.058342 0.597709 0.343949
9234 0.551805 0.031266 0.416929
4880 0.367825 0.299246 0.332929
4880 1.000000 0.000000 0.000000
4880 0.373425 0.626575 0.000000
4890 1.000000 0.000000 0.000000
24409 0.289907 0.543763 0.166329
4671 0.054858 0.771106 0.174037
4888 0.265153 0.095154 0.639693
4880 1.000000 0.000000 0.000000
4880 0.056947 0.627252 0.315801
4882 0.367874 0.512275 0.119851
4880 0.119794 0.081495 0.798711
24379 0.018811 0.588065 0.393124
6197 0.593538 0.338622 0.067840
7973 0.468847 0.161650 0.369503
4882 0.005951 0.994049 0.000000
24380 0.103633 0.787427 0.108941
24370 0.045052 0.293618 0.661329
4890 1.000000 0.000000 0.000000
25439 0.211393 0.073120 0.715487
25439 0.072303 0.879227 0.048470
24370 0.149068 0.614258 0.236674
24370 0.370323 0.040791 0.588886
4957 0.951047 0.026534 0.022419
27262 0.084802 0.170572 0.744626
4887 0.000000 0.179613 0.820387
4888 0.248109 0.227738 0.524153
4926 0.698733 0.223210 0.078057
24370 0.365424 0.389473 0.245104
24370 0.147996 0.718587 0.133416
4889 0.109628 0.410195 0.480177
6196 0.020348 0.944908 0.034744
27261 0.506672 0.375650 0.117678
4889 0.000000 0.506451 0.493549
24413 0.266932 0.088814 0.644253
24414 0.148928 0.610369 0.240703
4956 0.430939 0.270755 0.298306
10282 0.296209 0.644137 0.059654
24413 0.502031 0.096202 0.401767
27294 0.097693 0.236829 0.665478
6773 0.782653 0.169610 0.047737
24370 0.472813 0.054240 0.472947
1178 0.383184 0.428266 0.188550
4962 1.000000 0.000000 0.000000
7989 0.140844 0.336338 0.522818
8011 0.064700 0.762475 0.172824
24370 0.456773 0.408642 0.134585
4889 0.078607 0.496638 0.424756
10275 0.498316 0.314442 0.187243
4895 1.000000 0.000000 0.000000
1179 0.094603 0.881114 0.024283
6200 0.103214 0.091082 0.805704
4889 0.000000 0.563949 0.436051
16834 0.682411 0.255295 0.062295
26296 0.057067 0.484322 0.458611
27073 0.336709 0.540769 0.122521
27073 0.474363 0.169128 0.356510
24413 0.575297 0.127503 0.297201
25161 0.437021 0.476517 0.086462
16702 0.365908 0.121497 0.512595
25303 0.635287 0.203599 0.161114
16702 0.218034 0.366057 0.415909
25153 0.199443 0.627065 0.173492
16841 0.148318 0.758776 0.092906
7494 0.051968 0.472900 0.475132
4958 1.000000 0.000000 0.000000
4958 0.429864 0.108723 0.461412
4958 0.433252 0.184925 0.381823
7495 0.328934 0.051252 0.619814
16848 0.298922 0.379002 0.322076
8010 0.454486 0.064141 0.481374
16702 0.025781 0.724285 0.249933
24389 0.446867 0.382000 0.171133
4957 0.228389 0.581491 0.190119
26246 0.093256 0.061140 0.845604
6769 0.280826 0.009837 0.709337
9235 0.092716 0.552983 0.354301
4962 1.000000 0.000000 0.000000
26296 0.737158 0.136963 0.125879
7304 0.745238 0.168168 0.086593
24412 0.258673 0.707360 0.033967
4959 1.000000 0.000000 0.000000
4959 1.000000 0.000000 0.000000
16700 0.063579 0.276700 0.659722
4897 0.543130 0.079648 0.377222
4962 0.742469 0.000000 0.257531
25210 0.056854 0.380417 0.562728
24411 0.034697 0.728829 0.236474
9241 0.162088 0.001692 0.836219
24411 0.272216 0.644270 0.083514
24411 0.350948 0.635130 0.013922
4959 0.093027 0.790804 0.116169
24410 0.686135 0.136397 0.177468
9242 0.583989 0.222930 0.193081
25246 0.278372 0.558716 0.162912
25418 0.354291 0.043826 0.601883
25232 0.758700 0.214957 0.026343
10283 0.114985 0.059670 0.825344
1132 0.119157 0.449624 0.431219
16650 0.347197 0.173873 0.478930
16643 0.036463 0.676305 0.287231
7867 0.149601 0.820894 0.029504
7864 0.045932 0.226670 0.727398
10280 0.299912 0.692894 0.007194
16681 0.211993 0.521487 0.266520
16646 0.347889 0.453789 0.198322
27256 0.896671 0.088948 0.014380
9249 0.194957 0.529742 0.275302
9225 0.256120 0.537744 0.206137
9250 0.523515 0.236414 0.240071
10274 0.480881 0.413334 0.105785
27256 0.099807 0.286128 0.614065
27615 0.298960 0.678113 0.022926
16701 0.318274 0.630904 0.050822
7496 0.731880 0.091830 0.176290
27254 0.146920 0.504473 0.348607
16701 0.494343 0.177518 0.328139
27589 0.362792 0.380261 0.256947
7496 0.188232 0.531280 0.280488
10302 0.074591 0.415500 0.509908
6211 0.054417 0.132309 0.813274
7507 0.469746 0.062674 0.467580
26995 0.071957 0.271137 0.656906
26992 0.836297 0.017709 0.145994
6199 0.576023 0.153730 0.270247
10304 0.557295 0.014832 0.427873
16846 0.239252 0.654214 0.106533
6197 0.232131 0.679595 0.088274
6199 0.167320 0.454669 0.378011
16840 0.026453 0.798399 0.175148
6197 0.014777 0.890842 0.094381
27595 0.573620 0.049447 0.376932
24372 0.457850 0.020646 0.521504
25154 0.104873 0.776126 0.119001
25282 0.205290 0.732153 0.062557
7868 0.318492 0.075493 0.606015
25286 0.317159 0.519130 0.163710
16601 0.269707 0.107799 0.622494
16602 0.335647 0.465191 0.199162
9244 0.064894 0.402192 0.532914
25285 0.338699 0.623776 0.037525
16761 0.185982 0.230220 0.583798
25416 0.356649 0.049731 0.593620
27616 0.369172 0.331932 0.298896
10281 0.111999 0.094213 0.793787
16945 0.013972 0.042966 0.943062
7153 0.727150 0.232481 0.040369
10272 0.372170 0.554721 0.073109
16697 0.406975 0.491165 0.101860
1134 0.630856 0.179761 0.189382
7873 0.020693 0.595216 0.384091
27590 0.427056 0.211753 0.361190
27590 0.369241 0.398271 0.232488
25280 0.010304 0.411714 0.577982
26993 0.070627 0.373404 0.555969
10273 0.426540 0.516773 0.056687
27593 0.795676 0.080201 0.124123
16835 0.010685 0.466690 0.522624
27617 0.196600 0.159008 0.644392
6207 0.509534 0.137035 0.353432
7497 0.671720 0.096227 0.232052
6207 0.086234 0.403397 0.510369
16683 0.188703 0.781194 0.030103
27250 0.056650 0.561691 0.381660
27594 0.428396 0.119806 0.451798
16838 0.055698 0.558936 0.385366
25279 0.137894 0.645059 0.217047
27255 0.193522 0.713821 0.092657
16819 0.752097 0.155733 0.092170
1155 0.131018 0.050712 0.818270
25158 0.485628 0.154442 0.359930
16944 0.179494 0.766539 0.053967
10298 0.358296 0.216224 0.425480
16983 0.013059 0.093451 0.893491
27617 0.634969 0.084560 0.280471
7155 0.166716 0.078896 0.754388
7151 0.492056 0.486050 0.021894
25461 0.316937 0.059051 0.624012
6180 0.026341 0.199394 0.774265
27591 0.622781 0.058791 0.318428
6209 0.311681 0.065225 0.623094
25463 0.255043 0.632711 0.112246
16837 0.209879 0.399941 0.390181
16849 0.158226 0.226527 0.615246
16947 0.168331 0.420306 0.411363
10271 0.061247 0.458828 0.479925
9245 0.754506 0.113588 0.131906
27592 0.131521 0.538372 0.330107
10272 0.153941 0.096375 0.749685
7481 0.851164 0.021539 0.127297
16797 0.074337 0.871718 0.053945
16797 0.221395 0.466898 0.311707
16797 0.387714 0.044327 0.567958
16950 0.454179 0.227979 0.317842
7296 0.823210 0.169720 0.007070
7151 0.206000 0.036608 0.757392
7456 0.144487 0.298769 0.556744
25462 0.121967 0.010177 0.867856
27594 0.371379 0.344194 0.284427
7456 0.351776 0.145069 0.503155
27595 0.528040 0.285498 0.186463
1135 0.040766 0.364047 0.595187
16952 0.466481 0.414735 0.118784
27290 0.480368 0.022178 0.497453
7509 0.431752 0.388297 0.179950
16820 0.230171 0.256272 0.513557
10364 0.198410 0.714373 0.087217
7509 0.747419 0.115883 0.136698
27291 0.390789 0.088588 0.520623
10364 0.329527 0.596270 0.074203
10364 0.470998 0.459386 0.069615
25499 0.945810 0.048488 0.005701
10366 0.722677 0.070435 0.206888
16980 0.690718 0.287123 0.022159
10365 0.091066 0.852218 0.056717
10365 0.248933 0.680664 0.070403
10365 0.797452 0.080422 0.122126
27591 0.088608 0.222296 0.689096
7157 0.211364 0.250257 0.538379
7192 0.279785 0.562281 0.157935
16636 0.320698 0.359641 0.319661
7459 0.154278 0.135983 0.709738
7150 0.002674 0.651730 0.345596
16881 0.288266 0.102561 0.609174
7541 0.788571 0.181436 0.029993
7540 0.508324 0.165295 0.326381
16822 0.020922 0.664378 0.314701
16822 0.087721 0.321552 0.590728
10364 0.103417 0.076047 0.820535
25499 0.206325 0.750889 0.042786
25499 0.231514 0.591670 0.176815
16972 0.528497 0.005078 0.466425
25499 0.311891 0.136752 0.551357
16817 0.070533 0.370362 0.559106
16817 0.810673 0.141433 0.047894
16798 0.410377 0.454452 0.135171
7160 0.436827 0.349572 0.213602
7457 0.182077 0.498071 0.319852
10365 0.025064 0.310344 0.664592
7457 0.540085 0.279189 0.180726
25500 0.857794 0.047688 0.094518
10366 0.079147 0.718615 0.202237
10366 0.452291 0.054374 0.493335
10365 0.197587 0.151716 0.650697
7457 0.968695 0.028347 0.002957
25500 0.390053 0.303500 0.306447
16823 0.034052 0.886214 0.079734
16823 0.048656 0.693827 0.257517
16823 0.159721 0.328887 0.511392
16808 0.611601 0.254979 0.133420
6206 0.216583 0.039001 0.744416
1151 0.027170 0.882647 0.090182
25500 0.400359 0.134936 0.464704
10366 0.025692 0.391658 0.582650
7301 0.491195 0.314875 0.193931
7230 0.284159 0.568419 0.147423
7459 0.199179 0.596735 0.204085
7459 0.348402 0.059768 0.591830
25501 0.445086 0.368185 0.186728
25501 0.345649 0.248287 0.406064
16638 0.157311 0.140314 0.702376
27288 0.107552 0.027199 0.865249
7458 0.495131 0.193121 0.311748
10363 0.299346 0.216770 0.483885
10363 0.138386 0.344868 0.516746
16810 0.453526 0.009477 0.536997
25498 0.627916 0.245849 0.126235
16810 0.337523 0.442881 0.219595
25498 0.660538 0.082455 0.257007
10370 0.090748 0.596109 0.313144
7457 0.157290 0.798885 0.043825
10370 0.576004 0.189171 0.234825
7470 0.217954 0.043835 0.738211
10371 0.504873 0.349518 0.145609
10371 0.350017 0.508248 0.141735
25505 0.808592 0.090931 0.100477
7541 0.113918 0.286791 0.599291
1144 0.904027 0.013599 0.082375
10370 0.744268 0.041551 0.214181
16807 0.077095 0.475656 0.447249
7301 0.350496 0.072577 0.576927
10371 0.656313 0.189750 0.153937
7459 0.453075 0.525391 0.021534
16807 0.220231 0.036543 0.743226
16850 0.040886 0.016172 0.942942
7160 0.222860 0.030978 0.746162
7459 0.548600 0.074429 0.376971
7467 0.112573 0.139745 0.747682
27293 0.236250 0.272992 0.490757
7467 0.267677 0.009716 0.722607
16823 0.318055 0.311271 0.370674
16823 0.287580 0.152057 0.560362
16808 0.683902 0.041657 0.274441
7230 0.150070 0.335179 0.514751
16850 0.617652 0.114877 0.267472
7458 0.391244 0.536929 0.071827
7468 0.131164 0.033073 0.835763
7196 0.386403 0.009614 0.603983
16641 0.127914 0.773221 0.098865
25428 0.672592 0.114092 0.213316
25427 0.276391 0.178487 0.545123
16823 0.739352 0.189435 0.071213
25428 0.210665 0.036098 0.753237
16823 0.639373 0.336021 0.024606
16807 0.292622 0.495307 0.212071
10321 0.443601 0.195318 0.361081
25428 0.196685 0.560221 0.243094
25427 0.211913 0.601918 0.186169
7299 0.773050 0.062284 0.164666
16807 0.429463 0.048496 0.522041
25506 0.059557 0.510574 0.429870
7467 0.259921 0.237975 0.502104
7467 0.106784 0.357637 0.535579
1152 0.030181 0.888036 0.081783
7510 0.890662 0.065805 0.043534
16850 0.799887 0.082734 0.117380
16816 0.266671 0.080795 0.652534
5467 0.309187 0.442747 0.248066
16987 0.039569 0.872076 0.088355
7459 0.786242 0.059708 0.154051
16806 0.212946 0.779115 0.007939
7300 0.141591 0.840571 0.017838
10374 0.759276 0.081253 0.159471
10374 0.597872 0.212137 0.189991
25469 0.872881 0.065034 0.062085
10374 0.151623 0.551797 0.296580
10368 0.402584 0.548242 0.049174
25506 0.063185 0.666611 0.270204
25506 0.061101 0.817810 0.121089
10368 0.726446 0.264062 0.009492
16962 0.081390 0.843906 0.074704
10368 0.563556 0.404895 0.031549
16811 0.672237 0.007852 0.319911
16811 0.633688 0.169681 0.196632
7471 0.393724 0.121294 0.484982
7182 0.000763 0.090753 0.908483
16816 0.491727 0.057780 0.450493
7468 0.050545 0.448595 0.500860
7471 0.068588 0.366228 0.565184
7468 0.433341 0.172874 0.393785
7511 0.241245 0.340501 0.418254
16627 0.710081 0.261226 0.028693
16807 0.720536 0.099010 0.180454
7510 0.134303 0.153925 0.711771
7467 0.073298 0.686052 0.240650
7467 0.230997 0.545973 0.223029
27268 0.643269 0.082304 0.274427
7467 0.659852 0.100193 0.239956
16627 0.178188 0.277744 0.544067
7300 0.120487 0.372745 0.506768
16939 0.574628 0.026713 0.398659
7510 0.055883 0.902391 0.041726
5468 0.511696 0.158896 0.329409
16800 0.035946 0.212101 0.751952
27683 0.000121 0.256668 0.743211
16836 0.428789 0.143174 0.428037
25429 0.546844 0.056897 0.396258
16836 0.413222 0.322390 0.264388
10350 0.448831 0.089845 0.461324
10350 0.276435 0.255544 0.468021
25428 0.190343 0.741458 0.068199
10321 0.222244 0.378916 0.398840
16809 0.064642 0.188421 0.746937
7482 0.198972 0.171721 0.629306
7476 0.030689 0.150568 0.818743
7476 0.000593 0.565160 0.434247
16821 0.185266 0.732561 0.082173
16821 0.300315 0.178462 0.521223
7482 0.025048 0.330285 0.644667
27280 0.028252 0.209904 0.761844
7476 0.032905 0.870714 0.096381
27286 0.498639 0.160988 0.340373
10359 0.234197 0.739029 0.026775
10359 0.080423 0.898788 0.020788
10360 0.928586 0.053949 0.017464
10360 0.478515 0.466732 0.054753
10362 0.534825 0.290670 0.174506
10362 0.381591 0.421130 0.197279
16812 0.042691 0.283419 0.673889
10362 0.702926 0.148168 0.148906
7183 0.093023 0.126224 0.780754
16628 0.266337 0.435979 0.297684
16630 0.734371 0.002355 0.263274
10360 0.168748 0.761248 0.070004
10360 0.322197 0.617348 0.060456
16812 0.213919 0.320407 0.465674
16812 0.379404 0.354315 0.266281
7472 0.533345 0.299279 0.167375
16813 0.177654 0.535721 0.286625
7473 0.307634 0.553093 0.139272
16990 0.262257 0.492144 0.245600
7183 0.163874 0.634347 0.201779
16801 0.286207 0.600164 0.113629
5472 0.212911 0.345341 0.441748
27716 0.345778 0.624178 0.030045
7474 0.183696 0.458400 0.357904
7480 0.612037 0.010117 0.377846
7195 0.295584 0.562375 0.142041
7469 0.152965 0.643433 0.203602
7475 0.106539 0.176322 0.717139
7464 0.028562 0.222290 0.749148
16804 0.023641 0.864521 0.111838
16805 0.151642 0.805175 0.043183
