4040 0.300301 0.350977 0.348723
4040 0.585319 0.084234 0.330447
4042 0.232040 0.014218 0.753742
4040 0.132116 0.459566 0.408318
4038 0.779856 0.199204 0.020940
172 0.020658 0.124936 0.854406
4042 0.034131 0.133097 0.832772
4038 0.546107 0.313633 0.140261
4036 0.570401 0.297590 0.132009
3330 0.180844 0.260580 0.558576
4038 0.229269 0.502952 0.267778
4036 0.035823 0.803567 0.160610
174 0.092522 0.387024 0.520455
1316 0.238644 0.648910 0.112446
1316 0.514635 0.421874 0.063491
3330 0.615902 0.009082 0.375016
1316 0.871045 0.110883 0.018073
3330 0.153052 0.828743 0.018205
174 0.061264 0.027172 0.911564
4056 0.353785 0.552394 0.093822
172 0.181984 0.349811 0.468205
4026 0.094936 0.170529 0.734535
1094 0.203841 0.243918 0.552241
1094 0.202715 0.171094 0.626191
228 0.309733 0.456684 0.233583
228 0.304255 0.388202 0.307543
1094 0.202795 0.316620 0.480585
228 0.302717 0.317099 0.380184
1304 0.012646 0.841918 0.145437
1304 0.013569 0.763503 0.222929
1304 0.017981 0.915735 0.066283
228 0.285681 0.126679 0.587640
1094 0.208969 0.514576 0.276455
1304 0.001301 0.554289 0.444410
4056 0.264372 0.361558 0.374070
172 0.292354 0.498840 0.208806
1092 0.376168 0.045743 0.578089
1092 0.371068 0.124064 0.504868
1094 0.621337 0.026485 0.352178
228 0.284647 0.054692 0.660661
1304 0.002986 0.475498 0.521516
1094 0.207389 0.587746 0.204865
1094 0.614478 0.235780 0.149742
230 0.716081 0.021701 0.262218
1304 0.006625 0.396296 0.597079
1094 0.204027 0.664672 0.131301
1094 0.609152 0.311890 0.078958
230 0.709252 0.262586 0.028162
844 0.804247 0.122007 0.073746
1304 0.002162 0.184948 0.812890
1094 0.601019 0.389832 0.009149
222 0.241905 0.527802 0.230293
3326 0.130802 0.578035 0.291164
1096 0.303629 0.692607 0.003763
844 0.432897 0.391889 0.175213
4026 0.181390 0.310137 0.508473
4056 0.198636 0.177808 0.623555
4000 0.609186 0.358657 0.032158
1502 0.122885 0.764074 0.113040
1502 0.130242 0.842696 0.027062
1304 0.869216 0.079349 0.051434
1306 0.140345 0.141364 0.718291
844 0.813677 0.042216 0.144107
1144 0.324861 0.627356 0.047783
1304 0.009044 0.104936 0.886020
1496 0.052690 0.713148 0.234162
1496 0.067297 0.626785 0.305919
1496 0.079793 0.540933 0.379275
1496 0.013205 0.956058 0.030737
1306 0.137432 0.225231 0.637337
1306 0.134468 0.306525 0.559008
844 0.001664 0.961572 0.036763
844 0.445944 0.312235 0.241821
1144 0.311105 0.543698 0.145197
1304 0.033299 0.026531 0.940170
846 0.149502 0.064856 0.785641
4026 0.266799 0.396423 0.336778
844 0.020878 0.877823 0.101299
1306 0.142874 0.519882 0.337244
4060 0.556797 0.167551 0.275652
4024 0.382236 0.434610 0.183153
3294 0.373083 0.106550 0.520367
4056 0.145621 0.002286 0.852092
4000 0.513910 0.287764 0.198326
4058 0.412050 0.368232 0.219718
844 0.460326 0.233071 0.306603
844 0.073410 0.643074 0.283516
1144 0.433272 0.190063 0.376665
846 0.082706 0.342059 0.575234
836 0.062182 0.776758 0.161061
836 0.091481 0.546976 0.361543
836 0.049869 0.848911 0.101220
836 0.042563 0.902157 0.055280
844 0.494335 0.016035 0.489630
1306 0.139798 0.599880 0.260322
4024 0.270459 0.170837 0.558705
220 0.420392 0.122062 0.457546
4026 0.353684 0.471246 0.175070
1306 0.134332 0.671998 0.193669
1306 0.136911 0.844515 0.018574
844 0.093778 0.558265 0.347957
836 0.125295 0.369788 0.504917
1146 0.517628 0.016542 0.465830
846 0.029904 0.531152 0.438944
4016 0.126181 0.789923 0.083897
4000 0.425620 0.220786 0.353594
4016 0.601909 0.388366 0.009725
836 0.870181 0.084986 0.044832
844 0.123032 0.470096 0.406872
4058 0.070226 0.825768 0.104005
836 0.882261 0.006313 0.111426
846 0.437134 0.181374 0.381492
4024 0.227611 0.015504 0.756885
844 0.182482 0.240895 0.576623
838 0.111204 0.182650 0.706146
1146 0.441210 0.367620 0.191169
836 0.197804 0.021771 0.780425
1144 0.062148 0.143691 0.794161
1496 0.710737 0.149542 0.139721
1496 0.730277 0.056691 0.213033
1498 0.264831 0.019892 0.715277
1264 0.348490 0.589724 0.061786
846 0.350645 0.457319 0.192036
1264 0.368874 0.501822 0.129304
838 0.100650 0.326856 0.572494
1264 0.390020 0.416360 0.193620
4016 0.056168 0.615837 0.327995
4016 0.534626 0.194746 0.270627
4000 0.268154 0.125516 0.606330
4026 0.828012 0.123333 0.048655
1346 0.544249 0.425525 0.030226
844 0.226936 0.067760 0.705304
1264 0.449767 0.177167 0.373066
4016 0.931025 0.021725 0.047250
838 0.081788 0.601680 0.316532
4018 0.593195 0.179896 0.226909
4002 0.165844 0.679913 0.154243
4018 0.125102 0.680553 0.194345
1478 0.449557 0.203365 0.347078
1478 0.450356 0.313720 0.235924
1478 0.448260 0.422642 0.129097
144 0.547939 0.317238 0.134822
838 0.054201 0.904966 0.040833
144 0.551319 0.231935 0.216745
846 0.729092 0.085784 0.185124
144 0.552526 0.150303 0.297171
1264 0.475118 0.080814 0.444068
146 0.454476 0.066670 0.478854
4006 0.699018 0.160897 0.140085
1266 0.428429 0.068438 0.503133
1346 0.509048 0.258869 0.232083
146 0.452241 0.141594 0.406165
4004 0.511101 0.358613 0.130286
1266 0.254186 0.413759 0.332055
4018 0.086601 0.230563 0.682836
146 0.449904 0.210180 0.339916
3326 0.607601 0.100062 0.292336
1308 0.352112 0.058055 0.589832
1308 0.062111 0.689484 0.248405
1096 0.704443 0.295557 0.000000
146 0.455273 0.387040 0.157687
1346 0.137746 0.768078 0.094176
146 0.453844 0.453917 0.092239
4006 0.337810 0.529622 0.132568
146 0.451470 0.519450 0.029080
1266 0.158530 0.624662 0.216808
1344 0.547429 0.306706 0.145865
4004 0.379895 0.184987 0.435118
1346 0.460645 0.053543 0.485812
1344 0.552579 0.174682 0.272739
1346 0.127178 0.707689 0.165132
4014 0.001913 0.034466 0.963621
3294 0.794451 0.190015 0.015534
220 0.059738 0.850747 0.089514
4014 0.156285 0.470644 0.373071
4020 0.025689 0.051189 0.923122
4006 0.321882 0.132665 0.545454
1464 0.384572 0.489260 0.126167
1464 0.377395 0.425073 0.197532
1464 0.389445 0.554153 0.056402
812 0.622323 0.249985 0.127693
812 0.627850 0.181396 0.190754
812 0.644481 0.113384 0.242135
814 0.293209 0.098887 0.607903
862 0.751658 0.238008 0.010334
1266 0.597730 0.079448 0.322823
1264 0.435358 0.056957 0.507685
814 0.263519 0.189355 0.547125
4004 0.713571 0.075477 0.210952
1346 0.099391 0.518799 0.381810
4020 0.030542 0.429502 0.539956
814 0.250834 0.258046 0.491120
1266 0.562751 0.242237 0.195012
4022 0.485619 0.495257 0.019124
372 0.080076 0.114010 0.805914
814 0.170630 0.490426 0.338944
4020 0.030689 0.663425 0.305886
862 0.752355 0.166443 0.081202
1346 0.064926 0.313134 0.621940
4022 0.618546 0.143830 0.237623
16 0.088748 0.415446 0.495806
16 0.087246 0.303749 0.609005
16 0.083700 0.197894 0.718406
1472 0.059425 0.923467 0.017108
1310 0.195983 0.429684 0.374333
1308 0.582448 0.306015 0.111537
3322 0.000000 0.685723 0.314277
1472 0.058121 0.847621 0.094258
1472 0.058956 0.770654 0.170390
814 0.137888 0.638118 0.223994
862 0.751929 0.062772 0.185299
1472 0.052586 0.558482 0.388932
860 0.014008 0.843918 0.142073
1472 0.053097 0.482583 0.464320
1472 0.052681 0.414009 0.533310
4020 0.286349 0.171597 0.542053
1472 0.042384 0.233259 0.724357
158 0.036421 0.947287 0.016292
1472 0.041644 0.166376 0.791981
860 0.033500 0.944842 0.021658
1472 0.041514 0.104621 0.853865
814 0.077765 0.887630 0.034605
862 0.744169 0.020196 0.235635
4022 0.084585 0.702701 0.212713
1604 0.731359 0.000000 0.268641
4022 0.133193 0.539416 0.327392
860 0.242814 0.052063 0.705123
1466 0.034724 0.060486 0.904790
1466 0.039006 0.136206 0.824788
1464 0.969561 0.011711 0.018728
812 0.054513 0.771454 0.174032
812 0.051882 0.703121 0.244997
812 0.094514 0.619048 0.286438
812 0.179878 0.413868 0.406254
860 0.277704 0.206738 0.515558
812 0.193403 0.354484 0.452112
812 0.203484 0.301844 0.494672
812 0.239659 0.157042 0.603299
4012 0.512042 0.141620 0.346337
4054 0.315060 0.101731 0.583208
4014 0.593001 0.188983 0.218016
812 0.248723 0.056290 0.694987
36 0.645001 0.067292 0.287707
860 0.311889 0.396477 0.291633
814 0.689129 0.178736 0.132135
862 0.442057 0.414947 0.142996
3994 0.104135 0.216046 0.679820
860 0.352014 0.575565 0.072421
3994 0.212782 0.122866 0.664351
374 0.484614 0.012603 0.502783
1474 0.639774 0.302127 0.058099
158 0.248793 0.713471 0.037735
3322 0.205970 0.420092 0.373938
1610 0.034935 0.366270 0.598795
1308 0.821204 0.142652 0.036144
1474 0.638169 0.141507 0.220324
1474 0.640329 0.079167 0.280505
1474 0.642168 0.010927 0.346905
1472 0.365462 0.176868 0.457670
18 0.628508 0.283588 0.087904
1472 0.366669 0.622612 0.010719
1472 0.368227 0.543744 0.088029
18 0.601739 0.026429 0.371832
1472 0.365308 0.323508 0.311184
1472 0.366290 0.245864 0.387846
862 0.495062 0.230653 0.274284
16 0.401144 0.076809 0.522047
16 0.399530 0.188405 0.412065
1604 0.441655 0.173995 0.384350
1606 0.005056 0.528100 0.466844
812 0.000000 0.583242 0.416758
812 0.000088 0.706105 0.293807
812 0.000000 0.537417 0.462583
812 0.000000 0.496337 0.503663
812 0.000000 0.393666 0.606334
812 0.000000 0.305063 0.694937
812 0.018994 0.138682 0.842323
862 0.395235 0.081599 0.523167
824 0.716232 0.099319 0.184449
12 0.014676 0.257952 0.727372
12 0.120320 0.129567 0.750113
3992 0.955178 0.002508 0.042314
826 0.273558 0.018543 0.707900
1610 0.163860 0.272301 0.563838
3322 0.258219 0.366546 0.375235
158 0.305319 0.679397 0.015284
826 0.216599 0.112169 0.671232
1604 0.032827 0.920946 0.046227
3992 0.812393 0.101061 0.086546
860 0.628682 0.134951 0.236367
826 0.167114 0.278481 0.554405
3322 0.388841 0.234132 0.377028
3320 0.579509 0.415750 0.004741
1608 0.436969 0.014576 0.548454
1604 0.244757 0.227451 0.527792
416 0.200819 0.483058 0.316122
826 0.160417 0.330302 0.509282
1606 0.338031 0.364898 0.297071
826 0.157466 0.373449 0.469085
826 0.151991 0.479176 0.368833
860 0.659013 0.331086 0.009901
826 0.148350 0.568694 0.282956
1474 0.346113 0.533370 0.120517
826 0.148300 0.710924 0.140776
1474 0.350307 0.364665 0.285028
4052 0.117928 0.300329 0.581743
4012 0.000121 0.381086 0.618793
4028 0.101373 0.139720 0.758907
1608 0.152015 0.217970 0.630015
3322 0.584025 0.045546 0.370429
3320 0.423318 0.545314 0.031369
3998 0.850889 0.114882 0.034229
1474 0.353723 0.301042 0.345236
1474 0.358510 0.230685 0.410805
18 0.390817 0.449161 0.160021
18 0.394002 0.541176 0.064822
18 0.350009 0.221826 0.428165
1474 0.368495 0.033155 0.598350
1472 0.608182 0.363205 0.028613
18 0.369503 0.084561 0.545937
16 0.596838 0.030468 0.372694
1472 0.621129 0.123751 0.255120
1604 0.007642 0.213326 0.779032
1472 0.625892 0.042162 0.331946
3998 0.762963 0.039670 0.197367
36 0.057383 0.482811 0.459806
4028 0.082181 0.477546 0.440273
826 0.359295 0.110381 0.530324
826 0.339431 0.017866 0.642703
826 0.334615 0.187644 0.477741
826 0.335768 0.228022 0.436211
1606 0.595220 0.290686 0.114094
826 0.342338 0.326126 0.331536
18 0.233744 0.167380 0.598876
826 0.341552 0.412819 0.245629
418 0.538639 0.151461 0.309900
824 0.309305 0.526540 0.164155
12 0.030890 0.639694 0.329416
824 0.298939 0.436948 0.264113
826 0.347283 0.546580 0.106136
824 0.282884 0.371994 0.345121
374 0.000000 0.396922 0.603078
3998 0.686183 0.255179 0.058638
824 0.265840 0.241873 0.492287
18 0.021502 0.247903 0.730594
3320 0.202371 0.127275 0.670355
3320 0.232137 0.705082 0.062781
20 0.156785 0.448591 0.394624
3998 0.555174 0.186446 0.258380
862 0.017261 0.186666 0.796073
2656 0.160363 0.760532 0.079106
824 0.261520 0.169551 0.568928
824 0.257190 0.107350 0.635460
2608 0.003167 0.116940 0.879894
826 0.744781 0.014563 0.240656
2624 0.032169 0.622944 0.344887
1474 0.020638 0.931507 0.047855
826 0.737049 0.118319 0.144632
18 0.240326 0.564739 0.194934
18 0.216402 0.666081 0.117517
826 0.706585 0.272748 0.020667
18 0.203984 0.767788 0.028228
1474 0.149446 0.070473 0.780081
2656 0.793732 0.122050 0.084219
1474 0.035043 0.796201 0.168756
18 0.111274 0.746712 0.142013
1474 0.060076 0.593129 0.346794
1474 0.131499 0.155493 0.713008
3998 0.328425 0.500261 0.171314
1474 0.118630 0.227373 0.653996
1474 0.079425 0.462297 0.458277
1474 0.067811 0.531560 0.400629
3998 0.220616 0.397475 0.381909
2656 0.526163 0.266798 0.207039
418 0.256103 0.644564 0.099333
3320 0.000905 0.891254 0.107841
1292 0.714627 0.261320 0.024053
22 0.543423 0.014005 0.442573
2652 0.065744 0.131577 0.802679
2624 0.340642 0.522603 0.136755
1474 0.007038 0.243035 0.749927
2656 0.270085 0.369742 0.360173
4030 0.308227 0.608799 0.082974
1488 0.459619 0.112225 0.428156
2618 0.510710 0.004120 0.485169
848 0.232872 0.376650 0.390477
848 0.231297 0.292540 0.476164
848 0.224224 0.131346 0.644430
848 0.234646 0.447942 0.317412
848 0.242335 0.574959 0.182707
848 0.243957 0.701510 0.054533
370 0.297374 0.570925 0.131701
4010 0.638066 0.208059 0.153875
370 0.091366 0.338735 0.569899
4010 0.419519 0.147356 0.433125
2624 0.216557 0.167628 0.615816
4010 0.369282 0.143840 0.486879
4010 0.170241 0.155012 0.674748
4028 0.374502 0.122323 0.503176
4030 0.220938 0.385675 0.393387
368 0.847216 0.027178 0.125606
4028 0.191230 0.613518 0.195252
2648 0.496301 0.063817 0.439882
2654 0.600429 0.136649 0.262923
2652 0.477486 0.293807 0.228707
1292 0.516413 0.123433 0.360154
1126 0.041505 0.232427 0.726068
4028 0.485136 0.287391 0.227472
22 0.035725 0.063152 0.901122
22 0.449994 0.275615 0.274391
2608 0.518178 0.121394 0.360427
2624 0.636860 0.362381 0.000759
370 0.407268 0.073578 0.519154
2610 0.545770 0.294197 0.160034
368 0.465855 0.414944 0.119202
2658 0.197732 0.286018 0.516250
2658 0.475775 0.104854 0.419371
2624 0.498405 0.059823 0.441772
1126 0.129315 0.356509 0.514176
1292 0.403777 0.036680 0.559543
4030 0.144312 0.162060 0.693628
2656 0.278868 0.021576 0.699556
850 0.208706 0.034931 0.756363
850 0.218089 0.104605 0.677307
850 0.228627 0.189646 0.581727
2654 0.116075 0.566077 0.317848
370 0.827218 0.054772 0.118011
368 0.138832 0.331930 0.529238
848 0.800699 0.097249 0.102052
3440 0.670289 0.295397 0.034314
22 0.375607 0.460710 0.163682
2626 0.596353 0.271028 0.132620
4010 0.188479 0.783455 0.028066
3988 0.015300 0.273722 0.710977
3988 0.079920 0.337514 0.582565
3988 0.176874 0.433159 0.389967
4028 0.920663 0.071730 0.007608
368 0.091772 0.692909 0.215320
2654 0.022649 0.158438 0.818913
3988 0.261216 0.535729 0.203055
3988 0.351003 0.618007 0.030991
1294 0.660365 0.002669 0.336966
1126 0.187511 0.441453 0.371036
2656 0.004651 0.089401 0.905948
2626 0.217911 0.142933 0.639157
22 0.350424 0.556316 0.093260
1126 0.285320 0.583791 0.130889
1294 0.776877 0.097833 0.125290
2120 0.117434 0.705135 0.177431
2122 0.127860 0.076101 0.796038
4050 0.066331 0.220328 0.713341
28 0.360676 0.569903 0.069421
1294 0.160095 0.671363 0.168541
3440 0.465720 0.432599 0.101681
2626 0.314812 0.410330 0.274858
4032 0.265941 0.045303 0.688756
2610 0.000826 0.428087 0.571087
3442 0.176233 0.398140 0.425627
2610 0.084899 0.810734 0.104367
2658 0.214890 0.734606 0.050504
4032 0.305738 0.317593 0.376669
206 0.539772 0.443666 0.016562
1332 0.003829 0.800722 0.195449
1110 0.075524 0.581942 0.342534
1602 0.027347 0.644090 0.328563
4032 0.366799 0.573317 0.059884
810 0.061582 0.272655 0.665762
810 0.239734 0.072484 0.687782
808 0.664456 0.029226 0.306318
206 0.310824 0.580119 0.109057
3440 0.368762 0.512688 0.118550
3990 0.642461 0.214266 0.143273
2116 0.652470 0.089997 0.257532
3988 0.426255 0.058701 0.515044
2118 0.311235 0.277463 0.411302
2118 0.291161 0.644996 0.063843
3988 0.491597 0.134536 0.373867
4 0.293768 0.005310 0.700922
3988 0.556842 0.210451 0.232707
1452 0.153260 0.383641 0.463099
3988 0.622137 0.286221 0.091642
1584 0.000000 0.336479 0.663521
2626 0.054602 0.586003 0.359395
1584 0.020713 0.325303 0.653983
1586 0.493838 0.155985 0.350177
3440 0.070748 0.805002 0.124250
206 0.027272 0.706201 0.266526
1586 0.262183 0.326751 0.411066
4 0.363671 0.388872 0.247457
1452 0.000000 0.442502 0.557498
3442 0.664953 0.035852 0.299195
2626 0.180219 0.775528 0.044252
566 0.172990 0.593613 0.233397
1110 0.284986 0.362421 0.352594
1332 0.526640 0.189695 0.283665
1602 0.153609 0.270133 0.576257
1602 0.320734 0.401146 0.278120
1602 0.039523 0.093284 0.867193
3442 0.329522 0.598334 0.072144
4034 0.252578 0.642250 0.105172
2122 0.402490 0.261089 0.336422
4050 0.609553 0.267616 0.122831
4048 0.480638 0.444979 0.074383
28 0.220054 0.284046 0.495900
1454 0.528223 0.302534 0.169243
810 0.183814 0.745196 0.070990
810 0.302517 0.519787 0.177695
1452 0.101150 0.148734 0.750116
4034 0.224737 0.240544 0.534719
811 0.000000 0.041144 0.958856
811 0.027435 0.097777 0.874788
3991 0.035546 0.207224 0.757230
4032 0.817670 0.120594 0.061736
1594 0.371977 0.072844 0.555179
3991 0.036727 0.602914 0.360359
3991 0.033499 0.822459 0.144042
1110 0.503924 0.135717 0.360359
1585 0.000000 0.941761 0.058239
2116 0.213924 0.503394 0.282682
1587 0.754189 0.041549 0.204263
1452 0.000000 0.199094 0.800906
1586 0.245518 0.643531 0.110951
1592 0.630567 0.363647 0.005785
566 0.130281 0.392659 0.477060
1587 0.673838 0.031611 0.294552
2116 0.264091 0.082327 0.653582
1586 0.515568 0.458695 0.025736
204 0.263068 0.122677 0.614255
6 0.300811 0.680057 0.019132
566 0.911167 0.070383 0.018450
206 0.524583 0.054061 0.421356
6 0.310565 0.299506 0.389928
562 0.844960 0.000000 0.155040
1600 0.759219 0.065808 0.174974
1602 0.350690 0.097512 0.551798
206 0.309496 0.207739 0.482765
4 0.694774 0.009672 0.295553
206 0.038109 0.390363 0.571527
1452 0.037951 0.231138 0.730912
1454 0.667840 0.131365 0.200794
1454 0.557962 0.102544 0.339494
1452 0.175804 0.171086 0.653110
1586 0.197922 0.602227 0.199851
1586 0.165423 0.578440 0.256137
1452 0.283446 0.025959 0.690596
1586 0.121324 0.676270 0.202406
1454 0.446434 0.210482 0.343084
1586 0.567416 0.363033 0.069551
1586 0.586244 0.327817 0.085939
1586 0.553913 0.387046 0.059041
1454 0.471414 0.320084 0.208502
1454 0.349021 0.401873 0.249106
1454 0.239325 0.526477 0.234199
1454 0.747735 0.150164 0.102101
1452 0.000000 0.189478 0.810522
1586 0.227824 0.661924 0.110253
1454 0.511439 0.319260 0.169300
1108 0.344714 0.003008 0.652278
7 0.000000 0.928886 0.071114
560 0.060819 0.262483 0.676698
1602 0.557364 0.175426 0.267210
1454 0.326176 0.535216 0.138608
1454 0.318966 0.568340 0.112694
1454 0.201841 0.747343 0.050815
1586 0.516678 0.470643 0.012679
566 0.061106 0.219654 0.719241
1600 0.563876 0.290801 0.145323
1454 0.714443 0.000000 0.285557
1454 0.881568 0.000000 0.118432
1454 0.365065 0.333944 0.300991
1454 0.074088 0.903923 0.021989
1586 0.520943 0.447742 0.031315
1586 0.473944 0.526056 0.000000
2136 0.596405 0.313918 0.089677
1454 0.184600 0.626762 0.188638
225 0.969460 0.000000 0.030540
3318 0.260405 0.599843 0.139752
3318 0.292637 0.393647 0.313716
3316 0.746297 0.000000 0.253703
1587 0.773433 0.077000 0.149567
1587 0.785181 0.063487 0.151331
1587 0.754420 0.065963 0.179617
188 0.812772 0.136241 0.050986
224 0.968898 0.031102 0.000000
3316 0.771705 0.189304 0.038991
1600 0.431770 0.159126 0.409104
1587 0.677285 0.043636 0.279079
1587 0.746692 0.106975 0.146333
1454 0.040718 0.959282 0.000000
560 0.145475 0.344360 0.510165
2123 0.005939 0.167734 0.826328
2123 0.562601 0.059208 0.378191
4048 0.037531 0.216999 0.745469
1108 0.238528 0.680536 0.080936
4035 0.215969 0.446231 0.337800
4033 0.741269 0.113099 0.145632
2117 0.218982 0.266915 0.514104
2117 0.145248 0.665081 0.189671
30 0.053246 0.843361 0.103392
28 0.132389 0.035195 0.832416
1108 0.252913 0.534366 0.212721
1587 0.756067 0.054842 0.189091
1592 0.215940 0.416501 0.367559
1585 0.000000 0.931828 0.068172
1587 0.723529 0.127590 0.148882
1108 0.243380 0.354364 0.402256
3991 0.054633 0.824734 0.120633
3991 0.058418 0.607543 0.334039
204 0.045915 0.741485 0.212600
1587 0.829620 0.079060 0.091320
7 0.069867 0.096088 0.834045
1585 0.000000 0.922711 0.077289
3991 0.074928 0.218127 0.706945
204 0.311942 0.471448 0.216611
1454 0.349191 0.531037 0.119772
1455 0.693718 0.130700 0.175582
1455 0.163292 0.050661 0.786047
3991 0.106269 0.799581 0.094150
3991 0.106887 0.605797 0.287316
7 0.029991 0.563367 0.406641
1600 0.402284 0.478113 0.119603
1108 0.207607 0.103219 0.689175
204 0.512095 0.267860 0.220045
3991 0.109915 0.228278 0.661807
3991 0.061918 0.003746 0.934336
224 0.716402 0.283598 0.000000
1587 0.853873 0.082878 0.063249
1587 0.839535 0.093259 0.067206
3989 0.906881 0.035762 0.057358
204 0.688423 0.088341 0.223235
191 0.049414 0.099891 0.850695
2813 0.509867 0.113122 0.377011
225 0.183081 0.007302 0.809616
811 0.019799 0.107035 0.873166
566 0.015095 0.115373 0.869532
3991 0.134541 0.778745 0.086714
3989 0.893545 0.054421 0.052034
3991 0.126541 0.592848 0.280610
1455 0.005859 0.042877 0.951263
3991 0.105687 0.033525 0.860788
811 0.018882 0.139060 0.842058
206 0.026437 0.163455 0.810108
1587 0.812053 0.122428 0.065520
3991 0.140834 0.241764 0.617402
3991 0.157709 0.786550 0.055741
3316 0.882823 0.004556 0.112621
1108 0.115521 0.858892 0.025587
3318 0.120240 0.207906 0.671854
225 0.497778 0.000000 0.502222
3989 0.867844 0.052255 0.079901
3318 0.102297 0.809486 0.088217
3991 0.147857 0.606382 0.245761
3991 0.161967 0.263972 0.574061
560 0.192929 0.420923 0.386148
811 0.042178 0.198615 0.759206
811 0.035802 0.203262 0.760936
811 0.175252 0.136045 0.688703
3991 0.151795 0.066409 0.781796
224 0.966904 0.033096 0.000000
3989 0.793600 0.206400 0.000000
811 0.024227 0.225521 0.750252
2128 0.277573 0.418902 0.303525
1600 0.242116 0.055902 0.701982
224 0.390443 0.609557 0.000000
3991 0.214600 0.628126 0.157274
1587 0.789662 0.142935 0.067403
3989 0.853274 0.056217 0.090509
1108 0.125495 0.768934 0.105571
3989 0.785612 0.214388 0.000000
1587 0.745822 0.175726 0.078451
1587 0.672132 0.159673 0.168195
1587 0.426229 0.116959 0.456812
1600 0.237147 0.380206 0.382646
1108 0.138877 0.683522 0.177601
1108 0.155495 0.565579 0.278926
3991 0.230494 0.636448 0.133058
3989 0.816364 0.075134 0.108502
1108 0.149883 0.403939 0.446178
3989 0.757553 0.225591 0.016857
225 0.702481 0.000000 0.297519
1108 0.130053 0.155145 0.714802
811 0.035544 0.381973 0.582483
811 0.025851 0.380991 0.593158
811 0.145271 0.377308 0.477421
3991 0.347629 0.025635 0.626736
1600 0.238177 0.668897 0.092926
566 0.014373 0.073663 0.911964
560 0.245167 0.509071 0.245762
1455 0.312303 0.188921 0.498775
1455 0.639102 0.246759 0.114139
1455 0.137229 0.150903 0.711868
1587 0.714420 0.252552 0.033029
1587 0.636344 0.246047 0.117609
1587 0.418337 0.220509 0.361153
1455 0.000000 0.097872 0.902128
1585 0.112126 0.768592 0.119282
3989 0.699952 0.215165 0.084884
1108 0.038139 0.908624 0.053237
1108 0.053523 0.830783 0.115695
3318 0.029434 0.036981 0.933584
3319 0.037145 0.276452 0.686404
191 0.195828 0.339755 0.464417
225 0.437319 0.070658 0.492023
1108 0.066571 0.745851 0.187578
2813 0.430078 0.205121 0.364800
1108 0.077125 0.669698 0.253177
1108 0.087030 0.572823 0.340147
1108 0.087172 0.426413 0.486415
225 0.143479 0.054953 0.801567
1455 0.000000 0.062849 0.937151
1108 0.076471 0.189259 0.734271
225 0.349299 0.055226 0.595475
566 0.012429 0.032456 0.955116
2128 0.380763 0.401533 0.217705
4051 0.666885 0.210245 0.122870
31 0.009881 0.284161 0.705958
29 0.132024 0.801359 0.066616
1593 0.239947 0.388708 0.371345
2121 0.506174 0.493826 0.000000
205 0.038570 0.224794 0.736637
205 0.308390 0.198880 0.492730
205 0.517798 0.168849 0.313353
4035 0.610330 0.043298 0.346372
205 0.720086 0.137475 0.142440
207 0.015843 0.925666 0.058491
4033 0.338853 0.544403 0.116744
1601 0.048105 0.658294 0.293600
4033 0.309614 0.166909 0.523478
1600 0.043913 0.624211 0.331876
2117 0.658233 0.209877 0.131891
1600 0.074793 0.870813 0.054395
2119 0.439739 0.398008 0.162253
560 0.286360 0.607497 0.106143
7 0.447356 0.027301 0.525344
7 0.393811 0.406711 0.199478
5 0.674771 0.265295 0.059933
2128 0.479105 0.386315 0.134580
2137 0.498112 0.172039 0.329849
567 0.000000 0.990735 0.009265
1109 0.100775 0.715849 0.183376
1109 0.141962 0.439594 0.418444
1109 0.157678 0.269047 0.573275
1109 0.142818 0.168243 0.688939
1109 0.129817 0.096966 0.773216
1109 0.120045 0.017659 0.862295
3317 0.875052 0.117865 0.007083
3319 0.138236 0.658030 0.203734
3319 0.148054 0.061040 0.790905
191 0.402227 0.431958 0.165815
2813 0.357858 0.397288 0.244855
225 0.119574 0.138560 0.741866
225 0.326880 0.131857 0.541264
1455 0.000000 0.151464 0.848536
1455 0.000000 0.100665 0.899335
225 0.432121 0.136046 0.431833
225 0.668398 0.106067 0.225535
227 0.040429 0.779091 0.180480
1455 0.067982 0.246380 0.685637
811 0.002415 0.571757 0.425828
3991 0.565037 0.000621 0.434342
811 0.123561 0.621124 0.255316
1585 0.304972 0.675122 0.019906
1587 0.653129 0.340624 0.006247
3989 0.687539 0.075191 0.237270
3989 0.628504 0.225648 0.145848
1587 0.404444 0.324393 0.271163
1455 0.230392 0.291977 0.477632
1455 0.579407 0.365437 0.055155
567 0.000000 0.949413 0.050587
567 0.031016 0.817787 0.151197
227 0.036748 0.678060 0.285192
227 0.013791 0.783009 0.203200
1109 0.186383 0.683684 0.129933
1109 0.246856 0.387237 0.365907
1109 0.267231 0.194029 0.538740
227 0.058448 0.567405 0.374147
1109 0.255533 0.062428 0.682040
3317 0.754707 0.062014 0.183279
3319 0.279643 0.720357 0.000000
561 0.288467 0.066953 0.644579
189 0.729162 0.027387 0.243451
3319 0.345975 0.277912 0.376113
227 0.078106 0.701151 0.220743
3319 0.319334 0.101992 0.578674
1109 0.334513 0.636338 0.029148
3989 0.639482 0.056311 0.304207
1585 0.259652 0.609119 0.131229
3989 0.582323 0.223826 0.193851
1585 0.324657 0.593880 0.081463
1601 0.144897 0.059598 0.795505
1455 0.142720 0.477154 0.380127
1587 0.422466 0.463254 0.114280
1453 0.543110 0.456890 0.000000
1601 0.231939 0.353029 0.415031
227 0.022112 0.490335 0.487553
1435 0.151214 0.061137 0.787650
1603 0.641113 0.302784 0.056103
3991 0.676805 0.027135 0.296060
3991 0.666619 0.042916 0.290466
3991 0.539137 0.032934 0.427928
3991 0.627844 0.067084 0.305072
3991 0.420966 0.037211 0.541823
811 0.097446 0.807540 0.095014
1455 0.038822 0.517027 0.444152
227 0.000000 0.595967 0.404033
561 0.197762 0.246922 0.555316
3989 0.618442 0.052365 0.329193
1585 0.241014 0.581751 0.177235
3989 0.566581 0.223635 0.209783
1585 0.305314 0.566374 0.128312
3989 0.509601 0.389629 0.100770
3989 0.521564 0.388772 0.089664
3989 0.527267 0.226231 0.246503
3989 0.466608 0.390442 0.142951
3989 0.581382 0.054558 0.364059
207 0.030203 0.599548 0.370249
1587 0.458017 0.514156 0.027827
1585 0.222042 0.552443 0.225514
567 0.101895 0.589920 0.308185
1601 0.343213 0.088150 0.568637
1585 0.287179 0.536161 0.176660
1455 0.032311 0.542408 0.425281
1585 0.536328 0.445569 0.018103
3989 0.507658 0.213113 0.279229
3989 0.445829 0.381931 0.172240
3989 0.561067 0.035914 0.403019
207 0.317541 0.428032 0.254428
1111 0.520978 0.394491 0.084531
3991 0.669625 0.122548 0.207827
3991 0.714764 0.106804 0.178432
3991 0.737798 0.094769 0.167433
1585 0.207241 0.531473 0.261286
1455 0.037797 0.591473 0.370730
561 0.284741 0.425497 0.289762
3989 0.400754 0.311502 0.287744
3989 0.286695 0.666960 0.046344
3989 0.312971 0.679893 0.007136
3989 0.431418 0.341458 0.227125
3991 0.654720 0.322886 0.022393
3991 0.621530 0.140561 0.237909
4011 0.287737 0.067599 0.644663
1601 0.493672 0.356371 0.149957
3989 0.492150 0.166298 0.341553
3991 0.631219 0.338048 0.030734
1585 0.003000 0.548730 0.448270
1585 0.275474 0.511997 0.212529
5 0.354246 0.205695 0.440059
5 0.230542 0.626662 0.142796
1585 0.223114 0.506807 0.270079
3989 0.467436 0.115167 0.417398
1585 0.507945 0.409374 0.082681
207 0.546743 0.326712 0.126545
3989 0.261773 0.665221 0.073006
3989 0.386740 0.307167 0.306094
1455 0.146390 0.603368 0.250242
1585 0.033416 0.509896 0.456688
1585 0.295161 0.491399 0.213440
1585 0.290336 0.464185 0.245479
4011 0.127847 0.282425 0.589727
205 0.211192 0.754981 0.033827
1585 0.364668 0.448963 0.186369
1585 0.512561 0.401982 0.085457
1453 0.224020 0.402627 0.373353
1453 0.333059 0.525842 0.141100
2119 0.136708 0.029625 0.833668
1585 0.516463 0.409866 0.073672
3989 0.051202 0.388543 0.560255
571 0.000000 0.714979 0.285021
3989 0.454784 0.109808 0.435408
1593 0.799795 0.091197 0.109009
1455 0.130077 0.637057 0.232866
1603 0.338644 0.317003 0.344353
1601 0.587316 0.052594 0.360091
1585 0.033016 0.495607 0.471377
1585 0.294741 0.449894 0.255364
2119 0.016845 0.445291 0.537864
1453 0.634870 0.365130 0.000000
1595 0.263325 0.490384 0.246291
3989 0.115000 0.235391 0.649609
1585 0.369911 0.435020 0.195069
369 0.062486 0.181583 0.755931
563 0.505250 0.309657 0.185093
3989 0.178741 0.082368 0.738891
1585 0.036891 0.209706 0.753403
1585 0.519368 0.396966 0.083665
29 0.230385 0.341710 0.427905
1585 0.233830 0.189708 0.576462
4049 0.785503 0.101490 0.113007
1585 0.399205 0.174284 0.426511
4051 0.218716 0.100967 0.680317
2121 0.616240 0.025160 0.358600
4031 0.114550 0.811467 0.073983
1587 0.096443 0.671911 0.231646
1587 0.148960 0.640001 0.211039
1587 0.166217 0.648833 0.184951
4031 0.112093 0.454358 0.433549
4031 0.090348 0.106275 0.803377
1603 0.216826 0.668190 0.114985
1585 0.633854 0.150160 0.215986
1455 0.198636 0.696898 0.104466
1453 0.085381 0.326672 0.587947
207 0.010149 0.185840 0.804010
1427 0.654006 0.317507 0.028487
567 0.146251 0.355470 0.498280
1455 0.172130 0.629852 0.198018
561 0.071375 0.876268 0.052357
3443 0.929346 0.018706 0.051948
1453 0.241926 0.293645 0.464429
1453 0.049230 0.329886 0.620884
1453 0.016214 0.318212 0.665575
1585 0.872543 0.108036 0.019422
1453 0.491001 0.288166 0.220833
1455 0.183431 0.639139 0.177430
1111 0.305251 0.387019 0.307730
1453 0.562078 0.280726 0.157196
1603 0.050936 0.404184 0.544879
1453 0.370580 0.303708 0.325712
1453 0.329372 0.297472 0.373157
1453 0.116493 0.122661 0.760845
1453 0.516723 0.083770 0.399507
2659 0.695256 0.086656 0.218088
2627 0.054327 0.190861 0.754812
2655 0.019070 0.877709 0.103221
3443 0.385973 0.147999 0.466028
2655 0.172457 0.411963 0.415580
2659 0.444240 0.225647 0.330113
1333 0.529701 0.330609 0.139691
3441 0.086254 0.494975 0.418771
1295 0.014777 0.128470 0.856752
567 0.183508 0.118345 0.698147
371 0.692121 0.034331 0.273548
3441 0.188829 0.474076 0.337095
3441 0.404139 0.400440 0.195421
2659 0.173388 0.342135 0.484477
2625 0.849097 0.046393 0.104510
2627 0.230182 0.481380 0.288437
2627 0.331271 0.037401 0.631328
369 0.391722 0.546982 0.061296
2611 0.373754 0.159264 0.466982
1111 0.098692 0.375138 0.526170
119 0.732553 0.032115 0.235332
369 0.458119 0.178375 0.363506
2611 0.288791 0.598238 0.112971
119 0.959890 0.029039 0.011071
4009 0.843772 0.145889 0.010339
4029 0.493139 0.120581 0.386280
2649 0.283563 0.325241 0.391196
4011 0.313378 0.654912 0.031710
4029 0.452049 0.535098 0.012853
4011 0.419398 0.523983 0.056619
4011 0.644207 0.227836 0.127957
4011 0.780565 0.040898 0.178537
2619 0.391695 0.183952 0.424352
4031 0.580461 0.119250 0.300289
849 0.635721 0.105575 0.258704
849 0.148055 0.141176 0.710768
1491 0.377967 0.353547 0.268486
849 0.612627 0.209610 0.177763
849 0.123132 0.241133 0.635735
809 0.807220 0.099656 0.093124
2617 0.495099 0.017623 0.487278
3441 0.680520 0.282680 0.036801
23 0.171070 0.057107 0.771823
2627 0.541677 0.303777 0.154546
1295 0.739435 0.183504 0.077061
1333 0.137029 0.024431 0.838541
2657 0.249475 0.547508 0.203016
2625 0.536936 0.195018 0.268046
23 0.253250 0.174391 0.572358
2653 0.502801 0.129510 0.367689
1127 0.334156 0.056134 0.609710
2653 0.365959 0.583709 0.050332
2627 0.943803 0.051858 0.004339
23 0.358315 0.350560 0.291125
2655 0.806454 0.014035 0.179511
117 0.146697 0.603898 0.249405
2657 0.514041 0.356231 0.129729
1295 0.691225 0.268461 0.040314
4009 0.427567 0.105237 0.467196
4009 0.371825 0.165125 0.463050
2625 0.214192 0.416917 0.368891
4009 0.095979 0.505070 0.398951
371 0.163770 0.471624 0.364605
3999 0.214697 0.120915 0.664388
369 0.833719 0.089718 0.076563
1127 0.232109 0.235782 0.532109
827 0.648383 0.089176 0.262441
4029 0.083108 0.403015 0.513876
827 0.583913 0.239515 0.176573
1293 0.415956 0.584044 0.000000
2657 0.792291 0.193948 0.013761
827 0.551530 0.320709 0.127761
863 0.034701 0.191683 0.773616
2657 0.119510 0.261113 0.619378
2609 0.116094 0.862647 0.021259
4015 0.653336 0.247370 0.099294
2609 0.133853 0.441200 0.424947
2651 0.124366 0.714089 0.161546
21 0.514449 0.449922 0.035629
4053 0.005480 0.145846 0.848674
4055 0.669460 0.036749 0.293791
1127 0.171670 0.342460 0.485870
419 0.239701 0.253318 0.506981
1293 0.608074 0.310811 0.081116
2653 0.023817 0.133661 0.842521
1127 0.080749 0.499853 0.419399
4009 0.081513 0.004319 0.914168
3999 0.275415 0.653348 0.071236
1475 0.131043 0.506174 0.362783
1475 0.166736 0.130525 0.702739
863 0.218131 0.652589 0.129280
2625 0.024948 0.066094 0.908959
2653 0.041299 0.626240 0.332462
2657 0.387332 0.017393 0.595275
3999 0.653765 0.176105 0.170130
1473 0.893398 0.093914 0.012688
863 0.340867 0.289016 0.370117
827 0.173939 0.095501 0.730560
827 0.117416 0.228207 0.654377
827 0.049888 0.368436 0.581676
21 0.185973 0.284675 0.529353
1293 0.062210 0.269905 0.667885
1293 0.831973 0.011770 0.156257
827 0.015431 0.442936 0.541633
19 0.125675 0.338926 0.535400
827 0.514121 0.415858 0.070020
813 0.012450 0.475886 0.511664
849 0.093192 0.362082 0.544726
1607 0.365283 0.179677 0.455040
417 0.502316 0.492555 0.005129
1607 0.031076 0.405056 0.563868
1475 0.316940 0.061098 0.621962
861 0.596208 0.347774 0.056018
1475 0.265542 0.426598 0.307859
1475 0.294521 0.208546 0.496932
375 0.420452 0.409995 0.169553
1475 0.257030 0.492614 0.250356
1475 0.251155 0.563958 0.184887
1473 0.769116 0.194604 0.036280
19 0.190304 0.762164 0.047532
37 0.565244 0.111442 0.323314
1473 0.774911 0.123186 0.101903
1473 0.778477 0.041581 0.179942
19 0.221390 0.243935 0.534676
3997 0.496524 0.085240 0.418237
1605 0.180845 0.778203 0.040952
39 0.379677 0.030980 0.589343
1293 0.285486 0.000000 0.714514
3997 0.076101 0.437040 0.486859
3321 0.165185 0.795594 0.039221
861 0.285284 0.346230 0.368485
861 0.178048 0.756154 0.065798
4015 0.029077 0.174831 0.796091
1475 0.611328 0.037671 0.351001
1475 0.580161 0.194639 0.225200
1475 0.537092 0.393574 0.069335
1475 0.523014 0.466669 0.010318
1473 0.491769 0.454998 0.053233
4055 0.181473 0.345889 0.472639
1473 0.537078 0.231648 0.231273
4015 0.042981 0.465033 0.491986
4013 0.921151 0.032466 0.046382
3995 0.051265 0.838405 0.110330
1609 0.100032 0.799274 0.100695
815 0.753915 0.157434 0.088651
1473 0.551774 0.151640 0.296586
815 0.716633 0.275461 0.007906
19 0.223573 0.325686 0.450741
19 0.237399 0.397668 0.364934
19 0.313168 0.617673 0.069159
1473 0.566036 0.062610 0.371354
813 0.356798 0.589254 0.053947
19 0.399455 0.203641 0.396904
813 0.386102 0.535630 0.078267
813 0.400983 0.462524 0.136493
813 0.496483 0.321042 0.182475
813 0.099438 0.319527 0.581035
825 0.563093 0.385218 0.051689
1605 0.374454 0.575773 0.049773
19 0.390066 0.293000 0.316934
19 0.377486 0.378768 0.243746
3321 0.157909 0.246162 0.595930
417 0.306988 0.135679 0.557333
3997 0.066943 0.126757 0.806300
3993 0.435182 0.198609 0.366210
17 0.679182 0.271301 0.049517
17 0.648725 0.185175 0.166100
3323 0.654801 0.241033 0.104166
1607 0.336181 0.652600 0.011219
3995 0.079803 0.577087 0.343110
1473 0.229641 0.498380 0.271979
1473 0.212089 0.577247 0.210664
1473 0.196409 0.648722 0.154868
1473 0.286093 0.275323 0.438584
1473 0.147709 0.840532 0.011759
1473 0.303743 0.194712 0.501544
1473 0.321391 0.106146 0.572463
815 0.489259 0.144497 0.366244
19 0.628189 0.155646 0.216165
1475 0.884666 0.006768 0.108566
17 0.451578 0.300789 0.247633
17 0.444673 0.400448 0.154879
19 0.600422 0.333465 0.066113
1347 0.008757 0.616715 0.374528
373 0.097500 0.891992 0.010508
19 0.615097 0.244689 0.140213
815 0.455111 0.263324 0.281565
3321 0.303983 0.205407 0.490611
17 0.456618 0.202951 0.340431
3993 0.078676 0.204474 0.716850
815 0.416488 0.402383 0.181128
1347 0.130922 0.197815 0.671263
1611 0.609888 0.310787 0.079325
3993 0.340366 0.356214 0.303420
815 0.401842 0.458364 0.139793
221 0.206856 0.113253 0.679891
815 0.389223 0.522229 0.088548
813 0.624316 0.309101 0.066582
813 0.601135 0.250234 0.148631
813 0.154861 0.233191 0.611948
1605 0.053916 0.178352 0.767731
4027 0.733802 0.210163 0.056036
3995 0.131670 0.346626 0.521704
815 0.254254 0.122540 0.623206
3293 0.189221 0.629748 0.181031
3321 0.415675 0.168472 0.415853
813 0.656068 0.135666 0.208265
813 0.212965 0.126848 0.660187
1265 0.005704 0.273549 0.720747
1265 0.033852 0.170227 0.795920
815 0.049436 0.668822 0.281742
815 0.219081 0.244171 0.536748
1465 0.268646 0.066408 0.664946
1499 0.044545 0.912330 0.043125
1465 0.705962 0.071304 0.222734
3323 0.530629 0.255145 0.214226
815 0.190425 0.386127 0.423448
17 0.152522 0.250641 0.596838
815 0.154951 0.505239 0.339810
815 0.176056 0.442665 0.381279
1309 0.738304 0.003822 0.257874
4025 0.298697 0.550796 0.150507
4025 0.276095 0.661102 0.062803
4025 0.324760 0.321313 0.353927
1437 0.042810 0.517224 0.439966
4061 0.299243 0.264242 0.436515
3993 0.260258 0.581463 0.158278
3995 0.241254 0.053257 0.705489
3321 0.470937 0.141670 0.387393
1473 0.002752 0.255390 0.741858
147 0.016249 0.663913 0.319837
1473 0.020513 0.168348 0.811139
147 0.078109 0.440442 0.481448
17 0.076104 0.915219 0.008677
17 0.144309 0.351033 0.504658
17 0.134339 0.447909 0.417751
17 0.094422 0.723697 0.181881
1611 0.483981 0.361035 0.154984
17 0.084226 0.819912 0.095862
147 0.097029 0.361250 0.541720
147 0.113005 0.288884 0.598111
147 0.162984 0.093879 0.743137
4063 0.630567 0.222999 0.146434
4025 0.340759 0.163917 0.495324
1265 0.041495 0.920444 0.038061
1345 0.783508 0.096095 0.120397
1265 0.065749 0.787583 0.146668
1347 0.379429 0.451656 0.168916
3323 0.480704 0.260380 0.258916
1265 0.068772 0.631090 0.300138
4027 0.475756 0.038295 0.485948
1265 0.074079 0.569624 0.356297
1265 0.077039 0.503464 0.419496
1309 0.201641 0.236918 0.561441
1265 0.034065 0.332354 0.633581
3323 0.277025 0.232960 0.490015
3321 0.667290 0.143075 0.189635
1611 0.085708 0.516363 0.397928
4027 0.323157 0.513346 0.163497
4021 0.764900 0.177031 0.058068
4023 0.539434 0.200044 0.260522
1237 0.104793 0.856376 0.038831
1265 0.607381 0.173921 0.218698
1265 0.624546 0.082429 0.293026
1265 0.605502 0.247973 0.146526
1497 0.397446 0.151237 0.451317
1497 0.413728 0.229558 0.356715
1499 0.042845 0.833712 0.123443
1465 0.240668 0.164925 0.594407
1267 0.362176 0.130128 0.507696
1267 0.399282 0.556203 0.044516
4027 0.265698 0.676638 0.057664
4025 0.811365 0.050160 0.138474
1267 0.359241 0.261276 0.379484
1267 0.393168 0.425325 0.181507
1267 0.388230 0.490073 0.121697
223 0.402142 0.502178 0.095680
4063 0.167600 0.164839 0.667562
1311 0.416191 0.398575 0.185234
1479 0.297156 0.608790 0.094054
1479 0.303962 0.508926 0.187111
1479 0.308319 0.412998 0.278683
1479 0.330541 0.138049 0.531411
145 0.575106 0.368047 0.056847
147 0.441206 0.556635 0.002159
147 0.494428 0.343441 0.162131
145 0.592832 0.285111 0.122056
4063 0.154982 0.361773 0.483245
3325 0.091067 0.739434 0.169499
3323 0.026786 0.880544 0.092670
145 0.652806 0.045648 0.301546
1479 0.334998 0.042725 0.622277
147 0.511016 0.266586 0.222398
147 0.526282 0.192378 0.281339
1345 0.420408 0.024793 0.554798
1345 0.343063 0.284811 0.372126
1345 0.186245 0.772065 0.041690
3293 0.751989 0.102798 0.145213
4063 0.103370 0.730504 0.166126
4007 0.053829 0.197537 0.748634
4021 0.259051 0.203490 0.537459
1237 0.122904 0.335535 0.541560
4027 0.008010 0.314724 0.677266
845 0.163593 0.830696 0.005711
3295 0.158214 0.258412 0.583374
845 0.180169 0.682021 0.137810
4001 0.178132 0.235322 0.586546
845 0.244366 0.476522 0.279112
845 0.285499 0.396991 0.317510
845 0.280308 0.312760 0.406932
1497 0.428641 0.309627 0.261732
1093 0.200989 0.589392 0.209619
1499 0.042221 0.752545 0.205234
845 0.270173 0.099642 0.630185
173 0.609080 0.221879 0.169041
173 0.694157 0.026274 0.279569
845 0.266788 0.023229 0.709983
1095 0.742397 0.049980 0.207623
1093 0.227892 0.739068 0.033040
1093 0.212932 0.664935 0.122133
3985 0.077051 0.160323 0.762627
4007 0.093571 0.839953 0.066476
4007 0.313379 0.259169 0.427451
173 0.525130 0.430108 0.044761
223 0.031949 0.194249 0.773801
847 0.590031 0.214267 0.195702
3327 0.431893 0.395783 0.172324
3325 0.366086 0.009599 0.624315
175 0.532063 0.319938 0.148000
4037 0.022033 0.623603 0.354364
3985 0.378608 0.267264 0.354129
3985 0.344976 0.035323 0.619701
847 0.606682 0.356274 0.037044
4007 0.566621 0.338519 0.094860
1307 0.049583 0.072056 0.878360
839 0.136223 0.799326 0.064451
1307 0.036667 0.144720 0.818613
839 0.213591 0.547721 0.238688
1307 0.023230 0.212991 0.763780
839 0.363472 0.067998 0.568531
145 0.015726 0.605037 0.379237
145 0.026816 0.535894 0.437290
145 0.041841 0.455903 0.502255
145 0.095625 0.224505 0.679869
4003 0.347837 0.621213 0.030950
