13761 0.112314 0.546005 0.341680
13760 0.074899 0.302784 0.622317
13757 0.244834 0.382067 0.373099
13761 0.069801 0.152376 0.777823
13759 0.240753 0.139784 0.619463
17167 0.018960 0.006454 0.974586
13508 0.519381 0.216361 0.264258
19231 0.695848 0.123803 0.180350
19229 0.422086 0.509276 0.068638
13511 0.369631 0.257747 0.372623
19231 0.018396 0.196446 0.785158
13753 0.510274 0.425701 0.064025
13693 0.373310 0.157351 0.469339
13509 0.193072 0.645111 0.161817
19148 0.198966 0.488498 0.312536
13512 0.347791 0.191194 0.461015
13507 0.898736 0.047878 0.053386
13516 0.239494 0.100139 0.660367
13692 0.444431 0.148169 0.407400
7566 0.082339 0.756979 0.160682
7562 0.474808 0.444354 0.080838
13691 0.263366 0.195115 0.541519
15633 0.420480 0.017765 0.561755
2973 0.245453 0.607029 0.147519
2963 0.316308 0.630142 0.053550
2966 0.211657 0.143526 0.644817
15633 0.448672 0.186303 0.365025
2966 0.048025 0.343724 0.608251
2958 0.254849 0.738499 0.006652
2961 0.011783 0.904864 0.083353
2958 0.413226 0.553863 0.032911
2965 0.522415 0.400394 0.077191
2968 0.172587 0.441349 0.386064
3006 0.352589 0.512525 0.134886
7566 0.360834 0.383260 0.255906
7562 0.750836 0.098594 0.150570
2974 0.352065 0.339149 0.308786
2974 0.179646 0.529433 0.290921
2974 0.522094 0.154421 0.323484
2964 0.450846 0.118518 0.430636
3006 0.519396 0.310314 0.170291
2968 0.350018 0.401428 0.248554
2975 0.342271 0.607917 0.049812
2964 0.304718 0.319701 0.375581
3006 0.685594 0.112136 0.202270
2968 0.533662 0.364452 0.101886
2969 0.420435 0.094423 0.485142
15646 0.092641 0.104218 0.803141
2987 0.240685 0.699577 0.059738
3008 0.043260 0.586305 0.370435
2969 0.446345 0.242843 0.310812
19191 0.573996 0.245275 0.180729
13572 0.639046 0.032255 0.328699
13568 0.398461 0.234572 0.366967
2985 0.464983 0.388206 0.146811
17166 0.544473 0.142137 0.313390
7566 0.648619 0.040993 0.310388
7564 0.118211 0.718388 0.163401
3013 0.309121 0.586817 0.104062
3013 0.283110 0.420992 0.295898
3013 0.266321 0.251196 0.482484
3011 0.180833 0.809206 0.009961
2987 0.199188 0.590221 0.210591
3003 0.176551 0.751673 0.071776
3008 0.153244 0.423540 0.423216
15636 0.218443 0.774345 0.007212
15636 0.213367 0.601646 0.184987
15636 0.203988 0.429623 0.366390
2976 0.259360 0.214478 0.526162
3011 0.157080 0.623791 0.219129
3011 0.134987 0.443420 0.421593
2976 0.268628 0.377653 0.353719
2985 0.433343 0.280313 0.286344
3003 0.029859 0.694186 0.275956
3008 0.260751 0.307399 0.431850
2987 0.185749 0.455875 0.358376
7672 0.091461 0.287195 0.621344
2976 0.273420 0.541136 0.185444
2990 0.011904 0.942542 0.045554
13710 0.160304 0.359724 0.479971
13696 0.126492 0.375157 0.498351
19228 0.040193 0.891091 0.068717
17168 0.004740 0.649779 0.345481
7564 0.426242 0.384474 0.189284
7569 0.339674 0.167934 0.492392
2985 0.405657 0.171745 0.422597
2979 0.234875 0.693146 0.071979
3000 0.716781 0.252277 0.030942
2987 0.037395 0.180704 0.781900
3005 0.377857 0.438269 0.183874
3005 0.198917 0.180137 0.620946
3005 0.425640 0.519925 0.054435
3008 0.417859 0.048183 0.533958
2986 0.191659 0.684007 0.124334
2988 0.821325 0.015854 0.162821
13696 0.048125 0.931202 0.020673
13641 0.513650 0.332001 0.154350
7672 0.339938 0.644316 0.015746
2988 0.667664 0.073365 0.258970
2988 0.266984 0.247541 0.485475
2982 0.051047 0.628097 0.320856
15643 0.907653 0.019186 0.073160
3001 0.840552 0.098891 0.060558
15644 0.013830 0.937393 0.048777
17168 0.352560 0.241390 0.406049
7564 0.716626 0.070615 0.212758
7570 0.252731 0.068327 0.678941
2988 0.116077 0.309094 0.574829
2982 0.185654 0.498611 0.315735
7570 0.921591 0.065482 0.012928
2993 0.358673 0.035890 0.605437
15639 0.265755 0.658565 0.075680
19211 0.722846 0.237206 0.039947
2982 0.513795 0.135693 0.350513
2993 0.411945 0.398604 0.189451
3002 0.356077 0.218318 0.425605
2999 0.104182 0.601764 0.294054
15644 0.370693 0.386710 0.242596
17000 0.743768 0.103070 0.153162
17000 0.754931 0.233734 0.011335
7067 0.167160 0.230193 0.602647
2978 0.276221 0.340959 0.382820
15639 0.147390 0.359038 0.493572
2978 0.281281 0.505375 0.213344
2996 0.348900 0.127525 0.523575
2978 0.283912 0.663708 0.052380
7666 0.283084 0.337083 0.379833
17200 0.323550 0.585152 0.091298
17202 0.084644 0.636724 0.278632
19211 0.345503 0.540166 0.114331
15642 0.023892 0.469393 0.506715
2983 0.630407 0.203770 0.165823
15637 0.302516 0.644287 0.053197
7403 0.194155 0.687010 0.118835
2995 0.698586 0.084008 0.217406
4839 0.655682 0.106021 0.238297
4818 0.351718 0.552403 0.095880
4837 0.750113 0.125075 0.124812
3016 0.218979 0.455913 0.325108
3016 0.015821 0.464175 0.520005
15649 0.508450 0.321405 0.170145
7543 0.610331 0.098779 0.290890
4815 0.718341 0.114733 0.166926
7543 0.657128 0.250280 0.092592
2984 0.024042 0.572170 0.403788
7546 0.654440 0.123841 0.221719
2980 0.075536 0.553741 0.370724
17161 0.321932 0.376021 0.302047
4834 0.256178 0.719798 0.024023
2980 0.325819 0.424084 0.250097
2991 0.291005 0.594326 0.114669
17161 0.502769 0.374402 0.122829
7407 0.424770 0.140238 0.434991
2980 0.792035 0.060299 0.147665
7404 0.601645 0.381387 0.016968
7548 0.049850 0.322016 0.628134
19169 0.650309 0.182530 0.167161
13634 0.171948 0.083493 0.744558
2795 0.817409 0.091722 0.090869
13569 0.363053 0.136542 0.500404
7549 0.302050 0.253898 0.444052
7556 0.048481 0.056851 0.894668
7549 0.540846 0.187054 0.272099
4833 0.432325 0.567012 0.000663
7549 0.770127 0.124746 0.105127
15638 0.108427 0.769938 0.121636
17163 0.290667 0.019288 0.690046
7408 0.653289 0.107343 0.239368
2991 0.151935 0.130365 0.717700
15641 0.023166 0.616910 0.359924
7557 0.013841 0.726241 0.259918
19217 0.108577 0.523382 0.368040
13713 0.519612 0.209831 0.270557
13742 0.626531 0.036957 0.336512
13701 0.184431 0.462504 0.353064
15638 0.718078 0.119669 0.162253
17115 0.450086 0.133021 0.416893
12518 0.311197 0.186516 0.502287
12518 0.295756 0.043780 0.660464
12518 0.322948 0.328355 0.348697
12521 0.082383 0.661708 0.255909
12521 0.228248 0.668013 0.103740
18852 0.302002 0.019161 0.678838
18852 0.136729 0.299915 0.563356
13700 0.445470 0.093378 0.461153
2980 0.206092 0.110922 0.682985
2980 0.076652 0.436904 0.486443
18852 0.083083 0.402329 0.514588
7408 0.104867 0.790738 0.104395
7553 0.687081 0.203130 0.109790
16255 0.780814 0.000886 0.218300
18852 0.049157 0.496890 0.453953
2981 0.192594 0.227200 0.580206
2981 0.747973 0.036288 0.215739
15575 0.330945 0.134762 0.534293
12619 0.244281 0.615259 0.140460
7410 0.321293 0.122792 0.555915
13700 0.416897 0.252782 0.330321
7553 0.112545 0.199525 0.687930
4831 0.079951 0.311874 0.608175
3017 0.542761 0.055107 0.402132
17159 0.455456 0.131266 0.413279
17159 0.454093 0.304322 0.241585
7542 0.351040 0.413604 0.235356
13633 0.099299 0.463314 0.437387
15577 0.351940 0.613753 0.034307
19189 0.012677 0.203578 0.783746
7542 0.583683 0.341420 0.074897
7541 0.709412 0.112469 0.178119
12619 0.048645 0.695865 0.255490
13700 0.384130 0.483171 0.132699
7545 0.201039 0.367874 0.431087
7551 0.456851 0.337773 0.205376
7545 0.381867 0.422454 0.195679
7544 0.532912 0.022241 0.444847
16255 0.067343 0.134425 0.798232
7547 0.213937 0.444767 0.341296
13567 0.092919 0.806723 0.100358
7547 0.434469 0.428113 0.137418
7551 0.098004 0.398845 0.503151
17162 0.579297 0.046297 0.374406
12618 0.460170 0.379862 0.159969
13700 0.402575 0.585872 0.011552
12617 0.061098 0.000000 0.938902
2794 0.414797 0.368360 0.216844
14331 0.482331 0.059269 0.458400
19213 0.270398 0.066631 0.662971
12522 0.063972 0.773567 0.162461
18819 0.045878 0.839472 0.114650
12522 0.225998 0.620121 0.153881
12522 0.694460 0.181524 0.124016
12522 0.863710 0.007528 0.128762
12523 0.035048 0.935499 0.029452
12621 0.101523 0.130569 0.767909
7513 0.468642 0.407591 0.123767
12621 0.145529 0.182360 0.672111
12621 0.190538 0.225968 0.583494
12621 0.289637 0.354578 0.355785
13718 0.067478 0.930365 0.002157
19218 0.324420 0.659205 0.016375
13705 0.466247 0.454958 0.078794
12621 0.406174 0.427174 0.166652
13740 0.404196 0.035127 0.560677
7512 0.367584 0.066569 0.565847
12620 0.447524 0.165885 0.386591
13704 0.553234 0.164066 0.282700
18853 0.415278 0.022591 0.562131
17149 0.342152 0.444077 0.213771
18853 0.200950 0.120443 0.678607
13690 0.348606 0.367067 0.284327
7510 0.570761 0.423035 0.006204
13566 0.481507 0.079701 0.438792
19155 0.025111 0.128192 0.846697
13633 0.300731 0.051768 0.647501
2800 0.458960 0.353385 0.187655
7507 0.520835 0.377295 0.101870
7507 0.315331 0.367150 0.317519
7507 0.086758 0.357197 0.556045
17147 0.475651 0.266924 0.257425
7539 0.781049 0.012949 0.206002
7539 0.758324 0.239572 0.002104
7538 0.523031 0.271249 0.205721
7540 0.477914 0.285192 0.236894
17147 0.028728 0.139500 0.831773
17147 0.259971 0.208770 0.531259
13704 0.341608 0.511037 0.147355
7540 0.655914 0.116454 0.227632
7537 0.787236 0.159394 0.053370
15576 0.775305 0.055825 0.168869
2792 0.066792 0.485897 0.447311
12622 0.176468 0.230524 0.593008
12523 0.164988 0.808756 0.026256
12622 0.150699 0.324260 0.525041
12622 0.122762 0.408225 0.469013
12622 0.045565 0.617983 0.336452
12621 0.793096 0.005446 0.201458
12620 0.869376 0.112059 0.018565
7511 0.412786 0.587214 0.000000
12523 0.275494 0.374309 0.350197
12522 0.244212 0.110722 0.645066
12522 0.041992 0.330800 0.627208
18853 0.423835 0.222526 0.353639
12523 0.478899 0.388392 0.132709
13630 0.245098 0.673709 0.081193
19155 0.039775 0.202648 0.757577
13566 0.374527 0.080045 0.545428
12523 0.514147 0.464514 0.021339
2799 0.753640 0.012220 0.234140
18853 0.218871 0.341282 0.439847
7508 0.494269 0.370465 0.135266
12622 0.404283 0.237084 0.358633
19155 0.074328 0.389570 0.536102
13566 0.151257 0.111259 0.737484
13629 0.494539 0.147637 0.357824
15576 0.390188 0.490541 0.119271
2802 0.253093 0.166371 0.580536
12622 0.369526 0.331486 0.298989
2790 0.625042 0.117851 0.257106
12622 0.342039 0.414613 0.243349
12622 0.275598 0.621334 0.103068
7509 0.292815 0.385324 0.321861
12625 0.201220 0.015916 0.782864
17148 0.691549 0.257177 0.051274
12624 0.065946 0.130444 0.803610
7505 0.485921 0.205538 0.308541
19224 0.208562 0.423746 0.367692
13722 0.403432 0.344590 0.251979
13708 0.254640 0.602889 0.142471
19188 0.529329 0.468511 0.002160
19155 0.111768 0.676138 0.212094
19167 0.819728 0.006543 0.173729
18853 0.422153 0.414053 0.163794
7505 0.305358 0.167462 0.527180
7505 0.112703 0.121209 0.766089
7539 0.243261 0.008724 0.748015
7539 0.217212 0.228356 0.554431
7537 0.204195 0.502643 0.293162
7503 0.603067 0.007094 0.389840
7539 0.180588 0.459091 0.360321
7537 0.275814 0.253212 0.470974
7537 0.371913 0.078534 0.549554
7504 0.097789 0.147270 0.754941
2808 0.129195 0.082483 0.788322
7504 0.038778 0.391677 0.569545
18853 0.173565 0.593185 0.233250
19208 0.124557 0.046933 0.828510
17135 0.414738 0.509653 0.075609
12622 0.662542 0.225894 0.111564
12622 0.697719 0.002291 0.299990
12622 0.598071 0.341206 0.060723
12622 0.574484 0.425516 0.000000
2790 0.260052 0.560335 0.179613
12625 0.355765 0.143763 0.500472
7536 0.152646 0.010746 0.836608
12625 0.174321 0.256038 0.569640
2805 0.102476 0.159998 0.737526
12530 0.223463 0.627109 0.149427
12530 0.232254 0.226223 0.541523
12533 0.047044 0.783125 0.169831
12624 0.280661 0.157316 0.562023
12533 0.212472 0.785226 0.002301
13688 0.311732 0.149748 0.538520
18853 0.381733 0.603373 0.014893
18854 0.118012 0.258981 0.623007
3044 0.461212 0.172141 0.366647
13529 0.139168 0.004444 0.856389
13531 0.228728 0.319126 0.452146
19188 0.143587 0.423682 0.432731
18853 0.063601 0.859096 0.077303
7468 0.074510 0.530304 0.395186
2814 0.181793 0.785575 0.032632
18854 0.061470 0.394695 0.543835
18854 0.013684 0.512580 0.473736
15574 0.305628 0.195535 0.498837
12625 0.271182 0.662074 0.066744
2809 0.732675 0.152553 0.114772
17134 0.452416 0.300816 0.246768
12625 0.066473 0.780853 0.152674
7536 0.894240 0.103359 0.002401
7535 0.776063 0.204713 0.019224
12624 0.631351 0.269590 0.099059
17158 0.580126 0.116315 0.303558
17146 0.452018 0.166982 0.381000
2819 0.215928 0.707514 0.076558
17134 0.119071 0.181983 0.698946
7535 0.538409 0.125788 0.335802
7502 0.009823 0.638141 0.352036
17146 0.386238 0.399246 0.214516
12623 0.261614 0.053192 0.685194
17146 0.337921 0.601351 0.060728
7502 0.136027 0.261084 0.602888
7502 0.065428 0.457391 0.477181
12133 0.071965 0.170868 0.757166
2818 0.543821 0.334437 0.121742
2806 0.369399 0.141776 0.488825
13531 0.276407 0.723593 0.000000
13529 0.081581 0.563260 0.355159
13627 0.686085 0.113363 0.200552
7536 0.149017 0.831534 0.019448
2814 0.044148 0.188504 0.767348
17146 0.036765 0.355955 0.607280
2817 0.129010 0.000000 0.870990
13726 0.504879 0.456187 0.038933
13731 0.181949 0.326715 0.491336
19206 0.600465 0.042064 0.357472
12627 0.151307 0.337581 0.511112
12627 0.076783 0.259400 0.663817
18854 0.882587 0.036699 0.080713
12627 0.215323 0.403750 0.380927
12627 0.338311 0.520700 0.140989
12626 0.322961 0.103949 0.573090
7533 0.078586 0.763505 0.157909
12626 0.005737 0.503854 0.490410
7499 0.397507 0.292573 0.309920
12133 0.627017 0.064605 0.308378
15581 0.436430 0.447612 0.115958
12133 0.500083 0.243022 0.256894
12133 0.090548 0.853342 0.056110
7471 0.019797 0.815919 0.164283
7477 0.259616 0.012479 0.727905
17134 0.052476 0.688590 0.258934
7466 0.811239 0.034284 0.154478
19207 0.436561 0.208343 0.355096
7531 0.057988 0.628878 0.313134
3040 0.452869 0.168924 0.378207
13619 0.051052 0.918290 0.030658
13533 0.169632 0.598856 0.231511
7469 0.393209 0.495905 0.110886
19182 0.632102 0.051550 0.316348
13624 0.577094 0.114364 0.308542
13584 0.415712 0.492678 0.091610
2815 0.352658 0.073012 0.574330
7498 0.094536 0.817744 0.087720
13581 0.777073 0.158462 0.064465
17144 0.262708 0.254318 0.482974
13581 0.193396 0.420379 0.386226
19172 0.324911 0.331919 0.343170
2813 0.524430 0.435887 0.039683
13533 0.419638 0.342474 0.237887
13619 0.270255 0.626802 0.102943
7476 0.039439 0.428475 0.532086
19172 0.116025 0.018521 0.865454
12628 0.188372 0.782401 0.029227
12628 0.281670 0.639262 0.079068
12628 0.395357 0.466069 0.138574
7525 0.681618 0.072697 0.245685
7527 0.556787 0.367488 0.075725
7494 0.332163 0.196383 0.471454
12630 0.018991 0.046877 0.934132
13611 0.041623 0.580404 0.377974
19184 0.473850 0.126965 0.399184
13606 0.109157 0.197812 0.693032
18855 0.675967 0.113318 0.210715
18855 0.234105 0.203885 0.562010
18855 0.037993 0.254749 0.707259
18691 0.030850 0.332566 0.636584
7490 0.115223 0.141332 0.743445
7490 0.641792 0.178507 0.179702
3036 0.074768 0.125372 0.799859
12136 0.206098 0.496531 0.297372
12135 0.431113 0.259481 0.309406
13619 0.391604 0.465979 0.142417
13533 0.589975 0.170110 0.239914
19178 0.076104 0.577498 0.346398
13600 0.065345 0.371963 0.562692
19184 0.505674 0.235147 0.259179
13534 0.107585 0.767278 0.125137
13619 0.678878 0.087772 0.233350
13677 0.415534 0.093855 0.490610
19221 0.694179 0.144128 0.161692
19205 0.036766 0.835294 0.127940
13644 0.628758 0.239327 0.131915
13617 0.234057 0.009979 0.755965
13610 0.346876 0.032595 0.620530
19180 0.087661 0.349750 0.562590
7479 0.536277 0.174975 0.288748
13586 0.216863 0.477630 0.305507
13605 0.730454 0.145591 0.123955
19175 0.479239 0.381321 0.139439
13590 0.364551 0.576790 0.058659
7478 0.474528 0.510052 0.015420
13589 0.408355 0.377244 0.214401
13620 0.719851 0.000794 0.279355
19185 0.232136 0.510969 0.256895
13598 0.146058 0.270741 0.583200
7487 0.241262 0.327804 0.430934
12630 0.670372 0.191690 0.137938
12631 0.065816 0.809269 0.124915
12631 0.214637 0.760580 0.024783
13592 0.144978 0.678227 0.176795
13610 0.270608 0.251620 0.477772
12630 0.410794 0.500700 0.088506
7488 0.635757 0.024370 0.339873
18855 0.034294 0.963395 0.002311
7489 0.709288 0.082738 0.207974
7520 0.616716 0.270633 0.112651
12138 0.031135 0.188722 0.780144
7522 0.856824 0.084871 0.058305
12138 0.111257 0.363626 0.525118
6214 0.006975 0.676979 0.316046
12138 0.191689 0.537167 0.271144
12138 0.282298 0.690573 0.027129
13602 0.077533 0.109935 0.812532
12137 0.175393 0.195169 0.629439
12134 0.475691 0.502245 0.022063
19183 0.098407 0.096422 0.805172
13579 0.391466 0.603705 0.004828
16710 0.045489 0.382451 0.572060
15653 0.462234 0.482697 0.055069
6198 0.543384 0.073219 0.383396
19181 0.400096 0.443384 0.156520
13601 0.820347 0.053837 0.125816
13621 0.358289 0.248617 0.393093
19185 0.651154 0.035596 0.313250
13617 0.834905 0.009319 0.155776
19179 0.063473 0.115968 0.820559
13577 0.544912 0.052834 0.402254
19179 0.070869 0.853836 0.075294
7420 0.647377 0.076016 0.276607
7481 0.555388 0.065079 0.379533
13674 0.489536 0.001186 0.509278
13670 0.294326 0.543040 0.162634
13668 0.130469 0.475925 0.393606
13662 0.683743 0.289974 0.026283
6192 0.051629 0.076808 0.871564
12632 0.761948 0.013322 0.224730
12633 0.578026 0.267022 0.154952
6190 0.225859 0.303254 0.470887
7483 0.399241 0.482873 0.117885
12632 0.662351 0.304225 0.033423
18857 0.776880 0.060770 0.162350
12632 0.396100 0.582824 0.021076
7463 0.007810 0.903032 0.089158
13658 0.460856 0.032963 0.506181
12142 0.937438 0.024362 0.038201
12142 0.658924 0.082196 0.258880
5664 0.020126 0.042528 0.937346
12142 0.387971 0.190143 0.421887
7463 0.038102 0.273452 0.688446
12142 0.110042 0.251821 0.638137
6187 0.063025 0.800265 0.136709
18692 0.469481 0.198129 0.332390
13657 0.128119 0.642257 0.229624
16531 0.186057 0.714709 0.099234
12142 0.032529 0.261126 0.706345
17133 0.150948 0.374237 0.474815
12141 0.129019 0.128101 0.742880
13657 0.154369 0.077530 0.768101
7515 0.081990 0.088327 0.829682
6374 0.365683 0.602943 0.031373
13653 0.672239 0.232089 0.095672
7517 0.062493 0.807460 0.130047
7419 0.411838 0.463115 0.125047
7417 0.251255 0.591113 0.157631
13574 0.435684 0.310920 0.253396
13652 0.268768 0.042367 0.688864
16854 0.185452 0.764027 0.050522
13650 0.472844 0.450839 0.076317
6190 0.580304 0.164598 0.255098
6192 0.171114 0.207744 0.621142
6214 0.687782 0.193868 0.118350
6211 0.368241 0.631759 0.000000
18692 0.351608 0.109261 0.539131
16710 0.679673 0.064464 0.255863
16717 0.490322 0.119367 0.390311
18692 0.480490 0.439892 0.079618
6218 0.501702 0.000000 0.498298
12142 0.188411 0.373261 0.438327
12142 0.099500 0.221410 0.679090
12141 0.139707 0.086883 0.773410
6208 0.717838 0.000288 0.281874
6215 0.495265 0.312050 0.192685
6216 0.085683 0.605222 0.309096
6190 0.253683 0.229216 0.517101
6187 0.099160 0.749706 0.151134
18692 0.467916 0.232936 0.299148
6208 0.125771 0.082571 0.791658
16259 0.821788 0.059825 0.118387
17844 0.047212 0.470906 0.481882
7416 0.539551 0.334327 0.126121
19171 0.453546 0.233294 0.313161
6209 0.634960 0.087182 0.277858
6209 0.264021 0.439011 0.296967
16714 0.270460 0.422916 0.306624
12141 0.189772 0.113319 0.696909
4840 0.546738 0.000000 0.453262
7416 0.065091 0.032044 0.902865
6190 0.126298 0.000000 0.873702
12141 0.421473 0.458676 0.119850
6219 0.167986 0.774013 0.058002
16714 0.452220 0.164601 0.383179
12142 0.217579 0.554962 0.227460
12142 0.245304 0.735345 0.019351
6422 0.000000 0.551662 0.448338
6219 0.504955 0.270179 0.224866
16714 0.712544 0.038554 0.248902
16684 0.341060 0.214101 0.444839
16537 0.039235 0.400855 0.559910
5674 0.133697 0.634393 0.231910
12142 0.316642 0.564141 0.119217
12142 0.277105 0.461621 0.261274
12142 0.188662 0.411216 0.400122
16684 0.240662 0.700806 0.058532
14414 0.060700 0.748836 0.190464
5674 0.005091 0.280696 0.714214
13575 0.542643 0.043203 0.414154
12142 0.053339 0.312720 0.633940
12142 0.322359 0.677641 0.000000
6207 0.985262 0.014738 0.000000
17117 0.346024 0.467698 0.186278
17130 0.061820 0.197400 0.740780
13672 0.330305 0.221532 0.448163
19202 0.376748 0.253228 0.370024
5673 0.080439 0.763136 0.156425
7456 0.016773 0.296072 0.687155
17131 0.261975 0.399214 0.338811
7459 0.039781 0.292881 0.667338
17132 0.227216 0.029335 0.743449
13666 0.316192 0.216852 0.466956
19200 0.057452 0.097406 0.845142
5673 0.765842 0.018618 0.215539
12142 0.128339 0.306294 0.565366
13970 0.716997 0.128637 0.154366
12142 0.404966 0.248281 0.346753
18693 0.006156 0.687165 0.306679
5670 0.479291 0.017030 0.503680
12142 0.674425 0.142913 0.182662
18693 0.021304 0.053778 0.924917
13967 0.241071 0.642160 0.116769
12142 0.258084 0.408878 0.333038
13490 0.571331 0.194335 0.234334
12142 0.517456 0.364500 0.118044
18857 0.429787 0.055075 0.515139
19313 0.325576 0.333888 0.340536
6189 0.472829 0.527171 0.000000
6187 0.841709 0.000000 0.158291
16708 0.000000 0.208401 0.791599
18693 0.004878 0.251804 0.743317
18693 0.141608 0.022545 0.835847
9593 0.713714 0.281553 0.004732
19170 0.281704 0.524168 0.194128
4843 0.682103 0.260722 0.057175
14004 0.061621 0.232477 0.705902
18857 0.468855 0.128674 0.402471
18857 0.688780 0.012308 0.298911
6207 0.150907 0.564713 0.284380
12142 0.342091 0.481197 0.176713
12142 0.376467 0.573308 0.050226
12142 0.581146 0.418854 0.000000
14005 0.251056 0.306292 0.442652
16683 0.255742 0.671826 0.072432
16691 0.026854 0.372448 0.600698
6182 0.194473 0.112050 0.693478
18857 0.766176 0.085515 0.148309
3205 0.713081 0.135867 0.151052
18693 0.097068 0.203412 0.699521
18693 0.018577 0.414229 0.567195
18857 0.104209 0.202176 0.693615
14414 0.037985 0.812455 0.149560
18857 0.702473 0.103738 0.193789
18857 0.766788 0.167546 0.065665
19314 0.686180 0.156717 0.157103
12142 0.364231 0.635769 0.000000
18857 0.515602 0.196677 0.287720
18693 0.153253 0.194796 0.651951
6114 0.388442 0.140992 0.470566
5671 0.035843 0.262141 0.702016
6114 0.401210 0.333657 0.265134
6206 0.025302 0.963258 0.011441
18693 0.132766 0.413640 0.453594
6117 0.126420 0.219437 0.654142
18857 0.135965 0.250100 0.613935
18857 0.534496 0.244663 0.220841
17117 0.177112 0.242893 0.579994
12636 0.075985 0.176305 0.747710
12636 0.078814 0.186143 0.735043
12637 0.002204 0.107897 0.889899
18857 0.720956 0.201042 0.078002
14299 0.059955 0.765958 0.174087
18693 0.274329 0.194376 0.531295
12636 0.114124 0.205407 0.680469
16773 0.881818 0.086893 0.031290
14008 0.788482 0.053794 0.157724
6185 0.378313 0.619227 0.002460
18857 0.153838 0.382882 0.463281
18693 0.062337 0.631685 0.305977
18693 0.200154 0.408859 0.390987
5672 0.136345 0.711687 0.151968
18693 0.320289 0.194242 0.485469
18693 0.268160 0.575643 0.156196
18693 0.210966 0.635570 0.153464
18693 0.095779 0.801814 0.102407
19316 0.632156 0.024277 0.343567
5672 0.060759 0.375564 0.563676
5668 0.907639 0.014539 0.077823
18857 0.159342 0.415508 0.425150
18693 0.366372 0.386901 0.246726
5668 0.390913 0.046018 0.563069
18693 0.460223 0.191210 0.348567
14415 0.568048 0.431952 0.000000
14412 0.409752 0.398805 0.191444
12636 0.434801 0.151695 0.413504
12636 0.422914 0.167984 0.409102
12637 0.010262 0.547244 0.442494
12636 0.318884 0.219369 0.461747
14014 0.337459 0.019162 0.643379
3205 0.080360 0.043985 0.875655
14017 0.964452 0.021512 0.014035
4768 1.000000 0.000000 0.000000
12143 0.194668 0.669399 0.135933
4770 0.402109 0.597891 0.000000
12144 0.081755 0.483908 0.434337
12144 0.124256 0.501733 0.374012
12144 0.225007 0.545589 0.229404
4774 0.581078 0.000000 0.418922
18693 0.600619 0.382743 0.016638
18693 0.693545 0.189770 0.116685
16682 0.406306 0.254343 0.339351
16682 0.169813 0.167744 0.662442
6113 0.029540 0.366689 0.603772
6113 0.495591 0.455439 0.048969
3834 0.412198 0.587802 0.000000
4777 0.826538 0.075370 0.098092
6108 0.764405 0.055647 0.179947
3837 0.000000 0.558390 0.441610
6099 0.624629 0.277099 0.098272
6099 0.590087 0.085245 0.324668
6099 0.133596 0.191748 0.674656
4777 0.292144 0.508907 0.198950
4774 0.327791 0.390854 0.281355
16677 0.204929 0.283727 0.511345
4777 0.757084 0.212295 0.030620
3199 0.718108 0.016223 0.265669
4266 0.529189 0.089494 0.381316
2913 0.677754 0.069450 0.252795
2917 0.034704 0.132292 0.833004
13977 0.075670 0.752058 0.172272
19302 0.352855 0.321885 0.325259
2911 0.539876 0.107849 0.352275
13968 0.595165 0.066418 0.338417
13968 0.036973 0.633280 0.329747
14003 0.028893 0.334092 0.637015
9399 0.111264 0.308406 0.580330
14003 0.485660 0.334149 0.180191
14006 0.611378 0.064599 0.324023
9487 0.359783 0.020928 0.619289
14011 0.210645 0.389805 0.399549
17828 0.237547 0.587764 0.174689
14013 0.139174 0.502961 0.357865
9549 0.497936 0.029898 0.472166
14014 0.202659 0.558494 0.238846
17829 0.126192 0.227220 0.646587
14017 0.510421 0.285275 0.204304
17842 0.676943 0.158828 0.164229
16183 0.061290 0.025520 0.913190
16183 0.902016 0.054082 0.043903
4266 0.983047 0.001208 0.015745
4272 0.477680 0.000000 0.522320
3195 0.761996 0.224116 0.013888
14334 0.255326 0.342845 0.401829
14335 0.446379 0.312631 0.240991
3764 0.683674 0.148949 0.167377
15899 0.174414 0.063875 0.761711
15899 0.670137 0.167012 0.162851
3767 0.132734 0.043803 0.823464
15924 0.474772 0.093747 0.431481
15924 0.152657 0.233228 0.614114
3836 0.274351 0.676099 0.049550
3834 0.157798 0.453425 0.388776
3783 0.400314 0.299726 0.299960
4766 0.360180 0.497410 0.142411
14416 0.173494 0.459946 0.366559
4776 0.874671 0.000000 0.125329
4774 0.759889 0.052669 0.187442
4780 0.402212 0.016589 0.581199
19450 0.417972 0.000000 0.582028
4770 0.503910 0.034250 0.461840
4769 0.320812 0.264434 0.414754
12636 0.770203 0.155579 0.074218
12636 0.752705 0.166024 0.081271
18858 0.009286 0.972815 0.017899
12144 0.387590 0.147899 0.464511
12144 0.466073 0.124677 0.409250
12144 0.243693 0.104396 0.651911
12144 0.104926 0.047315 0.847759
12144 0.630574 0.119491 0.249935
4769 0.327328 0.670183 0.002490
4768 0.000000 0.280479 0.719521
3195 0.093776 0.562123 0.344101
14229 0.610058 0.086932 0.303010
9376 0.901766 0.098234 0.000000
4770 0.375824 0.204770 0.419406
14232 0.319553 0.148521 0.531926
3763 0.504496 0.172045 0.323459
3762 0.685798 0.274656 0.039545
11836 0.329388 0.405408 0.265203
3766 0.586173 0.358672 0.055155
3767 0.181102 0.666276 0.152622
15900 0.111877 0.216188 0.671935
14017 0.113350 0.512880 0.373770
3835 0.184508 0.353488 0.462004
15906 0.495330 0.028557 0.476113
4782 0.697610 0.042677 0.259712
3836 0.284060 0.180192 0.535748
15898 0.086449 0.554952 0.358599
12145 0.027547 0.355564 0.616889
12145 0.022021 0.572320 0.405659
12145 0.043713 0.145761 0.810526
12145 0.034220 0.624561 0.341219
14016 0.068209 0.086524 0.845267
11835 0.259832 0.000000 0.740168
12145 0.174704 0.736872 0.088424
11835 0.216782 0.620209 0.163009
14012 0.375931 0.381755 0.242314
11836 0.183336 0.530523 0.286141
4264 0.196696 0.456962 0.346342
14009 0.303609 0.285716 0.410675
12635 0.814039 0.096177 0.089785
12635 0.801711 0.081772 0.116517
12636 0.689103 0.188241 0.122656
12635 0.795236 0.023007 0.181757
12636 0.454082 0.215332 0.330586
12638 0.247290 0.047266 0.705443
4787 0.163163 0.119271 0.717566
16241 0.117164 0.300827 0.582010
14016 0.459733 0.471372 0.068895
12145 0.076626 0.355011 0.568363
12145 0.085769 0.575825 0.338406
12145 0.078719 0.142186 0.779095
12145 0.098520 0.627607 0.273873
12635 0.192087 0.052263 0.755650
12635 0.194542 0.027395 0.778063
12145 0.168974 0.132862 0.698165
12635 0.186281 0.151318 0.662400
12145 0.161715 0.346413 0.491872
19308 0.732646 0.062314 0.205040
12145 0.266480 0.730527 0.002993
12145 0.161991 0.566297 0.271712
3779 0.018082 0.761569 0.220349
19317 0.215272 0.767740 0.016988
12145 0.176462 0.619063 0.204475
4787 0.331261 0.085466 0.583273
12145 0.309551 0.690449 0.000000
12145 0.211376 0.137088 0.651536
12635 0.160284 0.196016 0.643700
12145 0.210738 0.357867 0.431396
13987 0.578137 0.342254 0.079609
3775 0.950688 0.014780 0.034532
12635 0.739257 0.087022 0.173721
12635 0.734072 0.156438 0.109491
12635 0.742841 0.189451 0.067708
12145 0.204874 0.578967 0.216159
11835 0.849951 0.002565 0.147484
13996 0.534574 0.221449 0.243977
12635 0.030185 0.346952 0.622863
12635 0.483647 0.204894 0.311458
12635 0.514481 0.140099 0.345421
12635 0.086257 0.254730 0.659013
12635 0.553014 0.076379 0.370606
12635 0.748468 0.011748 0.239784
18859 0.567942 0.139355 0.292703
19310 0.328807 0.214458 0.456735
12145 0.262873 0.179071 0.558056
12635 0.566762 0.035613 0.397625
12145 0.248050 0.404619 0.347330
12145 0.225691 0.634755 0.139553
18702 0.662365 0.303397 0.034239
14278 0.703064 0.021580 0.275357
12145 0.233339 0.635796 0.130865
12145 0.344726 0.228567 0.426708
12148 0.288582 0.097112 0.614307
13984 0.443156 0.536622 0.020222
12635 0.476974 0.264409 0.258616
12635 0.020329 0.382325 0.597346
11835 0.274618 0.203700 0.521682
12145 0.301988 0.479487 0.218525
12145 0.240549 0.698188 0.061263
12148 0.259582 0.088056 0.652362
18859 0.341087 0.136731 0.522181
13984 0.008140 0.570707 0.421152
12148 0.192407 0.233146 0.574448
12148 0.173613 0.370988 0.455399
11831 0.676688 0.000000 0.323312
12147 0.000000 0.276312 0.723688
9382 0.259293 0.329737 0.410971
12148 0.061999 0.557743 0.380259
18850 0.132212 0.014996 0.852793
17803 0.404226 0.076948 0.518826
12145 0.376703 0.232055 0.391242
13983 0.236252 0.580620 0.183129
4788 0.244340 0.567624 0.188036
13993 0.220742 0.378227 0.401031
13995 0.627621 0.027578 0.344801
12145 0.333850 0.485076 0.181074
12148 0.249211 0.180836 0.569953
17827 0.272368 0.335690 0.391942
18590 0.134444 0.784980 0.080576
13980 0.676533 0.182914 0.140553
18696 0.066846 0.119621 0.813533
12148 0.179002 0.329550 0.491448
9543 0.655605 0.173631 0.170764
13998 0.587472 0.364483 0.048046
12151 0.584074 0.333681 0.082246
12151 0.342739 0.427465 0.229797
12148 0.047399 0.653484 0.299117
17784 0.380146 0.146995 0.472859
12151 0.113567 0.505663 0.380770
2919 0.449027 0.068277 0.482696
12150 0.440789 0.224752 0.334460
2907 0.361942 0.149019 0.489039
2900 0.546218 0.396107 0.057675
9543 0.010348 0.903764 0.085888
18695 0.321045 0.338408 0.340546
18695 0.607550 0.084357 0.308093
18695 0.605537 0.111242 0.283221
9402 0.324462 0.046581 0.628957
17780 0.125092 0.526876 0.348031
13994 0.325799 0.118273 0.555928
12149 0.000000 0.128071 0.871929
11835 0.415636 0.472200 0.112164
9372 0.427023 0.166833 0.406144
19309 0.656317 0.155807 0.187876
17835 0.420886 0.038700 0.540414
17836 0.361559 0.341878 0.296563
4788 0.310647 0.180118 0.509236
19311 0.247020 0.751949 0.001031
9449 0.367433 0.062915 0.569652
9373 0.231503 0.592420 0.176078
9371 0.531935 0.224182 0.243883
9371 0.529378 0.184991 0.285631
4793 0.334090 0.034698 0.631212
11834 0.041101 0.095557 0.863342
4788 0.350638 0.132792 0.516570
9574 0.323933 0.008687 0.667381
4788 0.616086 0.128367 0.255547
13991 0.374061 0.241749 0.384189
17770 0.298482 0.107179 0.594339
17770 0.228067 0.125750 0.646182
16243 0.190936 0.265500 0.543564
11831 0.748443 0.197060 0.054497
13985 0.111217 0.884008 0.004775
9454 0.544193 0.363918 0.091889
4656 0.129437 0.054971 0.815592
9452 0.064774 0.006804 0.928422
9389 0.152818 0.194423 0.652759
9430 0.496441 0.190168 0.313391
17835 0.032401 0.555449 0.412150
9446 0.250131 0.354241 0.395628
9477 0.041330 0.660377 0.298293
9573 0.144207 0.716762 0.139031
9385 0.315582 0.530615 0.153803
9446 0.399061 0.154560 0.446379
9447 0.470056 0.299125 0.230819
9429 0.384094 0.035395 0.580511
9456 0.111484 0.152612 0.735904
17798 0.139825 0.306738 0.553437
17796 0.483557 0.413955 0.102488
9411 0.039278 0.377902 0.582820
9429 0.148945 0.581351 0.269704
9574 0.282606 0.478765 0.238629
12152 0.094122 0.513056 0.392821
9540 0.312269 0.387473 0.300258
9420 0.088382 0.178871 0.732747
12153 0.040752 0.704279 0.254968
18696 0.490186 0.254811 0.255002
9539 0.094219 0.375556 0.530225
9419 0.329733 0.538371 0.131896
18850 0.137087 0.502748 0.360166
9407 0.362029 0.418718 0.219253
18850 0.321748 0.367082 0.311170
18850 0.737579 0.045004 0.217416
18859 0.156830 0.792842 0.050329
2903 0.073843 0.773526 0.152630
17781 0.237004 0.716871 0.046125
18859 0.763421 0.140175 0.096404
12642 0.205851 0.676101 0.118049
2897 0.825084 0.076893 0.098023
12642 0.024260 0.121697 0.854044
12642 0.354642 0.586488 0.058870
12639 0.411462 0.517497 0.071041
2895 0.474449 0.302103 0.223449
9448 0.077975 0.288472 0.633553
9477 0.187631 0.730947 0.081421
9460 0.230453 0.226981 0.542566
9572 0.244487 0.505497 0.250017
9572 0.267282 0.190607 0.542111
17797 0.047978 0.871973 0.080048
9455 0.970641 0.012293 0.017066
9476 0.306439 0.180101 0.513460
4658 0.451970 0.212818 0.335213
9577 0.146584 0.120204 0.733212
16198 0.526430 0.226029 0.247541
17800 0.694709 0.277519 0.027772
9476 0.358734 0.539517 0.101749
9393 0.702062 0.101413 0.196525
12153 0.659474 0.097492 0.243034
9432 0.261867 0.212541 0.525592
9572 0.234083 0.639544 0.126373
12154 0.090248 0.002207 0.907546
12614 0.102105 0.043174 0.854721
9463 0.094603 0.052289 0.853107
12615 0.342914 0.382168 0.274918
9413 0.252191 0.025683 0.722126
12616 0.017283 0.457723 0.524994
9538 0.778272 0.208876 0.012852
9576 0.275903 0.115990 0.608107
12616 0.216372 0.328237 0.455392
9537 0.115867 0.448712 0.435420
12616 0.427475 0.198334 0.374192
17837 0.129277 0.094291 0.776432
9431 0.567449 0.003706 0.428846
12616 0.541510 0.125260 0.333230
9409 0.445117 0.357905 0.196978
9455 0.294477 0.527273 0.178250
9431 0.398802 0.576557 0.024642
2891 0.467471 0.523083 0.009446
17787 0.161070 0.248177 0.590753
9422 0.493591 0.328654 0.177754
17805 0.048692 0.343781 0.607527
2880 0.258249 0.005911 0.735840
2892 0.009015 0.685696 0.305288
9576 0.270210 0.281755 0.448036
9465 0.562106 0.321189 0.116705
17806 0.214703 0.253656 0.531641
4642 0.161081 0.689931 0.148988
9576 0.258469 0.528384 0.213148
12614 0.123259 0.521120 0.355621
12614 0.513717 0.355250 0.131033
9415 0.034447 0.759690 0.205863
9535 0.113792 0.115614 0.770593
9533 0.755186 0.089853 0.154961
17799 0.440135 0.470678 0.089187
4661 0.852398 0.085904 0.061697
9433 0.638816 0.269082 0.092102
4757 0.846492 0.039192 0.114316
9395 0.263679 0.213004 0.523316
9533 0.105696 0.737449 0.156855
4756 0.645275 0.132837 0.221888
4756 0.413026 0.276627 0.310347
4756 0.160757 0.422601 0.416641
17802 0.380494 0.385088 0.234418
9575 0.085498 0.181228 0.733275
17806 0.156664 0.708778 0.134558
4756 0.027891 0.501215 0.470894
4664 0.165830 0.063599 0.770571
12616 0.675160 0.039007 0.285832
4753 0.373270 0.499116 0.127614
12641 0.518485 0.014533 0.466982
9436 0.295740 0.241443 0.462818
9464 0.479125 0.520875 0.000000
9435 0.334561 0.285022 0.380417
17823 0.595783 0.389996 0.014221
9533 0.265540 0.152288 0.582172
9415 0.321338 0.464131 0.214531
17823 0.752333 0.030470 0.217196
9427 0.104634 0.025073 0.870293
9415 0.349912 0.613021 0.037067
9397 0.229501 0.182417 0.588082
9395 0.646548 0.015237 0.338215
4639 0.333888 0.412537 0.253575
15594 0.738217 0.180695 0.081088
9395 0.453784 0.337479 0.208737
9395 0.236577 0.712492 0.050930
4665 0.183101 0.329402 0.487497
4758 0.474668 0.134479 0.390854
17792 0.471391 0.075499 0.453109
2878 0.009654 0.339453 0.650893
9484 0.219409 0.345947 0.434644
4758 0.041824 0.213371 0.744805
9482 0.065573 0.093548 0.840879
9531 0.137323 0.421168 0.441509
15606 0.741370 0.197317 0.061313
2887 0.210089 0.683676 0.106235
9532 0.298289 0.279651 0.422060
9532 0.669102 0.136676 0.194222
4719 0.844041 0.017909 0.138050
4719 0.635241 0.063345 0.301414
4719 0.405430 0.116342 0.478228
2875 0.154713 0.125101 0.720186
16217 0.723205 0.256875 0.019920
2886 0.483324 0.175970 0.340706
15607 0.289672 0.487510 0.222818
4757 0.219265 0.396011 0.384724
9471 0.156610 0.735165 0.108225
4757 0.116161 0.823783 0.060056
16217 0.409021 0.352779 0.238200
4753 0.898550 0.049764 0.051686
4664 0.307917 0.112390 0.579692
4664 0.144580 0.359580 0.495840
4639 0.078517 0.210492 0.710991
16217 0.056306 0.465020 0.478674
4754 0.679524 0.319229 0.001247
4665 0.141963 0.666987 0.191049
4754 0.568904 0.407493 0.023603
4754 0.452523 0.533565 0.013912
4754 0.133364 0.762094 0.104541
4753 0.119546 0.441595 0.438860
12641 0.126964 0.835467 0.037568
17792 0.037990 0.417914 0.544096
4664 0.573284 0.161424 0.265292
4664 0.346450 0.428804 0.224746
9484 0.148090 0.706653 0.145257
17793 0.201515 0.000050 0.798435
14363 0.324563 0.187069 0.488368
16230 0.957821 0.026346 0.015833
4639 0.387575 0.151983 0.460442
4639 0.627829 0.070499 0.301672
9479 0.500356 0.437556 0.062089
17791 0.233408 0.574642 0.191951
16230 0.382679 0.475271 0.142050
4719 0.139682 0.801712 0.058606
16218 0.135508 0.629952 0.234540
16218 0.316269 0.419813 0.263918
4718 0.353552 0.545887 0.100561
9529 0.206742 0.138552 0.654706
4718 0.137475 0.803481 0.059044
16200 0.897543 0.098656 0.003801
4755 0.149128 0.772177 0.078695
4667 0.141176 0.800390 0.058435
9528 0.444623 0.128060 0.427316
4640 0.258597 0.427391 0.314012
4640 0.028800 0.669660 0.301541
4663 0.435565 0.278258 0.286177
9527 0.201871 0.329606 0.468523
9434 0.574369 0.416014 0.009617
4663 0.726428 0.222039 0.051532
4754 0.678776 0.071404 0.249820
9489 0.013694 0.908442 0.077864
4640 0.482594 0.187397 0.330009
14364 0.731401 0.064947 0.203653
4754 0.419209 0.288990 0.291802
9524 0.031204 0.548244 0.420552
9470 0.144093 0.349836 0.506071
19433 0.248631 0.653394 0.097975
4754 0.315613 0.376594 0.307793
2852 0.471886 0.452026 0.076089
4754 0.201573 0.476594 0.321834
16229 0.243190 0.698154 0.058657
16229 0.130872 0.766100 0.103028
4704 0.382995 0.018833 0.598171
17793 0.079660 0.288901 0.631439
2885 0.007856 0.406573 0.585571
16230 0.134106 0.387427 0.478467
4755 0.204468 0.486212 0.309320
15595 0.006366 0.452753 0.540881
9489 0.222641 0.742697 0.034662
16212 0.666213 0.078966 0.254821
4704 0.179330 0.195792 0.624878
16229 0.185584 0.221725 0.592692
16229 0.024344 0.200306 0.775350
16229 0.280810 0.311352 0.407838
4754 0.433825 0.033556 0.532619
16212 0.186211 0.500417 0.313372
4701 0.519829 0.159468 0.320703
4703 0.314828 0.265450 0.419722
9479 0.177351 0.634725 0.187924
4754 0.180517 0.255920 0.563562
4641 0.073378 0.030548 0.896074
16229 0.555881 0.401497 0.042623
4754 0.076007 0.344364 0.579629
9442 0.078038 0.675425 0.246538
2884 0.468915 0.234344 0.296741
2884 0.483728 0.118880 0.397392
2884 0.493785 0.476566 0.029649
10921 0.612566 0.025158 0.362276
2873 0.158871 0.477749 0.363380
19433 0.659699 0.260819 0.079481
4755 0.761015 0.087336 0.151650
9489 0.322939 0.648786 0.028275
4717 0.060289 0.710623 0.229088
4717 0.305698 0.669084 0.025218
4668 0.524658 0.224158 0.251185
4720 0.530574 0.075334 0.394092
4666 0.796292 0.055609 0.148099
16191 0.819897 0.020311 0.159792
4636 0.556662 0.434757 0.008582
16201 0.261544 0.027875 0.710581
9470 0.107096 0.491615 0.401290
4666 0.537558 0.406499 0.055943
4721 0.575074 0.274124 0.150802
4721 0.544513 0.096130 0.359357
4722 0.334746 0.155867 0.509387
2870 0.600435 0.093842 0.305722
2883 0.355651 0.167124 0.477225
4755 0.328725 0.066728 0.604547
17821 0.332709 0.208870 0.458420
4755 0.071410 0.052821 0.875769
9526 0.246562 0.438452 0.314985
9479 0.046272 0.713511 0.240217
16229 0.802580 0.067416 0.130004
9525 0.071108 0.307831 0.621062
16229 0.702432 0.068865 0.228703
16229 0.593632 0.075238 0.331130
9439 0.225030 0.058961 0.716009
16229 0.293648 0.167280 0.539072
17810 0.012487 0.543317 0.444197
9488 0.555178 0.192734 0.252088
9467 0.062554 0.916456 0.020990
17820 0.254060 0.289403 0.456537
18286 0.649183 0.269189 0.081628
3186 0.049174 0.374144 0.576682
10922 0.292921 0.013066 0.694012
4747 0.233724 0.282641 0.483635
4747 0.084479 0.268642 0.646879
4747 0.358878 0.273910 0.367213
4697 0.228920 0.169405 0.601674
4697 0.215955 0.359040 0.425006
4701 0.341212 0.142237 0.516550
4701 0.286439 0.637096 0.076465
4751 0.328356 0.109936 0.561709
4747 0.695561 0.265573 0.038867
17820 0.125411 0.237261 0.637328
15605 0.062653 0.081830 0.855517
4751 0.292431 0.426609 0.280960
4750 0.218856 0.073289 0.707855
4750 0.086666 0.183487 0.729847
2857 0.170056 0.065709 0.764235
15600 0.164012 0.187570 0.648418
17812 0.153269 0.608649 0.238081
4637 0.018260 0.461509 0.520231
16190 0.297474 0.681881 0.020645
16190 0.067094 0.880892 0.052014
4670 0.544579 0.306424 0.148997
16219 0.180712 0.655488 0.163800
4724 0.010645 0.613407 0.375948
4724 0.526179 0.085158 0.388664
16202 0.635677 0.050972 0.313351
15600 0.203420 0.421510 0.375070
9495 0.499009 0.464312 0.036679
9491 0.399397 0.095145 0.505458
4671 0.233511 0.713676 0.052813
4670 0.723673 0.031739 0.244588
4725 0.097528 0.590171 0.312301
4725 0.267414 0.560212 0.172375
16220 0.268842 0.207502 0.523656
4716 0.491894 0.262966 0.245140
9522 0.275319 0.046672 0.678009
2856 0.254975 0.377111 0.367914
2869 0.054547 0.818156 0.127296
3187 0.598796 0.100098 0.301106
10924 0.083116 0.827907 0.088977
18287 0.571964 0.268695 0.159341
9522 0.134786 0.848127 0.017087
16228 0.355151 0.119732 0.525117
2868 0.122261 0.652256 0.225482
4749 0.579746 0.394504 0.025751
9518 0.566837 0.004502 0.428661
4749 0.135200 0.260428 0.604372
