476 0.120442 0.505964 0.373594
490 0.113270 0.683733 0.202997
470 0.727649 0.012794 0.259556
488 0.441908 0.420783 0.137310
467 0.093645 0.037124 0.869231
506 0.655834 0.182607 0.161559
40530 0.236852 0.500762 0.262387
1245 0.293428 0.422050 0.284522
390 0.189863 0.226941 0.583195
40535 0.164779 0.170916 0.664305
40534 0.205352 0.520795 0.273853
1189 0.053614 0.661661 0.284725
40532 0.317971 0.343695 0.338335
40036 0.239071 0.446578 0.314351
1188 0.115391 0.537019 0.347590
1356 0.153388 0.098096 0.748516
1233 0.000000 0.098155 0.901845
1242 0.232408 0.631849 0.135743
1357 0.280130 0.553752 0.166117
1233 0.000000 0.086155 0.913845
1242 0.478590 0.115624 0.405786
1352 0.000000 0.170740 0.829260
1213 0.000000 0.976544 0.023456
1213 0.000000 0.375436 0.624564
239 0.104781 0.773544 0.121676
238 0.198536 0.168605 0.632859
1356 0.398731 0.453492 0.147777
1356 0.503886 0.069115 0.426999
1357 0.777410 0.046959 0.175631
1357 0.481276 0.000000 0.518724
324 0.285323 0.455425 0.259252
1129 0.069625 0.154468 0.775907
1201 0.338697 0.117264 0.544039
320 0.166837 0.389363 0.443800
341 0.016828 0.381261 0.601911
406 0.501145 0.468792 0.030063
40033 0.771949 0.052327 0.175723
432 0.231475 0.024442 0.744083
40034 0.613797 0.061660 0.324543
147 0.154794 0.572014 0.273192
40040 0.284747 0.143553 0.571700
1481 0.479188 0.505043 0.015769
1484 0.321824 0.491669 0.186507
1478 0.067868 0.556945 0.375187
41160 0.021169 0.171999 0.806832
40487 0.893289 0.104042 0.002669
40529 0.459066 0.480802 0.060132
40525 0.076373 0.034756 0.888871
1240 0.571395 0.034866 0.393739
1244 0.983700 0.000000 0.016300
1247 0.249596 0.497256 0.253149
842 0.404912 0.173305 0.421783
835 0.286058 0.105964 0.607978
813 0.212742 0.379324 0.407935
724 0.371979 0.200893 0.427128
815 0.752458 0.176091 0.071451
809 0.633955 0.227912 0.138133
720 0.264873 0.212887 0.522240
28 0.067265 0.489129 0.443606
767 0.171390 0.094504 0.734106
1156 0.498734 0.218831 0.282435
846 0.060156 0.502056 0.437787
918 0.168557 0.169000 0.662442
726 0.286703 0.660739 0.052558
919 0.375648 0.142763 0.481589
722 0.051702 0.916938 0.031359
604 0.387175 0.239629 0.373196
884 0.230291 0.415303 0.354405
700 0.283523 0.140805 0.575673
718 0.563949 0.264862 0.171189
717 0.674052 0.060151 0.265797
698 0.457153 0.195646 0.347201
708 0.055557 0.150050 0.794392
704 0.066672 0.493529 0.439799
692 0.240500 0.301912 0.457588
735 0.010377 0.016772 0.972851
763 0.793971 0.048688 0.157341
688 0.188217 0.604830 0.206953
742 0.018476 0.483314 0.498211
741 0.345803 0.042434 0.611763
827 0.225736 0.533535 0.240729
823 0.542054 0.453646 0.004300
819 0.238021 0.271860 0.490119
816 0.139137 0.084942 0.775921
761 0.289332 0.063005 0.647664
1472 0.007356 0.272196 0.720448
41075 0.604418 0.081905 0.313678
191 0.125752 0.016285 0.857962
188 0.061261 0.457769 0.480970
542 0.274972 0.559912 0.165116
610 0.291628 0.271293 0.437080
756 0.139006 0.519472 0.341522
753 0.142253 0.050458 0.807289
759 0.174099 0.350556 0.475345
17 0.333337 0.298001 0.368662
525 0.397195 0.126883 0.475922
520 0.307915 0.587808 0.104277
523 0.396158 0.250901 0.352941
623 0.856492 0.093022 0.050485
526 0.257484 0.206325 0.536190
526 0.665690 0.189910 0.144401
1269 0.232460 0.072469 0.695071
1293 0.860004 0.020995 0.119001
1464 0.463033 0.263871 0.273096
1263 0.490268 0.041672 0.468060
1273 0.058400 0.423733 0.517867
1275 0.378162 0.524536 0.097302
40033 0.247536 0.728258 0.024205
40039 0.079612 0.183419 0.736970
40038 0.366364 0.491316 0.142320
570 0.172163 0.768146 0.059692
569 0.899460 0.070500 0.030040
645 0.031220 0.183570 0.785210
587 0.810511 0.062084 0.127405
683 0.207079 0.703053 0.089868
642 0.194382 0.083918 0.721700
497 0.096412 0.343804 0.559784
145 0.080660 0.557129 0.362211
40042 0.162504 0.171729 0.665767
653 0.352746 0.425084 0.222170
675 0.373455 0.216984 0.409561
2025 0.213215 0.006959 0.779825
663 0.421060 0.043885 0.535055
664 0.403852 0.514665 0.081483
2018 0.088096 0.903761 0.008143
615 0.097905 0.277125 0.624970
534 0.320890 0.263610 0.415500
612 0.206414 0.445675 0.347912
535 0.540995 0.202326 0.256679
1259 0.241680 0.470998 0.287322
1257 0.127598 0.400129 0.472274
697 0.673887 0.194827 0.131286
722 0.825452 0.161368 0.013179
915 0.459393 0.375510 0.165096
40486 0.003131 0.287137 0.709732
484 0.535720 0.141187 0.323093
478 0.587265 0.257522 0.155213
487 0.033251 0.501669 0.465080
474 0.113212 0.238340 0.648448
486 0.458538 0.150932 0.390530
475 0.152899 0.100452 0.746649
888 0.527654 0.365400 0.106946
909 0.299438 0.312935 0.387627
892 0.734312 0.019530 0.246157
754 0.193019 0.627042 0.179939
600 0.484949 0.430527 0.084524
820 0.030089 0.518564 0.451347
410 0.035070 0.445909 0.519021
6 0.003196 0.937239 0.059565
7 0.180007 0.093624 0.726369
41166 0.059579 0.326923 0.613499
41079 0.830312 0.158859 0.010829
67 0.141564 0.339150 0.519286
204 0.044114 0.051632 0.904254
1474 0.155202 0.144576 0.700222
828 0.019032 0.796019 0.184949
1145 0.536372 0.056600 0.407028
840 0.476809 0.419211 0.103980
844 0.047593 0.881427 0.070979
1152 0.076510 0.638316 0.285174
834 0.041942 0.079652 0.878406
929 0.097643 0.587646 0.314711
981 0.578611 0.253428 0.167961
908 0.019350 0.154188 0.826462
892 0.045960 0.684608 0.269432
1208 0.259125 0.559064 0.181811
40524 0.257270 0.300272 0.442458
399 0.236638 0.305988 0.457374
398 0.581016 0.236797 0.182187
237 0.363071 0.508943 0.127986
399 0.218352 0.744027 0.037621
398 0.083524 0.796465 0.120011
1358 0.109911 0.459574 0.430515
56 0.705133 0.015447 0.279421
55 0.502554 0.147329 0.350117
1358 0.671887 0.009521 0.318592
278 0.082293 0.218576 0.699132
275 0.076849 0.703771 0.219380
330 0.144434 0.431131 0.424435
265 0.728903 0.177741 0.093356
347 0.668889 0.097185 0.233926
1261 0.100661 0.327739 0.571600
1276 0.100532 0.471174 0.428294
1266 0.361523 0.099787 0.538690
280 0.344909 0.257078 0.398013
337 0.194655 0.492210 0.313134
268 0.795887 0.101020 0.103092
248 0.499501 0.388102 0.112397
1200 0.000000 0.865274 0.134726
1200 0.000000 0.312239 0.687761
404 0.474200 0.525800 0.000000
1200 0.000000 0.895572 0.104428
1200 0.000000 0.337920 0.662080
407 0.102886 0.579650 0.317464
1027 0.544114 0.101980 0.353905
1025 0.546620 0.161720 0.291661
942 0.391868 0.343433 0.264699
1015 0.513295 0.482892 0.003813
1012 0.437164 0.051760 0.511075
926 0.328962 0.126876 0.544163
1010 0.178134 0.294005 0.527860
1008 0.118550 0.285368 0.596082
922 0.037194 0.281992 0.680814
1038 0.018937 0.955986 0.025077
1034 0.328400 0.616169 0.055431
1022 0.617988 0.373905 0.008107
1020 0.580509 0.077590 0.341902
2372 0.002549 0.700907 0.296544
1016 0.245749 0.391282 0.362969
933 0.158703 0.108032 0.733265
983 0.112932 0.242324 0.644744
1026 0.302589 0.258711 0.438700
1024 0.269649 0.315071 0.415281
943 0.202257 0.689904 0.107839
1038 0.033104 0.355968 0.610928
1034 0.324120 0.032806 0.643074
504 0.643297 0.246228 0.110475
656 0.088106 0.250224 0.661670
649 0.600992 0.352965 0.046043
15 0.830050 0.111823 0.058127
15 0.030191 0.464807 0.505002
14 0.263416 0.463129 0.273455
565 0.304242 0.638941 0.056817
565 0.068103 0.073001 0.858896
561 0.201581 0.528614 0.269805
1404 0.045450 0.395248 0.559302
566 0.021257 0.296663 0.682080
567 0.104836 0.872752 0.022412
566 0.245001 0.307126 0.447874
567 0.307740 0.666675 0.025585
567 0.566290 0.298847 0.134863
1405 0.525328 0.241561 0.233111
1407 0.135733 0.270861 0.593406
1407 0.589980 0.347708 0.062313
1404 0.451542 0.048173 0.500285
1404 0.405940 0.525190 0.068869
1407 0.265862 0.713122 0.021016
1406 0.361310 0.533849 0.104841
1406 0.029787 0.473603 0.496610
563 0.468288 0.046643 0.485069
561 0.702675 0.169712 0.127613
485 0.290449 0.457968 0.251583
481 0.156694 0.299363 0.543943
567 0.016859 0.695447 0.287694
564 0.583861 0.352105 0.064033
567 0.205220 0.355805 0.438975
565 0.945924 0.003535 0.050541
560 0.255415 0.708888 0.035697
562 0.041957 0.229050 0.728993
562 0.219190 0.331986 0.448823
563 0.218108 0.571218 0.210674
562 0.508197 0.049949 0.441854
1404 0.245829 0.214878 0.539293
1404 0.193401 0.603106 0.203492
1407 0.033715 0.950998 0.015287
564 0.472752 0.196216 0.331031
564 0.162037 0.607317 0.230646
560 0.364053 0.240404 0.395542
565 0.529855 0.041125 0.429020
563 0.520968 0.273001 0.206031
560 0.643924 0.311361 0.044715
22 0.117952 0.383946 0.498101
530 0.371286 0.111449 0.517265
531 0.402080 0.041911 0.556009
580 0.372678 0.555183 0.072139
579 0.067029 0.660407 0.272563
681 0.025218 0.258938 0.715844
686 0.164025 0.124016 0.711958
1009 0.437377 0.025497 0.537126
1011 0.478094 0.035183 0.486723
2018 0.969756 0.013824 0.016421
1017 0.634792 0.012852 0.352356
906 0.687396 0.247846 0.064758
896 0.346282 0.061488 0.592230
900 0.003832 0.633473 0.362696
898 0.176380 0.176273 0.647346
905 0.553140 0.439070 0.007791
925 0.011289 0.173841 0.814870
880 0.626862 0.164198 0.208940
882 0.354485 0.308631 0.336883
577 0.072617 0.696200 0.231182
606 0.266017 0.625046 0.108937
573 0.653133 0.159722 0.187145
574 0.323228 0.319946 0.356826
609 0.444149 0.166746 0.389105
617 0.826753 0.149301 0.023946
618 0.312711 0.080367 0.606921
518 0.412713 0.459335 0.127952
504 0.110888 0.182830 0.706281
514 0.187223 0.005051 0.807727
517 0.559240 0.242101 0.198659
1198 0.878913 0.081446 0.039642
397 0.627913 0.180687 0.191400
1198 0.587188 0.267574 0.145238
396 0.503895 0.052837 0.443268
1198 0.243943 0.504250 0.251807
396 0.062002 0.390384 0.547614
400 0.408026 0.372185 0.219790
1192 0.271691 0.000000 0.728309
400 0.289578 0.710422 0.000000
1197 0.144554 0.035122 0.820324
402 0.322508 0.176098 0.501394
1197 0.113718 0.404855 0.481427
1194 0.058810 0.092813 0.848376
1199 0.073413 0.285662 0.640925
1196 0.366730 0.615330 0.017941
236 0.352032 0.448625 0.199343
1359 0.089728 0.715600 0.194672
1359 0.011516 0.063471 0.925013
446 0.277799 0.123135 0.599066
444 0.385805 0.066140 0.548055
443 0.648759 0.338495 0.012746
439 0.666215 0.208859 0.124926
1187 0.660608 0.179694 0.159698
1191 0.532000 0.245822 0.222178
1185 0.818443 0.123009 0.058548
1189 0.769144 0.040930 0.189927
1184 0.066540 0.029917 0.903544
386 0.077233 0.271212 0.651556
1185 0.101862 0.095771 0.802367
387 0.348167 0.067395 0.584438
1589 0.103507 0.618659 0.277835
239 0.640572 0.087820 0.271608
1589 0.109798 0.289954 0.600248
239 0.312548 0.030114 0.657338
1584 0.055814 0.038294 0.905892
235 0.039024 0.912261 0.048715
1585 0.093744 0.570799 0.335457
232 0.142359 0.502007 0.355634
1585 0.095195 0.173214 0.731591
232 0.192713 0.039354 0.767933
1749 0.097255 0.241595 0.661151
1749 0.084594 0.727157 0.188250
395 0.239856 0.640254 0.119890
394 0.261257 0.498173 0.240570
1745 0.080615 0.720727 0.198658
392 0.401017 0.292048 0.306935
1745 0.090670 0.116278 0.793052
393 0.065935 0.548524 0.385541
2545 0.207131 0.574623 0.218246
2549 0.186609 0.295979 0.517412
1193 0.464914 0.214501 0.320585
1195 0.238193 0.327773 0.434034
1754 0.250257 0.213413 0.536330
1753 0.408622 0.027249 0.564129
405 0.264658 0.430316 0.305026
401 0.100868 0.451219 0.447913
2554 0.076767 0.557807 0.365425
2555 0.164950 0.228105 0.606944
1204 0.477248 0.442931 0.079821
1205 0.322076 0.340941 0.336983
302 0.240412 0.351798 0.407790
1373 0.217377 0.442499 0.340124
58 0.568705 0.316016 0.115279
1354 0.383567 0.363417 0.253016
53 0.235678 0.364606 0.399717
1352 0.386404 0.307616 0.305980
1352 0.579752 0.420248 0.000000
1353 0.000000 0.574189 0.425811
1352 0.174987 0.184549 0.640464
1212 0.000000 0.505228 0.494772
1212 0.199729 0.305569 0.494702
244 0.070422 0.305124 0.624454
1366 0.527008 0.308751 0.164242
1353 0.000000 0.925946 0.074054
238 0.094217 0.836155 0.069628
1357 0.041854 0.412379 0.545767
1220 0.628515 0.000000 0.371485
1220 0.109947 0.674250 0.215804
1220 0.103440 0.167485 0.729075
1233 0.315295 0.332265 0.352441
1238 0.569628 0.000000 0.430372
1236 0.127091 0.839486 0.033423
230 0.158852 0.555534 0.285614
1235 0.209498 0.591199 0.199303
1237 0.621823 0.004088 0.374089
1246 0.593733 0.396592 0.009675
1365 0.604253 0.051673 0.344074
1378 0.197851 0.554957 0.247192
1376 0.383579 0.458785 0.157636
1361 0.776939 0.110802 0.112259
1230 0.175292 0.444214 0.380494
1228 0.329829 0.208117 0.462053
1350 0.000000 0.218259 0.781741
1226 0.000000 0.143543 0.856457
1229 0.290336 0.270781 0.438883
388 0.239492 0.297548 0.462960
1367 0.144901 0.635884 0.219215
1362 0.228107 0.201827 0.570067
1363 0.551263 0.067690 0.381046
1229 0.530183 0.019420 0.450398
1222 0.464788 0.000000 0.535212
1376 0.000000 0.105466 0.894534
1235 0.787977 0.133659 0.078364
226 0.023864 0.558664 0.417473
229 0.848878 0.129107 0.022015
229 0.259792 0.398063 0.342144
227 0.532607 0.003315 0.464079
1577 0.025409 0.795119 0.179472
1577 0.053290 0.217130 0.729580
222 0.277034 0.452800 0.270166
222 0.097303 0.035401 0.867296
1573 0.066473 0.704918 0.228609
1573 0.055763 0.189567 0.754670
220 0.236277 0.100103 0.663620
246 0.464365 0.070152 0.465483
1569 0.037010 0.432600 0.530390
1597 0.067484 0.586717 0.345799
244 0.825413 0.129262 0.045325
240 0.043517 0.437876 0.518607
1592 0.050483 0.058053 0.891464
1593 0.093889 0.500211 0.405900
384 0.079361 0.378863 0.541776
385 0.430829 0.041731 0.527440
234 0.039011 0.938443 0.022546
1593 0.080184 0.011001 0.908815
34 0.013109 0.265271 0.721620
166 0.166148 0.048326 0.785526
704 0.792604 0.033826 0.173569
743 0.940578 0.001537 0.057885
737 0.794887 0.007479 0.197635
40102 0.349931 0.069041 0.581028
1206 0.000000 0.402066 0.597934
1206 0.000000 0.368056 0.631944
1206 0.000000 0.583888 0.416112
2558 0.398945 0.575291 0.025764
1206 0.000000 0.375856 0.624144
1197 0.043691 0.942515 0.013794
298 0.048809 0.639209 0.311981
1300 0.338700 0.296043 0.365256
1296 0.844391 0.120461 0.035148
1303 0.559649 0.202102 0.238250
40806 0.561375 0.338338 0.100286
60 0.000000 0.137481 0.862519
311 0.743371 0.045403 0.211226
259 0.305699 0.358899 0.335402
263 0.047668 0.688924 0.263408
1469 0.122931 0.651881 0.225189
380 0.095607 0.895222 0.009171
1283 0.201378 0.735608 0.063014
1304 0.103940 0.839920 0.056141
1281 0.035388 0.110238 0.854375
309 0.311521 0.575832 0.112647
935 0.231780 0.054748 0.713472
931 0.200266 0.564763 0.234971
939 0.009771 0.075762 0.914467
930 0.477182 0.381643 0.141175
939 0.103234 0.860727 0.036039
938 0.289110 0.317442 0.393449
910 0.059364 0.209182 0.731453
924 0.196542 0.185194 0.618264
87 0.709939 0.246671 0.043391
1826 0.381280 0.091934 0.526786
1821 0.215009 0.773479 0.011513
86 0.652217 0.197597 0.150186
1844 0.296472 0.590404 0.113124
1840 0.371826 0.142448 0.485726
47492 0.192251 0.706676 0.101074
47495 0.356116 0.299721 0.344163
47490 0.158701 0.694540 0.146758
2595 0.532059 0.368723 0.099217
47494 0.185776 0.722052 0.092172
46994 0.496999 0.059922 0.443079
1742 0.571339 0.127245 0.301417
2539 0.493206 0.069409 0.437385
2538 0.290010 0.333333 0.376658
2706 0.746001 0.000000 0.253999
2707 0.254132 0.246044 0.499824
2704 0.862990 0.137010 0.000000
2585 0.143852 0.000000 0.856148
2585 0.132047 0.000000 0.867953
2563 0.952199 0.000000 0.047801
2596 0.149205 0.646784 0.204011
2596 0.417835 0.144355 0.437810
2597 0.023340 0.361543 0.615117
1590 0.904862 0.065315 0.029823
2706 0.151745 0.191211 0.657044
2704 0.233126 0.760741 0.006133
2706 0.371503 0.486632 0.141865
2707 0.382761 0.585263 0.031977
2704 0.539428 0.460572 0.000000
1679 0.545194 0.309440 0.145366
1677 0.671732 0.019647 0.308621
2481 0.038823 0.676385 0.284793
1691 0.227570 0.579795 0.192635
2473 0.248284 0.401043 0.350673
1635 0.392609 0.471982 0.135409
1789 0.171641 0.688454 0.139904
46997 0.168807 0.240042 0.591151
46996 0.002691 0.502679 0.494630
1784 0.157722 0.810816 0.031462
1500 0.286140 0.498541 0.215319
2833 0.530778 0.377319 0.091903
2830 0.445198 0.516407 0.038395
2834 0.265430 0.437454 0.297116
48120 0.742390 0.208184 0.049426
47491 0.283944 0.098883 0.617173
47488 0.405800 0.232942 0.361257
47493 0.064536 0.123216 0.812247
2592 0.372431 0.137970 0.489599
2594 0.015057 0.053659 0.931285
2599 0.551058 0.255738 0.193204
2196 0.325158 0.400342 0.274500
2074 0.323037 0.195580 0.481383
2072 0.421107 0.194697 0.384196
2189 0.093362 0.428728 0.477910
2166 0.099405 0.052778 0.847817
2086 0.006577 0.354330 0.639093
2163 0.378501 0.370899 0.250600
2161 0.212271 0.777015 0.010715
2119 0.069348 0.313226 0.617425
2506 0.356355 0.227909 0.415736
2270 0.600495 0.140698 0.258806
2271 0.062625 0.435480 0.501895
2510 0.026549 0.642018 0.331433
2267 0.603316 0.020004 0.376680
2265 0.848716 0.045141 0.106143
1954 0.325899 0.104440 0.569662
2070 0.027096 0.446075 0.526829
2234 0.501245 0.203744 0.295011
2067 0.123978 0.814521 0.061501
104 0.116598 0.828860 0.054542
2050 0.453265 0.331104 0.215630
2052 0.215049 0.408416 0.376535
2059 0.028539 0.488410 0.483051
2042 0.328473 0.328489 0.343039
2040 0.089851 0.637963 0.272185
2080 0.059349 0.804113 0.136538
2094 0.380196 0.542012 0.077792
2117 0.014656 0.913765 0.071579
2088 0.551381 0.436050 0.012569
2181 0.506532 0.368436 0.125032
2173 0.146195 0.209547 0.644258
2113 0.031387 0.407091 0.561522
2175 0.323609 0.493258 0.183133
2169 0.748769 0.168819 0.082412
2827 0.030295 0.190076 0.779629
48037 0.108221 0.506784 0.384995
1543 0.049963 0.012013 0.938024
1538 0.581581 0.386539 0.031881
1894 0.012662 0.630511 0.356827
2106 0.464512 0.489545 0.045944
2111 0.457586 0.050425 0.491988
1964 0.554042 0.370585 0.075373
2105 0.204932 0.045250 0.749819
89 0.376852 0.481634 0.141514
1872 0.287552 0.666809 0.045639
1878 0.734799 0.198661 0.066540
1877 0.592545 0.298709 0.108746
1878 0.211034 0.349224 0.439742
1876 0.115840 0.109310 0.774850
1859 0.253932 0.320847 0.425222
2619 0.072791 0.416300 0.510909
2612 0.534929 0.335241 0.129830
2647 0.029988 0.091317 0.878695
2614 0.435820 0.421216 0.142963
2816 0.233102 0.065229 0.701668
2629 0.513273 0.138112 0.348615
2542 0.595560 0.285883 0.118557
46992 0.212481 0.780722 0.006797
46999 0.369702 0.585158 0.045140
1924 0.282411 0.498683 0.218905
1995 0.067380 0.006361 0.926259
2037 0.630803 0.205509 0.163687
1921 0.060576 0.695202 0.244222
1940 0.039356 0.164587 0.796057
1997 0.728725 0.242959 0.028316
1817 0.244031 0.352833 0.403135
1496 0.328646 0.432843 0.238511
47000 0.111296 0.501295 0.387409
2003 0.415180 0.371313 0.213508
2015 0.024816 0.411189 0.563995
2029 0.214819 0.381233 0.403948
2016 0.073171 0.507421 0.419408
1967 0.483908 0.019784 0.496308
95 0.464485 0.027349 0.508166
1886 0.390920 0.074564 0.534515
1884 0.464986 0.491180 0.043834
2613 0.312664 0.206445 0.480891
2609 0.247747 0.100493 0.651760
2048 0.217363 0.064774 0.717863
2265 0.080882 0.061486 0.857632
2269 0.284948 0.520357 0.194695
47002 0.593181 0.186840 0.219978
1832 0.492635 0.431255 0.076110
1832 0.013237 0.315771 0.670992
1828 0.020312 0.278173 0.701514
2240 0.063646 0.333674 0.602680
2242 0.197028 0.002726 0.800245
2259 0.261305 0.343671 0.395025
2108 0.294551 0.606380 0.099070
1952 0.062794 0.238522 0.698684
1764 0.697364 0.275043 0.027593
2170 0.489916 0.362918 0.147165
79 0.272047 0.713353 0.014601
2179 0.178341 0.116061 0.705598
48126 0.537927 0.373838 0.088236
48039 0.179404 0.755037 0.065559
138 0.371573 0.348824 0.279603
1766 0.042171 0.955207 0.002622
2828 0.788444 0.092093 0.119463
2178 0.020289 0.912098 0.067613
2185 0.528183 0.095188 0.376629
2192 0.031604 0.650993 0.317403
2511 0.017834 0.945065 0.037101
2507 0.001861 0.633449 0.364690
2188 0.710363 0.221230 0.068407
2281 0.542852 0.169213 0.287935
2258 0.766966 0.165988 0.067047
2331 0.188918 0.518346 0.292735
2242 0.213798 0.677348 0.108855
2560 0.254546 0.488535 0.256920
47482 0.561823 0.227824 0.210353
1751 0.522855 0.237134 0.240011
1750 0.771199 0.190180 0.038621
129 0.398160 0.500741 0.101099
1750 0.170070 0.433557 0.396373
128 0.103927 0.839621 0.056452
126 0.415227 0.283913 0.300860
1586 0.629811 0.070909 0.299280
2710 0.383671 0.319318 0.297010
2711 0.100908 0.693343 0.205749
2671 0.754529 0.163356 0.082115
1687 0.052464 0.200982 0.746554
1701 0.254572 0.275691 0.469737
1627 0.081760 0.488303 0.429937
1681 0.074179 0.737306 0.188515
2611 0.147023 0.077506 0.775470
2626 0.649101 0.265651 0.085248
2620 0.369108 0.237261 0.393631
1637 0.551454 0.087598 0.360948
1688 0.300059 0.024271 0.675670
1620 0.432620 0.494009 0.073372
1605 0.102684 0.487695 0.409622
2552 0.257766 0.232572 0.509663
2552 0.180005 0.158454 0.661541
2553 0.354267 0.128601 0.517132
2553 0.156134 0.201589 0.642277
1759 0.493643 0.344283 0.162074
1758 0.239392 0.291729 0.468880
2381 0.086027 0.576702 0.337271
2366 0.468913 0.000927 0.530160
2364 0.526852 0.278470 0.194678
2377 0.141002 0.579529 0.279468
2362 0.490839 0.051104 0.458057
2360 0.587957 0.266328 0.145715
2294 0.234297 0.419163 0.346541
2278 0.511092 0.130251 0.358657
2276 0.664261 0.260850 0.074890
2388 0.043251 0.664350 0.292400
2370 0.324824 0.085402 0.589774
2368 0.367136 0.379632 0.253231
2283 0.065109 0.238762 0.696129
2335 0.165864 0.052180 0.781956
2380 0.383977 0.296996 0.319028
2376 0.366262 0.340813 0.292926
2295 0.747022 0.236235 0.016743
2388 0.632750 0.105079 0.262172
1860 0.371679 0.078519 0.549802
2008 0.665759 0.201169 0.133073
2001 0.337352 0.637174 0.025474
1914 0.208303 0.686463 0.105235
1919 0.665633 0.164342 0.170025
1915 0.104956 0.569069 0.325976
1919 0.045492 0.041964 0.912544
1912 0.297514 0.068654 0.633832
1917 0.516118 0.242593 0.241289
566 0.058254 0.742336 0.199410
566 0.374355 0.426274 0.199371
1918 0.019846 0.793432 0.186723
2755 0.231051 0.123205 0.645743
1405 0.022729 0.619582 0.357689
2755 0.221628 0.574695 0.203677
2754 0.662029 0.006061 0.331910
2754 0.054819 0.432428 0.512754
2754 0.359295 0.592699 0.048006
1917 0.174167 0.773831 0.052002
1835 0.372927 0.126122 0.500951
1918 0.106443 0.558214 0.335343
566 0.669916 0.209983 0.120102
1918 0.148915 0.261486 0.589598
1919 0.001735 0.881833 0.116432
562 0.041444 0.771297 0.187259
1916 0.066255 0.681370 0.252375
562 0.425323 0.414941 0.159737
1405 0.124072 0.856098 0.019831
2754 0.827049 0.166046 0.006905
1918 0.430643 0.118635 0.450722
1918 0.357002 0.472855 0.170143
1916 0.394526 0.228208 0.377266
1919 0.029957 0.477266 0.492777
1916 0.027228 0.331334 0.641438
1875 0.369519 0.125152 0.505329
1885 0.310876 0.504020 0.185104
1867 0.411009 0.305142 0.283849
1930 0.067947 0.370721 0.561332
2033 0.137912 0.024376 0.837712
1933 0.463485 0.066444 0.470071
2038 0.712868 0.070519 0.216612
2361 0.000597 0.427797 0.571606
2365 0.021168 0.452736 0.526096
2369 0.007036 0.599183 0.393781
2260 0.048523 0.201315 0.750162
2250 0.275831 0.723305 0.000864
2248 0.485368 0.191366 0.323266
2252 0.492915 0.355482 0.151602
2275 0.131623 0.041140 0.827237
2257 0.365951 0.583328 0.050721
2233 0.328984 0.653915 0.017101
2236 0.442877 0.155449 0.401674
1929 0.466076 0.091011 0.442912
1958 0.080978 0.452286 0.466736
1923 0.058432 0.409539 0.532029
1927 0.615692 0.380006 0.004302
1961 0.389111 0.422203 0.188687
1973 0.181975 0.069140 0.748885
1972 0.371897 0.379897 0.248206
1854 0.352935 0.162676 0.484389
1856 0.097335 0.841861 0.060804
1868 0.316583 0.582479 0.100938
1866 0.033595 0.243939 0.722466
2550 0.044522 0.279475 0.676002
2550 0.150433 0.475726 0.373841
2550 0.257119 0.709487 0.033394
1747 0.365645 0.621374 0.012981
1746 0.443632 0.286774 0.269594
130 0.151768 0.353599 0.494633
1757 0.626135 0.213352 0.160513
1756 0.351274 0.349497 0.299229
1633 0.627821 0.041472 0.330707
2547 0.330376 0.337206 0.332418
2547 0.643567 0.213229 0.143204
2546 0.821843 0.131767 0.046391
2551 0.363520 0.155981 0.480499
2551 0.685216 0.084810 0.229974
2546 0.010326 0.978079 0.011595
1586 0.197993 0.688935 0.113072
2711 0.474587 0.102459 0.422953
2709 0.884300 0.015832 0.099868
1796 0.511311 0.370778 0.117911
1792 0.378839 0.041722 0.579439
2540 0.387986 0.490024 0.121991
2536 0.209931 0.570857 0.219212
2537 0.728440 0.104237 0.167323
1740 0.646504 0.150826 0.202669
1591 0.259881 0.657034 0.083085
1591 0.224870 0.320763 0.454366
1591 0.134278 0.036233 0.829489
1587 0.062013 0.649390 0.288597
1587 0.024739 0.236850 0.738411
1748 0.756231 0.161590 0.082179
1748 0.237300 0.744238 0.018462
1744 0.305880 0.564572 0.129548
1745 0.805033 0.067373 0.127594
2544 0.514234 0.265381 0.220385
2548 0.758733 0.060147 0.181120
1754 0.000000 0.470528 0.529472
1752 0.000000 0.549132 0.450868
2552 0.206806 0.793194 0.000000
2552 0.813008 0.186992 0.000000
1654 0.646437 0.200838 0.152725
2723 0.342860 0.363000 0.294140
131 0.397721 0.157975 0.444304
2708 0.279002 0.164409 0.556589
125 0.576022 0.212256 0.211722
2705 0.203072 0.622472 0.174456
2704 0.000000 0.182917 0.817083
2705 0.325106 0.000000 0.674894
2705 0.240816 0.216713 0.542471
2562 0.541231 0.458769 0.000000
2562 0.524518 0.253373 0.222109
2718 0.381286 0.508880 0.109835
2707 0.935355 0.058573 0.006072
2718 0.185909 0.124221 0.689870
2707 0.183699 0.010264 0.806037
2716 0.016901 0.729224 0.253875
2570 0.405809 0.000000 0.594191
2570 0.763017 0.165233 0.071749
2570 0.254892 0.619758 0.125350
2585 0.341286 0.289329 0.369385
2591 0.364204 0.550135 0.085661
2589 0.519874 0.165977 0.314150
2586 0.050567 0.782585 0.166848
2584 0.401076 0.588027 0.010898
1582 0.277833 0.553016 0.169151
2598 0.017154 0.411219 0.571627
2712 0.381646 0.574088 0.044267
2713 0.016669 0.778246 0.205085
2698 0.158093 0.461269 0.380639
2732 0.243524 0.489633 0.266843
2582 0.371466 0.396474 0.232060
2580 0.797942 0.202058 0.000000
2728 0.160446 0.339010 0.500544
2578 0.465386 0.095912 0.438702
2579 0.192394 0.321490 0.486116
1738 0.461874 0.240088 0.298038
2719 0.447351 0.150151 0.402498
2716 0.580091 0.065037 0.354872
2702 0.446880 0.553120 0.000000
2579 0.111155 0.662966 0.225878
2575 0.408392 0.349675 0.241932
2729 0.858008 0.086157 0.055835
2589 0.005220 0.726183 0.268598
1580 0.413545 0.554901 0.031554
1578 0.143479 0.035347 0.821174
1579 0.500460 0.268042 0.231498
1574 0.262341 0.583941 0.153719
2730 0.129776 0.859816 0.010408
1570 0.667379 0.193655 0.138966
1598 0.481602 0.186731 0.331667
1594 0.056423 0.326055 0.617522
1595 0.128036 0.481759 0.390205
1736 0.539326 0.317188 0.143487
1590 0.012458 0.106134 0.881408
107 0.595061 0.276392 0.128546
1518 0.640678 0.183697 0.175625
2056 0.256520 0.044395 0.699085
2062 0.023024 0.047174 0.929802
72 0.100938 0.084230 0.814832
47063 0.532961 0.428138 0.038901
2556 0.654643 0.345357 0.000000
2556 0.628872 0.371128 0.000000
1653 0.161493 0.526343 0.312164
1655 0.023957 0.308964 0.667079
2634 0.106404 0.652321 0.241275
47766 0.082566 0.108583 0.808851
2652 0.109354 0.876363 0.014283
46963 0.318806 0.067897 0.613297
2655 0.424746 0.059548 0.515706
1663 0.276181 0.332140 0.391679
1608 0.171877 0.538259 0.289864
1610 0.474718 0.524170 0.001112
2819 0.471229 0.187896 0.340875
2637 0.510750 0.213763 0.275488
1730 0.210569 0.776645 0.012786
2660 0.531877 0.018159 0.449964
2630 0.124479 0.847720 0.027801
1734 0.119031 0.642405 0.238564
2292 0.863031 0.062885 0.074083
2292 0.358190 0.415759 0.226050
2293 0.144521 0.040220 0.815259
2284 0.068248 0.421942 0.509810
2287 0.021727 0.309297 0.668976
2285 0.527419 0.274928 0.197653
2262 0.666230 0.231575 0.102195
2274 0.565292 0.200521 0.234187
877 0.620034 0.061377 0.318589
863 0.141842 0.119159 0.738999
69 0.289943 0.665845 0.044212
872 0.659227 0.076073 0.264700
859 0.265877 0.430603 0.303520
68 0.089278 0.665672 0.245050
851 0.248034 0.416353 0.335613
1096 0.693768 0.011827 0.294406
1081 0.066462 0.356727 0.576811
957 0.460550 0.087430 0.452020
43 0.173108 0.808860 0.018031
953 0.097817 0.282473 0.619711
40 0.338969 0.446481 0.214550
865 0.308528 0.625684 0.065788
866 0.495964 0.333568 0.170469
544 0.562716 0.284015 0.153268
1129 0.172610 0.805175 0.022215
1203 0.008668 0.616160 0.375172
208 0.162847 0.566923 0.270230
199 0.032819 0.903203 0.063978
791 0.394397 0.429499 0.176104
803 0.673113 0.000386 0.326502
789 0.533815 0.415904 0.050281
460 0.228980 0.396230 0.374790
9 0.242268 0.546559 0.211173
364 0.143996 0.112792 0.743212
1174 0.129759 0.170761 0.699480
1171 0.264102 0.525944 0.209954
997 0.641586 0.229126 0.129288
1036 0.083844 0.010857 0.905299
1033 0.051242 0.633640 0.315119
1030 0.026437 0.506849 0.466714
1036 0.052731 0.724790 0.222478
1032 0.333039 0.399886 0.267075
1031 0.557210 0.304961 0.137829
999 0.634272 0.223397 0.142331
991 0.188546 0.480418 0.331036
1028 0.042208 0.517479 0.440313
941 0.022241 0.667547 0.310212
1029 0.587060 0.310207 0.102732
940 0.285929 0.368279 0.345791
3677 0.662331 0.195944 0.141725
3685 0.221469 0.210496 0.568035
3686 0.722787 0.090012 0.187201
3677 0.203514 0.784864 0.011623
3678 0.286347 0.674791 0.038861
3686 0.281756 0.414629 0.303615
549 0.291571 0.630706 0.077723
1132 0.197672 0.060774 0.741553
1124 0.108125 0.229668 0.662207
780 0.566128 0.221254 0.212619
1151 0.488204 0.421430 0.090366
1147 0.715785 0.200216 0.083999
1071 0.333320 0.269745 0.396935
1087 0.543479 0.193421 0.263101
1085 0.211174 0.161192 0.627634
1069 0.270003 0.339852 0.390145
1083 0.408571 0.217141 0.374287
549 0.680015 0.052859 0.267126
557 0.063351 0.455327 0.481321
552 0.216072 0.353534 0.430395
553 0.820621 0.095165 0.084213
558 0.832719 0.081217 0.086064
1161 0.316831 0.413118 0.270051
252 0.419520 0.197739 0.382740
3797 0.537227 0.137495 0.325277
4322 0.580814 0.099547 0.319638
3797 0.117105 0.144235 0.738660
2558 0.000000 0.748011 0.251989
1207 0.779590 0.171693 0.048718
2558 0.298679 0.457341 0.243981
558 0.143884 0.261157 0.594959
3319 0.133646 0.463898 0.402456
3348 0.093811 0.408902 0.497288
3351 0.038520 0.255153 0.706327
456 0.236752 0.382693 0.380555
455 0.448899 0.315307 0.235794
807 0.869136 0.020836 0.110029
451 0.751764 0.026949 0.221286
1055 0.570125 0.215135 0.214740
1053 0.555530 0.143407 0.301063
1063 0.487849 0.035147 0.477004
1051 0.493906 0.475879 0.030215
1048 0.578863 0.011997 0.409140
1059 0.615487 0.351966 0.032547
797 0.433620 0.184861 0.381519
793 0.519140 0.265470 0.215390
799 0.732663 0.159715 0.107623
794 0.858043 0.034093 0.107864
770 0.454495 0.038821 0.506684
203 0.408887 0.119781 0.471332
1111 0.235359 0.159004 0.605637
1094 0.815084 0.086726 0.098190
1104 0.480784 0.406996 0.112220
1090 0.483993 0.101107 0.414900
1093 0.692783 0.168363 0.138854
1079 0.575126 0.180682 0.244193
1089 0.407463 0.482295 0.110243
1075 0.341795 0.467512 0.190692
1065 0.351470 0.194616 0.453914
1077 0.558031 0.212833 0.229136
1073 0.399716 0.472643 0.127641
960 0.121463 0.302551 0.575985
954 0.057420 0.487481 0.455100
961 0.378408 0.029051 0.592541
955 0.353959 0.120477 0.525564
946 0.115732 0.551002 0.333266
968 0.241266 0.623781 0.134954
779 0.093225 0.433292 0.473484
1067 0.522123 0.190114 0.287764
839 0.076272 0.865878 0.057850
841 0.148071 0.517656 0.334273
1101 0.829236 0.168974 0.001790
855 0.344379 0.279476 0.376145
844 0.003714 0.237209 0.759077
1153 0.637463 0.283484 0.079053
870 0.604244 0.309492 0.086264
868 0.515404 0.012972 0.471624
983 0.696735 0.176765 0.126500
933 0.226228 0.632315 0.141457
975 0.051492 0.584298 0.364210
950 0.297583 0.418681 0.283736
632 0.132433 0.715830 0.151737
635 0.142768 0.184844 0.672388
1056 0.052804 0.245804 0.701392
1057 0.510091 0.278497 0.211412
989 0.224199 0.176928 0.598874
994 0.727885 0.203247 0.068869
992 0.692929 0.189735 0.117336
1000 0.297285 0.577681 0.125034
1002 0.352215 0.407743 0.240042
1040 0.412593 0.428107 0.159300
1169 0.350026 0.339065 0.310909
1172 0.182493 0.196351 0.621156
1177 0.113000 0.527302 0.359698
1178 0.504289 0.242439 0.253272
1133 0.311443 0.329376 0.359181
1203 0.421911 0.097842 0.480247
1206 0.261980 0.183396 0.554624
314 0.861747 0.062705 0.075548
312 0.151390 0.241707 0.606903
367 0.664135 0.120699 0.215166
378 0.222831 0.005212 0.771957
1139 0.443835 0.073151 0.483014
1139 0.111601 0.833093 0.055306
1140 0.436654 0.364190 0.199156
1162 0.352061 0.409811 0.238128
1167 0.371050 0.397805 0.231145
3332 0.099609 0.870355 0.030036
358 0.753056 0.038529 0.208415
357 0.084974 0.292562 0.622464
449 0.159494 0.158115 0.682391
353 0.401558 0.304765 0.293677
627 0.048935 0.829208 0.121857
1114 0.088026 0.416474 0.495500
627 0.430215 0.104267 0.465518
1115 0.852174 0.131406 0.016420
317 0.098579 0.824254 0.077167
319 0.696141 0.175141 0.128718
304 0.630412 0.159677 0.209911
372 0.401338 0.351567 0.247095
1113 0.538761 0.388813 0.072426
1117 0.274939 0.140254 0.584808
368 0.318324 0.617783 0.063893
3506 0.258171 0.540211 0.201618
3472 0.277885 0.220091 0.502024
3474 0.298459 0.100927 0.600614
3510 0.478667 0.246199 0.275134
3477 0.446729 0.494980 0.058291
3479 0.366543 0.464037 0.169421
964 0.302374 0.076075 0.621551
958 0.266851 0.333146 0.400003
956 0.167780 0.485460 0.346761
3456 0.320946 0.197445 0.481609
3458 0.321198 0.401011 0.277792
3461 0.474629 0.390191 0.135180
3462 0.553988 0.157017 0.288996
878 0.111184 0.493322 0.395495
876 0.200178 0.163512 0.636310
3488 0.331455 0.585751 0.082793
3601 0.116100 0.668796 0.215104
3492 0.572374 0.387627 0.039998
3605 0.303135 0.424343 0.272522
863 0.029027 0.839802 0.131171
70 0.485537 0.158778 0.355685
3602 0.321208 0.097949 0.580844
3824 0.277016 0.572725 0.150259
3606 0.571745 0.314731 0.113524
3831 0.310648 0.429858 0.259494
1110 0.154144 0.473988 0.371869
1108 0.134215 0.117834 0.747951
3820 0.184778 0.609176 0.206046
3816 0.492218 0.338801 0.168981
3823 0.487604 0.404190 0.108206
3819 0.495786 0.160785 0.343430
1095 0.020753 0.835558 0.143689
1078 0.157479 0.691265 0.151256
3744 0.198976 0.519534 0.281489
3746 0.211384 0.644679 0.143937
3748 0.540076 0.447399 0.012525
3421 0.069042 0.447179 0.483779
1076 0.119177 0.647148 0.233675
1054 0.109212 0.607757 0.283031
3419 0.087417 0.800110 0.112474
3384 0.185244 0.337055 0.477700
3423 0.268370 0.477485 0.254145
3388 0.462793 0.135131 0.402076
1052 0.167553 0.430333 0.402114
1062 0.261871 0.137437 0.600692
3393 0.192787 0.798669 0.008544
3440 0.217020 0.047551 0.735429
3397 0.057959 0.573523 0.368518
3398 0.404551 0.522330 0.073119
1061 0.100939 0.666487 0.232574
636 0.391817 0.056384 0.551800
3641 0.145279 0.688495 0.166227
3642 0.524227 0.052577 0.423196
3446 0.472703 0.408146 0.119151
3647 0.349869 0.345306 0.304824
628 0.364712 0.174077 0.461211
1119 0.046388 0.750848 0.202764
3361 0.669262 0.308022 0.022716
3363 0.819398 0.135679 0.044924
3365 0.443537 0.156262 0.400201
3362 0.088167 0.549220 0.362613
1142 0.032215 0.831174 0.136611
3366 0.295154 0.130211 0.574635
3353 0.150159 0.166939 0.682902
3306 0.566924 0.298653 0.134423
3330 0.451819 0.075535 0.472646
3314 0.798646 0.011137 0.190217
3335 0.257862 0.226168 0.515971
3314 0.165267 0.340116 0.494618
3305 0.133312 0.523178 0.343510
3336 0.476953 0.225840 0.297207
3347 0.625332 0.062542 0.312127
3675 0.141457 0.044565 0.813978
3346 0.348044 0.035575 0.616381
3672 0.384989 0.571546 0.043465
3667 0.398285 0.476258 0.125457
3665 0.049742 0.447845 0.502413
3681 0.525196 0.097890 0.376915
3682 0.847775 0.123479 0.028747
3680 0.331888 0.080189 0.587923
3682 0.251367 0.651016 0.097617
3791 0.142605 0.592840 0.264555
4318 0.182856 0.440078 0.377067
3799 0.754887 0.149268 0.095845
4326 0.304335 0.488704 0.206962
3799 0.092180 0.162517 0.745304
4322 0.008989 0.696844 0.294166
3557 0.434456 0.181658 0.383887
3573 0.412590 0.122751 0.464660
3575 0.860914 0.015800 0.123286
3556 0.073289 0.301716 0.624995
3572 0.119920 0.136907 0.743172
3574 0.205731 0.448740 0.345529
1183 0.689885 0.296644 0.013471
1046 0.661786 0.249643 0.088570
1045 0.580841 0.412036 0.007124
3528 0.074807 0.899328 0.025865
3530 0.106702 0.684476 0.208822
3532 0.280934 0.485141 0.233925
3534 0.332857 0.279770 0.387373
1007 0.484156 0.480154 0.035691
1004 0.463051 0.154959 0.381990
3506 0.240410 0.033596 0.725994
3511 0.172513 0.547140 0.280346
3504 0.205011 0.606009 0.188980
3508 0.418909 0.277639 0.303451
3504 0.170019 0.193781 0.636200
3509 0.220344 0.619583 0.160073
964 0.339791 0.620801 0.039409
963 0.094575 0.838476 0.066949
966 0.372083 0.103064 0.524853
962 0.201719 0.448311 0.349970
966 0.417935 0.557842 0.024223
1001 0.210321 0.753246 0.036433
945 0.837656 0.034916 0.127428
944 0.035503 0.709084 0.255413
945 0.196170 0.089807 0.714023
949 0.001993 0.018073 0.979934
985 0.160954 0.445759 0.393287
987 0.106125 0.703534 0.190341
948 0.221189 0.496768 0.282042
935 0.275434 0.574276 0.150290
987 0.834118 0.073249 0.092633
937 0.478039 0.097323 0.424638
986 0.154017 0.779762 0.066221
936 0.111168 0.456184 0.432648
2226 0.017062 0.036472 0.946465
2229 0.324316 0.036305 0.639379
2205 0.457036 0.013455 0.529509
2215 0.107303 0.520334 0.372363
2213 0.416841 0.569973 0.013186
2449 0.330141 0.452704 0.217155
2211 0.035131 0.065449 0.899420
2209 0.354131 0.204179 0.441690
2452 0.191453 0.187402 0.621145
2307 0.047552 0.751355 0.201094
2305 0.254696 0.343233 0.402071
2217 0.650684 0.074994 0.274322
114 0.327049 0.493941 0.179010
112 0.555014 0.138303 0.306683
2220 0.394776 0.155146 0.450078
1901 0.296802 0.451415 0.251783
2480 0.165664 0.519451 0.314885
2472 0.881650 0.097242 0.021108
1560 0.479606 0.410415 0.109979
1547 0.541751 0.222864 0.235385
2139 0.253023 0.019358 0.727618
1550 0.704544 0.036902 0.258554
2138 0.182691 0.087639 0.729670
2143 0.269484 0.678139 0.052377
81 0.803903 0.179569 0.016528
2822 0.088387 0.856176 0.055436
2524 0.720437 0.052879 0.226684
2385 0.786802 0.062413 0.150785
2384 0.254570 0.512048 0.233382
2347 0.237956 0.422836 0.339208
2382 0.343911 0.625145 0.030944
2383 0.293229 0.639475 0.067296
2351 0.228533 0.447629 0.323838
2378 0.334365 0.617833 0.047802
2379 0.292395 0.659967 0.047639
2343 0.652058 0.198807 0.149136
2291 0.774504 0.038063 0.187433
2290 0.316814 0.473440 0.209746
4203 0.288546 0.088916 0.622538
3878 0.383950 0.510353 0.105698
1898 0.097488 0.422836 0.479676
4207 0.292593 0.648446 0.058962
4206 0.616765 0.189804 0.193431
2482 0.125999 0.578904 0.295098
4215 0.347009 0.155854 0.497136
4215 0.781434 0.058918 0.159647
2474 0.020656 0.813663 0.165681
2130 0.113567 0.575227 0.311206
2423 0.573480 0.404809 0.021712
2419 0.646718 0.323121 0.030161
2503 0.232500 0.436409 0.331091
2439 0.241730 0.280280 0.477990
2437 0.253989 0.111183 0.634827
2501 0.021054 0.699471 0.279474
2454 0.011870 0.182313 0.805817
1906 0.287706 0.014006 0.698288
2512 0.488868 0.459706 0.051426
1900 0.697349 0.232966 0.069685
1909 0.591086 0.254256 0.154658
2512 0.068217 0.077547 0.854236
1622 0.489869 0.368027 0.142104
1607 0.218257 0.253204 0.528538
4320 0.484804 0.066496 0.448700
4321 0.566903 0.104746 0.328351
2556 0.225043 0.392615 0.382343
2515 0.683938 0.028403 0.287659
1906 0.898875 0.068635 0.032491
3842 0.524324 0.116816 0.358860
3875 0.386040 0.430216 0.183744
1811 0.034965 0.726451 0.238584
2156 0.255805 0.572504 0.171692
1807 0.219096 0.777206 0.003698
2158 0.094317 0.897752 0.007931
2407 0.082885 0.852609 0.064506
2404 0.219778 0.101785 0.678437
2403 0.011687 0.872422 0.115891
2400 0.090317 0.177628 0.732055
2412 0.130807 0.770570 0.098623
2412 0.048971 0.175760 0.775270
2147 0.400600 0.583888 0.015512
2150 0.121648 0.261029 0.617323
2124 0.281580 0.159052 0.559368
2144 0.321648 0.186932 0.491420
2122 0.612960 0.331470 0.055570
1557 0.210400 0.163859 0.625741
2463 0.083972 0.636528 0.279500
2461 0.464524 0.193189 0.342287
2459 0.146773 0.231332 0.621895
2444 0.115291 0.354768 0.529942
2442 0.056347 0.043786 0.899866
2440 0.347792 0.063540 0.588668
2417 0.445154 0.447063 0.107783
2431 0.086439 0.808498 0.105063
2429 0.363441 0.559176 0.077382
2427 0.094503 0.803700 0.101796
2425 0.336058 0.634699 0.029243
2312 0.327065 0.561078 0.111857
2313 0.027348 0.572287 0.400365
2300 0.484973 0.416573 0.098454
2308 0.198696 0.741445 0.059859
2309 0.110745 0.557962 0.331293
2320 0.287887 0.501220 0.210893
2133 0.693522 0.197658 0.108820
2420 0.378151 0.066512 0.555337
2190 0.729102 0.107878 0.163020
2451 0.204777 0.604844 0.190379
2193 0.713417 0.208575 0.078008
2207 0.333899 0.142890 0.523211
2508 0.115371 0.204469 0.680160
2222 0.245107 0.221215 0.533677
2505 0.362072 0.541787 0.096141
2219 0.552274 0.394373 0.053353
2335 0.087621 0.628961 0.283418
2322 0.064648 0.577898 0.357454
2283 0.588814 0.320710 0.090476
2302 0.400565 0.335597 0.263838
1988 0.738589 0.000000 0.261411
2408 0.303886 0.521377 0.174737
1989 0.084528 0.513253 0.402219
2408 0.144937 0.028221 0.826843
2339 0.398132 0.228876 0.372992
2357 0.708385 0.139829 0.151786
2349 0.273376 0.699126 0.027498
2393 0.652609 0.050297 0.297094
2345 0.310840 0.609557 0.079603
