8892 0.171192 0.077209 0.751599
29126 0.044668 0.427210 0.528122
29117 0.020400 0.941528 0.038071
8934 0.155650 0.484379 0.359971
29161 0.595575 0.117778 0.286646
29121 0.681800 0.036376 0.281824
8905 0.529010 0.025173 0.445818
8893 0.394207 0.575934 0.029860
9187 0.229600 0.674779 0.095621
8914 0.008657 0.550329 0.441013
77796 0.119947 0.872275 0.007779
77805 0.248070 0.193841 0.558090
78199 0.056323 0.016057 0.927620
77797 0.426923 0.317193 0.255884
77810 0.789773 0.077948 0.132279
78598 0.011432 0.941444 0.047124
77756 0.422730 0.463944 0.113327
9177 0.523458 0.164111 0.312430
9181 0.148033 0.724373 0.127594
9207 0.220003 0.729112 0.050885
9182 0.408515 0.389775 0.201710
77606 0.701258 0.064466 0.234277
9205 0.255653 0.083663 0.660684
77598 0.833232 0.139765 0.027003
9214 0.699471 0.131012 0.169517
75591 0.011836 0.620573 0.367592
75507 0.165446 0.625016 0.209537
99672 0.084729 0.810158 0.105113
75604 0.135825 0.069293 0.794883
75510 0.161103 0.047577 0.791320
99676 0.527840 0.149361 0.322799
77303 0.871088 0.080645 0.048267
77408 0.298803 0.591421 0.109775
75288 0.573011 0.048309 0.378679
77405 0.435412 0.252168 0.312420
75062 0.167675 0.482272 0.350053
75078 0.586162 0.123599 0.290239
81290 0.139972 0.773932 0.086096
81429 0.637671 0.241466 0.120863
81437 0.698876 0.115718 0.185406
81313 0.011285 0.623218 0.365497
81434 0.176995 0.297534 0.525471
81444 0.091900 0.030828 0.877272
81280 0.354568 0.442576 0.202856
81306 0.411020 0.512746 0.076233
81444 0.345338 0.566527 0.088135
81452 0.326618 0.259333 0.414049
78094 0.534577 0.160514 0.304909
82864 0.118875 0.000387 0.880738
82684 0.068109 0.644981 0.286910
82887 0.007704 0.463846 0.528450
82713 0.226139 0.696732 0.077129
82653 0.624666 0.005208 0.370126
81290 0.811346 0.064846 0.123807
81293 0.668188 0.197735 0.134077
81297 0.338333 0.479132 0.182534
81269 0.017643 0.216505 0.765853
81263 0.326916 0.533677 0.139407
81269 0.046843 0.928409 0.024748
81261 0.132022 0.457271 0.410707
56476 0.454066 0.320155 0.225779
56551 0.678851 0.208662 0.112487
56621 0.478438 0.391014 0.130548
56481 0.116319 0.335157 0.548523
56528 0.317561 0.113000 0.569439
56628 0.604363 0.000817 0.394819
56483 0.572519 0.093812 0.333670
56530 0.033723 0.614941 0.351335
57327 0.217516 0.244524 0.537960
56730 0.048591 0.045875 0.905534
56853 0.003384 0.142496 0.854120
56811 0.199485 0.223613 0.576903
56859 0.649043 0.281262 0.069695
56813 0.492622 0.460731 0.046646
25695 0.901962 0.059315 0.038723
55412 0.231664 0.057916 0.710419
55912 0.376429 0.397071 0.226501
56088 0.007205 0.980791 0.012003
55419 0.579805 0.198212 0.221983
55914 0.379582 0.203633 0.416786
56130 0.328674 0.347819 0.323507
55407 0.130471 0.223035 0.646494
55909 0.855258 0.079642 0.065100
56134 0.223855 0.157254 0.618891
56392 0.346551 0.328148 0.325301
56395 0.489207 0.087053 0.423740
56401 0.115389 0.799976 0.084635
86898 0.203725 0.700169 0.096106
86719 0.706226 0.033709 0.260065
86761 0.034630 0.537200 0.428169
86698 0.306959 0.166120 0.526921
86706 0.217817 0.275256 0.506927
86750 0.382953 0.041964 0.575083
87310 0.832057 0.115943 0.052001
86675 0.580218 0.220591 0.199191
86734 0.479881 0.291409 0.228711
87227 0.595426 0.204900 0.199674
86790 0.583189 0.052804 0.364006
87238 0.074286 0.678815 0.246899
86820 0.005759 0.722273 0.271968
86811 0.516900 0.331969 0.151131
87305 0.054697 0.463588 0.481715
86825 0.176020 0.044145 0.779835
86961 0.261556 0.159656 0.578788
49980 0.553943 0.075035 0.371022
86871 0.555226 0.168683 0.276091
86844 0.228535 0.015450 0.756015
86856 0.388698 0.346049 0.265253
85449 0.565880 0.369529 0.064591
87319 0.795013 0.113938 0.091048
86909 0.128703 0.340671 0.530627
86924 0.238181 0.389806 0.372013
86965 0.197250 0.664316 0.138434
88731 0.459944 0.454108 0.085949
53061 0.271831 0.059998 0.668170
53069 0.107237 0.242677 0.650086
53042 0.158431 0.293770 0.547799
52924 0.459502 0.258768 0.281730
52912 0.274500 0.620377 0.105123
53013 0.249005 0.572077 0.178917
52801 0.505335 0.252901 0.241764
52793 0.087904 0.749025 0.163071
52745 0.467581 0.376605 0.155814
49225 0.323479 0.600270 0.076251
53046 0.294890 0.386877 0.318233
50584 0.318186 0.386062 0.295752
49249 0.599225 0.078147 0.322628
49274 0.550067 0.293307 0.156626
47495 0.036863 0.579635 0.383502
46739 0.314322 0.608070 0.077608
69549 0.581737 0.306356 0.111907
53098 0.405800 0.189705 0.404495
53104 0.182464 0.313021 0.504515
63458 0.222442 0.710545 0.067013
53207 0.590361 0.292525 0.117114
87348 0.184231 0.203992 0.611777
87256 0.113660 0.045255 0.841085
87271 0.750259 0.202296 0.047445
87269 0.319551 0.129896 0.550554
87289 0.638369 0.015711 0.345920
87283 0.718870 0.165286 0.115844
86776 0.304987 0.052792 0.642221
87196 0.597130 0.013689 0.389181
87226 0.526403 0.004148 0.469449
87058 0.382700 0.413703 0.203597
49208 0.079544 0.210336 0.710120
49133 0.203226 0.735937 0.060837
49166 0.224196 0.497086 0.278717
49084 0.384387 0.079780 0.535833
85474 0.267835 0.472599 0.259566
86941 0.094309 0.227211 0.678480
50573 0.191710 0.570596 0.237695
50603 0.070727 0.078480 0.850793
50606 0.295063 0.387680 0.317257
49137 0.237032 0.565108 0.197860
49035 0.081015 0.857425 0.061560
50572 0.386618 0.139028 0.474354
50621 0.037367 0.188137 0.774497
87375 0.149455 0.302260 0.548285
81407 0.201696 0.772863 0.025441
87345 0.556542 0.183151 0.260306
87365 0.065862 0.284175 0.649963
87568 0.107136 0.481520 0.411344
87344 0.071760 0.830050 0.098189
87143 0.599467 0.006831 0.393701
87563 0.221615 0.640900 0.137486
81256 0.142256 0.814950 0.042794
81419 0.196160 0.431782 0.372058
81257 0.004267 0.204962 0.790772
81191 0.286402 0.630459 0.083139
87413 0.612837 0.342027 0.045136
81191 0.136269 0.310489 0.553242
87414 0.533138 0.041087 0.425776
87175 0.708815 0.057368 0.233817
87075 0.312676 0.194141 0.493183
87406 0.039889 0.248775 0.711336
87402 0.324668 0.357468 0.317864
56890 0.469815 0.338345 0.191839
57043 0.104084 0.240979 0.654937
56903 0.159724 0.356101 0.484176
57054 0.095497 0.556834 0.347668
56905 0.462028 0.427412 0.110560
46840 0.131646 0.380080 0.488273
49739 0.285881 0.457147 0.256972
49450 0.394408 0.323641 0.281951
54528 0.314110 0.667996 0.017894
54490 0.469294 0.173953 0.356754
53163 0.024582 0.706360 0.269058
52992 0.429289 0.138248 0.432463
52844 0.316775 0.253618 0.429607
52832 0.090725 0.900788 0.008487
54726 0.738944 0.234215 0.026841
52790 0.045546 0.235468 0.718987
99602 0.187680 0.069723 0.742597
77530 0.668305 0.142654 0.189042
99605 0.077739 0.284019 0.638242
78130 0.131486 0.664054 0.204459
78260 0.270071 0.668297 0.061632
78275 0.157291 0.777842 0.064866
78739 0.569588 0.411740 0.018672
78274 0.370204 0.116920 0.512877
78217 0.214990 0.698807 0.086204
78654 0.186934 0.438098 0.374968
29102 0.258222 0.454301 0.287477
30347 0.255881 0.522422 0.221697
29104 0.232289 0.061767 0.705943
29056 0.049377 0.459389 0.491234
57226 0.118238 0.013656 0.868106
57181 0.166889 0.076620 0.756491
57243 0.445684 0.211963 0.342353
57212 0.571238 0.408122 0.020639
57179 0.842937 0.047788 0.109276
57241 0.039764 0.238094 0.722142
81415 0.198089 0.573543 0.228368
81382 0.730790 0.226889 0.042322
81349 0.771917 0.100227 0.127856
81379 0.248648 0.547374 0.203978
81390 0.527326 0.143385 0.329289
81422 0.362786 0.581996 0.055218
81275 0.109370 0.416482 0.474148
81262 0.624215 0.363069 0.012716
81264 0.437558 0.273389 0.289053
8938 0.125013 0.114934 0.760053
29156 0.353841 0.243796 0.402363
29119 0.399928 0.450117 0.149956
8939 0.153167 0.832167 0.014666
29159 0.561990 0.204341 0.233669
29135 0.023411 0.910993 0.065596
29116 0.599400 0.272465 0.128135
55751 0.170469 0.529185 0.300347
29150 0.275773 0.267917 0.456310
55758 0.125079 0.063868 0.811053
55757 0.347648 0.297179 0.355173
55717 0.397059 0.201046 0.401895
55728 0.563283 0.187649 0.249068
55709 0.344978 0.017357 0.637665
9270 0.054865 0.605264 0.339871
29164 0.703116 0.068791 0.228093
29136 0.161371 0.741419 0.097210
9262 0.430893 0.000000 0.569107
29141 0.497296 0.061381 0.441322
55846 0.085231 0.166892 0.747877
8943 0.250603 0.211868 0.537528
9337 0.129547 0.071761 0.798693
9188 0.537610 0.058462 0.403928
9204 0.459969 0.323253 0.216778
9308 0.028064 0.431406 0.540530
9264 0.329436 0.356562 0.314002
9343 0.033468 0.860368 0.106163
9299 0.174213 0.113696 0.712091
9236 0.082180 0.745187 0.172633
9202 0.112065 0.518044 0.369891
9242 0.430382 0.106389 0.463230
9167 0.255266 0.396433 0.348301
9253 0.083488 0.913562 0.002949
9249 0.287137 0.078837 0.634027
8980 0.263083 0.276116 0.460801
9260 0.374779 0.493184 0.132037
9219 0.589409 0.055487 0.355104
9252 0.094413 0.194995 0.710592
77536 0.686043 0.112332 0.201625
11803 0.714560 0.112317 0.173124
78700 0.253614 0.083481 0.662905
78771 0.630970 0.231354 0.137676
78701 0.513690 0.045843 0.440466
11749 0.128695 0.549042 0.322264
46511 0.252992 0.196202 0.550807
46518 0.215762 0.582764 0.201474
85421 0.055140 0.386714 0.558146
87293 0.336847 0.326965 0.336188
87273 0.160604 0.054738 0.784657
55831 0.694672 0.174415 0.130913
55825 0.454074 0.545926 0.000000
55733 0.457600 0.000000 0.542400
55829 0.370250 0.617212 0.012538
55741 0.000000 0.540042 0.459958
9794 0.060581 0.095313 0.844107
9752 0.143987 0.005832 0.850181
9748 0.474244 0.176712 0.349043
9800 0.591801 0.304130 0.104069
11783 0.361116 0.275016 0.363868
9666 0.483052 0.507864 0.009084
11778 0.459065 0.134455 0.406480
11735 0.043976 0.492903 0.463121
11724 0.219530 0.759062 0.021408
11716 0.230418 0.376594 0.392988
11727 0.152316 0.679938 0.167746
9736 0.280875 0.432716 0.286408
11652 0.359703 0.063548 0.576750
11659 0.476574 0.076052 0.447375
9637 0.490060 0.204114 0.305826
10093 0.190067 0.316929 0.493004
9747 0.543206 0.256637 0.200158
10136 0.436412 0.237980 0.325607
10108 0.093758 0.715509 0.190732
9812 0.226383 0.155832 0.617785
10132 0.524736 0.292124 0.183140
10107 0.715693 0.193751 0.090556
9022 0.449307 0.063519 0.487174
9817 0.446558 0.037735 0.515707
9030 0.497566 0.036387 0.466047
9015 0.002328 0.919816 0.077856
9032 0.849923 0.030508 0.119569
11769 0.381250 0.288016 0.330733
11696 0.145525 0.823197 0.031279
11687 0.329002 0.372880 0.298117
11919 0.703365 0.132266 0.164370
11682 0.813719 0.088904 0.097377
11913 0.703387 0.044049 0.252564
11628 0.155582 0.576010 0.268407
8955 0.071851 0.591381 0.336768
11807 0.466746 0.070294 0.462959
11759 0.494007 0.360980 0.145014
8959 0.175728 0.740322 0.083950
9132 0.498393 0.344010 0.157598
9146 0.279805 0.013919 0.706276
87109 0.565483 0.431378 0.003138
87258 0.072542 0.251607 0.675851
86652 0.536231 0.382553 0.081216
81322 0.485398 0.084097 0.430506
81369 0.295177 0.025111 0.679713
9729 0.310659 0.381132 0.308209
10065 0.773242 0.156741 0.070017
9684 0.186571 0.486511 0.326918
9717 0.060506 0.294743 0.644751
10059 0.141777 0.615692 0.242531
10080 0.138644 0.466289 0.395067
10087 0.413666 0.316631 0.269702
10055 0.247271 0.733329 0.019400
10083 0.449051 0.550069 0.000880
10086 0.466712 0.053982 0.479306
10130 0.191130 0.505874 0.302996
9631 0.316577 0.526685 0.156738
10021 0.466594 0.266399 0.267007
10045 0.028584 0.735566 0.235850
9612 0.525602 0.001339 0.473059
9616 0.191173 0.782933 0.025894
10014 0.087547 0.713663 0.198789
10005 0.130280 0.031503 0.838217
10052 0.352888 0.598675 0.048437
10036 0.015757 0.221148 0.763094
9991 0.080306 0.480595 0.439099
10030 0.603831 0.027865 0.368303
10037 0.239263 0.713796 0.046941
8879 0.454533 0.362992 0.182475
10070 0.330359 0.398032 0.271609
8883 0.545331 0.022521 0.432148
10073 0.017081 0.418089 0.564829
11607 0.616003 0.139650 0.244346
9627 0.854930 0.099189 0.045881
11591 0.974937 0.020261 0.004802
11582 0.740846 0.075603 0.183551
77763 0.000044 0.861764 0.138193
78523 0.203309 0.429106 0.367585
78545 0.155780 0.665060 0.179161
77625 0.773980 0.026183 0.199837
78476 0.876668 0.065930 0.057402
78517 0.415981 0.542292 0.041728
77587 0.086498 0.173419 0.740083
78462 0.428660 0.343995 0.227344
78499 0.415503 0.581045 0.003452
78508 0.600174 0.055710 0.344116
78519 0.018616 0.063597 0.917788
78562 0.579820 0.150046 0.270134
11860 0.496891 0.202347 0.300762
11878 0.579751 0.374433 0.045817
78552 0.612080 0.186131 0.201789
78547 0.147515 0.447832 0.404653
77772 0.214237 0.388437 0.397326
78602 0.318034 0.459870 0.222097
78584 0.257189 0.048280 0.694530
78613 0.725102 0.176437 0.098462
78621 0.139502 0.751139 0.109359
75575 0.647567 0.154301 0.198131
78446 0.490948 0.011281 0.497771
78456 0.269620 0.275414 0.454966
75351 0.636731 0.086214 0.277055
75360 0.790623 0.144860 0.064517
75441 0.324644 0.040050 0.635305
77615 0.279603 0.047099 0.673298
77614 0.683047 0.246503 0.070450
75568 0.074998 0.808977 0.116025
75583 0.175809 0.139229 0.684963
75556 0.675031 0.142069 0.182900
75551 0.742056 0.058960 0.198984
77749 0.533437 0.057757 0.408806
78599 0.214385 0.212745 0.572869
78659 0.195253 0.320391 0.484356
78647 0.790427 0.112170 0.097403
78719 0.057420 0.129736 0.812844
11768 0.353947 0.417812 0.228241
99733 0.114723 0.017092 0.868185
75503 0.747033 0.101792 0.151176
99731 0.614536 0.383143 0.002321
75531 0.351586 0.542562 0.105852
81455 0.544110 0.030830 0.425061
77379 0.644704 0.212555 0.142741
81451 0.353577 0.319824 0.326599
77366 0.585199 0.031764 0.383037
77377 0.653872 0.049882 0.296246
77414 0.436256 0.294213 0.269531
77391 0.246222 0.741041 0.012737
77464 0.292221 0.477638 0.230142
81295 0.707428 0.017137 0.275435
81442 0.466228 0.387957 0.145815
81251 0.743135 0.214933 0.041931
81314 0.011572 0.475760 0.512668
77242 0.087037 0.420172 0.492791
77261 0.295820 0.322468 0.381711
77357 0.505129 0.011570 0.483301
77363 0.600735 0.268183 0.131082
81273 0.462502 0.123541 0.413957
99726 0.731206 0.052180 0.216613
75529 0.594175 0.358710 0.047114
99591 0.774857 0.053321 0.171822
75270 0.143091 0.275028 0.581882
99654 0.028880 0.462271 0.508849
99648 0.275201 0.378698 0.346101
99643 0.296155 0.233642 0.470204
99642 0.454099 0.045686 0.500215
99581 0.221863 0.439359 0.338778
75147 0.440963 0.305836 0.253200
75150 0.431078 0.221019 0.347902
75328 0.183659 0.214939 0.601402
75129 0.442690 0.125284 0.432027
75142 0.248502 0.328798 0.422700
75293 0.318145 0.465012 0.216843
75302 0.158514 0.573827 0.267660
75342 0.260292 0.494114 0.245594
75312 0.183686 0.604827 0.211487
75410 0.208042 0.515559 0.276399
75229 0.497358 0.086933 0.415709
75166 0.287736 0.346018 0.366246
75117 0.043720 0.917509 0.038772
75243 0.709828 0.067146 0.223026
75236 0.508755 0.307152 0.184093
75170 0.033896 0.674443 0.291661
77337 0.181744 0.232588 0.585668
77497 0.373036 0.517817 0.109147
77320 0.271475 0.644662 0.083863
77473 0.187861 0.040697 0.771442
77476 0.321456 0.247962 0.430582
75214 0.170894 0.183909 0.645196
75199 0.403548 0.096627 0.499825
75367 0.868478 0.011573 0.119949
75259 0.249496 0.394597 0.355908
75398 0.152342 0.509060 0.338598
75396 0.002957 0.056713 0.940330
77489 0.243624 0.564231 0.192145
75173 0.169643 0.300370 0.529987
11578 0.565539 0.136286 0.298175
11554 0.941823 0.057919 0.000258
11612 0.524802 0.347680 0.127518
11868 0.405292 0.375116 0.219592
11823 0.173654 0.202388 0.623959
11848 0.516056 0.341791 0.142153
11495 0.657810 0.071595 0.270595
11343 0.881263 0.117220 0.001517
11363 0.434266 0.525605 0.040129
11371 0.408121 0.313958 0.277921
11558 0.087616 0.324460 0.587925
11604 0.096585 0.660571 0.242844
11500 0.574734 0.003037 0.422229
11538 0.475104 0.410053 0.114843
11125 0.610078 0.250013 0.139909
11127 0.140982 0.084601 0.774417
78492 0.491711 0.102029 0.406260
77557 0.054957 0.812838 0.132206
11519 0.169651 0.413558 0.416791
11522 0.071547 0.229357 0.699096
11145 0.419150 0.000485 0.580365
11144 0.451004 0.404357 0.144639
11322 0.166617 0.001634 0.831749
11326 0.149429 0.626641 0.223930
11093 0.100798 0.158426 0.740777
11259 0.393384 0.226776 0.379840
11298 0.339487 0.659175 0.001338
11081 0.128975 0.137557 0.733468
11068 0.729492 0.058221 0.212287
11098 0.159896 0.773128 0.066976
11072 0.027695 0.074142 0.898163
11107 0.120262 0.794834 0.084904
11178 0.208139 0.253381 0.538480
3662 0.096068 0.409809 0.494123
11161 0.783354 0.106457 0.110188
11227 0.133753 0.459493 0.406755
11205 0.003038 0.840373 0.156588
11200 0.473178 0.050651 0.476171
75222 0.124524 0.368407 0.507069
75177 0.212850 0.039172 0.747978
75048 0.255726 0.254471 0.489802
10998 0.243162 0.677145 0.079692
11021 0.006203 0.959372 0.034425
3640 0.779639 0.130289 0.090072
3666 0.632613 0.210177 0.157210
11250 0.272173 0.722815 0.005012
11291 0.236767 0.187954 0.575279
11272 0.076906 0.387845 0.535249
3653 0.184131 0.239424 0.576445
11057 0.216976 0.434778 0.348246
11392 0.389408 0.432242 0.178351
11449 0.582907 0.130656 0.286438
3723 0.186666 0.612316 0.201018
3726 0.529096 0.224591 0.246313
11470 0.115231 0.422178 0.462591
11453 0.444362 0.102871 0.452767
11483 0.083906 0.124581 0.791513
11482 0.275350 0.067169 0.657481
3644 0.511198 0.339670 0.149132
3645 0.398207 0.362219 0.239574
8853 0.014122 0.925056 0.060821
8716 0.319338 0.304775 0.375887
11155 0.287378 0.109169 0.603453
8688 0.368275 0.582907 0.048818
8712 0.208018 0.185622 0.606359
8720 0.026995 0.057260 0.915745
8690 0.179993 0.677991 0.142017
8678 0.091672 0.452465 0.455863
11044 0.534022 0.216979 0.248999
11046 0.686986 0.199464 0.113550
9585 0.296572 0.273895 0.429532
8680 0.090624 0.530150 0.379225
8657 0.274963 0.122607 0.602430
8674 0.073149 0.298178 0.628673
3704 0.239648 0.646738 0.113613
3713 0.591707 0.401079 0.007213
81221 0.039444 0.165344 0.795212
81239 0.681810 0.264508 0.053683
81248 0.331835 0.606918 0.061248
81365 0.688201 0.223008 0.088792
77369 0.061608 0.613559 0.324834
77374 0.439276 0.145946 0.414778
77313 0.307967 0.372644 0.319388
77436 0.444137 0.322678 0.233185
76765 0.006807 0.503461 0.489731
77235 0.394425 0.204840 0.400735
77331 0.231384 0.614009 0.154607
77353 0.233484 0.511896 0.254620
77342 0.160508 0.440736 0.398756
75068 0.307395 0.284237 0.408368
77257 0.444648 0.206810 0.348542
77265 0.561604 0.409037 0.029359
75115 0.693219 0.297156 0.009625
77308 0.180016 0.264862 0.555122
77319 0.202021 0.792725 0.005253
87041 0.647890 0.335682 0.016428
87069 0.033912 0.062675 0.903413
58396 0.427292 0.022210 0.550499
63316 0.581933 0.410844 0.007223
46337 0.060939 0.662107 0.276954
46420 0.004336 0.234160 0.761504
87163 0.000000 0.070883 0.929117
87198 0.631976 0.352831 0.015192
75094 0.073357 0.702486 0.224157
75419 0.467840 0.086169 0.445991
87276 0.560167 0.291904 0.147929
3733 0.400278 0.321158 0.278564
11464 0.123202 0.218049 0.658749
3730 0.305010 0.678819 0.016170
11461 0.212397 0.545521 0.242082
3706 0.245244 0.117596 0.637160
3689 0.706400 0.204731 0.088869
57139 0.232600 0.304415 0.462985
57149 0.504396 0.220672 0.274931
49433 0.007182 0.196104 0.796714
49431 0.136312 0.069614 0.794074
54677 0.906468 0.072145 0.021386
54694 0.253841 0.574768 0.171391
25706 0.318445 0.144791 0.536764
25181 0.321655 0.089730 0.588615
25690 0.149873 0.587618 0.262509
25691 0.131647 0.429057 0.439296
25888 0.317949 0.559751 0.122300
60746 0.017503 0.664120 0.318377
60757 0.761701 0.166504 0.071794
60741 0.703650 0.191496 0.104855
60570 0.409299 0.279015 0.311686
60520 0.148647 0.569162 0.282191
60549 0.248282 0.078929 0.672789
60509 0.033231 0.748044 0.218724
25694 0.214407 0.152179 0.633415
60704 0.126539 0.721687 0.151774
60747 0.104047 0.849100 0.046853
25705 0.474194 0.414808 0.110999
82385 0.107207 0.456309 0.436484
88345 0.471736 0.348434 0.179830
82770 0.595827 0.059548 0.344625
88368 0.726804 0.165392 0.107804
82817 0.201026 0.317394 0.481579
82943 0.677815 0.041784 0.280400
82479 0.429556 0.420528 0.149915
82475 0.102463 0.163540 0.733997
82354 0.140535 0.443705 0.415760
82430 0.336946 0.096197 0.566857
82294 0.328328 0.026765 0.644907
82332 0.609463 0.197004 0.193533
82759 0.791526 0.063322 0.145152
82673 0.302340 0.041461 0.656198
81243 0.053319 0.327272 0.619408
81204 0.074584 0.733682 0.191733
81217 0.723108 0.160942 0.115950
87444 0.607278 0.270774 0.121948
87437 0.265207 0.557743 0.177051
81212 0.328916 0.129174 0.541909
87418 0.642117 0.249152 0.108731
81233 0.460899 0.278896 0.260205
81304 0.253436 0.559602 0.186962
87456 0.552265 0.191315 0.256420
87461 0.394415 0.130259 0.475326
87332 0.173340 0.544356 0.282305
86983 0.070502 0.339648 0.589849
86996 0.878376 0.023450 0.098174
88734 0.061624 0.264390 0.673986
86978 0.672808 0.111701 0.215491
55495 0.364818 0.339790 0.295393
55464 0.342303 0.410230 0.247468
50113 0.614945 0.019532 0.365523
55484 0.585697 0.050892 0.363411
55447 0.838660 0.132634 0.028706
55368 0.285740 0.447476 0.266784
49666 0.032942 0.198194 0.768865
50046 0.186686 0.107617 0.705696
47156 0.048485 0.467322 0.484193
55452 0.864989 0.068215 0.066796
55382 0.176644 0.312147 0.511208
55381 0.002330 0.909504 0.088165
54366 0.323718 0.113219 0.563063
56047 0.415429 0.257004 0.327567
56022 0.604672 0.341674 0.053654
56453 0.268687 0.311947 0.419366
56377 0.063363 0.468873 0.467763
60415 0.394188 0.457478 0.148334
56466 0.399231 0.527254 0.073515
56147 0.170180 0.659631 0.170189
55994 0.251584 0.100118 0.648298
55456 0.303904 0.646546 0.049550
55405 0.160174 0.416504 0.423322
55356 0.011245 0.625116 0.363639
60506 0.040060 0.773590 0.186349
56467 0.065307 0.751809 0.182884
54446 0.301818 0.577656 0.120526
60542 0.528847 0.099755 0.371398
88710 0.067185 0.226760 0.706054
50611 0.528494 0.432960 0.038547
47469 0.425437 0.460113 0.114450
55810 0.535609 0.378117 0.086274
55858 0.088896 0.409637 0.501467
55836 0.457908 0.498257 0.043835
9341 0.118840 0.797561 0.083599
9078 0.061954 0.413239 0.524807
9141 0.355491 0.262160 0.382349
9036 0.291778 0.611156 0.097066
9018 0.149019 0.091359 0.759622
9070 0.278790 0.327880 0.393329
10139 0.013417 0.309924 0.676658
10118 0.617099 0.193154 0.189748
10117 0.037775 0.299307 0.662918
8882 0.074283 0.132386 0.793331
8846 0.541711 0.022561 0.435728
9272 0.885603 0.003038 0.111360
9315 0.646355 0.296340 0.057304
29144 0.208069 0.321437 0.470494
81227 0.051806 0.456547 0.491647
82750 0.694521 0.164256 0.141222
99655 0.694011 0.253246 0.052743
99609 0.354425 0.315495 0.330080
82912 0.498809 0.323821 0.177370
88392 0.602591 0.294934 0.102475
31155 0.330362 0.101802 0.567835
31168 0.326906 0.636822 0.036272
57350 0.327894 0.063770 0.608336
57361 0.175806 0.398790 0.425404
57354 0.278752 0.418311 0.302937
57359 0.328446 0.222946 0.448608
31191 0.440846 0.002111 0.557043
30969 0.019526 0.327543 0.652931
31193 0.404048 0.595778 0.000174
31195 0.352954 0.462865 0.184182
32671 0.744093 0.173286 0.082621
32681 0.383719 0.249620 0.366661
32694 0.246322 0.073412 0.680266
32697 0.536314 0.138268 0.325418
29704 0.625355 0.245653 0.128991
32718 0.304537 0.070742 0.624721
33203 0.197897 0.592630 0.209473
30867 0.132082 0.378186 0.489732
31105 0.176263 0.610385 0.213352
30906 0.664808 0.030749 0.304443
30975 0.034304 0.530869 0.434827
31054 0.506214 0.441243 0.052543
29936 0.218766 0.123160 0.658074
31061 0.258106 0.486759 0.255135
31071 0.229725 0.287903 0.482372
33176 0.109800 0.806109 0.084091
33173 0.541194 0.433486 0.025320
37546 0.494746 0.413634 0.091620
25474 0.013200 0.581907 0.404893
42855 0.071843 0.873137 0.055020
42881 0.039010 0.559235 0.401755
20260 0.807175 0.023132 0.169693
42759 0.212768 0.037291 0.749941
42801 0.562781 0.315398 0.121821
42754 0.229517 0.510417 0.260066
42809 0.114119 0.501670 0.384211
42764 0.051780 0.543598 0.404623
23935 0.873049 0.104894 0.022057
23934 0.322948 0.178051 0.499001
23898 0.201728 0.717685 0.080587
24915 0.280632 0.443035 0.276333
24907 0.438787 0.210103 0.351110
24905 0.162852 0.463184 0.373964
24936 0.099509 0.222307 0.678184
24924 0.335417 0.248077 0.416506
24812 0.921601 0.072614 0.005785
20073 0.107354 0.525021 0.367625
20063 0.276754 0.102048 0.621198
24986 0.099276 0.136473 0.764250
20053 0.375002 0.223384 0.401615
20020 0.409192 0.388879 0.201929
24932 0.005376 0.727560 0.267064
24946 0.499678 0.080165 0.420156
23943 0.021402 0.743537 0.235061
24020 0.036831 0.641046 0.322123
23890 0.349771 0.004149 0.646080
23967 0.036957 0.689947 0.273096
23787 0.291949 0.538113 0.169939
23759 0.376077 0.130799 0.493124
23886 0.113851 0.649166 0.236984
56426 0.464751 0.263818 0.271431
56428 0.058398 0.255598 0.686004
56540 0.312048 0.045620 0.642332
56542 0.146518 0.781293 0.072189
56614 0.423345 0.218897 0.357759
56584 0.793181 0.146330 0.060488
56748 0.619729 0.270325 0.109946
56732 0.085044 0.231194 0.683762
56790 0.516196 0.374946 0.108858
56785 0.557477 0.334493 0.108030
54550 0.248036 0.241179 0.510785
49763 0.282769 0.138920 0.578312
55920 0.641938 0.181187 0.176875
55919 0.151531 0.000000 0.848469
56088 0.041553 0.281489 0.676958
56080 0.065776 0.710838 0.223385
56173 0.196704 0.098076 0.705220
56167 0.715255 0.256821 0.027924
58946 0.042765 0.903403 0.053831
58907 0.099270 0.095077 0.805654
58882 0.034233 0.227107 0.738660
58930 0.380938 0.539243 0.079819
58888 0.175559 0.437890 0.386551
58737 0.027478 0.540662 0.431860
58975 0.760473 0.023138 0.216389
58834 0.248824 0.705170 0.046006
58781 0.007757 0.704074 0.288169
22964 0.154380 0.571510 0.274110
59099 0.743844 0.059220 0.196936
59109 0.386901 0.439508 0.173591
58843 0.168671 0.622106 0.209223
58996 0.511104 0.273054 0.215842
59004 0.088456 0.073466 0.838078
58991 0.475632 0.142700 0.381668
59013 0.125543 0.079379 0.795078
58625 0.117443 0.377936 0.504621
58572 0.539719 0.241304 0.218977
58531 0.269733 0.426797 0.303470
58584 0.029890 0.668131 0.301978
58924 0.554860 0.017842 0.427298
58872 0.408853 0.162196 0.428951
58964 0.493868 0.329282 0.176849
59022 0.683992 0.083284 0.232724
58598 0.226411 0.050479 0.723110
58624 0.019803 0.703770 0.276426
49964 0.105400 0.282415 0.612185
49941 0.641048 0.019949 0.339003
49791 0.009672 0.416971 0.573357
55121 0.106653 0.375595 0.517752
54802 0.244759 0.438243 0.316998
49913 0.379394 0.305378 0.315227
55040 0.148583 0.581865 0.269552
54808 0.002426 0.730391 0.267183
60058 0.268069 0.315061 0.416870
60132 0.158921 0.051507 0.789573
60214 0.605002 0.214054 0.180945
60232 0.091526 0.281698 0.626777
54921 0.643221 0.331057 0.025722
55065 0.697066 0.190432 0.112502
60263 0.280669 0.109875 0.609456
55140 0.058812 0.638957 0.302231
55156 0.038985 0.868202 0.092813
49390 0.009295 0.247537 0.743168
46754 0.080993 0.024878 0.894129
49334 0.629885 0.130589 0.239526
46808 0.175287 0.101031 0.723682
22890 0.110826 0.132196 0.756978
22894 0.275687 0.029769 0.694545
22996 0.064282 0.628173 0.307546
22773 0.723271 0.125424 0.151305
22968 0.233919 0.075476 0.690605
22980 0.619313 0.298654 0.082033
58799 0.187390 0.041641 0.770969
58793 0.027517 0.115325 0.857158
22959 0.018933 0.797230 0.183837
22720 0.109492 0.547079 0.343429
60011 0.590998 0.352561 0.056442
59983 0.109229 0.167946 0.722825
60033 0.072205 0.490437 0.437358
59999 0.075188 0.771863 0.152949
59987 0.451965 0.071840 0.476196
58633 0.398870 0.367954 0.233176
58682 0.438635 0.149077 0.412289
58649 0.452329 0.043913 0.503758
58738 0.606585 0.263774 0.129641
60112 0.540647 0.322257 0.137096
59966 0.313468 0.686283 0.000249
60152 0.523847 0.394607 0.081545
58877 0.647372 0.128435 0.224193
22877 0.399429 0.034684 0.565887
22694 0.360148 0.143365 0.496487
22885 0.355239 0.532918 0.111842
22887 0.757451 0.224717 0.017832
22825 0.331069 0.244189 0.424742
23550 0.065716 0.902223 0.032061
22876 0.212897 0.709150 0.077952
22875 0.738291 0.041464 0.220245
23671 0.034155 0.345063 0.620782
23675 0.833119 0.147780 0.019101
23641 0.229892 0.152926 0.617182
23707 0.302300 0.099593 0.598107
23704 0.199087 0.074295 0.726618
22912 0.008892 0.666833 0.324275
22917 0.044682 0.927106 0.028212
22769 0.148786 0.497550 0.353664
22744 0.665899 0.109076 0.225025
22898 0.489877 0.140642 0.369481
22999 0.013348 0.172141 0.814511
56892 0.120922 0.077508 0.801569
56842 0.447532 0.342085 0.210383
56980 0.564732 0.329238 0.106031
46832 0.067485 0.172358 0.760157
49486 0.103074 0.239579 0.657347
49722 0.046458 0.121652 0.831890
49308 0.214609 0.659579 0.125812
49952 0.446110 0.539179 0.014711
49897 0.373051 0.497561 0.129388
42774 0.511597 0.246176 0.242227
42779 0.159775 0.634151 0.206074
42768 0.555709 0.182735 0.261556
42668 0.486735 0.463468 0.049797
29818 0.310620 0.549085 0.140295
29914 0.052734 0.184874 0.762391
29852 0.859838 0.112403 0.027759
29928 0.662158 0.180141 0.157701
29719 0.471193 0.001298 0.527508
29725 0.010776 0.282302 0.706922
57202 0.058552 0.085194 0.856254
57198 0.037009 0.268825 0.694167
57200 0.086048 0.687370 0.226582
57207 0.293481 0.341292 0.365227
57216 0.370221 0.352581 0.277198
57187 0.492043 0.146823 0.361134
57086 0.334583 0.415828 0.249588
23638 0.323210 0.049082 0.627708
23592 0.130729 0.003546 0.865725
23656 0.074971 0.574320 0.350709
23651 0.416119 0.425711 0.158170
23434 0.626895 0.004303 0.368802
23492 0.540295 0.065029 0.394676
23827 0.431016 0.091710 0.477275
23898 0.905137 0.003830 0.091033
23833 0.036552 0.708298 0.255150
31209 0.119353 0.596588 0.284059
31210 0.038291 0.351564 0.610145
31211 0.024887 0.133626 0.841487
31212 0.732013 0.079062 0.188925
57365 0.011099 0.162514 0.826387
57365 0.772290 0.010224 0.217486
57205 0.519358 0.062468 0.418175
57367 0.078319 0.212528 0.709153
57235 0.757148 0.240197 0.002654
57237 0.220265 0.059383 0.720352
55726 0.325481 0.085152 0.589367
57223 0.033606 0.050477 0.915916
31043 0.092426 0.813539 0.094035
31053 0.020220 0.974131 0.005649
31235 0.406926 0.546782 0.046293
31236 0.615871 0.202067 0.182062
31224 0.652092 0.189604 0.158304
29688 0.742417 0.061468 0.196116
31239 0.272182 0.124128 0.603690
30972 0.276005 0.326101 0.397894
31023 0.158839 0.692671 0.148489
31029 0.108109 0.882082 0.009809
31016 0.736880 0.159234 0.103887
31037 0.233239 0.050334 0.716427
31041 0.190758 0.438015 0.371227
31049 0.584288 0.162951 0.252761
31098 0.361990 0.196291 0.441719
31125 0.056067 0.880327 0.063606
30964 0.003101 0.320675 0.676224
31011 0.877593 0.018219 0.104188
31128 0.134983 0.433380 0.431637
31136 0.050731 0.134462 0.814807
31000 0.302820 0.416175 0.281005
31002 0.251339 0.473384 0.275277
31082 0.230911 0.279368 0.489721
29953 0.146167 0.418920 0.434913
31109 0.407947 0.534321 0.057732
29970 0.408088 0.083475 0.508437
32882 0.108357 0.408120 0.483523
32818 0.231462 0.304678 0.463860
29944 0.295010 0.307224 0.397766
32919 0.150198 0.651596 0.198206
58515 0.259004 0.536036 0.204960
58511 0.222907 0.071695 0.705398
58498 0.233237 0.334769 0.431995
58704 0.114140 0.617787 0.268074
58711 0.485832 0.181796 0.332372
56637 0.310941 0.130562 0.558497
55706 0.471171 0.206561 0.322268
56641 0.579521 0.290116 0.130364
7475 0.378391 0.177324 0.444285
7431 0.406347 0.046765 0.546888
7414 0.596776 0.346362 0.056862
7267 0.208461 0.357302 0.434238
7438 0.113423 0.312398 0.574178
7409 0.264195 0.672338 0.063467
7304 0.320122 0.406442 0.273436
7441 0.624862 0.010715 0.364422
7418 0.593790 0.172162 0.234048
7253 0.264162 0.269099 0.466739
7952 0.232728 0.204240 0.563032
7976 0.772274 0.221530 0.006196
7129 0.658750 0.109448 0.231802
7166 0.391760 0.324375 0.283865
7154 0.069971 0.748964 0.181066
7541 0.225824 0.617389 0.156787
7548 0.155133 0.675237 0.169630
7548 0.762813 0.037686 0.199501
7334 0.493700 0.237828 0.268472
7337 0.112073 0.398146 0.489781
7377 0.554769 0.098353 0.346878
7318 0.604958 0.290811 0.104231
7357 0.088787 0.594670 0.316543
7355 0.189415 0.015028 0.795558
7368 0.470066 0.216036 0.313898
7278 0.336426 0.350896 0.312678
7289 0.321624 0.132953 0.545423
32877 0.471078 0.214190 0.314732
32859 0.346333 0.456990 0.196677
7230 0.581169 0.166560 0.252271
32850 0.253305 0.291526 0.455169
32844 0.138963 0.419164 0.441873
7226 0.098488 0.071224 0.830288
7211 0.006123 0.728783 0.265094
7463 0.724936 0.180148 0.094916
7802 0.378005 0.025404 0.596591
29978 0.184802 0.609368 0.205830
32947 0.402603 0.036907 0.560491
7660 0.834672 0.043719 0.121610
7574 0.200165 0.044452 0.755383
22682 0.085638 0.002298 0.912064
22807 0.561740 0.321343 0.116917
22864 0.316511 0.070189 0.613300
23337 0.161386 0.028529 0.810085
23358 0.132311 0.378810 0.488879
7198 0.333975 0.275734 0.390291
7185 0.406449 0.368942 0.224610
7534 0.181749 0.029355 0.788895
7530 0.584254 0.124573 0.291173
7520 0.540379 0.390945 0.068676
8785 0.199999 0.164990 0.635011
7538 0.858737 0.116429 0.024835
8832 0.793001 0.034101 0.172898
8821 0.207336 0.694645 0.098019
8848 0.062151 0.043246 0.894603
7551 0.898919 0.096962 0.004119
7489 0.192833 0.197179 0.609988
7481 0.403109 0.452080 0.144811
7506 0.012844 0.296418 0.690738
7490 0.067520 0.679438 0.253041
8782 0.625990 0.133363 0.240647
7908 0.008408 0.128670 0.862923
9989 0.157537 0.564681 0.277782
8798 0.221089 0.440550 0.338361
8810 0.295159 0.618348 0.086493
8825 0.056831 0.732798 0.210371
8828 0.298040 0.574527 0.127433
7141 0.723928 0.171362 0.104710
7353 0.335704 0.122126 0.542169
7146 0.106642 0.478640 0.414718
7479 0.777864 0.138958 0.083178
33257 0.890058 0.063640 0.046302
33229 0.014581 0.645890 0.339529
33223 0.191582 0.553958 0.254460
33479 0.422173 0.313649 0.264178
33421 0.560799 0.252414 0.186787
33414 0.178673 0.498066 0.323261
33498 0.008356 0.907803 0.083841
33490 0.606313 0.092535 0.301152
33426 0.120029 0.424605 0.455366
33449 0.189990 0.380495 0.429515
33468 0.122596 0.712109 0.165296
33511 0.106423 0.551818 0.341758
33526 0.400260 0.223669 0.376071
32820 0.681679 0.091271 0.227049
32772 0.342139 0.560554 0.097307
32773 0.020965 0.859827 0.119207
33263 0.832092 0.111307 0.056601
32703 0.055927 0.550259 0.393814
33253 0.549433 0.423463 0.027104
32789 0.360215 0.056519 0.583266
32807 0.328740 0.129145 0.542115
33164 0.386731 0.043361 0.569908
33156 0.333441 0.003276 0.663283
33320 0.298960 0.576983 0.124057
33314 0.107428 0.195189 0.697383
33333 0.269593 0.384935 0.345472
33326 0.512927 0.405124 0.081949
33217 0.616547 0.038447 0.345006
33211 0.961807 0.029666 0.008527
33178 0.360285 0.078504 0.561211
33154 0.395360 0.168178 0.436463
33147 0.234135 0.076478 0.689387
33146 0.264144 0.477710 0.258146
33200 0.796747 0.090472 0.112781
32710 0.087845 0.240866 0.671289
32805 0.566987 0.023046 0.409968
32799 0.154971 0.836450 0.008578
32816 0.617293 0.133393 0.249314
32931 0.171323 0.523574 0.305103
42867 0.461850 0.289755 0.248395
43075 0.022787 0.232580 0.744632
37512 0.589751 0.203976 0.206273
37516 0.450990 0.306538 0.242472
24987 0.052849 0.407582 0.539568
28777 0.285846 0.638958 0.075197
20251 0.173738 0.115830 0.710431
24864 0.216432 0.668999 0.114569
19994 0.341345 0.193259 0.465395
42646 0.069281 0.879467 0.051252
42750 0.177008 0.667290 0.155702
42803 0.065344 0.327570 0.607086
24778 0.110822 0.295267 0.593910
24607 0.214511 0.758424 0.027065
28692 0.715717 0.264910 0.019372
28688 0.147866 0.146011 0.706123
28711 0.071733 0.447739 0.480529
28832 0.520988 0.316258 0.162754
28776 0.120121 0.225453 0.654426
28849 0.238905 0.032330 0.728765
23877 0.461002 0.218196 0.320801
43060 0.312578 0.615752 0.071670
43051 0.693941 0.288700 0.017359
37495 0.201373 0.646778 0.151849
37493 0.703955 0.244736 0.051310
42831 0.001243 0.287734 0.711023
42847 0.059635 0.220807 0.719559
42841 0.705312 0.059730 0.234958
42840 0.360079 0.033312 0.606609
42839 0.048558 0.778651 0.172791
42972 0.687193 0.275908 0.036899
42919 0.117572 0.593420 0.289008
37521 0.345199 0.254912 0.399889
37385 0.456748 0.171576 0.371676
37534 0.921064 0.058018 0.020918
37406 0.441602 0.533191 0.025207
37455 0.848729 0.002698 0.148574
33037 0.824325 0.161257 0.014418
33273 0.326096 0.283307 0.390597
33294 0.556438 0.179728 0.263834
37355 0.623721 0.190155 0.186124
37462 0.167217 0.451924 0.380859
37339 0.277139 0.504423 0.218438
37439 0.930761 0.057909 0.011330
37262 0.303393 0.485525 0.211082
37395 0.929794 0.054874 0.015332
37234 0.051654 0.155963 0.792383
32744 0.358186 0.508563 0.133250
37245 0.525343 0.451675 0.022982
37183 0.234747 0.668887 0.096366
37213 0.099367 0.334786 0.565847
6467 0.059410 0.105853 0.834737
6493 0.077644 0.578887 0.343469
6504 0.283489 0.578087 0.138424
37360 0.084133 0.434985 0.480882
6486 0.789091 0.007149 0.203759
33053 0.203160 0.668860 0.127979
37299 0.331399 0.511057 0.157544
37310 0.153951 0.171482 0.674568
7948 0.230029 0.470821 0.299150
7928 0.128696 0.503483 0.367821
7220 0.083209 0.086099 0.830692
7171 0.592507 0.168977 0.238516
7911 0.199791 0.481330 0.318878
33399 0.174879 0.520155 0.304966
7099 0.339720 0.007625 0.652654
7052 0.057454 0.740944 0.201602
7111 0.083072 0.620748 0.296180
7041 0.134335 0.758749 0.106916
7335 0.550957 0.314538 0.134505
7124 0.548324 0.171000 0.280676
7284 0.375515 0.301081 0.323404
7229 0.198538 0.228314 0.573148
7290 0.087052 0.033102 0.879845
7261 0.480218 0.199265 0.320517
33391 0.421883 0.295096 0.283021
33382 0.640573 0.079795 0.279633
7300 0.152594 0.314273 0.533133
7260 0.607315 0.358519 0.034166
7407 0.176258 0.466247 0.357495
6968 0.288962 0.282324 0.428714
7030 0.563215 0.010699 0.426086
7019 0.371566 0.529987 0.098448
7069 0.110016 0.618449 0.271534
7058 0.066853 0.691211 0.241936
7083 0.199492 0.485662 0.314847
7759 0.490980 0.438881 0.070138
6919 0.739629 0.225173 0.035199
6918 0.479922 0.103672 0.416406
7772 0.624618 0.090990 0.284392
6938 0.049765 0.932374 0.017861
6260 0.267897 0.262100 0.470002
7595 0.323993 0.199455 0.476553
6198 0.161318 0.255380 0.583302
6264 0.017726 0.804976 0.177298
6199 0.054215 0.060808 0.884978
6213 0.232209 0.245788 0.522003
37336 0.033760 0.192702 0.773538
6472 0.164196 0.728257 0.107548
6447 0.359409 0.114183 0.526408
6151 0.436424 0.185852 0.377725
6145 0.755433 0.058978 0.185589
6228 0.294525 0.427221 0.278255
6313 0.278052 0.628367 0.093581
6321 0.219364 0.406985 0.373651
7016 0.052909 0.725940 0.221151
33375 0.422747 0.110491 0.466763
6254 0.055852 0.141957 0.802191
7701 0.837955 0.043214 0.118832
7606 0.326092 0.411426 0.262482
6886 0.385144 0.234493 0.380362
7668 0.676096 0.221072 0.102832
6891 0.235191 0.098588 0.666221
6923 0.353868 0.313024 0.333108
7721 0.616130 0.009635 0.374235
6895 0.086880 0.042722 0.870398
6904 0.063686 0.762061 0.174253
6238 0.118705 0.346246 0.535049
6305 0.724438 0.001408 0.274154
6986 0.791774 0.124017 0.084209
6977 0.041277 0.555006 0.403718
7000 0.437558 0.388292 0.174150
6995 0.595442 0.054100 0.350458
6998 0.785835 0.140621 0.073544
8695 0.415981 0.238430 0.345588
6946 0.415093 0.354852 0.230055
6965 0.375278 0.270858 0.353864
8660 0.186420 0.752541 0.061038
8673 0.644592 0.035577 0.319831
6294 0.003442 0.734123 0.262435
6300 0.305111 0.056741 0.638147
23413 0.241666 0.355141 0.403193
23409 0.429971 0.301943 0.268086
28675 0.184981 0.555575 0.259444
23357 0.261324 0.285342 0.453334
28842 0.254855 0.459446 0.285699
32639 0.194315 0.468135 0.337550
24871 0.071454 0.493462 0.435084
42635 0.419686 0.115661 0.464652
28696 0.414507 0.584899 0.000594
28755 0.178316 0.535913 0.285770
42916 0.497231 0.369108 0.133661
37224 0.114745 0.096698 0.788557
42898 0.754887 0.144760 0.100353
42907 0.306813 0.316533 0.376654
28835 0.239046 0.307256 0.453698
32621 0.113687 0.386214 0.500099
42926 0.112458 0.656168 0.231375
32642 0.692648 0.244467 0.062885
32741 0.557919 0.146467 0.295614
22709 0.142518 0.673008 0.184474
22655 0.043785 0.905607 0.050608
46974 0.380757 0.139339 0.479904
69896 0.379220 0.369361 0.251419
64298 0.150941 0.283598 0.565461
64315 0.071486 0.080989 0.847525
58767 0.060203 0.596987 0.342810
22627 0.104475 0.668234 0.227292
43042 0.701187 0.213252 0.085561
33369 0.368937 0.231503 0.399560
58685 0.467853 0.015938 0.516209
9367 0.596702 0.097825 0.305473
8651 0.424431 0.048678 0.526891
3690 0.396021 0.255400 0.348579
57080 0.057882 0.841371 0.100747
49367 0.583370 0.330427 0.086203
49849 0.489993 0.412817 0.097190
56773 0.120372 0.083750 0.795878
56177 0.334086 0.239921 0.425993
56181 0.514385 0.380212 0.105403
56158 0.761555 0.056318 0.182126
56072 0.327074 0.250662 0.422264
56084 0.320777 0.030036 0.649188
55959 0.076678 0.038551 0.884770
50250 0.369816 0.143969 0.486214
50405 0.070373 0.146020 0.783607
50412 0.547807 0.225331 0.226861
50358 0.486816 0.464819 0.048365
50373 0.113716 0.513208 0.373076
56760 0.528730 0.249183 0.222087
56136 0.717239 0.163777 0.118985
56580 0.230717 0.108751 0.660532
56794 0.027885 0.342757 0.629358
19632 0.232001 0.278072 0.489927
20085 0.059722 0.361196 0.579082
20029 0.061585 0.363507 0.574908
20103 0.479312 0.321293 0.199395
20109 0.022519 0.027861 0.949620
