1440 0.083956 0.575546 0.340498
1440 0.021287 0.459130 0.519583
1440 0.111777 0.337046 0.551177
1440 0.031597 0.676599 0.291804
1434 0.488579 0.293154 0.218267
1434 0.203061 0.566011 0.230928
1440 0.174167 0.199972 0.625861
1434 0.662605 0.228623 0.108772
1382 0.088629 0.908877 0.002494
1497 0.071836 0.517603 0.410561
1434 0.921664 0.056997 0.021339
1382 0.466686 0.305902 0.227412
360 0.006379 0.665477 0.328144
1440 0.226002 0.045450 0.728547
1498 0.002684 0.720416 0.276900
2389 0.032766 0.062343 0.904891
362 0.394685 0.441713 0.163603
2389 0.225928 0.539471 0.234600
360 0.162248 0.572535 0.265217
1440 0.116604 0.739675 0.143722
1434 0.024781 0.734058 0.241161
360 0.365340 0.412331 0.222328
1430 0.945138 0.041487 0.013375
349 0.005899 0.978422 0.015679
349 0.335698 0.262460 0.401842
349 0.287873 0.288002 0.424125
1430 0.904811 0.091715 0.003474
349 0.243361 0.306917 0.449721
1422 0.354553 0.374779 0.270668
1422 0.319693 0.395902 0.284405
1422 0.389405 0.349313 0.261281
349 0.110673 0.376332 0.512995
1445 0.779324 0.008243 0.212433
1422 0.224108 0.473019 0.302873
1440 0.117259 0.805128 0.077613
1450 0.653876 0.085721 0.260402
1431 0.284891 0.228487 0.486622
1431 0.317425 0.195399 0.487176
1431 0.252814 0.260612 0.486574
349 0.066383 0.394278 0.539339
1422 0.189396 0.493782 0.316823
1445 0.733894 0.014090 0.252016
1431 0.167275 0.353921 0.478803
349 0.020966 0.410679 0.568355
1422 0.155158 0.512961 0.331881
1445 0.686700 0.019366 0.293934
1431 0.134933 0.385723 0.479344
1430 0.318087 0.126457 0.555456
1445 0.550558 0.046052 0.403389
1422 0.061214 0.583773 0.355014
1431 0.102365 0.417330 0.480305
1387 0.507091 0.323321 0.169588
1470 0.122271 0.519030 0.358699
1467 0.005592 0.976764 0.017644
1431 0.015035 0.509501 0.475463
360 0.506723 0.317113 0.176164
1440 0.091913 0.872080 0.036007
1450 0.528115 0.180406 0.291478
1421 0.078278 0.356437 0.565284
1421 0.111607 0.313711 0.574683
1421 0.151114 0.271487 0.577398
1421 0.244807 0.153099 0.602094
1445 0.503208 0.050779 0.446013
1430 0.265865 0.171565 0.562570
1422 0.027277 0.598929 0.373794
1432 0.448586 0.122686 0.428728
1432 0.474754 0.129935 0.395311
1432 0.504473 0.133704 0.361823
1432 0.372790 0.103970 0.523240
1421 0.284705 0.111103 0.604192
1421 0.323691 0.070496 0.605813
1432 0.348323 0.095026 0.556651
1445 0.452507 0.545042 0.002450
1430 0.238439 0.263055 0.498506
1429 0.407256 0.589929 0.002814
1445 0.457548 0.038868 0.503584
360 0.611076 0.231180 0.157744
1432 0.327527 0.082891 0.589583
351 0.474881 0.085437 0.439682
1382 0.140095 0.141585 0.718320
360 0.312826 0.010782 0.676392
2103 0.074996 0.472075 0.452929
1440 0.055109 0.937869 0.007022
1450 0.405782 0.267018 0.327200
1451 0.078380 0.607732 0.313889
1445 0.408696 0.542158 0.049146
1432 0.266335 0.051716 0.681949
1430 0.079189 0.396162 0.524649
1445 0.323733 0.073357 0.602910
1429 0.363861 0.312444 0.323695
1429 0.320056 0.065471 0.614473
1429 0.372982 0.392861 0.234156
1429 0.382305 0.450676 0.167019
1445 0.285183 0.542520 0.172297
351 0.326155 0.167973 0.505872
1378 0.529786 0.130918 0.339296
2389 0.752037 0.207426 0.040537
360 0.708364 0.145810 0.145826
351 0.192018 0.240497 0.567484
1428 0.053390 0.599341 0.347269
1432 0.246936 0.037974 0.715090
351 0.107672 0.796290 0.096038
1430 0.002633 0.507975 0.489392
1445 0.237002 0.085983 0.677015
1444 0.973545 0.021922 0.004533
1450 0.290297 0.348074 0.361629
1451 0.203043 0.589363 0.207594
1428 0.094218 0.555663 0.350119
1431 0.240594 0.743703 0.015703
1453 0.602303 0.240802 0.156895
1428 0.139000 0.509250 0.351750
1445 0.203345 0.534467 0.262188
1378 0.442346 0.198294 0.359360
1431 0.134777 0.815835 0.049388
1428 0.261863 0.378668 0.359469
352 0.433013 0.057191 0.509795
1444 0.023139 0.152996 0.823865
1445 0.089639 0.094507 0.815854
1446 0.167364 0.168684 0.663952
1446 0.153537 0.149378 0.697085
1446 0.135236 0.135744 0.729020
1446 0.203933 0.227662 0.568405
1445 0.082761 0.539253 0.377987
1446 0.215973 0.249101 0.534926
1428 0.355681 0.283216 0.361104
1446 0.224256 0.273533 0.502211
1444 0.800461 0.045675 0.153864
1451 0.373354 0.572611 0.054035
1450 0.118821 0.481623 0.399555
1378 0.351930 0.274967 0.373103
360 0.845457 0.028106 0.126437
1431 0.055715 0.870899 0.073386
1446 0.245938 0.343494 0.410567
1453 0.495386 0.329335 0.175279
1428 0.533692 0.100330 0.365978
1452 0.326904 0.474067 0.199030
1444 0.446994 0.101518 0.451488
1453 0.054587 0.794083 0.151330
1413 0.699713 0.165598 0.134689
1413 0.744233 0.164729 0.091038
1413 0.787683 0.165681 0.046635
358 0.109229 0.087620 0.803151
1444 0.203313 0.602171 0.194516
358 0.180711 0.041622 0.777667
1431 0.002343 0.920314 0.077343
359 0.006075 0.241935 0.751989
1446 0.254079 0.371918 0.374003
359 0.301098 0.157409 0.541493
1454 0.417681 0.208100 0.374220
1446 0.222050 0.446288 0.331662
1462 0.829518 0.142266 0.028216
359 0.406204 0.131070 0.462726
1454 0.180968 0.749427 0.069605
1446 0.203695 0.562810 0.233495
1453 0.325375 0.493992 0.180633
359 0.502157 0.107202 0.390641
1470 0.167095 0.064946 0.767959
1470 0.611427 0.212846 0.175727
1495 0.136823 0.371548 0.491629
1480 0.342380 0.301805 0.355815
359 0.756538 0.033007 0.210455
1378 0.257422 0.393674 0.348904
359 0.850578 0.008752 0.140670
1455 0.800671 0.000106 0.199223
350 0.094904 0.034597 0.870499
1446 0.201004 0.627714 0.171282
350 0.010626 0.186628 0.802746
1454 0.234751 0.525761 0.239488
1462 0.565863 0.078634 0.355503
1462 0.311231 0.031601 0.657168
1378 0.201058 0.464704 0.334239
1380 0.148864 0.206208 0.644928
1379 0.902832 0.032481 0.064686
1386 0.292936 0.443130 0.263935
334 0.011574 0.585485 0.402942
1446 0.238271 0.718455 0.043274
1455 0.471819 0.044344 0.483837
1433 0.318565 0.638854 0.042581
1433 0.338837 0.593325 0.067838
1448 0.664120 0.282940 0.052940
1448 0.727895 0.136338 0.135767
1448 0.749444 0.085843 0.164713
1448 0.779675 0.056478 0.163847
353 0.133929 0.016758 0.849312
334 0.224266 0.423999 0.351735
1446 0.371589 0.334710 0.293701
1446 0.296015 0.348145 0.355840
353 0.091556 0.030791 0.877653
1455 0.293827 0.087669 0.618505
1378 0.030595 0.667423 0.301982
1455 0.571918 0.288308 0.139774
353 0.057524 0.048876 0.893600
1446 0.403847 0.358058 0.238095
1446 0.463213 0.386714 0.150073
336 0.054309 0.059705 0.885985
354 0.870238 0.000000 0.129762
1455 0.382142 0.309117 0.308741
334 0.300750 0.366333 0.332917
1462 0.093251 0.635423 0.271327
1446 0.508617 0.439970 0.051413
358 0.461825 0.211834 0.326341
358 0.532523 0.163928 0.303549
358 0.596866 0.118429 0.284705
359 0.016132 0.744550 0.239317
365 0.328412 0.230834 0.440754
1496 0.852755 0.097144 0.050100
1479 0.153688 0.659600 0.186712
359 0.124046 0.713164 0.162790
359 0.232328 0.683860 0.083812
354 0.771964 0.000000 0.228036
334 0.407147 0.282074 0.310779
1375 0.566069 0.349738 0.084192
1375 0.098644 0.352738 0.548618
1375 0.520372 0.347323 0.132305
1375 0.478331 0.345756 0.175912
1446 0.540554 0.459446 0.000000
1375 0.356926 0.356986 0.286088
1483 0.383422 0.459542 0.157036
1375 0.315647 0.355652 0.328701
1375 0.174691 0.354619 0.470690
1375 0.278603 0.352062 0.369334
354 0.610196 0.000000 0.389804
334 0.434996 0.241992 0.323012
354 0.407808 0.000000 0.592192
1391 0.546568 0.453432 0.000000
354 0.314075 0.000000 0.685925
334 0.537171 0.191709 0.271120
353 0.822642 0.098494 0.078863
353 0.874005 0.073090 0.052906
353 0.770153 0.120381 0.109466
353 0.615798 0.181102 0.203099
353 0.565911 0.208287 0.225802
353 0.514059 0.208626 0.277315
353 0.381760 0.219114 0.399126
334 0.625899 0.036561 0.337540
353 0.341013 0.229945 0.429043
353 0.304298 0.240519 0.455183
353 0.204987 0.263367 0.531646
1379 0.275790 0.432491 0.291719
1381 0.184387 0.432334 0.383278
1379 0.185997 0.333296 0.480707
353 0.132441 0.290683 0.576875
1385 0.035006 0.880780 0.084214
1374 0.107756 0.563963 0.328281
353 0.011008 0.337331 0.651661
1379 0.146846 0.155781 0.697372
1443 0.079623 0.531322 0.389055
1374 0.248131 0.411011 0.340857
1443 0.136451 0.467471 0.396078
336 0.367108 0.347107 0.285786
1374 0.328526 0.343515 0.327958
1483 0.137653 0.474238 0.388109
1482 0.440904 0.107561 0.451535
365 0.229679 0.472073 0.298247
1496 0.547553 0.266749 0.185699
1374 0.431050 0.234342 0.334608
1374 0.469249 0.201207 0.329543
1374 0.511410 0.162013 0.326577
1374 0.630672 0.028889 0.340439
333 0.030809 0.153123 0.816068
333 0.080497 0.130989 0.788514
333 0.129960 0.111960 0.758080
1372 0.103090 0.843509 0.053401
333 0.273665 0.044305 0.682030
333 0.322799 0.024440 0.652761
1379 0.129220 0.056460 0.814319
1370 0.009788 0.853116 0.137096
1370 0.080040 0.819796 0.100164
1392 0.725872 0.180150 0.093978
1391 0.361145 0.106431 0.532425
1438 0.557051 0.290337 0.152612
353 0.557515 0.244986 0.197498
1438 0.528184 0.322673 0.149143
1438 0.502213 0.353554 0.144233
1438 0.437396 0.431038 0.131566
1438 0.381066 0.500438 0.118496
1438 0.286773 0.615049 0.098178
1377 0.079985 0.042826 0.877189
1438 0.703279 0.219000 0.077721
1449 0.112853 0.281313 0.605835
1438 0.862444 0.038435 0.099121
1438 0.171503 0.741833 0.086664
1438 0.648282 0.273187 0.078532
365 0.197747 0.548700 0.253552
1482 0.380623 0.150423 0.468954
1483 0.082137 0.443277 0.474586
1438 0.623305 0.275157 0.101539
1496 0.320839 0.364972 0.314188
1438 0.125687 0.746465 0.127848
332 0.837503 0.107936 0.054561
1438 0.546961 0.349595 0.103445
1482 0.231140 0.253240 0.515620
1484 0.660495 0.276126 0.063379
365 0.092939 0.793384 0.113677
1496 0.018641 0.023597 0.957762
372 0.515789 0.037715 0.446496
1438 0.517984 0.382333 0.099683
1391 0.061613 0.501870 0.436517
1438 0.492084 0.414950 0.092966
1438 0.427418 0.498635 0.073947
333 0.700508 0.292407 0.007085
1438 0.371939 0.572160 0.055900
333 0.614233 0.331535 0.054231
1438 0.280098 0.698584 0.021318
333 0.504407 0.387432 0.108161
1353 0.247560 0.050533 0.701907
1377 0.859824 0.108209 0.031968
1377 0.588009 0.230281 0.181710
1506 0.014258 0.831484 0.154257
1482 0.012657 0.383079 0.604264
1489 0.196305 0.761041 0.042654
1449 0.000000 0.828854 0.171146
333 0.464434 0.404655 0.130912
333 0.421133 0.420839 0.158028
1372 0.033810 0.452039 0.514150
333 0.011564 0.554737 0.433698
1372 0.157682 0.445458 0.396860
333 0.296936 0.472898 0.230167
333 0.060391 0.542874 0.396735
1372 0.207679 0.503642 0.288679
1372 0.239465 0.578131 0.182404
333 0.204052 0.501900 0.294048
372 0.360059 0.402831 0.237110
333 0.252750 0.488605 0.258645
1438 0.111979 0.886236 0.001785
1388 0.071637 0.446008 0.482355
1377 0.399721 0.330942 0.269337
1449 0.132791 0.557219 0.309990
1449 0.122837 0.482244 0.394919
1449 0.102654 0.570731 0.326615
1449 0.100773 0.594975 0.304252
1390 0.433073 0.077890 0.489037
1449 0.100117 0.658605 0.241278
1372 0.247225 0.293789 0.458986
1449 0.093656 0.707146 0.199198
1508 0.135440 0.569215 0.295344
1617 0.398862 0.261162 0.339975
1617 0.459815 0.202664 0.337521
1617 0.368132 0.291877 0.339992
1449 0.090943 0.790775 0.118282
1617 0.342815 0.332194 0.324991
1388 0.635797 0.233385 0.130818
1449 0.052636 0.866942 0.080422
1617 0.297738 0.385380 0.316882
1369 0.309147 0.667635 0.023218
1490 0.214472 0.505009 0.280519
1491 0.232317 0.586060 0.181622
1506 0.051105 0.193445 0.755450
1617 0.053669 0.104819 0.841512
1377 0.219017 0.376677 0.404306
1508 0.711374 0.184833 0.103793
1617 0.274571 0.404934 0.320496
1617 0.254457 0.423557 0.321986
326 0.030290 0.060438 0.909273
1617 0.216583 0.463242 0.320175
1508 0.229457 0.236882 0.533661
1377 0.084236 0.479077 0.436687
1617 0.180885 0.487459 0.331656
1372 0.067089 0.214101 0.718810
1372 0.035547 0.157682 0.806772
1617 0.134597 0.486120 0.379283
333 0.003568 0.879679 0.116753
332 0.141006 0.085780 0.773214
1400 0.507163 0.392535 0.100301
1377 0.020753 0.531406 0.447841
1369 0.051274 0.940598 0.008129
332 0.369919 0.494801 0.135280
332 0.174554 0.159850 0.665596
1617 0.072938 0.490017 0.437045
332 0.205403 0.217414 0.577183
332 0.309221 0.399673 0.291106
332 0.339813 0.453330 0.206857
1617 0.018861 0.664984 0.316155
1400 0.051544 0.809561 0.138895
1506 0.585708 0.049666 0.364626
1491 0.567622 0.357160 0.075217
1490 0.494814 0.427496 0.077690
371 0.201265 0.116706 0.682029
331 0.182308 0.127265 0.690427
1509 0.275591 0.675097 0.049313
332 0.102035 0.435434 0.462532
1509 0.659556 0.166501 0.173943
1399 0.360386 0.557127 0.082487
1353 0.418520 0.272119 0.309361
1354 0.112482 0.344959 0.542559
1616 0.235687 0.051525 0.712789
1616 0.265044 0.046549 0.688407
1616 0.323310 0.035394 0.641296
1616 0.210556 0.055947 0.733498
1616 0.163296 0.065863 0.770841
1616 0.119097 0.073423 0.807479
331 0.931463 0.060663 0.007874
1616 0.051718 0.086402 0.861881
332 0.271298 0.728702 0.000000
1629 0.204272 0.019028 0.776700
1507 0.051663 0.904291 0.044046
1629 0.179703 0.037112 0.783185
1629 0.110506 0.104636 0.784858
1376 0.084814 0.057955 0.857231
1399 0.129925 0.467366 0.402709
1377 0.166167 0.605583 0.228251
1377 0.351246 0.487870 0.160883
339 0.647270 0.099905 0.252826
331 0.697823 0.241903 0.060274
331 0.322586 0.436216 0.241198
367 0.176986 0.715337 0.107677
2101 0.175247 0.685201 0.139552
1373 0.756889 0.098780 0.144331
371 0.281808 0.648484 0.069708
371 0.452395 0.188691 0.358915
326 0.116548 0.467051 0.416400
1509 0.176079 0.465281 0.358640
1373 0.226230 0.132329 0.641441
326 0.473043 0.156050 0.370907
1373 0.506708 0.236871 0.256421
1400 0.177609 0.169063 0.653329
1532 0.383471 0.384834 0.231695
1511 0.578179 0.026842 0.394979
2101 0.155742 0.071552 0.772706
2095 0.733197 0.067569 0.199234
1352 0.116721 0.566764 0.316515
1509 0.377108 0.042074 0.580817
1616 0.086480 0.267629 0.645891
1616 0.111980 0.265397 0.622624
1616 0.142540 0.263015 0.594445
1371 0.245743 0.038370 0.715887
1371 0.036352 0.104503 0.859144
1398 0.208210 0.107206 0.684584
1616 0.038363 0.274561 0.687076
1507 0.144306 0.452184 0.403510
371 0.630868 0.249084 0.120047
1507 0.300815 0.561511 0.137673
406 0.016967 0.690759 0.292274
1629 0.580436 0.053327 0.366237
1629 0.517229 0.087826 0.394945
1629 0.422508 0.139592 0.437900
1352 0.409767 0.520440 0.069794
1398 0.414267 0.376998 0.208735
1397 0.532344 0.045618 0.422038
1629 0.326163 0.189622 0.484215
1629 0.251086 0.238465 0.510449
2095 0.538788 0.258872 0.202340
373 0.067243 0.854979 0.077778
1510 0.255895 0.192219 0.551886
1510 0.242709 0.704739 0.052551
371 0.722073 0.266038 0.011889
1512 0.676349 0.153934 0.169718
2095 0.082084 0.709013 0.208903
1348 0.005468 0.346461 0.648071
1348 0.356826 0.318950 0.324224
325 0.033520 0.853750 0.112731
40 0.055874 0.356682 0.587444
1507 0.145933 0.013931 0.840136
1507 0.283687 0.245492 0.470822
1507 0.539301 0.448155 0.012543
1348 0.629945 0.270995 0.099061
327 0.440297 0.221467 0.338235
1507 0.480815 0.283788 0.235397
1356 0.080582 0.370858 0.548560
1356 0.269893 0.108247 0.621860
1353 0.016251 0.909773 0.073976
1535 0.436268 0.316307 0.247426
2094 0.321480 0.012626 0.665894
1512 0.298249 0.453148 0.248603
1539 0.106384 0.774807 0.118809
1352 0.196419 0.111209 0.692371
1615 0.909643 0.017365 0.072992
1615 0.881997 0.103865 0.014137
406 0.164558 0.812822 0.022621
1535 0.029225 0.897020 0.073755
1507 0.343278 0.149152 0.507569
1628 0.872756 0.076935 0.050309
1352 0.511322 0.095873 0.392805
1628 0.799976 0.035197 0.164827
1352 0.872633 0.083798 0.043569
1351 0.653865 0.099066 0.247069
1628 0.765430 0.017916 0.216654
1351 0.345773 0.293202 0.361026
1628 0.730969 0.000488 0.268543
1629 0.152924 0.563654 0.283423
413 0.312175 0.000000 0.687825
1628 0.644453 0.000000 0.355547
1511 0.152659 0.539349 0.307992
413 0.392229 0.000000 0.607771
1628 0.557946 0.000000 0.442054
374 0.153978 0.426819 0.419204
1539 0.642556 0.065060 0.292384
1629 0.321125 0.435237 0.243638
1351 0.076996 0.485640 0.437364
1629 0.258171 0.495114 0.246715
1507 0.602209 0.024130 0.373661
1507 0.698762 0.189465 0.111774
1519 0.246762 0.572870 0.180368
592 0.678285 0.210993 0.110721
374 0.297159 0.237006 0.465835
1531 0.336092 0.248869 0.415039
1539 0.323951 0.108132 0.567917
1507 0.894904 0.074541 0.030555
374 0.000000 0.789482 0.210518
601 0.572239 0.325914 0.101847
601 0.280931 0.591960 0.127110
602 0.195667 0.025670 0.778663
603 0.234919 0.172560 0.592521
38 0.786535 0.096352 0.117113
413 0.400965 0.308149 0.290886
1615 0.604534 0.190581 0.204885
1615 0.629289 0.231075 0.139636
413 0.624955 0.005809 0.369236
601 0.844154 0.084333 0.071513
1615 0.596303 0.110698 0.293000
1615 0.556114 0.148628 0.295258
1615 0.639248 0.014684 0.346068
599 0.004997 0.892335 0.102668
606 0.047202 0.252926 0.699873
1628 0.586371 0.304191 0.109438
1628 0.552013 0.266004 0.181983
591 0.583395 0.416605 0.000000
1628 0.509761 0.239293 0.250946
35 0.127956 0.122482 0.749562
1628 0.474797 0.201987 0.323215
413 0.566695 0.000000 0.433305
1628 0.452197 0.076154 0.471649
606 0.384894 0.113178 0.501928
1519 0.700324 0.219346 0.080330
1628 0.466947 0.188589 0.344464
35 0.141214 0.444485 0.414301
1628 0.458925 0.152184 0.388891
606 0.649339 0.010065 0.340596
35 0.158710 0.782565 0.058725
374 0.592096 0.297990 0.109914
1356 0.795018 0.151141 0.053841
595 0.229478 0.660373 0.110149
1524 0.670368 0.103721 0.225911
1524 0.741889 0.002347 0.255764
1540 0.710391 0.000000 0.289609
1535 0.019950 0.123004 0.857046
595 0.423132 0.483137 0.093731
1533 0.738061 0.146000 0.115939
413 0.412045 0.163147 0.424809
413 0.348363 0.306781 0.344856
1629 0.315516 0.678009 0.006475
413 0.014053 0.569157 0.416790
413 0.502732 0.000000 0.497268
413 0.220591 0.276129 0.503281
1629 0.402439 0.597561 0.000000
413 0.114095 0.388849 0.497055
1629 0.282452 0.717548 0.000000
1628 0.519291 0.092687 0.388022
1628 0.518731 0.093426 0.387843
1628 0.491123 0.120394 0.388484
413 0.294556 0.430586 0.274858
413 0.166501 0.597313 0.236186
413 0.168833 0.634347 0.196820
413 0.601483 0.035655 0.362862
413 0.571714 0.000000 0.428286
1628 0.451239 0.073262 0.475499
413 0.396624 0.318382 0.284995
1519 0.282235 0.030715 0.687050
595 0.023450 0.349314 0.627236
1524 0.308597 0.078132 0.613271
1533 0.507592 0.263249 0.229159
413 0.432019 0.352423 0.215558
413 0.490569 0.298939 0.210492
413 0.607453 0.229532 0.163016
1628 0.454829 0.159798 0.385373
378 0.064551 0.032719 0.902730
1524 0.240758 0.019174 0.740068
413 0.037026 0.574044 0.388930
413 0.202998 0.318525 0.478476
413 0.007581 0.740066 0.252353
413 0.645095 0.239922 0.114983
1628 0.500257 0.110709 0.389033
1628 0.480949 0.129152 0.389899
1525 0.080603 0.579710 0.339686
413 0.251969 0.573692 0.174339
413 0.735713 0.182220 0.082067
1516 0.043220 0.284352 0.672429
1515 0.797876 0.172545 0.029580
1515 0.425378 0.250555 0.324067
1628 0.469558 0.226201 0.304241
1628 0.476052 0.217517 0.306431
1628 0.465830 0.219518 0.314652
1516 0.269788 0.355311 0.374901
413 0.898352 0.028356 0.073292
377 0.100206 0.510577 0.389217
1533 0.305985 0.349762 0.344253
1628 0.461778 0.198142 0.340080
1628 0.450571 0.247814 0.301616
413 0.838991 0.063933 0.097076
379 0.031057 0.462982 0.505962
601 0.566298 0.091290 0.342412
601 0.264969 0.366940 0.368092
602 0.251160 0.213501 0.535339
377 0.275825 0.525357 0.198818
645 0.600936 0.153675 0.245389
600 0.354776 0.122101 0.523123
600 0.142075 0.387610 0.470315
599 0.087910 0.427786 0.484304
603 0.211495 0.532972 0.255533
38 0.599327 0.022924 0.377749
1517 0.436460 0.039944 0.523596
1628 0.468583 0.212517 0.318900
38 0.243875 0.727026 0.029099
1628 0.503438 0.248729 0.247833
1628 0.438095 0.261626 0.300279
591 0.687312 0.018043 0.294645
1628 0.545763 0.274058 0.180179
1628 0.579828 0.311426 0.108746
606 0.172482 0.679058 0.148460
1628 0.470827 0.235289 0.293884
599 0.337322 0.398758 0.263920
1628 0.505627 0.261560 0.232813
1615 0.614828 0.028215 0.356958
606 0.448193 0.547878 0.003929
413 0.418858 0.351195 0.229946
1628 0.320721 0.090652 0.588628
413 0.555431 0.285700 0.158869
1628 0.538283 0.291193 0.170524
1628 0.569701 0.322743 0.107556
35 0.635828 0.005301 0.358872
1533 0.140598 0.401167 0.458235
1523 0.219306 0.353355 0.427338
598 0.275829 0.520690 0.203481
1615 0.585380 0.053643 0.360977
1615 0.583180 0.114711 0.302110
2096 0.086775 0.859851 0.053374
1628 0.476494 0.237992 0.285514
1628 0.471179 0.244016 0.284805
1628 0.508333 0.264238 0.227429
598 0.031080 0.581850 0.387070
1656 0.146077 0.003149 0.850775
1656 0.222787 0.304005 0.473209
425 0.089578 0.599309 0.311113
1615 0.550537 0.148276 0.301188
1542 0.407918 0.000000 0.592082
1628 0.538695 0.292667 0.168638
1628 0.502967 0.267414 0.229619
1628 0.572249 0.316745 0.111006
1628 0.071886 0.027748 0.900366
1615 0.553536 0.132247 0.314217
1615 0.525849 0.160001 0.314150
779 0.342935 0.246452 0.410613
1628 0.452468 0.264947 0.282585
1615 0.555066 0.083089 0.361845
1628 0.534225 0.291882 0.173893
377 0.363337 0.203994 0.432669
377 0.506810 0.214111 0.279079
377 0.261666 0.167100 0.571234
2096 0.236596 0.593684 0.169719
1628 0.482608 0.290312 0.227081
1515 0.097753 0.848610 0.053637
1628 0.567688 0.313414 0.118898
1615 0.535877 0.099202 0.364921
379 0.010941 0.555740 0.433319
1615 0.494152 0.184476 0.321373
1615 0.491638 0.183137 0.325225
1615 0.502062 0.234662 0.263276
1615 0.520880 0.153041 0.326079
1628 0.032182 0.048582 0.919236
1628 0.512537 0.316332 0.171131
1615 0.476279 0.185998 0.337722
378 0.079569 0.605867 0.314564
779 0.648966 0.100007 0.251027
2096 0.260446 0.502840 0.236713
1628 0.544341 0.339832 0.115827
1628 0.440155 0.278736 0.281109
1628 0.472491 0.301072 0.226437
377 0.651377 0.222806 0.125817
1628 0.504843 0.323723 0.171434
1628 0.423536 0.297898 0.278566
1628 0.420835 0.279593 0.299572
1628 0.408944 0.225696 0.365360
777 0.087468 0.000000 0.912532
377 0.744824 0.255176 0.000000
1517 0.712554 0.287446 0.000000
1628 0.538855 0.344034 0.117111
1628 0.450582 0.325841 0.223577
1522 0.211290 0.678523 0.110187
1628 0.481692 0.347538 0.170770
1655 0.065190 0.011373 0.923437
1523 0.374601 0.414474 0.210924
1615 0.388849 0.232533 0.378618
1615 0.389818 0.228186 0.381996
1615 0.369874 0.286144 0.343982
1615 0.413418 0.206001 0.380581
780 0.094071 0.905929 0.000000
1544 0.407823 0.592177 0.000000
780 0.161719 0.682484 0.155797
1628 0.174186 0.103486 0.722329
1628 0.262033 0.176421 0.561545
1628 0.115208 0.076660 0.808132
1628 0.378627 0.357027 0.264345
1628 0.370170 0.346091 0.283739
1628 0.352921 0.308310 0.338769
1628 0.041948 0.071257 0.886794
1628 0.406760 0.382506 0.210734
1628 0.437333 0.404104 0.158563
377 0.789863 0.005125 0.205012
377 0.881674 0.031993 0.086333
1518 0.626326 0.373674 0.000000
1518 0.304512 0.448839 0.246649
1657 0.016246 0.593981 0.389773
897 0.756833 0.027879 0.215287
591 0.080646 0.000000 0.919354
425 0.425727 0.282757 0.291516
1522 0.072784 0.488686 0.438530
1522 0.199380 0.510013 0.290607
1522 0.350293 0.589234 0.060473
425 0.068790 0.581234 0.349976
1628 0.011103 0.074856 0.914041
378 0.553765 0.061603 0.384632
425 0.000000 0.718646 0.281354
378 0.288346 0.343648 0.368006
768 0.653439 0.067321 0.279240
602 0.088712 0.559903 0.351385
603 0.050646 0.876570 0.072783
56 0.545855 0.097385 0.356760
38 0.075884 0.629726 0.294390
601 0.330385 0.063655 0.605960
776 0.116806 0.843999 0.039195
776 0.069082 0.500686 0.430232
776 0.026585 0.239560 0.733855
645 0.318678 0.377068 0.304254
779 0.027275 0.944363 0.028362
782 0.099028 0.619076 0.281896
645 0.215421 0.104765 0.679814
782 0.203025 0.299962 0.497013
600 0.694035 0.157642 0.148323
781 0.004856 0.312824 0.682321
600 0.482738 0.415552 0.101710
781 0.116502 0.230473 0.653025
600 0.252049 0.694371 0.053580
781 0.223325 0.159533 0.617142
599 0.001105 0.006710 0.992185
599 0.263558 0.001926 0.734516
599 0.494105 0.013914 0.491981
768 0.610469 0.031106 0.358425
767 0.593156 0.160960 0.245884
378 0.322944 0.388000 0.289055
378 0.598782 0.098603 0.302615
1522 0.511228 0.415133 0.073639
1522 0.355532 0.311190 0.333278
1522 0.190305 0.299177 0.510518
1522 0.066136 0.295063 0.638801
426 0.000000 0.424702 0.575298
426 0.078020 0.504671 0.417310
426 0.169056 0.535107 0.295836
426 0.416971 0.548278 0.034751
2093 0.932225 0.061832 0.005943
425 0.135904 0.280664 0.583432
897 0.568288 0.023227 0.408485
897 0.637505 0.091772 0.270723
2379 0.123041 0.077033 0.799926
2379 0.098419 0.000000 0.901581
897 0.660919 0.142722 0.196358
897 0.776209 0.166866 0.056924
2379 0.116524 0.145944 0.737532
2379 0.184539 0.368316 0.447145
1615 0.290819 0.266163 0.443018
1615 0.294259 0.262433 0.443309
1615 0.237732 0.340854 0.421414
1628 0.335284 0.426451 0.238266
1628 0.321899 0.423708 0.254393
1628 0.365316 0.450043 0.184640
1628 0.396278 0.471956 0.131766
1628 0.295528 0.390902 0.313570
1628 0.119137 0.166789 0.714073
1628 0.207941 0.254932 0.537128
768 0.357655 0.247739 0.394606
768 0.176480 0.073958 0.749561
2379 0.161096 0.327888 0.511016
2379 0.137281 0.176024 0.686695
378 0.652084 0.133881 0.214035
1522 0.771435 0.162901 0.065664
1522 0.603381 0.038103 0.358516
2379 0.206336 0.618221 0.175442
763 0.084493 0.372870 0.542637
763 0.086735 0.194888 0.718377
763 0.111220 0.000839 0.887940
781 0.238354 0.376048 0.385598
2093 0.388888 0.545820 0.065291
2093 0.044392 0.379870 0.575738
2379 0.124007 0.280151 0.595842
2093 0.161434 0.384052 0.454514
765 0.474191 0.514038 0.011771
1628 0.330987 0.507193 0.161820
1628 0.288038 0.500317 0.211645
1628 0.369182 0.521333 0.109485
1628 0.274937 0.499289 0.225773
766 0.186128 0.032247 0.781625
892 0.352547 0.362409 0.285044
1628 0.223183 0.504626 0.272192
892 0.479983 0.053742 0.466275
781 0.042691 0.710103 0.247206
2379 0.249032 0.666716 0.084252
96 0.315896 0.596566 0.087538
752 0.843818 0.010790 0.145392
1615 0.239665 0.275758 0.484576
1615 0.245747 0.270722 0.483531
1615 0.307872 0.253655 0.438474
1615 0.262956 0.265616 0.471428
1615 0.373819 0.221909 0.404271
1615 0.139901 0.377243 0.482855
2379 0.303125 0.366262 0.330612
2379 0.233843 0.311939 0.454218
783 0.299811 0.002789 0.697399
1628 0.317535 0.530765 0.151701
1628 0.269625 0.531285 0.199090
1628 0.360246 0.538166 0.101588
1628 0.256460 0.530564 0.212976
1615 0.338988 0.073404 0.587608
1615 0.345940 0.072550 0.581510
1628 0.337842 0.577942 0.084216
1615 0.306523 0.081957 0.611520
1628 0.296354 0.568376 0.135270
752 0.270752 0.177645 0.551603
1628 0.198992 0.549547 0.251462
1628 0.251096 0.564599 0.184305
96 0.007665 0.867789 0.124545
750 0.030478 0.909303 0.060219
1628 0.237277 0.564552 0.198171
2379 0.309013 0.412589 0.278398
1628 0.174526 0.594888 0.230586
1628 0.324054 0.605323 0.070624
1615 0.302931 0.071151 0.625918
1628 0.279447 0.597643 0.122910
751 0.133315 0.162242 0.704443
765 0.141044 0.048724 0.810232
1615 0.249033 0.254579 0.496388
1615 0.230671 0.256328 0.513001
1615 0.218518 0.262470 0.519013
1628 0.236098 0.588164 0.175738
2379 0.317155 0.627388 0.055457
96 0.815795 0.035053 0.149152
1615 0.292777 0.024677 0.682546
1615 0.260843 0.170425 0.568732
1615 0.271543 0.179724 0.548733
1615 0.307114 0.041085 0.651802
1615 0.277590 0.194563 0.527847
1615 0.267244 0.254937 0.477819
854 0.282756 0.181349 0.535895
753 0.510283 0.149194 0.340523
1628 0.299568 0.638916 0.061516
1615 0.282501 0.200993 0.516505
1628 0.258335 0.621776 0.119889
1628 0.220010 0.590479 0.189511
54 0.457780 0.479630 0.062589
54 0.261552 0.433436 0.305012
1628 0.215464 0.607262 0.177274
1628 0.266073 0.681467 0.052460
1628 0.146557 0.635551 0.217891
776 0.330618 0.052206 0.617175
1615 0.242127 0.174224 0.583649
1615 0.283690 0.023928 0.692382
892 0.370840 0.285090 0.344070
1628 0.227248 0.651039 0.121712
1628 0.201508 0.604542 0.193951
1628 0.180970 0.631467 0.187563
854 0.472157 0.157143 0.370700
776 0.387479 0.331810 0.280711
1628 0.166738 0.627911 0.205351
1628 0.134743 0.639513 0.225744
868 0.360505 0.639495 0.000000
1628 0.170864 0.454453 0.374683
54 0.056855 0.414466 0.528678
1628 0.132946 0.628667 0.238387
854 0.741403 0.110198 0.148399
96 0.370673 0.221847 0.407480
1628 0.256589 0.696331 0.047080
646 0.520930 0.374287 0.104783
2379 0.386885 0.474324 0.138791
752 0.595170 0.274991 0.129839
750 0.130858 0.763296 0.105847
1628 0.217499 0.665016 0.117486
1628 0.171138 0.644312 0.184550
644 0.532119 0.250525 0.217356
868 0.500333 0.499667 0.000000
646 0.333448 0.144153 0.522399
854 0.871703 0.097746 0.030552
1628 0.156940 0.640159 0.202901
644 0.461860 0.044604 0.493536
96 0.691734 0.000000 0.308266
1615 0.033539 0.036637 0.929824
1628 0.035404 0.946053 0.018543
1628 0.123755 0.640408 0.235838
56 0.701872 0.278483 0.019645
1628 0.009767 0.916299 0.073933
632 0.000000 0.243984 0.756016
2379 0.879247 0.000000 0.120753
601 0.087546 0.007177 0.905277
55 0.392534 0.449353 0.158112
628 0.524886 0.137669 0.337445
1628 0.044688 0.658234 0.297078
1628 0.061720 0.640652 0.297627
1628 0.058491 0.649644 0.291865
628 0.493352 0.314744 0.191904
628 0.497157 0.469511 0.033332
750 0.367813 0.632187 0.000000
1628 0.000000 0.814959 0.185041
892 0.267390 0.315129 0.417481
892 0.174397 0.148328 0.677275
751 0.489890 0.062107 0.448003
96 0.212636 0.385955 0.401409
100 0.369112 0.414705 0.216183
2379 0.407756 0.373893 0.218351
750 0.201864 0.591461 0.206675
96 0.519672 0.020711 0.459616
2379 0.597763 0.221526 0.180711
1628 0.000000 0.622651 0.377349
2379 0.632022 0.000000 0.367978
2379 0.753999 0.178688 0.067313
892 0.343313 0.110845 0.545842
2379 0.417350 0.363999 0.218651
323 0.336922 0.528188 0.134889
2379 0.486678 0.357014 0.156308
752 0.435057 0.508867 0.056076
2379 0.528531 0.115071 0.356398
2379 0.540436 0.087710 0.371854
892 0.028803 0.309944 0.661253
868 0.464923 0.487526 0.047551
751 0.334605 0.376276 0.289119
750 0.461859 0.430779 0.107362
45 0.488077 0.283485 0.228439
750 0.240412 0.404491 0.355097
621 0.651096 0.067190 0.281713
751 0.167126 0.612270 0.220604
96 0.087858 0.175277 0.736865
750 0.028464 0.310415 0.661121
750 0.063108 0.011502 0.925389
762 0.168420 0.539509 0.292071
621 0.722511 0.222278 0.055211
750 0.124925 0.250567 0.624507
750 0.327592 0.113027 0.559381
776 0.828838 0.045964 0.125197
751 0.687785 0.148754 0.163460
750 0.783919 0.214150 0.001931
750 0.515725 0.225297 0.258978
624 0.053629 0.699819 0.246552
646 0.019453 0.715287 0.265260
324 0.160455 0.813337 0.026208
868 0.070665 0.634484 0.294851
629 0.550271 0.142909 0.306820
638 0.216927 0.092606 0.690468
868 0.007064 0.681457 0.311478
855 0.547903 0.154254 0.297843
629 0.408061 0.255202 0.336737
51 0.568273 0.132073 0.299654
855 0.351556 0.366939 0.281505
629 0.199074 0.370169 0.430757
855 0.220625 0.508811 0.270564
136 0.643905 0.061296 0.294799
856 0.641842 0.340684 0.017474
631 0.057747 0.012849 0.929404
629 0.000000 0.482773 0.517227
854 0.125468 0.205354 0.669178
856 0.587276 0.350514 0.062210
630 0.287746 0.528244 0.184010
854 0.034719 0.221963 0.743318
856 0.556771 0.357611 0.085618
1615 0.071724 0.455072 0.473204
631 0.351961 0.586967 0.061072
94 0.457511 0.404461 0.138028
94 0.053895 0.841429 0.104676
94 0.812564 0.150000 0.037436
1339 0.493162 0.417978 0.088860
1339 0.871162 0.040245 0.088593
2387 0.073379 0.470359 0.456262
2387 0.105223 0.118490 0.776287
1338 0.055309 0.373414 0.571277
621 0.028171 0.591926 0.379903
754 0.650757 0.259163 0.090080
621 0.103372 0.762050 0.134577
94 0.344807 0.075785 0.579408
1338 0.214638 0.714661 0.070701
624 0.842194 0.016263 0.141543
868 0.019113 0.295163 0.685724
2387 0.221427 0.705457 0.073116
1339 0.333116 0.578238 0.088646
855 0.136570 0.140537 0.722892
855 0.071454 0.203929 0.724617
749 0.441569 0.550159 0.008272
856 0.824526 0.122074 0.053400
624 0.487415 0.021005 0.491581
856 0.751747 0.131476 0.116777
624 0.130741 0.074687 0.794572
755 0.018275 0.568024 0.413700
856 0.702985 0.138806 0.158209
47 0.090796 0.020201 0.889003
856 0.652717 0.144694 0.202589
1339 0.043642 0.868291 0.088067
95 0.590318 0.013803 0.395879
856 0.625054 0.148920 0.226026
47 0.274472 0.095007 0.630520
2387 0.503780 0.353960 0.142260
638 0.511421 0.179405 0.309174
47 0.368514 0.421387 0.210099
51 0.173783 0.170018 0.656199
634 0.073919 0.213463 0.712618
89 0.165149 0.239967 0.594884
50 0.586854 0.096375 0.316771
47 0.786800 0.150797 0.062403
755 0.059701 0.706716 0.233583
749 0.516070 0.087226 0.396704
731 0.228577 0.081282 0.690141
622 0.587877 0.316907 0.095216
1341 0.466225 0.455831 0.077944
857 0.426528 0.544246 0.029226
857 0.561495 0.350202 0.088303
626 0.127158 0.488491 0.384351
626 0.275202 0.273570 0.451227
626 0.429425 0.056048 0.514528
95 0.117270 0.780376 0.102354
622 0.408859 0.064216 0.526925
95 0.166793 0.357980 0.475227
857 0.462009 0.376180 0.161811
46 0.000792 0.276949 0.722259
47 0.068672 0.609356 0.321972
857 0.381769 0.401103 0.217128
857 0.358530 0.382349 0.259121
857 0.355209 0.341491 0.303301
89 0.000730 0.835158 0.164112
732 0.143304 0.161866 0.694830
731 0.598506 0.043638 0.357856
857 0.349487 0.323688 0.326825
622 0.834648 0.026107 0.139245
856 0.592530 0.154109 0.253362
857 0.339015 0.307035 0.353950
856 0.519856 0.366594 0.113550
95 0.000000 0.102539 0.897461
87 0.838608 0.160253 0.001138
738 0.017849 0.708903 0.273248
626 0.502099 0.287223 0.210678
626 0.641648 0.120928 0.237424
626 0.334336 0.490113 0.175550
626 0.431404 0.368412 0.200184
737 0.296104 0.112293 0.591602
626 0.305571 0.527069 0.167361
626 0.279876 0.568281 0.151843
626 0.192884 0.708218 0.098898
623 0.533520 0.164565 0.301915
2392 0.479163 0.355649 0.165188
626 0.168018 0.750873 0.081109
626 0.144379 0.800883 0.054738
627 0.012400 0.035699 0.951901
691 0.137561 0.862439 0.000000
87 0.623742 0.042490 0.333768
704 0.236105 0.067157 0.696738
732 0.297169 0.429672 0.273159
681 0.000000 0.733394 0.266606
731 0.869588 0.057077 0.073336
627 0.666498 0.274001 0.059500
703 0.090200 0.142759 0.767040
48 0.700578 0.022679 0.276743
627 0.522695 0.270673 0.206632
627 0.438941 0.270341 0.290718
627 0.336682 0.263652 0.399666
627 0.297775 0.263510 0.438715
627 0.254746 0.264410 0.480844
48 0.000000 0.686232 0.313768
627 0.134746 0.262232 0.603022
48 0.554546 0.172268 0.273186
48 0.280347 0.447876 0.271776
681 0.000000 0.563297 0.436703
718 0.299956 0.039888 0.660156
691 0.454422 0.493110 0.052468
627 0.090498 0.263583 0.645920
691 0.447440 0.460096 0.092464
623 0.925699 0.049277 0.025025
623 0.832127 0.090796 0.077077
623 0.495715 0.256922 0.247363
627 0.039768 0.267670 0.692562
691 0.461211 0.407170 0.131620
623 0.785510 0.211546 0.002943
691 0.461555 0.389082 0.149362
691 0.374921 0.415739 0.209340
691 0.421778 0.340585 0.237637
857 0.340487 0.253216 0.406297
856 0.529313 0.162958 0.307730
87 0.325117 0.204848 0.470035
623 0.709093 0.232136 0.058771
623 0.641111 0.247723 0.111166
729 0.065421 0.624794 0.309785
87 0.482575 0.389507 0.127918
681 0.001682 0.821679 0.176639
681 0.000000 0.722122 0.277878
623 0.377599 0.301809 0.320592
623 0.265369 0.356076 0.378555
723 0.794445 0.054777 0.150777
714 0.294761 0.042272 0.662967
681 0.000363 0.544160 0.455477
627 0.064429 0.623913 0.311658
627 0.105595 0.626741 0.267664
627 0.143471 0.628455 0.228074
625 0.487079 0.089614 0.423307
627 0.239634 0.642295 0.118070
625 0.375618 0.171561 0.452821
625 0.252041 0.264096 0.483863
681 0.020269 0.370238 0.609493
623 0.489457 0.462672 0.047871
627 0.319864 0.645208 0.034928
623 0.098910 0.538659 0.362431
623 0.172666 0.521074 0.306260
623 0.350783 0.493181 0.156036
703 0.116404 0.503780 0.379816
736 0.284571 0.432167 0.283263
623 0.418830 0.478877 0.102293
681 0.031057 0.266548 0.702395
724 0.097525 0.636389 0.266086
623 0.024258 0.557756 0.417986
73 0.423545 0.246889 0.329566
681 0.042541 0.146882 0.810577
703 0.270073 0.306876 0.423052
718 0.632293 0.031835 0.335873
73 0.316489 0.287020 0.396490
681 0.046687 0.099453 0.853860
2392 0.035218 0.709861 0.254921
681 0.049473 0.048431 0.902096
691 0.808792 0.107876 0.083332
691 0.614792 0.202489 0.182719
857 0.354949 0.209680 0.435371
87 0.260908 0.521972 0.217120
703 0.403047 0.143715 0.453238
73 0.229044 0.459860 0.311096
73 0.179797 0.611659 0.208544
704 0.366158 0.267842 0.366000
724 0.459146 0.426700 0.114154
691 0.565895 0.192601 0.241503
857 0.342679 0.186217 0.471104
690 0.149437 0.123636 0.726927
690 0.193618 0.090380 0.716002
690 0.085727 0.097834 0.816438
73 0.149317 0.701119 0.149565
691 0.493930 0.162217 0.343854
698 0.294194 0.690230 0.015576
857 0.314433 0.143529 0.542038
723 0.553782 0.158471 0.287747
73 0.118241 0.808098 0.073660
620 0.045370 0.640457 0.314173
73 0.083191 0.893536 0.023273
73 0.104009 0.849776 0.046215
714 0.607783 0.047917 0.344299
703 0.465506 0.038657 0.495837
703 0.432443 0.078297 0.489260
48 0.437443 0.056095 0.506462
73 0.304615 0.119759 0.575625
704 0.099066 0.499641 0.401293
73 0.230078 0.186231 0.583691
73 0.085876 0.329333 0.584791
724 0.635267 0.319243 0.045489
625 0.237701 0.587896 0.174403
625 0.348074 0.506398 0.145528
625 0.116596 0.678103 0.205301
625 0.646163 0.295458 0.058379
623 0.110871 0.787156 0.101973
620 0.079259 0.673415 0.247326
620 0.109178 0.705583 0.185239
620 0.178304 0.799110 0.022586
718 0.735148 0.032673 0.232179
623 0.042329 0.802356 0.155315
625 0.754192 0.215954 0.029854
625 0.853968 0.141694 0.004339
75 0.039637 0.061400 0.898963
48 0.119810 0.307546 0.572645
48 0.354468 0.121454 0.524078
73 0.024189 0.483031 0.492780
75 0.140067 0.045845 0.814087
690 0.060453 0.484789 0.454758
75 0.313116 0.046652 0.640232
723 0.456506 0.200164 0.343330
690 0.101258 0.395855 0.502888
703 0.485484 0.438987 0.075528
690 0.119974 0.364957 0.515069
690 0.138368 0.328967 0.532665
737 0.316564 0.606412 0.077024
690 0.153078 0.186165 0.660757
723 0.076875 0.328451 0.594674
719 0.166616 0.799418 0.033966
714 0.922936 0.064560 0.012504
703 0.630716 0.248337 0.120947
689 0.026400 0.214808 0.758792
689 0.150653 0.072680 0.776667
74 0.060287 0.647503 0.292210
675 0.480454 0.362355 0.157191
675 0.445968 0.399461 0.154571
675 0.504302 0.321579 0.174118
675 0.345781 0.508785 0.145434
675 0.310182 0.545161 0.144657
698 0.279728 0.643584 0.076688
691 0.513986 0.113346 0.372668
675 0.750924 0.028505 0.220571
675 0.572039 0.219455 0.208506
703 0.682446 0.190260 0.127294
703 0.769255 0.093543 0.137203
675 0.692957 0.077219 0.229824
675 0.628080 0.164414 0.207506
675 0.598735 0.186097 0.215168
71 0.092118 0.833644 0.074238
48 0.164895 0.001541 0.833564
714 0.205374 0.745602 0.049024
658 0.024293 0.534141 0.441566
658 0.007189 0.579896 0.412915
664 0.373907 0.618111 0.007982
664 0.246802 0.656010 0.097188
77 0.012871 0.265108 0.722021
77 0.087549 0.220481 0.691970
77 0.285125 0.117003 0.597871
664 0.036799 0.714720 0.248481
48 0.042628 0.096733 0.860639
719 0.486872 0.028892 0.484236
719 0.031383 0.489941 0.478676
664 0.157531 0.690064 0.152406
664 0.201376 0.674824 0.123800
77 0.358334 0.074315 0.567350
77 0.429753 0.031269 0.538978
76 0.087946 0.555037 0.357017
76 0.189611 0.621383 0.189006
75 0.074143 0.692021 0.233837
704 0.560069 0.414554 0.025377
704 0.073357 0.808372 0.118271
689 0.237569 0.577169 0.185263
689 0.117331 0.687771 0.194897
689 0.051301 0.762396 0.186302
75 0.287877 0.642526 0.069596
689 0.360975 0.507318 0.131707
704 0.279428 0.636132 0.084440
689 0.435325 0.457964 0.106711
685 0.479029 0.417055 0.103916
689 0.548523 0.451463 0.000015
688 0.573062 0.031475 0.395463
688 0.616566 0.021651 0.361783
675 0.273499 0.580453 0.146048
689 0.989233 0.001408 0.009358
698 0.263088 0.596183 0.140730
688 0.725321 0.000000 0.274679
685 0.195093 0.444183 0.360724
685 0.312049 0.432822 0.255129
688 0.762351 0.000000 0.237649
688 0.801280 0.000000 0.198720
689 0.912545 0.085233 0.002222
689 0.950424 0.041844 0.007731
696 0.001022 0.791781 0.207197
688 0.067896 0.210676 0.721428
688 0.182495 0.220136 0.597369
685 0.068393 0.465840 0.465766
80 0.368309 0.406193 0.225498
688 0.334860 0.197320 0.467820
83 0.168660 0.434265 0.397075
715 0.097012 0.030039 0.872949
676 0.460654 0.495031 0.044314
676 0.390075 0.464688 0.145237
696 0.274345 0.574143 0.151512
696 0.142086 0.510976 0.346938
688 0.408296 0.162475 0.429229
688 0.058725 0.536906 0.404370
671 0.162835 0.246574 0.590591
671 0.368995 0.368648 0.262358
671 0.088566 0.205354 0.706080
671 0.523008 0.450284 0.026709
671 0.019799 0.164038 0.816163
670 0.295157 0.149043 0.555801
665 0.040742 0.073718 0.885540
665 0.001329 0.106545 0.892126
67 0.853140 0.122637 0.024223
67 0.738616 0.144042 0.117342
686 0.364891 0.261690 0.373419
67 0.448577 0.211775 0.339648
67 0.697489 0.156391 0.146120
676 0.278001 0.497170 0.224829
688 0.523837 0.090747 0.385416
67 0.654972 0.168941 0.176087
67 0.534704 0.191606 0.273689
67 0.491953 0.203834 0.304213
688 0.186248 0.560232 0.253520
