55 0.021601 0.550133 0.428266
1372 0.426933 0.351863 0.221204
1352 0.182937 0.066206 0.750857
1361 0.009679 0.535097 0.455224
1355 0.051443 0.206612 0.741945
1377 0.185148 0.155273 0.659579
1376 0.096169 0.463785 0.440046
1354 0.167302 0.215683 0.617015
1492 0.207512 0.001121 0.791366
1430 0.031865 0.572066 0.396068
1397 0.083495 0.766750 0.149755
1441 0.046988 0.027958 0.925054
1430 0.033956 0.917992 0.048052
1634 0.788571 0.157189 0.054240
1635 0.410429 0.096765 0.492806
1601 0.056594 0.563551 0.379855
1595 0.340564 0.028798 0.630638
1595 0.287138 0.509479 0.203383
1572 0.297242 0.280689 0.422068
1659 0.225851 0.278200 0.495949
1639 0.541032 0.401804 0.057164
1519 0.423471 0.424784 0.151745
4551 0.193566 0.123911 0.682523
1615 0.256345 0.544468 0.199187
62 0.634720 0.047874 0.317406
1576 0.817558 0.063966 0.118476
4544 0.599890 0.263994 0.136116
1712 0.943800 0.056200 0.000000
1606 0.166422 0.578131 0.255447
1553 0.315329 0.478395 0.206276
588 0.583493 0.248343 0.168163
717 0.485082 0.396960 0.117958
1575 0.473240 0.098224 0.428536
1532 0.488076 0.052661 0.459264
1368 0.186145 0.256520 0.557335
1378 0.903279 0.096115 0.000606
1782 0.573726 0.193434 0.232840
1781 0.280151 0.452698 0.267151
3264 0.456197 0.000000 0.543803
3267 0.140220 0.833019 0.026761
1796 0.722274 0.007919 0.269806
1794 0.713200 0.254056 0.032744
1428 0.168137 0.516261 0.315602
1429 0.722589 0.025374 0.252036
1346 0.700920 0.171234 0.127846
1402 0.337215 0.354722 0.308062
1331 0.226127 0.573101 0.200772
4525 0.151185 0.255557 0.593258
1387 0.254291 0.604743 0.140967
1321 0.301615 0.514021 0.184365
1311 0.023423 0.356484 0.620093
1444 0.689957 0.214002 0.096041
1447 0.363317 0.614004 0.022679
1148 0.592145 0.106508 0.301347
1179 0.036490 0.002982 0.960527
1231 0.624756 0.109330 0.265915
1241 0.104777 0.584307 0.310916
1026 0.423547 0.023527 0.552926
800 0.051396 0.817667 0.130936
618 0.370575 0.556867 0.072558
715 0.327485 0.655542 0.016973
184 0.394700 0.601242 0.004058
202 0.015763 0.099810 0.884427
958 0.773803 0.199280 0.026917
157 0.339260 0.164529 0.496211
559 0.262429 0.044426 0.693145
766 0.312619 0.131570 0.555811
13 0.092921 0.442841 0.464238
492 0.579105 0.239874 0.181021
916 0.638307 0.272440 0.089252
806 0.000000 0.528681 0.471319
1248 0.046589 0.300707 0.652704
1110 0.337472 0.529533 0.132995
1453 0.307304 0.089420 0.603277
1341 0.169555 0.200035 0.630410
1314 0.390732 0.483830 0.125438
1517 0.877333 0.007528 0.115140
1177 0.542702 0.277291 0.180007
1099 0.943382 0.046981 0.009637
786 0.158926 0.264338 0.576736
686 0.200198 0.251998 0.547804
600 0.047237 0.208843 0.743920
564 0.307495 0.156322 0.536183
1236 0.500229 0.338371 0.161399
1204 0.930472 0.035957 0.033571
1167 0.531851 0.151421 0.316729
1209 0.087647 0.248072 0.664280
1364 0.751112 0.046869 0.202019
1289 0.213031 0.572470 0.214499
1245 0.126714 0.681106 0.192180
1347 0.062719 0.324774 0.612508
1421 0.279383 0.498539 0.222078
1422 0.248078 0.239242 0.512679
3262 0.155460 0.287859 0.556681
1206 0.273199 0.568298 0.158502
1273 0.098802 0.626765 0.274433
1355 0.826182 0.043098 0.130721
1285 0.190353 0.753208 0.056438
1228 0.198797 0.022057 0.779147
1425 0.204273 0.017109 0.778619
1424 0.190752 0.481100 0.328147
1643 0.702088 0.163768 0.134144
1642 0.291206 0.455803 0.252992
1551 0.705028 0.047607 0.247365
1265 0.001541 0.726664 0.271796
1356 0.115366 0.566779 0.317855
1378 0.520988 0.476419 0.002592
1369 0.503020 0.289911 0.207068
1154 0.222686 0.080421 0.696893
1132 0.947682 0.003215 0.049103
1188 0.529748 0.421767 0.048486
1184 0.369348 0.243490 0.387162
1004 0.173340 0.338320 0.488340
1127 0.062956 0.058600 0.878444
1171 0.507798 0.094062 0.398139
821 0.476549 0.015058 0.508393
738 0.150278 0.034522 0.815199
621 0.603920 0.255504 0.140575
819 0.024946 0.248636 0.726418
999 0.218324 0.192184 0.589491
842 0.370939 0.075539 0.553522
888 0.655307 0.212986 0.131707
1024 0.760587 0.082677 0.156736
1227 0.740097 0.238818 0.021086
1221 0.202199 0.488439 0.309362
1138 0.214555 0.402199 0.383246
1144 0.602661 0.214626 0.182713
1226 0.120151 0.029389 0.850460
1497 0.373083 0.385471 0.241446
1465 0.105665 0.265047 0.629288
1329 0.126050 0.398104 0.475846
1349 0.399095 0.440128 0.160777
1312 0.622053 0.172986 0.204961
1313 0.019579 0.359917 0.620504
1464 0.822128 0.176047 0.001824
1460 0.240788 0.609039 0.150174
1297 0.202827 0.632316 0.164858
1298 0.267093 0.373450 0.359457
1456 0.371489 0.471082 0.157429
1455 0.229241 0.350017 0.420742
1104 0.851022 0.129885 0.019093
1130 0.773832 0.069425 0.156743
1216 0.110455 0.449486 0.440059
1217 0.614657 0.076046 0.309297
1100 0.015545 0.024251 0.960204
1214 0.072883 0.295845 0.631272
1213 0.610668 0.028529 0.360804
782 0.352050 0.180087 0.467863
798 0.396339 0.222087 0.381574
983 0.053592 0.188064 0.758344
1104 0.019301 0.821675 0.159024
855 0.550173 0.065314 0.384513
796 0.508229 0.017263 0.474509
913 0.071973 0.724660 0.203366
36 0.460528 0.005065 0.534407
439 0.670017 0.024255 0.305727
733 0.099898 0.884606 0.015496
659 0.515383 0.044401 0.440216
584 0.028777 0.794775 0.176447
501 0.014404 0.904136 0.081460
499 0.517501 0.011406 0.471093
471 0.033834 0.072460 0.893705
502 0.208237 0.704980 0.086783
1769 0.486511 0.312573 0.200917
253 0.260737 0.711481 0.027782
252 0.161155 0.808814 0.030031
1692 0.000000 0.537741 0.462259
1743 0.255937 0.459824 0.284238
1699 0.647186 0.268817 0.083997
1695 0.695821 0.251907 0.052272
1798 0.427386 0.279187 0.293427
1793 0.545292 0.371762 0.082946
1795 0.104776 0.340875 0.554349
1788 0.609572 0.084654 0.305774
1684 0.016963 0.520768 0.462269
1688 0.022090 0.894999 0.082911
1688 0.539758 0.408830 0.051412
1670 0.000000 0.102752 0.897248
1774 0.246233 0.215724 0.538043
1784 0.582671 0.165168 0.252161
1777 0.108488 0.443650 0.447862
1773 0.091808 0.458735 0.449457
1733 0.098006 0.625552 0.276442
1668 0.700029 0.208840 0.091131
1670 0.073276 0.599579 0.327145
1770 0.532112 0.289089 0.178800
767 0.408033 0.317926 0.274041
786 0.195919 0.698039 0.106042
859 0.061375 0.334642 0.603983
943 0.456302 0.061364 0.482334
856 0.244710 0.474264 0.281026
605 0.399061 0.071338 0.529601
603 0.377930 0.549089 0.072982
606 0.306871 0.415473 0.277656
617 0.341877 0.369579 0.288545
626 0.161051 0.241035 0.597914
704 0.017562 0.806273 0.176164
704 0.621091 0.148602 0.230307
877 1.000000 0.000000 0.000000
895 0.396910 0.439340 0.163750
989 0.175783 0.500460 0.323758
1007 0.222400 0.220360 0.557240
1118 0.010464 0.955078 0.034458
899 0.829773 0.070614 0.099613
884 0.104448 0.211209 0.684343
722 0.018455 0.591985 0.389560
608 0.372770 0.088925 0.538305
526 0.152438 0.410994 0.436567
562 0.916117 0.046429 0.037455
903 0.151922 0.673381 0.174697
1006 0.252634 0.057987 0.689379
718 0.267796 0.372897 0.359308
615 0.631893 0.143699 0.224408
542 0.436396 0.124015 0.439590
563 0.392447 0.032479 0.575074
724 0.025908 0.173743 0.800349
895 0.309440 0.138834 0.551727
715 0.277364 0.224810 0.497826
619 0.315277 0.629978 0.054745
565 0.435833 0.026205 0.537963
600 0.099592 0.691450 0.208958
2031 0.834487 0.052284 0.113229
2032 0.726729 0.243856 0.029415
1806 1.000000 0.000000 0.000000
1825 0.442499 0.133734 0.423767
2039 0.603323 0.016301 0.380376
1799 0.003733 0.629870 0.366396
1750 0.474558 0.253605 0.271837
66 0.142970 0.745263 0.111767
1742 0.080778 0.710149 0.209073
343 0.003012 0.324328 0.672660
3266 0.121877 0.379618 0.498505
1773 0.076716 0.913545 0.009739
1812 0.462180 0.065620 0.472200
1788 0.022408 0.663243 0.314349
303 0.095335 0.877795 0.026870
1748 0.074969 0.394120 0.530911
1769 0.102832 0.305877 0.591292
1782 0.046076 0.703736 0.250188
1776 0.076324 0.026213 0.897463
1821 0.075684 0.339625 0.584691
1794 0.023970 0.089247 0.886783
1847 0.207836 0.037065 0.755099
292 0.754883 0.007814 0.237303
1780 0.068181 0.183279 0.748540
90 0.116153 0.509189 0.374658
2218 0.686755 0.087350 0.225895
2235 0.138845 0.287196 0.573959
2237 0.185124 0.540997 0.273879
2220 0.324616 0.652326 0.023058
2221 0.131670 0.737410 0.130919
2153 0.488135 0.013863 0.498002
2255 0.328142 0.075350 0.596509
2151 0.190961 0.122082 0.686957
2223 0.728818 0.012133 0.259049
2150 0.044400 0.696139 0.259461
2087 0.839415 0.044862 0.115723
2101 0.013818 0.915784 0.070398
2052 0.218028 0.493827 0.288145
2052 0.103927 0.070676 0.825396
2101 0.035456 0.296300 0.668244
1904 0.287337 0.335490 0.377173
2076 0.077817 0.052231 0.869952
2089 0.370757 0.298085 0.331159
1956 0.281390 0.206674 0.511936
1980 0.425158 0.115207 0.459634
2106 0.326808 0.077145 0.596047
7928 0.116251 0.223441 0.660308
2023 0.083629 0.551318 0.365054
80 0.583112 0.340588 0.076300
1926 0.007885 0.798554 0.193561
7935 0.108935 0.517248 0.373818
1914 0.033831 0.006358 0.959811
1909 0.186515 0.227589 0.585896
2200 0.348986 0.291974 0.359040
3016 0.389883 0.601192 0.008925
2893 0.504834 0.375344 0.119823
2138 0.061964 0.278346 0.659690
2149 0.521236 0.453751 0.025013
2279 0.427547 0.158711 0.413743
2222 0.046896 0.926871 0.026233
1964 0.505949 0.265207 0.228844
1943 0.240863 0.427932 0.331205
3224 0.000000 0.317281 0.682719
3266 0.362929 0.525074 0.111997
2024 0.348673 0.383322 0.268005
2018 0.377272 0.583373 0.039355
2077 0.263364 0.179735 0.556901
2160 0.397000 0.337179 0.265821
2174 0.084840 0.621376 0.293784
2175 0.708934 0.135665 0.155402
2229 0.041808 0.420408 0.537785
7948 0.117097 0.155640 0.727263
2189 0.134734 0.392227 0.473039
2285 0.256838 0.425046 0.318116
2304 0.380657 0.576288 0.043055
2216 0.298148 0.540301 0.161550
2197 0.298676 0.344439 0.356884
2412 0.416042 0.325857 0.258100
2556 0.024236 0.962628 0.013135
2370 0.042460 0.577034 0.380506
2345 0.079725 0.347033 0.573243
2609 0.458502 0.505559 0.035939
2791 0.807655 0.027304 0.165042
2952 0.641726 0.248928 0.109345
2877 0.303436 0.421124 0.275440
393 0.017211 0.365620 0.617169
359 0.089590 0.031156 0.879254
2628 0.303453 0.628683 0.067864
402 0.310455 0.072739 0.616807
3034 0.171007 0.047049 0.781944
2849 0.379608 0.497232 0.123160
127 0.288801 0.311020 0.400179
3074 0.298418 0.476051 0.225531
2694 0.613422 0.333046 0.053533
2769 0.498280 0.263788 0.237932
2343 0.373665 0.030994 0.595341
2478 0.906703 0.089780 0.003517
2184 0.105808 0.110109 0.784083
2268 0.132043 0.006752 0.861205
2274 0.648004 0.275773 0.076223
2198 0.007799 0.912364 0.079837
2426 0.387859 0.122140 0.490001
2527 0.050371 0.133293 0.816336
2767 0.489125 0.112178 0.398697
2865 0.419915 0.189232 0.390853
2949 0.296100 0.080596 0.623304
2987 0.439933 0.332371 0.227696
2355 0.840286 0.073396 0.086318
2394 0.389213 0.577644 0.033143
2404 0.141699 0.615336 0.242965
2334 0.240509 0.457728 0.301763
2226 0.546108 0.241755 0.212138
2311 0.147787 0.711684 0.140529
2291 0.135503 0.689478 0.175019
2231 0.262768 0.678595 0.058637
2147 0.223616 0.472759 0.303625
2145 0.706621 0.114805 0.178574
3272 0.073869 0.274100 0.652031
2420 0.831651 0.021557 0.146792
2301 0.022392 0.675795 0.301812
2254 0.126157 0.604526 0.269318
2327 0.128306 0.199487 0.672206
2391 0.155582 0.192175 0.652243
2103 0.236932 0.118509 0.644558
2155 0.645414 0.284151 0.070435
1982 0.041032 0.657869 0.301099
1982 0.602038 0.138183 0.259779
2086 0.053111 0.454135 0.492754
2331 0.239688 0.051666 0.708646
2287 0.640151 0.064143 0.295707
2222 0.041545 0.547873 0.410582
2278 0.303327 0.187619 0.509053
2463 0.429608 0.228365 0.342027
2510 0.066256 0.702628 0.231116
2448 0.343806 0.613161 0.043032
2445 0.531555 0.379840 0.088605
2621 0.769423 0.186611 0.043966
2456 0.054553 0.263586 0.681861
2460 0.095186 0.159458 0.745356
2804 0.406932 0.578394 0.014673
2905 0.148146 0.224495 0.627359
3092 0.233418 0.513780 0.252802
2777 0.191915 0.781701 0.026384
2708 0.148370 0.033539 0.818091
2827 0.485841 0.311959 0.202200
2760 0.314239 0.649287 0.036474
2666 0.213956 0.700257 0.085786
2380 0.316939 0.454887 0.228174
2393 0.171986 0.500796 0.327218
2529 0.651480 0.172107 0.176413
2504 0.382411 0.470950 0.146639
2381 0.175778 0.068861 0.755361
2164 0.408516 0.002777 0.588707
2195 0.099527 0.709933 0.190539
2303 0.106263 0.581125 0.312612
2297 0.390549 0.566852 0.042600
2312 0.391782 0.378041 0.230178
2302 0.404365 0.588993 0.006642
2194 0.245596 0.731990 0.022414
2210 0.724114 0.064060 0.211826
2317 0.259399 0.395798 0.344803
2315 0.609672 0.308282 0.082046
2212 0.583896 0.247359 0.168745
2215 0.204576 0.599080 0.196343
2559 0.006115 0.842587 0.151298
2558 0.215279 0.663288 0.121434
2411 0.594656 0.072453 0.332891
2410 0.107003 0.528491 0.364506
2595 0.012180 0.050006 0.937814
2441 0.354075 0.108134 0.537792
2442 0.069952 0.556350 0.373698
2871 0.517873 0.328780 0.153347
2869 0.616452 0.379052 0.004496
2725 0.047198 0.846587 0.106215
2597 0.880133 0.010540 0.109327
2754 0.215664 0.334682 0.449654
2847 0.452633 0.502737 0.044630
2729 0.097181 0.350593 0.552226
2677 0.000675 0.605819 0.393506
3148 0.001935 0.757565 0.240499
2963 0.089580 0.099127 0.811292
2960 0.020991 0.575502 0.403507
3007 0.072460 0.856304 0.071236
3095 0.013547 0.893658 0.092795
3162 0.015333 0.523489 0.461178
3158 0.060227 0.100657 0.839116
3155 0.750902 0.183776 0.065322
1855 0.242842 0.686031 0.071127
343 0.266676 0.276450 0.456874
342 0.834032 0.152978 0.012990
1808 0.031221 0.507068 0.461711
1819 0.759824 0.111686 0.128490
1752 0.129506 0.615928 0.254566
1802 0.335662 0.402450 0.261889
2026 0.547956 0.133129 0.318914
2038 0.318782 0.186255 0.494963
2019 0.103238 0.617021 0.279741
1996 0.420226 0.255692 0.324082
1931 0.552800 0.142902 0.304297
1961 0.842076 0.021974 0.135950
1960 0.457765 0.440672 0.101563
1963 0.108668 0.059561 0.831771
2033 0.405566 0.210715 0.383718
2040 0.391800 0.309865 0.298335
1903 0.100498 0.388147 0.511355
1879 0.088975 0.349448 0.561577
1827 0.088851 0.250476 0.660672
1924 0.288837 0.640742 0.070421
1963 0.671896 0.083263 0.244841
2030 0.367732 0.426913 0.205355
1730 0.426998 0.213009 0.359994
1826 0.155879 0.029404 0.814716
2041 0.792115 0.014355 0.193530
1859 0.758920 0.033519 0.207561
1794 0.045276 0.936152 0.018572
1796 0.040019 0.735662 0.224319
1826 0.011468 0.981484 0.007048
2848 0.163309 0.259959 0.576732
2766 0.816930 0.159835 0.023236
2721 0.059264 0.592472 0.348264
2646 0.052137 0.551482 0.396381
2741 0.605471 0.192271 0.202258
2950 0.045034 0.328917 0.626049
2935 0.363187 0.472276 0.164537
2937 0.676112 0.276256 0.047632
2939 0.312343 0.674947 0.012711
2911 0.449352 0.168416 0.382232
2918 0.856266 0.107198 0.036536
2878 0.448372 0.347434 0.204194
2738 0.057184 0.382520 0.560296
2723 0.441087 0.470605 0.088308
2653 0.153259 0.517137 0.329604
2630 0.162290 0.085728 0.751982
2594 0.943257 0.038951 0.017792
2627 0.551583 0.054982 0.393435
2703 0.002810 0.063421 0.933769
2874 0.067154 0.562298 0.370548
2989 0.399054 0.353267 0.247679
3031 0.606700 0.067708 0.325592
2984 0.110836 0.814915 0.074249
2715 0.171372 0.266846 0.561782
2631 0.331119 0.316562 0.352319
2875 0.660949 0.143722 0.195329
2970 0.236293 0.413978 0.349730
3011 0.579457 0.357140 0.063403
2984 0.063626 0.273199 0.663175
2835 0.127804 0.059111 0.813086
2722 0.212180 0.128486 0.659333
2876 0.161536 0.094166 0.744298
2953 0.300772 0.363925 0.335303
2986 0.000932 0.418764 0.580304
2949 0.822097 0.124439 0.053464
7932 0.307850 0.455678 0.236473
7732 0.429664 0.499562 0.070774
7923 0.115213 0.179123 0.705664
7923 0.374448 0.438789 0.186762
7942 0.614546 0.148769 0.236686
7925 0.451263 0.131522 0.417215
1961 0.057668 0.549789 0.392542
1963 0.042249 0.847459 0.110292
7925 0.086816 0.547944 0.365240
7913 0.221196 0.050857 0.727947
7913 0.140099 0.750775 0.109127
7925 0.916783 0.041006 0.042211
7917 0.353258 0.155219 0.491522
2133 0.144407 0.588467 0.267126
336 0.213482 0.368446 0.418072
1949 0.283146 0.041834 0.675020
7919 0.196609 0.170552 0.632839
2186 0.449085 0.342083 0.208832
7984 0.314404 0.159019 0.526577
8152 0.319868 0.161139 0.518992
8240 0.033710 0.687289 0.279001
8207 0.023722 0.391331 0.584947
8153 0.216405 0.113828 0.669768
7950 0.540923 0.313428 0.145650
2257 0.008923 0.166920 0.824157
2183 0.613370 0.233797 0.152833
2181 0.121642 0.454974 0.423384
8138 0.670682 0.259512 0.069805
8195 0.352833 0.161265 0.485903
2711 0.596596 0.112737 0.290667
8406 0.644303 0.229654 0.126043
8704 0.035022 0.359472 0.605505
8638 0.099675 0.068758 0.831567
8516 0.345871 0.610672 0.043457
8585 0.706059 0.187922 0.106019
3004 0.239833 0.000000 0.760167
2999 0.471809 0.305929 0.222262
8714 0.352298 0.476424 0.171278
3147 0.086771 0.293976 0.619253
7969 1.000000 0.000000 0.000000
8001 0.482239 0.153250 0.364511
8043 0.641633 0.299849 0.058517
7979 0.052710 0.738907 0.208383
7961 0.453746 0.513504 0.032750
8049 0.174926 0.496529 0.328545
8108 0.423073 0.000523 0.576404
8115 0.335944 0.371472 0.292584
8077 0.642012 0.118730 0.239259
2320 0.470123 0.202215 0.327662
8085 0.125331 0.651183 0.223486
7737 0.056073 0.707702 0.236225
2289 0.122506 0.475928 0.401566
8129 0.024379 0.502926 0.472695
2372 0.401171 0.425109 0.173720
2403 0.347991 0.454541 0.197468
8187 0.110676 0.459533 0.429791
8288 0.440883 0.257241 0.301876
8266 0.059838 0.571425 0.368737
8241 0.221155 0.525019 0.253827
2459 0.285797 0.254877 0.459327
8715 0.056535 0.338666 0.604799
8730 0.423613 0.542964 0.033424
8672 0.191953 0.540308 0.267740
8699 0.330432 0.054077 0.615491
8513 0.499863 0.291256 0.208881
8649 0.431479 0.518212 0.050309
8658 0.518119 0.193230 0.288651
8499 0.601442 0.051178 0.347380
131 0.652288 0.127970 0.219741
133 0.447809 0.504598 0.047593
8739 0.826881 0.066274 0.106845
8723 0.280916 0.419809 0.299275
2897 0.087226 0.286705 0.626069
3015 0.701540 0.229582 0.068878
8639 0.485778 0.442129 0.072093
8502 0.192523 0.655915 0.151562
2757 0.126371 0.123574 0.750055
8245 0.375604 0.215401 0.408995
2633 0.099955 0.209821 0.690224
2910 0.760039 0.179999 0.059962
2838 0.042906 0.694941 0.262153
2841 0.130447 0.282140 0.587414
8340 0.664831 0.154764 0.180405
8385 0.552704 0.119053 0.328243
8308 0.013324 0.312007 0.674669
8364 0.187790 0.751609 0.060600
8373 0.522392 0.048024 0.429584
8353 0.530338 0.010067 0.459596
2619 0.181137 0.483151 0.335712
2705 0.430511 0.204474 0.365014
2835 0.049639 0.557459 0.392902
2758 0.551703 0.000443 0.447855
2712 0.085499 0.284535 0.629966
2634 0.233999 0.741901 0.024100
2562 0.147993 0.330721 0.521286
7967 0.250940 0.207021 0.542038
7918 0.014229 0.695066 0.290705
7925 0.105379 0.059041 0.835581
7735 0.124789 0.131669 0.743542
8008 0.309433 0.431224 0.259342
7798 0.489038 0.114118 0.396845
7797 0.133595 0.482641 0.383764
7966 0.072098 0.322606 0.605296
9014 0.308269 0.127839 0.563892
9025 0.233099 0.149954 0.616947
9113 0.724832 0.093469 0.181699
9072 0.378399 0.030095 0.591506
8836 0.319640 0.348384 0.331977
8911 0.158781 0.768364 0.072855
8747 0.349895 0.166233 0.483872
8929 0.485310 0.345237 0.169453
8779 0.944592 0.051457 0.003950
8786 0.145848 0.616987 0.237165
8839 0.349273 0.611259 0.039467
8798 0.172098 0.028235 0.799666
8783 0.800786 0.181037 0.018176
8780 0.108746 0.811502 0.079752
8792 0.713364 0.264448 0.022188
8802 0.418179 0.536340 0.045481
8835 0.360446 0.336918 0.302636
8791 0.148770 0.318681 0.532549
8797 0.009967 0.497259 0.492774
8906 0.818068 0.059663 0.122268
9123 0.523102 0.246990 0.229909
8988 0.528968 0.466350 0.004681
9070 0.479165 0.252682 0.268153
9137 0.082683 0.124953 0.792363
8938 0.640742 0.188143 0.171115
8930 0.192151 0.299380 0.508469
8861 0.399206 0.336184 0.264610
8887 0.508968 0.310950 0.180082
9139 0.620019 0.123094 0.256887
9077 0.406925 0.579401 0.013674
9079 0.336719 0.522371 0.140911
9135 0.135385 0.544429 0.320186
8880 0.370133 0.538710 0.091157
8843 0.265446 0.652684 0.081870
8841 0.461058 0.191664 0.347278
8877 0.721891 0.190908 0.087201
8888 0.139472 0.810478 0.050050
8833 0.190106 0.027458 0.782435
8883 0.198898 0.614519 0.186583
8914 0.656073 0.282755 0.061172
8975 0.067700 0.892675 0.039625
8958 0.714090 0.129621 0.156289
8971 0.391134 0.430600 0.178266
8974 0.336557 0.643716 0.019727
9036 0.409622 0.322356 0.268022
9027 0.413352 0.347882 0.238767
9080 0.396860 0.086959 0.516181
9086 0.401799 0.223073 0.375128
9038 0.328287 0.494968 0.176744
9041 0.695893 0.212305 0.091802
9085 0.656770 0.305186 0.038044
9082 0.280410 0.527033 0.192557
8922 0.043961 0.942293 0.013746
8976 0.053400 0.110441 0.836159
8999 0.840637 0.142367 0.016996
8920 0.403052 0.515938 0.081009
8922 0.817084 0.020272 0.162644
8879 0.568658 0.051754 0.379588
8875 0.636660 0.169576 0.193764
8866 0.260244 0.456962 0.282795
8869 0.636452 0.077136 0.286412
8941 0.296415 0.064290 0.639295
8884 0.569083 0.251932 0.178985
8872 0.512269 0.343117 0.144614
8985 0.034322 0.357501 0.608177
9117 0.291361 0.136562 0.572077
9061 0.245504 0.473076 0.281421
9057 0.342598 0.461452 0.195951
9111 0.258703 0.641322 0.099975
8849 0.173470 0.382213 0.444317
8902 0.028385 0.429419 0.542196
9043 0.403749 0.419733 0.176517
9099 0.632691 0.150454 0.216855
8863 0.034517 0.614894 0.350590
8846 0.067490 0.224406 0.708104
8921 0.133483 0.827047 0.039470
8992 0.154335 0.688677 0.156988
9008 0.082943 0.344578 0.572480
9058 0.227247 0.078120 0.694633
9170 0.563259 0.272770 0.163971
9169 0.411347 0.160837 0.427815
9131 0.405687 0.203317 0.390996
9133 0.427389 0.284413 0.288199
9167 0.060921 0.724898 0.214181
9163 0.153345 0.053213 0.793442
9121 0.174052 0.135316 0.690632
9127 0.139994 0.710066 0.149940
9153 0.587893 0.055376 0.356731
9109 0.639573 0.176349 0.184078
9154 0.345013 0.003565 0.651423
9223 0.343037 0.502900 0.154062
9232 0.561355 0.212278 0.226367
9266 0.478745 0.377128 0.144126
9172 0.129352 0.494027 0.376622
9164 0.609546 0.123351 0.267103
9282 0.183491 0.238393 0.578117
9291 0.194592 0.445524 0.359884
9204 0.302851 0.001534 0.695615
9198 0.357504 0.411413 0.231083
9298 0.056117 0.431287 0.512596
9307 0.378220 0.460186 0.161594
9196 0.276732 0.146070 0.577199
9206 0.094310 0.661788 0.243902
8755 0.172188 0.729691 0.098121
9184 0.049789 0.073512 0.876699
9177 0.452349 0.258270 0.289381
9124 0.451352 0.092944 0.455705
9180 0.709591 0.233813 0.056596
9181 0.023524 0.452102 0.524374
9293 0.626557 0.171331 0.202112
9219 0.122893 0.053803 0.823304
9439 0.373650 0.047068 0.579282
9441 0.039643 0.047432 0.912925
9263 0.310178 0.569264 0.120557
9297 0.182054 0.430091 0.387855
9425 0.893993 0.005468 0.100539
8767 0.192311 0.573940 0.233749
9318 0.307157 0.202279 0.490564
9376 0.013154 0.120871 0.865975
9288 0.369475 0.109407 0.521118
9260 0.510551 0.458292 0.031156
9450 0.185503 0.671265 0.143232
9476 0.012935 0.208810 0.778255
9461 0.107811 0.873255 0.018934
9410 0.765179 0.183257 0.051564
9449 0.210628 0.089090 0.700282
9470 0.131501 0.678614 0.189885
9488 0.188438 0.087113 0.724449
9467 0.024588 0.870257 0.105155
9254 0.410095 0.488044 0.101862
9320 1.000000 0.000000 0.000000
9383 0.031095 0.144829 0.824076
9382 0.312897 0.633118 0.053984
9203 0.241617 0.037052 0.721330
9241 0.169257 0.201299 0.629444
9236 0.920521 0.020536 0.058943
9162 0.000000 0.123841 0.876159
9280 0.608199 0.334131 0.057670
9251 0.281541 0.687506 0.030953
9231 0.386395 0.063983 0.549622
9239 0.413843 0.130287 0.455869
9389 0.279758 0.160725 0.559517
9353 0.220658 0.521250 0.258092
9473 0.243288 0.185738 0.570974
9462 0.113577 0.856687 0.029736
9462 0.203228 0.031956 0.764815
9388 0.053402 0.197300 0.749298
9525 0.028942 0.703390 0.267668
9524 0.467583 0.524913 0.007504
8771 0.400771 0.032197 0.567032
9518 0.178735 0.686870 0.134395
9478 0.156168 0.742022 0.101810
9398 0.125082 0.105121 0.769797
9368 0.043884 0.131561 0.824555
9456 0.097026 0.225623 0.677351
9537 0.343448 0.096250 0.560301
9529 0.356755 0.044479 0.598766
9517 0.854018 0.075048 0.070934
9514 0.239398 0.674353 0.086249
9495 0.017635 0.886431 0.095934
9497 0.335896 0.115535 0.548570
9435 0.312923 0.174822 0.512255
9420 0.002400 0.195707 0.801893
9546 0.183116 0.064924 0.751960
9551 0.179383 0.462316 0.358301
9535 0.207794 0.466536 0.325670
9533 0.150285 0.781408 0.068308
9531 0.195530 0.635770 0.168699
9542 0.176189 0.615539 0.208272
9552 0.267970 0.350388 0.381642
9544 0.140097 0.107929 0.751973
9445 0.710814 0.164098 0.125088
9475 0.939229 0.033305 0.027466
9474 0.075246 0.800861 0.123894
9498 0.194921 0.046837 0.758243
9362 0.054831 0.517588 0.427581
9454 0.106844 0.855108 0.038049
9444 0.048633 0.617981 0.333385
9184 0.030427 0.756748 0.212825
9278 0.050584 0.490817 0.458599
9242 0.075242 0.387825 0.536933
9243 0.446228 0.063949 0.489823
8095 0.265873 0.155579 0.578548
8134 0.494411 0.419216 0.086373
8134 0.072612 0.511796 0.415592
8095 0.525080 0.274573 0.200347
8148 0.235240 0.158621 0.606139
8190 0.198665 0.557243 0.244092
8144 0.437060 0.211715 0.351224
8128 0.424578 0.266921 0.308501
8019 0.192748 0.318119 0.489133
8059 0.214657 0.191325 0.594018
8059 0.493402 0.277039 0.229559
8019 0.520401 0.290363 0.189236
8279 0.696964 0.157135 0.145901
8293 0.779754 0.185568 0.034678
8233 0.121237 0.166336 0.712427
8226 0.249016 0.690484 0.060500
7862 0.099343 0.312894 0.587763
7870 0.186283 0.539743 0.273974
8267 0.375988 0.073456 0.550556
7853 0.488695 0.292726 0.218578
8168 0.168586 0.384067 0.447347
8112 0.181175 0.219116 0.599709
8113 0.139555 0.477894 0.382551
8159 0.358675 0.356112 0.285213
8121 0.613087 0.221640 0.165272
7826 0.296980 0.246357 0.456664
8088 0.252508 0.176148 0.571344
8101 0.655517 0.069650 0.274832
7724 0.237736 0.298080 0.464184
7847 0.183521 0.128935 0.687544
8162 0.382764 0.080692 0.536545
8120 0.912004 0.062584 0.025411
7800 0.032852 0.259928 0.707220
7812 0.187169 0.589994 0.222837
8033 0.274388 0.565134 0.160478
7993 0.471577 0.347904 0.180519
7781 0.052415 0.157883 0.789702
7779 0.956123 0.014043 0.029834
7769 0.089762 0.244917 0.665322
7952 0.035263 0.156138 0.808599
7816 0.333751 0.326517 0.339732
7809 0.292576 0.296612 0.410812
8029 0.372854 0.608126 0.019020
8053 0.506693 0.323974 0.169333
7988 0.770078 0.053687 0.176235
7941 0.309036 0.311683 0.379280
7977 0.007242 0.937575 0.055183
7989 0.470022 0.470393 0.059585
7955 0.420078 0.267227 0.312695
7956 0.369524 0.166741 0.463735
7734 0.315936 0.560424 0.123640
7954 0.025810 0.629729 0.344462
2241 0.492296 0.268060 0.239645
7958 0.473774 0.506692 0.019534
7995 0.203004 0.673363 0.123633
2259 0.387980 0.172067 0.439953
8230 0.519374 0.314455 0.166171
8227 0.464534 0.161950 0.373515
8179 0.054837 0.929567 0.015596
8248 0.239543 0.044284 0.716173
8263 0.344123 0.228851 0.427025
8278 0.038985 0.720972 0.240043
8169 0.916612 0.041018 0.042371
8170 0.516139 0.019510 0.464351
7881 0.689042 0.014102 0.296856
7871 0.280576 0.110734 0.608690
8351 0.052553 0.186456 0.760991
8390 0.440791 0.133026 0.426182
8413 0.032332 0.781698 0.185969
8318 0.399208 0.370769 0.230023
8318 0.159861 0.158746 0.681393
7890 0.630019 0.123476 0.246505
7889 0.181897 0.593883 0.224220
8475 0.521730 0.204580 0.273690
8589 0.305296 0.363642 0.331062
8538 0.377622 0.509179 0.113199
8489 0.597873 0.286314 0.115812
8517 0.327307 0.604271 0.068422
7906 0.722172 0.110656 0.167172
7897 0.321363 0.126713 0.551923
8536 0.343069 0.415211 0.241720
8546 0.794107 0.153047 0.052846
8645 0.821385 0.000000 0.178615
8575 0.175333 0.759331 0.065335
8562 0.173546 0.663403 0.163051
8635 0.622156 0.185912 0.191932
7878 0.097641 0.253147 0.649212
7884 0.203182 0.134061 0.662757
8397 0.423070 0.005511 0.571419
7751 0.031666 0.679609 0.288725
7894 0.080891 0.532925 0.386185
7910 0.272137 0.339993 0.387870
8509 0.001365 0.104437 0.894198
8455 0.761981 0.057886 0.180133
8528 0.691340 0.141976 0.166685
8473 0.072936 0.814469 0.112595
8600 0.168779 0.654339 0.176882
8574 0.190451 0.338785 0.470764
8341 0.136140 0.083857 0.780003
8419 0.601549 0.310910 0.087541
8429 0.064800 0.745873 0.189327
8371 0.152957 0.049708 0.797335
9316 0.704693 0.015504 0.279803
9316 0.658799 0.337928 0.003273
9304 0.173093 0.261753 0.565154
9354 0.117714 0.464271 0.418016
9285 0.749339 0.168741 0.081921
9284 0.477461 0.257418 0.265122
9321 0.077332 0.163271 0.759397
9269 0.272386 0.094310 0.633304
8376 0.052979 0.516234 0.430787
8375 0.275666 0.511593 0.212742
11433 0.198091 0.702307 0.099602
11827 0.224672 0.284506 0.490822
11422 0.058743 0.279171 0.662086
11393 0.017226 0.447782 0.534993
11831 0.548860 0.237529 0.213612
11390 0.374079 0.340318 0.285603
11822 1.000000 0.000000 0.000000
11281 0.206346 0.064515 0.729139
11387 0.113412 0.365534 0.521054
11469 0.463313 0.140430 0.396257
11844 0.195989 0.080243 0.723768
11463 0.209941 0.356375 0.433684
11482 0.000000 0.886197 0.113803
11849 0.089340 0.385478 0.525182
11475 0.037754 0.454352 0.507894
11490 0.283541 0.537753 0.178706
11851 0.290855 0.460041 0.249104
11484 0.449458 0.463677 0.086865
11498 0.289988 0.471597 0.238415
11254 0.473028 0.193208 0.333765
11492 0.326252 0.056905 0.616843
11509 0.314293 0.578349 0.107359
11748 0.122824 0.666665 0.210511
11499 0.120151 0.397009 0.482840
11757 0.667127 0.169341 0.163532
11740 0.328198 0.443037 0.228766
11805 0.301653 0.262006 0.436342
11532 0.534881 0.399626 0.065493
11747 0.275659 0.267655 0.456686
11317 0.006980 0.742298 0.250722
11291 0.057324 0.821572 0.121104
11536 0.022085 0.528578 0.449337
11416 0.464067 0.260922 0.275011
11425 0.349552 0.543749 0.106699
11067 0.518377 0.431218 0.050405
11415 0.540542 0.396515 0.062943
11146 0.469735 0.516604 0.013661
11144 0.109664 0.129955 0.760381
11150 0.043738 0.036793 0.919469
11151 0.190739 0.083833 0.725429
11153 0.125262 0.161920 0.712818
11159 0.072129 0.049584 0.878287
11173 0.823156 0.004818 0.172026
11171 0.009314 0.478803 0.511883
11181 0.002746 0.990305 0.006948
11183 0.008524 0.388441 0.603035
11596 0.433704 0.258422 0.307874
11598 0.364361 0.182074 0.453565
11591 0.244370 0.272804 0.482826
11588 0.555943 0.084364 0.359693
11603 0.142751 0.000000 0.857249
11603 0.191203 0.582415 0.226381
11604 0.615878 0.344052 0.040071
11604 0.066447 0.921001 0.012553
11612 0.966988 0.028547 0.004465
11612 0.385218 0.535956 0.078827
11618 0.354535 0.436267 0.209198
11619 0.852755 0.042010 0.105235
11620 0.035826 0.278876 0.685298
11621 0.343356 0.329887 0.326757
11627 0.224996 0.327479 0.447525
11626 0.017496 0.218082 0.764422
11629 0.182861 0.779302 0.037836
11626 0.596241 0.206601 0.197158
11053 0.531373 0.140003 0.328624
11507 0.606001 0.261441 0.132558
10928 0.376234 0.069014 0.554752
10839 0.268176 0.060987 0.670837
11054 0.643670 0.036317 0.320014
11136 0.055435 0.795751 0.148814
11814 0.016226 0.638535 0.345238
11806 0.213194 0.087767 0.699039
11575 0.065793 0.094992 0.839215
11572 0.605425 0.338320 0.056255
11581 0.271434 0.526099 0.202467
11380 0.000000 0.203559 0.796441
11083 0.062898 0.787512 0.149589
11075 0.039500 0.552586 0.407913
11645 0.164254 0.048676 0.787071
11654 0.208658 0.760259 0.031083
11652 0.121250 0.236943 0.641807
11524 0.098057 0.525569 0.376373
11654 0.147712 0.255441 0.596847
11538 0.129779 0.423566 0.446656
11544 0.638365 0.057489 0.304146
11657 0.530755 0.336230 0.133015
11547 0.141455 0.820534 0.038011
11553 0.299807 0.449198 0.250995
11543 0.497038 0.378554 0.124407
11541 0.635780 0.148036 0.216185
11557 0.230653 0.251473 0.517874
11561 0.131241 0.365034 0.503725
11551 0.270154 0.450403 0.279443
11548 0.797301 0.179419 0.023280
11568 0.632275 0.032175 0.335550
11562 0.299283 0.052229 0.648488
11570 0.341377 0.484488 0.174136
11576 0.618436 0.360846 0.020718
11093 0.129238 0.696184 0.174577
11084 0.100728 0.817294 0.081978
11101 0.206845 0.006546 0.786609
11099 0.155623 0.311698 0.532678
11115 0.305400 0.641552 0.053049
11108 0.244633 0.018820 0.736547
11123 0.133002 0.287375 0.579624
11117 0.342152 0.654148 0.003700
11123 0.678125 0.291029 0.030846
11126 0.325243 0.118518 0.556240
10906 0.163262 0.686885 0.149853
10916 0.225860 0.575704 0.198436
10907 0.039512 0.059551 0.900937
10858 0.621316 0.216670 0.162014
10863 0.417110 0.000078 0.582812
10861 0.024739 0.158723 0.816539
10866 0.098495 0.665771 0.235734
11193 0.181693 0.497855 0.320451
11196 0.405929 0.261737 0.332334
11174 0.961300 0.036390 0.002311
11168 0.458349 0.531430 0.010220
11166 0.226481 0.768506 0.005013
11207 0.234291 0.020596 0.745113
10834 0.123686 0.096072 0.780242
10833 0.009854 0.132951 0.857196
10831 0.068581 0.262521 0.668898
10835 0.473937 0.325290 0.200773
10937 0.328452 0.296508 0.375040
10935 0.135394 0.236339 0.628268
10925 0.094421 0.498970 0.406610
10922 0.566489 0.039032 0.394479
10920 0.330543 0.273289 0.396169
10920 0.215632 0.771061 0.013307
10914 0.291741 0.577342 0.130917
4548 0.279398 0.518009 0.202593
3596 0.441858 0.056901 0.501240
4562 0.311065 0.125765 0.563170
4561 0.622666 0.220192 0.157142
4557 0.173145 0.431571 0.395283
4565 0.284438 0.259046 0.456516
1689 0.076115 0.456321 0.467564
1671 0.030832 0.182978 0.786190
4566 0.618121 0.232196 0.149683
4564 0.296353 0.179502 0.524145
4563 0.918208 0.040514 0.041277
4565 0.060918 0.918813 0.020269
4568 0.466506 0.346072 0.187422
1411 0.328705 0.396988 0.274307
221 0.517924 0.149877 0.332199
1680 0.026131 0.543256 0.430613
4555 0.283918 0.127776 0.588305
1470 0.535466 0.361906 0.102628
4501 0.159663 0.524611 0.315727
4350 0.019067 0.884764 0.096169
4258 0.309530 0.277365 0.413105
4233 0.165750 0.204914 0.629336
4291 0.016978 0.268995 0.714027
4533 0.338561 0.151344 0.510095
1335 0.065364 0.740951 0.193685
1468 0.319182 0.211984 0.468834
1385 0.130501 0.415972 0.453527
4371 0.186882 0.599046 0.214072
4301 0.534573 0.132553 0.332874
870 0.194320 0.316705 0.488975
4063 0.323159 0.481171 0.195670
3876 0.028244 0.274784 0.696972
3944 0.025966 0.026032 0.948002
3982 0.179935 0.246713 0.573352
3913 0.412548 0.216949 0.370503
575 0.152775 0.271972 0.575253
598 0.250069 0.114321 0.635610
3820 0.405364 0.425089 0.169547
437 0.161195 0.772511 0.066294
4511 0.673877 0.271492 0.054631
4484 0.100766 0.440729 0.458505
4451 0.099924 0.876314 0.023762
4481 0.210202 0.192344 0.597453
4515 0.244918 0.708508 0.046573
4436 0.237206 0.219600 0.543194
4398 0.116636 0.039556 0.843808
4367 0.750839 0.183442 0.065719
4409 0.147411 0.646152 0.206437
1247 0.268984 0.476308 0.254708
4402 0.377725 0.149746 0.472529
4465 0.235738 0.260421 0.503841
1277 0.435333 0.515190 0.049477
4370 0.253943 0.036098 0.709958
1199 0.476521 0.408992 0.114487
1168 0.163500 0.187936 0.648564
4304 0.824287 0.108175 0.067538
4192 0.404952 0.549757 0.045291
4202 0.237423 0.393185 0.369392
3582 0.102124 0.217381 0.680495
1064 0.709602 0.255768 0.034630
3754 0.109922 0.191433 0.698646
3772 0.352574 0.484307 0.163119
3801 0.342625 0.027693 0.629682
3773 0.541807 0.046227 0.411966
4015 0.559577 0.439457 0.000966
3798 0.239110 0.318174 0.442717
3809 0.360367 0.032307 0.607326
3985 0.211356 0.517971 0.270673
468 0.846238 0.091447 0.062314
9 0.682456 0.039057 0.278487
3560 0.190773 0.747715 0.061513
3766 0.303257 0.338298 0.358445
734 0.309983 0.025872 0.664145
630 0.272743 0.628205 0.099052
3844 0.414891 0.558524 0.026585
4018 0.357743 0.305113 0.337145
791 0.056653 0.716838 0.226509
4250 0.469078 0.369013 0.161908
1010 0.055341 0.921701 0.022957
626 0.210536 0.688772 0.100692
728 0.868656 0.072481 0.058862
681 0.032118 0.114068 0.853813
4100 0.714282 0.112611 0.173107
4099 0.281824 0.436231 0.281944
4139 0.235759 0.543671 0.220570
4128 0.571182 0.224663 0.204155
4108 0.428705 0.557700 0.013594
4133 0.445504 0.036247 0.518248
883 0.116683 0.787559 0.095758
882 0.266704 0.488559 0.244737
725 0.128794 0.481991 0.389215
792 0.339214 0.101124 0.559662
873 0.253285 0.141762 0.604953
944 0.736239 0.034304 0.229457
1058 0.029742 0.334700 0.635558
4530 0.483407 0.261287 0.255306
4568 0.005073 0.303760 0.691167
4566 0.134744 0.254369 0.610886
3594 0.132808 0.743683 0.123510
4486 0.261536 0.499697 0.238766
3715 0.101440 0.321868 0.576692
3716 0.571053 0.130164 0.298783
4494 0.058556 0.622243 0.319201
5149 0.604527 0.292239 0.103235
5170 0.298490 0.232840 0.468669
5072 0.262804 0.664107 0.073089
5087 0.673817 0.295867 0.030316
5362 0.559928 0.170455 0.269617
5231 0.199079 0.337530 0.463391
4597 0.453608 0.291548 0.254843
5282 0.350288 0.282591 0.367120
5380 0.039362 0.797067 0.163572
5376 0.758033 0.038361 0.203607
5345 0.486486 0.391704 0.121810
5355 0.349430 0.188672 0.461899
5374 0.040682 0.790023 0.169295
5383 0.046268 0.105596 0.848135
5360 0.339702 0.496657 0.163641
5358 0.457590 0.428984 0.113426
5352 0.226571 0.103923 0.669506
5369 0.031920 0.695862 0.272218
5357 0.161923 0.534865 0.303212
5298 0.162049 0.829876 0.008075
5044 0.355553 0.270221 0.374226
5130 0.493520 0.459335 0.047145
5090 0.610558 0.271761 0.117681
5028 0.054876 0.045300 0.899824
5222 0.527543 0.239528 0.232928
5253 0.342014 0.187910 0.470076
5300 0.209588 0.181275 0.609137
5270 0.294765 0.360912 0.344323
5030 0.148726 0.576156 0.275118
5080 0.413591 0.087543 0.498866
5083 0.482102 0.498541 0.019357
5033 0.261265 0.623451 0.115284
5274 0.769113 0.126061 0.104825
5305 0.155171 0.276737 0.568092
5306 0.090006 0.311650 0.598343
5272 0.204638 0.631462 0.163900
5279 0.894170 0.069489 0.036342
5335 0.167822 0.811286 0.020892
5297 0.366804 0.373454 0.259742
5242 0.329087 0.467261 0.203652
5199 0.118492 0.264998 0.616510
5232 0.490452 0.260317 0.249231
5159 0.215887 0.357314 0.426799
5126 0.509226 0.314782 0.175991
5104 0.502714 0.009282 0.488004
5137 0.310846 0.369385 0.319769
5084 0.327614 0.248621 0.423765
5069 0.388092 0.470852 0.141056
5094 0.516557 0.119824 0.363620
5096 0.339505 0.306139 0.354356
5066 0.450317 0.118228 0.431455
5064 0.628551 0.004683 0.366766
5213 0.015724 0.899036 0.085241
5179 0.299553 0.030133 0.670314
5116 0.298439 0.341875 0.359686
5215 0.080033 0.357647 0.562320
5214 0.210902 0.766887 0.022211
5266 0.061436 0.658319 0.280245
5246 0.242775 0.553316 0.203909
5245 0.690862 0.117894 0.191244
5264 0.094278 0.707815 0.197907
5220 0.081040 0.406118 0.512842
5268 0.601794 0.206708 0.191498
5262 0.679709 0.160541 0.159750
5224 0.041888 0.537555 0.420557
5040 0.148279 0.335912 0.515809
5093 0.421477 0.560986 0.017537
5128 0.493841 0.057536 0.448623
5051 0.243924 0.590240 0.165836
5310 0.178407 0.073492 0.748101
5287 0.228720 0.095276 0.676004
5156 0.170989 0.241214 0.587797
5058 0.163412 0.705127 0.131461
5244 0.110296 0.430292 0.459412
5309 0.080619 0.159154 0.760227
5219 0.374252 0.092487 0.533260
5186 0.633083 0.230069 0.136848
5134 0.191031 0.168619 0.640350
5076 0.067723 0.575467 0.356810
4972 0.694961 0.041047 0.263992
4974 0.212932 0.436741 0.350327
5020 0.272789 0.375478 0.351733
5026 0.352146 0.343643 0.304210
4979 0.124389 0.461850 0.413762
4988 0.112759 0.218699 0.668542
5024 0.214637 0.136382 0.648981
5023 0.221553 0.469086 0.309361
4997 0.127150 0.038852 0.833998
5039 0.264746 0.062548 0.672706
5011 0.121745 0.362438 0.515817
4947 0.123776 0.493572 0.382651
4942 0.656151 0.168690 0.175159
4872 0.337447 0.612456 0.050096
4995 0.432902 0.171658 0.395440
5002 0.628263 0.120420 0.251317
4899 0.294974 0.036482 0.668544
4901 0.123785 0.569260 0.306955
4969 0.185697 0.310827 0.503475
4985 0.585631 0.198391 0.215978
4905 0.018969 0.458123 0.522908
4907 0.334952 0.540223 0.124825
4987 0.389103 0.258980 0.351918
4971 0.735536 0.024813 0.239650
4589 0.029207 0.256101 0.714692
4993 0.169782 0.243737 0.586481
4980 0.277379 0.401177 0.321444
5035 0.317675 0.481903 0.200421
4961 0.053527 0.026494 0.919979
4958 0.000088 0.099446 0.900465
4858 0.348785 0.258624 0.392591
4923 0.131488 0.733235 0.135277
4724 0.165295 0.311199 0.523505
4673 0.010528 0.943100 0.046372
4881 0.567157 0.153899 0.278944
4584 0.064062 0.165184 0.770755
4675 0.007245 0.991299 0.001456
4578 0.328203 0.070537 0.601259
4797 0.536538 0.149385 0.314077
4759 0.019130 0.938507 0.042363
4835 0.331449 0.218884 0.449667
4839 0.038111 0.318625 0.643264
4719 0.897428 0.093810 0.008762
4681 0.132655 0.058004 0.809341
4744 0.037056 0.002636 0.960308
4742 0.119067 0.773884 0.107049
4662 0.024567 0.776948 0.198485
4663 0.753138 0.048709 0.198154
4657 0.209999 0.097311 0.692689
4673 0.057044 0.026299 0.916656
4874 0.505835 0.263939 0.230226
4845 0.139733 0.004564 0.855703
4785 0.049875 0.135171 0.814954
4798 0.702997 0.133408 0.163595
4938 0.089417 0.327332 0.583251
4910 0.285176 0.026911 0.687914
4916 0.246033 0.681735 0.072232
4944 0.033216 0.266407 0.700377
4868 0.618582 0.290993 0.090425
4897 0.349142 0.499779 0.151079
4934 0.123222 0.483487 0.393291
4932 0.152768 0.508684 0.338547
4806 0.116959 0.308229 0.574812
4833 0.316730 0.524446 0.158824
4739 0.220815 0.746557 0.032628
