1015 0.446484 0.010513 0.543003
1223 0.132701 0.099633 0.767666
1058 0.857188 0.139225 0.003588
1223 0.810606 0.029688 0.159706
1014 0.037322 0.492853 0.469825
1014 0.002479 0.066981 0.930540
1058 0.536239 0.400039 0.063722
1093 0.893387 0.048503 0.058110
1095 0.040230 0.739797 0.219973
1049 0.144946 0.190640 0.664414
1049 0.092579 0.710314 0.197107
997 0.000000 0.364307 0.635693
1092 0.025079 0.267589 0.707332
1058 0.151685 0.736763 0.111551
1008 0.767454 0.080352 0.152194
1077 0.389499 0.175123 0.435378
1008 0.221603 0.575018 0.203378
1095 0.081431 0.049396 0.869173
1093 0.061340 0.931025 0.007635
1050 0.095254 0.784527 0.120218
1047 0.749576 0.041380 0.209043
1046 0.041489 0.673038 0.285472
4652 0.019254 0.037041 0.943705
4653 0.037810 0.878328 0.083863
4702 0.308372 0.421724 0.269905
4702 0.330180 0.503738 0.166082
804 0.084869 0.847658 0.067473
4702 0.348463 0.583042 0.068495
4651 0.358280 0.338924 0.302797
4651 0.256864 0.360806 0.382330
4651 0.463087 0.309169 0.227744
694 0.237395 0.371621 0.390984
804 0.392953 0.511979 0.095068
806 0.040422 0.523440 0.436138
1050 0.355507 0.470910 0.173583
1047 0.537773 0.081064 0.381163
804 0.095846 0.297399 0.606754
4652 0.010906 0.585788 0.403306
804 0.207173 0.180787 0.612040
694 0.351924 0.244868 0.403208
806 0.168752 0.375053 0.456195
804 0.501415 0.393659 0.104926
805 0.362112 0.459337 0.178552
694 0.476608 0.106563 0.416829
806 0.296457 0.224284 0.479260
804 0.614791 0.272401 0.112808
805 0.348799 0.356721 0.294480
695 0.523500 0.163446 0.313054
805 0.877907 0.055413 0.066680
807 0.425428 0.350666 0.223905
805 0.342987 0.260886 0.396127
1002 0.110093 0.124844 0.765063
1038 0.169904 0.040774 0.789322
1057 0.215150 0.558206 0.226644
638 0.006611 0.352048 0.641341
1046 0.045271 0.400482 0.554247
1050 0.593994 0.213984 0.192022
1047 0.356091 0.097624 0.546286
4705 0.651199 0.125088 0.223713
4705 0.543970 0.154861 0.301169
4705 0.438517 0.177540 0.383943
4705 0.136455 0.267015 0.596530
638 0.073185 0.803178 0.123637
695 0.526382 0.047328 0.426290
807 0.406635 0.239395 0.353970
692 0.290142 0.592181 0.117677
692 0.185457 0.702618 0.111925
692 0.083311 0.812368 0.104321
692 0.610775 0.270073 0.119153
4705 0.032039 0.293154 0.674807
676 0.680371 0.234828 0.084801
692 0.711903 0.172629 0.115468
638 0.153647 0.220597 0.625757
974 0.229558 0.239670 0.530772
807 0.414031 0.155387 0.430582
638 0.228954 0.667519 0.103526
1046 0.024123 0.237974 0.737903
692 0.806313 0.085504 0.108183
677 0.556870 0.421995 0.021135
997 0.671213 0.215826 0.112961
996 0.203656 0.535996 0.260347
1094 0.544204 0.114280 0.341515
1051 0.804398 0.187395 0.008207
1047 0.183255 0.106740 0.710005
1202 0.389088 0.536433 0.074479
638 0.301035 0.095348 0.603617
788 0.897983 0.036042 0.065975
975 0.558662 0.146935 0.294403
638 0.692205 0.224332 0.083463
641 0.359262 0.540374 0.100364
649 0.326324 0.571292 0.102384
640 0.237607 0.127570 0.634823
640 0.046879 0.325488 0.627633
639 0.469488 0.368466 0.162046
677 0.427086 0.456226 0.116689
1090 0.097704 0.159299 0.742997
1003 0.528185 0.308698 0.163117
1090 0.903052 0.093730 0.003218
677 0.314035 0.482908 0.203057
677 0.020408 0.574899 0.404692
789 0.844801 0.093751 0.061448
597 0.342465 0.442515 0.215020
981 0.564109 0.255161 0.180730
639 0.935477 0.047458 0.017065
1016 0.023680 0.771296 0.205024
1047 0.022889 0.116183 0.860928
1053 0.248768 0.602819 0.148412
976 0.186366 0.211789 0.601844
789 0.762410 0.061708 0.175882
1171 0.148768 0.707338 0.143895
977 0.376201 0.563830 0.059969
639 0.490453 0.196013 0.313535
1091 0.293468 0.654401 0.052131
639 0.017922 0.508906 0.473171
983 0.336539 0.421749 0.241712
990 0.466789 0.112819 0.420393
1064 0.135227 0.202687 0.662086
644 0.396527 0.566222 0.037251
693 0.196444 0.641142 0.162414
693 0.209582 0.744976 0.045442
692 0.148570 0.075744 0.775686
693 0.143197 0.313771 0.543032
646 0.302145 0.206121 0.491734
693 0.125781 0.208701 0.665518
785 0.338277 0.654241 0.007482
693 0.129622 0.117075 0.753303
1016 0.451005 0.311240 0.237755
1052 0.422565 0.278732 0.298703
1061 0.637619 0.180977 0.181403
1091 0.311703 0.400205 0.288092
1006 0.054520 0.195709 0.749771
639 0.057930 0.297787 0.644283
788 0.186063 0.683327 0.130610
1171 0.150412 0.439653 0.409936
1032 0.575077 0.112801 0.312121
1034 0.188316 0.285017 0.526667
1018 0.301999 0.000000 0.698001
37 0.082805 0.171835 0.745360
4707 0.163453 0.054569 0.781977
4707 0.275914 0.036536 0.687550
4707 0.387057 0.023277 0.589665
4660 0.022371 0.693697 0.283933
1025 0.253609 0.260465 0.485926
4660 0.041754 0.783006 0.175240
639 0.073522 0.145460 0.781018
4660 0.064459 0.862720 0.072821
788 0.188349 0.576450 0.235201
750 0.274651 0.545641 0.179708
654 0.086136 0.334050 0.579813
788 0.268375 0.413378 0.318247
1027 0.113201 0.052641 0.834159
750 0.407383 0.367291 0.225325
1171 0.831311 0.101877 0.066812
788 0.366340 0.039516 0.594144
1023 0.868388 0.052775 0.078837
750 0.533014 0.200192 0.266794
1039 0.208608 0.116356 0.675036
1079 0.024850 0.388214 0.586937
1078 0.390402 0.302704 0.306895
1011 0.080701 0.242950 0.676350
751 0.620619 0.121220 0.258161
1091 0.293151 0.129801 0.577048
642 0.003931 0.577236 0.418833
644 0.045627 0.004636 0.949737
642 0.175165 0.337588 0.487246
789 0.248608 0.559231 0.192160
643 0.360905 0.250763 0.388332
1022 0.066030 0.255470 0.678500
38 0.185436 0.758914 0.055649
651 0.282603 0.302965 0.414432
1007 0.020645 0.279469 0.699886
1088 0.330983 0.173506 0.495511
1042 0.728628 0.000000 0.271372
1083 0.260727 0.316172 0.423101
1044 0.000831 0.657786 0.341383
979 0.559055 0.426749 0.014196
655 0.001123 0.234068 0.764809
28 0.056531 0.705118 0.238351
28 0.045238 0.805030 0.149732
28 0.057240 0.601056 0.341703
28 0.088902 0.269485 0.641613
28 0.108834 0.167930 0.723235
28 0.156853 0.085943 0.757205
595 0.151654 0.271347 0.576999
1044 0.452195 0.266799 0.281006
788 0.029798 0.376166 0.594037
788 0.120465 0.553040 0.326495
595 0.243061 0.287205 0.469734
1199 0.046606 0.833831 0.119562
1027 0.771157 0.049585 0.179258
1153 0.635553 0.311753 0.052694
595 0.331638 0.278157 0.390205
788 0.016452 0.207453 0.776094
979 0.055101 0.846717 0.098181
1040 0.350597 0.445464 0.203939
595 0.588459 0.373789 0.037752
1199 0.320359 0.269664 0.409978
1044 0.620961 0.112291 0.266748
653 0.823713 0.131632 0.044655
34 0.099908 0.128642 0.771449
4673 0.909859 0.013463 0.076678
4707 0.098161 0.893187 0.008652
4706 0.126126 0.094007 0.779867
4706 0.177339 0.407511 0.415150
1074 0.072059 0.231595 0.696346
1005 0.132797 0.594410 0.272793
1075 0.595720 0.142596 0.261684
4706 0.197541 0.507222 0.295237
4706 0.216637 0.602313 0.181051
594 0.557814 0.206149 0.236037
1045 0.682897 0.095297 0.221806
696 0.173043 0.532169 0.294788
783 0.879161 0.069436 0.051403
696 0.317071 0.342561 0.340368
696 0.453283 0.157739 0.388978
1199 0.683320 0.167470 0.149210
697 0.443666 0.171390 0.384944
1011 0.787610 0.208328 0.004062
697 0.393181 0.045679 0.561140
783 0.550606 0.186951 0.262443
783 0.101461 0.340084 0.558454
790 0.060225 0.512481 0.427295
1062 0.649237 0.316415 0.034349
966 0.092828 0.041811 0.865361
1041 0.020453 0.740743 0.238804
1156 0.426329 0.029762 0.543909
1062 0.653640 0.001733 0.344627
965 0.151340 0.688029 0.160631
965 0.137074 0.796147 0.066779
965 0.168274 0.578638 0.253088
965 0.282362 0.222008 0.495629
965 0.288202 0.106950 0.604848
965 0.357065 0.040080 0.602855
636 0.561237 0.275299 0.163464
1029 0.434103 0.516927 0.048969
636 0.587296 0.169669 0.243035
636 0.609817 0.065858 0.324325
637 0.430036 0.223550 0.346415
999 0.066662 0.727624 0.205714
1087 0.009084 0.907819 0.083097
1084 0.229351 0.669386 0.101263
637 0.267660 0.089286 0.643054
1001 0.148077 0.094321 0.757602
985 0.598729 0.200419 0.200852
25 0.010695 0.657550 0.331755
1084 0.864065 0.123350 0.012585
659 0.101653 0.043626 0.854721
782 0.227168 0.532747 0.240085
1158 0.371813 0.364983 0.263204
1080 0.174651 0.038840 0.786509
782 0.121645 0.327474 0.550881
1030 0.257135 0.608582 0.134283
1074 0.942892 0.050136 0.006972
1074 0.092494 0.556485 0.351021
1004 0.471679 0.022979 0.505343
599 0.016573 0.949481 0.033946
809 0.054751 0.075500 0.869749
809 0.096665 0.209237 0.694098
809 0.200881 0.616857 0.182262
4648 0.491303 0.164855 0.343842
4648 0.369807 0.306508 0.323685
4648 0.250757 0.444281 0.304962
4649 0.635841 0.106826 0.257334
808 0.094341 0.173150 0.732509
809 0.239508 0.752455 0.008037
1062 0.044453 0.548598 0.406949
4757 0.374419 0.022411 0.603170
4757 0.373753 0.119562 0.506685
1072 0.039548 0.491639 0.468813
35 0.205167 0.772496 0.022337
636 0.227291 0.599663 0.173046
965 0.226183 0.028278 0.745539
636 0.234427 0.514199 0.251374
636 0.248444 0.429980 0.321576
636 0.324675 0.108041 0.567284
637 0.281812 0.603397 0.114791
637 0.025947 0.308350 0.665703
769 0.858034 0.103724 0.038242
690 0.776895 0.068077 0.155028
690 0.457331 0.344516 0.198154
690 0.316394 0.486515 0.197091
659 0.157037 0.614594 0.228370
691 0.861188 0.079338 0.059475
1074 0.098694 0.658728 0.242578
39 0.050834 0.516271 0.432895
1054 0.036259 0.118645 0.845096
691 0.919019 0.009405 0.071576
1004 0.501269 0.275387 0.223344
1161 0.227691 0.642989 0.129321
987 0.208384 0.594760 0.196855
793 0.813008 0.003264 0.183727
1036 0.034311 0.841599 0.124089
1055 0.166400 0.756663 0.076937
1036 0.882506 0.030264 0.087231
1004 0.026049 0.834789 0.139162
1070 0.239664 0.226739 0.533597
636 0.016851 0.720559 0.262590
1073 0.347382 0.136415 0.516203
636 0.031128 0.635004 0.333867
636 0.097242 0.323473 0.579284
599 0.334283 0.277958 0.387759
636 0.137983 0.131645 0.730372
598 0.414875 0.021483 0.563641
637 0.026531 0.676761 0.296708
598 0.030851 0.523252 0.445897
897 0.051118 0.808099 0.140783
896 0.051351 0.939430 0.009219
770 0.934369 0.018505 0.047126
1037 0.407850 0.102060 0.490091
1036 0.018778 0.517636 0.463586
1055 0.183214 0.479716 0.337070
956 0.215268 0.359121 0.425611
809 0.593833 0.097750 0.308417
809 0.628573 0.232735 0.138693
4649 0.246537 0.382193 0.371270
4649 0.255374 0.519152 0.225474
4649 0.203291 0.029256 0.767452
808 0.333797 0.355343 0.310860
4649 0.259634 0.662582 0.077784
4757 0.757419 0.094225 0.148356
4757 0.696756 0.173562 0.129682
808 0.036318 0.691140 0.272541
1070 0.439223 0.493711 0.067066
808 0.192080 0.517362 0.290558
1160 0.590728 0.327207 0.082064
879 0.094351 0.290990 0.614659
686 0.025894 0.960273 0.013834
792 0.755189 0.054299 0.190512
792 0.794181 0.193519 0.012300
793 0.716073 0.211339 0.072588
793 0.640950 0.200799 0.158251
718 0.703900 0.143878 0.152222
793 0.405452 0.166900 0.427647
4756 0.839227 0.123997 0.036775
793 0.247074 0.124299 0.628626
1071 0.532248 0.094178 0.373574
691 0.334279 0.207488 0.458233
691 0.317812 0.497917 0.184271
691 0.340960 0.072274 0.586767
793 0.013261 0.043218 0.943520
792 0.332138 0.632085 0.035776
31 0.406762 0.406323 0.186914
957 0.427161 0.423077 0.149762
792 0.310297 0.453718 0.235985
4670 0.335095 0.337523 0.327382
1036 0.027839 0.115859 0.856302
1055 0.207129 0.125194 0.667677
1068 0.047638 0.096522 0.855841
956 0.450969 0.531309 0.017722
986 0.294673 0.608673 0.096655
719 0.165953 0.458236 0.375810
792 0.304816 0.351995 0.343189
792 0.301196 0.258806 0.439998
720 0.287589 0.048683 0.663728
792 0.308848 0.056052 0.635100
568 0.307879 0.687710 0.004411
598 0.677196 0.288223 0.034581
793 0.189486 0.645291 0.165223
4649 0.012520 0.321262 0.666217
4709 0.428430 0.021744 0.549826
705 0.508933 0.066942 0.424125
4709 0.555409 0.035930 0.408660
698 0.005257 0.088591 0.906152
876 0.784897 0.051071 0.164033
780 0.006569 0.587493 0.405938
4709 0.370203 0.214419 0.415378
699 0.051737 0.012890 0.935373
699 0.096103 0.848858 0.055039
705 0.150797 0.508962 0.340241
699 0.087203 0.719382 0.193415
699 0.077528 0.256392 0.666081
699 0.067947 0.129666 0.802388
705 0.137762 0.812779 0.049459
582 0.100358 0.377778 0.521864
569 0.621819 0.290108 0.088073
1012 0.446908 0.318279 0.234813
1069 0.524028 0.066559 0.409413
569 0.007485 0.208347 0.784168
4709 0.265733 0.522163 0.212104
853 0.207663 0.444471 0.347865
698 0.069433 0.258056 0.672512
583 0.239086 0.556171 0.204743
606 0.171874 0.319234 0.508892
892 0.250327 0.250393 0.499280
571 0.498316 0.224386 0.277298
592 0.458204 0.300423 0.241373
592 0.337545 0.422737 0.239718
592 0.097983 0.659750 0.242267
592 0.559873 0.194779 0.245348
592 0.747373 0.006310 0.246317
593 0.766401 0.086220 0.147379
4708 0.137703 0.699233 0.163065
796 0.219643 0.587430 0.192926
699 0.327707 0.189475 0.482818
796 0.655095 0.205337 0.139568
972 0.131066 0.585188 0.283746
796 0.726370 0.129538 0.144092
797 0.776633 0.046051 0.177316
771 0.040059 0.612451 0.347490
607 0.408891 0.011303 0.579806
780 0.279326 0.207696 0.512977
687 0.726579 0.237150 0.036271
577 0.499024 0.020020 0.480956
4646 0.832420 0.096471 0.071109
4751 0.158641 0.439052 0.402308
707 0.131282 0.761223 0.107495
1066 0.632261 0.092219 0.275519
687 0.108736 0.279196 0.612068
854 0.514712 0.167533 0.317755
855 0.081475 0.473775 0.444750
880 0.137676 0.364244 0.498079
851 0.174986 0.768721 0.056294
698 0.707516 0.213789 0.078695
881 0.328367 0.197876 0.473757
601 0.070562 0.495592 0.433846
619 0.024987 0.656638 0.318374
849 0.308884 0.352382 0.338734
973 0.241447 0.171421 0.587133
1066 0.088129 0.608886 0.302985
707 0.185634 0.230481 0.583885
778 0.307514 0.406377 0.286108
717 0.638603 0.057387 0.304010
593 0.028120 0.296385 0.675496
593 0.022388 0.400246 0.577366
593 0.014155 0.530334 0.455511
4666 0.054455 0.941543 0.004002
4647 0.133572 0.684742 0.181686
810 0.432212 0.425942 0.141846
593 0.039450 0.116174 0.844377
628 0.374112 0.360375 0.265513
628 0.130748 0.026784 0.842467
738 0.309939 0.447618 0.242443
796 0.069495 0.001285 0.929220
797 0.127519 0.579130 0.293351
797 0.125836 0.427391 0.446773
797 0.114247 0.211799 0.673954
600 0.644578 0.194298 0.161124
600 0.137225 0.743832 0.118944
4666 0.647360 0.249150 0.103489
797 0.116989 0.026787 0.856224
1116 0.794699 0.126283 0.079017
846 0.213879 0.733401 0.052721
585 0.312609 0.327487 0.359904
716 0.225506 0.673958 0.100535
631 0.199669 0.747942 0.052389
629 0.169980 0.539662 0.290357
844 0.013796 0.353219 0.632985
847 0.159586 0.735987 0.104427
727 0.157823 0.555154 0.287023
772 0.227861 0.439242 0.332898
891 0.351047 0.184843 0.464110
724 0.018285 0.211852 0.769863
860 0.657415 0.212207 0.130378
861 0.237491 0.094453 0.668056
24 0.212262 0.213633 0.574105
684 0.074890 0.204285 0.720824
722 0.122079 0.608536 0.269386
661 0.273880 0.438564 0.287556
723 0.651474 0.201738 0.146788
755 0.308872 0.461109 0.230019
685 0.281558 0.264086 0.454356
754 0.717475 0.026490 0.256035
709 0.314070 0.398119 0.287812
845 0.373100 0.055099 0.571801
630 0.733860 0.252587 0.013554
777 0.384757 0.230443 0.384800
794 0.904271 0.084091 0.011638
795 0.824494 0.091282 0.084224
795 0.721591 0.099152 0.179257
678 0.249190 0.001043 0.749767
861 0.227819 0.419262 0.352919
703 0.119935 0.781549 0.098516
701 0.819919 0.034358 0.145723
703 0.207175 0.418641 0.374184
700 0.235289 0.603763 0.160948
4710 0.138918 0.348876 0.512206
703 0.210147 0.259360 0.530494
4667 0.072797 0.814851 0.112352
703 0.212365 0.105954 0.681681
1098 0.411275 0.332193 0.256531
1142 0.214474 0.737606 0.047920
1142 0.200154 0.594575 0.205272
762 0.534557 0.398748 0.066695
1142 0.174075 0.485248 0.340677
1142 0.145638 0.332118 0.522244
581 0.245517 0.393750 0.360733
679 0.057928 0.030540 0.911532
1142 0.237454 0.085991 0.676555
4667 0.015427 0.232678 0.751895
1143 0.066469 0.730132 0.203399
869 0.381905 0.469658 0.148437
866 0.040796 0.352265 0.606939
856 0.699955 0.090540 0.209505
611 0.340712 0.013544 0.645744
580 0.533094 0.226158 0.240747
763 0.082683 0.883097 0.034221
875 0.206106 0.012486 0.781409
865 0.339308 0.046208 0.614484
862 0.212625 0.519230 0.268145
775 0.659965 0.161796 0.178239
605 0.299877 0.576323 0.123801
887 0.215627 0.509478 0.274896
572 0.654637 0.105416 0.239946
889 0.718095 0.030805 0.251100
1141 0.194470 0.431353 0.374177
799 0.091013 0.334801 0.574186
799 0.203166 0.062282 0.734553
1140 0.191529 0.290592 0.517879
774 0.184563 0.458215 0.357222
675 0.568175 0.099829 0.331996
675 0.720077 0.035670 0.244253
675 0.407628 0.307541 0.284830
602 0.521008 0.155562 0.323430
884 0.134587 0.562359 0.303054
674 0.257139 0.083354 0.659508
674 0.046651 0.213019 0.740331
624 0.226384 0.110259 0.663357
824 0.794060 0.074752 0.131188
813 0.694589 0.111686 0.193725
825 0.699955 0.142666 0.157380
1106 0.571148 0.351399 0.077453
1107 0.680679 0.184494 0.134827
885 0.674660 0.178865 0.146475
742 0.316672 0.635427 0.047901
825 0.638821 0.133353 0.227825
812 0.154943 0.547374 0.297682
825 0.511701 0.090326 0.397972
616 0.388797 0.245913 0.365290
4645 0.291744 0.371878 0.336378
859 0.300845 0.410907 0.288248
617 0.572519 0.152341 0.275140
4744 0.684292 0.031007 0.284701
713 0.150317 0.104665 0.745018
613 0.088280 0.266459 0.645261
20 0.669136 0.211335 0.119529
756 0.351935 0.165771 0.482295
4744 0.156751 0.616415 0.226834
634 0.127610 0.302055 0.570335
1106 0.330484 0.662998 0.006518
1140 0.342205 0.249670 0.408126
1141 0.276759 0.509502 0.213739
1140 0.122256 0.023469 0.854276
1106 0.621962 0.073143 0.304895
825 0.187349 0.024595 0.788056
1124 0.665914 0.158809 0.175277
825 0.117604 0.405255 0.477141
1125 0.379708 0.343537 0.276755
824 0.432870 0.025656 0.541473
825 0.561633 0.263972 0.174394
825 0.578492 0.052071 0.369437
1141 0.324583 0.344556 0.330861
1141 0.070544 0.183208 0.746248
1125 0.060510 0.435375 0.504115
1140 0.220440 0.276539 0.503022
1106 0.520008 0.408948 0.071044
1107 0.680141 0.202058 0.117801
1141 0.191402 0.404200 0.404398
838 0.480671 0.174807 0.344521
4761 0.121694 0.021514 0.856792
765 0.637060 0.195456 0.167484
761 0.629267 0.046655 0.324078
1125 0.130216 0.096921 0.772863
1125 0.108496 0.165196 0.726309
1148 0.452492 0.466953 0.080555
825 0.522092 0.116187 0.361721
669 0.349061 0.485342 0.165597
960 0.515946 0.288858 0.195196
1124 0.214098 0.582678 0.203224
825 0.071734 0.781811 0.146454
1124 0.188341 0.101375 0.710284
1148 0.047344 0.701234 0.251422
824 0.242194 0.146429 0.611377
824 0.053883 0.278013 0.668104
843 0.882143 0.015212 0.102645
1125 0.025429 0.839560 0.135012
22 0.115825 0.245880 0.638295
828 0.048885 0.897035 0.054080
828 0.240057 0.593562 0.166381
828 0.268734 0.283225 0.448040
824 0.423512 0.317082 0.259407
824 0.584707 0.173452 0.241841
824 0.733976 0.007572 0.258453
831 0.202292 0.587814 0.209894
924 0.041838 0.360882 0.597279
828 0.193591 0.127422 0.678987
615 0.723654 0.140789 0.135557
825 0.648751 0.172159 0.179089
824 0.277007 0.443732 0.279261
925 0.306569 0.637838 0.055593
3486 0.460424 0.420201 0.119375
387 0.852522 0.023723 0.123755
389 0.624784 0.022348 0.352867
405 0.582020 0.025574 0.392406
589 0.008618 0.895653 0.095729
387 0.189081 0.034597 0.776322
373 0.544929 0.094185 0.360886
371 0.889483 0.088512 0.022005
371 0.129132 0.035470 0.835398
935 0.284856 0.056125 0.659019
951 0.019736 0.067000 0.913263
837 0.031413 0.174351 0.794236
825 0.708293 0.188732 0.102975
927 0.860275 0.038748 0.100978
824 0.750601 0.124720 0.124679
824 0.099451 0.583317 0.317232
837 0.142960 0.646538 0.210502
674 0.047319 0.273246 0.679436
674 0.262160 0.130357 0.607482
927 0.175711 0.037337 0.786952
824 0.703676 0.080753 0.215571
4769 0.724119 0.015807 0.260074
824 0.566568 0.342244 0.091188
675 0.504355 0.302218 0.193427
929 0.589628 0.049183 0.361189
823 0.257269 0.579551 0.163180
822 0.508871 0.251626 0.239502
823 0.001589 0.546506 0.451905
674 0.069323 0.493917 0.436760
674 0.272274 0.331987 0.395739
4771 0.555097 0.039524 0.405379
715 0.708868 0.013682 0.277450
586 0.557881 0.093686 0.348433
929 0.104051 0.078964 0.816986
675 0.669121 0.287499 0.043379
675 0.631033 0.106206 0.262761
924 0.445659 0.367810 0.186532
824 0.553017 0.247515 0.199469
824 0.399477 0.382381 0.218142
824 0.347956 0.562627 0.089417
953 0.628922 0.140899 0.230179
903 0.601998 0.149480 0.248523
918 0.297645 0.506540 0.195815
922 0.465519 0.508272 0.026209
675 0.746634 0.042734 0.210632
841 0.435200 0.291873 0.272927
674 0.068953 0.746394 0.184653
824 0.137386 0.748641 0.113973
674 0.262050 0.614860 0.123090
925 0.332777 0.256457 0.410766
675 0.778759 0.102324 0.118918
675 0.887233 0.055745 0.057022
913 0.748601 0.207074 0.044325
824 0.255701 0.504994 0.239306
674 0.693004 0.220632 0.086363
827 0.045880 0.013900 0.940220
588 0.427660 0.184165 0.388175
588 0.271970 0.291527 0.436503
589 0.572910 0.408565 0.018525
923 0.232878 0.648062 0.119060
942 0.043764 0.098928 0.857308
589 0.845655 0.018194 0.136151
827 0.234377 0.118575 0.647049
827 0.665383 0.135980 0.198637
3453 0.804644 0.123286 0.072071
826 0.962044 0.032320 0.005636
826 0.940457 0.044955 0.014588
799 0.094331 0.875651 0.030017
674 0.880681 0.080339 0.038980
925 0.426147 0.128316 0.445537
827 0.018752 0.273987 0.707261
826 0.781538 0.173886 0.044577
21 0.468881 0.311649 0.219471
908 0.777375 0.113251 0.109375
922 0.369550 0.112326 0.518124
827 0.213149 0.402778 0.384073
824 0.078850 0.647006 0.274145
943 0.153993 0.767599 0.078408
588 0.108961 0.566193 0.324845
827 0.007942 0.398752 0.593305
943 0.344885 0.375975 0.279140
943 0.403488 0.432023 0.164489
942 0.562089 0.109881 0.328030
910 0.738749 0.156138 0.105113
837 0.683380 0.033798 0.282822
837 0.567424 0.270314 0.162262
827 0.205035 0.484586 0.310379
943 0.186445 0.315345 0.498210
836 0.309773 0.471327 0.218900
943 0.018554 0.256677 0.724769
397 0.155250 0.154762 0.689988
586 0.085715 0.550861 0.363424
299 0.021992 0.965274 0.012734
298 0.031331 0.006532 0.962137
419 0.060266 0.049049 0.890685
826 0.150361 0.765414 0.084225
948 0.701479 0.016879 0.281642
840 0.706938 0.077558 0.215505
3478 0.814265 0.016900 0.168835
294 0.103182 0.634020 0.262798
294 0.033954 0.226593 0.739453
396 0.891795 0.104618 0.003587
415 0.628325 0.092359 0.279316
415 0.564257 0.092016 0.343727
415 0.327876 0.087408 0.584716
397 0.657101 0.242024 0.100875
415 0.789242 0.105069 0.105689
414 0.921100 0.039444 0.039456
379 0.243244 0.567176 0.189580
906 0.588633 0.293494 0.117873
378 0.420922 0.000000 0.579078
378 0.820637 0.049806 0.129556
374 0.980662 0.016740 0.002598
395 0.702695 0.071638 0.225667
945 0.015487 0.535636 0.448877
391 0.145241 0.121341 0.733418
945 0.169932 0.801544 0.028524
945 0.376169 0.623831 0.000000
945 0.748612 0.093173 0.158215
392 0.876670 0.066008 0.057323
397 0.555508 0.159485 0.285006
939 0.386850 0.052405 0.560745
395 0.484217 0.069321 0.446462
937 0.300124 0.515594 0.184282
21 0.177531 0.607330 0.215139
358 0.450717 0.315589 0.233694
45 0.194990 0.336402 0.468608
361 0.211922 0.022528 0.765550
356 0.129750 0.158111 0.712139
76 0.366639 0.332881 0.300480
357 0.315594 0.175912 0.508494
88 0.369158 0.022588 0.608253
89 0.382706 0.140214 0.477080
247 0.347963 0.111492 0.540545
228 0.389837 0.058066 0.552096
106 0.203180 0.257531 0.539289
246 0.247451 0.140065 0.612485
233 0.546171 0.084589 0.369240
75 0.419659 0.396060 0.184281
87 0.473888 0.137101 0.389011
285 0.392507 0.083273 0.524221
230 0.290965 0.492915 0.216120
284 0.172017 0.175483 0.652500
3234 0.083341 0.067330 0.849329
4490 0.645490 0.062533 0.291977
4591 0.239135 0.333201 0.427664
4590 0.143891 0.049175 0.806933
941 0.222036 0.644465 0.133499
314 0.020427 0.266242 0.713331
408 0.648435 0.055489 0.296076
410 0.139564 0.498702 0.361734
309 0.179639 0.689432 0.130929
309 0.270519 0.272864 0.456616
309 0.130119 0.037948 0.831933
60 0.102036 0.045943 0.852021
60 0.261408 0.030121 0.708471
61 0.371246 0.561751 0.067002
61 0.386141 0.393482 0.220377
61 0.180994 0.013762 0.805243
375 0.309066 0.157368 0.533566
290 0.807352 0.163833 0.028815
395 0.022901 0.757584 0.219515
394 0.240931 0.278714 0.480355
396 0.343857 0.327485 0.328658
396 0.487629 0.081311 0.431060
394 0.193540 0.574921 0.231540
396 0.069767 0.115649 0.814583
2 0.616947 0.081498 0.301555
294 0.660408 0.334735 0.004857
147 0.035691 0.000000 0.964309
147 0.021514 0.005604 0.972882
270 0.172128 0.733159 0.094713
414 0.421284 0.242418 0.336298
414 0.367711 0.236326 0.395962
414 0.480973 0.344439 0.174588
414 0.569521 0.420093 0.010385
415 0.335236 0.638868 0.025896
294 0.680342 0.062107 0.257550
295 0.236143 0.352115 0.411742
313 0.164018 0.295630 0.540352
141 0.676975 0.174580 0.148445
2210 0.230766 0.734498 0.034736
396 0.001467 0.697507 0.301026
59 0.340911 0.396918 0.262171
308 0.353303 0.397438 0.249259
309 0.805461 0.177531 0.017008
2185 0.289648 0.682773 0.027579
60 0.098190 0.705036 0.196774
60 0.292838 0.589142 0.118020
60 1.000000 0.000000 0.000000
3327 0.088116 0.376979 0.534905
302 0.387968 0.386835 0.225197
300 0.074175 0.094397 0.831428
2209 0.070363 0.269040 0.660596
61 0.847696 0.055275 0.097029
311 0.337517 0.521159 0.141324
414 0.024516 0.829222 0.146262
297 0.251376 0.717342 0.031282
298 0.765226 0.222642 0.012132
296 0.269062 0.036065 0.694873
433 0.200664 0.239171 0.560165
2185 0.356654 0.347984 0.295362
296 0.158540 0.488016 0.353444
2186 0.205886 0.694924 0.099190
0 0.583957 0.226266 0.189778
2185 0.722740 0.198431 0.078829
98 0.072322 0.598328 0.329350
139 0.092822 0.046319 0.860859
147 0.357159 0.037125 0.605717
147 0.327467 0.044444 0.628088
299 0.038467 0.131781 0.829752
147 0.190957 0.057722 0.751321
299 0.073894 0.789579 0.136527
270 0.711374 0.199069 0.089556
2186 0.838290 0.065755 0.095955
2210 0.032292 0.438989 0.528719
237 0.299115 0.142296 0.558589
296 0.105630 0.025365 0.869005
297 0.208034 0.539991 0.251975
298 0.888687 0.089509 0.021803
297 0.251074 0.507556 0.241370
298 0.737949 0.049790 0.212262
298 0.654024 0.141491 0.204485
146 0.053429 0.045706 0.900865
147 0.045365 0.761407 0.193229
297 0.101963 0.721016 0.177020
205 0.007102 0.805288 0.187611
296 0.349525 0.235657 0.414818
297 0.190949 0.414634 0.394417
214 0.343830 0.083581 0.572589
84 0.837636 0.112787 0.049577
297 0.234778 0.381968 0.383254
2201 0.816816 0.169370 0.013815
297 0.506766 0.406021 0.087213
146 0.078649 0.224458 0.696892
147 0.248903 0.750616 0.000480
297 0.075481 0.516497 0.408022
150 0.258490 0.490543 0.250968
96 0.301583 0.358578 0.339839
147 0.305134 0.108589 0.586277
147 0.453448 0.113819 0.432733
147 0.516763 0.106309 0.376929
297 0.159291 0.253846 0.586863
2202 0.760178 0.223989 0.015833
185 0.918472 0.044967 0.036561
146 0.241385 0.462361 0.296254
147 0.599742 0.337921 0.062337
147 0.437742 0.322762 0.239496
146 0.252751 0.248192 0.499057
147 0.177229 0.315640 0.507131
147 0.098916 0.122225 0.778859
267 0.017860 0.147161 0.834979
137 0.950343 0.039660 0.009997
146 0.076844 0.479108 0.444048
147 0.000983 0.330538 0.668479
297 0.068293 0.308453 0.623253
297 0.207098 0.212656 0.580247
4590 0.233573 0.735578 0.030848
4512 0.191212 0.771784 0.037004
297 0.180728 0.126568 0.692704
146 0.063473 0.730578 0.205949
297 0.407634 0.100819 0.491547
227 0.217226 0.437757 0.345017
146 0.663398 0.031076 0.305525
146 0.240821 0.525542 0.233637
2186 0.606756 0.170198 0.223046
297 0.102742 0.139123 0.758134
297 0.218395 0.070043 0.711561
297 0.250090 0.034852 0.715058
174 0.210114 0.615462 0.174424
226 0.414796 0.249101 0.336103
297 0.305492 0.024017 0.670490
2168 0.623652 0.223435 0.152913
296 0.679747 0.202981 0.117272
296 0.218078 0.735639 0.046283
4556 0.128350 0.371307 0.500343
2168 0.589185 0.084569 0.326247
174 0.573594 0.140328 0.286079
52 0.345846 0.423708 0.230446
146 0.064030 0.791063 0.144907
195 0.357489 0.212156 0.430356
2202 0.565596 0.403327 0.031078
206 0.126995 0.673593 0.199412
84 0.076731 0.673646 0.249624
297 0.102394 0.082497 0.815109
297 0.254762 0.000000 0.745238
173 0.206469 0.743784 0.049748
2186 0.179693 0.255028 0.565279
194 0.125200 0.140912 0.733888
175 0.716008 0.273421 0.010571
2168 0.690142 0.015183 0.294675
173 0.255486 0.008759 0.735755
334 0.158403 0.047989 0.793608
175 0.701094 0.125451 0.173456
2204 0.024467 0.689540 0.285993
2168 0.584739 0.132515 0.282746
354 0.168285 0.825550 0.006164
2204 0.199971 0.696853 0.103176
363 0.695920 0.135284 0.168796
2203 0.240521 0.106987 0.652492
198 0.392265 0.437505 0.170230
244 0.256031 0.043584 0.700385
249 0.644640 0.293304 0.062056
2168 0.328888 0.601666 0.069446
2168 0.362559 0.362809 0.274631
2168 0.364481 0.291360 0.344159
156 0.679483 0.009598 0.310919
156 0.029152 0.678439 0.292409
235 0.173755 0.558817 0.267428
2203 0.184585 0.337196 0.478219
2201 0.448885 0.072241 0.478875
2168 0.207927 0.099727 0.692346
189 0.136197 0.825536 0.038267
52 0.106727 0.145689 0.747584
152 0.062193 0.620550 0.317257
2201 0.535141 0.091849 0.373010
50 0.194832 0.679537 0.125632
340 0.437969 0.052640 0.509391
2168 0.036103 0.794326 0.169572
2168 0.103859 0.635593 0.260548
2168 0.114807 0.607514 0.277679
2203 0.309435 0.389959 0.300605
2201 0.097878 0.624624 0.277498
2201 0.509273 0.097117 0.393611
238 0.124404 0.534246 0.341350
2201 0.297630 0.043156 0.659214
102 0.384884 0.387886 0.227229
2201 0.173758 0.240564 0.585678
2201 0.143852 0.266962 0.589186
2203 0.351284 0.580421 0.068294
2159 0.234465 0.284895 0.480640
189 0.379536 0.110728 0.509735
4 0.390359 0.049904 0.559737
4513 0.146735 0.357964 0.495301
132 0.433806 0.093459 0.472736
4512 0.050816 0.002872 0.946313
321 0.717984 0.246118 0.035897
333 0.136987 0.717393 0.145620
332 0.334949 0.460017 0.205034
100 0.786356 0.028547 0.185097
181 0.691122 0.148014 0.160864
4492 0.313558 0.574888 0.111554
332 0.651463 0.137316 0.211221
101 0.238690 0.381846 0.379463
90 0.367595 0.606663 0.025742
322 0.354888 0.468879 0.176233
445 0.845549 0.066691 0.087760
211 0.393162 0.585915 0.020924
283 0.172054 0.551228 0.276718
353 0.683542 0.174061 0.142397
82 0.111713 0.515257 0.373030
2178 0.161944 0.170105 0.667951
72 0.172506 0.003407 0.824087
352 0.170486 0.334057 0.495457
269 0.820349 0.029760 0.149891
268 0.762507 0.073916 0.163577
73 0.209198 0.316152 0.474650
49 0.559961 0.057350 0.382689
268 0.544900 0.288578 0.166522
251 0.291436 0.630062 0.078502
268 0.394384 0.441727 0.163889
268 0.062537 0.839774 0.097689
64 0.880636 0.043329 0.076035
43 0.486901 0.199433 0.313666
79 0.632275 0.069138 0.298587
267 0.181338 0.159776 0.658886
64 0.697452 0.236068 0.066480
78 0.112262 0.445893 0.441846
267 0.283977 0.169781 0.546243
64 0.593107 0.348682 0.058212
271 0.794248 0.017747 0.188005
364 0.207719 0.309662 0.482619
327 0.289349 0.270207 0.440444
100 0.454143 0.371140 0.174716
444 0.228085 0.165205 0.606710
318 0.241765 0.020762 0.737472
180 0.014450 0.696555 0.288995
54 0.561695 0.222739 0.215566
324 0.586479 0.264974 0.148547
326 0.822041 0.061519 0.116441
4596 0.561605 0.256200 0.182195
316 0.264172 0.364579 0.371249
4493 0.108945 0.181847 0.709208
41 0.369669 0.160867 0.469464
41 0.973897 0.020235 0.005869
4554 0.114742 0.013323 0.871935
269 0.182223 0.052881 0.764896
54 0.173606 0.360847 0.465547
179 0.786562 0.036516 0.176922
269 0.120871 0.277610 0.601519
269 0.111933 0.346024 0.542043
324 0.002987 0.419899 0.577114
269 0.145471 0.784864 0.069665
171 0.070600 0.265963 0.663437
65 0.193546 0.075896 0.730558
72 0.535531 0.428078 0.036390
57 0.440883 0.340765 0.218352
65 0.209059 0.242130 0.548811
158 0.658775 0.204750 0.136475
65 0.195606 0.429158 0.375236
178 0.442487 0.404326 0.153187
349 0.178569 0.155495 0.665936
65 0.188396 0.530600 0.281004
242 0.392864 0.511206 0.095930
190 0.525094 0.436033 0.038872
192 0.368778 0.437584 0.193638
203 0.046295 0.002488 0.951218
11 0.229361 0.340366 0.430273
350 0.675143 0.179527 0.145330
540 0.038304 0.657186 0.304510
368 0.183112 0.791319 0.025569
368 0.015477 0.010952 0.973571
56 0.683451 0.172770 0.143779
543 0.475172 0.010054 0.514773
541 0.327595 0.084156 0.588248
4517 0.326964 0.664452 0.008584
539 0.281374 0.576465 0.142161
176 0.214079 0.629719 0.156202
176 0.571717 0.203801 0.224482
171 0.660969 0.154949 0.184082
252 0.291794 0.261265 0.446941
159 0.252159 0.324344 0.423497
543 0.067287 0.451203 0.481510
4554 0.442198 0.232359 0.325443
191 0.319691 0.338520 0.341788
177 0.539409 0.037024 0.423568
170 0.102533 0.550887 0.346580
240 0.969429 0.024054 0.006517
264 0.460710 0.352868 0.186422
264 0.465483 0.175845 0.358672
265 0.449562 0.525839 0.024599
509 0.719255 0.098130 0.182616
484 0.184466 0.064986 0.750547
508 0.040299 0.942467 0.017235
265 0.354643 0.546995 0.098363
4555 0.568870 0.249757 0.181373
65 0.188829 0.650895 0.160276
265 0.248010 0.577691 0.174299
64 0.463572 0.490614 0.045814
545 0.748501 0.134028 0.117472
542 0.298930 0.246533 0.454536
15 0.084702 0.712602 0.202696
71 0.049932 0.281767 0.668301
459 0.095429 0.610100 0.294471
253 0.024405 0.930287 0.045308
252 0.005002 0.438305 0.556693
552 0.207825 0.555192 0.236983
170 0.905332 0.013575 0.081093
170 0.778433 0.130991 0.090576
170 0.311737 0.583117 0.105146
4603 0.015042 0.139746 0.845212
473 0.802586 0.128248 0.069166
170 0.183587 0.702292 0.114121
170 0.039988 0.843866 0.116146
4555 0.396967 0.067188 0.535845
429 0.017217 0.606964 0.375819
476 0.022854 0.010978 0.966168
558 0.120917 0.873947 0.005135
485 0.224410 0.000000 0.775590
429 0.340268 0.570972 0.088760
508 0.027915 0.565360 0.406725
458 0.671739 0.119058 0.209202
241 0.143872 0.293093 0.563035
534 0.056094 0.292015 0.651890
71 0.690007 0.228134 0.081859
70 0.478784 0.118117 0.403099
70 0.072550 0.369207 0.558242
281 0.400449 0.069193 0.530358
281 0.374135 0.210309 0.415556
470 0.299551 0.659137 0.041311
281 0.314969 0.643850 0.041181
516 1.000000 0.000000 0.000000
557 0.063768 0.809406 0.126826
108 0.029402 0.955037 0.015561
509 0.206095 0.113676 0.680229
265 0.755719 0.045748 0.198533
280 0.219163 0.065681 0.715155
265 0.603363 0.072766 0.323871
4555 0.524875 0.052399 0.422726
4555 0.633266 0.014115 0.352619
4495 0.815963 0.052772 0.131265
280 0.070791 0.184556 0.744654
265 0.363466 0.107056 0.529478
4494 0.337588 0.418416 0.243997
265 0.289524 0.118403 0.592073
265 0.197733 0.161270 0.640997
265 0.019833 0.178551 0.801616
265 0.046770 0.631823 0.321406
64 0.109261 0.104447 0.786292
544 0.049287 0.521817 0.428896
4494 0.479232 0.282438 0.238330
4494 0.613772 0.156536 0.229692
526 0.655800 0.128821 0.215379
477 0.123674 0.492190 0.384136
2222 0.104070 0.280051 0.615879
428 0.062794 0.199136 0.738070
4603 0.221950 0.077459 0.700591
4603 0.284512 0.162683 0.552805
508 0.040436 0.207137 0.752427
545 0.064110 0.735589 0.200301
108 0.406412 0.559803 0.033785
280 0.814389 0.083425 0.102186
281 0.936441 0.049522 0.014037
70 0.084942 0.890139 0.024920
280 0.403209 0.396354 0.200436
254 0.113560 0.417392 0.469048
280 0.266066 0.497316 0.236618
280 0.119749 0.605021 0.275230
108 0.291574 0.448000 0.260426
4494 0.256099 0.055278 0.688623
254 0.218370 0.014530 0.767100
4495 0.399534 0.002086 0.598380
4495 0.380644 0.124069 0.495287
4495 0.347636 0.494016 0.158348
457 0.406926 0.020340 0.572734
513 0.333082 0.578079 0.088839
4495 0.327553 0.616630 0.055817
108 0.224346 0.364683 0.410971
526 0.380266 0.420918 0.198816
4603 0.602372 0.101928 0.295700
2221 0.392182 0.482882 0.124935
108 0.134848 0.204524 0.660627
501 0.565293 0.334354 0.100353
546 0.096897 0.076531 0.826573
130 0.473021 0.366926 0.160053
108 0.109411 0.158298 0.732291
554 0.649817 0.032021 0.318162
108 0.073512 0.117507 0.808982
163 0.057732 0.002941 0.939328
163 0.123762 0.072073 0.804165
163 0.643293 0.061336 0.295371
477 0.359296 0.528004 0.112700
535 0.255225 0.315979 0.428796
108 0.766468 0.202842 0.030689
108 0.634470 0.103438 0.262092
515 0.268811 0.275510 0.455679
526 0.172779 0.648062 0.179159
163 0.152063 0.214490 0.633446
163 0.659366 0.192683 0.147951
437 0.675089 0.097693 0.227218
437 0.683313 0.208773 0.107914
437 0.735115 0.021138 0.243747
108 0.557079 0.020520 0.422401
163 0.206522 0.523272 0.270205
436 0.439518 0.363306 0.197176
162 0.524536 0.167697 0.307767
509 0.016384 0.940286 0.043330
109 0.328120 0.583137 0.088743
4552 0.071027 0.915220 0.013752
109 0.175844 0.661615 0.162541
109 0.255143 0.623648 0.121208
476 0.392491 0.356043 0.251466
517 0.339210 0.108632 0.552158
517 1.000000 0.000000 0.000000
517 0.355514 0.342769 0.301717
2220 0.369331 0.542409 0.088260
560 0.297473 0.256715 0.445812
262 0.898717 0.029914 0.071369
5 0.457675 0.535935 0.006390
526 0.070989 0.771942 0.157069
168 0.325289 0.003556 0.671154
169 0.375704 0.541652 0.082643
168 0.189570 0.093821 0.716609
169 0.541714 0.150774 0.307511
4553 0.142907 0.805391 0.051702
4552 0.086520 0.776157 0.137323
4552 0.105323 0.635255 0.259421
4552 0.152440 0.224770 0.622790
546 0.090176 0.193013 0.716811
4552 0.173456 0.081675 0.744869
169 0.591862 0.016785 0.391353
254 0.643747 0.231559 0.124694
255 0.440029 0.201408 0.358563
516 0.002277 0.329135 0.668587
517 0.370694 0.512859 0.116447
5 0.000000 0.736325 0.263675
255 0.093838 0.077316 0.828847
109 0.569258 0.080675 0.350067
125 0.162343 0.058937 0.778721
19 0.542994 0.390690 0.066317
109 0.331037 0.218044 0.450920
479 0.034937 0.214504 0.750559
109 0.248343 0.263799 0.487858
109 0.166165 0.315355 0.518480
551 0.316597 0.575395 0.108008
437 0.602083 0.034420 0.363496
547 0.304437 0.147893 0.547670
483 0.081005 0.219700 0.699295
546 0.061984 0.563188 0.374828
563 0.730380 0.000439 0.269181
438 0.220266 0.676945 0.102789
262 0.068973 0.288448 0.642579
2217 0.373721 0.376768 0.249511
8 0.606750 0.158412 0.234838
8 0.529381 0.258291 0.212328
8 0.614187 0.078790 0.307023
8 0.287356 0.589991 0.122652
8 0.202726 0.693561 0.103714
436 0.329651 0.495083 0.175266
163 0.208885 0.662692 0.128423
67 0.243285 0.481395 0.275319
66 0.477479 0.374483 0.148039
563 0.723453 0.152433 0.124113
562 0.582742 0.125623 0.291635
67 0.424559 0.456402 0.119040
66 0.512112 0.165186 0.322701
66 0.469631 0.293862 0.236506
475 0.522904 0.277182 0.199914
562 0.331348 0.391240 0.277412
550 0.675419 0.292506 0.032075
4553 0.799641 0.063919 0.136439
4553 0.690193 0.046692 0.263114
4553 0.581748 0.033072 0.385180
4506 0.009046 0.251825 0.739128
223 0.199111 0.555488 0.245401
223 0.237485 0.432157 0.330359
223 0.359843 0.091780 0.548376
223 0.156610 0.688646 0.154744
562 0.087848 0.653563 0.258589
511 0.769229 0.052948 0.177823
482 0.742515 0.029669 0.227816
4506 0.045547 0.001378 0.953075
4506 0.024705 0.126743 0.848552
114 0.058816 0.344093 0.597091
114 0.297469 0.140481 0.562050
115 0.601635 0.147475 0.250890
123 0.688016 0.178589 0.133394
18 0.132506 0.669916 0.197578
567 0.330644 0.456481 0.212875
468 0.233347 0.004258 0.762395
450 0.146810 0.742158 0.111032
14 0.737488 0.081426 0.181087
2260 0.318244 0.185927 0.495830
479 0.038207 0.866057 0.095735
260 0.090673 0.687602 0.221725
469 0.313094 0.194895 0.492010
260 0.123539 0.463526 0.412935
478 0.070303 0.734065 0.195632
260 0.232363 0.086828 0.680809
261 0.225885 0.698008 0.076107
261 0.112583 0.680682 0.206735
8 0.127545 0.792284 0.080171
164 0.161372 0.617050 0.221578
436 0.221518 0.622730 0.155752
165 0.752067 0.135437 0.112497
518 0.017023 0.709565 0.273411
563 0.015540 0.113097 0.871363
164 0.790743 0.022163 0.187095
164 0.699470 0.131049 0.169481
164 0.366916 0.435624 0.197460
164 0.263097 0.530904 0.205999
2259 0.565838 0.094946 0.339216
2214 0.329682 0.334826 0.335492
450 0.274368 0.034718 0.690914
518 0.044155 0.504852 0.450994
474 0.127948 0.701276 0.170776
260 0.534130 0.209472 0.256398
510 0.230407 0.546191 0.223401
528 0.565794 0.158139 0.276067
518 0.044130 0.243820 0.712050
564 0.076920 0.871741 0.051339
2259 0.000000 0.975243 0.024757
126 0.950110 0.023402 0.026489
260 0.495504 0.074138 0.430359
116 0.212395 0.715990 0.071615
448 0.556451 0.031415 0.412135
455 0.640125 0.332630 0.027244
448 0.280099 0.294976 0.424925
256 0.343471 0.423798 0.232731
448 0.015308 0.544987 0.439705
505 0.317647 0.321372 0.360981
148 0.521660 0.205379 0.272962
148 0.544600 0.075256 0.380144
149 0.494577 0.423944 0.081479
149 0.122457 0.308688 0.568855
497 0.719011 0.194117 0.086873
4551 0.378839 0.111684 0.509477
4550 0.720954 0.272427 0.006619
564 0.031426 0.678957 0.289617
261 0.305252 0.611930 0.082818
4550 0.750315 0.140031 0.109654
4551 0.590231 0.160957 0.248811
4551 0.485308 0.139457 0.375235
110 0.830279 0.070702 0.099019
533 0.300877 0.194442 0.504681
2232 0.198214 0.131033 0.670753
494 0.214846 0.443713 0.341440
126 0.209061 0.351538 0.439401
468 0.647467 0.352533 0.000000
567 0.928179 0.036350 0.035470
110 0.681674 0.227632 0.090694
110 0.483741 0.455395 0.060863
2231 0.251034 0.629774 0.119192
2232 0.885374 0.025787 0.088840
