6073 0.015535 0.341658 0.642807
1692 0.349153 0.386976 0.263872
6183 0.392546 0.411989 0.195465
6197 0.710549 0.235486 0.053965
6137 0.229317 0.238640 0.532042
1405 0.337109 0.354437 0.308453
5339 0.614014 0.253494 0.132492
5387 0.170234 0.664593 0.165173
5387 0.190457 0.184285 0.625258
5346 0.153597 0.689834 0.156569
5107 0.740787 0.090535 0.168678
5339 0.170757 0.191730 0.637513
5347 0.428101 0.285927 0.285972
4626 0.450527 0.299101 0.250372
4625 0.194344 0.186136 0.619519
5347 0.030611 0.258536 0.710853
4625 0.237839 0.667969 0.094192
6333 0.477644 0.296832 0.225524
6333 0.331408 0.638805 0.029787
6332 0.627776 0.036486 0.335738
5144 0.078718 0.697902 0.223380
5144 0.205653 0.356167 0.438180
5143 0.278239 0.418852 0.302909
5143 0.024573 0.331134 0.644293
6332 0.759886 0.232337 0.007777
6332 0.083765 0.876478 0.039757
5413 0.244792 0.073306 0.681902
6405 0.114227 0.522417 0.363356
5411 0.271018 0.414658 0.314324
6404 0.063272 0.625474 0.311254
5108 0.698762 0.190995 0.110243
5108 0.392758 0.085977 0.521265
5108 0.058837 0.912209 0.028954
5107 0.375725 0.456594 0.167681
6859 0.190819 0.275953 0.533228
6859 0.562403 0.229683 0.207915
2150 0.327002 0.210981 0.462017
6859 0.120365 0.676951 0.202684
6858 0.066212 0.574107 0.359681
13747 0.287949 0.204904 0.507147
13747 0.685744 0.219002 0.095255
2150 0.741866 0.167313 0.090821
9038 0.159454 0.799907 0.040639
2149 0.373554 0.314479 0.311966
2150 0.237454 0.690643 0.071903
9037 0.533494 0.303322 0.163185
12272 0.564200 0.395096 0.040704
12272 0.356665 0.417743 0.225592
5385 0.160824 0.362523 0.476653
12273 0.213421 0.757082 0.029496
13771 0.749377 0.234687 0.015936
5385 0.029106 0.059526 0.911368
5385 0.251741 0.044182 0.704077
12272 0.715472 0.079696 0.204832
13770 0.470757 0.270197 0.259046
13421 0.253157 0.701046 0.045796
13421 0.190816 0.260434 0.548750
12023 0.166416 0.072866 0.760718
5353 0.727372 0.177968 0.094659
5353 0.279329 0.218110 0.502562
2153 0.543318 0.289726 0.166956
2153 0.114331 0.771041 0.114628
6138 0.397620 0.487126 0.115254
6138 0.260243 0.657420 0.082337
6137 0.370320 0.477198 0.152481
6138 0.148293 0.243341 0.608367
6138 0.002606 0.401379 0.596015
6137 0.309246 0.351657 0.339097
6074 0.157736 0.070255 0.772009
2163 0.203415 0.708956 0.087629
5136 0.271111 0.000000 0.728889
6205 0.898652 0.000000 0.101348
6205 0.157402 0.000000 0.842598
5111 0.000000 0.795585 0.204415
1749 0.738612 0.000000 0.261388
1749 0.472851 0.000000 0.527149
1749 0.307477 0.000000 0.692523
1749 0.976782 0.000000 0.023218
1512 0.178905 0.000000 0.821095
1512 0.783240 0.000000 0.216760
6141 0.083594 0.878013 0.038393
5348 0.271089 0.622341 0.106570
5349 0.235829 0.691041 0.073130
6141 0.517033 0.355922 0.127045
6150 0.210682 0.170568 0.618750
6150 0.682175 0.098758 0.219067
5348 0.608643 0.102256 0.289100
5348 0.171736 0.307482 0.520783
5340 0.089706 0.396515 0.513779
5340 0.626032 0.215766 0.158202
5336 0.083140 0.186209 0.730651
5337 0.364302 0.324204 0.311495
2155 0.697068 0.228300 0.074632
2155 0.282215 0.695129 0.022655
5341 0.109180 0.604978 0.285841
5340 0.142898 0.814993 0.042108
4647 0.002991 0.144496 0.852513
5354 0.763749 0.141031 0.095220
5354 0.273987 0.577723 0.148290
4648 0.410044 0.097230 0.492726
6150 0.208318 0.770354 0.021328
5349 0.128359 0.248512 0.623130
5395 0.671163 0.016515 0.312322
6150 0.307775 0.553598 0.138627
6150 0.019327 0.586151 0.394522
6149 0.378532 0.413664 0.207804
6149 0.230098 0.311313 0.458588
5397 0.040760 0.031516 0.927724
5397 0.441731 0.068314 0.489955
5349 0.426334 0.322691 0.250975
5349 0.084881 0.526326 0.388793
5349 0.725397 0.035837 0.238765
6086 0.048630 0.396134 0.555237
6085 0.145025 0.696143 0.158833
6085 0.193444 0.515261 0.291294
2163 0.369631 0.120881 0.509487
6085 0.080126 0.872760 0.047114
2164 0.820862 0.010310 0.168828
2164 0.630858 0.104385 0.264758
6086 0.261105 0.292590 0.446305
6102 0.041192 0.910141 0.048667
6085 0.765596 0.174078 0.060326
6085 0.230440 0.332916 0.436644
6085 0.743459 0.022628 0.233913
6085 0.289395 0.140264 0.570341
1612 0.014009 0.835232 0.150759
1338 0.088803 0.003670 0.907527
1611 0.121591 0.714058 0.164350
1612 0.125127 0.451588 0.423286
6097 0.629329 0.164668 0.206003
5398 0.092454 0.019295 0.888251
5343 0.683542 0.014848 0.301611
6097 0.464966 0.473557 0.061477
5399 0.716030 0.237071 0.046899
6097 0.234290 0.311863 0.453848
6097 0.071289 0.601828 0.326883
5342 0.158813 0.178748 0.662439
6097 0.312733 0.000607 0.686660
6102 0.153373 0.436887 0.409740
6102 0.462044 0.327096 0.210860
6101 0.117418 0.686051 0.196531
6101 0.282407 0.411167 0.306426
5398 0.430896 0.121611 0.447494
5398 0.309314 0.356854 0.333832
5398 0.203548 0.577787 0.218665
5399 0.446552 0.350967 0.202481
5399 0.195466 0.471374 0.333160
6086 0.481370 0.178550 0.340080
6086 0.712670 0.066773 0.220557
6149 0.861870 0.011000 0.127130
5354 0.283741 0.110551 0.605708
6153 0.551280 0.369737 0.078983
5355 0.390064 0.203846 0.406090
5397 0.845935 0.141221 0.012844
6153 0.484630 0.205207 0.310162
6154 0.290207 0.653965 0.055828
6154 0.025148 0.385215 0.589637
6154 0.473588 0.454113 0.072299
6154 0.211523 0.215429 0.573048
6154 0.066020 0.822030 0.111949
5399 0.217364 0.056549 0.726087
6098 0.052296 0.741407 0.206297
5398 0.127695 0.781651 0.090655
2164 0.456168 0.206239 0.337592
2164 0.038440 0.048792 0.912768
2164 0.295700 0.319637 0.384663
2159 0.243096 0.381690 0.375214
2160 0.203479 0.670582 0.125939
2160 0.669698 0.287326 0.042976
2160 0.242064 0.322778 0.435159
2159 0.585103 0.000000 0.414897
2162 0.049986 0.264607 0.685407
2161 0.007352 0.630972 0.361676
2162 0.419862 0.323645 0.256494
2161 0.339114 0.316675 0.344210
2161 0.115777 0.261565 0.622658
5386 0.181177 0.455334 0.363490
5387 0.549514 0.141849 0.308637
5386 0.419055 0.054548 0.526397
2153 0.069849 0.000910 0.929241
2152 0.346630 0.175191 0.478179
5389 0.675778 0.264393 0.059830
5389 0.225467 0.203705 0.570828
5389 0.256916 0.604138 0.138946
2151 0.028513 0.552871 0.418616
2151 0.016584 0.131441 0.851975
2153 0.145872 0.364308 0.489820
2154 0.177265 0.534667 0.288068
2154 0.541909 0.119000 0.339091
2154 0.106148 0.140058 0.753795
2155 0.285412 0.278030 0.436558
2156 0.261576 0.614578 0.123846
2156 0.664511 0.188105 0.147383
2156 0.247738 0.246750 0.505512
5388 0.406701 0.276194 0.317105
5388 0.290175 0.693011 0.016814
5391 0.313011 0.586247 0.100741
5391 0.082317 0.234395 0.683288
5094 0.161741 0.381715 0.456544
5094 0.131213 0.037432 0.831355
5094 0.218357 0.701978 0.079665
1019 0.147382 0.063249 0.789370
5390 0.450930 0.538637 0.010433
5392 0.033704 0.848962 0.117334
5393 0.126818 0.479347 0.393836
5390 0.360375 0.141890 0.497735
5392 0.262310 0.548387 0.189303
5393 0.457119 0.447582 0.095298
5390 0.820876 0.089997 0.089127
5390 0.628305 0.305716 0.065979
5390 0.136817 0.393891 0.469292
5391 0.450964 0.163971 0.385064
5391 0.801805 0.126171 0.072025
2157 0.478740 0.193921 0.327339
2157 0.046820 0.647680 0.305501
2157 0.121555 0.159107 0.719338
2158 0.436697 0.312946 0.250357
5393 0.127968 0.099373 0.772660
5393 0.492790 0.064207 0.443002
5395 0.084182 0.297793 0.618025
2158 0.034208 0.339382 0.626410
5394 0.056326 0.606952 0.336722
5395 0.514522 0.325007 0.160470
5393 0.878221 0.037865 0.083914
2160 0.295538 0.003576 0.700887
5392 0.209929 0.170017 0.620055
5392 0.535642 0.196358 0.268001
5394 0.684845 0.283869 0.031287
5394 0.435175 0.196135 0.368690
5396 0.076876 0.887534 0.035590
5397 0.209044 0.641289 0.149667
2162 0.476736 0.034552 0.488712
5396 0.301278 0.417856 0.280866
2162 0.814810 0.119456 0.065734
5396 0.754379 0.085441 0.160180
2161 0.613556 0.050526 0.335917
2161 0.430243 0.000000 0.569757
6137 0.698920 0.092074 0.209007
6154 0.791721 0.000794 0.207485
6871 0.092826 0.616707 0.290467
6870 0.285767 0.264646 0.449586
6870 0.033325 0.281373 0.685301
6871 0.097360 0.885288 0.017351
6870 0.570781 0.243098 0.186122
5345 0.574722 0.392658 0.032619
5345 0.567473 0.126299 0.306227
6871 0.087588 0.374349 0.538063
5344 0.218062 0.420980 0.360958
2170 0.111927 0.429556 0.458516
2170 0.139820 0.106843 0.753337
2167 0.336389 0.553333 0.110278
2169 0.056455 0.303056 0.640489
2170 0.699156 0.018727 0.282117
2170 0.085358 0.701710 0.212931
2169 0.321707 0.330278 0.348016
2168 0.418485 0.557046 0.024470
2168 0.421986 0.278569 0.299445
5351 0.282091 0.451738 0.266171
5350 0.490421 0.017316 0.492263
5350 0.193876 0.031221 0.774904
5351 0.271948 0.693013 0.035039
5350 0.731000 0.023861 0.245140
5351 0.282368 0.181973 0.535659
6486 0.452483 0.007732 0.539785
6486 0.043348 0.057752 0.898899
6487 0.366432 0.110427 0.523141
2167 0.212895 0.027418 0.759687
6487 0.466238 0.478056 0.055706
6486 0.336565 0.476770 0.186665
2166 0.045610 0.447898 0.506491
2166 0.441395 0.404229 0.154377
2166 0.361000 0.018588 0.620411
2165 0.005251 0.853261 0.141487
2165 0.320946 0.444899 0.234155
6487 0.036592 0.905027 0.058381
6524 0.044681 0.475197 0.480123
6524 0.339542 0.459126 0.201332
5343 0.045886 0.813107 0.141007
6525 0.492220 0.228393 0.279387
5343 0.007616 0.539352 0.453032
6524 0.155149 0.055097 0.789755
2165 0.113833 0.227839 0.658328
2165 0.574330 0.102177 0.323493
1338 0.303666 0.010330 0.686004
5405 0.105351 0.801680 0.092969
5403 0.500468 0.203014 0.296518
5405 0.091663 0.497100 0.411237
5402 0.069034 0.446481 0.484485
5404 0.466898 0.263592 0.269509
5404 0.193955 0.228931 0.577114
6101 0.935682 0.029522 0.034796
6101 0.467999 0.123616 0.408385
5401 0.679394 0.116672 0.203934
5400 0.261820 0.221084 0.517095
6528 0.625293 0.144136 0.230571
6528 0.216731 0.222069 0.561200
6529 0.132017 0.418626 0.449357
6529 0.234527 0.754040 0.011433
5401 0.263249 0.195763 0.540988
5401 0.368287 0.539168 0.092545
6101 0.009524 0.216172 0.774304
5343 0.327682 0.126726 0.545592
5400 0.724886 0.132486 0.142628
5405 0.099661 0.183109 0.717230
5405 0.766108 0.103047 0.130844
5402 0.398559 0.433497 0.167944
6529 0.726928 0.112000 0.161072
6529 0.066078 0.086637 0.847285
5400 0.340176 0.559005 0.100819
5343 0.427906 0.439555 0.132539
5342 0.244132 0.501087 0.254781
6871 0.087582 0.156572 0.755846
5344 0.413775 0.447225 0.139000
6871 0.710093 0.101462 0.188445
6506 0.425598 0.530931 0.043471
5350 0.923385 0.051719 0.024896
4636 0.048466 0.073572 0.877962
4636 0.510524 0.039503 0.449972
4636 0.939906 0.019289 0.040805
5350 0.162188 0.755626 0.082186
5105 0.112505 0.314712 0.572783
5106 0.483036 0.397886 0.119078
5105 0.005785 0.675801 0.318413
5106 0.781872 0.208780 0.009348
5106 0.597195 0.228503 0.174302
5105 0.335104 0.076814 0.588082
5412 0.125664 0.816211 0.058125
5105 0.246012 0.453603 0.300385
5105 0.472116 0.223065 0.304819
5412 0.178013 0.547665 0.274322
5413 0.502127 0.241269 0.256603
5412 0.611528 0.313622 0.074849
5412 0.190930 0.234270 0.574801
5413 0.222743 0.554304 0.222953
5410 0.118453 0.469430 0.412117
6404 0.467592 0.359489 0.172919
5410 0.599150 0.171727 0.229123
6404 0.908905 0.087064 0.004032
6373 0.816660 0.000894 0.182446
5142 0.067057 0.657858 0.275085
6372 0.467758 0.269356 0.262886
5406 0.848395 0.027420 0.124185
5406 0.530047 0.060386 0.409567
5406 0.288672 0.065913 0.645415
5406 0.065213 0.051227 0.883559
6405 0.881254 0.106896 0.011850
5408 0.290680 0.226735 0.482585
5123 0.520007 0.159263 0.320730
5409 0.530647 0.255122 0.214231
5123 0.005721 0.430199 0.564080
5409 0.288241 0.065045 0.646713
2151 0.558683 0.397427 0.043890
5095 0.504318 0.002175 0.493506
5409 0.184744 0.737958 0.077298
5394 0.226124 0.086348 0.687528
5397 0.317081 0.340349 0.342570
5396 0.125527 0.291955 0.582518
6153 0.384753 0.055205 0.560042
6154 0.638974 0.236330 0.124697
6154 0.381674 0.025540 0.592786
6138 0.115987 0.812074 0.071939
2164 0.145706 0.448053 0.406241
2163 0.216461 0.565263 0.218276
2163 0.253203 0.424207 0.322589
6074 0.754451 0.220403 0.025146
6073 0.008954 0.129780 0.861266
1611 0.137390 0.085198 0.777412
1611 0.130355 0.184477 0.685168
1090 0.287952 0.159171 0.552877
1090 0.287813 0.000000 0.712187
1090 0.481066 0.377607 0.141327
1089 0.210767 0.284080 0.505153
1612 0.496933 0.021467 0.481599
1090 0.386958 0.028246 0.584796
1089 0.181368 0.158166 0.660465
1612 0.340021 0.182941 0.477038
1090 0.922554 0.059227 0.018218
1611 0.041190 0.589013 0.369797
1611 0.029267 0.448508 0.522224
2163 0.305764 0.277035 0.417202
6073 0.027559 0.019816 0.952626
1611 0.074470 0.308823 0.616707
1713 0.880430 0.021482 0.098088
1057 0.561830 0.001916 0.436254
6473 0.497072 0.434561 0.068367
1058 0.627934 0.006483 0.365583
1057 0.114303 0.503254 0.382443
1714 0.185652 0.789709 0.024639
1486 0.775295 0.182237 0.042468
6472 0.429750 0.568720 0.001530
1714 0.342843 0.234953 0.422205
5325 0.433919 0.515523 0.050557
1486 0.236984 0.260564 0.502452
5323 0.015460 0.094539 0.890001
6878 0.049947 0.310518 0.639535
6523 0.062802 0.761386 0.175812
6873 0.368016 0.159206 0.472779
5325 0.725455 0.024860 0.249685
6522 0.059923 0.595996 0.344081
6520 0.436652 0.325032 0.238315
6522 0.303782 0.184194 0.512024
5320 0.406160 0.232235 0.361605
5319 0.655821 0.150840 0.193339
5320 0.212376 0.665264 0.122360
1406 0.675190 0.234944 0.089866
1406 0.035933 0.131436 0.832632
6483 0.571332 0.198699 0.229969
6482 0.114235 0.469927 0.415839
1058 0.183322 0.041044 0.775634
1058 0.024478 0.636317 0.339205
6881 0.645349 0.112696 0.241955
6880 0.157284 0.502585 0.340132
1057 0.897381 0.052781 0.049837
1057 0.418288 0.579640 0.002071
6473 0.541337 0.104471 0.354192
2169 0.074660 0.914499 0.010841
2169 0.594437 0.356277 0.049286
1337 0.955679 0.043630 0.000690
6473 0.002598 0.530039 0.467363
1337 0.133055 0.377494 0.489451
1337 0.563731 0.415710 0.020559
6473 0.036144 0.196713 0.767143
1338 0.637942 0.215074 0.146984
1691 0.562286 0.013582 0.424131
1692 0.450910 0.050653 0.498437
1338 0.263403 0.242559 0.494038
1338 0.220383 0.530971 0.248645
1337 0.174250 0.795321 0.030428
1339 0.239326 0.615150 0.145523
1339 0.052375 0.563141 0.384484
1068 0.070081 0.923220 0.006699
6245 0.052654 0.810803 0.136542
1067 0.521011 0.320171 0.158817
1068 0.187776 0.580536 0.231687
1340 0.295856 0.252503 0.451641
5331 0.656652 0.167129 0.176218
1339 0.425008 0.114828 0.460164
1339 0.226125 0.109340 0.664535
6238 0.160729 0.332636 0.506635
1342 0.014152 0.980652 0.005196
5299 0.685428 0.263729 0.050843
1715 0.111814 0.491630 0.396556
6277 0.363886 0.114018 0.522096
5299 0.156053 0.050012 0.793935
1067 0.141893 0.264966 0.593141
1068 0.306269 0.131054 0.562677
6277 0.231551 0.624459 0.143990
6193 0.827679 0.038005 0.134315
5300 0.076082 0.110198 0.813720
5285 0.518582 0.054822 0.426596
6183 0.530531 0.409279 0.060190
5286 0.471370 0.229835 0.298795
6194 0.072396 0.879554 0.048050
6194 0.030959 0.730901 0.238140
6245 0.277606 0.547782 0.174611
6244 0.053841 0.452851 0.493308
6245 0.498353 0.420307 0.081341
6244 0.285675 0.414394 0.299931
6244 0.433438 0.184725 0.381838
6245 0.241007 0.403446 0.355547
1341 0.072099 0.763577 0.164324
1288 0.247676 0.139182 0.613142
1412 0.126981 0.232783 0.640237
1341 0.161395 0.564866 0.273739
5285 0.804860 0.156689 0.038451
5285 0.114854 0.540987 0.344158
5285 0.311807 0.583049 0.105144
1353 0.091846 0.338122 0.570031
6244 0.194474 0.300698 0.504828
6244 0.156731 0.292310 0.550958
6244 0.504872 0.052597 0.442532
1342 0.011344 0.503666 0.484990
1341 0.215185 0.428471 0.356344
1341 0.219447 0.350005 0.430548
1413 0.208268 0.699818 0.091914
1413 0.140194 0.618442 0.241363
1353 0.335185 0.473190 0.191624
1354 0.309942 0.171723 0.518335
1354 0.179843 0.441210 0.378948
1411 0.437614 0.337578 0.224808
5332 0.253523 0.037235 0.709242
5333 0.596820 0.311152 0.092028
5332 0.253831 0.540770 0.205399
5332 0.556496 0.103328 0.340176
5333 0.177962 0.294113 0.527924
5333 0.051298 0.745717 0.202985
5106 0.304186 0.305231 0.390583
5106 0.080533 0.635503 0.283964
5106 0.104297 0.210301 0.685403
6858 0.466575 0.140650 0.392774
5106 0.550114 0.076706 0.373181
6858 0.057609 0.131589 0.810802
6858 0.267319 0.345593 0.387088
5385 0.456290 0.021724 0.521986
5385 0.382280 0.305854 0.311867
5385 0.562874 0.234106 0.203021
5385 0.659240 0.008551 0.332209
5385 0.878524 0.021289 0.100186
5332 0.803544 0.161984 0.034472
5144 0.805759 0.059709 0.134532
5144 0.384610 0.049456 0.565934
4648 0.006361 0.067239 0.926400
6089 0.309345 0.646165 0.044490
5355 0.028911 0.817563 0.153526
6098 0.320318 0.201749 0.477933
6089 0.667992 0.306395 0.025614
6098 0.636036 0.235609 0.128356
6150 0.293633 0.361806 0.344560
6149 0.023735 0.285782 0.690483
6098 0.563450 0.408608 0.027942
6098 0.322420 0.430501 0.247079
5355 0.024276 0.559273 0.416451
5355 0.407289 0.587170 0.005541
5354 0.510042 0.147457 0.342501
12226 0.052702 0.373758 0.573540
12226 0.508365 0.368429 0.123206
12275 0.131688 0.033564 0.834748
12234 0.253884 0.124497 0.621619
12275 0.612466 0.065206 0.322328
11995 0.836955 0.123342 0.039703
12235 0.312851 0.449982 0.237168
12235 0.307301 0.038892 0.653807
11513 0.174961 0.686411 0.138628
11514 0.260823 0.474889 0.264287
11513 0.256737 0.152502 0.590761
11513 0.707566 0.064120 0.228314
13221 0.217664 0.524872 0.257464
13220 0.018690 0.406089 0.575221
13220 0.517103 0.426799 0.056098
12032 0.590707 0.378923 0.030370
12032 0.193041 0.033776 0.773183
12032 0.208625 0.441993 0.349382
12298 0.799911 0.079299 0.120789
12298 0.320773 0.227518 0.451709
12299 0.185967 0.560299 0.253734
13293 0.416670 0.215538 0.367793
13292 0.092474 0.455098 0.452428
12298 0.186886 0.676349 0.136765
11996 0.266383 0.650433 0.083184
11995 0.448323 0.095922 0.455755
9040 0.982602 0.001392 0.016006
11996 0.193407 0.258738 0.547854
13747 0.261891 0.593689 0.144420
9038 0.184496 0.378145 0.437359
12221 0.778007 0.016034 0.205959
13746 0.210049 0.313177 0.476774
13746 0.161105 0.761981 0.076914
13746 0.462174 0.323273 0.214553
9037 0.053613 0.308753 0.637634
12221 0.302824 0.053448 0.643728
12272 0.172333 0.418495 0.409172
12273 0.602790 0.397135 0.000075
12272 0.475416 0.086933 0.437650
12272 0.262461 0.082559 0.654980
12241 0.615840 0.325891 0.058269
12240 0.316808 0.022419 0.660773
12240 0.337723 0.432719 0.229559
12240 0.726406 0.095014 0.178580
9051 0.882831 0.058916 0.058253
13041 0.710755 0.143422 0.145823
12286 0.375775 0.623174 0.001051
13026 0.090996 0.719643 0.189362
9051 0.442136 0.277960 0.279904
12287 0.118884 0.787717 0.093399
9051 0.464311 0.115636 0.420054
9052 0.400659 0.437872 0.161469
9052 0.558716 0.293238 0.148046
12974 0.878635 0.003862 0.117503
13030 0.538367 0.332569 0.129063
13030 0.341064 0.234717 0.424219
13030 0.180315 0.748799 0.070886
11536 0.385134 0.209588 0.405278
11536 0.603241 0.258093 0.138666
13029 0.299047 0.614784 0.086169
11529 0.338274 0.150667 0.511059
12229 0.092340 0.880514 0.027146
12237 0.060804 0.723539 0.215658
12237 0.433533 0.124186 0.442281
12225 0.489032 0.251405 0.259563
12224 0.149336 0.178545 0.672119
12224 0.147470 0.604434 0.248096
12224 0.573618 0.259249 0.167133
12229 0.276796 0.290656 0.432549
12228 0.036410 0.369381 0.594209
11535 0.117544 0.600959 0.281497
12977 0.381383 0.446005 0.172613
12977 0.169066 0.667115 0.163819
11535 0.337236 0.383282 0.279482
13038 0.746274 0.229676 0.024049
13038 0.479508 0.390793 0.129699
13037 0.308832 0.529825 0.161343
12243 0.251372 0.178036 0.570592
12243 0.501504 0.052413 0.446083
13037 0.099624 0.034025 0.866351
12243 0.029471 0.258239 0.712289
13037 0.354645 0.257650 0.387706
13037 0.350115 0.083555 0.566330
13037 0.775679 0.192827 0.031494
12236 0.220997 0.490283 0.288720
13030 0.020571 0.572251 0.407178
12974 0.024493 0.515491 0.460017
12989 0.686667 0.048666 0.264668
12973 0.373187 0.518490 0.108323
12990 0.588366 0.349703 0.061931
12989 0.152614 0.463571 0.383815
12974 0.089607 0.319579 0.590814
12990 0.654649 0.096897 0.248454
12973 0.305355 0.425797 0.268848
12973 0.220193 0.356309 0.423498
9053 0.080366 0.130790 0.788844
8226 0.061537 0.000000 0.938463
8226 0.142266 0.430639 0.427095
8226 0.448865 0.301434 0.249700
9053 0.116298 0.315810 0.567892
9053 0.509434 0.004521 0.486046
9054 0.360815 0.087921 0.551264
9054 0.233389 0.351168 0.415444
12231 0.438205 0.429942 0.131853
12230 0.123114 0.648167 0.228719
12230 0.591173 0.334863 0.073964
12231 0.157423 0.257790 0.584787
12231 0.008769 0.579858 0.411373
12231 0.500915 0.105490 0.393596
12986 0.788589 0.039171 0.172240
12230 0.355777 0.245111 0.399112
12230 0.133044 0.155153 0.711803
12990 0.105233 0.760891 0.133876
12990 0.178629 0.460029 0.361342
12989 0.343587 0.526483 0.129930
12289 0.032448 0.077817 0.889734
12289 0.414138 0.170694 0.415168
12990 0.248958 0.172273 0.578769
12986 0.078197 0.016457 0.905347
12287 0.668078 0.075534 0.256388
12286 0.236761 0.018745 0.744493
12989 0.846705 0.124730 0.028565
12288 0.062406 0.195571 0.742023
12243 0.336734 0.599342 0.063924
12242 0.052871 0.404681 0.542448
12242 0.465062 0.511246 0.023692
12242 0.545770 0.260864 0.193367
12243 0.090192 0.692107 0.217701
12985 0.544757 0.248382 0.206861
12986 0.212009 0.694260 0.093731
12986 0.353301 0.465181 0.181518
12986 0.030104 0.888199 0.081697
12286 0.337644 0.129143 0.533213
12286 0.386281 0.270532 0.343187
12986 0.439163 0.194725 0.366112
12985 0.118143 0.236760 0.645097
12287 0.556936 0.268011 0.175053
12287 0.428811 0.448338 0.122851
12287 0.259918 0.098768 0.641313
12287 0.151298 0.270131 0.578571
9049 0.770206 0.205962 0.023832
9049 0.357912 0.164358 0.477731
12284 0.028354 0.846110 0.125536
12285 0.194857 0.424237 0.380906
9047 0.121980 0.326720 0.551299
12283 0.050868 0.378397 0.570735
9050 0.854525 0.114827 0.030647
13026 0.188911 0.172129 0.638960
12285 0.211888 0.020996 0.767116
13041 0.136501 0.139541 0.723959
12274 0.086067 0.417668 0.496266
12274 0.341319 0.600966 0.057715
12275 0.078919 0.434835 0.486246
9042 0.848580 0.081613 0.069807
9040 0.066128 0.378132 0.555740
9040 0.442092 0.536227 0.021681
12277 0.316210 0.179661 0.504129
12277 0.007050 0.020330 0.972620
12276 0.044585 0.672600 0.282815
12277 0.658357 0.287565 0.054078
9042 0.343064 0.424125 0.232811
9041 0.289456 0.258398 0.452147
9041 0.164012 0.738049 0.097939
9041 0.655981 0.340935 0.003083
9043 0.420870 0.187733 0.391397
9044 0.421495 0.523021 0.055484
9044 0.883185 0.109756 0.007059
9044 0.506793 0.076957 0.416250
12276 0.585403 0.252137 0.162460
12279 0.058794 0.165446 0.775760
12279 0.449417 0.392766 0.157817
12279 0.588375 0.021878 0.389748
11982 0.309881 0.200390 0.489729
11982 0.591362 0.306683 0.101955
11982 0.012480 0.121661 0.865859
12278 0.260506 0.005620 0.733874
12278 0.405604 0.151973 0.442423
12281 0.633590 0.365049 0.001361
12281 0.693544 0.073613 0.232843
12281 0.288041 0.006849 0.705110
12280 0.224762 0.458844 0.316395
12281 0.218351 0.340612 0.441037
12281 0.154182 0.704011 0.141807
12278 0.575851 0.245811 0.178339
12278 0.078945 0.643190 0.277865
9044 0.037178 0.429716 0.533106
9044 0.103934 0.043106 0.852960
9045 0.578329 0.001559 0.420112
9045 0.192776 0.407355 0.399869
12228 0.877428 0.087553 0.035019
9046 0.672532 0.135069 0.192399
9046 0.183056 0.639813 0.177131
9046 0.260454 0.230709 0.508837
12236 0.373799 0.117516 0.508685
12236 0.833750 0.138636 0.027614
12283 0.771063 0.171813 0.057124
12282 0.378563 0.277691 0.343746
12282 0.097864 0.681883 0.220253
9047 0.812705 0.064611 0.122684
12283 0.418609 0.283048 0.298343
9047 0.495870 0.439681 0.064449
12284 0.288654 0.496417 0.214929
12285 0.537441 0.319475 0.143084
12284 0.515587 0.164957 0.319455
12284 0.070531 0.137437 0.792032
13042 0.466048 0.074290 0.459662
13042 0.552985 0.398819 0.048197
13042 0.170456 0.183495 0.646048
13042 0.273192 0.516399 0.210409
13026 0.233386 0.412879 0.353735
13041 0.475104 0.036375 0.488520
13041 0.326946 0.315416 0.357638
13041 0.208669 0.577577 0.213754
13759 0.444187 0.380196 0.175618
13758 0.040580 0.314795 0.644625
12232 0.559191 0.408905 0.031903
12232 0.347040 0.646777 0.006183
13759 0.176415 0.402249 0.421337
12232 0.793945 0.146549 0.059507
9058 0.672028 0.236417 0.091555
9057 0.469308 0.315022 0.215670
12293 0.025176 0.826202 0.148622
9058 0.380708 0.223480 0.395812
9057 0.143430 0.611698 0.244872
12293 0.029436 0.291271 0.679293
12233 0.508266 0.300870 0.190864
12232 0.080299 0.215470 0.704232
12238 0.338316 0.315838 0.345846
12233 0.260405 0.321131 0.418464
12238 0.046347 0.600943 0.352710
12239 0.139855 0.657835 0.202310
9056 0.300447 0.664397 0.035156
9056 0.336514 0.126718 0.536768
12291 0.958389 0.034622 0.006989
9055 0.344859 0.371406 0.283735
9056 0.671272 0.184219 0.144509
12290 0.567164 0.037863 0.394973
13374 0.025395 0.427902 0.546703
13375 0.201777 0.370811 0.427412
13375 0.068083 0.908671 0.023246
13374 0.520473 0.002254 0.477273
13374 0.426368 0.531317 0.042315
9053 0.055133 0.920032 0.024834
12239 0.304294 0.072383 0.623322
13413 0.286583 0.622409 0.091008
13413 0.003603 0.560507 0.435889
12239 0.616175 0.101717 0.282108
13412 0.287666 0.394881 0.317453
12239 0.037871 0.066142 0.895987
9053 0.290031 0.408048 0.301921
9053 0.725758 0.006096 0.268146
9054 0.143502 0.639463 0.217036
12293 0.301342 0.320271 0.378387
12293 0.601538 0.347542 0.050920
12292 0.218490 0.707166 0.074344
12290 0.420718 0.574199 0.005082
12288 0.305380 0.252724 0.441896
12288 0.598103 0.297129 0.104768
12289 0.372988 0.471033 0.155979
12288 0.144747 0.662026 0.193227
12290 0.150523 0.323820 0.525658
13417 0.344114 0.106483 0.549403
13417 0.661355 0.259613 0.079032
12291 0.370950 0.361747 0.267303
13416 0.007151 0.681719 0.311130
13416 0.461888 0.319356 0.218757
13412 0.390984 0.007593 0.601422
13412 0.707669 0.034500 0.257831
13413 0.625639 0.302467 0.071894
12292 0.303005 0.104943 0.592052
12290 0.072171 0.866512 0.061317
12291 0.070458 0.299807 0.629735
13416 0.318474 0.003085 0.678441
12238 0.114803 0.035373 0.849825
13413 0.289077 0.169508 0.541415
13394 0.070119 0.004093 0.925788
13758 0.223262 0.097959 0.678779
13758 0.843549 0.133363 0.023088
11532 0.791739 0.075048 0.133213
13394 0.300033 0.251560 0.448407
11531 0.585436 0.097776 0.316788
13395 0.716015 0.062042 0.221942
11524 0.308341 0.357592 0.334067
12233 0.035373 0.356450 0.608177
12300 0.500571 0.023972 0.475457
11994 0.203579 0.082161 0.714260
11994 0.232768 0.297565 0.469667
12300 0.283662 0.308013 0.408326
12300 0.671816 0.174892 0.153292
12300 0.215471 0.105829 0.678700
12301 0.588523 0.367484 0.043994
11994 0.515154 0.176943 0.307903
11994 0.683273 0.085603 0.231124
12300 0.008023 0.645189 0.346788
12301 0.247623 0.406088 0.346289
12300 0.406713 0.506428 0.086859
12299 0.070816 0.299506 0.629678
12300 0.027238 0.955943 0.016818
12299 0.639727 0.253762 0.106511
13261 0.481966 0.038004 0.480030
13292 0.527162 0.332300 0.140538
12012 0.833478 0.147450 0.019072
13260 0.022292 0.323377 0.654331
13261 0.036036 0.436506 0.527459
12030 0.225126 0.272332 0.502542
12030 0.677475 0.207181 0.115345
12029 0.154329 0.019427 0.826244
12294 0.627021 0.207582 0.165397
12294 0.420735 0.439352 0.139913
12297 0.044906 0.913922 0.041171
12012 0.156347 0.365288 0.478365
12296 0.329622 0.299679 0.370699
12297 0.454585 0.339056 0.206359
12011 0.043508 0.604974 0.351518
12297 0.234648 0.084095 0.681257
9039 0.481158 0.263165 0.255677
9039 0.949773 0.029980 0.020247
11983 0.587959 0.279575 0.132466
13038 0.165336 0.548961 0.285703
13038 0.192616 0.087355 0.720029
12242 0.189927 0.121795 0.688278
13042 0.010673 0.649689 0.339637
13041 0.120477 0.820852 0.058671
12286 0.396990 0.435971 0.167039
12287 0.283219 0.620285 0.096496
12287 0.027234 0.435356 0.537410
9052 0.681374 0.156100 0.162526
12974 0.791874 0.159629 0.048497
9052 0.777963 0.021157 0.200880
12973 0.034445 0.265138 0.700417
8500 0.471958 0.428487 0.099555
8499 0.497239 0.124515 0.378246
8499 0.034569 0.530401 0.435031
8499 0.395615 0.254787 0.349598
7977 0.150169 0.065532 0.784299
8499 0.516993 0.221308 0.261699
8499 0.593050 0.262110 0.144840
7978 0.832069 0.000000 0.167931
13370 0.044416 0.052926 0.902657
13371 0.610281 0.071921 0.317798
13370 0.459328 0.203928 0.336744
8499 0.596424 0.389438 0.014139
8499 0.100832 0.783295 0.115873
8499 0.101236 0.664621 0.234143
12974 0.152243 0.134120 0.713637
12973 0.126567 0.305970 0.567462
8499 0.070621 0.587706 0.341673
8374 0.105313 0.858468 0.036219
8374 0.114680 0.393370 0.491949
7946 0.450031 0.329128 0.220841
8373 0.847808 0.110991 0.041201
8373 0.249341 0.125277 0.625382
13768 0.403527 0.052193 0.544280
13766 0.244522 0.285157 0.470321
7945 0.245944 0.586634 0.167422
13769 0.379719 0.324029 0.296252
5324 0.289417 0.207596 0.502987
12211 0.515970 0.151170 0.332860
6873 0.819663 0.097823 0.082514
13761 0.142542 0.693142 0.164316
6879 0.091364 0.425144 0.483492
12217 0.940935 0.046815 0.012250
12214 0.317554 0.429464 0.252982
13761 0.249950 0.197135 0.552916
13411 0.598799 0.212983 0.188219
13409 0.229436 0.134270 0.636294
8601 0.059421 0.794663 0.145916
12207 0.065343 0.282788 0.651869
8601 0.686953 0.017854 0.295193
13411 0.386683 0.581421 0.031897
13410 0.085077 0.865672 0.049250
13768 0.763043 0.232305 0.004652
13768 0.176707 0.693279 0.130014
9055 0.719023 0.049615 0.231362
7946 0.009661 0.248837 0.741502
9058 0.064492 0.682353 0.253155
9058 0.082310 0.204208 0.713481
8602 0.116148 0.138373 0.745479
8602 0.772784 0.112597 0.114619
13361 0.575751 0.147027 0.277222
13360 0.263953 0.502310 0.233737
13361 0.108139 0.685132 0.206729
13361 0.237909 0.117885 0.644206
12208 0.300681 0.551399 0.147920
13370 0.058855 0.637319 0.303826
8226 0.211053 0.738698 0.050249
8225 0.288498 0.439739 0.271764
13371 0.257879 0.076182 0.665939
8228 0.019541 0.368975 0.611485
8228 0.343640 0.493682 0.162678
13132 0.441912 0.241339 0.316749
13132 0.339743 0.470286 0.189971
12219 0.234907 0.321519 0.443574
6245 0.495025 0.000000 0.504975
5331 0.211137 0.558541 0.230322
1339 0.173494 0.005561 0.820944
8229 0.284702 0.167709 0.547589
8229 0.140274 0.403882 0.455844
8301 0.069885 0.151631 0.778484
8302 0.498544 0.254607 0.246849
1342 0.672324 0.029799 0.297877
1414 0.727983 0.074076 0.197940
8227 0.194982 0.339051 0.465967
13132 0.158586 0.723689 0.117724
8230 0.296143 0.594304 0.109553
8302 0.066611 0.272980 0.660409
8389 0.108572 0.105281 0.786148
8390 0.408945 0.084982 0.506073
12345 0.338897 0.325570 0.335533
12345 0.050039 0.847786 0.102176
1502 0.578366 0.277637 0.143997
5456 0.099236 0.580337 0.320427
8667 0.172025 0.506523 0.321452
6245 0.426756 0.274335 0.298908
6244 0.052579 0.149348 0.798074
6245 0.632358 0.350322 0.017320
6244 0.306391 0.040271 0.653338
1342 0.666756 0.198986 0.134258
1341 0.024676 0.316460 0.658865
1414 0.519881 0.439684 0.040435
1414 0.597045 0.272375 0.130580
1502 0.327364 0.610534 0.062102
1501 0.067064 0.824872 0.108064
1780 0.570529 0.208218 0.221253
5457 0.039880 0.311215 0.648906
6244 0.153823 0.254563 0.591614
1342 0.011943 0.439769 0.548289
1341 0.155701 0.320251 0.524048
1413 0.053501 0.546604 0.399895
1411 0.245029 0.112517 0.642454
1354 0.046560 0.692573 0.260867
12031 0.431703 0.370763 0.197533
12031 0.059763 0.766863 0.173374
12220 0.606252 0.140414 0.253334
12220 0.177803 0.650085 0.172112
12221 0.342429 0.467918 0.189653
12220 0.188654 0.199505 0.611841
11994 0.603411 0.348133 0.048456
11994 0.831634 0.140685 0.027681
11993 0.252183 0.285933 0.461884
11994 0.275631 0.526648 0.197721
11993 0.073644 0.686620 0.239736
11993 0.547440 0.237399 0.215161
11993 0.328870 0.663882 0.007248
12272 0.076511 0.070102 0.853387
12295 0.054347 0.922538 0.023115
12273 0.677010 0.014713 0.308278
12273 0.627671 0.184788 0.187541
12294 0.201652 0.695004 0.103344
12301 0.859955 0.088051 0.051994
12301 0.518130 0.108134 0.373736
12301 0.141517 0.131384 0.727099
12978 0.481417 0.421377 0.097206
12978 0.261763 0.449681 0.288556
12978 0.437359 0.082676 0.479965
12978 0.218531 0.116271 0.665198
11523 0.095424 0.635842 0.268734
11524 0.144271 0.797095 0.058634
13030 0.155963 0.148285 0.695752
11535 0.100781 0.185196 0.714022
11524 0.006416 0.879945 0.113639
12978 0.013431 0.119575 0.866994
12978 0.029922 0.451110 0.518968
12978 0.088057 0.831874 0.080069
11535 0.568588 0.153837 0.277575
12351 0.023212 0.510101 0.466687
6183 0.063449 0.799323 0.137228
6183 0.129191 0.866472 0.004336
12350 0.170805 0.478278 0.350917
5463 0.651852 0.281971 0.066177
5285 0.120045 0.805284 0.074672
1354 0.102400 0.080565 0.817035
5286 0.190813 0.802666 0.006521
5286 0.054730 0.944125 0.001145
1354 0.009463 0.302676 0.687861
1781 0.231105 0.208435 0.560460
1749 0.145709 0.000000 0.854291
1749 0.052392 0.000000 0.947608
1749 0.136095 0.000000 0.863905
1749 0.000000 0.000000 1.000000
6175 0.992089 0.000000 0.007911
1749 0.204904 0.000000 0.795096
1781 0.089227 0.487110 0.423663
1782 0.241672 0.577499 0.180829
5286 0.005885 0.856539 0.137575
5303 0.615859 0.184645 0.199495
5463 0.086130 0.577472 0.336398
5462 0.366189 0.613873 0.019937
5303 0.229019 0.464107 0.306874
5304 0.214954 0.602677 0.182369
5304 0.212363 0.161264 0.626374
5304 0.579122 0.175618 0.245260
6176 0.440435 0.405697 0.153869
6175 0.245279 0.546518 0.208203
6175 0.501246 0.000000 0.498754
6175 0.822487 0.000000 0.177513
6175 0.784055 0.000000 0.215945
1749 0.000000 0.000000 1.000000
5286 0.186950 0.643625 0.169426
5286 0.132070 0.426883 0.441047
5303 0.174509 0.073443 0.752049
1749 0.125500 0.000000 0.874500
1749 0.189418 0.000000 0.810582
13064 0.675674 0.297082 0.027245
13064 0.315356 0.326545 0.358098
13064 0.067293 0.233990 0.698717
1749 0.214831 0.000000 0.785169
1749 0.200608 0.000000 0.799392
1749 0.225947 0.000000 0.774053
5338 0.265988 0.423034 0.310978
5346 0.636804 0.248447 0.114750
5339 0.120586 0.625967 0.253447
5346 0.171424 0.140774 0.687802
4626 0.029713 0.264949 0.705339
6401 0.825324 0.062459 0.112217
5334 0.498704 0.409264 0.092032
5335 0.023634 0.902432 0.073935
5357 0.510525 0.106003 0.383472
6868 0.156913 0.652604 0.190482
13757 0.786436 0.123383 0.090181
6868 0.605798 0.218865 0.175337
5353 0.291848 0.574594 0.133558
5352 0.283836 0.291820 0.424344
6142 0.045341 0.723093 0.231566
4642 0.490399 0.133030 0.376571
6141 0.229184 0.392141 0.378675
5341 0.965967 0.031119 0.002913
5341 0.478095 0.168229 0.353676
5336 0.475707 0.138000 0.386293
5336 0.082547 0.574919 0.342535
5341 0.015020 0.268291 0.716689
4647 0.269007 0.136546 0.594447
4648 0.388918 0.363250 0.247832
6862 0.041331 0.903869 0.054799
4638 0.510786 0.083932 0.405282
6862 0.592493 0.298486 0.109020
6506 0.207335 0.494860 0.297805
4636 0.023801 0.330888 0.645311
4643 0.122812 0.099907 0.777280
4636 0.476154 0.304405 0.219441
4635 0.202456 0.109097 0.688448
4644 0.193679 0.156210 0.650110
5356 0.118017 0.016970 0.865012
2143 0.477522 0.371958 0.150521
2143 0.054948 0.779743 0.165309
6090 0.019700 0.659893 0.320406
6089 0.086898 0.594829 0.318273
6089 0.428997 0.253464 0.317539
12227 0.218005 0.427082 0.354913
12226 0.124342 0.776152 0.099506
12234 0.697850 0.106910 0.195240
12234 0.205572 0.678739 0.115688
11514 0.250646 0.043132 0.706222
13288 0.184920 0.006618 0.808462
12223 0.021300 0.359383 0.619317
12223 0.013805 0.886905 0.099289
12245 0.037038 0.372527 0.590435
13756 0.387318 0.196705 0.415976
9032 0.819222 0.021501 0.159277
12241 0.241996 0.317076 0.440928
12241 0.227980 0.737978 0.034042
13029 0.194577 0.236335 0.569088
11536 0.147545 0.154563 0.697892
11529 0.332535 0.615007 0.052458
11521 0.514527 0.202574 0.282900
11530 0.600983 0.329680 0.069337
12225 0.167511 0.177840 0.654649
12225 0.074796 0.650945 0.274259
11521 0.116842 0.044387 0.838771
11536 0.164057 0.701079 0.134864
12977 0.610705 0.211631 0.177663
13751 0.125084 0.283536 0.591380
13750 0.027680 0.902114 0.070206
13394 0.062261 0.491397 0.446342
11532 0.554610 0.084626 0.360763
11531 0.379318 0.337499 0.283184
13395 0.453388 0.075897 0.470714
11524 0.571658 0.326825 0.101517
11525 0.195891 0.208544 0.595565
12245 0.086848 0.804456 0.108696
9031 0.689313 0.121803 0.188884
9031 0.303311 0.136752 0.559937
12977 0.121894 0.280887 0.597219
12978 0.682960 0.052640 0.264400
11523 0.320054 0.377660 0.302286
4316 0.088093 0.240750 0.671157
6885 0.185979 0.522997 0.291024
6885 0.202356 0.363558 0.434086
4316 0.224168 0.041664 0.734168
6885 0.130842 0.731754 0.137404
4316 0.167386 0.287743 0.544871
4292 0.389935 0.116899 0.493166
6886 0.879721 0.068614 0.051666
6884 0.236782 0.096634 0.666584
13772 0.270565 0.670455 0.058980
6885 0.752151 0.052349 0.195500
6884 0.082448 0.296097 0.621456
6886 0.566490 0.061665 0.371845
6886 0.539607 0.233304 0.227089
13774 0.863799 0.071701 0.064500
13774 0.529025 0.404812 0.066163
6885 0.497000 0.245883 0.257116
6885 0.444497 0.504337 0.051167
6885 0.532248 0.026131 0.441621
1707 0.796825 0.196792 0.006383
4305 0.075415 0.327375 0.597210
4305 0.234688 0.139063 0.626249
4306 0.649821 0.050930 0.299249
4306 0.493069 0.425920 0.081011
1707 0.526906 0.118981 0.354113
1707 0.542847 0.243881 0.213271
1707 0.873185 0.012359 0.114456
4299 0.493359 0.061557 0.445084
4306 0.480435 0.084983 0.434581
4306 0.291311 0.124373 0.584317
4306 0.104350 0.472072 0.423578
1707 0.402516 0.341635 0.255849
1707 0.183814 0.545020 0.271165
4306 0.296957 0.452469 0.250574
1073 0.146149 0.347465 0.506386
1074 0.738826 0.022842 0.238333
6374 0.060834 0.834246 0.104920
4623 0.206973 0.179630 0.613397
4623 0.549049 0.266403 0.184548
1073 0.547529 0.409423 0.043047
1072 0.117453 0.042639 0.839908
1074 0.102100 0.418236 0.479664
1074 0.053187 0.906669 0.040144
6334 0.056261 0.504314 0.439425
1072 0.039237 0.519487 0.441276
6335 0.582012 0.045053 0.372935
6400 0.015728 0.971715 0.012557
4650 0.037912 0.591117 0.370971
4650 0.136142 0.082421 0.781437
4622 0.148368 0.074111 0.777522
4624 0.245347 0.637779 0.116874
1012 0.226156 0.552780 0.221063
4622 0.611788 0.316885 0.071327
4622 0.021941 0.586343 0.391716
4621 0.324212 0.539629 0.136159
1012 0.283720 0.133688 0.582592
1007 0.009720 0.636156 0.354124
4306 0.096068 0.877886 0.026046
4313 0.755380 0.106538 0.138082
4305 0.186387 0.688880 0.124733
4305 0.391795 0.482594 0.125610
4305 0.600075 0.275623 0.124302
6374 0.304388 0.136242 0.559371
5382 0.158709 0.033868 0.807422
4302 0.233251 0.277401 0.489348
6375 0.248604 0.242733 0.508663
4649 0.259776 0.359196 0.381028
6220 0.326376 0.552803 0.120822
5148 0.164405 0.129435 0.706160
4650 0.741649 0.109363 0.148988
5146 0.254608 0.635311 0.110081
5146 0.340360 0.128445 0.531196
5335 0.136285 0.417413 0.446302
5356 0.028138 0.574994 0.396868
5334 0.163346 0.270116 0.566538
6221 0.500533 0.380983 0.118484
5150 0.437757 0.155559 0.406685
5151 0.824400 0.031530 0.144070
5148 0.098016 0.616955 0.285029
5149 0.226830 0.599311 0.173859
5151 0.194070 0.015127 0.790803
6327 0.459377 0.341719 0.198904
1373 0.264135 0.142394 0.593471
4640 0.592677 0.366590 0.040732
6401 0.154320 0.460712 0.384968
4639 0.363933 0.511056 0.125012
4640 0.048759 0.229739 0.721502
4631 0.687061 0.047190 0.265749
6400 0.239320 0.296835 0.463845
5379 0.028129 0.424841 0.547030
5379 0.500085 0.236494 0.263421
4285 0.169340 0.250209 0.580451
5360 0.060592 0.484070 0.455338
4286 0.399629 0.568772 0.031599
4286 0.039163 0.737227 0.223611
990 0.174569 0.139742 0.685689
4973 0.373234 0.541387 0.085379
989 0.327538 0.384370 0.288092
989 0.445193 0.016349 0.538458
1343 0.149310 0.118582 0.732108
989 0.221322 0.684287 0.094391
5376 0.750316 0.221751 0.027934
5376 0.669526 0.069345 0.261129
5376 0.516758 0.216957 0.266285
4298 0.796523 0.185437 0.018040
1710 0.879218 0.052010 0.068773
4298 0.519050 0.101802 0.379148
4298 0.467090 0.318182 0.214728
5376 0.531092 0.325209 0.143699
5376 0.499949 0.464371 0.035680
5371 0.031112 0.468420 0.500468
5370 0.211975 0.375621 0.412404
5370 0.087457 0.263396 0.649147
1481 0.607459 0.044389 0.348151
5370 0.306533 0.495761 0.197706
1482 0.468363 0.439122 0.092515
1481 0.033284 0.557401 0.409315
5371 0.100438 0.271616 0.627946
1482 0.488980 0.280580 0.230440
6876 0.068500 0.626728 0.304772
6876 0.198058 0.496878 0.305064
6877 0.549774 0.429235 0.020991
6876 0.219011 0.671655 0.109334
6876 0.348655 0.543418 0.107928
6877 0.227614 0.698385 0.074001
6876 0.075240 0.813596 0.111164
6877 0.413349 0.433245 0.153406
6877 0.266147 0.437012 0.296841
6877 0.471357 0.063562 0.465081
6877 0.607706 0.065495 0.326798
6877 0.327377 0.061251 0.611371
6470 0.461212 0.504505 0.034282
1335 0.741090 0.154100 0.104810
6463 0.865767 0.095408 0.038825
6470 0.235598 0.524971 0.239431
1335 0.536964 0.159721 0.303315
6054 0.044478 0.066801 0.888721
1054 0.031942 0.855568 0.112490
