9032 0.138300 0.751077 0.110623
9032 0.159418 0.387054 0.453528
9032 0.157986 0.020822 0.821193
13757 0.207554 0.699945 0.092501
12244 0.815846 0.121680 0.062474
12222 0.372466 0.128347 0.499188
11528 0.424473 0.089296 0.486231
13289 0.211056 0.251820 0.537124
12228 0.061604 0.487681 0.450715
12224 0.095312 0.634044 0.270645
12240 0.152825 0.783924 0.063252
12241 0.002763 0.263709 0.733528
11519 0.503558 0.144093 0.352349
11527 0.598916 0.336865 0.064220
12230 0.308653 0.615934 0.075413
13413 0.641333 0.318492 0.040174
12989 0.098375 0.807366 0.094259
12289 0.243895 0.300006 0.456099
13412 0.348619 0.254726 0.396655
13412 0.715344 0.173248 0.111408
12289 0.292834 0.600273 0.106894
12288 0.265569 0.665200 0.069232
12291 0.456052 0.460147 0.083801
13417 0.574243 0.112256 0.313501
13416 0.272787 0.390383 0.336830
12238 0.176931 0.092099 0.730970
11535 0.821136 0.044390 0.134474
12238 0.767947 0.025739 0.206314
12291 0.021873 0.419554 0.558573
12230 0.445194 0.022207 0.532599
12231 0.298188 0.391695 0.310117
12985 0.070377 0.354517 0.575106
12978 0.210552 0.292992 0.496457
12231 0.747979 0.064104 0.187917
12293 0.531239 0.339846 0.128915
12292 0.305865 0.051600 0.642535
5405 0.725299 0.060193 0.214508
13757 0.250107 0.392868 0.357025
12244 0.129454 0.105563 0.764984
12292 0.895822 0.077079 0.027100
12292 0.455209 0.493058 0.051733
13759 0.135644 0.318239 0.546116
13758 0.045964 0.873043 0.080993
6870 0.586189 0.292885 0.120926
12292 0.110733 0.249796 0.639471
12293 0.288227 0.337096 0.374677
12292 0.684208 0.281864 0.033928
12292 0.187887 0.726171 0.085942
13413 0.349092 0.315977 0.334931
12230 0.866509 0.087930 0.045561
12989 0.079412 0.675362 0.245226
12989 0.394166 0.580433 0.025401
12232 0.267448 0.200662 0.531890
12238 0.518355 0.277453 0.204191
12291 0.234858 0.436389 0.328753
13417 0.796325 0.189386 0.014289
12239 0.637845 0.258868 0.103287
13416 0.552960 0.148072 0.298968
13417 0.334268 0.606013 0.059719
12288 0.569358 0.409984 0.020657
12288 0.165617 0.456037 0.378347
12289 0.483822 0.309444 0.206735
12289 0.036102 0.604472 0.359426
13412 0.294265 0.021110 0.684625
13412 0.422389 0.471287 0.106325
12289 0.094459 0.893184 0.012356
13417 0.318116 0.030846 0.651038
12290 0.222731 0.291895 0.485375
13412 0.044384 0.576322 0.379294
12191 0.484389 0.515611 0.000000
8669 0.942106 0.000000 0.057894
13063 0.544997 0.347107 0.107896
8669 0.781224 0.000000 0.218776
13063 0.534699 0.211816 0.253484
8669 1.000000 0.000000 0.000000
13063 0.400829 0.173656 0.425516
12351 0.084330 0.705400 0.210270
13063 0.287637 0.136032 0.576331
12351 0.229530 0.391576 0.378894
13063 0.190982 0.088595 0.720423
5462 0.424263 0.283091 0.292646
13063 0.097747 0.036607 0.865645
5462 0.340769 0.498705 0.160526
12351 0.000000 0.017413 0.982587
5462 0.313896 0.610319 0.075785
6176 0.961829 0.038171 0.000000
5462 0.292869 0.707131 0.000000
6175 0.293512 0.000000 0.706488
13064 0.699588 0.019927 0.280484
13064 0.454497 0.100760 0.444743
13064 0.226787 0.129402 0.643810
6175 0.488597 0.000000 0.511403
8638 0.000000 0.463644 0.536356
8638 0.000000 0.000000 1.000000
8638 0.000000 0.403300 0.596700
13063 0.000000 0.947215 0.052785
8638 0.000000 0.310328 0.689672
13063 0.000000 0.834102 0.165898
13063 0.000000 0.823008 0.176992
8638 0.000000 0.355980 0.644020
13064 0.133390 0.853411 0.013199
12344 0.000000 0.636018 0.363982
5456 0.018805 0.663023 0.318172
1502 0.493277 0.440732 0.065991
8389 0.247490 0.284357 0.468154
12350 0.429969 0.479743 0.090288
12350 0.110078 0.252587 0.637335
13063 0.121788 0.415079 0.463134
13064 0.516993 0.483007 0.000000
1749 0.044723 0.000000 0.955277
1749 0.022526 0.000000 0.977474
13064 0.181568 0.712853 0.105579
8638 0.000000 0.375410 0.624590
8638 0.000000 0.401690 0.598310
13064 0.243752 0.567799 0.188449
13064 0.065002 0.449066 0.485932
13064 0.318213 0.403146 0.278641
13064 0.135040 0.291990 0.572970
13064 0.389309 0.248636 0.362055
1685 0.613328 0.386672 0.000000
1685 0.800815 0.199185 0.000000
1512 0.865269 0.000000 0.134731
1512 0.000000 0.000000 1.000000
1512 0.226721 0.000000 0.773279
1512 0.532819 0.000000 0.467181
1749 0.008497 0.000000 0.991503
1749 0.000000 0.000000 1.000000
1354 0.018579 0.118911 0.862510
5286 0.201054 0.715035 0.083911
1411 0.612189 0.176313 0.211498
13063 0.000000 0.528637 0.471363
13064 0.483920 0.500019 0.016061
13064 0.564796 0.326476 0.108727
13064 0.640344 0.164048 0.195608
5463 0.261198 0.427438 0.311364
1782 0.259603 0.151004 0.589393
5303 0.314166 0.440656 0.245178
5303 0.239684 0.246849 0.513467
5303 0.191968 0.119398 0.688634
1749 0.015617 0.000000 0.984383
1749 0.689647 0.000000 0.310353
9031 0.010235 0.245554 0.744210
9031 0.327821 0.245765 0.426414
13756 0.517357 0.290632 0.192011
13371 0.206660 0.482518 0.310822
8601 0.043396 0.485468 0.471136
8226 0.077299 0.808147 0.114553
13375 0.300833 0.001105 0.698061
9055 0.381077 0.253653 0.365270
9053 0.098837 0.743168 0.157995
13374 0.648926 0.187150 0.163923
13375 0.230913 0.704463 0.064624
7945 0.455795 0.275231 0.268974
12207 0.536443 0.299981 0.163575
13409 0.518166 0.162565 0.319269
8374 0.644999 0.065218 0.289782
12213 0.186691 0.726331 0.086978
8373 0.505507 0.262730 0.231763
11993 0.964657 0.022732 0.012610
12221 0.644893 0.130303 0.224804
13746 0.311784 0.505657 0.182558
12272 0.379887 0.032524 0.587588
12174 0.166805 0.833195 0.000000
8668 0.243824 0.018958 0.737218
8301 0.000000 0.654561 0.345439
8230 0.344118 0.632838 0.023044
8227 0.835522 0.109968 0.054510
13411 0.103446 0.849281 0.047273
8301 0.337866 0.151298 0.510835
8229 0.039316 0.285308 0.675376
13132 0.284633 0.475558 0.239809
13411 0.077100 0.303853 0.619047
13132 0.478101 0.071536 0.450362
1342 0.798072 0.069135 0.132793
13760 0.308877 0.090084 0.601039
12221 0.054813 0.219386 0.725800
9037 0.200509 0.028936 0.770555
12221 0.339028 0.213312 0.447660
12221 0.117388 0.516018 0.366594
9038 0.676650 0.257198 0.066152
12221 0.143084 0.744557 0.112359
9031 0.673627 0.103790 0.222583
12244 0.253359 0.693203 0.053438
12245 0.265839 0.036062 0.698099
12273 0.350413 0.592562 0.057025
12272 0.125161 0.403778 0.471061
12273 0.141538 0.605633 0.252829
13771 0.620611 0.182139 0.197250
1342 0.576169 0.342755 0.081076
1414 0.289411 0.563850 0.146739
1780 0.067136 0.231984 0.700880
9058 0.194228 0.237128 0.568643
13768 0.484146 0.414828 0.101026
13766 0.541361 0.451942 0.006697
1749 0.131670 0.000000 0.868330
12272 0.017034 0.614771 0.368195
12272 0.275166 0.347487 0.377347
13747 0.043717 0.624124 0.332158
9038 0.354434 0.319200 0.326366
13746 0.033423 0.533176 0.433401
13746 0.407210 0.016946 0.575844
5329 0.056275 0.809379 0.134346
1414 0.474165 0.214527 0.311309
6245 0.369834 0.226720 0.403446
6872 0.776570 0.138188 0.085242
12288 0.280894 0.073543 0.645563
2169 0.432222 0.395062 0.172716
13756 0.280655 0.194703 0.524642
9037 0.438948 0.094772 0.466279
9037 0.175288 0.370681 0.454031
9038 0.317440 0.569674 0.112886
13747 0.077379 0.397572 0.525049
13747 0.481526 0.391074 0.127400
13746 0.297978 0.026916 0.675106
12272 0.345084 0.335746 0.319170
12272 0.062645 0.608332 0.329023
12273 0.123797 0.656613 0.219590
13771 0.656590 0.171631 0.171778
13770 0.143323 0.339160 0.517517
12245 0.342253 0.619208 0.038540
7946 0.610642 0.188066 0.201292
13360 0.206985 0.475876 0.317139
13361 0.574815 0.026175 0.399009
12217 0.326309 0.142799 0.530892
13766 0.082820 0.313941 0.603238
13768 0.023409 0.228874 0.747717
9058 0.177497 0.768348 0.054154
13082 0.013911 0.029829 0.956261
7955 0.105483 0.444443 0.450075
8293 0.009440 0.286428 0.704131
12174 0.088147 0.365726 0.546128
13338 0.671454 0.058094 0.270451
9052 0.683407 0.015994 0.300599
12974 0.596451 0.302448 0.101101
12989 0.227274 0.018501 0.754225
12974 0.280347 0.558587 0.161067
12974 0.083594 0.754180 0.162226
12973 0.760817 0.187764 0.051419
8226 0.604141 0.098998 0.296861
12287 0.373662 0.173917 0.452420
12287 0.227610 0.012034 0.760356
9051 0.156974 0.087499 0.755528
12287 0.110844 0.440370 0.448785
9051 0.151571 0.351253 0.497176
9051 0.551998 0.123588 0.324414
8500 0.258110 0.687565 0.054324
12287 0.084136 0.863863 0.052001
12287 0.310788 0.643575 0.045637
12287 0.557006 0.418616 0.024378
13041 0.386129 0.441614 0.172256
12286 0.708507 0.288606 0.002887
12286 0.758977 0.086393 0.154630
13042 0.136392 0.319507 0.544101
13038 0.186901 0.506553 0.306546
12276 0.484340 0.142693 0.372967
9051 0.328500 0.490166 0.181334
9051 0.611793 0.274252 0.113954
13025 0.365474 0.479691 0.154835
13025 0.191243 0.709351 0.099407
13026 0.386725 0.378760 0.234516
13026 0.111016 0.514464 0.374520
12285 0.205996 0.062276 0.731728
12220 0.700971 0.185806 0.113222
13025 0.096441 0.882301 0.021259
13041 0.496969 0.161129 0.341903
13293 0.505866 0.427130 0.067004
11996 0.109985 0.138840 0.751175
11514 0.593199 0.333430 0.073371
12235 0.152235 0.489124 0.358640
11996 0.183164 0.776369 0.040467
11513 0.368682 0.536676 0.094641
13221 0.399301 0.200121 0.400578
13220 0.144287 0.209000 0.646713
12031 0.200561 0.700140 0.099299
12032 0.017720 0.452749 0.529532
12299 0.047134 0.848795 0.104071
12298 0.357825 0.476493 0.165682
13221 0.056960 0.247604 0.695436
13220 0.314162 0.440707 0.245131
13220 0.712815 0.173824 0.113361
12031 0.315577 0.501114 0.183308
12032 0.323776 0.540012 0.136212
12032 0.200803 0.223437 0.575760
13220 0.135052 0.804917 0.060031
13220 0.102223 0.672045 0.225732
12032 0.682031 0.237092 0.080877
12031 0.085217 0.207359 0.707424
12031 0.569327 0.111569 0.319103
12031 0.453353 0.241186 0.305461
12031 0.201237 0.391967 0.406797
12032 0.578928 0.385133 0.035939
12032 0.542567 0.201335 0.256098
12031 0.168493 0.274063 0.557444
12031 0.319170 0.150495 0.530334
12277 0.171620 0.823453 0.004926
12274 0.364278 0.524339 0.111384
11995 0.313476 0.165407 0.521117
13042 0.441463 0.124161 0.434376
12283 0.212084 0.716883 0.071034
12284 0.182422 0.660954 0.156624
12282 0.407878 0.196933 0.395189
12284 0.450889 0.230451 0.318661
9046 0.207470 0.554991 0.237539
9044 0.294132 0.337855 0.368013
9041 0.308786 0.589737 0.101477
9042 0.185834 0.208792 0.605374
12226 0.511078 0.037813 0.451109
12234 0.106124 0.120588 0.773288
8499 0.580206 0.308241 0.111553
8579 0.468779 0.023323 0.507899
8294 0.474342 0.398883 0.126774
8504 0.317531 0.419083 0.263385
13285 0.095413 0.727051 0.177535
13285 0.000000 0.090395 0.909605
8241 0.336695 0.000000 0.663305
12173 0.551917 0.000000 0.448083
8669 0.908918 0.000000 0.091082
12191 0.500529 0.499471 0.000000
13085 0.000000 0.912323 0.087677
8638 0.068991 0.347527 0.583482
1749 0.343764 0.000000 0.656236
1749 0.970171 0.000000 0.029829
1512 0.152623 0.000000 0.847377
2123 0.393763 0.485022 0.121214
13420 0.224104 0.635003 0.140893
13421 0.313121 0.177714 0.509165
12023 0.423843 0.279738 0.296419
13094 0.149237 0.157012 0.693751
6530 0.679343 0.000000 0.320657
6530 0.047867 0.000000 0.952133
9043 0.266440 0.023207 0.710353
9045 0.319352 0.181927 0.498720
1685 0.832248 0.167752 0.000000
1512 0.917349 0.000000 0.082651
1512 0.575967 0.000000 0.424033
1685 0.618133 0.381867 0.000000
13038 0.520544 0.403958 0.075497
12242 0.374221 0.158566 0.467213
13370 0.541591 0.334258 0.124151
8293 0.082461 0.106795 0.810744
9054 0.458784 0.425095 0.116121
8226 0.401457 0.486698 0.111845
12288 0.051875 0.027229 0.920896
12187 0.933592 0.000000 0.066408
13339 0.616368 0.172315 0.211317
8176 0.557417 0.000000 0.442583
7956 0.237860 0.696068 0.066072
12191 0.029177 0.970823 0.000000
12173 0.562257 0.000000 0.437743
12173 0.533532 0.000000 0.466468
8638 0.000000 0.000000 1.000000
12191 0.589783 0.410217 0.000000
8638 0.000000 0.468903 0.531097
1749 0.840281 0.000000 0.159719
1749 0.247328 0.000000 0.752672
1685 0.703835 0.296165 0.000000
1512 0.037065 0.000000 0.962935
1791 0.614270 0.065071 0.320659
1685 0.905303 0.094697 0.000000
1512 0.731060 0.000000 0.268940
1512 0.408712 0.000000 0.591288
6530 0.708018 0.000000 0.291982
6530 0.057869 0.000000 0.942131
12023 0.421928 0.258589 0.319484
12206 0.151162 0.146740 0.702098
12220 0.087354 0.523664 0.388982
12220 0.225635 0.613556 0.160810
12220 0.319198 0.242537 0.438265
12223 0.119135 0.608517 0.272348
12245 0.075640 0.191627 0.732733
12245 0.147712 0.732306 0.119982
12220 0.094192 0.846833 0.058974
12244 0.002739 0.990407 0.006855
12220 0.300954 0.693136 0.005910
13421 0.299495 0.197493 0.503012
13420 0.232333 0.645801 0.121866
13770 0.410984 0.332530 0.256485
13770 0.407123 0.344593 0.248283
12031 0.677993 0.013828 0.308179
12031 0.771724 0.063551 0.164725
12031 0.344659 0.054491 0.600850
12032 0.813540 0.156462 0.029998
12032 0.477734 0.041511 0.480755
12032 0.638372 0.045448 0.316180
12032 0.421465 0.332869 0.245666
12032 0.411078 0.138616 0.450306
12031 0.049973 0.506476 0.443551
12031 0.310580 0.411359 0.278062
12031 0.564459 0.278760 0.156781
12031 0.704229 0.177891 0.117879
13421 0.321095 0.538454 0.140451
13421 0.335118 0.521064 0.143818
12273 0.267802 0.531970 0.200228
12301 0.761085 0.046260 0.192656
5111 0.064394 0.915078 0.020528
5111 0.095584 0.877995 0.026421
5111 0.162162 0.800911 0.036927
9056 0.056062 0.593591 0.350348
9057 0.264973 0.051669 0.683359
2170 0.646394 0.096350 0.257256
9057 0.787791 0.073440 0.138770
12288 0.515705 0.160900 0.323395
12288 0.033841 0.275103 0.691056
12990 0.435366 0.160213 0.404420
12989 0.253827 0.328758 0.417415
12989 0.652696 0.318190 0.029114
9056 0.019677 0.030586 0.949737
13416 0.084950 0.879782 0.035268
13374 0.466166 0.009685 0.524149
12986 0.237577 0.623515 0.138909
13037 0.178048 0.087334 0.734618
12242 0.141668 0.577507 0.280825
13037 0.479381 0.362874 0.157745
12286 0.016489 0.160297 0.823214
12236 0.127949 0.342442 0.529609
12228 0.324543 0.215420 0.460036
12224 0.466526 0.256539 0.276935
12240 0.669963 0.288036 0.042002
12241 0.482840 0.257790 0.259370
12227 0.262305 0.633712 0.103983
12222 0.238102 0.472602 0.289296
12244 0.047711 0.400529 0.551761
11528 0.855142 0.051890 0.092968
12234 0.798611 0.094358 0.107031
13289 0.694990 0.090801 0.214208
9032 0.440561 0.298469 0.260970
9031 0.080455 0.553467 0.366079
13756 0.199132 0.527523 0.273345
13756 0.389130 0.572123 0.038747
9031 0.332508 0.521519 0.145973
13757 0.518973 0.431352 0.049675
2144 0.597382 0.088351 0.314267
2144 0.201376 0.118724 0.679901
6869 0.827952 0.153647 0.018401
6869 0.485010 0.208931 0.306059
2144 0.939310 0.060136 0.000554
4650 0.562152 0.019625 0.418223
4639 0.661139 0.062111 0.276750
6400 0.731504 0.218426 0.050070
5341 0.231771 0.753770 0.014460
5337 0.464349 0.498166 0.037486
5353 0.171300 0.749212 0.079488
4646 0.807467 0.011805 0.180728
4632 0.401355 0.221025 0.377620
4640 0.098927 0.468304 0.432769
5342 0.052060 0.238775 0.709165
5343 0.375506 0.105510 0.518984
6102 0.256888 0.511542 0.231570
6101 0.144965 0.348261 0.506774
5343 0.084669 0.054929 0.860402
6525 0.777458 0.005925 0.216617
6101 0.432812 0.045104 0.522083
5400 0.219434 0.287073 0.493493
6528 0.322849 0.195040 0.482111
6529 0.185074 0.496874 0.318051
5401 0.315842 0.495821 0.188337
5400 0.363708 0.610123 0.026170
5354 0.365278 0.188377 0.446346
6529 0.114981 0.041828 0.843191
6529 0.785894 0.051836 0.162270
5398 0.162418 0.193038 0.644544
6097 0.395352 0.282846 0.321802
5355 0.116468 0.113278 0.770254
6098 0.023975 0.231505 0.744520
5399 0.425986 0.190570 0.383444
5405 0.020226 0.575676 0.404098
5405 0.063548 0.138285 0.798167
6869 0.164238 0.253276 0.582486
5146 0.328300 0.009001 0.662698
5402 0.431651 0.463259 0.105090
5402 0.033465 0.411767 0.554768
6870 0.035605 0.898850 0.065545
5345 0.484984 0.100897 0.414119
5405 0.034999 0.353787 0.611214
5405 0.016900 0.816438 0.166663
5402 0.238828 0.434987 0.326186
5403 0.578078 0.190060 0.231861
5343 0.376850 0.399804 0.223346
6102 0.269838 0.232320 0.497842
6102 0.112096 0.667513 0.220390
6101 0.085733 0.639327 0.274940
5351 0.174064 0.177511 0.648424
5350 0.096700 0.102193 0.801107
6528 0.067899 0.210228 0.721873
6529 0.146010 0.265511 0.588479
6525 0.410166 0.233347 0.356487
5400 0.091357 0.637415 0.271228
5401 0.249215 0.233698 0.517087
5401 0.660205 0.252040 0.087755
6101 0.713054 0.014063 0.272883
6101 0.411410 0.311856 0.276734
6101 0.158467 0.070435 0.771098
6102 0.636125 0.229771 0.134104
6524 0.086228 0.207193 0.706579
5400 0.502841 0.249204 0.247955
6529 0.224465 0.763749 0.011786
6528 0.610824 0.177709 0.211467
5343 0.081897 0.392969 0.525134
6197 0.294931 0.464535 0.240534
6184 0.276344 0.325562 0.398095
6197 0.429467 0.424789 0.145744
6184 0.317725 0.424507 0.257768
6197 0.521568 0.367924 0.110508
6184 0.102375 0.640066 0.257558
6197 0.521250 0.448917 0.029833
6197 0.751708 0.048293 0.200000
5304 0.517791 0.000000 0.482209
6197 0.755111 0.132519 0.112369
6176 0.748305 0.150311 0.101384
6197 0.767178 0.195808 0.037013
6176 0.806420 0.116594 0.076987
5304 0.774919 0.000000 0.225081
6176 0.902273 0.069922 0.027805
5304 0.594638 0.206963 0.198399
6175 0.000000 0.075060 0.924940
5304 0.419620 0.407041 0.173339
6175 0.297248 0.000000 0.702752
6175 0.197687 0.190553 0.611760
6175 0.505872 0.000000 0.494128
6175 0.714212 0.000000 0.285788
6175 0.493011 0.000000 0.506989
1750 0.730518 0.000000 0.269482
1750 0.000000 0.000000 1.000000
1750 0.606946 0.000000 0.393054
1750 0.000000 0.000000 1.000000
1750 0.429202 0.000000 0.570798
6175 0.000000 0.887533 0.112467
6175 0.000000 0.865617 0.134383
6175 0.464848 0.507984 0.027169
6175 0.000000 0.904534 0.095466
6194 0.099538 0.051953 0.848509
6183 0.254510 0.166758 0.578732
6193 0.035016 0.645517 0.319468
6194 0.655402 0.309249 0.035349
6184 0.423590 0.432074 0.144336
6184 0.341758 0.559095 0.099146
6175 0.000000 0.454516 0.545484
6175 0.000000 0.548803 0.451197
1749 0.000000 0.000000 1.000000
1749 0.000000 0.000000 1.000000
6175 0.030080 0.863373 0.106547
6175 0.562392 0.321059 0.116549
6175 0.689923 0.079020 0.231057
6175 0.175221 0.604086 0.220693
6175 0.733075 0.000000 0.266925
6175 0.331701 0.318333 0.349966
6175 0.732948 0.000000 0.267052
6175 0.476631 0.051715 0.471654
8573 0.616444 0.000000 0.383556
1685 0.807758 0.192242 0.000000
1512 0.852386 0.000000 0.147614
1512 0.000000 0.000000 1.000000
1512 0.215186 0.000000 0.784814
1512 0.516983 0.000000 0.483017
1749 0.000000 0.000000 1.000000
1749 0.000000 0.000000 1.000000
6183 0.381171 0.359467 0.259363
5286 0.425060 0.196438 0.378501
5300 0.077508 0.102538 0.819954
6175 0.000000 0.582358 0.417642
6175 0.000000 0.573860 0.426140
6175 0.000000 0.554329 0.445671
6175 0.045396 0.457826 0.496778
6184 0.263714 0.672315 0.063971
6184 0.197182 0.773504 0.029314
6183 0.015024 0.871452 0.113524
6183 0.063444 0.924460 0.012096
5286 0.068568 0.000000 0.931432
1749 0.000000 0.000000 1.000000
1749 0.625332 0.000000 0.374668
6868 0.629891 0.072848 0.297261
2144 0.285068 0.682811 0.032121
6868 0.202192 0.503650 0.294158
6482 0.091998 0.749839 0.158163
6483 0.238540 0.380089 0.381372
1338 0.270387 0.066456 0.663157
6486 0.032721 0.754370 0.212909
6486 0.693738 0.146426 0.159836
2165 0.373770 0.264366 0.361864
2165 0.174259 0.548284 0.277457
2166 0.305865 0.198267 0.495867
6472 0.368296 0.248476 0.383228
1692 0.734416 0.049070 0.216514
5320 0.019876 0.476062 0.504063
6483 0.340111 0.058059 0.601829
5320 0.573419 0.053346 0.373235
1713 0.019149 0.597324 0.383528
6859 0.527820 0.033756 0.438424
2150 0.311568 0.369693 0.318739
6859 0.314913 0.479293 0.205793
5385 0.044664 0.001306 0.954030
6194 0.105291 0.000000 0.894709
6194 0.811145 0.000000 0.188855
6451 0.459003 0.419969 0.121028
5292 0.000000 0.842737 0.157263
1615 0.318751 0.442990 0.238259
1405 0.316270 0.364450 0.319280
6396 0.370416 0.254987 0.374597
6277 0.279835 0.399681 0.320483
1068 0.305523 0.299175 0.395302
1405 0.155963 0.115419 0.728618
1067 0.008612 0.892774 0.098614
6238 0.305290 0.316794 0.377916
1340 0.004573 0.746812 0.248614
2149 0.146890 0.847434 0.005676
2149 0.582332 0.391676 0.025992
2150 0.189197 0.698715 0.112088
5333 0.154220 0.033117 0.812663
2149 0.362529 0.314835 0.322636
5333 0.397435 0.050362 0.552203
2143 0.295041 0.519287 0.185673
2143 0.417837 0.188685 0.393477
5357 0.249917 0.433837 0.316246
12272 0.162884 0.635486 0.201631
12272 0.500859 0.384560 0.114581
12273 0.172698 0.764720 0.062583
13771 0.728441 0.163567 0.107992
1341 0.040469 0.858163 0.101369
1715 0.513652 0.437081 0.049268
6183 0.303192 0.250884 0.445923
2168 0.045928 0.126137 0.827934
1058 0.248739 0.306094 0.445167
1486 0.437678 0.279553 0.282769
1749 0.000000 0.000000 1.000000
12272 0.153178 0.607815 0.239007
12272 0.462826 0.337893 0.199281
6859 0.115400 0.064859 0.819740
2149 0.121006 0.219168 0.659826
6859 0.007561 0.487750 0.504689
13746 0.078578 0.038398 0.883024
5326 0.491425 0.503013 0.005561
1715 0.050538 0.000000 0.949462
6245 0.012767 0.795213 0.192021
6523 0.308729 0.044913 0.646359
6086 0.783717 0.155183 0.061100
6869 0.133512 0.798098 0.068390
2149 0.832534 0.072717 0.094749
2149 0.618690 0.010131 0.371180
9037 0.250569 0.688057 0.061374
13747 0.089414 0.122127 0.788459
13747 0.490922 0.175363 0.333715
13746 0.180885 0.034560 0.784555
12272 0.412558 0.332277 0.255165
12272 0.118333 0.605478 0.276189
12273 0.135096 0.714344 0.150560
13771 0.699987 0.164148 0.135865
13770 0.169953 0.308508 0.521540
5356 0.319107 0.139052 0.541841
6473 0.238610 0.507705 0.253685
1337 0.347032 0.120798 0.532170
1338 0.465673 0.420550 0.113777
6520 0.572159 0.076614 0.351227
1485 0.219766 0.054792 0.725442
1057 0.069918 0.251933 0.678148
2168 0.585229 0.125691 0.289080
1684 0.430758 0.000000 0.569242
5291 0.946877 0.014332 0.038791
1751 0.516153 0.307429 0.176418
6194 0.622006 0.000000 0.377994
6187 0.136112 0.776162 0.087726
2163 0.286324 0.444345 0.269331
2163 0.774952 0.189889 0.035159
2163 0.158383 0.221552 0.620066
6086 0.044795 0.618297 0.336908
6086 0.251895 0.395813 0.352292
6085 0.454702 0.467384 0.077915
1612 0.328286 0.229707 0.442007
2164 0.303692 0.085518 0.610790
2164 0.525551 0.216973 0.257476
2164 0.343871 0.533932 0.122197
2164 0.094268 0.352419 0.553313
2164 0.070668 0.812295 0.117037
6138 0.128694 0.419949 0.451356
1611 0.317909 0.286030 0.396061
6138 0.356590 0.641645 0.001765
6137 0.038228 0.811390 0.150382
6154 0.010150 0.089527 0.900323
6137 0.673338 0.237876 0.088786
6154 0.618246 0.149986 0.231768
6154 0.481384 0.361320 0.157296
5396 0.317948 0.326909 0.355144
5394 0.136210 0.101129 0.762662
5388 0.386580 0.319894 0.293526
6138 0.271105 0.063413 0.665482
6138 0.348827 0.284857 0.366315
6138 0.605563 0.072298 0.322140
6138 0.560886 0.293322 0.145792
2161 0.693052 0.073286 0.233662
6137 0.442247 0.026179 0.531574
2162 0.355426 0.256636 0.387938
5332 0.205973 0.501702 0.292325
6138 0.493552 0.453962 0.052486
6137 0.565523 0.122440 0.312037
6405 0.128781 0.804402 0.066817
6405 0.530335 0.163089 0.306576
4626 0.121940 0.804881 0.073179
4626 0.339975 0.014597 0.645428
6405 0.023558 0.028632 0.947811
4625 0.376743 0.330248 0.293009
6333 0.513093 0.369411 0.117496
6333 0.418338 0.013006 0.568656
5332 0.292858 0.276928 0.430215
5143 0.133053 0.133885 0.733062
5144 0.346292 0.130730 0.522977
6332 0.033819 0.855530 0.110651
6332 0.113565 0.575443 0.310992
5144 0.027532 0.778969 0.193499
5357 0.152133 0.016678 0.831188
5332 0.189488 0.178356 0.632157
5143 0.468417 0.057223 0.474361
5143 0.036179 0.412707 0.551113
5144 0.266808 0.455094 0.278097
5144 0.070764 0.571089 0.358147
5143 0.430280 0.435907 0.133813
5143 0.568670 0.389703 0.041627
2143 0.971375 0.011762 0.016863
5332 0.062568 0.039236 0.898195
5143 0.736460 0.036900 0.226639
5143 0.506266 0.256382 0.237352
5143 0.282961 0.465625 0.251414
5143 0.671518 0.217649 0.110834
5143 0.792542 0.207335 0.000122
5389 0.968653 0.013151 0.018196
5386 0.354795 0.295043 0.350162
5107 0.301415 0.332416 0.366169
5396 0.438147 0.514718 0.047134
5393 0.893734 0.057893 0.048372
2160 0.636502 0.052127 0.311371
2158 0.040147 0.496287 0.463566
5394 0.393951 0.238735 0.367315
2158 0.853724 0.009952 0.136324
2156 0.558045 0.174197 0.267759
2154 0.246385 0.574227 0.179388
2153 0.737359 0.070285 0.192356
5339 0.582405 0.089207 0.328388
5346 0.065211 0.655229 0.279560
1612 0.504875 0.094284 0.400841
1692 0.096974 0.630594 0.272432
1751 0.391278 0.169854 0.438869
5302 0.044761 0.675497 0.279742
6187 0.243685 0.699274 0.057041
1684 0.377520 0.000000 0.622480
6194 0.671308 0.000000 0.328692
1264 0.211398 0.000000 0.788602
6184 0.426374 0.053585 0.520041
6197 0.225874 0.297453 0.476673
6197 0.000000 0.882861 0.117139
1750 0.733860 0.000000 0.266140
1749 0.120338 0.000000 0.879662
1749 0.837231 0.000000 0.162769
8399 0.993398 0.000000 0.006602
1791 0.640900 0.006570 0.352530
13420 0.203733 0.659427 0.136840
13421 0.281768 0.184396 0.533835
12023 0.460137 0.231228 0.308635
13094 0.144908 0.130956 0.724136
6530 0.695887 0.000000 0.304113
6530 0.071660 0.000000 0.928340
2155 0.341861 0.503637 0.154502
2157 0.410005 0.187711 0.402284
1685 0.866796 0.133204 0.000000
1512 0.834074 0.000000 0.165926
1512 0.468055 0.000000 0.531945
1685 0.642667 0.357333 0.000000
5349 0.018385 0.077734 0.903881
5396 0.232197 0.129566 0.638237
1692 0.487496 0.332826 0.179677
1405 0.424947 0.563786 0.011267
6085 0.466924 0.105377 0.427699
1612 0.077983 0.562806 0.359211
6086 0.559254 0.238865 0.201881
6194 0.684628 0.000000 0.315372
1684 0.400122 0.000000 0.599878
6187 0.050975 0.845357 0.103668
1615 0.155637 0.165698 0.678665
6184 0.295436 0.226559 0.478004
1264 0.196786 0.000000 0.803214
1264 0.139106 0.000000 0.860894
1750 0.000000 0.000000 1.000000
6197 0.180853 0.531525 0.287621
1750 0.770650 0.000000 0.229350
1749 0.733147 0.000000 0.266853
1749 0.039728 0.000000 0.960272
1685 0.722735 0.277265 0.000000
1512 0.000000 0.000000 1.000000
1791 0.600770 0.056374 0.342855
1685 0.929068 0.070932 0.000000
1512 0.683916 0.000000 0.316084
1512 0.360041 0.000000 0.639959
6530 0.719237 0.000000 0.280763
6530 0.070970 0.000000 0.929030
12023 0.443071 0.230319 0.326611
12206 0.133616 0.148224 0.718159
5333 0.214438 0.388023 0.397539
5333 0.487078 0.297190 0.215732
5333 0.139708 0.673130 0.187161
5335 0.188177 0.695492 0.116332
5357 0.458149 0.243830 0.298021
2143 0.713003 0.021129 0.265868
5333 0.619349 0.059823 0.320828
2143 0.603382 0.292701 0.103916
5333 0.672807 0.216409 0.110785
13421 0.284377 0.200701 0.514922
13420 0.224457 0.655219 0.120324
13770 0.417592 0.324936 0.257472
13770 0.429686 0.318626 0.251688
2143 0.873051 0.011623 0.115326
2143 0.806697 0.150584 0.042719
5357 0.704612 0.100778 0.194610
5143 0.447649 0.540076 0.012275
5143 0.062411 0.644932 0.292657
5143 0.193439 0.653339 0.153222
5143 0.327031 0.303842 0.369127
5143 0.112891 0.527358 0.359752
5143 0.612564 0.058831 0.328605
5332 0.181003 0.084399 0.734598
5333 0.828025 0.167921 0.004054
5333 0.797508 0.070179 0.132313
13421 0.308669 0.541082 0.150249
13421 0.305088 0.527449 0.167463
12272 0.149833 0.695004 0.155163
5332 0.666417 0.190195 0.143388
5111 0.052886 0.913945 0.033169
5111 0.075082 0.875994 0.048924
5111 0.123120 0.797072 0.079808
6486 0.027818 0.148834 0.823348
2170 0.016966 0.197637 0.785397
2167 0.373520 0.429982 0.196498
2165 0.930952 0.044330 0.024718
6101 0.670817 0.288267 0.040916
5398 0.454935 0.408601 0.136464
2163 0.025169 0.013427 0.961403
6101 0.364023 0.616166 0.019811
6487 0.276059 0.151115 0.572826
2165 0.558867 0.418817 0.022316
2165 0.052289 0.825239 0.122472
6154 0.284984 0.680494 0.034522
6150 0.107655 0.539875 0.352470
5354 0.013630 0.032680 0.953689
5349 0.391697 0.226260 0.382043
5399 0.216525 0.602226 0.181248
5395 0.005526 0.002315 0.992158
2157 0.755317 0.225392 0.019291
5337 0.477352 0.125436 0.397212
5353 0.175845 0.226505 0.597650
5352 0.349192 0.154466 0.496342
5338 0.255247 0.536418 0.208335
5335 0.149180 0.312317 0.538503
5356 0.335340 0.378482 0.286179
6401 0.042574 0.292029 0.665397
4640 0.203616 0.015556 0.780828
5334 0.477399 0.033807 0.488794
2144 0.042767 0.392979 0.564254
2144 0.405698 0.387561 0.206741
6869 0.455241 0.465369 0.079390
6868 0.136257 0.288976 0.574766
2143 0.061402 0.350665 0.587933
6869 0.146009 0.523456 0.330535
5286 0.318814 0.466642 0.214544
5285 0.620920 0.293742 0.085338
1413 0.076382 0.865996 0.057622
1342 0.349981 0.616286 0.033733
6245 0.198304 0.513084 0.288612
6872 0.093090 0.835254 0.071655
5329 0.627899 0.098199 0.273901
6878 0.130926 0.242548 0.626525
6880 0.015262 0.302054 0.682684
5404 0.220136 0.281092 0.498772
5404 0.023240 0.252322 0.724438
5404 0.433209 0.312436 0.254355
6175 0.000000 0.053430 0.946570
5304 0.293120 0.566018 0.140862
6175 0.074576 0.141281 0.784143
5286 0.039745 0.066500 0.893755
6175 0.294137 0.000000 0.705863
1685 0.839653 0.160347 0.000000
6175 0.588793 0.000000 0.411207
6175 0.495693 0.000000 0.504307
1512 0.000000 0.000000 1.000000
1749 0.000000 0.000000 1.000000
1749 0.674704 0.000000 0.325296
1512 0.789596 0.000000 0.210404
1512 0.462637 0.000000 0.537363
13064 0.271788 0.023228 0.704984
1512 0.151676 0.000000 0.848324
6530 0.730543 0.000000 0.269457
6530 0.124959 0.000000 0.875041
8573 0.643352 0.000000 0.356648
5111 0.046852 0.930687 0.022461
13420 0.234624 0.651690 0.113685
12206 0.139932 0.153953 0.706114
13421 0.289465 0.206920 0.503614
12023 0.430454 0.240828 0.328718
13421 0.312861 0.545158 0.141980
13771 0.679593 0.168705 0.151703
12273 0.127650 0.686033 0.186317
13770 0.402875 0.327667 0.269458
12272 0.375390 0.337398 0.287212
13770 0.151580 0.320534 0.527885
12272 0.090810 0.606818 0.302372
13747 0.494584 0.283678 0.221737
13747 0.099393 0.260673 0.639933
9037 0.371321 0.404653 0.224026
13746 0.244967 0.024622 0.730411
9037 0.030185 0.716176 0.253639
9037 0.662357 0.138425 0.199218
13757 0.266444 0.112871 0.620685
13756 0.037698 0.141095 0.821206
13757 0.550689 0.140167 0.309144
7986 0.159680 0.389096 0.451225
7984 0.167072 0.185438 0.647490
13773 0.170026 0.758505 0.071469
13774 0.216350 0.265649 0.518001
13775 0.403513 0.179812 0.416675
13773 0.337273 0.134885 0.527842
11438 0.022830 0.193950 0.783220
11204 0.456732 0.171143 0.372125
13762 0.308590 0.179582 0.511829
13764 0.084081 0.172627 0.743292
12253 0.458024 0.415270 0.126706
11180 0.041662 0.424458 0.533880
12252 0.356894 0.633350 0.009756
12252 0.799419 0.197317 0.003265
11169 0.074062 0.417220 0.508718
11170 0.075274 0.399718 0.525008
7983 0.286058 0.576959 0.136983
7983 0.710583 0.232563 0.056854
7983 0.046353 0.303404 0.650243
7984 0.146979 0.759148 0.093873
7984 0.470773 0.299009 0.230218
11203 0.164143 0.214621 0.621236
11180 0.537562 0.441778 0.020660
11179 0.414791 0.104104 0.481105
13773 0.804801 0.128923 0.066276
8362 0.178375 0.763209 0.058416
8362 0.169269 0.201684 0.629047
13772 0.749632 0.028559 0.221809
8361 0.165420 0.163978 0.670602
13772 0.309821 0.446708 0.243471
12259 0.340271 0.396844 0.262885
13763 0.131605 0.563403 0.304992
11190 0.384813 0.445304 0.169883
12247 0.206218 0.782092 0.011690
11508 0.124593 0.703133 0.172274
13214 0.364886 0.114562 0.520552
8261 0.043598 0.197950 0.758452
13291 0.044161 0.349013 0.606826
13290 0.406597 0.072381 0.521022
11506 0.023600 0.762924 0.213475
11171 0.047101 0.119320 0.833579
12266 0.355573 0.187210 0.457217
12248 0.016897 0.241697 0.741406
12268 0.150917 0.743952 0.105131
11192 0.691073 0.063624 0.245303
12269 0.319136 0.196467 0.484397
11191 0.417976 0.375198 0.206826
11864 0.586603 0.367319 0.046077
12355 0.531457 0.377341 0.091203
13765 0.105802 0.446276 0.447922
8369 0.658190 0.339518 0.002292
8598 0.202487 0.783621 0.013892
8211 0.314661 0.461917 0.223422
12271 0.541930 0.258772 0.199298
8262 0.080912 0.307740 0.611348
12268 0.176063 0.015095 0.808842
12258 0.298065 0.088111 0.613824
8369 0.106318 0.889962 0.003720
13764 0.655646 0.176968 0.167385
8968 0.306127 0.559367 0.134506
8372 0.296614 0.618856 0.084530
7979 0.009030 0.221000 0.769969
8633 0.165034 0.480182 0.354784
13350 0.262768 0.717556 0.019676
8634 0.596644 0.006337 0.397019
13351 0.318615 0.312168 0.369217
13366 0.018847 0.659451 0.321702
13728 0.633539 0.345893 0.020569
8634 0.143188 0.603937 0.252875
8634 0.223795 0.008417 0.767788
13366 0.355545 0.279760 0.364695
8224 0.074875 0.293267 0.631858
7944 0.085725 0.619259 0.295016
8223 0.003682 0.920701 0.075617
13726 0.649605 0.091605 0.258790
13726 0.006290 0.799009 0.194701
13729 0.833539 0.161842 0.004619
13737 0.119136 0.014697 0.866167
13721 0.053563 0.831011 0.115426
13729 0.085944 0.131661 0.782395
6838 0.080495 0.011393 0.908112
11858 0.149705 0.720465 0.129830
12035 0.522313 0.118987 0.358700
12039 0.148175 0.431451 0.420375
11855 0.428790 0.398993 0.172217
11858 0.181609 0.172886 0.645505
11856 0.621904 0.190591 0.187505
13722 0.355849 0.309282 0.334870
13725 0.234541 0.683968 0.081492
12038 0.504171 0.274383 0.221446
12036 0.930120 0.003529 0.066351
13262 0.126078 0.035502 0.838420
13263 0.343621 0.357170 0.299209
7851 0.530399 0.281965 0.187635
7897 0.636040 0.310750 0.053210
8278 0.398110 0.192328 0.409562
7900 0.586769 0.006410 0.406822
13215 0.162878 0.555204 0.281918
11510 0.315241 0.136397 0.548363
11512 0.017075 0.042532 0.940393
12268 0.832351 0.043785 0.123864
13723 0.065117 0.639550 0.295333
7899 0.798449 0.166857 0.034694
7895 0.482467 0.361202 0.156332
11857 0.427200 0.234588 0.338212
12035 0.078237 0.721748 0.200015
11516 0.291270 0.617883 0.090848
12033 0.662392 0.263973 0.073635
11515 0.158791 0.374321 0.466888
11515 0.569640 0.400797 0.029563
11860 0.306312 0.335677 0.358011
11516 0.648693 0.083692 0.267614
11516 0.305499 0.121382 0.573119
11859 0.000832 0.331401 0.667767
11858 0.786202 0.154692 0.059106
11531 0.218491 0.049919 0.731590
11532 0.493271 0.269064 0.237665
12239 0.024723 0.797983 0.177294
11531 0.339275 0.460201 0.200523
12233 0.058230 0.496069 0.445701
11525 0.059962 0.420582 0.519456
13751 0.051912 0.840498 0.107589
13750 0.308635 0.536602 0.154764
13412 0.104389 0.808479 0.087133
12239 0.311669 0.269539 0.418792
12033 0.068460 0.560179 0.371361
11537 0.221792 0.449539 0.328669
12238 0.234705 0.589574 0.175721
12232 0.117263 0.520816 0.361920
11535 0.286786 0.665301 0.047913
12033 0.268300 0.232141 0.499559
12036 0.318219 0.297358 0.384424
13724 0.520507 0.165901 0.313592
11537 0.232497 0.716468 0.051035
7961 0.345422 0.617515 0.037063
7960 0.404776 0.053847 0.541378
11512 0.727533 0.036343 0.236124
13223 0.577400 0.198707 0.223893
7960 0.738796 0.112602 0.148602
11529 0.511950 0.137031 0.351019
13030 0.467030 0.130449 0.402520
11529 0.050030 0.751173 0.198796
13014 0.075742 0.048314 0.875945
7997 0.535552 0.367092 0.097356
7935 0.460224 0.418997 0.120779
11522 0.134441 0.764221 0.101338
11521 0.381490 0.289688 0.328823
11517 0.342119 0.411879 0.246002
11518 0.115463 0.824599 0.059938
7925 0.577074 0.310263 0.112664
8273 0.252320 0.714327 0.033353
11533 0.050107 0.876739 0.073154
11533 0.435652 0.479610 0.084738
8273 0.236954 0.001358 0.761688
8274 0.243279 0.235463 0.521258
11534 0.357418 0.248935 0.393646
7933 0.498502 0.169484 0.332014
7934 0.098223 0.650013 0.251764
11520 0.188810 0.672637 0.138553
7959 0.593567 0.384110 0.022324
11511 0.887220 0.086465 0.026315
7959 0.951797 0.037661 0.010542
11532 0.127032 0.268962 0.604006
8223 0.011602 0.276549 0.711849
11532 0.162917 0.818194 0.018889
8223 0.603506 0.249168 0.147326
11526 0.201938 0.515247 0.282815
7943 0.329033 0.214386 0.456581
13758 0.477212 0.249102 0.273686
13750 0.541584 0.184145 0.274271
13751 0.316566 0.302526 0.380908
13751 0.622251 0.375142 0.002607
13759 0.352434 0.224311 0.423255
6862 0.094716 0.124473 0.780811
6862 0.093399 0.198956 0.707645
6862 0.188513 0.248104 0.563383
6862 0.105835 0.308289 0.585876
6862 0.084259 0.278712 0.637028
6862 0.218607 0.178545 0.602848
6862 0.090207 0.250471 0.659322
6862 0.254196 0.126355 0.619449
6862 0.081125 0.234421 0.684454
6862 0.259335 0.106246 0.634419
6862 0.081112 0.237935 0.680954
6862 0.260940 0.107422 0.631638
6862 0.090176 0.252840 0.656985
6862 0.261561 0.121468 0.616971
6862 0.098466 0.251848 0.649685
6862 0.285919 0.111394 0.602687
6862 0.100637 0.233396 0.665967
6862 0.324529 0.070688 0.604784
6862 0.355435 0.020116 0.624448
13751 0.611180 0.123411 0.265408
6838 0.698505 0.021404 0.280091
13751 0.442705 0.089116 0.468180
13758 0.183988 0.059860 0.756151
13751 0.217734 0.023215 0.759051
6862 0.280177 0.292062 0.427760
6862 0.360964 0.253825 0.385211
6862 0.305067 0.230724 0.464209
6862 0.400576 0.152349 0.447075
6862 0.274805 0.209895 0.515300
6862 0.353380 0.117202 0.529417
6862 0.432826 0.228294 0.338880
6862 0.477239 0.089760 0.433002
6862 0.396351 0.057930 0.545719
13751 0.956728 0.016124 0.027148
6862 0.537694 0.205836 0.256470
6862 0.591653 0.053932 0.354415
6862 0.417957 0.041483 0.540559
13751 0.494049 0.004152 0.501799
6870 0.064882 0.073577 0.861541
6862 0.731527 0.177892 0.090581
13759 0.601632 0.068232 0.330136
6870 0.365800 0.317181 0.317018
12354 0.225028 0.539165 0.235807
11863 0.296886 0.486078 0.217036
13723 0.136306 0.215544 0.648150
11859 0.332692 0.372216 0.295092
11860 0.280734 0.678801 0.040466
13725 0.293695 0.265840 0.440465
13724 0.160857 0.124392 0.714751
13722 0.003761 0.249633 0.746606
13290 0.845827 0.139178 0.014995
11189 0.874937 0.031865 0.093198
11189 0.268027 0.727002 0.004971
12037 0.247672 0.575709 0.176619
13108 0.451452 0.004334 0.544214
13108 0.047876 0.620509 0.331616
11538 0.220827 0.201847 0.577326
11538 0.557455 0.050349 0.392196
13773 0.140191 0.552037 0.307771
13772 0.123568 0.398223 0.478208
8361 0.500563 0.443947 0.055489
8362 0.602378 0.281333 0.116289
13763 0.391078 0.552118 0.056804
13765 0.391223 0.364012 0.244765
13764 0.358713 0.617340 0.023948
13728 0.007693 0.682751 0.309556
13720 0.138475 0.366560 0.494965
13737 0.229658 0.538974 0.231367
13726 0.209849 0.095170 0.694981
13727 0.178744 0.321764 0.499491
8369 0.148490 0.266022 0.585488
8370 0.184402 0.401370 0.414228
11517 0.735535 0.001593 0.262872
11533 0.778343 0.138407 0.083249
12229 0.168699 0.595753 0.235548
12237 0.272959 0.542048 0.184993
11534 0.679108 0.260462 0.060431
11519 0.191124 0.473777 0.335099
11527 0.303246 0.677186 0.019568
11528 0.059442 0.117913 0.822645
13222 0.155440 0.115795 0.728766
11537 0.432042 0.155831 0.412127
12034 0.154950 0.085473 0.759577
12034 0.154398 0.765139 0.080463
11515 0.731357 0.129156 0.139487
11515 0.350033 0.102342 0.547625
11516 0.915224 0.059137 0.025638
11860 0.035432 0.320713 0.643855
11860 0.005888 0.644973 0.349139
13381 0.098207 0.296341 0.605452
13381 0.518321 0.299905 0.181774
13415 0.549401 0.315372 0.135227
8357 0.391910 0.303084 0.305006
8378 0.426599 0.396093 0.177307
8377 0.324925 0.000497 0.674578
13358 0.379393 0.063081 0.557526
7981 0.130779 0.321132 0.548089
7803 0.790622 0.061719 0.147659
8358 0.154538 0.680112 0.165350
12992 0.819481 0.076192 0.104327
7803 0.152630 0.654253 0.193117
8511 0.138837 0.603027 0.258136
13359 0.309539 0.411946 0.278514
13394 0.080085 0.537339 0.382576
13395 0.078488 0.607389 0.314123
7842 0.455153 0.020688 0.524159
7841 0.528775 0.414681 0.056543
12255 0.583841 0.291800 0.124358
12254 0.209361 0.714945 0.075693
11183 0.351766 0.002596 0.645637
7818 0.567831 0.289943 0.142226
12942 0.226716 0.024863 0.748421
12941 0.287208 0.231878 0.480914
12939 0.456212 0.017517 0.526271
7942 0.949475 0.042263 0.008261
7942 0.447839 0.424336 0.127825
7942 0.186273 0.024289 0.789438
7941 0.706707 0.089016 0.204276
13381 0.123872 0.753901 0.122227
13380 0.206225 0.120028 0.673747
13414 0.234308 0.622350 0.143343
12939 0.378590 0.616667 0.004742
12941 0.041049 0.781097 0.177853
12987 0.306072 0.412780 0.281148
12987 0.066446 0.040165 0.893389
12987 0.207838 0.251762 0.540400
13380 0.629801 0.338835 0.031364
12969 0.037498 0.781318 0.181184
12970 0.473384 0.462844 0.063771
12940 0.411250 0.111185 0.477565
12969 0.663236 0.101757 0.235007
13353 0.298824 0.427615 0.273561
13380 0.677472 0.033217 0.289311
12944 0.517302 0.190606 0.292092
12992 0.186703 0.071552 0.741745
12263 0.641894 0.170309 0.187797
12991 0.858970 0.029956 0.111074
7817 0.154583 0.534857 0.310559
12992 0.249493 0.566580 0.183927
8591 0.264931 0.294002 0.441067
12262 0.177749 0.441262 0.380989
8592 0.124243 0.218222 0.657536
12991 0.113805 0.825188 0.061007
7808 0.174766 0.725011 0.100223
13039 0.309836 0.340498 0.349666
13040 0.904901 0.033274 0.061825
11183 0.563024 0.112863 0.324112
12262 0.431809 0.557674 0.010517
7807 0.623659 0.070432 0.305909
7808 0.333422 0.366511 0.300067
