87 0.415500 0.320069 0.264431
95 0.582660 0.173168 0.244173
1023 0.000000 0.723953 0.276047
1610 0.058584 0.787714 0.153702
459 0.330985 0.366801 0.302214
396 0.648379 0.311713 0.039908
925 0.233404 0.147759 0.618838
367 0.129628 0.817897 0.052475
108 0.092401 0.311510 0.596090
110 0.017235 0.972895 0.009870
2124 0.515215 0.112618 0.372168
2130 0.773025 0.083799 0.143176
217 0.823759 0.059344 0.116897
473 0.150159 0.014013 0.835828
669 0.100934 0.048408 0.850658
38038 0.758163 0.232996 0.008841
2354 0.501497 0.325877 0.172625
2352 0.308450 0.443449 0.248101
1991 0.053425 0.621546 0.325029
2157 0.290778 0.560630 0.148591
2381 0.189343 0.108098 0.702558
407 0.511839 0.290868 0.197293
2393 0.080822 0.308117 0.611061
100 0.104802 0.034562 0.860635
2394 0.597990 0.306459 0.095551
2564 0.315017 0.525774 0.159209
1343 0.138589 0.287773 0.573638
1572 0.193692 0.000000 0.806308
1641 0.123692 0.104780 0.771528
690 0.060214 0.000000 0.939786
2338 0.378012 0.464430 0.157558
2161 0.505393 0.266871 0.227736
2336 0.331847 0.424442 0.243711
2322 0.108632 0.327584 0.563784
2099 0.120419 0.591013 0.288568
1985 0.006360 0.203010 0.790630
2073 0.398876 0.017504 0.583619
163 0.035381 0.107030 0.857588
588 0.127736 0.501053 0.371211
164 0.106644 0.431129 0.462227
422 0.246167 0.115516 0.638316
567 0.291616 0.122437 0.585947
581 0.474596 0.201331 0.324073
574 0.631365 0.238341 0.130294
160 0.374059 0.240878 0.385063
1962 0.175408 0.659369 0.165222
985 0.000000 0.552803 0.447197
976 0.657421 0.218354 0.124224
349 0.394389 0.010673 0.594937
157 0.398476 0.108604 0.492920
2112 0.181386 0.013581 0.805033
2477 0.539247 0.037155 0.423598
2065 0.259288 0.482548 0.258164
2083 0.126795 0.772895 0.100310
2061 0.202177 0.555932 0.241891
1941 0.158361 0.574214 0.267424
2038 0.609084 0.357303 0.033613
2047 0.305504 0.271705 0.422791
2049 0.355188 0.125239 0.519573
2288 0.345887 0.382517 0.271596
2055 0.913886 0.076049 0.010065
2023 0.645961 0.268022 0.086017
431 0.623566 0.034619 0.341815
1955 0.642490 0.245735 0.111774
2120 0.037208 0.384745 0.578047
1023 0.298961 0.635010 0.066029
1015 0.647014 0.289147 0.063838
1384 0.018823 0.874868 0.106308
1290 0.842520 0.083446 0.074034
1851 0.172283 0.563931 0.263786
1321 0.071520 0.645605 0.282875
1038 0.150098 0.791533 0.058369
1035 0.616845 0.184465 0.198689
2694 0.034917 0.072421 0.892662
2551 0.060719 0.035419 0.903861
1594 0.837039 0.071956 0.091006
1412 0.612206 0.246219 0.141576
2822 0.571920 0.180403 0.247677
2807 0.253695 0.145096 0.601209
2720 0.797495 0.031072 0.171433
2698 0.888067 0.100820 0.011113
2785 0.473109 0.043239 0.483652
1330 0.208189 0.370597 0.421213
2750 0.755334 0.073691 0.170975
1026 0.739441 0.151476 0.109083
2836 0.376545 0.174815 0.448640
2723 0.493735 0.434955 0.071310
2836 0.208551 0.602708 0.188740
2665 0.519619 0.188210 0.292171
2713 0.077991 0.377829 0.544180
2636 0.100019 0.052066 0.847915
2549 0.453897 0.483912 0.062191
1513 0.288508 0.416032 0.295460
1214 0.726878 0.162689 0.110432
1091 0.508114 0.429379 0.062507
1478 0.391982 0.547796 0.060222
1359 0.437987 0.209562 0.352451
1501 0.722525 0.072651 0.204824
1509 0.105891 0.049276 0.844833
1089 0.179679 0.496540 0.323781
3051 0.326732 0.017191 0.656077
2522 0.401743 0.183773 0.414484
1911 0.093404 0.401529 0.505067
1360 0.459433 0.216199 0.324368
1076 0.098372 0.781152 0.120476
3033 0.130331 0.211645 0.658024
2996 0.048214 0.355616 0.596170
2622 0.656189 0.309538 0.034273
2649 0.214630 0.772331 0.013038
2623 0.111150 0.191588 0.697262
2515 0.127215 0.500665 0.372120
2601 0.091766 0.453075 0.455158
2605 0.060362 0.765675 0.173963
2606 0.195154 0.757471 0.047375
2885 0.135147 0.683767 0.181086
2614 0.801194 0.143122 0.055684
2621 0.223749 0.774014 0.002237
3359 0.606384 0.247641 0.145975
3359 0.401769 0.360848 0.237383
3246 0.041290 0.506956 0.451754
4261 0.342343 0.083874 0.573783
3260 0.782669 0.030809 0.186522
3275 0.273098 0.297515 0.429387
3280 0.062067 0.779879 0.158054
3296 0.239828 0.316676 0.443496
3075 0.377115 0.472444 0.150441
3540 0.211400 0.536232 0.252368
3556 0.192073 0.695444 0.112483
3533 0.321759 0.222887 0.455354
2341 0.200683 0.711641 0.087676
3528 0.458237 0.323269 0.218494
3521 0.407375 0.202475 0.390150
3512 0.318800 0.569156 0.112043
3504 0.379341 0.206998 0.413661
3496 0.433621 0.085888 0.480491
3488 0.326227 0.235516 0.438257
3366 0.619665 0.247282 0.133053
2326 0.162470 0.179001 0.658529
3361 0.767696 0.104830 0.127474
3366 0.157428 0.229443 0.613129
2329 0.167393 0.024768 0.807839
3605 0.656765 0.230818 0.112417
3475 0.843093 0.005957 0.150950
3469 0.169350 0.576049 0.254602
3465 0.092088 0.603708 0.304204
2444 0.113329 0.007396 0.879275
2461 0.438776 0.166698 0.394527
2429 0.501246 0.029524 0.469230
3442 0.029070 0.440195 0.530734
2182 0.467147 0.078741 0.454112
2191 0.165923 0.744431 0.089646
3426 0.340909 0.602450 0.056641
2213 0.010363 0.843172 0.146465
2225 0.097658 0.549616 0.352726
3172 0.911980 0.027321 0.060699
3177 0.032175 0.949405 0.018420
3410 0.104557 0.478201 0.417242
2214 0.101464 0.482973 0.415562
2035 0.751454 0.053706 0.194840
3181 0.724817 0.179741 0.095442
3189 0.098273 0.782509 0.119217
3390 0.185250 0.396845 0.417905
3398 0.191431 0.040914 0.767656
2235 0.137915 0.118839 0.743246
2257 0.029329 0.859744 0.110927
3197 0.108696 0.744194 0.147109
3195 0.734116 0.224945 0.040939
3379 0.336117 0.279532 0.384352
3387 0.048974 0.837201 0.113825
2248 0.590857 0.398155 0.010988
2259 0.455283 0.489230 0.055487
3313 0.014811 0.344925 0.640264
2261 0.346129 0.274020 0.379852
2264 0.268062 0.211019 0.520919
2272 0.602293 0.165908 0.231800
3198 0.560233 0.206550 0.233217
3206 0.151057 0.706668 0.142275
3329 0.021782 0.198508 0.779710
2277 0.510021 0.079653 0.410326
2281 0.522019 0.466454 0.011527
2284 0.352761 0.294098 0.353140
4221 0.266764 0.389488 0.343748
3218 0.099715 0.541058 0.359227
3326 0.596221 0.301969 0.101810
3353 0.566787 0.075852 0.357362
2292 0.353589 0.596139 0.050272
2298 0.131200 0.029334 0.839467
4207 0.027713 0.174593 0.797693
3230 0.331760 0.062403 0.605837
3238 0.129750 0.693549 0.176701
3361 0.005188 0.852157 0.142655
3368 0.536021 0.194709 0.269270
2315 0.191083 0.304532 0.504385
2408 0.209624 0.185788 0.604588
3481 0.254620 0.246882 0.498497
3805 0.114109 0.872155 0.013736
4023 0.319391 0.362992 0.317618
4023 0.125067 0.241883 0.633050
5823 0.469342 0.206544 0.324114
3819 0.434175 0.215520 0.350304
3829 0.385548 0.531323 0.083129
3843 0.330256 0.434567 0.235177
3859 0.187995 0.698218 0.113787
4031 0.354623 0.126151 0.519226
4048 0.167668 0.174414 0.657918
2810 0.422683 0.266840 0.310477
4041 0.060327 0.327351 0.612322
4068 0.563749 0.129517 0.306734
4061 0.745934 0.245334 0.008732
4099 0.010256 0.587432 0.402312
4091 0.318069 0.641718 0.040213
4031 0.691731 0.298199 0.010070
2824 0.221637 0.070897 0.707466
4029 0.460277 0.048885 0.490838
4033 0.273015 0.706081 0.020903
2829 0.950084 0.042836 0.007080
3862 0.240285 0.217886 0.541830
4147 0.361524 0.117777 0.520700
4163 0.828412 0.052887 0.118701
3875 0.431092 0.349794 0.219114
2988 0.151235 0.293032 0.555733
3017 0.167233 0.093937 0.738830
3898 0.315275 0.487091 0.197634
2952 0.679173 0.311499 0.009328
3028 0.017234 0.449708 0.533058
3915 0.208872 0.268373 0.522755
2937 0.335076 0.591135 0.073789
2949 0.586477 0.173126 0.240396
3720 0.069067 0.714670 0.216263
3716 0.070777 0.528485 0.400738
3930 0.463411 0.145355 0.391234
2920 0.360197 0.408995 0.230808
2918 0.246603 0.540492 0.212905
6674 0.227001 0.720129 0.052870
3743 0.519667 0.049969 0.430364
3942 0.482882 0.083813 0.433305
3953 0.004327 0.477169 0.518504
2906 0.153119 0.048642 0.798239
2916 0.370932 0.152297 0.476771
3751 0.533141 0.102245 0.364614
3746 0.347029 0.642352 0.010619
3963 0.820457 0.026943 0.152600
3973 0.229014 0.588362 0.182624
2895 0.371551 0.192243 0.436206
2903 0.119745 0.300806 0.579449
3963 0.150336 0.112340 0.737324
2875 0.921489 0.071359 0.007151
2878 0.437460 0.470617 0.091923
2886 0.738358 0.141143 0.120499
3754 0.215519 0.076139 0.708342
3762 0.219728 0.448448 0.331824
3974 0.026566 0.126646 0.846788
2873 0.019683 0.037079 0.943238
2877 0.097646 0.446756 0.455598
2881 0.095651 0.653130 0.251219
3772 0.316389 0.496364 0.187247
5783 0.481898 0.289360 0.228741
3991 0.204351 0.233065 0.562584
4016 0.036431 0.952930 0.010639
2842 0.406433 0.361110 0.232457
2846 0.135923 0.532918 0.331159
5768 0.887353 0.010805 0.101842
3786 0.346214 0.375368 0.278418
3794 0.058167 0.801142 0.140691
4010 0.254824 0.094782 0.650394
4036 0.659070 0.315580 0.025350
2830 0.696869 0.043720 0.259412
26825 0.319366 0.110768 0.569866
26808 0.048359 0.354949 0.596691
26809 0.748873 0.067326 0.183800
26834 0.480562 0.495428 0.024010
4307 0.084598 0.597763 0.317639
5966 0.920667 0.037947 0.041386
5917 0.175619 0.230597 0.593784
4333 0.204357 0.739112 0.056531
4414 0.683796 0.152018 0.164187
26230 0.134447 0.405710 0.459843
26815 0.405620 0.384435 0.209945
26816 0.462940 0.256511 0.280549
26737 0.270904 0.712915 0.016181
26654 0.029370 0.720651 0.249979
26657 0.001024 0.189378 0.809598
26754 0.252457 0.147306 0.600237
4677 0.811899 0.107277 0.080824
4662 0.214787 0.147330 0.637883
26740 0.070972 0.058851 0.870177
26848 0.275592 0.413086 0.311322
26883 0.166893 0.767806 0.065300
26540 0.395953 0.577540 0.026506
4568 0.062473 0.017832 0.919695
4258 0.527620 0.082267 0.390113
4534 0.191639 0.765550 0.042812
4551 0.672449 0.051121 0.276430
4230 0.557063 0.219735 0.223202
4191 0.094174 0.602238 0.303589
4570 0.587516 0.346077 0.066408
4245 0.312103 0.550931 0.136966
4227 0.572314 0.346687 0.080999
4241 0.344572 0.352127 0.303301
4334 0.291845 0.100116 0.608040
5921 0.150856 0.373050 0.476094
26228 0.113264 0.773996 0.112740
26726 0.681745 0.281663 0.036592
4650 0.268144 0.230490 0.501365
4563 0.449419 0.403801 0.146781
4176 0.549432 0.098015 0.352553
4342 0.092373 0.644048 0.263579
26757 0.419388 0.081857 0.498756
4702 0.178619 0.668754 0.152626
5102 0.070308 0.171827 0.757865
4579 0.655141 0.078586 0.266273
26886 0.349842 0.296131 0.354027
26771 0.311490 0.581711 0.106799
5094 0.351131 0.191707 0.457162
5085 0.166974 0.003249 0.829776
26535 0.453945 0.044825 0.501230
26551 0.803936 0.003249 0.192815
6017 0.137482 0.665438 0.197080
26244 0.001070 0.074702 0.924228
4324 0.203886 0.438220 0.357894
5948 0.658745 0.007309 0.333945
26237 0.316697 0.000000 0.683303
4293 0.409362 0.482413 0.108225
5932 0.161505 0.197146 0.641349
26619 0.129032 0.069165 0.801804
26602 0.834826 0.155113 0.010062
26317 0.118004 0.624842 0.257154
26176 0.615563 0.213538 0.170899
26639 0.833676 0.039827 0.126497
26616 0.340022 0.038135 0.621843
27042 0.097188 0.242783 0.660029
26327 0.171134 0.298667 0.530199
26445 0.074353 0.110298 0.815349
26337 0.237574 0.353689 0.408737
26914 0.361272 0.598728 0.040001
5148 0.058610 0.797296 0.144094
26901 0.563100 0.053611 0.383289
26970 0.476755 0.248800 0.274445
26964 0.031652 0.915955 0.052393
4761 0.021972 0.827497 0.150531
26313 0.289763 0.585562 0.124675
4927 0.103786 0.696986 0.199228
4767 0.235735 0.453113 0.311152
5039 0.155237 0.778533 0.066229
4838 0.073084 0.206545 0.720371
4782 0.434986 0.112071 0.452942
5044 0.559990 0.230852 0.209158
4434 0.024383 0.690369 0.285248
4178 0.644130 0.093042 0.262828
4923 0.050166 0.254298 0.695536
4919 0.328875 0.058944 0.612181
4884 0.086567 0.124207 0.789226
4877 0.251098 0.278294 0.470608
4887 0.066092 0.820842 0.113065
4893 0.604815 0.323691 0.071494
4901 0.309659 0.323737 0.366604
4895 0.841526 0.036104 0.122370
6405 0.110344 0.793057 0.096598
6445 0.108892 0.503978 0.387130
27041 0.570512 0.050806 0.378682
4878 0.006328 0.392043 0.601629
4813 0.919868 0.034394 0.045739
4798 0.175061 0.815683 0.009256
5632 0.425085 0.405263 0.169652
5602 0.770459 0.108208 0.121332
26306 0.064070 0.516657 0.419273
26965 0.074573 0.199009 0.726417
26579 0.106297 0.546503 0.347200
26564 0.887589 0.061983 0.050428
26599 0.381472 0.073686 0.544842
27023 0.668787 0.234118 0.097094
26946 0.674985 0.234597 0.090418
4833 0.362768 0.457459 0.179773
27009 0.367486 0.090390 0.542124
27025 0.018576 0.679874 0.301549
26341 0.783960 0.151092 0.064948
4770 0.465194 0.156420 0.378386
26360 0.597113 0.228995 0.173892
4800 0.229894 0.193195 0.576910
4789 0.150243 0.348877 0.500880
6453 0.078028 0.074737 0.847235
4899 0.380063 0.511661 0.108276
4879 0.568414 0.055591 0.375994
4817 0.504866 0.292845 0.202289
4811 0.397534 0.094814 0.507652
4422 0.119111 0.703971 0.176917
4822 0.015389 0.851776 0.132835
27089 0.384913 0.332724 0.282363
27078 0.058079 0.256119 0.685802
26893 0.622060 0.278363 0.099577
5219 0.093643 0.281582 0.624775
5252 0.157040 0.738819 0.104141
5133 0.004221 0.245661 0.750117
26210 0.012960 0.524069 0.462971
26181 0.441831 0.083161 0.475008
27012 0.612644 0.074567 0.312789
26206 0.017244 0.945004 0.037752
26480 0.184755 0.024295 0.790950
27005 0.970253 0.008932 0.020815
26435 0.364079 0.319905 0.316016
26485 0.360394 0.546866 0.092740
26276 0.003155 0.136841 0.860003
26490 0.742434 0.224849 0.032717
26399 0.329227 0.116611 0.554162
26354 0.847032 0.066975 0.085993
26364 0.161065 0.830131 0.008804
26348 0.315820 0.385179 0.299001
4792 0.292333 0.679329 0.028338
4433 0.193148 0.122996 0.683857
6006 0.126481 0.145935 0.727585
4418 0.334801 0.661049 0.004150
26286 0.431238 0.495992 0.072770
27102 0.976373 0.010385 0.013242
27095 0.537870 0.271383 0.190748
26610 0.581525 0.190258 0.228217
26791 0.569292 0.369877 0.060830
4693 0.076560 0.866221 0.057219
26612 0.056112 0.820039 0.123848
26797 0.686650 0.185123 0.128227
4485 0.259695 0.682185 0.058120
26626 0.486000 0.110535 0.403465
26699 0.821899 0.010289 0.167812
4492 0.067657 0.721192 0.211151
26624 0.117447 0.316605 0.565948
26696 0.009570 0.660627 0.329803
26643 0.801343 0.066638 0.132019
26713 0.041258 0.820747 0.137995
5138 0.528212 0.274797 0.196991
5241 0.083823 0.524866 0.391311
5246 0.357980 0.632972 0.009048
4234 0.722363 0.230055 0.047582
5680 0.555457 0.379389 0.065153
5160 0.595748 0.367458 0.036794
5353 0.114533 0.531760 0.353707
5728 0.261026 0.491104 0.247870
3586 0.377668 0.033901 0.588431
3090 0.574003 0.146881 0.279115
5194 0.352242 0.637839 0.009919
3085 0.056123 0.411434 0.532443
5311 0.210354 0.565703 0.223943
3127 0.101651 0.832361 0.065988
5294 0.167441 0.240823 0.591737
3142 0.578167 0.309734 0.112099
5124 0.697873 0.254814 0.047313
5286 0.286805 0.578695 0.134500
5122 0.432418 0.493139 0.074442
5267 0.336867 0.510507 0.152626
3151 0.359658 0.185720 0.454622
5359 0.594061 0.149993 0.255946
5204 0.132802 0.483209 0.383989
5211 0.182336 0.423138 0.394526
4504 0.082646 0.346638 0.570717
4195 0.700082 0.038516 0.261402
4494 0.038001 0.671150 0.290849
4537 0.354238 0.339261 0.306501
4523 0.165999 0.651160 0.182840
4511 0.116125 0.605048 0.278827
4510 0.669049 0.283867 0.047084
6284 0.005273 0.231531 0.763196
32770 0.120444 0.460534 0.419022
32763 0.691468 0.275190 0.033341
32745 0.080506 0.872246 0.047248
5894 0.824884 0.025138 0.149978
5873 0.602300 0.085398 0.312301
32128 0.345780 0.557861 0.096358
5976 0.156235 0.169580 0.674186
32755 0.316254 0.673524 0.010223
32757 0.612152 0.351234 0.036614
32554 0.715912 0.048676 0.235411
32561 0.032905 0.106372 0.860723
32618 0.045941 0.396172 0.557887
32627 0.597321 0.125282 0.277397
6234 0.256372 0.458721 0.284907
6255 0.161971 0.310688 0.527341
32608 0.013033 0.243734 0.743233
32722 0.006314 0.425150 0.568536
32440 0.363025 0.393467 0.243508
32707 0.108689 0.546077 0.345233
6090 0.626426 0.312014 0.061560
6111 0.678963 0.050673 0.270364
5824 0.563164 0.309005 0.127832
5751 0.520333 0.147869 0.331798
6078 0.276429 0.381774 0.341797
5755 0.162945 0.278299 0.558755
5795 0.192653 0.328587 0.478759
5804 0.203111 0.359238 0.437651
5793 0.094948 0.053598 0.851454
5806 0.025419 0.827398 0.147183
5898 0.648475 0.185816 0.165708
32738 0.881277 0.079513 0.039209
32642 0.566333 0.239824 0.193842
6113 0.202279 0.118448 0.679273
6084 0.147858 0.026754 0.825388
32607 0.223530 0.221743 0.554728
6276 0.359271 0.095632 0.545097
6666 0.083785 0.116932 0.799283
6070 0.689207 0.304313 0.006480
32788 0.216908 0.554456 0.228636
32596 0.708128 0.015878 0.275994
6624 0.462135 0.176279 0.361586
6058 0.928662 0.006656 0.064682
32437 0.241276 0.596267 0.162457
32453 0.156429 0.585900 0.257671
32142 0.156961 0.610483 0.232556
5887 0.652825 0.285290 0.061885
32139 0.075356 0.469225 0.455419
5855 0.665500 0.318886 0.015614
32076 0.584579 0.404265 0.011156
32221 0.012561 0.288419 0.699020
32502 0.478119 0.340007 0.181874
32520 0.616481 0.057631 0.325888
32519 0.373337 0.517052 0.109611
32538 0.626761 0.337353 0.035886
32965 0.005852 0.461089 0.533058
32225 0.122830 0.733323 0.143847
32964 0.671882 0.083684 0.244434
32801 0.052881 0.553324 0.393795
6743 0.203370 0.257795 0.538835
32845 0.147709 0.597621 0.254669
32236 0.734390 0.138070 0.127539
32891 0.190076 0.550637 0.259287
32893 0.391198 0.218559 0.390243
32213 0.309899 0.170493 0.519608
32212 0.160606 0.718685 0.120709
6344 0.105800 0.677919 0.216281
6584 0.789682 0.109053 0.101265
6613 0.431290 0.255603 0.313107
6320 0.346145 0.002067 0.651788
6437 0.736006 0.158238 0.105757
6604 0.391471 0.396135 0.212394
6305 0.780286 0.053198 0.166516
6428 0.026264 0.828634 0.145102
6485 0.051363 0.386560 0.562077
6487 0.268143 0.117667 0.614190
6473 0.506714 0.201019 0.292268
6483 0.196339 0.016138 0.787523
6467 0.552811 0.246441 0.200749
6459 0.085084 0.715108 0.199808
6460 0.021331 0.252884 0.725785
6442 0.769046 0.036160 0.194795
32962 0.448335 0.127618 0.424047
6291 0.130169 0.256765 0.613066
6479 0.165137 0.340068 0.494796
6309 0.144376 0.097623 0.758000
7181 0.079626 0.565367 0.355007
7281 0.241133 0.367100 0.391767
32906 0.746439 0.227613 0.025948
32206 0.499689 0.136727 0.363583
32469 0.403319 0.242328 0.354353
32474 0.038331 0.288450 0.673219
32977 0.065242 0.065394 0.869364
32501 0.421169 0.520509 0.058322
32821 0.043498 0.679466 0.277036
6286 0.420016 0.236724 0.343260
32971 0.543699 0.450743 0.005558
32907 0.060312 0.837123 0.102565
32175 0.207488 0.222499 0.570013
6348 0.101657 0.298439 0.599905
32261 0.103683 0.849003 0.047314
6330 0.245544 0.629305 0.125151
6315 0.601592 0.039113 0.359295
6468 0.544468 0.278016 0.177516
6477 0.184128 0.494713 0.321159
6294 0.370713 0.207183 0.422105
6316 0.605197 0.062197 0.332606
5984 0.198862 0.707949 0.093189
6301 0.134063 0.048791 0.817145
32980 0.192626 0.547262 0.260112
32986 0.371513 0.473297 0.155190
32797 0.069435 0.015452 0.915113
6815 0.029900 0.372954 0.597146
6835 0.622761 0.106707 0.270531
6820 0.920826 0.027248 0.051927
32113 0.212706 0.738033 0.049261
32913 0.011381 0.754043 0.234576
32095 0.260470 0.631789 0.107740
32111 0.161980 0.213609 0.624411
32909 0.035415 0.404611 0.559974
32081 0.150783 0.655470 0.193747
32334 0.381784 0.287093 0.331123
32181 0.423791 0.088552 0.487657
32382 0.057993 0.458665 0.483342
32390 0.241545 0.722795 0.035660
32168 0.004834 0.776939 0.218227
32297 0.188640 0.795370 0.015990
32253 0.057241 0.613190 0.329569
32310 0.471368 0.418440 0.110192
32247 0.092074 0.890935 0.016991
5997 0.142816 0.167797 0.689387
5982 0.033282 0.620511 0.346208
32184 0.018137 0.334513 0.647350
32508 0.619988 0.184139 0.195872
32996 0.219977 0.494961 0.285062
32513 0.025343 0.737466 0.237190
32693 0.226205 0.689052 0.084742
6173 0.228360 0.148574 0.623066
32668 0.763638 0.170884 0.065477
32695 0.130220 0.402971 0.466808
6161 0.554545 0.195601 0.249854
32528 0.107903 0.093515 0.798582
32681 0.002564 0.214648 0.782788
6147 0.099416 0.891862 0.008722
32527 0.310955 0.481194 0.207851
32679 0.162811 0.187246 0.649943
32545 0.032650 0.299582 0.667767
32658 0.019271 0.778699 0.202030
6757 0.286096 0.700265 0.013639
6782 0.268029 0.612330 0.119641
7217 0.455643 0.445830 0.098527
6719 0.054391 0.930806 0.014803
3645 0.131165 0.613350 0.255485
4129 0.094391 0.283821 0.621788
7265 0.258852 0.268715 0.472433
6854 0.071968 0.800175 0.127857
6877 0.814212 0.064990 0.120799
3683 0.436910 0.045208 0.517881
6893 0.621204 0.370293 0.008503
3692 0.156713 0.842844 0.000444
6747 0.107286 0.567788 0.324926
6917 0.176050 0.114285 0.709666
6831 0.362428 0.438593 0.198979
6766 0.355205 0.155631 0.489164
6907 0.390039 0.195335 0.414626
6768 0.283368 0.471797 0.244834
6925 0.088817 0.350508 0.560675
6775 0.316442 0.280147 0.403411
6158 0.207109 0.284036 0.508855
6144 0.023110 0.153651 0.823240
6156 0.018016 0.202309 0.779675
6114 0.404254 0.465913 0.129833
6128 0.221589 0.529284 0.249126
6140 0.283944 0.399534 0.316522
6127 0.382757 0.485772 0.131471
27628 0.360747 0.253088 0.386165
26298 0.262728 0.641771 0.095501
26829 0.028858 0.647311 0.323831
26841 0.029204 0.849760 0.121035
27146 0.360483 0.511312 0.128205
27610 0.518602 0.077277 0.404122
26751 0.511084 0.331344 0.157572
26676 0.547398 0.000000 0.452602
27624 0.310971 0.527769 0.161261
26546 0.171782 0.398343 0.429876
26189 0.219067 0.411621 0.369311
27609 0.559448 0.400684 0.039868
26544 0.320902 0.104154 0.574944
27546 0.342298 0.093480 0.564222
27558 0.477632 0.109535 0.412833
26877 0.102133 0.427465 0.470402
26857 0.408869 0.340309 0.250822
27540 0.590026 0.290964 0.119011
26873 0.346349 0.624697 0.028954
26293 0.036045 0.135975 0.827981
26750 0.002950 0.399434 0.597615
26545 0.329267 0.140419 0.530314
26752 0.464378 0.139752 0.395869
26546 0.510892 0.245213 0.243895
27644 0.013922 0.343534 0.642544
27520 0.153729 0.121456 0.724815
27515 0.723979 0.171331 0.104691
27488 0.022416 0.260997 0.716587
27491 0.464748 0.231513 0.303740
26560 0.043978 0.221065 0.734958
27443 0.167576 0.647471 0.184953
27439 0.335187 0.333349 0.331464
26557 0.264221 0.150751 0.585028
27331 0.485747 0.305865 0.208389
27223 0.162475 0.447088 0.390437
27314 0.147840 0.729876 0.122284
27305 0.380630 0.388844 0.230526
27308 0.182710 0.814070 0.003219
27211 0.317745 0.653047 0.029208
27632 0.581077 0.232884 0.186039
27649 0.468042 0.352914 0.179044
27218 0.053465 0.864149 0.082386
26505 0.271021 0.436740 0.292240
27435 0.006867 0.960013 0.033120
27436 0.280547 0.138834 0.580619
27455 0.878557 0.103277 0.018166
26587 0.564732 0.201977 0.233291
27342 0.743831 0.225985 0.030184
26511 0.047926 0.707203 0.244871
27388 0.704076 0.040977 0.254947
26516 0.223262 0.005939 0.770799
27290 0.095683 0.543224 0.361093
27184 0.408214 0.225618 0.366168
26518 0.149437 0.821685 0.028878
27401 0.126077 0.134106 0.739817
27383 0.604871 0.296880 0.098248
26420 0.463701 0.244315 0.291984
26294 0.481721 0.169675 0.348604
27170 0.752554 0.018750 0.228697
27198 0.100205 0.839499 0.060297
27353 0.019688 0.349229 0.631083
27152 0.011133 0.762518 0.226349
27404 0.027056 0.842369 0.130575
27405 0.812576 0.063477 0.123947
27316 0.421604 0.425397 0.152999
27138 0.834794 0.105479 0.059727
27664 0.111953 0.371597 0.516451
27657 0.213353 0.310857 0.475790
27645 0.276752 0.207931 0.515317
27463 0.115298 0.043744 0.840958
27472 0.058301 0.734082 0.207617
27661 0.280962 0.259876 0.459162
27668 0.048162 0.637486 0.314352
27358 0.670267 0.048145 0.281588
27615 0.406748 0.175326 0.417926
27595 0.278146 0.024659 0.697194
27593 0.014478 0.292758 0.692763
27337 0.377047 0.092658 0.530295
27318 0.218917 0.089344 0.691739
27581 0.544640 0.220442 0.234917
28181 0.656860 0.054925 0.288215
28233 0.073643 0.767069 0.159288
28168 0.373128 0.186104 0.440768
28097 0.310224 0.688176 0.001600
27965 0.068568 0.133860 0.797572
27959 0.056672 0.330258 0.613070
28253 0.260157 0.678359 0.061484
27890 0.001118 0.423864 0.575018
28145 0.301781 0.074095 0.624124
27854 0.032640 0.283406 0.683954
27732 0.408224 0.551171 0.040606
27916 0.082771 0.896542 0.020687
27725 0.199041 0.699344 0.101615
27726 0.115853 0.397796 0.486351
27192 0.680332 0.077352 0.242316
27773 0.082857 0.868107 0.049036
27608 0.161066 0.302833 0.536101
27196 0.251096 0.227383 0.521521
27949 0.427056 0.094377 0.478567
27748 0.058033 0.770088 0.171879
27706 0.365155 0.000000 0.634845
27340 0.046812 0.261346 0.691842
27786 0.065447 0.934553 0.000000
27721 0.331417 0.492286 0.176297
27922 0.304656 0.015322 0.680022
27300 0.527703 0.177392 0.294905
27941 0.312740 0.610897 0.076363
27370 0.255490 0.272230 0.472280
27480 0.558541 0.315750 0.125709
27467 0.277253 0.347855 0.374892
27517 0.023352 0.812481 0.164167
27236 0.043828 0.263019 0.693153
27675 0.128577 0.856641 0.014782
28201 0.533847 0.463630 0.002523
27762 0.594102 0.396109 0.009789
28222 0.255493 0.612219 0.132288
27989 0.206198 0.421272 0.372530
28307 0.154275 0.288721 0.557004
28026 0.095108 0.417149 0.487744
28263 0.011975 0.455137 0.532887
27999 0.662747 0.002121 0.335132
28129 0.269710 0.053860 0.676430
27882 0.040009 0.053983 0.906008
27683 0.388618 0.529837 0.081546
27376 0.046368 0.065366 0.888265
27257 0.697769 0.153412 0.148819
27249 0.407716 0.492013 0.100272
27230 0.638141 0.307873 0.053986
27798 0.537048 0.188076 0.274876
27412 0.205390 0.226365 0.568245
28043 0.780092 0.044500 0.175408
27427 0.458490 0.234669 0.306841
27981 0.008888 0.141931 0.849181
27929 0.321478 0.387326 0.291196
27968 0.259121 0.586527 0.154352
28792 0.151989 0.383504 0.464507
28896 0.202687 0.174001 0.623312
28879 0.095899 0.069561 0.834540
28517 0.008611 0.650547 0.340842
28532 0.378324 0.484681 0.136995
29165 0.200859 0.728790 0.070352
29125 0.536608 0.370095 0.093296
29102 0.216157 0.126017 0.657826
29047 0.055988 0.676540 0.267472
28884 0.107415 0.185276 0.707309
29135 0.340790 0.653999 0.005210
28871 0.086889 0.493484 0.419627
29275 0.201716 0.068864 0.729420
29228 0.198880 0.152079 0.649041
29092 0.477328 0.268262 0.254411
29194 0.164833 0.098769 0.736398
28419 0.091803 0.128610 0.779587
29055 0.086475 0.582876 0.330648
28641 0.268382 0.460036 0.271583
28993 0.241903 0.133313 0.624784
29244 0.602883 0.397117 0.000000
28051 0.327160 0.552873 0.119967
28335 0.086571 0.325253 0.588176
28061 0.924494 0.008983 0.066523
28370 0.365686 0.232796 0.401518
28401 0.559419 0.379283 0.061298
27690 0.302953 0.260897 0.436151
28959 0.340930 0.254738 0.404333
28941 0.091697 0.730213 0.178091
28560 0.146773 0.243272 0.609955
28540 0.554524 0.228913 0.216562
29068 0.339225 0.640317 0.020458
29084 0.448430 0.511299 0.040270
28637 0.508033 0.192077 0.299890
29079 0.287443 0.422288 0.290268
29060 0.239085 0.222299 0.538617
28684 0.159884 0.000000 0.840116
28951 0.549829 0.431268 0.018903
28933 0.252520 0.439875 0.307604
28808 0.148989 0.042207 0.808804
29341 0.245373 0.740101 0.014526
29184 0.202355 0.484108 0.313537
29219 0.798343 0.017554 0.184102
28082 0.237903 0.175299 0.586798
28332 0.249870 0.281083 0.469046
28323 0.020119 0.752318 0.227563
29314 0.009243 0.160711 0.830046
29316 0.905101 0.094899 0.000000
29496 0.220592 0.634710 0.144698
29605 0.284905 0.613736 0.101359
29494 0.061432 0.281475 0.657093
29872 0.060484 0.059303 0.880213
30237 0.120485 0.861997 0.017517
30150 0.214262 0.760314 0.025423
30193 0.158075 0.145228 0.696697
28708 0.023004 0.049769 0.927228
29524 0.153207 0.400256 0.446538
28714 0.300241 0.271737 0.428022
28445 0.258584 0.305264 0.436152
28623 0.387686 0.251790 0.360525
31866 0.469917 0.386983 0.143100
31875 0.487491 0.300384 0.212125
29418 0.615759 0.161807 0.222434
29666 0.875037 0.035083 0.089880
29517 0.689160 0.098467 0.212372
29417 0.440574 0.270674 0.288752
30831 0.079636 0.593504 0.326860
30839 0.338983 0.565424 0.095593
29477 0.795864 0.108998 0.095138
29422 0.047280 0.206395 0.746325
31253 0.090239 0.641015 0.268746
31245 0.291151 0.275546 0.433303
31237 0.925891 0.004623 0.069485
31231 0.284773 0.342439 0.372788
31066 0.725909 0.016936 0.257154
30846 0.588112 0.197332 0.214556
31851 0.294704 0.551994 0.153301
31334 0.478907 0.405495 0.115598
31849 0.236148 0.020381 0.743472
31586 0.285308 0.496387 0.218305
31654 0.655987 0.181601 0.162413
31618 0.121936 0.122261 0.755803
31823 0.623990 0.249144 0.126866
31826 0.377208 0.464057 0.158735
31830 0.550092 0.116341 0.333567
31601 0.000000 0.958236 0.041764
29445 0.157742 0.651500 0.190758
29611 0.211002 0.468074 0.320924
29807 0.274393 0.055978 0.669629
29710 0.210795 0.122543 0.666663
29799 0.128835 0.627589 0.243576
29743 0.549402 0.246997 0.203600
31487 0.064711 0.277594 0.657695
31857 0.788748 0.084400 0.126852
31697 0.328350 0.304432 0.367218
31490 0.111838 0.167806 0.720355
31702 0.480611 0.084372 0.435017
30247 0.798740 0.066100 0.135160
30643 0.451145 0.415134 0.133721
30644 0.302379 0.094914 0.602707
31711 0.484292 0.426143 0.089566
29863 0.664142 0.050932 0.284926
29866 0.247343 0.059261 0.693396
29692 0.434842 0.556256 0.008902
30517 0.014662 0.473207 0.512130
31890 0.110403 0.357353 0.532244
30636 0.123489 0.473348 0.403163
30755 0.302031 0.685763 0.012206
30763 0.419144 0.298117 0.282739
31843 0.341793 0.235994 0.422213
29631 0.564405 0.033330 0.402266
29644 0.067657 0.238686 0.693657
29766 0.214854 0.620521 0.164626
29493 0.167136 0.017863 0.815002
29660 0.060995 0.000000 0.939005
31183 0.707063 0.165149 0.127787
31202 0.025173 0.770558 0.204268
31890 0.030351 0.081105 0.888544
29722 0.164677 0.688584 0.146739
29810 0.414694 0.014182 0.571124
29367 0.083895 0.140985 0.775120
29717 0.060583 0.673927 0.265490
29655 0.745363 0.066364 0.188273
29762 0.590691 0.108029 0.301280
31832 0.015900 0.459002 0.525098
29816 0.097365 0.732325 0.170310
29531 0.138530 0.318404 0.543066
29794 0.328527 0.254249 0.417224
29693 0.110193 0.414400 0.475407
31886 0.696043 0.205716 0.098241
31814 0.089507 0.625765 0.284728
30642 0.200335 0.600270 0.199395
31852 0.037156 0.622340 0.340504
31812 0.964456 0.034837 0.000707
29738 0.056299 0.928514 0.015187
29575 0.924799 0.070509 0.004692
29568 0.031341 0.203595 0.765064
30820 0.504147 0.372650 0.123203
29576 0.096991 0.822245 0.080764
31261 0.069713 0.584590 0.345696
28478 0.418091 0.176798 0.405111
29961 0.376649 0.490144 0.133207
30529 0.535783 0.403678 0.060540
30790 0.760621 0.068900 0.170480
30401 0.391358 0.594599 0.014043
31104 0.317533 0.195059 0.487408
30199 0.182046 0.127238 0.690717
31988 0.021982 0.821045 0.156973
30742 0.165437 0.224361 0.610202
30506 0.001799 0.542758 0.455443
30204 0.579610 0.192775 0.227615
30390 0.277082 0.264901 0.458018
31466 0.247940 0.593749 0.158311
30648 0.051279 0.327778 0.620943
30213 0.177544 0.094435 0.728021
30380 0.406273 0.025917 0.567811
31450 0.145570 0.066427 0.788004
31746 0.216396 0.100578 0.683026
31744 0.089554 0.165071 0.745375
31446 0.850222 0.065531 0.084247
31688 0.606527 0.386832 0.006641
30187 0.151146 0.551586 0.297268
31174 0.557938 0.250959 0.191104
30242 0.001571 0.019347 0.979082
30739 0.073069 0.466732 0.460199
30387 0.317765 0.035202 0.647034
31470 0.068621 0.125772 0.805607
30377 0.064167 0.033862 0.901971
29396 0.845311 0.124350 0.030340
31649 0.002862 0.326309 0.670829
31297 0.308313 0.680283 0.011404
31303 0.056069 0.229949 0.713982
30157 0.059636 0.902862 0.037502
28498 0.887310 0.102948 0.009742
29913 0.152080 0.170033 0.677888
30050 0.612384 0.023733 0.363883
30329 0.397888 0.230418 0.371693
30082 0.091718 0.797665 0.110616
30081 0.046294 0.742343 0.211364
30363 0.077534 0.866229 0.056237
28589 0.493522 0.464403 0.042074
28597 0.263618 0.346739 0.389643
30015 0.140333 0.392701 0.466967
29984 0.000000 0.555162 0.444838
30811 0.102831 0.313838 0.583332
30005 0.143740 0.630146 0.226114
30804 0.626333 0.346776 0.026891
30974 0.097117 0.815108 0.087775
31153 0.031794 0.350519 0.617687
31131 0.391030 0.002271 0.606699
30115 0.611061 0.312030 0.076909
31795 0.299071 0.607825 0.093103
30419 0.273646 0.568280 0.158073
30409 0.822363 0.159976 0.017661
29880 0.020347 0.600920 0.378733
29990 0.147636 0.656714 0.195650
30544 0.427478 0.276569 0.295953
29879 0.200171 0.781451 0.018378
30427 0.653159 0.156878 0.189963
30423 0.046299 0.862327 0.091374
30431 0.310546 0.197071 0.492383
29899 0.627908 0.015019 0.357073
30439 0.045339 0.547022 0.407639
30435 0.624538 0.228728 0.146734
29887 0.841717 0.144258 0.014025
30562 0.210100 0.406043 0.383856
30555 0.324662 0.119321 0.556016
29927 0.216230 0.000000 0.783770
30716 0.505105 0.233231 0.261665
29938 0.382434 0.161987 0.455579
30317 0.234564 0.448085 0.317351
30711 0.117601 0.194389 0.688010
30454 0.558146 0.014281 0.427573
31438 0.229329 0.234137 0.536534
31375 0.618885 0.329513 0.051603
30703 0.641122 0.033803 0.325075
31385 0.781214 0.060968 0.157818
29946 0.202078 0.714929 0.082993
29952 0.062503 0.571963 0.365534
31371 0.304446 0.080299 0.615255
31675 0.148833 0.091253 0.759914
30799 0.670229 0.263613 0.066158
29835 0.696284 0.146678 0.157038
28470 0.428096 0.208847 0.363057
28487 0.389099 0.481605 0.129296
29893 0.059011 0.835016 0.105973
29974 0.282605 0.343240 0.374155
30536 0.185602 0.415880 0.398519
30412 0.203484 0.586003 0.210514
30568 0.242073 0.019551 0.738376
30443 0.210509 0.718849 0.070642
30024 0.346221 0.233010 0.420769
30042 0.400969 0.501881 0.097149
29908 0.823164 0.161662 0.015174
29955 0.000000 0.350924 0.649076
30956 0.525210 0.433923 0.040867
31923 0.054756 0.298332 0.646913
30066 0.552172 0.254797 0.193032
30460 0.584192 0.254507 0.161301
31393 0.810895 0.077549 0.111555
31394 0.042822 0.513828 0.443350
29943 0.715083 0.080526 0.204391
31350 0.021015 0.326690 0.652295
30087 0.164847 0.699636 0.135516
31956 0.277129 0.623036 0.099835
30487 0.309584 0.187367 0.503050
30099 0.000000 0.700919 0.299081
30478 0.313080 0.484224 0.202696
30358 0.114049 0.880676 0.005275
31809 0.165289 0.476845 0.357866
30673 0.227626 0.189797 0.582577
30676 0.475205 0.489389 0.035406
30141 0.436976 0.558137 0.004886
31354 0.564638 0.108777 0.326585
31797 0.191958 0.055044 0.752998
30357 0.139681 0.188274 0.672044
30722 0.252774 0.246652 0.500574
30355 0.798739 0.143796 0.057465
31630 0.772315 0.095144 0.132541
31753 0.278092 0.397713 0.324195
31522 0.439931 0.524693 0.035375
31625 0.085603 0.602483 0.311914
30988 0.000000 1.000000 0.000000
31988 0.105876 0.710551 0.183573
30128 0.777871 0.222129 0.000000
30488 0.110939 0.238835 0.650226
30490 0.478374 0.521626 0.000000
30132 0.083935 0.498736 0.417329
30160 0.429129 0.425566 0.145305
30670 0.764848 0.063732 0.171420
31551 0.692900 0.037882 0.269217
30341 0.190456 0.329510 0.480034
30168 0.049869 0.172782 0.777349
30181 0.062182 0.818343 0.119475
31567 0.356711 0.001407 0.641882
31633 0.026220 0.842439 0.131342
30667 0.762113 0.147497 0.090390
30346 0.469243 0.530757 0.000000
33526 0.760808 0.061429 0.177763
33044 0.075607 0.740066 0.184327
32750 0.837342 0.152162 0.010497
32766 0.265302 0.692416 0.042282
32198 0.099707 0.654554 0.245739
33524 0.526708 0.356747 0.116544
32575 0.184886 0.404576 0.410538
32605 0.184543 0.595971 0.219487
33513 0.720794 0.253251 0.025955
33509 0.664871 0.319018 0.016111
32603 0.175369 0.217216 0.607415
32446 0.560020 0.247789 0.192191
32442 0.769614 0.144878 0.085508
33458 0.430225 0.565646 0.004129
33451 0.050524 0.571599 0.377877
32720 0.062879 0.004737 0.932383
33438 0.164704 0.544506 0.290790
32730 0.309639 0.356508 0.333853
32719 0.889397 0.091314 0.019289
32195 0.100677 0.034124 0.865199
32609 0.269774 0.168992 0.561234
32443 0.360960 0.107506 0.531534
32603 0.046773 0.582137 0.371090
32446 0.367185 0.110819 0.521996
33331 0.199305 0.220228 0.580467
33393 0.384552 0.382558 0.232890
33391 0.273258 0.264997 0.461745
33417 0.311241 0.586293 0.102466
33420 0.869962 0.044432 0.085605
32396 0.094953 0.116371 0.788676
33225 0.062938 0.170255 0.766807
33227 0.350540 0.020896 0.628564
32459 0.620328 0.090999 0.288673
33107 0.585839 0.328134 0.086026
33164 0.365619 0.056356 0.578025
33093 0.526305 0.238634 0.235061
33034 0.135967 0.241600 0.622433
33151 0.254895 0.467389 0.277716
33156 0.037068 0.883385 0.079547
33549 0.629484 0.366393 0.004123
33532 0.372761 0.349426 0.277813
32403 0.177142 0.121439 0.701419
33104 0.817726 0.059683 0.122592
33163 0.056226 0.173078 0.770696
33222 0.388722 0.409727 0.201551
32482 0.614791 0.358462 0.026748
33039 0.171292 0.184300 0.644408
32408 0.101257 0.356071 0.542672
33096 0.004797 0.442322 0.552881
32414 0.875262 0.081914 0.042824
33194 0.265942 0.367225 0.366832
33140 0.388234 0.232717 0.379049
32420 0.379282 0.509443 0.111275
33078 0.354877 0.544504 0.100619
33201 0.168388 0.788852 0.042759
32283 0.130638 0.493567 0.375795
33185 0.068395 0.574707 0.356898
32192 0.386279 0.223368 0.390353
33060 0.200054 0.047812 0.752135
33082 0.263974 0.641106 0.094920
33181 0.511235 0.027703 0.461062
33054 0.053960 0.913585 0.032455
33159 0.061553 0.103237 0.835210
33160 0.074602 0.575814 0.349584
33389 0.079291 0.108440 0.812269
33356 0.013982 0.080640 0.905378
33567 0.153475 0.438687 0.407838
33557 0.666854 0.181333 0.151813
33543 0.447223 0.133445 0.419332
33375 0.169566 0.705005 0.125429
33363 0.298235 0.024315 0.677450
33559 0.577458 0.243918 0.178624
33573 0.263512 0.658083 0.078405
33515 0.390528 0.138174 0.471298
33316 0.089509 0.541777 0.368713
33497 0.418086 0.087357 0.494557
33480 0.066497 0.708544 0.224959
33298 0.382944 0.342416 0.274641
33311 0.377885 0.395669 0.226446
33478 0.446747 0.164152 0.389101
34130 0.221071 0.527476 0.251452
34080 0.362959 0.302129 0.334912
33994 0.148236 0.583712 0.268052
34071 0.684022 0.075882 0.240097
34157 0.693121 0.023921 0.282957
33859 0.771725 0.023300 0.204975
33863 0.579219 0.310077 0.110704
33793 0.552544 0.178150 0.269306
33632 0.485240 0.249049 0.265711
33757 0.338645 0.399050 0.262305
34041 0.547338 0.257937 0.194725
33818 0.556276 0.189967 0.253757
33631 0.163671 0.594197 0.242133
33627 0.059788 0.271031 0.669181
33672 0.678713 0.222134 0.099153
33734 0.008151 0.733338 0.258511
33511 0.087672 0.237855 0.674474
33256 0.255160 0.390991 0.353849
33847 0.005860 0.845621 0.148519
33607 0.394271 0.453816 0.151913
33653 0.831121 0.101270 0.067609
33686 0.012195 0.728688 0.259118
33613 0.139290 0.382690 0.478020
33824 0.912147 0.021151 0.066702
33619 0.199473 0.641299 0.159228
33296 0.055992 0.334263 0.609745
33838 0.261063 0.078455 0.660482
33330 0.600982 0.371054 0.027964
33369 0.671319 0.208786 0.119895
33380 0.178119 0.587512 0.234369
33414 0.975773 0.000000 0.024227
33264 0.628401 0.068469 0.303130
33579 0.154711 0.083827 0.761462
33662 0.209121 0.685742 0.105137
34096 0.336856 0.288455 0.374689
33778 0.085393 0.908025 0.006582
34126 0.361137 0.232439 0.406424
33931 0.493027 0.334154 0.172819
34203 0.098702 0.414146 0.487152
33898 0.380764 0.089981 0.529255
34164 0.321435 0.250234 0.428330
33787 0.310145 0.234428 0.455426
34027 0.642322 0.310051 0.047627
33583 0.147583 0.755548 0.096869
33645 0.179228 0.062601 0.758171
33271 0.347441 0.651451 0.001108
33287 0.049353 0.878512 0.072136
33263 0.122037 0.039565 0.838398
33700 0.220792 0.578116 0.201091
33340 0.570693 0.013689 0.415618
33938 0.334479 0.369690 0.295831
33354 0.394611 0.055252 0.550137
33879 0.134833 0.357237 0.507930
33828 0.690933 0.029380 0.279687
33871 0.044485 0.926164 0.029351
34423 0.278790 0.140944 0.580266
34420 0.341011 0.312933 0.346056
34470 0.128422 0.443269 0.428309
34479 0.129919 0.043829 0.826251
34495 0.213733 0.583750 0.202517
35065 0.083534 0.018745 0.897721
34656 0.091923 0.439278 0.468800
35004 0.100262 0.028017 0.871721
34949 0.057013 0.439177 0.503809
35037 0.027048 0.866832 0.106119
34785 0.336292 0.449441 0.214266
34782 0.878931 0.099352 0.021718
35129 0.108069 0.428281 0.463650
35168 0.532680 0.269569 0.197751
34319 0.609027 0.156652 0.234321
35091 0.052516 0.505249 0.442235
34993 0.131984 0.041432 0.826584
34387 0.461012 0.040181 0.498806
34950 0.467307 0.363252 0.169442
34892 0.186883 0.787702 0.025415
34882 0.169024 0.606562 0.224414
34234 0.310804 0.385443 0.303753
35150 0.262660 0.631972 0.105368
34324 0.258361 0.741639 0.000000
35199 0.164189 0.458861 0.376950
34302 0.625850 0.011827 0.362322
33952 0.647090 0.185361 0.167550
34539 0.612818 0.179677 0.207505
34546 0.723066 0.025886 0.251048
34524 0.160817 0.763046 0.076138
34503 0.031510 0.833312 0.135178
34973 0.061882 0.229984 0.708134
34560 0.042612 0.832342 0.125045
34372 0.208564 0.763196 0.028241
34974 0.333318 0.361839 0.304842
34990 0.437242 0.275714 0.287044
34982 0.336516 0.232143 0.431341
34833 0.010746 0.222863 0.766391
34862 0.442817 0.481196 0.075986
34727 0.725360 0.247598 0.027042
34715 0.746080 0.054393 0.199528
34855 0.528612 0.377213 0.094175
34824 0.161509 0.179446 0.659046
35244 0.322267 0.172585 0.505147
35113 0.493866 0.388490 0.117643
35080 0.172672 0.387796 0.439532
