1272 0.022424 0.054232 0.923344
1297 0.209142 0.588597 0.202260
1303 0.427812 0.090662 0.481526
1877 0.062240 0.485313 0.452447
1342 0.097227 0.610199 0.292574
1877 0.683899 0.300991 0.015110
3839 0.127726 0.597760 0.274514
4576 0.268160 0.466145 0.265695
3212 0.225683 0.285073 0.489243
3835 0.627091 0.112860 0.260049
3210 0.345211 0.473866 0.180922
3195 0.075495 0.032700 0.891805
3269 0.103237 0.800148 0.096615
3207 0.287644 0.103330 0.609026
3230 0.303888 0.564765 0.131347
7141 0.802565 0.106875 0.090559
7073 0.675513 0.167631 0.156856
6399 0.723922 0.185958 0.090120
7100 0.186536 0.359798 0.453666
7074 0.100493 0.769235 0.130272
6400 0.433742 0.140062 0.426196
5171 0.175616 0.467183 0.357201
5169 0.806969 0.008535 0.184496
6499 0.038438 0.275443 0.686119
6187 0.171738 0.488151 0.340111
7143 0.234959 0.128911 0.636130
6847 0.186430 0.196972 0.616598
7137 0.720905 0.120416 0.158679
7123 0.745957 0.138765 0.115279
7135 0.527972 0.359748 0.112280
43514 0.575538 0.356602 0.067860
46173 0.008656 0.337747 0.653597
45893 0.222761 0.689628 0.087611
43872 0.687513 0.088983 0.223503
46178 0.456749 0.477562 0.065688
45881 0.191535 0.570881 0.237585
3023 0.327150 0.155634 0.517215
3018 0.369376 0.550050 0.080575
2411 0.720170 0.113148 0.166681
2296 0.815323 0.033714 0.150963
3019 0.433461 0.074377 0.492162
38671 0.356713 0.504807 0.138480
41567 0.656927 0.297119 0.045954
38988 0.376665 0.513386 0.109949
41219 0.294934 0.319117 0.385950
3777 0.454099 0.483031 0.062870
3773 0.133199 0.215940 0.650862
3849 0.130478 0.470464 0.399058
6472 0.716420 0.166741 0.116838
6474 0.026372 0.198081 0.775547
6475 0.859643 0.030963 0.109394
29227 0.677326 0.057395 0.265279
29169 0.485476 0.302204 0.212320
36256 0.541323 0.424538 0.034139
29217 0.239210 0.151927 0.608863
29146 0.064429 0.307830 0.627741
36369 0.482673 0.191615 0.325713
29179 0.446970 0.202830 0.350199
29159 0.488007 0.374069 0.137923
36371 0.379783 0.342957 0.277261
29213 0.739885 0.254329 0.005786
28928 0.146257 0.398207 0.455536
28996 0.031596 0.951406 0.016997
28948 0.439844 0.455173 0.104983
28984 0.124187 0.107757 0.768056
29032 0.345255 0.479614 0.175131
26847 0.236018 0.379172 0.384810
26661 0.372928 0.269162 0.357910
26698 0.063212 0.412600 0.524188
26634 0.088573 0.832619 0.078808
26645 0.131633 0.188356 0.680011
26619 0.152459 0.779801 0.067741
26610 0.460069 0.090888 0.449043
26745 0.053969 0.857054 0.088978
29065 0.474404 0.287857 0.237739
29126 0.595958 0.386813 0.017230
36325 0.300166 0.484063 0.215771
26772 0.089443 0.287144 0.623413
26823 0.107316 0.591449 0.301235
36349 0.185080 0.141127 0.673793
38902 0.043677 0.941140 0.015184
38876 0.283872 0.116546 0.599582
38891 0.615547 0.360242 0.024211
38882 0.149132 0.026881 0.823987
38913 0.566529 0.088801 0.344670
38931 0.005022 0.664586 0.330392
38959 0.139420 0.771164 0.089415
38946 0.625519 0.262560 0.111921
38966 0.177560 0.464413 0.358027
24243 0.969368 0.013582 0.017051
24222 0.313493 0.265072 0.421435
24198 0.248783 0.250412 0.500805
24187 0.351212 0.070092 0.578696
24190 0.450657 0.518663 0.030680
24394 0.386203 0.400550 0.213247
22205 0.325839 0.200760 0.473400
22156 0.028610 0.920619 0.050771
897 0.336889 0.162249 0.500863
21986 0.349495 0.422053 0.228452
21989 0.567107 0.088817 0.344075
22149 0.315539 0.038339 0.646122
41493 0.797773 0.098028 0.104199
41482 0.373683 0.576784 0.049533
41483 0.142573 0.267998 0.589429
41522 0.179133 0.685522 0.135345
41500 0.501358 0.492145 0.006497
43957 0.106350 0.187652 0.705998
3005 0.091646 0.624490 0.283865
3026 0.804303 0.106030 0.089667
3783 0.675980 0.241596 0.082424
24441 0.226995 0.457645 0.315360
24442 0.022729 0.044696 0.932576
26887 0.084602 0.491505 0.423893
24450 0.313996 0.617799 0.068205
26960 0.152285 0.399180 0.448534
26971 0.658180 0.252342 0.089478
2072 0.045119 0.278500 0.676381
2100 0.272991 0.641648 0.085361
4670 0.360954 0.534176 0.104870
27187 0.402990 0.560092 0.036918
27190 0.425098 0.070603 0.504299
26087 0.122602 0.287875 0.589523
27172 0.526869 0.126430 0.346701
27156 0.376842 0.011079 0.612079
25918 0.373753 0.025022 0.601226
24261 0.037192 0.823909 0.138899
24257 0.329253 0.022258 0.648490
24278 0.060117 0.702415 0.237468
22158 0.163650 0.229483 0.606867
41506 0.071340 0.925036 0.003624
43962 0.277938 0.336542 0.385521
26760 0.012393 0.804602 0.183004
28933 0.269120 0.320876 0.410003
28977 0.077048 0.262168 0.660783
3788 0.018704 0.944795 0.036501
1265 0.751837 0.195961 0.052201
1262 0.342606 0.626922 0.030471
1265 0.036034 0.197422 0.766543
1266 0.120960 0.089034 0.790005
1323 0.250886 0.412347 0.336767
1295 0.126801 0.112149 0.761050
27047 0.095733 0.512763 0.391504
29280 0.098465 0.631323 0.270211
29249 0.610646 0.210212 0.179142
24361 0.252615 0.716816 0.030569
24393 0.126581 0.031597 0.841822
38884 0.398880 0.136310 0.464810
38697 0.376207 0.475818 0.147975
38665 0.774726 0.121085 0.104189
38870 0.065435 0.276037 0.658528
38568 0.123022 0.184107 0.692871
38979 0.187791 0.634351 0.177858
41582 0.081590 0.568351 0.350059
41562 0.417626 0.563990 0.018383
38882 0.090159 0.876620 0.033221
38721 0.710795 0.030309 0.258896
36258 0.045990 0.528215 0.425795
29082 0.609732 0.322148 0.068120
28913 0.177938 0.207961 0.614100
29009 0.175783 0.427922 0.396295
29093 0.775636 0.041952 0.182411
29298 0.007874 0.645968 0.346158
29342 0.541571 0.312903 0.145526
29285 0.644476 0.301017 0.054507
29352 0.480459 0.154853 0.364688
6489 0.474128 0.209869 0.316003
3852 0.287244 0.660573 0.052183
43386 0.472721 0.300799 0.226481
43905 0.210239 0.339495 0.450266
348 0.839180 0.051113 0.109707
43379 0.438322 0.499222 0.062457
357 0.334426 0.384862 0.280712
6293 0.116121 0.274990 0.608889
41693 0.540511 0.070413 0.389076
364 0.084612 0.374195 0.541194
6842 0.560096 0.356117 0.083787
43866 0.127363 0.301506 0.571131
43577 0.133048 0.795188 0.071764
43568 0.099773 0.003564 0.896663
43558 0.019074 0.359977 0.620949
43541 0.280142 0.507629 0.212229
43181 0.033452 0.916790 0.049758
43073 0.249057 0.357507 0.393436
41536 0.136804 0.304175 0.559021
45908 0.672910 0.077936 0.249154
43479 0.253060 0.432942 0.313998
43563 0.688501 0.202132 0.109367
43584 0.262402 0.653651 0.083947
48316 0.123702 0.019202 0.857097
48231 0.008858 0.307857 0.683284
48545 0.696003 0.082940 0.221056
48287 0.243434 0.166126 0.590441
48262 0.586497 0.238905 0.174599
48272 0.565149 0.296057 0.138794
29514 0.721998 0.241467 0.036535
29502 0.720766 0.267609 0.011625
29424 0.119393 0.327058 0.553549
29517 0.401700 0.364563 0.233737
29495 0.163482 0.244110 0.592408
29441 0.501058 0.150775 0.348167
27563 0.102627 0.602930 0.294443
27115 0.306106 0.223425 0.470469
29458 0.443188 0.278631 0.278181
29636 0.242012 0.216347 0.541642
29619 0.131172 0.090400 0.778428
28150 0.571192 0.400767 0.028041
29622 0.017709 0.679418 0.302873
27120 0.311609 0.340781 0.347610
29646 0.448318 0.457544 0.094138
29323 0.319626 0.345412 0.334962
29332 0.439233 0.023595 0.537173
29566 0.120746 0.417953 0.461301
29536 0.122522 0.645247 0.232231
29423 0.227479 0.746349 0.026173
28164 0.553957 0.399630 0.046413
29609 0.079834 0.789985 0.130181
22144 0.021449 0.085811 0.892740
27095 0.267961 0.551799 0.180240
27071 0.133940 0.826775 0.039285
894 0.290025 0.065571 0.644404
1275 0.199910 0.726983 0.073107
1384 0.283611 0.636837 0.079552
889 0.802697 0.125160 0.072143
1284 0.174893 0.429651 0.395456
1267 0.502084 0.301008 0.196908
866 0.137695 0.046339 0.815966
866 0.375326 0.167259 0.457414
866 0.546616 0.360734 0.092650
868 0.291479 0.601993 0.106528
863 0.094101 0.103293 0.802606
1403 0.016599 0.295898 0.687503
21958 0.468913 0.300130 0.230957
22199 0.062428 0.744069 0.193503
22199 0.121834 0.083650 0.794515
21958 0.328966 0.520944 0.150090
867 0.268602 0.205126 0.526272
22199 0.608125 0.149124 0.242751
896 0.583664 0.121680 0.294656
895 0.305024 0.526510 0.168467
1385 0.319998 0.031573 0.648429
1286 0.281483 0.131905 0.586612
1288 0.396655 0.597348 0.005997
988 0.225709 0.010548 0.763743
863 0.206914 0.362650 0.430436
862 0.000000 0.456646 0.543354
862 0.179138 0.127187 0.693675
1280 0.373774 0.467476 0.158750
2269 0.319284 0.241323 0.439393
2268 0.084213 0.642296 0.273491
1249 0.175063 0.112767 0.712170
2268 0.239860 0.101192 0.658948
1282 0.319164 0.562712 0.118123
21958 0.226027 0.768730 0.005244
867 0.397140 0.393577 0.209283
867 0.815897 0.136361 0.047742
864 0.767782 0.131083 0.101136
863 0.549357 0.409111 0.041532
1287 0.129626 0.055181 0.815193
1280 0.102034 0.161047 0.736919
1385 0.523913 0.381531 0.094557
1286 0.076473 0.730389 0.193138
24269 0.200137 0.770294 0.029569
22161 0.269788 0.660106 0.070106
22210 0.180812 0.081128 0.738060
26877 0.406021 0.540375 0.053603
24443 0.045831 0.399509 0.554660
26991 0.442996 0.305446 0.251558
26958 0.120056 0.666584 0.213360
27086 0.066641 0.692746 0.240613
27129 0.658233 0.293237 0.048529
25919 0.116924 0.504718 0.378357
27122 0.308448 0.247457 0.444095
26927 0.169010 0.052492 0.778498
26983 0.767369 0.069504 0.163127
26899 0.377016 0.317902 0.305082
27002 0.002854 0.010004 0.987142
27055 0.113360 0.685531 0.201109
29475 0.120178 0.364356 0.515466
27020 0.544317 0.331648 0.124035
27035 0.595943 0.306837 0.097219
26882 0.000000 0.977990 0.022010
26845 0.252131 0.741508 0.006361
24305 0.050257 0.019098 0.930644
24392 0.010388 0.074419 0.915193
24420 0.650068 0.106719 0.243213
24419 0.612504 0.217317 0.170178
24281 0.019026 0.590039 0.390935
2068 0.610346 0.165612 0.224042
899 0.395363 0.415147 0.189490
1909 0.322638 0.090158 0.587204
900 0.837795 0.126705 0.035500
45762 0.798989 0.154761 0.046250
43370 0.218380 0.737271 0.044349
45730 0.010852 0.572947 0.416201
43369 0.779974 0.101408 0.118619
43371 0.862216 0.041014 0.096770
43388 0.334686 0.060828 0.604486
48250 0.309562 0.105707 0.584731
45800 0.069446 0.660754 0.269801
46263 0.203773 0.283162 0.513065
45799 0.306363 0.559077 0.134560
45919 0.110882 0.567513 0.321605
45798 0.656662 0.179007 0.164331
45736 0.196380 0.435664 0.367956
45721 0.100430 0.120563 0.779007
45717 0.351638 0.395840 0.252522
6209 0.046381 0.863118 0.090502
6305 0.452757 0.541230 0.006014
6306 0.657312 0.213134 0.129554
2997 0.111362 0.328029 0.560609
2977 0.246041 0.383555 0.370404
2996 0.793194 0.064769 0.142037
3265 0.030447 0.759484 0.210070
2964 0.504878 0.164746 0.330376
2998 0.334347 0.665447 0.000205
2959 0.324005 0.238331 0.437664
3240 0.444792 0.505857 0.049351
3237 0.073647 0.429545 0.496808
3201 0.356323 0.542019 0.101659
3229 0.114457 0.257179 0.628365
3197 0.585622 0.169550 0.244829
43356 0.147912 0.400828 0.451260
6183 0.749506 0.190118 0.060376
46289 0.128492 0.591799 0.279709
6281 0.322825 0.645297 0.031878
46289 0.066976 0.097816 0.835208
355 0.306331 0.400715 0.292954
43344 0.056040 0.147165 0.796794
346 0.339179 0.183216 0.477605
43344 0.196262 0.278326 0.525411
43356 0.472713 0.043969 0.483318
43342 0.157181 0.159946 0.682873
43347 0.087521 0.574284 0.338195
43387 0.453004 0.300974 0.246022
43384 0.087489 0.694911 0.217601
45766 0.065690 0.201981 0.732329
46288 0.134701 0.472748 0.392551
45747 0.747619 0.222194 0.030187
45779 0.007013 0.537053 0.455934
48184 0.301205 0.244602 0.454193
45776 0.284736 0.705989 0.009275
48199 0.160452 0.655083 0.184465
46295 0.358159 0.577957 0.063884
48403 0.092038 0.841455 0.066507
48370 0.688034 0.280173 0.031793
48362 0.019238 0.736573 0.244189
48359 0.072564 0.855579 0.071857
48334 0.527488 0.291162 0.181350
48524 0.195930 0.749844 0.054226
46336 0.096832 0.396449 0.506719
48225 0.250097 0.157479 0.592423
43395 0.181354 0.502390 0.316256
43310 0.707398 0.276375 0.016227
43316 0.607295 0.090130 0.302575
6301 0.045630 0.484576 0.469794
6298 0.027477 0.371611 0.600912
7130 0.151133 0.335411 0.513456
6316 0.457627 0.105172 0.437201
7061 0.172943 0.822427 0.004630
7099 0.202135 0.319745 0.478121
5142 0.141716 0.041330 0.816954
6403 0.233181 0.416916 0.349903
5176 0.374964 0.000059 0.624977
7145 0.061699 0.237205 0.701096
7094 0.444759 0.368706 0.186535
7142 0.522473 0.408455 0.069072
7131 0.340380 0.162991 0.496629
7097 0.100132 0.636090 0.263778
6433 0.682820 0.120761 0.196419
7075 0.095195 0.624189 0.280616
6463 0.211932 0.034312 0.753756
5602 0.319962 0.061004 0.619034
5102 0.316740 0.365956 0.317304
5702 0.159578 0.245390 0.595032
6435 0.507975 0.435287 0.056739
5714 0.714133 0.263361 0.022506
5694 0.974895 0.013898 0.011207
8864 0.536359 0.103279 0.360362
8916 0.470003 0.518312 0.011685
7084 0.249863 0.554088 0.196049
7093 0.564095 0.222226 0.213679
8912 0.059700 0.365216 0.575084
7085 0.534602 0.082972 0.382426
7096 0.559964 0.219521 0.220515
7089 0.207938 0.430944 0.361118
7228 0.535473 0.054867 0.409660
5685 0.878581 0.073180 0.048239
8867 0.465367 0.375362 0.159271
8863 0.862638 0.125922 0.011440
7094 0.107821 0.050873 0.841306
7097 0.157507 0.126095 0.716398
7078 0.607218 0.077976 0.314806
7081 0.777903 0.198492 0.023604
7076 0.041739 0.112722 0.845539
5700 0.528528 0.060321 0.411151
5776 0.168161 0.768421 0.063418
5582 0.309920 0.254068 0.436012
5778 0.801780 0.049273 0.148947
5600 0.386165 0.507231 0.106604
5559 0.004035 0.212532 0.783434
5558 0.104318 0.322949 0.572733
5732 0.090775 0.384541 0.524684
5733 0.138274 0.857685 0.004041
5731 0.642859 0.100725 0.256416
8618 0.014030 0.052255 0.933714
8601 0.264400 0.377525 0.358075
8733 0.927962 0.057190 0.014848
8594 0.789852 0.069453 0.140695
8443 0.372845 0.099662 0.527493
8447 0.562257 0.145842 0.291901
8437 0.718946 0.010299 0.270755
7551 0.092740 0.831428 0.075831
5698 0.084158 0.081272 0.834570
5675 0.247837 0.153424 0.598738
6177 0.365641 0.035496 0.598863
6279 0.275554 0.051552 0.672894
973 0.678740 0.280077 0.041183
26735 0.398170 0.598219 0.003610
26781 0.162859 0.810201 0.026939
26791 0.901889 0.070931 0.027180
1747 0.316236 0.070217 0.613547
2242 0.294318 0.100666 0.605016
46343 0.887237 0.035891 0.076873
48515 0.353546 0.267617 0.378837
48543 0.308761 0.642332 0.048907
48543 0.323750 0.154082 0.522167
48516 0.682628 0.289442 0.027930
45707 0.803485 0.183109 0.013406
43392 0.047129 0.124420 0.828450
43677 0.093596 0.733730 0.172674
43668 0.757092 0.002250 0.240658
43753 0.021064 0.035887 0.943049
43744 0.081790 0.424957 0.493253
43743 0.025142 0.290359 0.684500
43710 0.320370 0.633403 0.046227
43687 0.446348 0.386279 0.167372
43849 0.570946 0.176924 0.252130
43717 0.410688 0.072911 0.516400
43844 0.247566 0.312679 0.439755
43736 0.346378 0.603909 0.049713
43684 0.004702 0.235784 0.759514
43104 0.985503 0.012107 0.002390
43758 0.322282 0.624368 0.053349
29308 0.448041 0.477396 0.074563
29303 0.304447 0.259173 0.436381
29381 0.055926 0.054310 0.889764
29379 0.608914 0.268829 0.122257
29429 0.081699 0.516359 0.401941
29426 0.327925 0.140177 0.531899
29277 0.072579 0.389246 0.538175
29469 0.112570 0.651350 0.236080
1190 0.212945 0.592641 0.194413
1406 0.125807 0.219270 0.654922
1412 0.442450 0.229047 0.328503
1192 0.519899 0.425874 0.054227
1200 0.162373 0.040468 0.797159
1173 0.442595 0.501313 0.056093
2920 0.147310 0.585148 0.267542
3287 0.407479 0.247680 0.344841
3187 0.660168 0.252350 0.087483
3248 0.828541 0.137664 0.033795
2910 0.547815 0.306285 0.145900
3138 0.708242 0.290746 0.001012
3246 0.683839 0.235063 0.081098
2416 0.594978 0.376714 0.028308
2934 0.267466 0.543840 0.188694
6126 0.336876 0.575289 0.087835
6071 0.006517 0.369345 0.624139
6267 0.791974 0.069715 0.138311
5768 0.690343 0.193773 0.115884
5769 0.419319 0.219857 0.360824
5540 0.895190 0.040117 0.064693
5494 0.791429 0.149067 0.059504
5514 0.383283 0.342200 0.274516
5499 0.717306 0.208577 0.074118
41696 0.272585 0.081128 0.646287
6214 0.186632 0.328030 0.485338
6137 0.091626 0.310463 0.597911
6213 0.104755 0.683607 0.211638
6139 0.841371 0.125720 0.032908
6147 0.195382 0.540158 0.264460
44275 0.004355 0.209676 0.785970
44298 0.158511 0.541009 0.300480
44224 0.096892 0.208002 0.695106
44328 0.033154 0.589108 0.377739
44663 0.249216 0.383213 0.367571
44666 0.244159 0.699821 0.056021
2950 0.080535 0.285111 0.634355
3274 0.099160 0.222641 0.678199
3110 0.167009 0.374103 0.458888
3273 0.775144 0.121643 0.103213
3106 0.151139 0.134216 0.714645
39325 0.068680 0.496533 0.434788
39417 0.140895 0.019866 0.839239
39320 0.358081 0.507242 0.134677
39450 0.040199 0.063696 0.896105
3143 0.880737 0.084874 0.034389
3130 0.096586 0.441810 0.461603
3133 0.032358 0.226453 0.741188
5461 0.376665 0.531261 0.092074
5456 0.053393 0.254211 0.692396
5709 0.636813 0.002430 0.360757
28777 0.265539 0.661455 0.073006
28427 0.454362 0.395608 0.150030
28729 0.543401 0.015446 0.441154
36 0.414727 0.433408 0.151865
65 0.317167 0.444574 0.238260
28 0.678062 0.303784 0.018154
35416 0.457088 0.532045 0.010867
36639 0.327624 0.505907 0.166469
36657 0.945598 0.031479 0.022923
28766 0.778648 0.056099 0.165253
28687 0.109318 0.480643 0.410039
28662 0.844582 0.074981 0.080436
28676 0.029473 0.010925 0.959602
28348 0.636152 0.089138 0.274710
28411 0.135659 0.065771 0.798570
26304 0.796006 0.092279 0.111714
26254 0.107347 0.459977 0.432676
26563 0.567569 0.355878 0.076552
26308 0.059767 0.896184 0.044050
26591 0.796562 0.131074 0.072364
26553 0.137513 0.095743 0.766744
26345 0.219613 0.735589 0.044798
51 0.169950 0.080150 0.749899
28336 0.010625 0.175095 0.814280
28389 0.604650 0.231871 0.163479
35525 0.036971 0.870367 0.092662
35532 0.263296 0.640456 0.096248
36751 0.316312 0.106110 0.577578
36809 0.037977 0.037943 0.924080
36875 0.279527 0.523621 0.196851
36900 0.047317 0.204133 0.748550
36669 0.328699 0.576323 0.094977
36570 0.815301 0.075170 0.109529
36648 0.581625 0.198626 0.219750
36667 0.031810 0.882785 0.085405
36738 0.665199 0.022232 0.312570
36750 0.341983 0.237316 0.420701
36778 0.659798 0.129168 0.211034
918 0.299441 0.659165 0.041394
24082 0.038906 0.539604 0.421490
24117 0.249911 0.192015 0.558074
24110 0.075745 0.769515 0.154740
24106 0.013812 0.873972 0.112216
24064 0.082421 0.093450 0.824129
810 0.076913 0.619264 0.303823
23982 0.296477 0.096576 0.606948
1066 0.039986 0.199659 0.760355
23992 0.268546 0.696820 0.034634
1176 0.015445 0.033001 0.951554
21969 0.740032 0.190318 0.069650
39221 0.487303 0.231614 0.281083
41847 0.004578 0.332980 0.662442
41881 0.163340 0.719499 0.117162
41833 0.443429 0.130538 0.426034
41896 0.799767 0.190004 0.010229
41876 0.517855 0.110139 0.372007
2995 0.707129 0.093807 0.199064
2992 0.001466 0.091506 0.907028
3104 0.460257 0.341186 0.198557
24036 0.790315 0.091602 0.118083
26210 0.115391 0.415407 0.469202
26395 0.009999 0.077425 0.912576
24016 0.589767 0.002077 0.408157
24053 0.321069 0.072372 0.606559
26188 0.186768 0.676758 0.136474
1375 0.235744 0.269372 0.494883
3112 0.147541 0.123199 0.729261
3027 0.056203 0.415029 0.528768
26171 0.075550 0.470048 0.454402
25977 0.063986 0.576688 0.359326
25959 0.597491 0.155934 0.246575
25951 0.146320 0.248081 0.605599
24004 0.885095 0.077228 0.037677
23997 0.720467 0.014996 0.264538
915 0.022409 0.930848 0.046743
818 0.103435 0.816753 0.079812
41823 0.179804 0.252265 0.567932
41867 0.457118 0.516042 0.026840
26332 0.171286 0.240941 0.587773
28379 0.773643 0.051930 0.174428
28640 0.070805 0.772087 0.157108
3029 0.200482 0.302363 0.497155
1256 0.312045 0.301760 0.386195
1261 0.156443 0.250613 0.592944
1321 0.286380 0.053027 0.660593
28636 0.346840 0.159133 0.494027
28717 0.003905 0.360986 0.635109
28575 0.360663 0.345001 0.294336
26266 0.132805 0.542100 0.325095
26242 0.126921 0.868860 0.004220
39389 0.319372 0.358057 0.322571
36432 0.668874 0.301537 0.029589
36516 0.813626 0.158789 0.027585
36533 0.292857 0.680905 0.026238
36693 0.307391 0.417781 0.274828
36721 0.193360 0.598770 0.207870
39263 0.139938 0.443462 0.416600
39408 0.060082 0.046546 0.893372
36592 0.292857 0.472203 0.234941
36537 0.503581 0.268286 0.228133
35408 0.636489 0.175654 0.187857
29842 0.114640 0.507253 0.378108
29838 0.710735 0.088253 0.201012
28821 0.042556 0.867278 0.090167
35406 0.893158 0.092948 0.013894
28584 0.093429 0.426434 0.480136
28577 0.583212 0.288340 0.128449
28708 0.315752 0.342490 0.341757
28721 0.153734 0.701563 0.144704
5509 0.355567 0.023643 0.620790
5452 0.314029 0.553555 0.132415
44562 0.228394 0.678041 0.093564
42021 0.598420 0.148694 0.252886
42019 0.173288 0.782018 0.044694
43350 0.410017 0.470095 0.119888
43348 0.711921 0.030576 0.257503
42012 0.735889 0.083764 0.180346
43351 0.618185 0.336056 0.045758
43900 0.013002 0.416389 0.570609
43898 0.047670 0.182523 0.769807
44352 0.645373 0.050212 0.304414
44309 0.177658 0.370624 0.451718
44304 0.501004 0.330707 0.168289
44132 0.923230 0.007438 0.069333
44291 0.455795 0.200219 0.343987
41821 0.115782 0.565426 0.318792
44077 0.046192 0.834999 0.118810
39219 0.383887 0.488826 0.127286
44380 0.767752 0.140749 0.091498
44603 0.590791 0.256345 0.152864
44268 0.509721 0.354568 0.135711
44218 0.788361 0.204871 0.006768
48433 0.289155 0.029575 0.681271
46432 0.525840 0.135831 0.338329
48443 0.901092 0.071233 0.027674
46442 0.357411 0.242844 0.399744
46729 0.595410 0.071295 0.333294
46426 0.088107 0.193592 0.718301
28215 0.130932 0.458127 0.410941
28201 0.011142 0.326105 0.662753
28216 0.181945 0.069136 0.748919
28238 0.192117 0.240364 0.567519
28239 0.222705 0.104655 0.672640
28486 0.393219 0.272088 0.334693
28526 0.224040 0.028075 0.747885
28533 0.564395 0.257440 0.178165
28511 0.666496 0.043765 0.289740
28211 0.507481 0.401729 0.090790
28175 0.283655 0.349673 0.366673
28156 0.188672 0.189811 0.621517
28811 0.196872 0.063302 0.739826
28817 0.027293 0.193369 0.779338
28199 0.030359 0.613776 0.355865
28495 0.250706 0.006015 0.743279
28744 0.013328 0.022772 0.963900
28176 0.175558 0.392223 0.432219
1228 0.077682 0.379090 0.543228
26431 0.507420 0.280601 0.211979
26179 0.334381 0.154794 0.510825
1404 0.110620 0.693603 0.195777
1246 0.125231 0.416995 0.457774
1193 0.346645 0.299166 0.354189
1193 0.820424 0.112444 0.067132
1408 0.109199 0.281430 0.609371
1252 0.406443 0.140511 0.453047
868 0.670000 0.066860 0.263139
869 0.363614 0.421915 0.214470
868 0.314411 0.031791 0.653798
871 0.248097 0.708349 0.043554
871 0.213633 0.491764 0.294603
836 0.778101 0.210517 0.011382
872 0.552437 0.255015 0.192548
834 0.525062 0.270942 0.203995
1404 0.174035 0.092840 0.733125
1255 0.319137 0.041500 0.639363
1245 0.160690 0.834030 0.005280
869 0.673719 0.110939 0.215342
1403 0.101106 0.632166 0.266728
1248 0.075938 0.035402 0.888660
1248 0.858984 0.066300 0.074717
1249 0.650260 0.178386 0.171354
1324 0.316176 0.534379 0.149445
1324 0.428332 0.020890 0.550778
871 0.234845 0.223780 0.541375
872 0.034549 0.237707 0.727745
1247 0.218765 0.768188 0.013047
1404 0.773623 0.053654 0.172723
1252 0.121527 0.357494 0.520978
1250 0.014621 0.609587 0.375792
1283 0.449122 0.120025 0.430852
813 0.261365 0.360242 0.378393
818 0.545381 0.153071 0.301548
1057 0.360218 0.252117 0.387665
26217 0.586916 0.375493 0.037591
26374 0.505143 0.354320 0.140537
26207 0.021442 0.690628 0.287930
26578 0.416489 0.459619 0.123892
26433 0.409999 0.288609 0.301392
26051 0.135235 0.113982 0.750783
25948 0.379235 0.089161 0.531604
26583 0.203037 0.178758 0.618205
26571 0.002356 0.268181 0.729463
26459 0.834718 0.140686 0.024596
26493 0.472498 0.202295 0.325206
28460 0.261498 0.736549 0.001954
26505 0.083116 0.606367 0.310517
26479 0.113639 0.609859 0.276502
26582 0.302468 0.073294 0.624238
26229 0.470099 0.211391 0.318510
26482 0.376849 0.544482 0.078669
24033 0.408873 0.420226 0.170901
24039 0.186866 0.579130 0.234004
24029 0.434055 0.553586 0.012359
23971 0.068181 0.919860 0.011959
24007 0.033323 0.537897 0.428780
1176 0.895719 0.042215 0.062066
908 0.359985 0.259694 0.380321
1213 0.159167 0.076660 0.764173
1158 0.091940 0.603610 0.304450
44406 0.203685 0.685760 0.110554
44405 0.172478 0.569028 0.258494
44597 0.154660 0.495626 0.349714
45751 0.259108 0.647437 0.093455
43431 0.714670 0.047506 0.237824
42060 0.570208 0.311374 0.118419
48472 0.538435 0.243646 0.217920
46470 0.601017 0.016503 0.382481
44375 0.418866 0.298701 0.282433
44600 0.844409 0.038466 0.117125
44421 0.221358 0.488570 0.290072
44422 0.424431 0.332615 0.242953
45772 0.132009 0.779463 0.088528
45794 0.142656 0.314091 0.543253
44401 0.390570 0.403148 0.206282
43351 0.485376 0.005606 0.509018
43336 0.767318 0.098299 0.134384
440 0.733230 0.239339 0.027430
2989 0.584962 0.106412 0.308627
2983 0.522442 0.012559 0.464999
2954 0.403558 0.467052 0.129390
2928 0.234889 0.183911 0.581201
3225 0.312393 0.656354 0.031253
3223 0.217122 0.578423 0.204455
43899 0.628384 0.368398 0.003218
46291 0.808797 0.108631 0.082572
46290 0.436364 0.465238 0.098399
43341 0.435397 0.272102 0.292501
41696 0.354818 0.590170 0.055012
46287 0.669939 0.211068 0.118992
41696 0.088344 0.745181 0.166476
45759 0.096706 0.429007 0.474287
45752 0.393739 0.181627 0.424634
48173 0.326555 0.623490 0.049955
45773 0.196072 0.527357 0.276571
48411 0.118712 0.065063 0.816225
48476 0.712305 0.046918 0.240776
48522 0.529944 0.368193 0.101863
48442 0.439372 0.138570 0.422059
42044 0.027508 0.767335 0.205156
42065 0.105522 0.024524 0.869954
42032 0.344059 0.552374 0.103567
429 0.914591 0.005269 0.080139
42007 0.295933 0.314033 0.390033
6132 0.268749 0.471968 0.259283
6138 0.767872 0.140840 0.091288
5121 0.807654 0.026515 0.165832
6153 0.213491 0.056106 0.730403
5122 0.107393 0.597353 0.295253
5553 0.276266 0.518302 0.205432
6272 0.074168 0.174235 0.751597
5131 0.182608 0.218427 0.598965
6159 0.107676 0.086047 0.806277
6148 0.786220 0.097834 0.115945
6161 0.121523 0.329811 0.548666
6263 0.150665 0.734430 0.114905
6263 0.566618 0.378522 0.054860
5568 0.797790 0.079484 0.122725
5515 0.729515 0.231247 0.039237
5587 0.196300 0.455787 0.347913
5561 0.304428 0.295022 0.400550
5599 0.025410 0.226686 0.747904
5773 0.144986 0.755989 0.099025
5623 0.153065 0.563264 0.283670
5605 0.354300 0.420967 0.224733
8621 0.381309 0.218430 0.400261
8588 0.342818 0.257447 0.399735
6266 0.146389 0.047140 0.806471
8615 0.568319 0.156154 0.275527
8616 0.031396 0.750925 0.217679
6063 0.051654 0.740042 0.208305
7756 0.380515 0.186520 0.432966
5763 0.102816 0.858085 0.039098
5765 0.401252 0.153849 0.444899
5666 0.580370 0.197445 0.222185
8630 0.021619 0.290598 0.687783
6164 0.157049 0.580474 0.262476
6066 0.363129 0.301082 0.335789
6063 0.734924 0.202706 0.062370
5566 0.378411 0.540236 0.081353
5571 0.009110 0.751432 0.239458
5573 0.284978 0.364870 0.350152
5106 0.489879 0.040349 0.469772
5593 0.293892 0.485216 0.220892
5583 0.048025 0.507180 0.444795
5576 0.218070 0.194189 0.587742
8162 0.721532 0.248436 0.030033
8609 0.132498 0.059761 0.807740
8596 0.321387 0.409487 0.269126
8439 0.389816 0.255924 0.354260
8633 0.206280 0.754158 0.039562
5667 0.348269 0.296948 0.354783
6188 0.113074 0.110450 0.776476
75 0.213433 0.279726 0.506841
1601 0.206334 0.674034 0.119632
26277 0.075449 0.833416 0.091135
35491 0.281347 0.673396 0.045258
36795 0.063051 0.307598 0.629351
36790 0.642552 0.306109 0.051339
48520 0.532769 0.083388 0.383843
48520 0.451177 0.050748 0.498075
44374 0.118557 0.311929 0.569514
44567 0.033303 0.017004 0.949693
44158 0.036115 0.525300 0.438585
44137 0.077467 0.865845 0.056688
44138 0.165485 0.066501 0.768014
44118 0.144456 0.506749 0.348794
44134 0.358557 0.273480 0.367963
44179 0.186452 0.532093 0.281454
44212 0.278492 0.718996 0.002512
44130 0.365601 0.297598 0.336800
41935 0.435143 0.436087 0.128770
41892 0.054755 0.872671 0.072573
44166 0.407012 0.379351 0.213638
44632 0.116359 0.693312 0.190330
44155 0.151957 0.492929 0.355114
44186 0.386830 0.482746 0.130423
28559 0.419114 0.132933 0.447953
28541 0.362449 0.180207 0.457344
28446 0.387648 0.158935 0.453417
28540 0.601100 0.205994 0.192907
28443 0.696284 0.133350 0.170366
28560 0.630449 0.094830 0.274721
28566 0.258881 0.225202 0.515917
28748 0.267885 0.667451 0.064664
33411 0.724614 0.233830 0.041556
31858 0.655782 0.255994 0.088224
36198 0.140234 0.743441 0.116325
31803 0.806855 0.077703 0.115441
31835 0.243424 0.342492 0.414084
36210 0.576701 0.284886 0.138413
31824 0.194715 0.781385 0.023900
211 0.247995 0.106018 0.645987
36208 0.139135 0.219430 0.641435
31350 0.287580 0.476349 0.236070
31367 0.172261 0.674001 0.153738
31458 0.439531 0.014138 0.546330
31362 0.049260 0.237382 0.713357
31456 0.106188 0.090073 0.803739
31708 0.096891 0.461682 0.441427
43501 0.065498 0.709248 0.225254
46186 0.689314 0.024996 0.285690
46029 0.291242 0.000000 0.708758
41600 0.199441 0.739108 0.061451
41345 0.304615 0.220303 0.475081
41280 0.193047 0.573380 0.233573
41323 0.002110 0.225979 0.771910
41283 0.244101 0.418264 0.337635
41367 0.247802 0.569945 0.182253
41530 0.326001 0.398904 0.275095
41464 0.832422 0.088053 0.079524
31243 0.309412 0.426127 0.264461
31200 0.108538 0.187568 0.703894
31228 0.029773 0.399877 0.570350
31241 0.049030 0.763433 0.187537
31235 0.582050 0.160143 0.257807
31901 0.630098 0.282089 0.087813
29581 0.050694 0.347159 0.602147
29560 0.269891 0.566549 0.163560
29774 0.519754 0.035066 0.445180
31217 0.376151 0.476849 0.147000
31180 0.029114 0.263603 0.707284
31895 0.196754 0.097117 0.706129
29402 0.381446 0.020069 0.598485
29549 0.190504 0.120349 0.689147
29414 0.227780 0.269621 0.502599
45969 0.126205 0.200360 0.673436
45957 0.393191 0.566365 0.040444
46044 0.802843 0.192644 0.004513
46230 0.384377 0.231754 0.383869
46198 0.162940 0.710125 0.126936
46030 0.216384 0.273228 0.510387
43488 0.042736 0.636349 0.320915
45931 0.636853 0.055625 0.307522
46013 0.057407 0.551860 0.390733
38826 0.085106 0.667453 0.247442
38783 0.177998 0.083754 0.738248
36249 0.103759 0.836214 0.060027
38809 0.238049 0.627398 0.134553
38791 0.283328 0.486886 0.229786
36222 0.425502 0.462583 0.111914
38749 0.401873 0.336775 0.261352
38766 0.027751 0.934606 0.037644
43457 0.180007 0.488251 0.331742
43455 0.489090 0.205851 0.305060
43598 0.076668 0.752110 0.171222
43591 0.198874 0.522066 0.279060
43610 0.278710 0.667902 0.053388
43602 0.848981 0.107965 0.043054
43580 0.800808 0.154564 0.044629
46048 0.293369 0.241902 0.464728
48499 0.816206 0.126459 0.057335
44011 0.351715 0.583741 0.064544
48502 0.663273 0.238211 0.098516
48509 0.015382 0.209004 0.775614
48507 0.070966 0.283372 0.645662
43884 0.805447 0.021448 0.173105
46158 0.226624 0.422819 0.350557
43460 0.010038 0.166744 0.823217
46144 0.011739 0.537559 0.450702
41443 0.113634 0.831233 0.055134
41417 0.024254 0.751201 0.224545
41434 0.034350 0.170952 0.794698
41452 0.748328 0.056962 0.194710
41246 0.778723 0.115396 0.105882
41291 0.688342 0.081069 0.230589
41384 0.707459 0.203078 0.089463
41281 0.089848 0.422302 0.487850
41273 0.410772 0.229814 0.359414
41364 0.045984 0.817008 0.137008
38986 0.031516 0.077205 0.891279
41299 0.146468 0.560145 0.293387
38653 0.020417 0.504154 0.475429
41359 0.115339 0.389406 0.495255
38688 0.145898 0.361311 0.492792
41623 0.158813 0.240335 0.600852
38799 0.149281 0.392914 0.457805
38810 0.787195 0.141533 0.071273
38798 0.807617 0.033598 0.158785
38837 0.147483 0.168245 0.684271
38850 0.200492 0.454656 0.344852
38595 0.559314 0.160145 0.280541
38631 0.047227 0.320187 0.632586
38594 0.424483 0.026916 0.548601
38639 0.033678 0.650972 0.315350
41240 0.238636 0.218168 0.543196
41248 0.576468 0.357024 0.066508
31649 0.168925 0.532184 0.298891
31668 0.267109 0.314811 0.418080
31538 0.173163 0.110994 0.715844
31520 0.378058 0.103821 0.518121
31632 0.514248 0.429816 0.055935
31508 0.257552 0.176563 0.565885
39006 0.880461 0.003690 0.115849
38636 0.100909 0.382435 0.516656
31750 0.196320 0.156184 0.647497
31777 0.318149 0.167160 0.514692
31767 0.172776 0.503558 0.323665
31851 0.693717 0.168431 0.137852
31432 0.201464 0.198161 0.600374
31870 0.418237 0.473573 0.108190
31418 0.087930 0.534369 0.377701
31462 0.317023 0.644463 0.038514
31903 0.001441 0.080267 0.918292
29321 0.348141 0.482477 0.169382
31555 0.077265 0.867353 0.055382
31604 0.017249 0.400305 0.582446
43950 0.451207 0.498531 0.050263
41419 0.288626 0.152440 0.558933
41391 0.764200 0.112466 0.123335
41420 0.118679 0.692159 0.189162
31163 0.172221 0.641651 0.186128
31691 0.786396 0.008542 0.205062
31210 0.397123 0.488770 0.114106
31727 0.622265 0.001926 0.375809
31293 0.314731 0.499525 0.185744
31302 0.293221 0.431363 0.275416
31148 0.524406 0.435280 0.040313
31150 0.171458 0.009478 0.819064
31272 0.431183 0.188955 0.379862
31681 0.523003 0.295864 0.181134
46194 0.033504 0.744820 0.221676
45942 0.131817 0.635395 0.232788
48302 0.236935 0.142653 0.620412
43702 0.212062 0.689164 0.098774
43652 0.945695 0.022856 0.031449
43720 0.620471 0.222264 0.157265
43714 0.447690 0.248821 0.303489
43616 0.594904 0.012844 0.392252
43615 0.668869 0.098723 0.232408
43782 0.389497 0.422540 0.187963
43656 0.254797 0.549427 0.195777
43855 0.658560 0.032675 0.308765
43641 0.567490 0.159293 0.273217
43725 0.536730 0.097342 0.365928
43761 0.415826 0.327221 0.256952
41165 0.479702 0.007810 0.512488
43832 0.208948 0.423885 0.367167
43809 0.061681 0.665796 0.272523
43778 0.224268 0.100567 0.675165
43818 0.009670 0.684264 0.306066
43810 0.365064 0.041602 0.593334
43657 0.128168 0.186871 0.684961
43854 0.414726 0.267950 0.317323
43760 0.479264 0.310467 0.210268
43765 0.089561 0.606607 0.303832
41700 0.145625 0.708381 0.145994
43617 0.149635 0.061984 0.788381
43846 0.665179 0.072074 0.262747
32950 0.110908 0.778206 0.110886
32994 0.385174 0.201645 0.413182
32988 0.368112 0.244582 0.387306
33241 0.451084 0.053198 0.495718
32962 0.477877 0.418155 0.103968
33344 0.694693 0.066509 0.238798
33270 0.150181 0.639254 0.210565
32952 0.106325 0.650764 0.242911
32979 0.444368 0.525334 0.030298
33549 0.357622 0.543248 0.099130
33513 0.124217 0.550694 0.325089
33452 0.196960 0.428574 0.374466
33545 0.602950 0.044836 0.352214
33559 0.440310 0.419019 0.140670
33393 0.420204 0.560678 0.019117
169 0.247305 0.117850 0.634846
36064 0.631093 0.120368 0.248539
36023 0.842236 0.070141 0.087624
36047 0.416081 0.490935 0.092983
195 0.636280 0.288835 0.074885
36051 0.314058 0.266445 0.419497
37970 0.194756 0.334746 0.470498
37979 0.657584 0.265494 0.076922
37982 0.020440 0.178886 0.800674
37952 0.871800 0.004167 0.124033
39044 0.610313 0.349056 0.040631
37987 0.042525 0.893388 0.064087
38023 0.289824 0.455706 0.254470
38012 0.083580 0.044063 0.872356
37945 0.061439 0.406884 0.531678
38019 0.443868 0.189065 0.367068
38608 0.584038 0.148070 0.267892
38602 0.165262 0.542401 0.292337
39090 0.622404 0.088083 0.289513
40600 0.084214 0.551653 0.364133
41123 0.115953 0.055095 0.828953
41260 0.333157 0.078596 0.588246
41297 0.131346 0.463524 0.405130
41259 0.169522 0.282925 0.547553
41125 0.086758 0.023937 0.889305
40560 0.815778 0.019806 0.164416
41256 0.323486 0.583812 0.092702
41267 0.005199 0.406025 0.588776
41251 0.198345 0.032939 0.768716
41373 0.599331 0.348758 0.051911
40540 0.150064 0.055499 0.794438
43825 0.861722 0.004135 0.134142
41376 0.017740 0.880227 0.102033
43826 0.376081 0.564133 0.059787
41394 0.089825 0.298645 0.611529
43820 0.092521 0.078460 0.829019
43025 0.734287 0.157326 0.108387
43786 0.636605 0.249481 0.113914
43830 0.528376 0.043475 0.428149
43783 0.066586 0.220562 0.712852
43805 0.312157 0.130192 0.557650
43828 0.552636 0.150570 0.296794
43787 0.463553 0.257790 0.278657
43635 0.032511 0.053298 0.914190
43630 0.153103 0.692735 0.154162
43626 0.031048 0.793539 0.175413
43857 0.520230 0.383049 0.096721
43645 0.119449 0.389019 0.491532
46127 0.453591 0.500995 0.045414
46139 0.217134 0.161797 0.621069
46222 0.227275 0.086051 0.686673
46014 0.201082 0.111101 0.687817
43441 0.136648 0.759974 0.103377
46160 0.166592 0.676828 0.156580
46254 0.099565 0.608397 0.292038
46017 0.147262 0.639123 0.213615
45964 0.510338 0.099354 0.390308
46257 0.549723 0.228329 0.221948
45972 0.615196 0.001943 0.382861
45992 0.588287 0.119323 0.292389
46004 0.064905 0.796881 0.138214
46035 0.778639 0.106979 0.114381
46001 0.057299 0.404934 0.537767
46038 0.777263 0.068532 0.154205
45945 0.429926 0.550866 0.019208
46040 0.323554 0.468297 0.208149
45460 0.164999 0.568353 0.266648
46236 0.293369 0.176614 0.530018
46124 0.839873 0.075763 0.084363
46115 0.222388 0.159985 0.617627
46107 0.396712 0.387463 0.215826
46093 0.154341 0.669601 0.176057
32773 0.494983 0.277263 0.227754
32769 0.215656 0.614827 0.169517
32848 0.099602 0.760326 0.140072
32760 0.319990 0.318711 0.361299
32755 0.584439 0.211926 0.203635
32907 0.315715 0.148713 0.535572
32723 0.116648 0.024406 0.858946
32716 0.187114 0.394074 0.418812
32706 0.369627 0.234333 0.396040
32890 0.202170 0.098644 0.699187
33186 0.546373 0.055834 0.397793
32901 0.176156 0.265985 0.557859
33181 0.058553 0.284841 0.656606
32934 0.356053 0.604614 0.039333
32919 0.020153 0.363914 0.615932
32949 0.137156 0.758481 0.104362
33259 0.085584 0.381140 0.533276
33226 0.784545 0.154167 0.061288
33206 0.344885 0.533570 0.121545
33203 0.010903 0.094291 0.894806
33144 0.377913 0.264684 0.357402
33152 0.282676 0.486928 0.230396
31737 0.549200 0.222764 0.228036
33156 0.125240 0.345128 0.529632
31645 0.290206 0.352673 0.357121
33358 0.469484 0.113530 0.416985
31663 0.388747 0.374752 0.236501
31620 0.776065 0.143075 0.080860
31747 0.195531 0.745068 0.059401
31564 0.264698 0.216801 0.518502
31740 0.791825 0.118414 0.089762
31575 0.351248 0.172096 0.476656
31182 0.225398 0.735464 0.039138
31598 0.135689 0.720458 0.143853
29309 0.449015 0.366748 0.184237
31592 0.609224 0.080813 0.309963
29407 0.837038 0.107849 0.055113
31887 0.078659 0.490692 0.430649
29404 0.360331 0.312689 0.326980
32093 0.579407 0.248148 0.172445
29893 0.392338 0.108942 0.498720
29878 0.623071 0.037507 0.339422
35844 0.450526 0.080084 0.469390
35587 0.558991 0.080165 0.360844
35601 0.343169 0.188700 0.468130
35575 0.568760 0.368260 0.062980
35579 0.072411 0.430232 0.497357
35582 0.620992 0.266093 0.112915
32145 0.120282 0.807473 0.072245
29973 0.222864 0.188993 0.588143
30380 0.658019 0.118595 0.223386
31932 0.055002 0.455550 0.489448
29938 0.240553 0.709564 0.049883
29936 0.303346 0.129287 0.567367
44254 0.668110 0.138481 0.193409
44622 0.027348 0.858540 0.114112
45045 0.006814 0.852772 0.140413
39252 0.303758 0.376206 0.320036
40455 0.697833 0.102379 0.199788
40454 0.211481 0.758102 0.030417
40383 0.149895 0.734426 0.115679
40464 0.772438 0.003118 0.224445
40322 0.004490 0.090612 0.904898
39315 0.241333 0.579400 0.179266
42077 0.052859 0.558994 0.388148
30718 0.552556 0.105983 0.341461
30730 0.251041 0.130495 0.618465
29583 0.013660 0.924894 0.061446
30726 0.196238 0.114240 0.689522
30731 0.026039 0.016956 0.957005
28496 0.192810 0.129999 0.677191
30573 0.247416 0.712650 0.039935
30568 0.151383 0.108807 0.739810
28742 0.194682 0.405952 0.399366
30498 0.194588 0.603692 0.201721
30521 0.049065 0.264483 0.686451
28552 0.402130 0.312704 0.285166
44826 0.552566 0.221076 0.226357
44822 0.287555 0.483270 0.229175
44843 0.286559 0.135339 0.578102
44872 0.264620 0.443060 0.292320
44833 0.634873 0.263373 0.101754
44861 0.464157 0.154947 0.380896
46088 0.802582 0.022242 0.175176
45017 0.330493 0.483953 0.185555
45050 0.574061 0.398792 0.027147
36487 0.639212 0.056475 0.304313
37455 0.216199 0.181426 0.602375
37748 0.050026 0.794115 0.155859
36476 0.734971 0.149283 0.115746
37431 0.254216 0.464963 0.280821
37422 0.687902 0.156877 0.155221
35398 0.305842 0.269118 0.425041
35849 0.456520 0.307188 0.236292
44840 0.604810 0.075286 0.319904
43989 0.031449 0.768451 0.200100
44809 0.272437 0.517371 0.210192
44846 0.391554 0.108277 0.500169
45315 0.529584 0.208586 0.261830
44198 0.027568 0.402705 0.569727
43997 0.335385 0.485638 0.178977
46103 0.263732 0.682755 0.053513
46339 0.568533 0.219609 0.211858
46344 0.307828 0.091678 0.600494
44850 0.132478 0.167213 0.700309
44852 0.573271 0.090937 0.335792
44949 0.205046 0.276801 0.518153
45277 0.202741 0.750796 0.046463
39650 0.798479 0.128948 0.072573
40432 0.432648 0.233845 0.333506
42331 0.078807 0.402605 0.518588
42597 0.262292 0.415193 0.322516
40290 0.235727 0.110008 0.654266
40306 0.291117 0.045620 0.663262
40302 0.106583 0.856832 0.036585
40393 0.189751 0.618464 0.191785
40397 0.222498 0.213395 0.564106
40400 0.026165 0.513748 0.460087
37613 0.168322 0.649591 0.182087
37614 0.045509 0.273154 0.681337
39361 0.180533 0.051126 0.768341
40329 0.301668 0.460438 0.237894
40360 0.076093 0.047307 0.876599
39366 0.780890 0.180913 0.038196
37382 0.598215 0.035034 0.366752
37394 0.693148 0.001937 0.304915
37468 0.020043 0.906064 0.073893
