40 0.690983 0.233245 0.075772
43 0.169658 0.068245 0.762097
43 0.269066 0.265906 0.465028
93 0.451136 0.082781 0.466083
43 0.588116 0.311289 0.100594
93 0.082447 0.256591 0.660962
38 0.469716 0.470561 0.059723
37 0.078820 0.861601 0.059579
27 0.787561 0.113500 0.098939
38 0.489549 0.158413 0.352038
38 0.136419 0.616594 0.246987
99 0.226756 0.147256 0.625988
39 0.357451 0.465065 0.177484
38 0.170893 0.308039 0.521068
99 0.188338 0.423017 0.388645
76 0.136459 0.149078 0.714463
63 0.742262 0.074359 0.183380
36 0.135557 0.721597 0.142846
63 0.455302 0.163704 0.380994
62 0.727855 0.066320 0.205825
36 0.265580 0.548041 0.186379
62 0.399515 0.148767 0.451718
62 0.448193 0.379255 0.172552
36 0.688129 0.103698 0.208173
74 0.288384 0.606352 0.105264
77 0.086237 0.737335 0.176428
60 0.974834 0.000000 0.025166
63 0.199568 0.080726 0.719706
63 0.063219 0.565187 0.371594
63 0.294248 0.584936 0.120816
59 0.063303 0.571773 0.364925
32 0.627891 0.356465 0.015644
71 0.006717 0.986577 0.006706
58 0.122389 0.260085 0.617527
32 0.573610 0.075587 0.350803
70 0.025635 0.372955 0.601409
40 0.032267 0.935707 0.032026
43 0.268122 0.656896 0.074982
42 0.154501 0.217572 0.627927
42 0.492777 0.197710 0.309514
42 0.243725 0.442033 0.314242
6387 0.401994 0.003587 0.594419
6400 0.249310 0.013237 0.737453
6386 0.459996 0.360384 0.179620
6389 0.620976 0.299237 0.079787
39 0.216471 0.068714 0.714815
39 0.528488 0.112557 0.358956
39 0.831217 0.143874 0.024909
37 0.358679 0.427743 0.213579
36 0.237240 0.199116 0.563644
26 0.535328 0.399990 0.064682
133 0.176018 0.633355 0.190628
132 0.515257 0.010596 0.474147
132 0.692912 0.282073 0.025015
132 0.133804 0.106701 0.759495
132 0.315319 0.365738 0.318943
6307 0.260973 0.484335 0.254693
125 0.307619 0.081420 0.610961
132 0.109600 0.721809 0.168591
6306 0.342220 0.192696 0.465085
130 0.091079 0.221385 0.687536
130 0.225644 0.559876 0.214480
123 0.242137 0.135129 0.622734
123 0.796279 0.019231 0.184490
123 0.115183 0.359769 0.525048
123 0.664885 0.258620 0.076495
115 0.191019 0.546472 0.262509
115 0.321948 0.162252 0.515800
5 0.159697 0.503279 0.337023
114 0.026445 0.881989 0.091567
4 0.118491 0.404102 0.477407
122 0.087244 0.275786 0.636970
106 0.810662 0.147172 0.042166
125 0.115389 0.881019 0.003592
125 0.253532 0.301780 0.444687
125 0.890656 0.100241 0.009103
6306 0.170013 0.584225 0.245762
125 0.221224 0.500976 0.277800
124 0.660531 0.199420 0.140049
6226 0.038011 0.960292 0.001698
6307 0.813733 0.056751 0.129516
6382 0.278715 0.443807 0.277478
6373 0.119768 0.242687 0.637545
6375 0.056528 0.116531 0.826941
6373 0.411699 0.440240 0.148061
6375 0.338919 0.365050 0.296031
6374 0.300742 0.325109 0.374149
6372 0.256048 0.456340 0.287611
6232 0.815592 0.164632 0.019776
6309 0.055664 0.703866 0.240470
172 0.200758 0.150430 0.648812
104 0.190252 0.241975 0.567773
172 0.108600 0.470389 0.421011
104 0.466934 0.097019 0.436047
172 0.011195 0.807843 0.180962
6458 0.349295 0.254998 0.395707
6458 0.221108 0.734017 0.044876
6297 0.147334 0.723089 0.129577
6458 0.120689 0.232072 0.647239
6458 0.009679 0.680293 0.310028
6296 0.068114 0.233315 0.698571
6413 0.182715 0.415890 0.401395
6416 0.032608 0.202257 0.765136
6417 0.395157 0.444066 0.160777
6415 0.009733 0.412891 0.577377
6415 0.021029 0.005059 0.973912
6419 0.058980 0.502627 0.438394
99 0.135620 0.722820 0.141560
39 0.171051 0.771940 0.057009
39 0.034016 0.401593 0.564391
173 0.819841 0.017871 0.162289
12 0.232010 0.172426 0.595564
174 0.375957 0.592565 0.031479
8300 0.609271 0.186882 0.203846
3 0.168205 0.466584 0.365212
8296 0.582345 0.394652 0.023003
29 0.440731 0.115956 0.443314
29 0.310252 0.369766 0.319983
29 0.121269 0.628857 0.249874
177 0.119312 0.106017 0.774671
177 0.769106 0.077637 0.153257
337 0.353066 0.074380 0.572554
177 0.151978 0.376158 0.471864
176 0.669002 0.116144 0.214854
337 0.353831 0.318379 0.327790
173 0.147665 0.732432 0.119902
6308 0.125084 0.128885 0.746031
6459 0.054539 0.339373 0.606088
6459 0.429090 0.031208 0.539702
6415 0.082380 0.624582 0.293039
6415 0.568974 0.340567 0.090459
122 0.313537 0.164947 0.521516
122 0.525601 0.047419 0.426980
5 0.395777 0.543901 0.060322
42 0.100927 0.873953 0.025120
200 0.323555 0.642658 0.033788
40 0.500092 0.047079 0.452829
200 0.256867 0.711876 0.031258
40 0.463823 0.236457 0.299720
200 0.158269 0.804964 0.036767
40 0.372574 0.430258 0.197168
120 0.258917 0.527511 0.213573
121 0.159027 0.616035 0.224938
120 0.520235 0.288354 0.191411
105 0.714380 0.258446 0.027174
114 0.095273 0.009459 0.895268
6385 0.548670 0.349746 0.101585
6396 0.619324 0.292784 0.087892
6397 0.143661 0.782972 0.073367
6383 0.303353 0.222458 0.474189
6377 0.204941 0.234406 0.560653
6376 0.364684 0.195830 0.439485
6410 0.004621 0.616328 0.379051
6398 0.796784 0.016529 0.186686
6384 0.163023 0.708916 0.128061
6225 0.269990 0.182469 0.547541
133 0.828338 0.089300 0.082362
133 0.140051 0.411889 0.448060
130 0.435283 0.313995 0.250722
131 0.287513 0.711491 0.000996
133 0.476607 0.245629 0.277764
121 0.194665 0.161350 0.643986
121 0.742666 0.045060 0.212274
121 0.190658 0.375988 0.433354
120 0.744963 0.036271 0.218766
6244 0.075955 0.461403 0.462642
37 0.159247 0.081185 0.759567
75 0.011611 0.596249 0.392140
75 0.272371 0.612201 0.115428
74 0.351937 0.157787 0.490276
72 0.200631 0.787208 0.012161
74 0.142631 0.140568 0.716801
74 0.067912 0.476290 0.455799
31 0.034287 0.898826 0.066887
61 0.264798 0.267043 0.468160
61 0.558057 0.413974 0.027970
6250 0.688870 0.144896 0.166235
6251 0.395318 0.102235 0.502446
6301 0.636679 0.193418 0.169902
6301 0.183368 0.619794 0.196838
6301 0.043422 0.320228 0.636350
6418 0.116947 0.503682 0.379371
6418 0.588145 0.060852 0.351002
6412 0.166326 0.221541 0.612133
32 0.167335 0.099267 0.733398
59 0.687700 0.016928 0.295372
1 0.585113 0.373829 0.041058
96 0.319554 0.677605 0.002841
68 0.607832 0.057173 0.334996
68 0.588826 0.411174 0.000000
71 0.308817 0.372171 0.319012
68 0.429304 0.192875 0.377820
68 0.360369 0.639631 0.000000
70 0.256600 0.114329 0.629072
179 0.681980 0.254248 0.063772
117 0.407699 0.204380 0.387921
116 0.355470 0.152520 0.492011
178 0.770944 0.107114 0.121942
117 0.213791 0.255293 0.530917
116 0.260899 0.051589 0.687512
176 0.097517 0.122302 0.780181
110 0.684087 0.307974 0.007939
117 0.075104 0.812096 0.112801
339 0.220936 0.701967 0.077097
178 0.198312 0.570774 0.230913
339 0.023971 0.666931 0.309098
178 0.206334 0.760600 0.033066
336 0.205789 0.142112 0.652099
176 0.189766 0.599570 0.210664
6 0.010124 0.141903 0.847974
6 0.132288 0.641874 0.225839
179 0.493700 0.297175 0.209126
117 0.587448 0.151351 0.261201
116 0.426931 0.255692 0.317377
338 0.284898 0.133491 0.581610
178 0.190455 0.383206 0.426339
6296 0.559779 0.331149 0.109072
111 0.363595 0.556990 0.079414
111 0.076459 0.575794 0.347747
41 0.844372 0.043723 0.111905
40 0.841562 0.015229 0.143210
40 0.688656 0.041926 0.269418
41 0.631226 0.126772 0.242002
41 0.651240 0.211540 0.137220
41 0.549890 0.328082 0.122028
200 0.795959 0.147389 0.056653
41 0.050488 0.216480 0.733032
41 0.172197 0.204217 0.623585
200 0.737168 0.216692 0.046140
41 0.062837 0.273679 0.663484
200 0.648786 0.314139 0.037075
200 0.917244 0.042355 0.040400
41 0.221611 0.039387 0.739002
91 0.491012 0.015694 0.493294
200 0.871674 0.073743 0.054583
41 0.157227 0.107914 0.734859
41 0.381663 0.080969 0.537368
91 0.283180 0.018638 0.698182
41 0.539840 0.084924 0.375236
200 0.449557 0.484351 0.066092
41 0.291072 0.459091 0.249836
200 0.390407 0.559449 0.050144
41 0.406038 0.476720 0.117242
41 0.218037 0.223008 0.558955
41 0.251914 0.261944 0.486142
41 0.112831 0.313422 0.573746
41 0.233363 0.336029 0.430608
41 0.205411 0.386289 0.408300
41 0.070866 0.393135 0.535998
200 0.563871 0.390223 0.045906
41 0.084718 0.450794 0.464487
200 0.520621 0.422424 0.056955
200 0.835761 0.103710 0.060529
41 0.103930 0.160149 0.735920
41 0.273384 0.144890 0.581726
41 0.432356 0.195776 0.371868
41 0.378226 0.156492 0.465282
41 0.367466 0.358763 0.273771
41 0.436006 0.271781 0.292213
200 0.489015 0.443942 0.067043
41 0.183523 0.455070 0.361407
6459 0.294713 0.493722 0.211566
6459 0.631682 0.204364 0.163955
6458 0.613796 0.303913 0.082291
113 0.004194 0.806413 0.189393
8300 0.000000 0.972293 0.027707
174 0.411271 0.297630 0.291099
110 0.039077 0.655128 0.305796
110 0.557122 0.123992 0.318886
177 0.192941 0.646657 0.160402
337 0.354507 0.556412 0.089080
176 0.425732 0.360051 0.214217
175 0.060811 0.526570 0.412619
113 0.050615 0.231815 0.717570
175 0.405295 0.557084 0.037621
113 0.002202 0.538536 0.459262
121 0.072396 0.924996 0.002608
118 0.222985 0.209289 0.567726
113 0.547143 0.339536 0.113321
113 0.627753 0.022863 0.349384
112 0.026671 0.453523 0.519806
112 0.331016 0.167687 0.501298
173 0.610685 0.372985 0.016330
172 0.582538 0.235629 0.181833
173 0.391708 0.348491 0.259801
173 0.172196 0.316521 0.511283
6459 0.040933 0.737172 0.221894
6297 0.412014 0.463737 0.124249
6296 0.295678 0.271016 0.433306
6297 0.119605 0.490062 0.390333
6265 0.278536 0.699946 0.021518
72 0.450148 0.159677 0.390175
72 0.426926 0.385719 0.187355
72 0.296161 0.280259 0.423580
72 0.250966 0.535907 0.213127
72 0.102590 0.437644 0.459766
72 0.029203 0.723706 0.247091
70 0.460248 0.306516 0.233235
73 0.096394 0.509257 0.394348
70 0.339223 0.395222 0.265555
73 0.074807 0.624236 0.300957
70 0.203518 0.549027 0.247455
73 0.066467 0.743168 0.190365
73 0.375474 0.519261 0.105265
73 0.347178 0.645420 0.007402
72 0.192585 0.124493 0.682922
74 0.317247 0.392467 0.290285
74 0.023332 0.743557 0.233112
60 0.473223 0.349539 0.177238
98 0.217832 0.656723 0.125445
200 0.000000 0.958394 0.041606
98 0.083590 0.355732 0.560677
40 0.159852 0.514901 0.325247
98 0.492756 0.352195 0.155050
98 0.376221 0.099574 0.524205
98 0.760592 0.093043 0.146366
99 0.568446 0.335483 0.096071
99 0.594507 0.071242 0.334252
27 0.456477 0.149504 0.394019
27 0.059524 0.000000 0.940476
27 0.147944 0.191774 0.660282
236 0.941779 0.000000 0.058221
77 0.091567 0.366095 0.542338
75 0.968138 0.000000 0.031862
74 0.620150 0.376514 0.003337
75 0.800153 0.000000 0.199847
74 0.640968 0.184032 0.175000
75 0.633792 0.002392 0.363817
75 0.655194 0.337637 0.007169
75 0.456858 0.005773 0.537370
75 0.470906 0.332861 0.196233
75 0.027494 0.016528 0.955978
75 0.252716 0.010383 0.736901
75 0.019047 0.327640 0.653314
75 0.255806 0.327672 0.416522
73 0.855334 0.013502 0.131165
72 0.685153 0.158781 0.156067
73 0.657809 0.015523 0.326669
73 0.646925 0.297744 0.055330
73 0.129958 0.017185 0.852857
73 0.419962 0.017966 0.562072
73 0.122125 0.289281 0.588594
73 0.408283 0.294394 0.297323
71 0.271681 0.000000 0.728319
71 0.720969 0.000000 0.279031
71 0.279323 0.042443 0.678235
71 0.720199 0.095176 0.184625
69 0.613372 0.000000 0.386628
69 0.977139 0.000000 0.022861
69 0.604400 0.000000 0.395600
68 0.920621 0.079379 0.000000
30 0.500739 0.004897 0.494363
31 0.293455 0.344427 0.362118
6298 0.839766 0.046616 0.113618
6247 0.266895 0.453059 0.280046
6247 0.212585 0.787415 0.000000
6248 0.071430 0.078308 0.850262
6247 0.240828 0.141429 0.617743
6249 0.017465 0.438228 0.544307
6249 0.054662 0.686583 0.258754
62 0.066096 0.747721 0.186183
6244 0.026007 0.913467 0.060526
77 0.024046 0.577780 0.398174
63 0.124848 0.000000 0.875152
63 0.332983 0.251137 0.415881
77 0.098762 0.638018 0.263219
63 0.326593 0.000000 0.673407
62 0.117720 0.613531 0.268750
6244 0.064502 0.935498 0.000000
62 0.512497 0.227859 0.259644
62 0.565073 0.434927 0.000000
36 0.363468 0.636532 0.000000
26 0.000000 0.876546 0.123454
26 0.234878 0.486089 0.279033
62 0.303559 0.696441 0.000000
36 0.296047 0.663498 0.040455
26 0.253902 0.677415 0.068683
6243 0.131106 0.346261 0.522634
6243 0.310132 0.382753 0.307115
6249 0.262417 0.182577 0.555006
6243 0.187439 0.268259 0.544303
6243 0.360871 0.302317 0.336811
6249 0.365208 0.206032 0.428760
6243 0.266259 0.115636 0.618105
6248 0.435464 0.386089 0.178447
6249 0.360286 0.222950 0.416764
26 0.547450 0.146325 0.306225
77 0.021051 0.663347 0.315601
6248 0.116915 0.648906 0.234179
6248 0.244703 0.345412 0.409885
6249 0.234190 0.371484 0.394325
6249 0.237573 0.083308 0.679120
6244 0.140946 0.859054 0.000000
6244 0.231025 0.768975 0.000000
26 0.216313 0.249599 0.534088
26 0.000000 0.587975 0.412025
26 0.000000 0.805462 0.194538
26 0.189696 0.001947 0.808357
26 0.000000 0.282192 0.717808
26 0.000000 0.415935 0.584065
36 0.161418 0.838582 0.000000
63 0.819653 0.000000 0.180347
237 0.159617 0.458023 0.382360
237 0.322144 0.494379 0.183478
63 0.546249 0.000000 0.453751
77 0.170307 0.343232 0.486462
236 0.553485 0.000000 0.446515
236 0.752091 0.000000 0.247909
77 0.061348 0.283445 0.655207
77 0.048318 0.250509 0.701173
236 0.861111 0.000000 0.138889
236 0.898886 0.000000 0.101114
27 0.492062 0.452417 0.055522
27 0.220325 0.493561 0.286114
77 0.077301 0.294734 0.627965
236 0.909927 0.000000 0.090073
124 0.176044 0.602288 0.221668
108 0.314418 0.415068 0.270515
125 0.158142 0.725988 0.115870
124 0.421561 0.401716 0.176723
6349 0.193995 0.245385 0.560620
6367 0.163245 0.761868 0.074887
69 0.396856 0.000000 0.603144
69 0.359795 0.000000 0.640205
69 0.255673 0.000000 0.744327
69 0.185415 0.000000 0.814585
69 0.307894 0.174416 0.517690
73 0.039043 0.942830 0.018127
30 0.252241 0.470960 0.276799
6250 0.002294 0.313850 0.683856
6421 0.809320 0.143101 0.047578
6421 0.309061 0.211143 0.479796
6420 0.482537 0.263835 0.253627
6421 0.244729 0.583186 0.172085
88 0.099442 0.745707 0.154851
88 0.567673 0.345836 0.086491
6251 0.322381 0.653857 0.023762
6460 0.108134 0.532398 0.359468
6460 0.520012 0.261527 0.218462
6419 0.150336 0.027720 0.821944
6250 0.253290 0.587220 0.159490
6420 0.118046 0.579213 0.302741
88 0.000000 0.805715 0.194285
119 0.685801 0.073587 0.240612
119 0.733158 0.247479 0.019364
119 0.297079 0.141420 0.561502
119 0.433163 0.296720 0.270117
116 0.083308 0.698846 0.217845
119 0.031270 0.379823 0.588907
118 0.531151 0.209637 0.259212
119 0.227342 0.575806 0.196852
202 0.593009 0.351282 0.055709
202 0.565498 0.133147 0.301355
203 0.435722 0.533388 0.030890
203 0.738752 0.219001 0.042247
203 0.367058 0.092349 0.540593
254 0.078473 0.780587 0.140940
196 0.442956 0.490316 0.066728
199 0.244125 0.503374 0.252501
199 0.530586 0.447333 0.022081
196 0.092257 0.754344 0.153398
198 0.110516 0.027299 0.862185
198 0.160988 0.252149 0.586863
187 0.259824 0.190417 0.549759
259 0.717925 0.052022 0.230053
258 0.669059 0.169992 0.160949
236 0.185002 0.542706 0.272292
223 0.576559 0.086837 0.336604
223 0.496469 0.415167 0.088364
223 0.288635 0.090001 0.621365
223 0.239962 0.176456 0.583582
223 0.208118 0.469953 0.321929
196 0.056958 0.054683 0.888359
196 0.167108 0.012784 0.820108
197 0.202331 0.424069 0.373600
235 0.125938 0.716521 0.157541
221 0.049498 0.007582 0.942920
222 0.453423 0.516832 0.029745
236 0.254115 0.674110 0.071775
223 0.828159 0.006805 0.165036
222 0.522451 0.225593 0.251956
218 0.592869 0.290532 0.116598
218 0.258892 0.327628 0.413480
193 0.053572 0.457888 0.488540
193 0.377566 0.290886 0.331548
230 0.121940 0.870147 0.007914
230 0.129803 0.472211 0.397986
258 0.068727 0.897753 0.033520
202 0.045115 0.578561 0.376324
202 0.105118 0.208106 0.686776
202 0.202083 0.534095 0.263823
202 0.292580 0.043153 0.664267
7425 0.157540 0.071630 0.770830
7415 0.580419 0.286274 0.133307
7427 0.345324 0.129716 0.524959
7416 0.133203 0.196652 0.670145
199 0.653071 0.047317 0.299612
199 0.349765 0.093393 0.556842
199 0.056186 0.126885 0.816929
196 0.459015 0.162083 0.378903
196 0.140934 0.388503 0.470563
187 0.086976 0.530779 0.382246
293 0.471355 0.527043 0.001602
292 0.231213 0.214348 0.554439
285 0.440277 0.028209 0.531514
293 0.182803 0.398837 0.418360
293 0.080304 0.615807 0.303888
7333 0.170555 0.786650 0.042795
7334 0.713415 0.227091 0.059494
7334 0.448767 0.401154 0.150079
7334 0.194617 0.575823 0.229560
290 0.084429 0.290926 0.624646
283 0.428330 0.122169 0.449501
283 0.489292 0.326553 0.184155
292 0.235809 0.715840 0.048351
285 0.952517 0.007663 0.039820
283 0.019824 0.232382 0.747795
274 0.295558 0.226236 0.478206
267 0.784210 0.117749 0.098041
275 0.329737 0.262784 0.407480
17 0.215316 0.325938 0.458746
269 0.180202 0.220522 0.599276
282 0.160017 0.750936 0.089047
282 0.136955 0.104355 0.758690
284 0.122990 0.515182 0.361828
285 0.491597 0.283405 0.224997
284 0.487632 0.044431 0.467937
7253 0.007382 0.234715 0.757903
7253 0.269330 0.165227 0.565443
7399 0.237927 0.716267 0.045807
7259 0.724083 0.022924 0.252993
7409 0.026645 0.819888 0.153467
7400 0.543207 0.252414 0.204379
7400 0.258637 0.512447 0.228917
7411 0.409544 0.536808 0.053647
7402 0.663200 0.046500 0.290300
7402 0.391937 0.388856 0.219207
7402 0.125726 0.731016 0.143257
7401 0.227571 0.760763 0.011666
7394 0.759543 0.183713 0.056745
7335 0.481456 0.281696 0.236848
264 0.007658 0.322539 0.669802
265 0.207320 0.733700 0.058980
264 0.232189 0.684477 0.083334
264 0.451157 0.384623 0.164220
264 0.680896 0.065205 0.253899
7486 0.220014 0.484960 0.295026
7485 0.282164 0.169199 0.548636
7291 0.289169 0.638253 0.072578
7485 0.142787 0.021868 0.835345
7323 0.350000 0.532970 0.117030
7323 0.130995 0.681744 0.187261
7440 0.633354 0.350608 0.016038
7441 0.657572 0.201145 0.141283
7443 0.125513 0.442787 0.431700
7445 0.095936 0.759703 0.144361
7444 0.391879 0.332313 0.275808
7445 0.583011 0.251275 0.165714
258 0.370489 0.527348 0.102163
198 0.238402 0.484394 0.277204
198 0.616236 0.228162 0.155603
333 0.256327 0.357994 0.385679
8351 0.026607 0.839515 0.133877
334 0.187817 0.118634 0.693550
333 0.479571 0.312857 0.207572
8351 0.278209 0.686704 0.035087
8351 0.093507 0.080716 0.825776
189 0.333171 0.293692 0.373137
188 0.452703 0.237409 0.309888
188 0.224257 0.635311 0.140432
270 0.501264 0.420672 0.078064
271 0.616542 0.365008 0.018450
336 0.908557 0.020058 0.071385
336 0.650029 0.270731 0.079240
332 0.004309 0.957499 0.038192
7486 0.766278 0.155856 0.077866
7335 0.313315 0.255301 0.431384
7335 0.153235 0.252260 0.594504
7441 0.434582 0.354402 0.211015
7442 0.311603 0.327812 0.360585
283 0.126535 0.635697 0.237767
283 0.062939 0.432604 0.504457
282 0.431945 0.196681 0.371374
199 0.984662 0.004649 0.010689
200 0.428953 0.077474 0.493574
201 0.314167 0.611639 0.074195
201 0.199663 0.704643 0.095693
18 0.524593 0.229595 0.245812
18 0.200594 0.284053 0.515352
280 0.383223 0.020064 0.596713
265 0.034234 0.407704 0.558063
265 0.611132 0.036518 0.352350
7426 0.746911 0.230177 0.022912
7412 0.143381 0.199830 0.656789
7423 0.540597 0.037673 0.421730
7410 0.314129 0.086515 0.599356
7404 0.469945 0.171436 0.358619
7404 0.148985 0.617146 0.233869
7437 0.073898 0.081738 0.844364
7428 0.891979 0.102555 0.005466
7413 0.299187 0.498146 0.202667
7252 0.162055 0.369167 0.468778
7333 0.943156 0.036774 0.020070
293 0.557364 0.341322 0.101313
292 0.436727 0.535610 0.027662
290 0.265709 0.085321 0.648970
293 0.282794 0.196892 0.520314
281 0.342335 0.172200 0.485465
281 0.358892 0.381747 0.259361
283 0.864230 0.043919 0.091851
282 0.754304 0.209234 0.036462
7271 0.189275 0.185528 0.625197
197 0.747074 0.033770 0.219156
234 0.437889 0.552589 0.009522
233 0.014748 0.766763 0.218489
190 0.036822 0.924297 0.038881
234 0.391494 0.346584 0.261922
234 0.154120 0.573673 0.272207
221 0.742647 0.250349 0.007004
234 0.342044 0.164979 0.492978
234 0.078135 0.394282 0.527583
221 0.453043 0.433938 0.113020
7278 0.076311 0.181460 0.742229
7328 0.323949 0.191278 0.484772
14 0.705212 0.113298 0.181489
7328 0.049917 0.534809 0.415274
7327 0.384751 0.373647 0.241602
7445 0.210026 0.061145 0.728829
7446 0.234701 0.293423 0.471876
7439 0.245447 0.186090 0.568463
192 0.100790 0.641652 0.257559
193 0.709512 0.085320 0.205168
14 0.119092 0.495509 0.385400
7327 0.071019 0.533837 0.395145
69 0.631183 0.000000 0.368817
229 0.389942 0.249090 0.360968
230 0.920365 0.060802 0.018833
229 0.008628 0.402262 0.589110
230 0.698951 0.000000 0.301049
230 0.600938 0.065756 0.333306
277 0.654436 0.275930 0.069634
276 0.682603 0.174665 0.142732
271 0.084465 0.344780 0.570755
276 0.287340 0.290429 0.422231
276 0.242995 0.537941 0.219063
271 0.013205 0.807010 0.179785
278 0.506383 0.345408 0.148209
278 0.308302 0.451676 0.240022
278 0.066013 0.616970 0.317017
339 0.270580 0.177125 0.552295
339 0.074160 0.136063 0.789777
336 0.149981 0.740136 0.109883
281 0.377371 0.002936 0.619694
290 0.123951 0.712427 0.163622
277 0.467054 0.239472 0.293474
276 0.333690 0.055396 0.610914
278 0.682460 0.238273 0.079266
339 0.464583 0.218128 0.317289
7324 0.163762 0.312028 0.524211
16 0.339408 0.631431 0.029161
16 0.016424 0.767788 0.215789
202 0.863048 0.071435 0.065517
201 0.255812 0.202224 0.541964
201 0.051393 0.269461 0.679147
201 0.283916 0.293485 0.422598
201 0.251304 0.405245 0.343451
201 0.438246 0.397473 0.164281
200 0.795856 0.044500 0.159644
200 0.734189 0.111627 0.154184
201 0.710037 0.206592 0.083371
201 0.576101 0.044089 0.379810
201 0.671175 0.104949 0.223876
201 0.293801 0.044578 0.661621
201 0.455009 0.113879 0.431112
201 0.104599 0.077039 0.818362
201 0.315126 0.143859 0.541015
200 0.513472 0.156343 0.330185
200 0.474059 0.129888 0.396053
201 0.679074 0.233323 0.087603
200 0.685521 0.128625 0.185854
201 0.669810 0.279148 0.051042
200 0.644843 0.072715 0.282442
200 0.612315 0.234593 0.153092
200 0.599299 0.137862 0.262838
200 0.553727 0.275692 0.170581
201 0.747420 0.150352 0.102228
201 0.586968 0.162271 0.250761
201 0.471868 0.240871 0.287262
201 0.499126 0.191332 0.309542
200 0.602270 0.006262 0.391467
201 0.509898 0.320282 0.169820
200 0.535234 0.211496 0.253270
7486 0.489626 0.323495 0.186879
7486 0.239584 0.014929 0.745487
7291 0.763174 0.214622 0.022204
272 0.116055 0.496407 0.387538
335 0.238568 0.142814 0.618619
333 0.101501 0.354676 0.543823
334 0.261435 0.391865 0.346700
270 0.141384 0.176313 0.682303
271 0.345918 0.356450 0.297632
336 0.396197 0.511066 0.092737
335 0.912664 0.057305 0.030031
335 0.558936 0.131148 0.309916
273 0.540694 0.280327 0.178979
272 0.392047 0.203400 0.404553
279 0.059476 0.791244 0.149280
280 0.069455 0.444344 0.486201
273 0.076237 0.422438 0.501325
274 0.938977 0.049135 0.011887
333 0.035982 0.831747 0.132271
273 0.129020 0.771968 0.099012
332 0.257829 0.215301 0.526870
332 0.198134 0.054551 0.747315
332 0.334034 0.364918 0.301048
332 0.417370 0.506977 0.075653
7485 0.441490 0.331632 0.226878
7324 0.500249 0.375875 0.123876
7323 0.358866 0.010920 0.630213
7323 0.593433 0.320553 0.086013
7291 0.356211 0.354123 0.289666
233 0.409239 0.491242 0.099520
232 0.357082 0.081948 0.560971
232 0.173135 0.291419 0.535446
233 0.197423 0.526514 0.276063
233 0.224608 0.704013 0.071379
232 0.081372 0.169386 0.749243
231 0.292680 0.318829 0.388491
231 0.297779 0.456874 0.245348
231 0.254516 0.616224 0.129261
232 0.641197 0.266659 0.092144
232 0.516339 0.411016 0.072645
232 0.386860 0.546900 0.066240
232 0.570273 0.072381 0.357347
232 0.436893 0.231064 0.332043
232 0.280589 0.408920 0.310491
234 0.304854 0.006513 0.688633
234 0.031230 0.223302 0.745468
221 0.202371 0.523672 0.273957
258 0.133494 0.458193 0.408314
200 0.105528 0.222228 0.672244
258 0.442329 0.107981 0.449690
259 0.374959 0.243484 0.381557
259 0.341377 0.007963 0.650660
187 0.612717 0.202762 0.184521
236 0.622865 0.275969 0.101166
235 0.013857 0.380435 0.605709
235 0.186501 0.367776 0.445723
235 0.357194 0.353412 0.289394
235 0.540733 0.338758 0.120509
234 0.709993 0.272144 0.017864
234 0.682564 0.070279 0.247157
233 0.164598 0.265584 0.569818
233 0.367036 0.238062 0.394903
232 0.879063 0.007053 0.113883
233 0.605458 0.197507 0.197034
231 0.723658 0.062559 0.213783
231 0.286413 0.069432 0.644155
69 0.616490 0.000000 0.383510
69 0.986785 0.000000 0.013215
190 0.324943 0.173658 0.501399
190 0.552852 0.153195 0.293953
190 0.766509 0.153804 0.079688
7273 0.507318 0.154152 0.338530
7273 0.181906 0.560884 0.257210
7275 0.080040 0.712256 0.207703
7274 0.708309 0.180300 0.111391
7275 0.537705 0.350043 0.112252
7275 0.306966 0.527145 0.165889
222 0.215338 0.010633 0.774029
7272 0.000000 0.975781 0.024219
236 0.417785 0.511259 0.070957
236 0.350399 0.527677 0.121924
236 0.165556 0.732210 0.102234
223 0.701886 0.173327 0.124787
222 0.678797 0.000000 0.321203
7275 0.691206 0.000000 0.308794
223 0.317247 0.356401 0.326352
223 0.002510 0.799341 0.198149
197 0.000000 0.599291 0.400709
197 0.000000 0.702453 0.297547
197 0.000000 0.356239 0.643761
186 0.000000 0.111054 0.888946
223 0.000000 0.249570 0.750430
186 0.172307 0.120067 0.707626
187 0.074206 0.802556 0.123238
7269 0.641577 0.000000 0.358423
7269 0.654222 0.000000 0.345778
7270 0.647170 0.209897 0.142933
7270 0.462021 0.491029 0.046950
7270 0.458135 0.395529 0.146337
7270 0.495602 0.211150 0.293248
7270 0.305635 0.423987 0.270378
7270 0.302631 0.339810 0.357558
7276 0.412164 0.295559 0.292278
187 0.325195 0.531061 0.143745
7270 0.819069 0.180931 0.000000
7276 0.220987 0.779013 0.000000
7275 0.370636 0.000000 0.629364
7276 0.526025 0.385090 0.088885
7276 0.609251 0.171421 0.219328
7276 0.744231 0.102930 0.152839
7276 0.648353 0.103306 0.248341
186 0.160282 0.385187 0.454531
186 0.000000 0.409474 0.590526
237 0.001169 0.783249 0.215582
236 0.127977 0.000000 0.872023
237 0.271006 0.728994 0.000000
237 0.490172 0.509828 0.000000
236 0.633409 0.088319 0.278272
236 0.705891 0.149704 0.144405
236 0.741083 0.152428 0.106489
186 0.477413 0.126344 0.396243
236 0.694758 0.195660 0.109582
285 0.001030 0.802017 0.196953
269 0.092443 0.904447 0.003110
284 0.271706 0.324015 0.404279
7253 0.532154 0.085264 0.382582
7376 0.509521 0.122675 0.367805
7393 0.188986 0.375795 0.435219
229 0.628721 0.000000 0.371279
69 0.305050 0.000000 0.694950
232 0.176730 0.779754 0.043516
190 0.039800 0.243818 0.716383
7447 0.583814 0.083247 0.332939
7448 0.140228 0.381478 0.478294
7448 0.575533 0.077914 0.346553
7448 0.069736 0.045296 0.884968
7277 0.160295 0.388875 0.450829
249 0.026203 0.750355 0.223442
7277 0.772140 0.161141 0.066719
7278 0.494089 0.393843 0.112068
7488 0.218447 0.753007 0.028546
7447 0.082460 0.647373 0.270167
7488 0.098720 0.305793 0.595487
7278 0.051162 0.647997 0.300842
7448 0.172804 0.742425 0.084771
248 0.000000 0.054051 0.945949
279 0.510333 0.244167 0.245500
279 0.416956 0.405844 0.177200
279 0.114446 0.177261 0.708293
280 0.675382 0.322444 0.002173
281 0.769308 0.097967 0.132725
280 0.740904 0.004335 0.254761
280 0.520738 0.243678 0.235584
279 0.241489 0.591820 0.166691
144 0.744898 0.199479 0.055623
147 0.339492 0.128856 0.531653
147 0.727383 0.027275 0.245342
144 0.250530 0.683483 0.065987
147 0.327814 0.603067 0.069119
146 0.387034 0.307621 0.305346
134 0.716565 0.247485 0.035950
137 0.295162 0.013267 0.691572
8 0.312513 0.345761 0.341727
145 0.243607 0.575148 0.181245
145 0.592078 0.406129 0.001793
135 0.248909 0.209748 0.541343
144 0.078185 0.508435 0.413381
131 0.279193 0.007651 0.713155
134 0.356662 0.264658 0.378680
53 0.315401 0.559672 0.124927
35 0.421953 0.300610 0.277438
68 0.102772 0.430043 0.467185
6411 0.140354 0.205553 0.654094
165 0.239301 0.674806 0.085893
162 0.671990 0.134208 0.193802
164 0.423235 0.368993 0.207773
165 0.248267 0.191076 0.560657
165 0.593953 0.074491 0.331556
6456 0.590487 0.173718 0.235795
6457 0.233957 0.085439 0.680603
341 0.092152 0.716929 0.190919
180 0.168339 0.718856 0.112805
180 0.619272 0.178360 0.202368
338 0.287589 0.539433 0.172979
179 0.169259 0.818460 0.012281
179 0.102600 0.376732 0.520668
338 0.285595 0.332273 0.382131
178 0.184295 0.192606 0.623099
179 0.304971 0.339429 0.355600
127 0.258411 0.050852 0.690736
127 0.360410 0.426865 0.212725
116 0.927786 0.042295 0.029918
127 0.063690 0.453983 0.482327
117 0.767168 0.101535 0.131297
116 0.490617 0.368003 0.141380
51 0.415673 0.112365 0.471962
56 0.308224 0.208041 0.483734
57 0.618796 0.115993 0.265211
51 0.638049 0.185283 0.176668
56 0.283100 0.447703 0.269197
57 0.798279 0.162815 0.038906
50 0.721759 0.209103 0.069137
56 0.271257 0.670271 0.058472
56 0.850396 0.125751 0.023853
103 0.678253 0.086874 0.234874
102 0.221629 0.384744 0.393627
136 0.261816 0.501835 0.236349
103 0.035326 0.350371 0.614303
102 0.039287 0.058445 0.902268
136 0.674912 0.015177 0.309911
138 0.586355 0.154960 0.258686
139 0.013185 0.407470 0.579345
52 0.362157 0.350082 0.287761
50 0.242946 0.738103 0.018951
53 0.652683 0.000000 0.347317
83 0.257081 0.311819 0.431100
46 0.660403 0.287073 0.052524
82 0.269233 0.497746 0.233021
82 0.608455 0.391545 0.000000
66 0.395585 0.291298 0.313117
67 0.694291 0.123219 0.182490
66 0.416041 0.437383 0.146576
66 0.866352 0.002287 0.131361
69 0.009497 0.564521 0.425981
69 0.046674 0.015530 0.937796
47 0.565257 0.074790 0.359953
50 0.051973 0.131378 0.816649
50 0.371539 0.195463 0.432998
51 0.271648 0.533134 0.195217
2 0.003020 0.890508 0.106472
185 0.187972 0.592320 0.219708
6456 0.212101 0.126796 0.661103
184 0.153385 0.388274 0.458341
169 0.616759 0.216072 0.167168
171 0.106131 0.160778 0.733091
171 0.478558 0.066299 0.455142
168 0.173727 0.442102 0.384171
171 0.100157 0.739362 0.160480
170 0.406555 0.063328 0.530117
160 0.543943 0.110948 0.345110
163 0.238674 0.397601 0.363725
160 0.051596 0.849646 0.098758
162 0.175084 0.432180 0.392736
6407 0.382612 0.612144 0.005244
6409 0.227568 0.463762 0.308671
430 0.233479 0.760339 0.006182
148 0.903824 0.050321 0.045856
149 0.078034 0.708146 0.213819
148 0.223231 0.588726 0.188043
151 0.612083 0.250677 0.137239
167 0.426380 0.325723 0.247896
150 0.115447 0.520376 0.364178
166 0.062327 0.363974 0.573699
9 0.534462 0.437443 0.028095
169 0.093980 0.323566 0.582454
169 0.047506 0.930926 0.021568
142 0.300969 0.251307 0.447725
142 0.299982 0.606273 0.093745
129 0.506608 0.013345 0.480047
7 0.391687 0.504496 0.103817
129 0.589234 0.332060 0.078706
6 0.806191 0.033194 0.160615
6240 0.391323 0.336909 0.271769
160 0.014171 0.243032 0.742796
133 0.420715 0.000000 0.579285
133 0.091514 0.184407 0.724079
137 0.354396 0.581839 0.063765
137 0.027776 0.846093 0.126131
130 0.651264 0.038967 0.309769
131 0.294140 0.519168 0.186692
131 0.669912 0.097183 0.232905
131 0.289080 0.279266 0.431654
6 0.311369 0.489892 0.198738
6 0.176802 0.006202 0.816996
6 0.537242 0.282127 0.180631
128 0.395162 0.407753 0.197086
154 0.292464 0.680147 0.027390
2 0.378040 0.389653 0.232307
152 0.848925 0.101481 0.049594
170 0.583824 0.300415 0.115761
126 0.576180 0.152632 0.271187
127 0.648748 0.057405 0.293846
181 0.392606 0.360409 0.246986
141 0.138889 0.453146 0.407965
141 0.089877 0.087788 0.822335
182 0.665850 0.288310 0.045840
180 0.196524 0.249481 0.553994
340 0.272961 0.225044 0.501995
182 0.219682 0.762916 0.017402
340 0.276704 0.716956 0.006341
34 0.748350 0.041501 0.210149
34 0.027232 0.694945 0.277823
69 0.226320 0.428214 0.345465
88 0.276334 0.130768 0.592897
89 0.507572 0.180072 0.312357
6461 0.182846 0.610290 0.206864
6239 0.518208 0.133748 0.348044
86 0.518147 0.242087 0.239766
87 0.459603 0.275455 0.264942
80 0.000000 0.134428 0.865572
80 0.489428 0.361317 0.149255
81 0.481311 0.025210 0.493480
47 0.124160 0.809382 0.066458
185 0.462808 0.181561 0.355631
158 0.376248 0.144050 0.479702
185 0.813104 0.178556 0.008340
158 0.051563 0.513251 0.435186
2 0.815479 0.019701 0.164820
159 0.506682 0.072313 0.421004
185 0.184923 0.165276 0.649802
159 0.479724 0.342058 0.178218
96 0.123756 0.052314 0.823930
89 0.068055 0.527238 0.404706
6239 0.020375 0.609175 0.370450
86 0.089666 0.596650 0.313685
86 0.119767 0.289258 0.590975
87 0.126601 0.823152 0.050247
86 0.103389 0.889032 0.007580
403 0.267326 0.438845 0.293829
403 0.219477 0.166535 0.613988
408 0.141566 0.016354 0.842080
402 0.587263 0.138035 0.274702
403 0.671888 0.104117 0.223995
408 0.193462 0.398428 0.408110
143 0.562327 0.180935 0.256738
142 0.860219 0.067003 0.072778
145 0.244310 0.037619 0.718071
409 0.103867 0.453516 0.442617
409 0.055207 0.011386 0.933407
409 0.500194 0.476270 0.023536
409 0.433111 0.032625 0.534264
408 0.575435 0.341775 0.082790
409 0.811794 0.047702 0.140504
419 0.036011 0.395591 0.568398
431 0.009066 0.720348 0.270586
418 0.351966 0.040347 0.607688
419 0.362298 0.021803 0.615899
418 0.344860 0.402964 0.252176
419 0.698397 0.266386 0.035216
428 0.911105 0.047409 0.041486
440 0.451336 0.409019 0.139645
431 0.350658 0.281132 0.368209
442 0.324823 0.052536 0.622641
430 0.474535 0.232663 0.292802
442 0.129276 0.586932 0.283792
441 0.733708 0.008960 0.257331
447 0.610856 0.346880 0.042265
443 0.297217 0.075546 0.627237
449 0.250890 0.381999 0.367111
442 0.768615 0.034239 0.197146
448 0.476786 0.319916 0.203298
458 0.290960 0.246179 0.462861
459 0.613379 0.227083 0.159538
460 0.251831 0.011175 0.736994
461 0.355315 0.262010 0.382675
460 0.156682 0.656285 0.187033
10 0.028198 0.337489 0.634313
468 0.204284 0.578019 0.217697
471 0.056446 0.389217 0.554338
470 0.170510 0.391197 0.438293
470 0.556699 0.285303 0.157998
152 0.135129 0.157393 0.707478
153 0.356035 0.477409 0.166556
471 0.286307 0.008211 0.705482
482 0.484244 0.008635 0.507121
153 0.040418 0.067152 0.892431
155 0.127560 0.593080 0.279360
153 0.482950 0.106657 0.410393
154 0.339822 0.200968 0.459210
483 0.803497 0.052558 0.143946
494 0.816102 0.157676 0.026222
155 0.246404 0.109495 0.644101
157 0.347379 0.343460 0.309162
155 0.627011 0.154646 0.218344
156 0.548670 0.173271 0.278059
85 0.046111 0.294292 0.659597
79 0.087588 0.388533 0.523879
85 0.401705 0.424267 0.174027
78 0.339880 0.081124 0.578996
84 0.339390 0.436370 0.224240
78 0.205008 0.576861 0.218131
45 0.221907 0.480614 0.297479
48 0.148357 0.256239 0.595404
45 0.474237 0.506039 0.019724
48 0.127143 0.529896 0.342961
44 0.341298 0.452561 0.206141
48 0.099638 0.804023 0.096339
49 0.553408 0.446592 0.000000
49 0.723717 0.022976 0.253307
48 0.546100 0.256295 0.197604
48 0.938189 0.011502 0.050309
51 0.040418 0.487779 0.471802
51 0.184580 0.077944 0.737475
54 0.515867 0.315382 0.168750
55 0.923114 0.052942 0.023945
57 0.059182 0.558629 0.382189
57 0.162009 0.063582 0.774409
57 0.283862 0.631722 0.084416
57 0.402093 0.083283 0.514624
64 0.523981 0.400112 0.075907
225 0.081682 0.122736 0.795583
67 0.190715 0.538508 0.270777
227 0.823729 0.059439 0.116832
66 0.370486 0.094873 0.534641
67 0.455021 0.071514 0.473466
646 0.184727 0.150288 0.664985
496 0.369440 0.258681 0.371878
497 0.561631 0.127266 0.311102
342 0.222864 0.674739 0.102396
183 0.077013 0.682593 0.240394
183 0.021483 0.212177 0.766339
342 0.245607 0.203031 0.551363
182 0.279733 0.253667 0.466600
183 0.492624 0.262570 0.244806
396 0.304305 0.179621 0.516074
397 0.417114 0.339413 0.243473
396 0.209808 0.742041 0.048151
396 0.571440 0.313491 0.115068
141 0.563104 0.152718 0.284178
140 0.488776 0.132466 0.378758
403 0.310617 0.649114 0.040268
402 0.306289 0.454015 0.239695
402 0.135592 0.204640 0.659768
402 0.072695 0.720674 0.206631
397 0.371568 0.090003 0.538428
397 0.831208 0.157699 0.011094
143 0.275000 0.227080 0.497919
143 0.279279 0.702887 0.017834
143 0.038416 0.267681 0.693903
143 0.029372 0.750360 0.220267
140 0.216975 0.463083 0.319942
141 0.191112 0.746275 0.062613
129 0.244802 0.102872 0.652326
129 0.298958 0.431161 0.269881
129 0.029810 0.171584 0.798606
129 0.061521 0.504564 0.433914
126 0.266101 0.508787 0.225112
126 0.245693 0.192224 0.562083
128 0.304315 0.078318 0.617367
128 0.094649 0.469078 0.436274
129 0.102600 0.764540 0.132861
128 0.033495 0.172670 0.793836
127 0.174186 0.792728 0.033085
116 0.153545 0.798397 0.048058
306 0.552505 0.277987 0.169508
306 0.068602 0.767971 0.163426
296 0.719297 0.092401 0.188302
307 0.479036 0.426139 0.094825
306 0.072667 0.419061 0.508272
297 0.504011 0.053007 0.442983
307 0.101285 0.234490 0.664225
306 0.058290 0.090650 0.851060
21 0.166611 0.583817 0.249572
304 0.311717 0.208855 0.479427
295 0.488614 0.250705 0.260681
291 0.451379 0.012322 0.536299
305 0.188557 0.529797 0.281645
295 0.172193 0.033607 0.794200
295 0.120866 0.599506 0.279628
212 0.282647 0.476091 0.241262
194 0.538435 0.142007 0.319557
228 0.258428 0.188308 0.553264
7438 0.633879 0.113426 0.252695
7483 0.090368 0.424473 0.485160
330 0.039151 0.006427 0.954422
324 0.328289 0.001636 0.670075
325 0.371876 0.112344 0.515780
324 0.724460 0.009621 0.265918
7484 0.416295 0.241886 0.341818
7443 0.889235 0.026170 0.084595
341 0.137390 0.278341 0.584268
338 0.724993 0.142107 0.132900
339 0.659827 0.258904 0.081269
287 0.826032 0.150469 0.023499
277 0.077939 0.169073 0.752989
277 0.279239 0.202843 0.517919
286 0.444160 0.318247 0.237592
277 0.012243 0.577361 0.410396
277 0.208146 0.616763 0.175090
286 0.067848 0.620046 0.312106
286 0.035535 0.903420 0.061045
278 0.859883 0.117549 0.022568
216 0.179718 0.302902 0.517380
216 0.112344 0.130635 0.757021
217 0.009230 0.984985 0.005785
217 0.412179 0.412143 0.175678
217 0.202006 0.472797 0.325197
195 0.001376 0.477838 0.520787
217 0.350176 0.052261 0.597562
217 0.163674 0.058211 0.778115
195 0.006596 0.950360 0.043044
24 0.067010 0.705148 0.227841
263 0.914974 0.018214 0.066812
22 0.447691 0.496081 0.056227
263 0.354456 0.449500 0.196044
262 0.369038 0.491769 0.139193
298 0.481239 0.192239 0.326521
297 0.065121 0.698885 0.235994
297 0.129343 0.276697 0.593960
213 0.025063 0.462932 0.512005
242 0.029343 0.907211 0.063446
212 0.171672 0.185690 0.642637
213 0.430653 0.144130 0.425217
242 0.365164 0.052803 0.582033
242 0.819546 0.052414 0.128041
243 0.178841 0.277096 0.544063
227 0.322992 0.426060 0.250948
227 0.146870 0.419166 0.433964
228 0.590994 0.392070 0.016936
210 0.148465 0.131345 0.720190
211 0.244773 0.402240 0.352987
210 0.307157 0.282033 0.410809
211 0.510286 0.305065 0.184648
344 0.232767 0.648286 0.118947
7483 0.421835 0.454718 0.123447
344 0.474442 0.188196 0.337362
344 0.181287 0.139087 0.679626
330 0.847283 0.076922 0.075795
330 0.233356 0.677776 0.088868
331 0.534647 0.034778 0.430575
331 0.462579 0.516450 0.020971
313 0.043628 0.167239 0.789133
331 0.130359 0.400687 0.468954
322 0.534364 0.436080 0.029556
322 0.073881 0.663366 0.262753
7434 0.280052 0.555450 0.164498
323 0.298699 0.351644 0.349657
324 0.219987 0.776058 0.003955
7436 0.434201 0.395111 0.170688
309 0.414801 0.222992 0.362207
308 0.073811 0.473444 0.452744
311 0.628617 0.305261 0.066122
310 0.033209 0.732222 0.234569
326 0.567861 0.335140 0.096999
321 0.853924 0.018967 0.127109
320 0.521956 0.152414 0.325630
327 0.131186 0.437855 0.430958
321 0.133335 0.026869 0.839796
329 0.459511 0.322681 0.217808
328 0.067866 0.405311 0.526822
302 0.053766 0.018334 0.927900
289 0.090928 0.055188 0.853883
19 0.247942 0.122880 0.629178
304 0.168921 0.637965 0.193114
294 0.319126 0.491432 0.189442
290 0.781072 0.021890 0.197038
7267 0.683949 0.280275 0.035776
24 0.414375 0.006213 0.579412
296 0.020505 0.369859 0.609636
297 0.444562 0.476082 0.079356
293 0.656805 0.150849 0.192346
296 0.169664 0.588478 0.241858
291 0.008838 0.357632 0.633529
291 0.062869 0.102413 0.834718
291 0.351038 0.533554 0.115407
291 0.395756 0.288710 0.315534
290 0.297335 0.528212 0.174453
290 0.517741 0.298567 0.183693
19 0.346621 0.493634 0.159745
19 0.306133 0.325727 0.368139
315 0.037604 0.202471 0.759925
315 0.054868 0.730241 0.214891
344 0.718881 0.187875 0.093244
15 0.328672 0.360962 0.310365
286 0.082512 0.271735 0.645753
300 0.076746 0.869737 0.053517
287 0.431610 0.555785 0.012605
300 0.425685 0.562578 0.011737
287 0.449384 0.154588 0.396028
287 0.018425 0.171175 0.810400
341 0.511351 0.286401 0.202248
340 0.729724 0.244285 0.025991
195 0.327044 0.447651 0.225305
228 0.093036 0.601864 0.305100
229 0.765801 0.188070 0.046130
249 0.450234 0.520884 0.028881
256 0.015979 0.362774 0.621246
7487 0.563981 0.111030 0.324989
7266 0.452743 0.319573 0.227684
240 0.158128 0.000000 0.841872
206 0.084439 0.000000 0.915561
240 0.446108 0.000000 0.553892
207 0.397817 0.476177 0.126006
206 0.338012 0.420675 0.241313
207 0.709726 0.056565 0.233709
318 0.399243 0.400316 0.200442
318 0.049096 0.918170 0.032734
247 0.293722 0.706037 0.000241
248 0.021526 0.960444 0.018030
319 0.314376 0.048657 0.636968
319 0.610763 0.315059 0.074178
247 0.822909 0.115888 0.061202
247 0.563407 0.416213 0.020380
256 0.462895 0.276757 0.260349
248 0.676157 0.137596 0.186247
248 0.140279 0.359647 0.500074
240 0.783123 0.000000 0.216877
247 0.466210 0.203937 0.329853
247 0.201113 0.486437 0.312450
248 0.291373 0.586095 0.122532
225 0.061931 0.588840 0.349230
