235 0.712243 0.041143 0.246614
234 0.118211 0.579974 0.301816
672 0.005662 0.230860 0.763478
235 0.062612 0.220830 0.716558
235 0.026616 0.929180 0.044205
672 0.442561 0.529462 0.027977
44265 0.370402 0.034762 0.594836
231 0.709496 0.065112 0.225392
20 0.728131 0.208534 0.063336
231 0.038284 0.333634 0.628082
891 0.674944 0.071846 0.253209
890 0.059440 0.376709 0.563851
894 0.039114 0.186595 0.774290
904 0.141966 0.032804 0.825230
888 0.229164 0.752876 0.017960
892 0.319217 0.470133 0.210650
905 0.840499 0.124966 0.034535
44256 0.149784 0.495121 0.355095
44253 0.529286 0.342774 0.127941
630 0.178344 0.081583 0.740073
627 0.263318 0.231142 0.505541
44374 0.361439 0.332161 0.306400
44680 0.379117 0.348481 0.272403
248 0.673885 0.140681 0.185434
542 0.627778 0.107906 0.264316
172 0.843545 0.052839 0.103616
186 0.487938 0.030688 0.481374
180 0.179748 0.072242 0.748010
188 0.236441 0.568123 0.195436
189 0.089956 0.109170 0.800875
183 0.254082 0.277771 0.468148
295 0.286050 0.607764 0.106186
295 0.953407 0.030302 0.016291
292 0.521250 0.149775 0.328976
297 0.442880 0.439707 0.117413
292 0.129013 0.870219 0.000768
327 0.264037 0.282928 0.453035
2014 0.402754 0.010769 0.586477
2032 0.334252 0.646815 0.018933
2032 0.170633 0.206032 0.623336
2015 0.114622 0.260813 0.624565
2032 0.662369 0.265769 0.071862
2033 0.187686 0.465015 0.347299
1929 0.049988 0.853256 0.096756
1953 0.055650 0.036315 0.908036
2033 0.140472 0.040992 0.818536
312 0.059364 0.302270 0.638367
313 0.602104 0.227405 0.170491
310 0.413554 0.458618 0.127829
310 0.204970 0.085780 0.709251
309 0.046009 0.950021 0.003970
311 0.371787 0.284204 0.344009
390 0.384507 0.027543 0.587951
207 0.176910 0.042639 0.780452
2014 0.009745 0.733731 0.256524
207 0.390215 0.395309 0.214475
209 0.053064 0.377215 0.569721
209 0.499291 0.198800 0.301909
2017 0.089266 0.743441 0.167293
2016 0.023636 0.791933 0.184431
862 0.066879 0.452548 0.480573
860 0.041555 0.207781 0.750664
852 0.052607 0.426766 0.520627
863 0.463192 0.348355 0.188453
861 0.210936 0.449219 0.339846
853 0.484687 0.392990 0.122324
858 0.248796 0.127000 0.624204
856 0.071027 0.101588 0.827385
848 0.268359 0.331382 0.400260
844 0.028889 0.689348 0.281763
1804 0.541709 0.434922 0.023369
845 0.783672 0.106057 0.110271
874 0.025317 0.489120 0.485562
843 0.000783 0.161611 0.837605
815 0.172649 0.706056 0.121295
709 0.614899 0.155410 0.229691
694 0.108971 0.023209 0.867820
882 0.020865 0.901170 0.077965
713 0.483057 0.271858 0.245085
701 0.116785 0.129397 0.753818
884 0.931270 0.032482 0.036248
369 0.191880 0.115161 0.692959
661 0.344691 0.405618 0.249691
24 0.684082 0.259950 0.055968
868 0.106139 0.839046 0.054814
868 0.863972 0.028148 0.107880
864 0.567425 0.159448 0.273127
405 0.570771 0.244746 0.184482
942 0.620159 0.359234 0.020606
938 0.023385 0.386193 0.590422
409 0.552057 0.126949 0.320994
938 0.526334 0.383236 0.090431
939 0.252391 0.026714 0.720894
1992 0.304576 0.462950 0.232474
2159 0.315437 0.292560 0.392003
2156 0.036418 0.788911 0.174671
973 0.027056 0.904391 0.068552
936 0.477494 0.239686 0.282820
941 0.149518 0.042811 0.807671
940 0.589865 0.301116 0.109020
942 0.197635 0.276807 0.525558
940 0.089823 0.278439 0.631737
959 0.775016 0.020695 0.204289
959 0.412229 0.484835 0.102936
377 0.610938 0.282744 0.106318
372 0.144861 0.777084 0.078056
402 0.450840 0.205480 0.343680
405 0.050929 0.823783 0.125288
406 0.331106 0.321233 0.347661
408 0.086540 0.021219 0.892240
958 0.039790 0.751151 0.209059
373 0.421177 0.335337 0.243486
959 0.050341 0.870575 0.079084
371 0.653854 0.227936 0.118210
925 0.107637 0.057130 0.835232
397 0.806113 0.024725 0.169162
396 0.224162 0.409206 0.366633
32 0.351337 0.293976 0.354687
395 0.594889 0.325200 0.079911
394 0.060756 0.411147 0.528097
114 0.559730 0.375855 0.064415
115 0.414451 0.381243 0.204307
115 0.012013 0.219245 0.768741
401 0.008244 0.844176 0.147580
401 0.342735 0.359806 0.297459
44726 0.032577 0.126116 0.841306
44727 0.525409 0.368691 0.105899
44722 0.335382 0.473422 0.191196
44717 0.640177 0.127706 0.232117
44728 0.577858 0.170679 0.251463
44724 0.344211 0.597643 0.058146
928 0.007365 0.721507 0.271128
926 0.069405 0.484403 0.446192
751 0.188533 0.706668 0.104799
747 0.440668 0.378114 0.181218
2177 0.362377 0.351956 0.285667
2179 0.050188 0.663632 0.286180
974 0.359256 0.053016 0.587728
973 0.651125 0.319877 0.028998
971 0.178591 0.724849 0.096560
969 0.513109 0.411308 0.075583
2163 0.525093 0.458822 0.016085
2179 0.731555 0.056735 0.211709
2161 0.301687 0.688014 0.010299
2165 0.525450 0.179783 0.294767
376 0.278802 0.014940 0.706258
112 0.025130 0.194038 0.780832
403 0.190299 0.274726 0.534975
108 0.175939 0.099632 0.724429
407 0.134614 0.405572 0.459814
373 0.078658 0.734012 0.187330
375 0.695686 0.156348 0.147966
371 0.235633 0.574485 0.189882
44719 0.240549 0.036540 0.722912
399 0.227357 0.379120 0.393523
113 0.640702 0.020525 0.338773
375 0.285378 0.581036 0.133587
44714 0.377486 0.439955 0.182559
2147 0.742100 0.185725 0.072175
2147 0.127686 0.140561 0.731753
2173 0.123941 0.331423 0.544636
2143 0.567960 0.208126 0.223914
2140 0.772201 0.162493 0.065306
2154 0.850361 0.095809 0.053831
2155 0.321198 0.105576 0.573226
2153 0.703730 0.153317 0.142953
2012 0.004649 0.819864 0.175487
2145 0.498663 0.065135 0.436202
2016 0.470892 0.375814 0.153294
2144 0.256827 0.290133 0.453040
947 0.275402 0.005009 0.719589
945 0.421335 0.322910 0.255755
946 0.081831 0.216306 0.701863
2172 0.388337 0.517360 0.094304
2167 0.251661 0.588596 0.159743
946 0.844600 0.049702 0.105699
950 0.914580 0.073736 0.011684
1800 0.650938 0.281597 0.067465
1615 0.877697 0.121315 0.000988
872 0.150503 0.210390 0.639107
684 0.086765 0.029377 0.883859
26 0.155519 0.494721 0.349760
724 0.778843 0.065635 0.155522
715 0.183753 0.471243 0.345004
720 0.000985 0.720329 0.278686
717 0.528868 0.445769 0.025363
640 0.390045 0.354148 0.255807
644 0.842876 0.000000 0.157124
649 0.858100 0.092414 0.049485
647 0.839777 0.074626 0.085597
646 0.423852 0.305941 0.270208
416 0.487561 0.000000 0.512439
416 0.328938 0.125772 0.545290
293 0.182328 0.169528 0.648144
290 0.244439 0.071878 0.683683
317 0.308425 0.165972 0.525602
308 0.554076 0.232422 0.213502
44853 0.246448 0.482508 0.271044
44432 0.176512 0.317308 0.506180
44852 0.353799 0.362559 0.283642
44433 0.002735 0.688648 0.308617
44854 0.219453 0.765793 0.014754
44856 0.171368 0.260576 0.568056
673 0.014028 0.444210 0.541762
666 0.097946 0.631778 0.270276
672 0.901012 0.030205 0.068783
668 0.331284 0.428488 0.240227
669 0.608450 0.257450 0.134100
667 0.487313 0.408716 0.103971
674 0.455679 0.123915 0.420406
1597 0.206998 0.514951 0.278051
1593 0.220007 0.390800 0.389193
1601 0.646508 0.165686 0.187806
2141 0.344596 0.240076 0.415328
2013 0.681108 0.248521 0.070371
2153 0.122860 0.214960 0.662180
2101 0.288061 0.556228 0.155711
2105 0.370673 0.355868 0.273460
2010 0.729783 0.108546 0.161671
2010 0.074457 0.887284 0.038259
2025 0.608170 0.389680 0.002150
1929 0.486533 0.265442 0.248025
459 0.474884 0.359484 0.165632
81 0.329960 0.610942 0.059098
278 0.780567 0.017798 0.201635
458 0.178356 0.795748 0.025897
81 0.692058 0.169444 0.138498
77 0.334197 0.385366 0.280437
274 0.058027 0.177240 0.764732
272 0.152592 0.570480 0.276929
500 0.404061 0.543232 0.052707
501 0.338494 0.011418 0.650088
495 0.530899 0.316471 0.152629
272 0.073771 0.173813 0.752416
1421 0.369375 0.627585 0.003040
1201 0.046412 0.230952 0.722637
82 0.307619 0.093747 0.598634
78 0.256686 0.075919 0.667395
468 0.677977 0.282245 0.039777
82 0.542482 0.389071 0.068447
37981 0.031545 0.466683 0.501772
488 0.035521 0.696614 0.267865
7 0.291989 0.346966 0.361045
459 0.028110 0.810087 0.161803
20 0.151506 0.237400 0.611094
619 0.064055 0.342214 0.593731
616 0.096089 0.412564 0.491347
622 0.624699 0.281248 0.094053
204 0.433012 0.082586 0.484403
622 0.132730 0.431949 0.435321
630 0.109086 0.683935 0.206978
629 0.032224 0.276342 0.691433
544 0.022153 0.660562 0.317285
628 0.547875 0.106477 0.345648
545 0.210469 0.515713 0.273818
198 0.746501 0.232311 0.021187
615 0.125736 0.727472 0.146792
199 0.079089 0.870828 0.050083
543 0.242627 0.379200 0.378174
540 0.586627 0.151919 0.261454
249 0.333449 0.361682 0.304869
246 0.591439 0.180971 0.227590
283 0.147103 0.784686 0.068211
195 0.407934 0.371384 0.220682
282 0.101320 0.430545 0.468136
194 0.492507 0.332274 0.175220
2122 0.729722 0.010303 0.259974
1989 0.035825 0.181481 0.782694
1986 0.224792 0.597921 0.177287
1991 0.568920 0.351010 0.080070
1990 0.020090 0.228228 0.751682
475 0.123015 0.790261 0.086725
505 0.010315 0.917079 0.072606
1431 0.670619 0.033999 0.295382
512 0.004619 0.637074 0.358308
1436 0.294797 0.260575 0.444628
607 0.312859 0.408902 0.278239
225 0.025618 0.106051 0.868331
222 0.196547 0.651837 0.151616
600 0.272054 0.045220 0.682727
605 0.091345 0.334886 0.573769
593 0.345419 0.180439 0.474142
596 0.105913 0.720887 0.173200
599 0.157353 0.475780 0.366867
599 0.539317 0.159091 0.301592
589 0.287066 0.010531 0.702403
595 0.337021 0.003561 0.659418
222 0.047085 0.083206 0.869709
587 0.092984 0.849975 0.057042
572 0.288024 0.621950 0.090026
549 0.040015 0.225392 0.734593
467 0.317665 0.577674 0.104661
228 0.205792 0.131370 0.662837
466 0.124064 0.102949 0.772987
228 0.019596 0.751205 0.229200
229 0.538802 0.218935 0.242263
38065 0.119100 0.179800 0.701100
38065 0.823326 0.128036 0.048638
38071 0.462263 0.068637 0.469100
224 0.398538 0.283983 0.317479
38072 0.923998 0.053306 0.022696
38073 0.012060 0.290851 0.697089
38072 0.231957 0.284042 0.484001
285 0.676077 0.077053 0.246870
284 0.470535 0.529465 0.000000
289 0.319275 0.358532 0.322193
159 0.104984 0.497769 0.397247
590 0.148129 0.089559 0.762313
158 0.729381 0.007727 0.262893
590 0.366796 0.551199 0.082005
602 0.180795 0.810754 0.008452
600 0.811921 0.073448 0.114631
192 0.579162 0.080529 0.340308
250 0.190225 0.041186 0.768589
611 0.096764 0.583013 0.320223
38076 0.193823 0.804951 0.001226
2322 0.175348 0.467440 0.357212
2320 0.211808 0.750369 0.037823
2320 0.194959 0.223072 0.581970
2306 0.176922 0.700453 0.122625
2306 0.106140 0.111575 0.782285
226 0.235820 0.573532 0.190648
467 0.322305 0.116266 0.561429
226 0.221483 0.077247 0.701270
463 0.306469 0.608605 0.084926
460 0.257157 0.091998 0.650846
465 0.399193 0.292103 0.308704
464 0.273600 0.235034 0.491366
243 0.532770 0.145613 0.321617
238 0.398436 0.067435 0.534129
239 0.331300 0.125315 0.543385
38063 0.419349 0.054476 0.526175
551 0.702575 0.106492 0.190933
553 0.633134 0.004393 0.362473
242 0.075019 0.465258 0.459722
555 0.610943 0.033316 0.355741
552 0.033014 0.531151 0.435834
565 0.503241 0.042695 0.454064
563 0.703308 0.009058 0.287634
244 0.089216 0.231216 0.679568
245 0.295623 0.115701 0.588676
559 0.012675 0.965473 0.021852
244 0.097571 0.896693 0.005736
244 0.876088 0.116250 0.007662
1168 0.004709 0.555732 0.439559
241 0.264703 0.570204 0.165093
1168 0.001029 0.159686 0.839285
241 0.230295 0.169132 0.600573
570 0.609225 0.373132 0.017644
571 0.170273 0.719557 0.110171
566 0.602389 0.369087 0.028524
567 0.231809 0.743268 0.024923
899 0.709401 0.236554 0.054045
899 0.069731 0.752167 0.178102
29 0.224767 0.586341 0.188892
171 0.444694 0.467137 0.088168
257 0.163324 0.083552 0.753124
897 0.719606 0.179807 0.100587
167 0.281063 0.612518 0.106420
261 0.321992 0.092016 0.585991
256 0.228925 0.767578 0.003497
258 0.427594 0.199564 0.372842
28 0.505249 0.438496 0.056255
160 0.152479 0.282368 0.565153
4 0.125057 0.576323 0.298620
161 0.365531 0.022373 0.612096
164 0.337329 0.146739 0.515932
902 0.272497 0.050315 0.677187
902 0.955003 0.008558 0.036439
162 0.107367 0.671327 0.221306
889 0.547132 0.414626 0.038242
163 0.827797 0.101461 0.070742
163 0.163026 0.283735 0.553239
147 0.311755 0.664290 0.023955
156 0.226553 0.442186 0.331261
154 0.055947 0.919278 0.024775
143 0.452846 0.524853 0.022301
152 0.441433 0.272941 0.285626
150 0.388894 0.581898 0.029207
172 0.270340 0.017672 0.711988
170 0.983260 0.009757 0.006983
166 0.743868 0.016499 0.239633
168 0.482114 0.083963 0.433924
148 0.128550 0.111560 0.759890
146 0.723943 0.174750 0.101307
900 0.568334 0.026615 0.405051
893 0.397243 0.393829 0.208929
286 0.234541 0.074663 0.690796
44856 0.198392 0.676203 0.125405
287 0.865110 0.126455 0.008435
196 0.137787 0.089327 0.772886
178 0.674664 0.164233 0.161103
178 0.040960 0.084000 0.875041
174 0.223784 0.265301 0.510915
148 0.649317 0.172141 0.178542
2030 0.337668 0.008701 0.653632
2067 0.594841 0.149696 0.255463
2031 0.171909 0.150332 0.677760
2066 0.285443 0.506859 0.207697
2068 0.445398 0.289955 0.264646
296 0.040579 0.548188 0.411232
1979 0.587672 0.405916 0.006412
326 0.211303 0.222029 0.566667
1953 0.712423 0.271208 0.016370
2029 0.241869 0.374032 0.384099
2023 0.493947 0.452127 0.053926
2057 0.328480 0.511886 0.159634
2055 0.224245 0.564543 0.211212
2027 0.143445 0.480213 0.376343
2049 0.188712 0.618697 0.192592
2070 0.592473 0.280263 0.127264
2014 0.624495 0.368721 0.006784
175 0.219756 0.146822 0.633422
144 0.312870 0.228958 0.458173
324 0.441318 0.534040 0.024642
339 0.755132 0.072829 0.172038
314 0.022915 0.223996 0.753090
176 0.402604 0.366167 0.231230
177 0.359897 0.139011 0.501092
322 0.626812 0.304943 0.068244
324 0.050771 0.113063 0.836165
343 0.103426 0.340092 0.556482
343 0.912801 0.076719 0.010480
340 0.139939 0.516232 0.343829
2075 0.175682 0.201426 0.622892
2074 0.862018 0.082359 0.055623
2077 0.666445 0.134513 0.199042
2083 0.321096 0.192730 0.486175
330 0.155471 0.162055 0.682474
2082 0.721013 0.261363 0.017624
333 0.030726 0.890783 0.078491
1951 0.127650 0.420711 0.451639
1950 0.553273 0.272882 0.173845
1940 0.450744 0.065287 0.483970
2086 0.580281 0.324373 0.095345
2087 0.201900 0.337665 0.460435
2081 0.539619 0.249347 0.211034
1942 0.537462 0.458748 0.003790
1943 0.217842 0.628051 0.154106
1939 0.787333 0.037658 0.175009
1939 0.101379 0.182815 0.715806
1937 0.413367 0.115718 0.470915
2064 0.675475 0.283297 0.041228
1949 0.538794 0.316111 0.145095
2095 0.238553 0.580324 0.181123
2088 0.496796 0.082379 0.420824
2091 0.408308 0.340747 0.250945
2084 0.679762 0.001459 0.318779
1947 0.748482 0.068503 0.183015
1947 0.069246 0.240905 0.689850
586 0.375394 0.466560 0.158046
578 0.198553 0.370252 0.431195
576 0.372105 0.254237 0.373657
580 0.541329 0.364498 0.094173
281 0.583368 0.260359 0.156273
5 0.506757 0.365609 0.127634
582 0.174213 0.600580 0.225208
348 0.154707 0.367891 0.477402
346 0.057215 0.748417 0.194368
346 0.028246 0.084310 0.887445
574 0.140113 0.545855 0.314032
568 0.150457 0.640910 0.208633
18 0.358788 0.311936 0.329276
19 0.000000 0.783101 0.216899
993 0.759804 0.068047 0.172149
994 0.434285 0.349679 0.216036
262 0.128354 0.598308 0.273338
151 0.245637 0.719180 0.035183
19 0.748266 0.219655 0.032079
424 0.111272 0.266088 0.622639
998 0.516095 0.043809 0.440096
421 0.576159 0.353859 0.069983
435 0.789449 0.103479 0.107072
979 0.131942 0.781939 0.086118
980 0.094606 0.903645 0.001749
2092 0.492365 0.311262 0.196373
2486 0.273965 0.101779 0.624256
2490 0.099359 0.171990 0.728651
2499 0.083046 0.180118 0.736837
989 0.777039 0.144745 0.078216
1964 0.046371 0.580915 0.372714
444 0.431305 0.256780 0.311915
2476 0.637373 0.261358 0.101269
2468 0.203910 0.778843 0.017246
2063 0.365257 0.080238 0.554505
2479 0.982228 0.006186 0.011587
2485 0.078705 0.720378 0.200917
2096 0.194525 0.545958 0.259517
2065 0.253693 0.187110 0.559197
1945 0.300818 0.222367 0.476815
2194 0.017339 0.508225 0.474436
2192 0.113463 0.375848 0.510689
2454 0.103904 0.721159 0.174937
2462 0.254402 0.493248 0.252350
2094 0.305862 0.643994 0.050144
2093 0.096750 0.407627 0.495623
434 0.179057 0.606583 0.214360
438 0.492228 0.345713 0.162059
2480 0.117839 0.683127 0.199035
2482 0.568096 0.306850 0.125055
2113 0.029618 0.256715 0.713667
2107 0.659025 0.195596 0.145379
2118 0.664774 0.158710 0.176516
2112 0.703428 0.272663 0.023909
2115 0.650677 0.240984 0.108339
2109 0.718665 0.215451 0.065884
1956 0.023625 0.500755 0.475620
1962 0.035941 0.487000 0.477059
2434 0.333199 0.398510 0.268291
2432 0.403095 0.241718 0.355188
422 0.197205 0.222380 0.580415
432 0.274116 0.226092 0.499792
419 0.517281 0.212034 0.270685
429 0.544904 0.144883 0.310213
430 0.363695 0.346858 0.289447
1355 0.580473 0.002377 0.417150
427 0.723951 0.090771 0.185278
1353 0.043367 0.014142 0.942491
442 0.493951 0.071586 0.434464
452 0.527232 0.033410 0.439359
1954 0.074669 0.607389 0.317942
450 0.604064 0.119894 0.276042
2519 0.884531 0.066400 0.049069
1377 0.341984 0.032443 0.625573
2418 0.486331 0.260572 0.253098
2416 0.564165 0.423042 0.012793
2021 0.553256 0.100428 0.346317
2019 0.563407 0.231079 0.205513
2053 0.518347 0.277177 0.204476
2304 0.002963 0.430732 0.566306
2047 0.299855 0.668521 0.031623
2072 0.697801 0.085583 0.216616
2040 0.281435 0.213789 0.504776
1983 0.622341 0.210193 0.167466
2051 0.479640 0.270772 0.249587
2045 0.521639 0.243462 0.234900
2038 0.280330 0.466823 0.252846
2079 0.147361 0.162616 0.690024
1985 0.404387 0.155555 0.440058
1981 0.408604 0.292527 0.298869
2043 0.646735 0.241285 0.111980
2036 0.726492 0.109938 0.163570
2078 0.827306 0.035630 0.137064
2037 0.082799 0.285158 0.632043
2035 0.476026 0.067432 0.456542
2168 0.334287 0.441453 0.224260
2336 0.017990 0.430586 0.551424
111 0.785711 0.007343 0.206947
2127 0.097737 0.407280 0.494983
2127 0.308088 0.061434 0.630478
2122 0.325185 0.186584 0.488231
2132 0.292322 0.379486 0.328192
2135 0.195843 0.032826 0.771332
329 0.313557 0.567593 0.118850
332 0.118891 0.668430 0.212679
2137 0.166251 0.378748 0.455001
2121 0.533806 0.364435 0.101760
2117 0.423916 0.277201 0.298883
2684 0.123021 0.254091 0.622888
2682 0.103025 0.196610 0.700365
2417 0.368003 0.401485 0.230512
2998 0.613860 0.227975 0.158165
1603 0.773850 0.140309 0.085841
678 0.302318 0.572324 0.125358
722 0.436223 0.313246 0.250532
650 0.813626 0.043118 0.143255
921 0.039188 0.879269 0.081542
921 0.000000 0.548013 0.451987
355 0.362054 0.335275 0.302671
787 0.320614 0.039860 0.639526
804 0.141895 0.052655 0.805450
44740 0.349942 0.507658 0.142400
838 0.095044 0.066733 0.838222
837 0.183872 0.683315 0.132814
838 0.578343 0.309855 0.111802
832 0.059720 0.631035 0.309245
808 0.000000 0.507231 0.492769
806 0.000000 0.831866 0.168134
808 0.627292 0.069428 0.303280
806 0.381964 0.388890 0.229146
805 0.777804 0.200284 0.021912
798 0.283113 0.216841 0.500046
835 0.165650 0.068550 0.765801
134 0.008476 0.932354 0.059170
388 0.239168 0.167198 0.593635
44285 0.781973 0.117129 0.100898
393 0.366372 0.419768 0.213860
44285 0.039875 0.043035 0.917090
392 0.001582 0.301778 0.696640
307 0.642365 0.081502 0.276133
255 0.022880 0.385739 0.591381
379 0.213442 0.351995 0.434563
387 0.568760 0.420311 0.010929
381 0.230016 0.366273 0.403711
210 0.305618 0.372265 0.322116
211 0.222186 0.030192 0.747622
391 0.671625 0.088060 0.240315
390 0.305839 0.507513 0.186648
212 0.353806 0.072707 0.573486
949 0.058094 0.553339 0.388566
380 0.651843 0.305702 0.042455
966 0.230947 0.165496 0.603557
964 0.104281 0.600647 0.295072
949 0.664933 0.296500 0.038567
950 0.133065 0.757664 0.109271
208 0.094793 0.426662 0.478546
211 0.915875 0.010314 0.073811
955 0.367362 0.466472 0.166166
34 0.120808 0.492401 0.386791
971 0.308280 0.004545 0.687175
956 0.623041 0.126582 0.250377
954 0.012430 0.068937 0.918634
44719 0.050957 0.910230 0.038813
956 0.248467 0.134196 0.617336
44773 0.048911 0.081100 0.869989
44770 0.053791 0.876949 0.069260
44774 0.253287 0.172591 0.574122
757 0.816437 0.083551 0.100012
44114 0.758429 0.152003 0.089568
44736 0.677123 0.281613 0.041264
44734 0.267651 0.619398 0.112952
44366 0.427108 0.319496 0.253396
44362 0.301279 0.189126 0.509596
756 0.104327 0.517530 0.378143
44293 0.645789 0.231134 0.123077
760 0.455564 0.106441 0.437995
44730 0.095039 0.816987 0.087974
44767 0.904755 0.006592 0.088653
765 0.010241 0.432729 0.557030
44759 0.073898 0.432167 0.493934
44755 0.277279 0.515184 0.207537
811 0.000000 0.408435 0.591565
816 0.803806 0.124078 0.072116
788 0.831694 0.168306 0.000000
766 0.138878 0.850883 0.010239
755 0.558431 0.302086 0.139483
758 0.599216 0.053211 0.347573
753 0.571927 0.092530 0.335543
859 0.287573 0.059315 0.653112
817 0.233770 0.524786 0.241444
44733 0.260447 0.011915 0.727638
857 0.178603 0.313072 0.508325
44721 0.252836 0.268889 0.478275
44718 0.397950 0.212931 0.389119
44716 0.077760 0.842850 0.079390
1404 0.372038 0.050239 0.577723
479 0.528972 0.320533 0.150495
487 0.184060 0.272370 0.543570
38052 0.043001 0.339947 0.617052
37997 0.455289 0.511678 0.033033
38077 0.141586 0.362744 0.495670
38070 0.154191 0.543004 0.302805
38071 0.190626 0.600094 0.209280
38064 0.509858 0.107429 0.382713
38062 0.500109 0.427050 0.072841
38063 0.182187 0.370147 0.447666
38060 0.575716 0.190035 0.234249
38056 0.285295 0.546528 0.168177
38057 0.834488 0.016711 0.148802
37985 0.500412 0.454160 0.045428
37976 0.391571 0.028077 0.580353
37980 0.429753 0.380909 0.189338
945 0.041272 0.712698 0.246030
306 0.177509 0.341663 0.480828
318 0.680852 0.100632 0.218516
316 0.527455 0.311256 0.161289
309 0.236002 0.227596 0.536401
44287 0.622508 0.173883 0.203609
1156 0.148064 0.218456 0.633480
1157 0.605893 0.163246 0.230861
1158 0.166243 0.134741 0.699016
1159 0.414097 0.156081 0.429822
39 0.140286 0.252443 0.607270
1598 0.143425 0.817165 0.039410
38353 0.647500 0.310794 0.041706
59 0.049203 0.503728 0.447069
38351 0.604903 0.186143 0.208954
38350 0.081761 0.279896 0.638343
1830 0.290814 0.668782 0.040404
1831 0.748846 0.208435 0.042719
1818 0.531753 0.290385 0.177862
1819 0.649331 0.009699 0.340970
1820 0.744854 0.070497 0.184649
1816 0.188181 0.336435 0.475384
1831 0.006644 0.879321 0.114035
38583 0.327530 0.608002 0.064467
1472 0.206492 0.433156 0.360352
38342 0.557843 0.339622 0.102534
1552 0.822777 0.007387 0.169837
38466 0.636470 0.336438 0.027093
1117 0.063258 0.142337 0.794406
38437 0.110071 0.685495 0.204434
1178 0.224587 0.647360 0.128053
1098 0.046164 0.016042 0.937795
1114 0.295289 0.416424 0.288287
1111 0.440879 0.421961 0.137161
1110 0.016649 0.017783 0.965568
1106 0.666207 0.053097 0.280696
1109 0.206976 0.157738 0.635286
1219 0.708171 0.122518 0.169310
1223 0.566397 0.226501 0.207102
1251 0.379301 0.108205 0.512493
1219 0.142084 0.777311 0.080605
1220 0.171380 0.820679 0.007942
1220 0.495836 0.110171 0.393993
2576 0.454512 0.113766 0.431722
2577 0.221159 0.286186 0.492655
2575 0.779953 0.118340 0.101707
1932 0.224311 0.597778 0.177911
1932 0.611304 0.257698 0.130998
2517 0.304524 0.178372 0.517104
2596 0.473418 0.263462 0.263121
2597 0.356402 0.409452 0.234147
2594 0.595320 0.313171 0.091509
1239 0.309740 0.486961 0.203298
1235 0.016675 0.971984 0.011341
2592 0.211590 0.746556 0.041854
1234 0.209368 0.445588 0.345044
1235 0.341213 0.310759 0.348027
1234 0.785985 0.072504 0.141511
1315 0.575138 0.279017 0.145846
1133 0.016270 0.306054 0.677676
1133 0.366644 0.505598 0.127757
2576 0.142747 0.816630 0.040623
1137 0.345912 0.187511 0.466577
1137 0.173847 0.636779 0.189374
2580 0.049986 0.899012 0.051002
2581 0.696798 0.239682 0.063520
1789 0.393419 0.463425 0.143157
1786 0.621617 0.187891 0.190492
1785 0.504218 0.215602 0.280179
1782 0.821270 0.171926 0.006804
1777 0.483318 0.487666 0.029016
1774 0.397825 0.413978 0.188197
1769 0.148165 0.788025 0.063810
1771 0.207690 0.009203 0.783107
1802 0.478713 0.451975 0.069312
1741 0.719717 0.197901 0.082383
1639 0.009638 0.505563 0.484798
1293 0.745155 0.219059 0.035786
1625 0.048999 0.868971 0.082031
1589 0.040611 0.472695 0.486694
1813 0.032314 0.123928 0.843758
1809 0.229315 0.125954 0.644730
1792 0.124413 0.175320 0.700267
1790 0.279816 0.310059 0.410124
1333 0.309275 0.287675 0.403050
1335 0.225160 0.216580 0.558260
2557 0.331594 0.651743 0.016663
1332 0.268573 0.444238 0.287189
1334 0.211840 0.441252 0.346909
2556 0.814315 0.180415 0.005270
1866 0.285453 0.566316 0.148231
2724 0.125753 0.325146 0.549101
2720 0.318813 0.344702 0.336485
2726 0.026607 0.733852 0.239541
1862 0.590874 0.348446 0.060680
1864 0.355816 0.472559 0.171624
1867 0.374430 0.033743 0.591827
1869 0.308558 0.176074 0.515368
1884 0.151395 0.118064 0.730541
1868 0.225472 0.492246 0.282283
1884 0.524137 0.226771 0.249092
1302 0.346065 0.141943 0.511992
1329 0.611613 0.370150 0.018237
1330 0.680358 0.048064 0.271578
1302 0.024371 0.075444 0.900185
1328 0.222081 0.673313 0.104606
1330 0.218249 0.775057 0.006694
1300 0.149626 0.055605 0.794769
1301 0.085577 0.097852 0.816571
1300 0.535784 0.004972 0.459243
1296 0.314319 0.074302 0.611378
71 0.723702 0.207730 0.068568
1570 0.388248 0.381098 0.230655
1342 0.651552 0.110078 0.238370
1851 0.262383 0.586880 0.150737
1323 0.493407 0.135593 0.371000
1041 0.282393 0.696603 0.021004
1321 0.465333 0.513579 0.021089
1322 0.257648 0.379839 0.362513
1041 0.148696 0.271133 0.580171
1327 0.026786 0.643567 0.329647
38613 0.730094 0.113198 0.156708
38616 0.407214 0.546101 0.046686
1325 0.699428 0.147173 0.153400
38613 0.114197 0.476685 0.409118
38617 0.173065 0.686177 0.140758
38610 0.251632 0.056548 0.691821
38614 0.127646 0.226839 0.645515
1859 0.061432 0.326940 0.611628
1675 0.413241 0.121597 0.465162
1852 0.903854 0.070496 0.025650
1673 0.105285 0.379925 0.514791
2736 0.295481 0.386576 0.317943
1897 0.141493 0.314406 0.544101
1898 0.765016 0.158726 0.076257
2739 0.403630 0.415373 0.180997
1895 0.352451 0.617080 0.030469
1899 0.061043 0.546288 0.392669
2727 0.128479 0.376182 0.495340
2723 0.353283 0.194210 0.452507
2722 0.070247 0.793952 0.135801
2733 0.077254 0.714171 0.208574
1036 0.588184 0.349984 0.061832
1034 0.518451 0.271066 0.210483
1302 0.668739 0.247426 0.083835
1037 0.676873 0.038932 0.284195
1035 0.544034 0.110511 0.345455
1300 0.885630 0.037757 0.076613
1297 0.733967 0.261244 0.004789
1298 0.272574 0.060359 0.667067
38602 0.785392 0.085398 0.129211
1326 0.787696 0.037632 0.174672
1034 0.138356 0.856911 0.004733
1298 0.682016 0.090018 0.227967
38602 0.208869 0.243318 0.547813
2740 0.242623 0.194724 0.562653
2735 0.795250 0.019828 0.184922
2710 0.081616 0.039219 0.879165
2709 0.106829 0.747655 0.145515
2716 0.481108 0.467055 0.051837
2711 0.070453 0.325615 0.603933
2709 0.130070 0.127421 0.742509
2715 0.002548 0.882863 0.114588
2578 0.003539 0.936837 0.059624
2580 0.002146 0.504362 0.493492
2707 0.008546 0.702255 0.289198
2706 0.275058 0.424557 0.300385
1871 0.285074 0.582023 0.132903
2710 0.558753 0.394393 0.046854
1874 0.551448 0.328349 0.120203
2743 0.229543 0.476330 0.294127
2732 0.705776 0.267823 0.026401
1896 0.875331 0.038312 0.086357
1901 0.780792 0.048727 0.170481
1798 0.638636 0.090196 0.271168
64 0.454389 0.480105 0.065505
1613 0.695721 0.118843 0.185436
1654 0.056541 0.263629 0.679830
1645 0.449761 0.149434 0.400805
1567 0.176148 0.686093 0.137759
1572 0.155606 0.474099 0.370295
1571 0.176773 0.775123 0.048104
1342 0.540315 0.000000 0.459685
1221 0.277036 0.047451 0.675514
1245 0.075678 0.401604 0.522718
1216 0.807260 0.037314 0.155426
1236 0.301665 0.216676 0.481659
38741 0.659290 0.212059 0.128652
38740 0.312833 0.504731 0.182436
38464 0.434118 0.154025 0.411857
38465 0.448835 0.057457 0.493708
38738 0.041820 0.903310 0.054870
38742 0.591169 0.363183 0.045648
1594 0.012283 0.880676 0.107041
1598 0.183744 0.310942 0.505314
1594 0.282769 0.086182 0.631049
1599 0.044991 0.710505 0.244503
1596 0.441966 0.203566 0.354469
1592 0.517773 0.283612 0.198615
1600 0.000000 0.559847 0.440153
2705 0.147077 0.547372 0.305550
2715 0.058727 0.328527 0.612746
2578 0.112838 0.067758 0.819404
2667 0.308367 0.136209 0.555424
2669 0.090944 0.224367 0.684688
2588 0.043233 0.211360 0.745407
2579 0.209984 0.046916 0.743100
2575 0.180442 0.035141 0.784417
2579 0.855456 0.138732 0.005812
44 0.303382 0.613030 0.083588
1385 0.747495 0.162276 0.090229
1385 0.302909 0.615483 0.081608
1004 0.264627 0.655555 0.079818
1005 0.526699 0.137326 0.335975
1005 0.181275 0.517336 0.301389
1204 0.315206 0.040915 0.643879
1003 0.517558 0.252444 0.229998
1205 0.116438 0.162894 0.720668
1426 0.151663 0.744525 0.103812
1427 0.109570 0.380195 0.510235
1201 0.077534 0.696739 0.225728
45 0.286024 0.230422 0.483554
1548 0.027137 0.767921 0.204941
1009 0.586402 0.226043 0.187555
1008 0.247473 0.136090 0.616437
1002 0.020236 0.678389 0.301375
1006 0.275911 0.007704 0.716385
1547 0.144643 0.618583 0.236774
1551 0.529148 0.296224 0.174628
1546 0.563779 0.064359 0.371862
1550 0.069063 0.653477 0.277460
1128 0.281140 0.367609 0.351251
1126 0.122036 0.411330 0.466634
1549 0.077196 0.102874 0.819931
1544 0.241959 0.459128 0.298912
1473 0.557285 0.238865 0.203850
1468 0.298203 0.135066 0.566731
1552 0.176681 0.731941 0.091378
1559 0.120586 0.502447 0.376967
1469 0.024457 0.229910 0.745633
1540 0.503752 0.178910 0.317339
1125 0.170023 0.363065 0.466912
1537 0.097773 0.356628 0.545599
1178 0.733535 0.153900 0.112565
1117 0.017182 0.635995 0.346823
1174 0.241897 0.718469 0.039634
1173 0.078181 0.776341 0.145478
1208 0.870385 0.089336 0.040279
1211 0.050046 0.522633 0.427321
1119 0.602937 0.384133 0.012930
1118 0.190411 0.552883 0.256706
2686 0.181125 0.365966 0.452909
2691 0.119014 0.035338 0.845647
2550 0.258216 0.206691 0.535093
2553 0.008791 0.448838 0.542371
2553 0.670616 0.141144 0.188239
1399 0.294830 0.155334 0.549836
1401 0.801666 0.073904 0.124431
1419 0.325445 0.589100 0.085455
1533 0.577690 0.231020 0.191289
1527 0.815363 0.141828 0.042809
1525 0.858979 0.012952 0.128069
1148 0.030485 0.188961 0.780554
1519 0.602677 0.097891 0.299432
1525 0.448985 0.346020 0.204995
1148 0.182601 0.696490 0.120909
1519 0.145402 0.574661 0.279937
1525 0.140214 0.734691 0.125095
1510 0.511309 0.488691 0.000000
1514 0.750034 0.092905 0.157061
1474 0.020285 0.455200 0.524515
1498 0.094054 0.448110 0.457836
1148 0.947998 0.040130 0.011872
1475 0.113072 0.029473 0.857455
1393 0.576830 0.275324 0.147846
1392 0.848241 0.048459 0.103300
38160 0.003938 0.214530 0.781532
1154 0.667483 0.184214 0.148303
1392 0.086990 0.696289 0.216721
38165 0.175629 0.641201 0.183170
1155 0.356053 0.569654 0.074293
38169 0.155457 0.243507 0.601037
1152 0.304891 0.483843 0.211266
38168 0.253097 0.064088 0.682815
38173 0.017530 0.775154 0.207316
38173 0.723138 0.238948 0.037914
1213 0.230618 0.694182 0.075200
1215 0.497525 0.328757 0.173718
1512 0.292993 0.691468 0.015539
1085 0.490932 0.244548 0.264520
1084 0.122306 0.154454 0.723239
1516 0.590877 0.249620 0.159503
1503 0.068033 0.371875 0.560092
1530 0.215753 0.714961 0.069286
1527 0.252061 0.636869 0.111070
1175 0.455439 0.207595 0.336966
1120 0.324073 0.330452 0.345475
1539 0.417134 0.315410 0.267457
38174 0.211155 0.320413 0.468432
2837 0.158376 0.658254 0.183371
2836 0.399489 0.423634 0.176877
2839 0.397013 0.602566 0.000421
2838 0.381598 0.522572 0.095830
2852 0.321700 0.200297 0.478004
1150 0.212005 0.579094 0.208901
1150 0.739142 0.052179 0.208679
1393 0.100300 0.303459 0.596241
1391 0.577624 0.298753 0.123622
1386 0.657423 0.068933 0.273644
1167 0.148604 0.539401 0.311996
1389 0.281361 0.384225 0.334414
1164 0.527397 0.082790 0.389813
1388 0.527528 0.196150 0.276322
1165 0.121916 0.357873 0.520211
38161 0.065418 0.342726 0.591856
1477 0.142479 0.704588 0.152933
1479 0.060846 0.613312 0.325842
1481 0.024903 0.638470 0.336628
1480 0.416478 0.572022 0.011500
1166 0.449724 0.488218 0.062058
1491 0.030334 0.472460 0.497206
1487 0.002727 0.675450 0.321823
1170 0.668090 0.248290 0.083620
1171 0.103490 0.305939 0.590571
1169 0.580726 0.261084 0.158190
1169 0.154461 0.224560 0.620979
1494 0.014189 0.282828 0.702983
1492 0.023208 0.288759 0.688033
1495 0.661945 0.170604 0.167450
1493 0.697331 0.236890 0.065779
1825 0.128392 0.761492 0.110116
1095 0.333773 0.518494 0.147733
1093 0.464714 0.344737 0.190549
1825 0.638412 0.107880 0.253708
1183 0.212124 0.106985 0.680891
1185 0.230397 0.260629 0.508974
67 0.397759 0.554922 0.047319
1822 0.148953 0.066580 0.784466
1182 0.047990 0.863348 0.088662
1186 0.399944 0.308368 0.291688
42 0.276038 0.447151 0.276810
66 0.231146 0.409944 0.358910
1089 0.018775 0.509920 0.471306
1088 0.421886 0.428487 0.149627
1090 0.392862 0.287664 0.319475
1086 0.102726 0.802557 0.094717
1827 0.594462 0.354187 0.051351
1815 0.301696 0.567763 0.130542
1829 0.930154 0.001106 0.068739
1086 0.046171 0.062348 0.891481
1087 0.286451 0.287509 0.426040
1071 0.518559 0.381915 0.099527
1069 0.409818 0.568614 0.021569
1082 0.269933 0.359640 0.370427
1080 0.204818 0.199361 0.595821
1083 0.807940 0.024720 0.167340
1081 0.443025 0.027780 0.529195
1099 0.627058 0.343526 0.029417
1097 0.900889 0.056590 0.042521
1096 0.367914 0.053918 0.578168
1093 0.121797 0.822923 0.055281
1074 0.682665 0.089781 0.227553
1070 0.010844 0.158756 0.830400
1829 0.327810 0.638887 0.033303
1817 0.262083 0.415855 0.322063
1210 0.694428 0.210425 0.095147
38742 0.141417 0.778807 0.079776
1210 0.132509 0.138098 0.729393
1213 0.065393 0.227828 0.706780
1102 0.060512 0.164364 0.775125
1100 0.388459 0.291844 0.319697
1102 0.798131 0.066724 0.135145
1074 0.094926 0.166429 0.738645
2592 0.467058 0.080699 0.452242
2593 0.033667 0.387318 0.579015
2631 0.257459 0.402756 0.339785
2630 0.417954 0.402443 0.179603
2634 0.520042 0.132128 0.347830
2543 0.500632 0.369297 0.130070
2635 0.071092 0.343246 0.585662
1250 0.741926 0.141455 0.116620
2516 0.183824 0.476034 0.340142
2584 0.140044 0.144105 0.715851
2595 0.230441 0.579411 0.190147
2620 0.321364 0.014310 0.664326
2617 0.382790 0.493255 0.123955
2613 0.487638 0.420959 0.091403
2591 0.323622 0.394324 0.282055
2632 0.349604 0.174924 0.475473
2581 0.328661 0.154984 0.516355
1101 0.056571 0.337808 0.605622
1252 0.140269 0.493977 0.365754
1072 0.362409 0.237256 0.400335
1265 0.156762 0.648254 0.194984
1240 0.665340 0.204273 0.130387
1104 0.134625 0.332961 0.532414
1105 0.014440 0.466749 0.518811
1248 0.190671 0.276401 0.532928
1255 0.031693 0.033037 0.935270
1254 0.022728 0.375912 0.601360
2639 0.240088 0.030325 0.729587
1267 0.140280 0.789000 0.070720
2639 0.173321 0.798711 0.027969
1268 0.457997 0.490763 0.051239
2643 0.174417 0.518803 0.306781
2647 0.248320 0.189125 0.562555
2646 0.127008 0.228939 0.644053
1256 0.777332 0.186481 0.036187
1259 0.024752 0.954335 0.020913
2515 0.402547 0.313083 0.284369
2648 0.231208 0.244829 0.523963
2503 0.442642 0.012401 0.544956
2649 0.376988 0.054286 0.568726
2502 0.300124 0.247193 0.452682
2645 0.270440 0.386219 0.343341
2601 0.443416 0.216880 0.339704
2599 0.035717 0.045364 0.918919
2506 0.588485 0.031666 0.379849
2505 0.179717 0.358523 0.461760
2501 0.120156 0.670490 0.209355
2511 0.313440 0.132179 0.554380
2657 0.619588 0.129129 0.251283
2655 0.440612 0.327925 0.231463
2510 0.269193 0.032784 0.698023
2652 0.547088 0.005000 0.447912
2651 0.412732 0.587038 0.000229
2512 0.006056 0.071707 0.922237
2513 0.243679 0.287328 0.468993
1514 0.024791 0.603940 0.371269
1502 0.380328 0.391366 0.228306
1506 0.450188 0.472483 0.077329
1504 0.091808 0.472491 0.435701
1207 0.160068 0.611699 0.228233
1276 0.436307 0.285071 0.278622
43 0.104947 0.279768 0.615285
1272 0.152066 0.693923 0.154011
1508 0.238222 0.667019 0.094760
1272 0.845875 0.049041 0.105085
1500 0.301233 0.441862 0.256905
1496 0.209608 0.518701 0.271691
56 0.273193 0.379255 0.347552
1919 0.132444 0.700401 0.167155
1501 0.146279 0.021022 0.832699
1920 0.263488 0.222568 0.513944
1188 0.312023 0.682823 0.005153
1077 0.563313 0.291306 0.145381
1926 0.009351 0.722935 0.267714
1923 0.418673 0.517680 0.063647
1350 0.607190 0.244222 0.148588
1349 0.320008 0.612539 0.067453
1360 0.129069 0.030920 0.840011
2658 0.277278 0.285100 0.437621
1917 0.081227 0.292706 0.626068
3063 0.365695 0.393287 0.241018
1910 0.814006 0.141754 0.044240
3059 0.258627 0.239451 0.501922
3050 0.046328 0.023019 0.930652
2530 0.255453 0.687341 0.057206
1902 0.060971 0.662450 0.276579
1372 0.244843 0.270048 0.485109
3036 0.026561 0.892620 0.080820
3042 0.796785 0.195587 0.007628
3047 0.001912 0.454131 0.543957
3061 0.084568 0.445470 0.469962
2625 0.091607 0.550365 0.358028
2660 0.378332 0.441199 0.180469
2509 0.230740 0.525664 0.243597
2629 0.186599 0.420757 0.392644
2627 0.002882 0.776425 0.220693
2966 0.084776 0.135798 0.779426
3030 0.491019 0.364034 0.144947
3022 0.250271 0.532842 0.216887
2656 0.160073 0.560530 0.279397
2659 0.503699 0.017300 0.479002
1360 0.107476 0.769117 0.123407
1362 0.038534 0.522896 0.438569
3032 0.564196 0.255453 0.180351
2673 0.239774 0.758639 0.001587
3034 0.205784 0.677530 0.116686
2671 0.194571 0.439930 0.365499
2681 0.323402 0.567623 0.108975
2679 0.247723 0.425774 0.326503
2522 0.346951 0.622329 0.030719
2677 0.278102 0.720004 0.001895
2675 0.215562 0.495174 0.289263
2526 0.359446 0.597549 0.043005
3019 0.693659 0.089561 0.216779
2983 0.045471 0.618262 0.336267
1346 0.570361 0.205424 0.224215
1345 0.188699 0.546588 0.264713
1358 0.493627 0.216348 0.290025
1357 0.121426 0.573638 0.304936
1354 0.285354 0.343712 0.370933
1353 0.072603 0.752169 0.175227
1368 0.368121 0.107417 0.524462
1380 0.370481 0.083240 0.546279
2518 0.183346 0.734977 0.081677
1376 0.209435 0.172940 0.617625
2982 0.467279 0.473487 0.059235
2996 0.546351 0.147659 0.305990
2869 0.115086 0.880137 0.004777
2583 0.026719 0.876259 0.097022
2619 0.105390 0.834220 0.060390
2854 0.218654 0.032329 0.749017
2608 0.460067 0.111948 0.427986
2604 0.254347 0.406350 0.339302
2637 0.392630 0.533939 0.073430
2545 0.284576 0.370540 0.344883
2615 0.119134 0.767004 0.113862
2611 0.120246 0.777205 0.102549
2548 0.018517 0.168554 0.812929
2600 0.035671 0.657908 0.306421
2549 0.199862 0.211137 0.589002
2547 0.351413 0.244139 0.404447
2606 0.097808 0.050864 0.851328
2607 0.215336 0.089855 0.694809
2641 0.192516 0.704364 0.103121
2603 0.239223 0.366645 0.394132
2599 0.046302 0.753128 0.200570
2729 0.437508 0.238346 0.324146
2822 0.146151 0.078862 0.774988
1846 0.000000 0.061118 0.938882
2689 0.677328 0.140142 0.182530
2689 0.303899 0.352341 0.343760
2686 0.391375 0.568625 0.040000
2699 0.014155 0.768182 0.217663
2701 0.308234 0.288422 0.403344
1255 0.641918 0.169399 0.188683
1263 0.017073 0.722476 0.260451
2699 0.669313 0.296576 0.034111
2685 0.360778 0.270041 0.369181
2683 0.286638 0.204559 0.508804
2999 0.310686 0.406993 0.282321
1607 0.708455 0.177534 0.114011
1650 0.204441 0.149538 0.646020
1935 0.614584 0.385416 0.000000
1281 0.383513 0.323474 0.293013
1730 0.842011 0.012716 0.145273
1713 0.014120 0.388629 0.597251
38630 0.187661 0.479381 0.332958
1764 0.855429 0.000000 0.144571
1764 0.138396 0.218786 0.642818
1761 0.336442 0.279164 0.384394
1758 0.264870 0.517004 0.218126
1736 0.479047 0.520953 0.000000
1736 0.283724 0.009672 0.706604
1732 0.177187 0.822813 0.000000
1732 0.232355 0.338841 0.428804
1731 0.206468 0.753344 0.040188
1724 0.511130 0.135167 0.353703
1775 0.072432 0.813801 0.113767
1060 0.128935 0.837261 0.033804
1316 0.711561 0.014462 0.273976
1319 0.381351 0.260960 0.357689
1318 0.768542 0.179318 0.052140
38373 0.037336 0.819986 0.142678
1318 0.023700 0.893553 0.082747
1233 0.141982 0.590095 0.267923
1181 0.261604 0.050187 0.688210
1305 0.346317 0.412314 0.241368
1309 0.348722 0.402656 0.248622
1313 0.383572 0.233600 0.382828
1134 0.127204 0.572479 0.300317
1135 0.022851 0.369919 0.607230
1315 0.060019 0.493934 0.446047
1314 0.251191 0.396291 0.352518
1138 0.393139 0.242864 0.363996
1892 0.113870 0.558983 0.327147
1873 0.515041 0.206093 0.278866
1892 0.751909 0.041405 0.206686
1888 0.463884 0.459320 0.076796
1900 0.166585 0.759608 0.073807
1872 0.181109 0.096304 0.722587
1136 0.315787 0.574295 0.109918
1139 0.005265 0.076568 0.918167
1882 0.565546 0.157641 0.276813
1883 0.139591 0.666865 0.193544
1900 0.048290 0.049095 0.902615
1880 0.186879 0.410984 0.402138
1885 0.221763 0.151880 0.626357
38605 0.774589 0.021024 0.204386
1880 0.574533 0.358598 0.066869
38659 0.054327 0.886502 0.059172
1685 0.143544 0.645330 0.211126
38658 0.244807 0.664824 0.090369
38275 0.053783 0.356240 0.589977
38660 0.685520 0.022737 0.291743
38624 0.086013 0.102005 0.811982
38620 0.168364 0.403287 0.428350
38912 0.158538 0.370359 0.471103
38910 0.409703 0.255394 0.334904
1684 0.581127 0.399501 0.019372
1687 0.628045 0.365493 0.006462
38380 0.155471 0.024935 0.819594
38618 0.156080 0.532237 0.311683
38650 0.091552 0.656271 0.252177
38645 0.269808 0.093623 0.636569
1693 0.729272 0.024974 0.245755
1748 0.499012 0.107889 0.393099
