12231 0.426431 0.503776 0.069793
12230 0.466177 0.362650 0.171173
12990 0.316230 0.400877 0.282894
12989 0.257893 0.590321 0.151786
13413 0.752713 0.173987 0.073299
13412 0.326110 0.146498 0.527392
12289 0.510203 0.215437 0.274360
12288 0.127289 0.411280 0.461430
12290 0.098852 0.197361 0.703787
13417 0.255505 0.483872 0.260623
12288 0.651955 0.326192 0.021853
13412 0.827321 0.037509 0.135170
12243 0.380009 0.204638 0.415353
13416 0.566765 0.043985 0.389251
12291 0.145678 0.217499 0.636824
12287 0.837392 0.107897 0.054711
12986 0.724203 0.025274 0.250523
12242 0.584693 0.330353 0.084954
12978 0.021096 0.851690 0.127214
12986 0.024731 0.507658 0.467610
12293 0.115177 0.359173 0.525650
12292 0.177471 0.218209 0.604320
5404 0.068411 0.186967 0.744622
12290 0.219328 0.758350 0.022322
12292 0.099933 0.867282 0.032785
13759 0.093619 0.376558 0.529824
13758 0.072002 0.910942 0.017056
6870 0.715772 0.203562 0.080667
12293 0.465360 0.361698 0.172943
9058 0.631420 0.302052 0.066528
12290 0.547574 0.448232 0.004194
9057 0.596557 0.326423 0.077019
12230 0.157136 0.646824 0.196041
12990 0.025963 0.433870 0.540167
12990 0.568993 0.304843 0.126165
12989 0.158071 0.345362 0.496567
12232 0.026067 0.199377 0.774556
12238 0.097283 0.306260 0.596457
12291 0.466186 0.254342 0.279471
13416 0.186024 0.399590 0.414386
13412 0.449081 0.413318 0.137601
12288 0.217769 0.682417 0.099814
13374 0.851058 0.040844 0.108098
12288 0.567393 0.062011 0.370596
12288 0.144769 0.129529 0.725702
12989 0.665331 0.227599 0.107069
12289 0.150187 0.192203 0.657611
12990 0.072184 0.840421 0.087395
13413 0.483614 0.455979 0.060407
12289 0.227082 0.492299 0.280619
13374 0.235948 0.103652 0.660399
9056 0.228397 0.386938 0.384665
13413 0.393558 0.149916 0.456526
8669 0.948367 0.000000 0.051633
12350 0.551049 0.021975 0.426976
12351 0.359824 0.532118 0.108058
5463 0.458149 0.078322 0.463528
5463 0.304492 0.672740 0.022768
1782 0.118134 0.532660 0.349206
5303 0.151056 0.759261 0.089683
5303 0.501626 0.228546 0.269828
5303 0.079265 0.582304 0.338431
5303 0.433431 0.031517 0.535052
5303 0.018640 0.432920 0.548440
5286 0.074218 0.259657 0.666125
5304 0.647340 0.352058 0.000602
5286 0.119693 0.154328 0.725978
12351 0.064707 0.041177 0.894117
12351 0.045812 0.096980 0.857208
13064 0.915851 0.000000 0.084149
6175 0.419185 0.000000 0.580815
6175 0.084872 0.000000 0.915128
13063 0.435649 0.310900 0.253452
6175 0.346236 0.000000 0.653764
13063 0.301498 0.262042 0.436460
12344 0.284650 0.201687 0.513664
5457 0.489114 0.126037 0.384849
1413 0.380662 0.027391 0.591947
8389 0.541009 0.435013 0.023978
12345 0.149815 0.505135 0.345050
5456 0.192951 0.651721 0.155328
13063 0.935232 0.046993 0.017775
13063 0.674224 0.049867 0.275908
6175 0.653597 0.000000 0.346403
13063 0.177334 0.209426 0.613240
6175 0.371770 0.000000 0.628230
6175 0.401504 0.000000 0.598496
13063 0.079379 0.167686 0.752935
6175 0.415588 0.000000 0.584412
6175 0.081772 0.000000 0.918228
6175 0.417393 0.000000 0.582607
6175 0.083507 0.000000 0.916493
6175 0.640542 0.000000 0.359458
6175 0.637399 0.000000 0.362601
1354 0.309279 0.188625 0.502097
5285 0.179963 0.433846 0.386191
1412 0.488589 0.278348 0.233064
13063 0.499094 0.040350 0.460555
13063 0.339428 0.015165 0.645407
12351 0.000000 0.259090 0.740910
12351 0.002699 0.188963 0.808338
1781 0.046866 0.371290 0.581844
5286 0.141134 0.710855 0.148011
5286 0.250486 0.502013 0.247501
5286 0.314361 0.355714 0.329925
5286 0.356291 0.259504 0.384205
6175 0.646836 0.000000 0.353164
12221 0.000845 0.439952 0.559202
9031 0.812812 0.042614 0.144574
9037 0.031797 0.054323 0.913880
8601 0.568119 0.314856 0.117025
8225 0.168034 0.446037 0.385929
13360 0.147989 0.680082 0.171930
7945 0.007800 0.568832 0.423367
9053 0.449290 0.128729 0.421980
9053 0.639519 0.218037 0.142444
13361 0.418164 0.046030 0.535806
8374 0.186693 0.613740 0.199568
12214 0.489956 0.193008 0.317037
8374 0.964301 0.026434 0.009265
12217 0.692379 0.135383 0.172238
12209 0.189795 0.012028 0.798177
11993 0.613334 0.298247 0.088419
12220 0.157369 0.086207 0.756424
13746 0.708325 0.174895 0.116779
12273 0.610505 0.274483 0.115012
8301 0.438359 0.481735 0.079906
13133 0.448709 0.298582 0.252710
8227 0.276162 0.477988 0.245850
13411 0.301507 0.212370 0.486123
8228 0.079248 0.854695 0.066056
6245 0.913609 0.010570 0.075820
13760 0.191077 0.433583 0.375341
12221 0.297132 0.378869 0.323999
9038 0.661353 0.123906 0.214741
12221 0.595679 0.344856 0.059464
12220 0.031940 0.732239 0.235821
9038 0.352780 0.172517 0.474703
12031 0.716305 0.236878 0.046818
12031 0.824773 0.028021 0.147205
12245 0.113932 0.535022 0.351046
12223 0.090536 0.565083 0.344381
13771 0.506718 0.246414 0.246868
12273 0.063190 0.400782 0.536029
13770 0.103031 0.426990 0.469979
13770 0.488092 0.401930 0.109978
6244 0.088986 0.336965 0.574049
1341 0.464155 0.198667 0.337179
1780 0.615111 0.251680 0.133210
13768 0.186416 0.618373 0.195211
13768 0.858346 0.107709 0.033945
6879 0.121366 0.253327 0.625306
13771 0.563398 0.207573 0.229029
12273 0.130552 0.518581 0.350866
13746 0.062171 0.635878 0.301951
9038 0.012580 0.237114 0.750306
13746 0.451504 0.135201 0.413295
12272 0.089333 0.381492 0.529175
5329 0.563774 0.396630 0.039596
1414 0.143902 0.161631 0.694467
1339 0.082643 0.180884 0.736473
6872 0.077338 0.468402 0.454260
9054 0.451721 0.008975 0.539305
6880 0.171626 0.429062 0.399312
9037 0.305375 0.146911 0.547714
9038 0.554217 0.444998 0.000784
9038 0.254148 0.479909 0.265943
13747 0.068498 0.481967 0.449535
13747 0.428247 0.454805 0.116948
13746 0.285504 0.113352 0.601144
12272 0.216826 0.382544 0.400630
12273 0.144677 0.594071 0.261252
13771 0.613042 0.199678 0.187280
13770 0.127473 0.371237 0.501290
13770 0.506210 0.367733 0.126058
13421 0.360500 0.616974 0.022526
12245 0.143214 0.126728 0.730058
8374 0.144665 0.039650 0.815685
8602 0.495682 0.066541 0.437777
8225 0.776243 0.041091 0.182666
12211 0.828153 0.024412 0.147435
13766 0.331734 0.112326 0.555940
13767 0.125968 0.244490 0.629542
13769 0.468354 0.143781 0.387865
12973 0.213613 0.331495 0.454893
13025 0.228487 0.586666 0.184846
13025 0.123994 0.800812 0.075195
12286 0.035353 0.918493 0.046154
13026 0.093364 0.367273 0.539363
13041 0.326251 0.140510 0.533239
13041 0.156700 0.413131 0.430169
12285 0.285997 0.231078 0.482925
12284 0.426534 0.487809 0.085657
12279 0.552247 0.094246 0.353507
13025 0.369071 0.313991 0.316937
13026 0.397672 0.264843 0.337485
11514 0.165272 0.492187 0.342541
12235 0.512510 0.256317 0.231173
11995 0.276556 0.433721 0.289722
13293 0.012714 0.001916 0.985370
11513 0.377642 0.339409 0.282950
11513 0.169053 0.186501 0.644447
13221 0.485542 0.195489 0.318968
13220 0.080822 0.283769 0.635408
13220 0.384858 0.380402 0.234740
13220 0.519171 0.296520 0.184309
12031 0.011189 0.205160 0.783651
12032 0.700616 0.246189 0.053194
12032 0.579755 0.148569 0.271676
13220 0.476052 0.454508 0.069439
13220 0.219007 0.495090 0.285903
13220 0.659400 0.333403 0.007197
12032 0.752441 0.002019 0.245540
12276 0.107727 0.680070 0.212203
12274 0.186154 0.693717 0.120129
12274 0.442240 0.131500 0.426259
9049 0.285683 0.052862 0.661455
12282 0.045138 0.790068 0.164794
12284 0.114946 0.858557 0.026497
12281 0.224904 0.507383 0.267713
12279 0.140683 0.818465 0.040852
9043 0.038307 0.912240 0.049453
9042 0.541575 0.388803 0.069622
12275 0.260329 0.257832 0.481839
12275 0.842334 0.005093 0.152573
9044 0.396224 0.203490 0.400286
9046 0.278166 0.512387 0.209448
12284 0.669865 0.144527 0.185608
12285 0.625948 0.105332 0.268720
8226 0.063362 0.108115 0.828524
12973 0.351264 0.473310 0.175426
13220 0.064160 0.045792 0.890048
13220 0.605333 0.071749 0.322918
12031 0.254006 0.004312 0.741682
12031 0.426787 0.244883 0.328330
12031 0.473261 0.105592 0.421146
12031 0.083209 0.130099 0.786693
12031 0.223453 0.168533 0.608014
13220 0.740599 0.174545 0.084856
13220 0.381794 0.285286 0.332920
13221 0.442042 0.521343 0.036615
13220 0.109466 0.427651 0.462884
13220 0.267556 0.585995 0.146449
13220 0.024652 0.605538 0.369810
12032 0.478517 0.104147 0.417336
12032 0.563397 0.277918 0.158685
12031 0.073307 0.331132 0.595561
12031 0.195146 0.253544 0.551311
13771 0.447333 0.300320 0.252347
9055 0.209707 0.257441 0.532852
9058 0.110450 0.269236 0.620314
2169 0.513909 0.387884 0.098207
9057 0.061252 0.843580 0.095168
9054 0.333589 0.386715 0.279696
12973 0.172759 0.802534 0.024707
12287 0.308379 0.321555 0.370066
12989 0.092646 0.084178 0.823176
12974 0.065351 0.624421 0.310228
13375 0.371505 0.215931 0.412564
9053 0.185077 0.561067 0.253856
13374 0.089370 0.600841 0.309789
13042 0.266181 0.687802 0.046017
13038 0.252859 0.718571 0.028570
12242 0.021290 0.026302 0.952407
12282 0.196750 0.027789 0.775461
12286 0.240917 0.518996 0.240087
12282 0.468752 0.290645 0.240603
9045 0.156402 0.354620 0.488978
9044 0.689291 0.202546 0.108164
9043 0.734250 0.220108 0.045641
12240 0.331099 0.051807 0.617094
12226 0.445888 0.322384 0.231728
12223 0.279878 0.294542 0.425579
12245 0.337506 0.035699 0.626795
12234 0.199317 0.588531 0.212152
12227 0.453046 0.156804 0.390150
13288 0.607724 0.002696 0.389580
9031 0.236751 0.294686 0.468563
9031 0.557126 0.331885 0.110989
13756 0.592926 0.213975 0.193099
9032 0.729683 0.095926 0.174390
12244 0.043804 0.690098 0.266098
13756 0.372183 0.132446 0.495372
6097 0.673428 0.053945 0.272627
5343 0.727435 0.064676 0.207889
5398 0.550326 0.119915 0.329759
6101 0.053139 0.654244 0.292617
5343 0.383811 0.002799 0.613389
6102 0.920702 0.045717 0.033581
6101 0.456974 0.292196 0.250830
5400 0.203078 0.019024 0.777898
6528 0.584627 0.328974 0.086399
5401 0.064518 0.143923 0.791559
5401 0.540587 0.167146 0.292267
5400 0.542126 0.349191 0.108683
6149 0.410054 0.386453 0.203492
5401 0.136132 0.855644 0.008224
6529 0.700650 0.187065 0.112285
5399 0.393261 0.551774 0.054965
6097 0.130784 0.559271 0.309945
6153 0.516694 0.318551 0.164754
5354 0.010246 0.594413 0.395341
6154 0.060201 0.567100 0.372699
5404 0.070839 0.925480 0.003681
5405 0.142005 0.296222 0.561773
5402 0.210849 0.513063 0.276088
5403 0.559295 0.033493 0.407211
6870 0.165624 0.788692 0.045684
5345 0.390536 0.079875 0.529590
5405 0.092423 0.631130 0.276447
2168 0.009477 0.525581 0.464942
5403 0.540476 0.382026 0.077498
2167 0.155693 0.397445 0.446862
5342 0.108928 0.256050 0.635021
5398 0.238087 0.111579 0.650334
5398 0.772889 0.184927 0.042184
2163 0.013445 0.001759 0.984796
5351 0.266344 0.172978 0.560678
6525 0.116916 0.210473 0.672611
6528 0.230687 0.310074 0.459238
5401 0.115096 0.500835 0.384068
6525 0.663553 0.248562 0.087885
5400 0.138453 0.387536 0.474011
2165 0.233387 0.577670 0.188942
2165 0.753772 0.112036 0.134191
6086 0.797072 0.105816 0.097111
6086 0.428507 0.063911 0.507583
6101 0.050856 0.337958 0.611186
6102 0.292513 0.356088 0.351400
5343 0.102276 0.337732 0.559992
6101 0.370764 0.041758 0.587478
6487 0.019316 0.258129 0.722555
6486 0.086381 0.292710 0.620909
5343 0.396044 0.362956 0.241001
5304 0.816307 0.000000 0.183693
6183 0.000000 0.380907 0.619093
6184 0.098601 0.774821 0.126578
6183 0.015225 0.504979 0.479796
6184 0.063841 0.842052 0.094107
6183 0.053355 0.613531 0.333115
5304 0.930735 0.000000 0.069265
6183 0.109143 0.708565 0.182292
5304 0.938723 0.000000 0.061277
6183 0.146644 0.752529 0.100827
5304 0.839878 0.120187 0.039935
6183 0.172910 0.790692 0.036398
5304 0.753498 0.224218 0.022283
5286 0.180016 0.015881 0.804103
5462 0.918242 0.000000 0.081758
5462 0.919347 0.000000 0.080653
6175 0.093456 0.000000 0.906544
6175 0.422639 0.000000 0.577361
6175 0.089566 0.000000 0.910434
6175 0.135206 0.000000 0.864794
6175 0.401395 0.000000 0.598605
6175 0.129659 0.000000 0.870341
6194 0.502604 0.000000 0.497396
6194 0.368126 0.256773 0.375101
6450 0.347354 0.069038 0.583608
6450 0.663910 0.252845 0.083245
6183 0.075932 0.233075 0.690994
6183 0.188620 0.282058 0.529322
5304 0.716668 0.000000 0.283332
5462 0.959444 0.000000 0.040556
6175 0.678899 0.000000 0.321101
6175 0.120605 0.000000 0.879395
6175 0.412908 0.000000 0.587092
6175 0.428757 0.000000 0.571243
13064 0.886927 0.000000 0.113073
6175 0.433047 0.000000 0.566953
6175 0.105472 0.000000 0.894528
6175 0.425304 0.000000 0.574696
6175 0.097378 0.000000 0.902622
13064 0.349550 0.000000 0.650450
6175 0.643673 0.000000 0.356327
6183 0.740610 0.032813 0.226577
6183 0.809195 0.135402 0.055402
5299 0.022678 0.304076 0.673246
5462 0.972007 0.000000 0.027993
5462 0.963572 0.000000 0.036428
5462 0.941954 0.000000 0.058046
5462 0.928928 0.000000 0.071072
6183 0.282888 0.348015 0.369097
6183 0.371185 0.431737 0.197078
6183 0.423295 0.465451 0.111254
6183 0.447821 0.502505 0.049674
5286 0.413696 0.127682 0.458622
6175 0.662895 0.000000 0.337105
2144 0.043885 0.939592 0.016522
2143 0.402133 0.492282 0.105586
2149 0.450072 0.491135 0.058793
6482 0.204601 0.409744 0.385654
1338 0.022538 0.541986 0.435476
6473 0.015622 0.380050 0.604328
6472 0.062450 0.350260 0.587291
2166 0.883631 0.115674 0.000695
2166 0.615418 0.182142 0.202440
1338 0.510349 0.343875 0.145776
1713 0.474311 0.066105 0.459584
5320 0.201206 0.638676 0.160118
6483 0.616379 0.206241 0.177380
5320 0.585079 0.075421 0.339501
1714 0.225010 0.338277 0.436713
6859 0.578962 0.275026 0.146012
2150 0.271817 0.110259 0.617924
6858 0.135607 0.648060 0.216333
5385 0.098173 0.345829 0.555998
6451 0.216667 0.299661 0.483672
1616 0.296038 0.306870 0.397092
1068 0.694188 0.008976 0.296836
1405 0.123444 0.218857 0.657699
1067 0.243194 0.520312 0.236494
1068 0.092410 0.169724 0.737866
6522 0.059420 0.126588 0.813993
2150 0.065087 0.759959 0.174954
2149 0.224388 0.421550 0.354062
2150 0.139267 0.451641 0.409092
5333 0.353714 0.193522 0.452763
2150 0.660116 0.325187 0.014697
5333 0.678375 0.168423 0.153202
2143 0.739840 0.210356 0.049804
5356 0.085937 0.135018 0.779045
5335 0.197491 0.770643 0.031866
13771 0.798026 0.199722 0.002253
12272 0.044877 0.858880 0.096243
13770 0.239661 0.271546 0.488794
13770 0.562557 0.317184 0.120259
6244 0.311666 0.645972 0.042361
6277 0.911266 0.008853 0.079881
6194 0.182730 0.495083 0.322188
1058 0.192956 0.562108 0.244936
1485 0.300363 0.596341 0.103296
1486 0.493771 0.079137 0.427092
13771 0.748573 0.177896 0.073530
12273 0.182604 0.810034 0.007362
6859 0.120960 0.383868 0.495172
6859 0.224823 0.015662 0.759515
6859 0.014230 0.845323 0.140447
12272 0.544630 0.360353 0.095016
5325 0.213963 0.443935 0.342102
6397 0.560899 0.285197 0.153904
1339 0.375022 0.326864 0.298114
6523 0.314729 0.319581 0.365689
6085 0.259994 0.366352 0.373654
2149 0.744944 0.103671 0.151385
2149 0.495637 0.054015 0.450348
9037 0.222507 0.764401 0.013093
13747 0.087681 0.074500 0.837819
13747 0.442813 0.145146 0.412041
13746 0.065382 0.126339 0.808280
12272 0.404409 0.373838 0.221753
12273 0.169792 0.734660 0.095548
13771 0.698921 0.185916 0.115163
13770 0.176233 0.315746 0.508021
13770 0.532238 0.338123 0.129639
13421 0.336112 0.621672 0.042216
5357 0.412293 0.272266 0.315441
1337 0.941752 0.032602 0.025645
1337 0.560615 0.336694 0.102691
1337 0.008709 0.793452 0.197839
6520 0.547196 0.096695 0.356109
1714 0.049885 0.903861 0.046253
1485 0.831822 0.042131 0.126048
1057 0.324386 0.213609 0.462004
6085 0.061691 0.896861 0.041448
6138 0.602314 0.204975 0.192712
6138 0.502545 0.409389 0.088066
6137 0.084458 0.588186 0.327355
2161 0.370976 0.114637 0.514387
2161 0.238609 0.052626 0.708765
6137 0.922613 0.008954 0.068433
2162 0.209840 0.113607 0.676554
5394 0.424800 0.403555 0.171645
5388 0.411427 0.515320 0.073253
6107 0.650803 0.279878 0.069319
2161 0.580274 0.173332 0.246394
4626 0.379468 0.373884 0.246648
5347 0.342453 0.330228 0.327319
5107 0.171654 0.174150 0.654195
4625 0.138522 0.128348 0.733130
4625 0.471526 0.466885 0.061589
6332 0.122989 0.068446 0.808566
6333 0.493114 0.353586 0.153300
6333 0.353454 0.134170 0.512376
5144 0.087246 0.787180 0.125574
5144 0.129891 0.865316 0.004793
5143 0.515010 0.419038 0.065952
5143 0.469967 0.375828 0.154205
5143 0.263066 0.480259 0.256674
5144 0.273306 0.722379 0.004315
5144 0.047863 0.680643 0.271493
5143 0.161594 0.669251 0.169155
5143 0.236369 0.671347 0.092284
5388 0.028872 0.105749 0.865380
5386 0.261424 0.244918 0.493658
5107 0.470244 0.453779 0.075977
2162 0.151174 0.407959 0.440867
2158 0.185833 0.006765 0.807402
2160 0.557040 0.184970 0.257990
5393 0.225558 0.363643 0.410799
5391 0.602938 0.200212 0.196850
2154 0.138108 0.074769 0.787123
2153 0.270229 0.209404 0.520367
5387 0.236203 0.433190 0.330607
5346 0.004660 0.973122 0.022218
2156 0.422329 0.294478 0.283192
2158 0.807413 0.111967 0.080620
5394 0.167282 0.310026 0.522693
5396 0.096123 0.692415 0.211462
1611 0.083902 0.773815 0.142282
6085 0.171514 0.576710 0.251776
5334 0.573863 0.343608 0.082529
5335 0.048258 0.929506 0.022236
5357 0.590802 0.118746 0.290452
5332 0.065301 0.070539 0.864160
5357 0.958918 0.001308 0.039774
5143 0.563305 0.436695 0.000000
5143 0.725261 0.233859 0.040880
5143 0.202617 0.771584 0.025799
6333 0.031328 0.127524 0.841148
6333 0.148923 0.381375 0.469702
6333 0.151235 0.261768 0.586998
5144 0.208159 0.599953 0.191889
6333 0.029189 0.422692 0.548119
5143 0.132020 0.523144 0.344836
5143 0.396124 0.324352 0.279523
5143 0.620887 0.188940 0.190173
5143 0.723399 0.155388 0.121213
13770 0.089653 0.152146 0.758201
6486 0.620352 0.259384 0.120264
2168 0.065315 0.034065 0.900620
2168 0.656499 0.066157 0.277344
6085 0.409244 0.078770 0.511986
6085 0.014926 0.418878 0.566197
2164 0.229770 0.122900 0.647330
2163 0.091563 0.228372 0.680065
6086 0.200932 0.393867 0.405201
6487 0.124117 0.755704 0.120178
2165 0.207269 0.261707 0.531024
2166 0.240696 0.309131 0.450172
6153 0.143925 0.099420 0.756655
5395 0.778482 0.082901 0.138617
5397 0.440998 0.385894 0.173109
5395 0.335207 0.317009 0.347784
6154 0.284372 0.020605 0.695023
2158 0.135035 0.473370 0.391596
2157 0.271462 0.201886 0.526651
2156 0.406289 0.576457 0.017253
2154 0.096626 0.735688 0.167686
2153 0.761912 0.230176 0.007911
5339 0.368738 0.314728 0.316533
5334 0.117670 0.471715 0.410616
5357 0.266126 0.461979 0.271895
5346 0.125682 0.133469 0.740849
5338 0.566567 0.009993 0.423440
6401 0.545589 0.121357 0.333053
2144 0.200596 0.655251 0.144153
2143 0.225431 0.390660 0.383909
6868 0.231741 0.558640 0.209619
6868 0.460367 0.260103 0.279530
2143 0.574210 0.035319 0.390471
6869 0.116249 0.870612 0.013139
5285 0.000000 0.296500 0.703500
1716 0.184785 0.442009 0.373206
1341 0.528849 0.427066 0.044085
6244 0.205867 0.489394 0.304739
1339 0.227843 0.255237 0.516920
6873 0.051280 0.597054 0.351666
5326 0.111897 0.814868 0.073235
6878 0.024640 0.143569 0.831792
6878 0.752619 0.217826 0.029555
5404 0.643969 0.286944 0.069087
5404 0.342746 0.234545 0.422709
2169 0.078100 0.327719 0.594181
5304 0.700372 0.288166 0.011462
5286 0.154354 0.086443 0.759204
5462 0.569506 0.227526 0.202968
5286 0.385023 0.193580 0.421398
12351 0.082986 0.005955 0.911059
1685 0.835263 0.164737 0.000000
6175 0.225609 0.000000 0.774391
13064 0.914767 0.000000 0.085233
1749 0.700275 0.000000 0.299725
6175 0.628401 0.000000 0.371599
1749 0.232387 0.000000 0.767613
1512 0.796869 0.000000 0.203131
1512 0.427431 0.000000 0.572569
6175 0.420601 0.000000 0.579399
1512 0.000000 0.000000 1.000000
5111 0.281722 0.583885 0.134393
1791 0.649017 0.006750 0.344233
1685 0.613077 0.386923 0.000000
2123 0.498911 0.380243 0.120847
12023 0.153855 0.255688 0.590457
6530 0.197459 0.000000 0.802541
13094 0.224847 0.124282 0.650871
6530 0.826727 0.000000 0.173273
12023 0.681074 0.223864 0.095062
13770 0.519529 0.351306 0.129165
13770 0.147276 0.342686 0.510038
13421 0.316978 0.295914 0.387107
12273 0.157249 0.664348 0.178403
13421 0.344497 0.599502 0.056001
13771 0.655991 0.192757 0.151251
13746 0.185213 0.108439 0.706347
13747 0.454115 0.301014 0.244870
9038 0.209544 0.723637 0.066820
12272 0.300536 0.387633 0.311831
13747 0.098873 0.279395 0.621732
9037 0.261451 0.484001 0.254548
9037 0.584906 0.188942 0.226152
13756 0.104902 0.096811 0.798287
7983 0.057024 0.510449 0.432528
7983 0.009513 0.204072 0.786415
13772 0.394786 0.334787 0.270428
13773 0.225269 0.417914 0.356817
13774 0.095153 0.037746 0.867101
13773 0.872014 0.041349 0.086637
11203 0.210200 0.506483 0.283316
11179 0.869339 0.029660 0.101001
13762 0.620338 0.093550 0.286112
13764 0.478774 0.098895 0.422331
12253 0.197826 0.471049 0.331125
12252 0.184488 0.288054 0.527457
12252 0.082307 0.914269 0.003423
12252 0.433195 0.541433 0.025372
11169 0.417368 0.053124 0.529507
11170 0.518271 0.473734 0.007995
7983 0.876412 0.005334 0.118253
11169 0.193257 0.767458 0.039285
11170 0.236697 0.428973 0.334330
7983 0.512478 0.243513 0.244009
11170 0.079838 0.373046 0.547116
11179 0.347593 0.320150 0.332258
11180 0.109218 0.494469 0.396312
11180 0.419057 0.559117 0.021826
8362 0.093842 0.735684 0.170474
8362 0.103573 0.356732 0.539695
13762 0.023163 0.107337 0.869500
8361 0.301392 0.231295 0.467313
13763 0.210457 0.046196 0.743347
8361 0.682417 0.265995 0.051588
12258 0.003216 0.356217 0.640567
13762 0.031794 0.818411 0.149795
11190 0.204188 0.377828 0.417984
8211 0.789278 0.051547 0.159175
12271 0.104744 0.315630 0.579626
13214 0.234554 0.257999 0.507447
8262 0.624643 0.199829 0.175528
11189 0.215744 0.135280 0.648976
13290 0.135784 0.319222 0.544994
11507 0.547123 0.236450 0.216426
12246 0.757966 0.179197 0.062837
12266 0.044251 0.500896 0.454853
12249 0.384657 0.240488 0.374855
8261 0.537545 0.460170 0.002285
11192 0.285780 0.027600 0.686619
12269 0.527640 0.269098 0.203262
11192 0.206739 0.739268 0.053993
11864 0.355011 0.338748 0.306240
12355 0.076591 0.345424 0.577985
13765 0.173429 0.767856 0.058715
12258 0.564604 0.366977 0.068419
7851 0.646627 0.291398 0.061975
8211 0.130815 0.728180 0.141005
12270 0.062652 0.226782 0.710566
8262 0.073863 0.204581 0.721556
12268 0.276111 0.007439 0.716450
13366 0.597048 0.103827 0.299126
13366 0.000697 0.114235 0.885069
13728 0.858587 0.118988 0.022425
8968 0.566269 0.410213 0.023519
8372 0.479730 0.371253 0.149017
7980 0.542454 0.445451 0.012094
8633 0.250925 0.287287 0.461789
13350 0.252328 0.520520 0.227152
13367 0.258213 0.132658 0.609129
13351 0.441944 0.079979 0.478077
13366 0.026333 0.772740 0.200927
8968 0.289532 0.273727 0.436741
8634 0.406789 0.494243 0.098968
13367 0.533967 0.117683 0.348351
13366 0.250616 0.487161 0.262223
13359 0.861995 0.033549 0.104457
7944 0.210983 0.397602 0.391415
8224 0.206722 0.655878 0.137400
13726 0.714870 0.184537 0.100593
13726 0.152918 0.816456 0.030626
13729 0.392582 0.323845 0.283572
13737 0.011434 0.116931 0.871634
13736 0.124443 0.064755 0.810802
13721 0.324655 0.307223 0.368123
13726 0.030111 0.039525 0.930363
9031 0.386643 0.591991 0.021365
9031 0.055809 0.551095 0.393096
9032 0.480033 0.163550 0.356416
13756 0.333097 0.457734 0.209169
12244 0.170120 0.403389 0.426490
12223 0.552377 0.142139 0.305485
11527 0.187887 0.217076 0.595037
13288 0.204757 0.425818 0.369425
9045 0.400663 0.100848 0.498489
12224 0.760058 0.019157 0.220786
12225 0.766981 0.044287 0.188732
12241 0.475417 0.336886 0.187697
12227 0.201359 0.744613 0.054028
12227 0.026369 0.111425 0.862206
11857 0.155921 0.622694 0.221384
12035 0.194104 0.353825 0.452072
12039 0.384332 0.298785 0.316883
11855 0.640276 0.266704 0.093020
11858 0.386388 0.208369 0.405243
11856 0.744682 0.251943 0.003375
13722 0.495413 0.200256 0.304331
13724 0.122483 0.580312 0.297205
12037 0.018339 0.349249 0.632412
13108 0.602206 0.302331 0.095463
7961 0.444391 0.193636 0.361972
13262 0.066779 0.441472 0.491749
7851 0.216893 0.719032 0.064074
8276 0.417513 0.054865 0.527621
8278 0.633713 0.063406 0.302881
7900 0.560559 0.071752 0.367689
13215 0.132167 0.512004 0.355828
11510 0.539359 0.237661 0.222981
11512 0.217352 0.158451 0.624198
12268 0.962325 0.035355 0.002321
13723 0.073452 0.671003 0.255545
7899 0.666797 0.309123 0.024080
7895 0.316571 0.556457 0.126972
11516 0.092521 0.736477 0.171002
12033 0.657570 0.059251 0.283179
11515 0.386007 0.321711 0.292282
12033 0.152935 0.652903 0.194162
11515 0.650388 0.020709 0.328903
12034 0.059117 0.867205 0.073678
13757 0.047509 0.764742 0.187749
9032 0.010918 0.203139 0.785943
11516 0.676088 0.229077 0.094836
11860 0.304867 0.243739 0.451394
11516 0.105586 0.212974 0.681440
13394 0.690708 0.153045 0.156247
13394 0.116119 0.751420 0.132461
11531 0.346798 0.111498 0.541704
11532 0.289551 0.488620 0.221829
11525 0.133023 0.087022 0.779955
11526 0.328713 0.230764 0.440523
11525 0.729233 0.203672 0.067095
11525 0.231856 0.694371 0.073773
13413 0.082279 0.449200 0.468521
13412 0.079278 0.784992 0.135731
12034 0.087054 0.376516 0.536430
13223 0.907992 0.015272 0.076736
12239 0.306301 0.440268 0.253431
12233 0.387806 0.297003 0.315192
11535 0.053294 0.297601 0.649104
12034 0.385958 0.284444 0.329598
12036 0.005223 0.147615 0.847162
11859 0.131130 0.139347 0.729522
13223 0.574591 0.215757 0.209652
7962 0.100197 0.723759 0.176044
7960 0.659034 0.215546 0.125420
11511 0.106201 0.045371 0.848427
13222 0.501268 0.061710 0.437021
11528 0.030872 0.325040 0.644088
12237 0.468823 0.452175 0.079002
13037 0.382547 0.185360 0.432094
11529 0.556953 0.028721 0.414325
13030 0.484558 0.437478 0.077964
11529 0.100076 0.636383 0.263542
11521 0.107524 0.735366 0.157110
11521 0.557472 0.194335 0.248193
12229 0.286634 0.658137 0.055230
12225 0.070433 0.794755 0.134812
11517 0.442185 0.393492 0.164323
11518 0.097123 0.901945 0.000932
8273 0.457900 0.484995 0.057105
11533 0.317793 0.597637 0.084569
11533 0.762829 0.169580 0.067591
11534 0.152543 0.154192 0.693265
8274 0.360506 0.155602 0.483893
11534 0.558183 0.201107 0.240710
7933 0.510920 0.038994 0.450086
7934 0.218573 0.546711 0.234716
11520 0.380424 0.584757 0.034819
7959 0.751527 0.200283 0.048190
7960 0.069177 0.915636 0.015187
11520 0.203199 0.000304 0.796497
13359 0.009069 0.117051 0.873880
13359 0.246945 0.096786 0.656268
11532 0.036998 0.499559 0.463443
8223 0.363411 0.171816 0.464773
11526 0.074277 0.270021 0.655701
7943 0.133264 0.175277 0.691459
13758 0.796188 0.166156 0.037656
13750 0.842040 0.061051 0.096909
13751 0.439279 0.550079 0.010642
13750 0.333795 0.218255 0.447950
13759 0.370055 0.300103 0.329843
13750 0.000000 0.053524 0.946476
6862 0.078522 0.043751 0.877728
6862 0.079405 0.192592 0.728003
6862 0.015689 0.239110 0.745202
6863 0.785379 0.214621 0.000000
6862 0.098026 0.141177 0.760796
6862 0.002100 0.192793 0.805106
6862 0.129391 0.095917 0.774692
6862 0.000000 0.170915 0.829085
6862 0.135216 0.073891 0.790894
6862 0.000251 0.169261 0.830488
6862 0.151007 0.056928 0.792065
6862 0.013950 0.170791 0.815258
6862 0.163497 0.053349 0.783155
6862 0.036404 0.149924 0.813672
6862 0.219201 0.007803 0.772996
6862 0.059828 0.107311 0.832861
13751 0.758434 0.073350 0.168216
13751 0.756678 0.163866 0.079456
13750 0.085724 0.251955 0.662322
13727 0.433491 0.102311 0.464198
13751 0.576137 0.247026 0.176837
13751 0.040713 0.436270 0.523018
13751 0.343472 0.178095 0.478433
6862 0.163174 0.220486 0.616340
6862 0.236119 0.185370 0.578512
6862 0.178920 0.173349 0.647731
6862 0.258549 0.108890 0.632560
6862 0.148878 0.161311 0.689811
6862 0.206229 0.093195 0.700576
6862 0.327772 0.144740 0.527488
6862 0.348718 0.037017 0.614265
6862 0.251993 0.033910 0.714097
13727 0.089941 0.155303 0.754757
6862 0.483542 0.094565 0.421893
13751 0.521347 0.046314 0.432340
13751 0.710410 0.009448 0.280142
13751 0.647980 0.085989 0.266031
13758 0.013010 0.067298 0.919693
6862 0.743247 0.031811 0.224942
13759 0.620468 0.199878 0.179654
6870 0.427517 0.223353 0.349130
11863 0.742638 0.010170 0.247192
11863 0.032692 0.726440 0.240869
13723 0.141613 0.244085 0.614302
11860 0.273812 0.615364 0.110824
13757 0.085964 0.407550 0.506486
13756 0.089968 0.387547 0.522484
13725 0.483032 0.285810 0.231159
11859 0.468323 0.196241 0.335435
13722 0.145852 0.124480 0.729667
13290 0.562319 0.410413 0.027268
11189 0.712785 0.195342 0.091873
11189 0.106536 0.826148 0.067316
12037 0.558043 0.378689 0.063268
13108 0.062018 0.226693 0.711289
13109 0.072673 0.447479 0.479848
11537 0.018911 0.416567 0.564522
11537 0.197817 0.101456 0.700728
12222 0.479571 0.416359 0.104070
13772 0.146118 0.345580 0.508302
8361 0.389235 0.509682 0.101084
8362 0.533924 0.461854 0.004223
13763 0.481427 0.062894 0.455679
13762 0.250782 0.531986 0.217232
13764 0.156147 0.537443 0.306409
13728 0.264318 0.404855 0.330827
13720 0.011619 0.126967 0.861413
13720 0.528104 0.245822 0.226075
13737 0.072945 0.608364 0.318691
13726 0.302163 0.082389 0.615448
13727 0.283877 0.467565 0.248558
8370 0.393083 0.500871 0.106047
8634 0.071135 0.494967 0.433899
12224 0.278692 0.508787 0.212521
12240 0.208886 0.768610 0.022503
12228 0.246925 0.311759 0.441317
12236 0.214881 0.117247 0.667872
11533 0.198698 0.071078 0.730225
11519 0.398225 0.256987 0.344788
11520 0.589531 0.056719 0.353751
11528 0.386257 0.374817 0.238926
13289 0.247003 0.631142 0.121855
12223 0.813391 0.069163 0.117446
12222 0.618655 0.175314 0.206031
12244 0.292894 0.170900 0.536206
12244 0.746584 0.189530 0.063887
9032 0.237171 0.646610 0.116219
9032 0.272677 0.189218 0.538105
13756 0.108777 0.673515 0.217708
13757 0.372210 0.439230 0.188560
13415 0.760030 0.191898 0.048072
13381 0.079779 0.154283 0.765938
13415 0.308897 0.256853 0.434251
8511 0.688256 0.174595 0.137149
8378 0.270702 0.462725 0.266573
8377 0.189065 0.137277 0.673658
13358 0.642679 0.060763 0.296558
7981 0.184799 0.417761 0.397439
7804 0.066038 0.873182 0.060780
8511 0.234819 0.610671 0.154510
12994 0.482836 0.064212 0.452953
12993 0.465416 0.479165 0.055419
7999 0.464557 0.443952 0.091491
13358 0.065880 0.696820 0.237300
13395 0.169553 0.200133 0.630314
13359 0.076956 0.775184 0.147860
13013 0.073735 0.072867 0.853399
8498 0.013120 0.660363 0.326517
8592 0.904059 0.083334 0.012607
8591 0.268551 0.552108 0.179342
12262 0.239109 0.062498 0.698393
7818 0.352840 0.448700 0.198461
7818 0.608316 0.031155 0.360529
12941 0.138257 0.229235 0.632508
12942 0.189524 0.470831 0.339645
12941 0.752397 0.021786 0.225816
7941 0.250269 0.494442 0.255289
7942 0.255936 0.311288 0.432776
12944 0.904578 0.085176 0.010247
13414 0.354196 0.290476 0.355328
13381 0.339269 0.171059 0.489673
13415 0.090432 0.803801 0.105767
8377 0.388693 0.556243 0.055064
12941 0.209353 0.649157 0.141490
12969 0.012912 0.918662 0.068426
12970 0.544433 0.276677 0.178890
12970 0.276975 0.659487 0.063538
13381 0.157216 0.763880 0.078905
12969 0.560533 0.413279 0.026187
12969 0.480280 0.079505 0.440216
12940 0.778610 0.077554 0.143836
12939 0.000397 0.783774 0.215829
13381 0.694263 0.259723 0.046013
13381 0.412944 0.514597 0.072459
12943 0.069061 0.562678 0.368261
7842 0.029402 0.011462 0.959137
12992 0.562080 0.119984 0.317936
7841 0.239499 0.454845 0.305657
7841 0.874504 0.084566 0.040931
7842 0.017008 0.380316 0.602676
7807 0.474593 0.027290 0.498117
12991 0.030431 0.579792 0.389778
7808 0.567390 0.210579 0.222031
12991 0.751466 0.141114 0.107420
7817 0.548168 0.252732 0.199100
7803 0.597577 0.273378 0.129046
7803 0.051686 0.056417 0.891896
12262 0.507378 0.221760 0.270862
7807 0.733958 0.238351 0.027691
7807 0.006985 0.684489 0.308526
7817 0.350753 0.044686 0.604561
13414 0.089776 0.311781 0.598443
13415 0.254609 0.496594 0.248797
13381 0.100290 0.390488 0.509221
13414 0.286432 0.078439 0.635130
8377 0.029660 0.681308 0.289032
7981 0.460072 0.387969 0.151958
8377 0.476458 0.089259 0.434282
7942 0.332266 0.006306 0.661429
7942 0.136144 0.013063 0.850793
11524 0.926094 0.042728 0.031177
13358 0.900014 0.036956 0.063030
8591 0.102831 0.310252 0.586917
8592 0.222326 0.079630 0.698044
12940 0.171191 0.205438 0.623371
12940 0.493487 0.445597 0.060916
12939 0.330936 0.277311 0.391753
12939 0.661103 0.039574 0.299323
13394 0.028375 0.145367 0.826258
13394 0.228161 0.198048 0.573791
13358 0.351057 0.075747 0.573196
13359 0.283607 0.505644 0.210749
7982 0.549669 0.328762 0.121569
11524 0.406852 0.440937 0.152211
13395 0.217887 0.466192 0.315921
13359 0.042931 0.524629 0.432441
11523 0.545093 0.351419 0.103488
11170 0.739372 0.104844 0.155784
12259 0.116775 0.081624 0.801601
11170 0.448091 0.055107 0.496802
13415 0.326007 0.012839 0.661155
8378 0.869784 0.082596 0.047620
8378 0.203486 0.181026 0.615489
8378 0.440591 0.121066 0.438343
13381 0.900024 0.057238 0.042738
13014 0.244196 0.260539 0.495265
12977 0.569236 0.101643 0.329121
8497 0.391764 0.136861 0.471376
7997 0.538560 0.329766 0.131674
7935 0.571785 0.355576 0.072639
7790 0.258826 0.078231 0.662943
7790 0.682817 0.132512 0.184671
7815 0.396820 0.554875 0.048305
7925 0.528806 0.412207 0.058987
11524 0.281104 0.152314 0.566582
13773 0.180169 0.749729 0.070103
13773 0.178774 0.638577 0.182650
13758 0.314769 0.307448 0.377782
13758 0.235132 0.608621 0.156247
11860 0.560073 0.250274 0.189653
11859 0.154771 0.482877 0.362352
13722 0.121409 0.566605 0.311985
13723 0.506734 0.255461 0.237806
13725 0.201806 0.275146 0.523047
13725 0.128819 0.698077 0.173104
7959 0.354209 0.569524 0.076267
7960 0.303466 0.168823 0.527712
7933 0.131470 0.412355 0.456174
8274 0.750473 0.155954 0.093573
8273 0.879956 0.045160 0.074884
13223 0.248911 0.230986 0.520102
11516 0.413633 0.227020 0.359347
12034 0.692287 0.216659 0.091055
12033 0.394651 0.368234 0.237116
11515 0.129670 0.600314 0.270015
7895 0.008708 0.915900 0.075392
7900 0.950415 0.013263 0.036322
8278 0.226265 0.085286 0.688449
7895 0.664688 0.196020 0.139292
11510 0.209637 0.269404 0.520959
11509 0.047632 0.138857 0.813510
11856 0.387693 0.273206 0.339102
11855 0.331385 0.631542 0.037074
12039 0.076386 0.681454 0.242159
12038 0.272676 0.454601 0.272723
13262 0.293768 0.137320 0.568912
13263 0.218039 0.576617 0.205344
7897 0.842760 0.150170 0.007070
7815 0.804553 0.092595 0.102852
12035 0.397474 0.035936 0.566590
12037 0.220298 0.021099 0.758602
11858 0.080921 0.227299 0.691780
11858 0.060013 0.837148 0.102839
13263 0.259529 0.026680 0.713791
12037 0.739391 0.090144 0.170464
11538 0.255273 0.500546 0.244181
8512 0.076137 0.867422 0.056441
13724 0.492707 0.219122 0.288171
13724 0.144024 0.164650 0.691326
11511 0.644329 0.294552 0.061119
11512 0.598159 0.145531 0.256310
7900 0.148938 0.381436 0.469625
8276 0.054267 0.872232 0.073500
7925 0.051760 0.932483 0.015757
8273 0.012568 0.942014 0.045418
7961 0.131916 0.550987 0.317096
11858 0.739994 0.202237 0.057770
12036 0.342952 0.047177 0.609870
12036 0.290818 0.648123 0.061059
11857 0.483367 0.260377 0.256256
13109 0.418005 0.386649 0.195346
7998 0.021637 0.004112 0.974251
7998 0.010995 0.976843 0.012162
1095 0.082503 0.598490 0.319007
1095 0.227339 0.166154 0.606507
6884 0.532830 0.106217 0.360953
6885 0.582230 0.155001 0.262769
6886 0.147784 0.715157 0.137059
6885 0.131986 0.774413 0.093601
4316 0.149994 0.600726 0.249280
4316 0.778884 0.116843 0.104273
6875 0.375336 0.030082 0.594582
1482 0.041725 0.479201 0.479074
5364 0.115770 0.611296 0.272934
5365 0.460823 0.179065 0.360112
4282 0.213121 0.210868 0.576011
4282 0.136775 0.589725 0.273500
4282 0.799116 0.197704 0.003180
4281 0.350571 0.293820 0.355609
1096 0.190426 0.179273 0.630301
4281 0.070209 0.841660 0.088132
4281 0.642214 0.289020 0.068765
1096 0.269689 0.416416 0.313896
1096 0.743730 0.103491 0.152778
4292 0.391111 0.187108 0.421781
4291 0.241935 0.520925 0.237140
4292 0.442891 0.454512 0.102597
1473 0.680562 0.152655 0.166783
1473 0.330226 0.132769 0.537004
6874 0.057734 0.035630 0.906635
1474 0.177977 0.585030 0.236993
6874 0.759852 0.021865 0.218283
1473 0.117308 0.861679 0.021013
5370 0.411901 0.040370 0.547729
6875 0.184918 0.754269 0.060812
5382 0.332693 0.108851 0.558456
5358 0.326770 0.396432 0.276797
4620 0.190143 0.163831 0.646025
6327 0.920300 0.072607 0.007093
6327 0.185535 0.213109 0.601356
4620 0.874160 0.088478 0.037362
4619 0.856675 0.033198 0.110128
4618 0.270422 0.039876 0.689702
4283 0.350255 0.479029 0.170716
5378 0.159015 0.151377 0.689608
5379 0.106821 0.462829 0.430349
1374 0.361669 0.352554 0.285777
5361 0.294382 0.614287 0.091332
5381 0.413865 0.513301 0.072834
4304 0.451394 0.245109 0.303497
4975 0.561004 0.049103 0.389893
5467 0.064706 0.109817 0.825477
6877 0.274521 0.718694 0.006785
5371 0.376068 0.428095 0.195838
963 0.765568 0.165600 0.068832
1324 0.557037 0.413965 0.028998
5383 0.217010 0.504364 0.278626
6327 0.164616 0.783650 0.051734
5381 0.396265 0.031278 0.572456
1490 0.924338 0.059787 0.015874
6479 0.546124 0.081862 0.372014
1745 0.062562 0.890712 0.046726
1746 0.016934 0.234157 0.748909
1091 0.414727 0.091698 0.493575
1092 0.127709 0.514666 0.357625
1745 0.067671 0.187322 0.745007
6462 0.172123 0.321077 0.506800
6478 0.173780 0.565927 0.260293
1093 0.129989 0.350992 0.519019
1489 0.553889 0.209297 0.236814
1746 0.080441 0.579698 0.339861
1745 0.360226 0.211952 0.427822
6479 0.479440 0.453807 0.066753
1489 0.329731 0.134437 0.535832
6470 0.244859 0.540076 0.215065
1336 0.026374 0.735596 0.238030
1335 0.562651 0.180977 0.256372
1055 0.048008 0.718978 0.233014
1056 0.399071 0.143430 0.457499
6841 0.398560 0.591402 0.010039
2082 0.018545 0.620148 0.361307
6833 0.041218 0.366609 0.592173
6832 0.016964 0.276904 0.706132
6839 0.606393 0.110168 0.283438
2143 0.129933 0.235251 0.634816
2144 0.332156 0.407618 0.260226
6868 0.323482 0.140201 0.536317
6868 0.029529 0.520249 0.450222
5356 0.467089 0.206771 0.326141
5334 0.075107 0.250005 0.674888
4639 0.015168 0.303784 0.681048
6400 0.011000 0.543076 0.445924
2157 0.493974 0.223172 0.282854
2155 0.313429 0.595522 0.091049
5353 0.082922 0.167906 0.749172
5352 0.266680 0.217110 0.516210
5338 0.166696 0.632132 0.201172
4640 0.008603 0.016252 0.975144
4969 0.281823 0.059267 0.658910
5147 0.068969 0.647666 0.283364
5151 0.591350 0.013180 0.395469
5152 0.188059 0.667758 0.144183
4970 0.348708 0.354747 0.296545
4968 0.509835 0.285321 0.204843
6835 0.101019 0.234767 0.664214
6836 0.206730 0.189047 0.604222
5150 0.289694 0.492053 0.218254
6221 0.330673 0.203361 0.465966
1074 0.703736 0.068587 0.227677
6374 0.314964 0.063052 0.621984
963 0.305988 0.163391 0.530621
1010 0.067101 0.437695 0.495204
1389 0.272766 0.292962 0.434272
1388 0.147528 0.299975 0.552497
6326 0.586358 0.097607 0.316034
4621 0.007233 0.659573 0.333194
4623 0.410054 0.501203 0.088743
1373 0.240259 0.643463 0.116278
6835 0.040289 0.958686 0.001025
1012 0.290999 0.185816 0.523185
1008 0.449139 0.362926 0.187935
4627 0.172415 0.762259 0.065325
5145 0.626415 0.354891 0.018693
4628 0.388091 0.344095 0.267814
5145 0.247411 0.132163 0.620425
4628 0.485352 0.042153 0.472495
5145 0.083728 0.007063 0.909210
6869 0.553374 0.059187 0.387439
4627 0.001699 0.006219 0.992082
4627 0.242020 0.094941 0.663040
4972 0.377909 0.311045 0.311045
4627 0.702083 0.217938 0.079979
6524 0.684183 0.314707 0.001109
6507 0.385249 0.358162 0.256589
6524 0.059008 0.920881 0.020111
6506 0.356441 0.014571 0.628988
4644 0.281532 0.027908 0.690560
4644 0.235236 0.604911 0.159852
4638 0.546900 0.186951 0.266150
4637 0.194175 0.467296 0.338529
5343 0.096319 0.744596 0.159085
6524 0.304870 0.326867 0.368263
5146 0.461000 0.148311 0.390689
6334 0.177848 0.015446 0.806706
6525 0.089121 0.585905 0.324974
5351 0.198700 0.576365 0.224935
6150 0.791844 0.055218 0.152938
5146 0.300685 0.447015 0.252300
5148 0.031135 0.067407 0.901458
4971 0.164335 0.713289 0.122375
6334 0.239088 0.286831 0.474081
1073 0.282144 0.521133 0.196723
1072 0.295088 0.561843 0.143069
4624 0.644259 0.152048 0.203692
6335 0.420454 0.161620 0.417926
1071 0.289648 0.646854 0.063498
5348 0.211955 0.049637 0.738408
5349 0.080200 0.472828 0.446973
5348 0.555697 0.184396 0.259907
6142 0.035495 0.851938 0.112567
4641 0.013526 0.327871 0.658603
4633 0.084589 0.403968 0.511443
5341 0.488629 0.017676 0.493694
5341 0.386922 0.495014 0.118064
5336 0.146886 0.657294 0.195819
4630 0.290900 0.262869 0.446231
4630 0.208197 0.748033 0.043770
1038 0.040235 0.430308 0.529458
4646 0.078130 0.600485 0.321384
4646 0.119242 0.147773 0.732985
4645 0.689209 0.212055 0.098736
1385 0.450817 0.304623 0.244560
4645 0.272577 0.187837 0.539586
1046 0.373231 0.117997 0.508773
1045 0.175145 0.719042 0.105813
4631 0.086278 0.600621 0.313101
1045 0.266196 0.020849 0.712955
1011 0.050303 0.914459 0.035238
4631 0.860842 0.022399 0.116759
6507 0.417990 0.090598 0.491411
6471 0.546171 0.153717 0.300112
4643 0.885774 0.015301 0.098925
1335 0.063216 0.054530 0.882253
