2076 0.161749 0.474161 0.364090
2077 0.323415 0.332339 0.344247
2076 0.637608 0.285117 0.077275
2161 0.496179 0.283672 0.220149
2175 0.663293 0.188394 0.148314
2160 0.014012 0.405083 0.580905
7930 0.056687 0.321802 0.621511
2036 0.333831 0.029694 0.636475
1891 0.168965 0.438379 0.392655
7928 0.345524 0.354248 0.300228
2022 0.574278 0.062283 0.363440
1875 0.203124 0.338405 0.458471
7921 0.358445 0.268075 0.373480
2013 0.098359 0.342781 0.558860
2012 0.731199 0.220269 0.048532
1730 0.178277 0.073507 0.748215
1732 0.714900 0.093533 0.191567
1927 0.025604 0.108310 0.866086
1730 0.239597 0.383693 0.376709
1826 0.295797 0.427643 0.276560
1927 0.210255 0.360327 0.429417
1820 0.474577 0.352353 0.173070
1924 0.140522 0.446767 0.412711
2063 0.770018 0.137699 0.092284
1812 0.246715 0.106421 0.646864
1813 0.752273 0.196191 0.051536
1960 0.409181 0.551043 0.039776
1730 0.000000 0.040530 0.959470
1960 0.242092 0.628650 0.129258
1821 0.237093 0.539806 0.223101
2338 0.393342 0.090149 0.516509
92 0.101662 0.294080 0.604258
2186 0.568264 0.089872 0.341864
8074 0.558391 0.009408 0.432201
2253 0.098410 0.551242 0.350348
2167 0.402425 0.463619 0.133956
1981 0.142179 0.605640 0.252181
2088 0.117253 0.335304 0.547443
2107 0.360754 0.404522 0.234725
2175 0.149893 0.285817 0.564290
2189 0.208522 0.363459 0.428020
8714 0.313838 0.646829 0.039332
8667 0.631977 0.013489 0.354534
8735 0.430716 0.125655 0.443629
8703 0.311315 0.407707 0.280978
7946 0.351830 0.641381 0.006789
7948 0.104166 0.369781 0.526053
7929 0.758088 0.097192 0.144720
2069 0.013416 0.418251 0.568333
1935 0.484097 0.112064 0.403839
1933 0.231307 0.605913 0.162780
3043 0.698713 0.140407 0.160881
3045 0.391836 0.179115 0.429049
3161 0.000972 0.588508 0.410519
3043 0.237118 0.271147 0.491735
3045 0.944920 0.022964 0.032115
3160 0.558334 0.283661 0.158005
3023 0.188268 0.565887 0.245845
3153 0.555549 0.099797 0.344654
3163 0.400503 0.275046 0.324451
2724 0.661442 0.057989 0.280569
2871 0.062257 0.417928 0.519816
2724 0.256751 0.552157 0.191091
2868 0.316419 0.129567 0.554014
2708 0.833399 0.053711 0.112890
2869 0.353554 0.264356 0.382090
2546 0.200005 0.761215 0.038780
2615 0.853413 0.043352 0.103235
2667 0.194406 0.004998 0.800596
2698 0.009641 0.352659 0.637699
2761 0.581456 0.030944 0.387601
2827 0.012331 0.041295 0.946374
2903 0.001534 0.966679 0.031787
2902 0.091856 0.377486 0.530659
3022 0.538575 0.052725 0.408700
3153 0.108788 0.223846 0.667366
3162 0.864889 0.042905 0.092206
3022 0.698778 0.186596 0.114626
3095 0.257770 0.632038 0.110193
3152 0.012351 0.595029 0.392620
3168 0.057144 0.224267 0.718589
3149 0.570961 0.156615 0.272424
3165 0.795989 0.140373 0.063638
3169 0.272807 0.115618 0.611575
3159 0.084716 0.661814 0.253470
133 0.543632 0.395666 0.060703
3167 0.542057 0.120007 0.337936
3158 0.485774 0.350979 0.163247
3157 0.365794 0.593390 0.040816
2519 0.520985 0.008002 0.471012
2461 0.870510 0.011605 0.117885
2538 0.676469 0.058229 0.265302
2499 0.406865 0.556493 0.036642
2620 0.341228 0.522870 0.135901
2569 0.163585 0.835273 0.001142
2395 0.873232 0.041723 0.085045
2355 0.686629 0.108313 0.205058
2311 0.474676 0.277319 0.248005
2357 0.155144 0.632179 0.212676
2308 0.058424 0.079691 0.861885
2311 0.109458 0.221696 0.668846
8469 0.240305 0.192382 0.567313
8406 0.639277 0.174696 0.186027
8392 0.112646 0.320054 0.567300
8488 0.458721 0.201068 0.340211
8468 0.148525 0.010086 0.841389
8407 0.480689 0.060685 0.458626
1981 0.665592 0.047220 0.287188
2106 0.197333 0.718626 0.084041
2107 0.898081 0.079965 0.021953
2449 0.047520 0.692388 0.260092
2377 0.540572 0.286981 0.172447
2391 0.668938 0.012961 0.318101
2326 0.596905 0.400481 0.002614
2278 0.078761 0.732028 0.189211
2331 0.252630 0.706465 0.040905
2230 0.314761 0.527912 0.157327
2174 0.000713 0.197044 0.802243
2188 0.707183 0.143985 0.148832
2138 0.676694 0.122602 0.200703
2139 0.063785 0.319995 0.616220
1943 0.629098 0.073809 0.297093
2159 0.342254 0.200894 0.456852
1978 0.032046 0.234465 0.733489
1979 0.275872 0.062555 0.661572
2461 0.239307 0.329012 0.431680
2455 0.174188 0.108859 0.716953
2399 0.463384 0.373975 0.162640
2454 0.278875 0.039086 0.682039
8487 0.723600 0.110394 0.166006
8528 0.780112 0.142855 0.077033
2827 0.102678 0.489797 0.407525
2826 0.107044 0.098616 0.794341
2708 0.348531 0.626074 0.025394
2188 0.127339 0.501558 0.371103
66 0.297148 0.132188 0.570663
1905 0.765055 0.162080 0.072865
1695 0.650105 0.091198 0.258697
1956 0.085701 0.345596 0.568703
1695 0.498871 0.373508 0.127620
1957 0.215066 0.614957 0.169976
2666 0.109692 0.025729 0.864579
2529 0.753758 0.218147 0.028096
2709 0.072697 0.545856 0.381447
2637 0.247799 0.111613 0.640588
2510 0.088392 0.793297 0.118311
3147 0.748494 0.219633 0.031873
8630 0.051929 0.376841 0.571230
3038 0.678337 0.022647 0.299016
3084 0.137052 0.676831 0.186117
3175 0.122715 0.767832 0.109453
3173 0.243290 0.180441 0.576269
8520 0.296303 0.457200 0.246497
8604 0.140226 0.551133 0.308641
3171 0.518235 0.302195 0.179570
3125 0.310806 0.008550 0.680644
3143 0.152215 0.239073 0.608712
3044 0.040557 0.820328 0.139115
2871 0.467312 0.282423 0.250265
2725 0.623820 0.020605 0.355575
3025 0.209234 0.673230 0.117536
2558 0.283681 0.609205 0.107115
2559 0.689339 0.068704 0.241956
2528 0.294510 0.419395 0.286095
2709 0.011520 0.085365 0.903115
7935 0.231886 0.356060 0.412053
7934 0.314560 0.457331 0.228109
1972 0.155891 0.271551 0.572558
1930 0.606962 0.097743 0.295295
1901 0.067675 0.183725 0.748600
7912 0.084814 0.915060 0.000126
1930 0.262177 0.607576 0.130247
1901 0.269855 0.487705 0.242441
7912 0.230240 0.475319 0.294441
7913 0.092879 0.756612 0.150508
1900 0.176393 0.186667 0.636939
8168 0.145592 0.353374 0.501035
8183 0.148467 0.700037 0.151497
8112 0.035563 0.393081 0.571356
8137 0.324801 0.382005 0.293194
8068 0.549493 0.195110 0.255397
8429 0.656824 0.131895 0.211281
8429 0.118158 0.217244 0.664598
8515 0.264384 0.474680 0.260937
2238 0.101762 0.150671 0.747567
2239 0.373056 0.237149 0.389795
2419 0.285899 0.299970 0.414131
2397 0.043743 0.601610 0.354647
325 0.129442 0.798027 0.072530
1909 0.646322 0.166703 0.186975
2015 0.196274 0.303947 0.499779
1939 0.417967 0.192867 0.389166
1955 0.427069 0.571359 0.001572
2066 0.170471 0.251279 0.578251
2194 0.500475 0.219450 0.280075
2303 0.728046 0.130280 0.141674
2302 0.352507 0.403966 0.243527
2195 0.259111 0.532395 0.208494
2303 0.275111 0.158421 0.566468
2302 0.290521 0.028316 0.681163
2177 0.361922 0.463673 0.174405
2298 0.188839 0.175334 0.635826
2299 0.343828 0.243664 0.412507
2019 0.728299 0.053391 0.218309
2018 0.165892 0.555131 0.278978
2019 0.236233 0.053804 0.709963
2018 0.144130 0.100204 0.755666
2006 0.052022 0.311257 0.636721
2007 0.365825 0.144716 0.489459
2558 0.216233 0.355906 0.427861
2559 0.366937 0.129644 0.503419
2210 0.120685 0.345084 0.534231
2313 0.103200 0.100351 0.796448
2313 0.103414 0.599135 0.297451
2025 0.153153 0.058626 0.788221
2025 0.144390 0.826742 0.028868
2226 0.373613 0.092902 0.533485
2293 0.711455 0.040526 0.248020
2247 0.400414 0.488443 0.111143
2055 0.511792 0.141913 0.346295
2077 0.148287 0.765965 0.085749
1905 0.200520 0.580705 0.218775
2054 0.719587 0.136022 0.144391
1904 0.033819 0.074257 0.891924
1904 0.244211 0.292073 0.463716
3266 0.314444 0.551109 0.134447
1886 0.846477 0.102688 0.050834
1886 0.665288 0.131728 0.202984
1754 0.230159 0.730261 0.039581
1887 0.749954 0.015384 0.234662
1754 0.204889 0.401406 0.393706
3266 0.226172 0.615718 0.158110
1886 0.261290 0.736343 0.002367
2054 0.195314 0.517987 0.286699
3266 0.393458 0.503444 0.103098
1886 0.434982 0.557412 0.007606
1886 0.012834 0.788961 0.198205
2055 0.401551 0.543596 0.054853
2054 0.402627 0.443526 0.153847
66 0.334414 0.630079 0.035507
74 0.235860 0.114041 0.650098
66 0.372372 0.394247 0.233381
1904 0.569403 0.409888 0.020708
1887 0.654990 0.332700 0.012311
1887 0.470939 0.289498 0.239563
72 0.393438 0.062733 0.543829
1887 0.163097 0.126958 0.709945
72 0.885817 0.094443 0.019740
68 0.080117 0.207183 0.712700
1754 0.103395 0.023939 0.872666
1752 0.100418 0.842966 0.056616
1698 0.918223 0.051213 0.030564
3266 0.398080 0.511800 0.090119
1886 0.654234 0.324037 0.021729
1886 0.368709 0.434569 0.196722
1886 0.310567 0.062462 0.626971
1886 0.263654 0.361865 0.374482
1904 0.113353 0.670913 0.215735
1887 0.070055 0.508183 0.421763
1698 0.776166 0.221307 0.002527
1800 0.427257 0.368190 0.204553
2356 0.086543 0.686886 0.226571
2394 0.360826 0.185610 0.453564
2354 0.061922 0.332642 0.605436
2445 0.383356 0.474379 0.142265
2390 0.249701 0.468042 0.282258
2368 0.285422 0.273937 0.440641
2297 0.772339 0.190428 0.037233
2296 0.207466 0.227997 0.564537
2164 0.379636 0.043036 0.577328
1997 0.656612 0.060303 0.283085
1996 0.097902 0.560342 0.341756
2380 0.124155 0.373354 0.502491
2484 0.214013 0.565991 0.219996
2378 0.324527 0.162648 0.512825
2462 0.261300 0.526978 0.211722
2504 0.179766 0.598486 0.221748
2387 0.052421 0.560441 0.387138
2463 0.051239 0.123941 0.824820
2485 0.151486 0.084068 0.764446
2511 0.214438 0.168609 0.616953
2444 0.048708 0.918123 0.033168
2448 0.102118 0.884650 0.013232
2449 0.516772 0.315041 0.168187
2420 0.493689 0.025254 0.481057
2352 0.018010 0.727591 0.254399
2356 0.677329 0.286089 0.036582
93 0.579222 0.180077 0.240701
2310 0.038768 0.213945 0.747288
2310 0.304128 0.646581 0.049292
2323 0.409065 0.246164 0.344771
2045 0.277293 0.357607 0.365100
1973 0.332905 0.000000 0.667095
2080 0.679798 0.052993 0.267209
7919 0.703784 0.291938 0.004278
7957 0.162407 0.442786 0.394807
7919 0.123653 0.818680 0.057667
2079 0.783018 0.068850 0.148132
2082 0.067795 0.263449 0.668756
2135 0.023848 0.903670 0.072482
2131 0.219508 0.397051 0.383441
2134 0.489979 0.287692 0.222329
2137 0.233736 0.544854 0.221409
2075 0.076319 0.585985 0.337696
2122 0.357377 0.003802 0.638820
2125 0.018607 0.433652 0.547741
1900 0.940975 0.015534 0.043492
1961 0.754074 0.137927 0.107999
1961 0.544370 0.243003 0.212627
1692 0.473298 0.100172 0.426530
1694 0.124943 0.387361 0.487696
1862 0.441576 0.149466 0.408958
1957 0.792956 0.126465 0.080579
1683 0.889111 0.028166 0.082723
1868 0.042123 0.856335 0.101542
1747 0.090555 0.092513 0.816933
1815 0.065964 0.834239 0.099797
1818 0.181810 0.055998 0.762192
1833 0.070426 0.417918 0.511657
1743 0.102593 0.030779 0.866628
1740 0.213980 0.634189 0.151831
1729 0.576906 0.411276 0.011818
1728 0.158390 0.534402 0.307208
1729 0.309787 0.654813 0.035399
1813 0.429051 0.153276 0.417673
1729 0.015212 0.773417 0.211371
1813 0.117662 0.382023 0.500314
1726 0.224601 0.123490 0.651909
1806 0.441790 0.105550 0.452660
1723 0.267634 0.256095 0.476271
1804 0.616140 0.180517 0.203343
1719 0.008898 0.664201 0.326901
1720 0.204371 0.164777 0.630852
1864 0.712543 0.230675 0.056782
1824 0.281395 0.189199 0.529406
1725 0.890425 0.074090 0.035485
1911 0.065830 0.836552 0.097618
1717 0.611405 0.189520 0.199075
1949 0.361238 0.387252 0.251511
1701 0.350677 0.500829 0.148494
1703 0.273876 0.584194 0.141930
1994 0.358921 0.044924 0.596155
1992 0.591531 0.065582 0.342888
1705 0.337242 0.026025 0.636733
251 0.067381 0.014485 0.918135
1881 0.117593 0.384840 0.497567
335 0.402796 0.061125 0.536079
262 0.000000 0.397091 0.602909
268 0.059183 0.637331 0.303486
309 0.451315 0.445573 0.103112
311 0.863632 0.118278 0.018090
7957 0.625052 0.019316 0.355632
7958 0.225821 0.595780 0.178399
7956 0.142782 0.606688 0.250530
7918 0.771081 0.183993 0.044926
7914 0.281018 0.548979 0.170003
1960 0.168287 0.392164 0.439549
1961 0.163751 0.248717 0.587532
1962 0.622807 0.282527 0.094666
1963 0.332984 0.305931 0.361086
1925 0.500844 0.102481 0.396674
2062 0.311134 0.463629 0.225237
1960 0.039636 0.491633 0.468732
1963 0.082398 0.422501 0.495101
1963 0.448459 0.198277 0.353264
1960 0.065287 0.909833 0.024879
1820 0.358221 0.024128 0.617650
1924 0.544703 0.257950 0.197348
2062 0.378233 0.000000 0.621767
1924 0.016945 0.812481 0.170574
1925 0.158802 0.489696 0.351502
2063 0.105141 0.266148 0.628711
1927 0.116806 0.641407 0.241787
1829 0.181943 0.604846 0.213211
2062 0.307738 0.413547 0.278715
1926 0.043378 0.368055 0.588567
1927 0.364573 0.128613 0.506815
7732 0.250165 0.309010 0.440826
7923 0.429911 0.059767 0.510321
7924 0.209741 0.047383 0.742877
7923 0.118191 0.706919 0.174889
7924 0.699823 0.100495 0.199681
7931 0.433089 0.172175 0.394736
7732 0.139693 0.473762 0.386545
7932 0.232482 0.613334 0.154183
7931 0.551909 0.031128 0.416963
1831 0.927679 0.043303 0.029018
1962 0.097383 0.100534 0.802083
7732 0.722792 0.230003 0.047205
1962 0.206135 0.321164 0.472701
80 0.229151 0.654690 0.116159
7931 0.764547 0.000000 0.235453
2062 0.115773 0.047766 0.836461
7931 0.778945 0.064410 0.156645
1829 0.082145 0.107668 0.810188
1827 0.191981 0.000000 0.808019
1924 0.279925 0.162044 0.558031
1735 0.211643 0.440180 0.348177
1732 0.176897 0.042427 0.780676
1669 0.428149 0.189333 0.382519
1924 0.600618 0.028847 0.370535
1924 0.776557 0.048168 0.175275
1669 0.580743 0.387956 0.031301
1668 0.621084 0.202571 0.176345
1962 0.276328 0.586029 0.137642
1962 0.455067 0.035803 0.509130
1670 0.336442 0.503574 0.159984
1670 0.340316 0.149944 0.509740
1963 0.207051 0.309534 0.483415
1960 0.000000 0.949832 0.050168
1671 0.230576 0.731798 0.037626
1671 0.004596 0.883971 0.111432
1828 0.698456 0.158291 0.143252
1734 0.593527 0.392624 0.013849
1812 0.126624 0.720380 0.152996
1688 0.817910 0.062970 0.119121
2905 0.611754 0.000000 0.388246
2904 0.597620 0.153235 0.249145
2902 0.169080 0.574718 0.256202
3094 0.459677 0.204843 0.335480
3155 0.047717 0.104694 0.847588
3154 0.219988 0.631326 0.148685
289 0.050460 0.290054 0.659486
306 0.943399 0.000000 0.056601
288 0.061981 0.081375 0.856644
283 0.008279 0.225102 0.766619
322 0.075303 0.529584 0.395112
2136 0.425418 0.121221 0.453361
2209 0.248605 0.240832 0.510563
8294 0.435865 0.422329 0.141806
8291 0.201527 0.131120 0.667354
8293 0.170556 0.346590 0.482854
8355 0.002773 0.736276 0.260951
8322 0.376197 0.472628 0.151175
8276 0.256666 0.568870 0.174464
8196 0.035567 0.226811 0.737621
8238 0.400553 0.372981 0.226466
8359 0.387655 0.027262 0.585082
8309 0.337563 0.482178 0.180259
8407 0.855034 0.140263 0.004703
8233 0.203507 0.206281 0.590213
8355 0.582858 0.380425 0.036717
8310 0.074156 0.590014 0.335831
2411 0.241531 0.307810 0.450659
2411 0.189882 0.002812 0.807305
2411 0.626992 0.220862 0.152145
2392 0.487922 0.456265 0.055813
2410 0.863464 0.136282 0.000254
2393 0.819347 0.093935 0.086718
2392 0.190970 0.382991 0.426039
2393 0.408723 0.268113 0.323165
1594 0.335543 0.308549 0.355908
1429 0.122688 0.855649 0.021663
1402 0.673921 0.033332 0.292746
1428 0.102281 0.611461 0.286258
1429 0.599760 0.287735 0.112506
1364 0.374286 0.169775 0.455939
4549 0.159367 0.507000 0.333633
4551 0.285604 0.661723 0.052673
4528 0.193690 0.389982 0.416328
4550 0.040027 0.771375 0.188597
4551 0.250967 0.026894 0.722138
4554 0.475071 0.385795 0.139134
1605 0.368445 0.536516 0.095039
1614 0.358332 0.214942 0.426726
1625 0.232899 0.617941 0.149160
1731 0.281821 0.406746 0.311433
1821 0.646332 0.253501 0.100167
1731 0.879564 0.065753 0.054683
1732 0.190400 0.558152 0.251448
1732 0.158397 0.479028 0.362575
1669 0.424530 0.478259 0.097211
1661 0.616819 0.116977 0.266203
1586 0.035709 0.763789 0.200502
1577 0.358441 0.515241 0.126318
1688 0.351349 0.633496 0.015155
1688 0.594169 0.270902 0.134929
1689 0.769116 0.227867 0.003017
1728 0.451271 0.303355 0.245374
1731 0.063080 0.803089 0.133831
1731 0.264647 0.197909 0.537444
1259 0.296141 0.373672 0.330186
1267 0.590022 0.179081 0.230897
52 0.023811 0.715435 0.260754
1337 0.266832 0.416799 0.316369
1470 0.298785 0.416842 0.284373
1459 0.237525 0.551697 0.210778
1519 0.376018 0.516616 0.107366
1387 0.184011 0.656786 0.159203
1386 0.337439 0.401215 0.261346
1402 0.068289 0.077671 0.854039
1403 0.185557 0.192369 0.622074
3820 0.371742 0.341972 0.286286
3770 0.521508 0.400694 0.077798
3875 0.381596 0.221597 0.396807
3833 0.689875 0.063049 0.247077
4527 0.613764 0.332289 0.053947
4525 0.347834 0.404042 0.248124
4519 0.166616 0.372172 0.461212
4546 0.598736 0.164337 0.236927
1602 0.384235 0.531769 0.083996
1591 0.185968 0.232302 0.581730
650 0.117781 0.558317 0.323902
651 0.230758 0.747571 0.021671
675 0.188033 0.407614 0.404354
652 0.195057 0.236967 0.567977
652 0.036680 0.928673 0.034647
500 0.097899 0.476502 0.425598
513 0.065895 0.396640 0.537465
512 0.438088 0.417636 0.144276
498 0.275982 0.100356 0.623662
982 0.355448 0.325396 0.319155
982 0.752661 0.024864 0.222475
998 0.168969 0.694810 0.136221
783 0.040072 0.604880 0.355048
799 0.470877 0.342485 0.186638
798 0.245834 0.129422 0.624744
1053 0.768981 0.017868 0.213151
953 0.699014 0.011923 0.289062
1052 0.006309 0.828535 0.165156
888 0.054552 0.515457 0.429991
743 0.021303 0.041151 0.937545
1024 0.029154 0.154167 0.816679
843 0.026030 0.949053 0.024917
743 0.473927 0.117316 0.408756
674 0.477046 0.064470 0.458484
674 0.307299 0.559159 0.133542
501 0.143122 0.776288 0.080590
623 0.252639 0.344026 0.403335
498 0.136382 0.753092 0.110526
501 0.621486 0.016233 0.362280
433 0.284904 0.052972 0.662124
428 0.142868 0.647905 0.209227
471 0.091789 0.331899 0.576311
438 0.138349 0.407536 0.454116
432 0.108723 0.141128 0.750149
9 0.555990 0.066074 0.377935
430 0.123026 0.441023 0.435950
470 0.510156 0.290402 0.199443
473 0.378322 0.561610 0.060067
1171 0.745062 0.062217 0.192721
1096 0.363800 0.142534 0.493666
1004 0.701128 0.007654 0.291218
1152 0.033838 0.069092 0.897070
1153 0.515700 0.394138 0.090162
1063 0.108935 0.236521 0.654543
1204 0.326629 0.621062 0.052309
1271 0.454166 0.518765 0.027069
1236 0.542318 0.221179 0.236503
1283 0.622103 0.222727 0.155170
1262 0.561829 0.153239 0.284932
1263 0.748345 0.059257 0.192398
4012 0.392274 0.203278 0.404448
4009 0.169570 0.268200 0.562231
4063 0.191092 0.502122 0.306786
4104 0.184649 0.046751 0.768600
4072 0.085731 0.588994 0.325275
4103 0.407945 0.207030 0.385024
1518 0.881815 0.031546 0.086640
1518 0.196753 0.700724 0.102523
1387 0.457580 0.117335 0.425085
1229 0.366955 0.039017 0.594029
1286 0.261599 0.681450 0.056951
1369 0.860230 0.132861 0.006910
1256 0.216376 0.234738 0.548886
1229 0.046957 0.697629 0.255414
1287 0.234013 0.346163 0.419825
1347 0.401033 0.263854 0.335113
1346 0.233761 0.290269 0.475970
1330 0.268554 0.094769 0.636677
1574 0.311187 0.438219 0.250594
1514 0.230452 0.192530 0.577017
1781 0.665349 0.038191 0.296459
1787 0.259696 0.162513 0.577791
1170 0.241826 0.223176 0.534998
1219 0.197707 0.508570 0.293723
1122 0.119673 0.030987 0.849341
1165 0.236205 0.581269 0.182526
4009 0.246931 0.564025 0.189044
3983 0.088102 0.739257 0.172641
843 0.108716 0.505128 0.386156
843 0.215414 0.107492 0.677094
998 0.647845 0.300863 0.051291
1331 0.151516 0.147947 0.700538
1595 0.823389 0.021296 0.155315
1572 0.061266 0.190761 0.747973
1572 0.341589 0.036338 0.622074
1025 0.144859 0.071510 0.783631
999 0.035857 0.448188 0.515955
1138 0.231465 0.551680 0.216855
924 0.081178 0.348971 0.569851
1132 0.861180 0.099093 0.039727
598 0.389276 0.606428 0.004296
436 0.222793 0.540676 0.236531
538 0.335080 0.371104 0.293816
509 0.776787 0.146789 0.076423
427 0.184401 0.246727 0.568872
424 0.155440 0.053197 0.791362
3944 0.264392 0.564076 0.171532
3950 0.060952 0.451600 0.487448
434 0.266840 0.252068 0.481092
582 0.013918 0.739543 0.246539
571 0.092000 0.762631 0.145369
653 0.911850 0.014435 0.073715
782 0.273474 0.164741 0.561786
982 0.047211 0.529355 0.423434
677 0.138734 0.336006 0.525260
1130 0.775531 0.125878 0.098592
1138 0.713672 0.032133 0.254195
1130 0.118752 0.586391 0.294857
1139 0.028649 0.093661 0.877690
4543 0.391032 0.048143 0.560825
3593 0.737339 0.133475 0.129186
1665 0.250493 0.169187 0.580320
4560 0.126229 0.112562 0.761209
4560 0.275964 0.504396 0.219640
1684 0.470911 0.234007 0.295082
1684 0.810823 0.075662 0.113515
4564 0.782686 0.101562 0.115752
1691 0.052957 0.708979 0.238063
1691 0.260770 0.420089 0.319141
1691 0.367246 0.095997 0.536756
4334 0.113139 0.736251 0.150610
4380 0.009022 0.655710 0.335268
4447 0.232335 0.271525 0.496141
4324 0.922324 0.038523 0.039152
4371 0.633482 0.144962 0.221556
4065 0.408327 0.310656 0.281017
4066 0.251080 0.002357 0.746562
3982 0.691877 0.217775 0.090348
1327 0.330630 0.099685 0.569685
1326 0.259738 0.213915 0.526347
1195 0.241324 0.632377 0.126298
1197 0.132954 0.825625 0.041421
215 0.043012 0.233920 0.723067
1558 0.200940 0.224925 0.574135
1606 0.113014 0.391719 0.495267
1545 0.407155 0.386876 0.205970
1598 0.315151 0.044054 0.640795
1535 0.329567 0.234734 0.435700
1464 0.401173 0.336041 0.262787
1465 0.269123 0.584457 0.146420
1481 0.348321 0.440788 0.210891
1328 0.072396 0.679215 0.248388
1328 0.096428 0.191224 0.712349
1339 0.349195 0.129882 0.520924
1328 0.588976 0.190846 0.220179
1329 0.321268 0.343241 0.335491
1338 0.292482 0.037329 0.670188
1794 0.718142 0.008194 0.273664
1795 0.248666 0.263936 0.487398
1790 0.252683 0.099242 0.648075
1131 0.594654 0.134350 0.270996
1130 0.190749 0.200523 0.608729
1461 0.374388 0.148688 0.476924
1312 0.028946 0.106572 0.864482
1313 0.137449 0.481689 0.380862
1797 0.146510 0.296243 0.557247
1365 0.591068 0.015912 0.393020
1358 0.070735 0.689081 0.240184
1379 0.399185 0.373027 0.227788
1637 0.179018 0.745516 0.075465
1636 0.424159 0.092870 0.482971
1595 0.150647 0.648770 0.200583
1636 0.014653 0.656114 0.329233
1595 0.419060 0.305422 0.275517
1595 0.209339 0.076909 0.713752
3267 0.413448 0.121268 0.465284
3266 0.232377 0.065071 0.702552
3232 0.129164 0.812421 0.058415
3264 0.081617 0.859296 0.059087
3267 0.088678 0.589157 0.322165
1637 0.364871 0.095631 0.539498
3264 0.368137 0.172708 0.459155
1637 0.079374 0.309801 0.610825
1637 0.359210 0.115677 0.525113
1699 0.404234 0.337233 0.258533
1699 0.220018 0.557446 0.222536
3264 0.609759 0.274094 0.116147
1754 0.685283 0.023191 0.291525
1636 0.730708 0.260853 0.008440
1755 0.262168 0.251178 0.486654
1755 0.262563 0.586635 0.150802
1755 0.061537 0.403841 0.534622
1699 0.680805 0.039727 0.279468
3267 0.285663 0.282994 0.431343
3232 0.026367 0.695583 0.278050
1636 0.621499 0.143030 0.235471
3264 0.408391 0.217181 0.374427
1699 0.153549 0.074456 0.771994
1636 0.181567 0.742618 0.075815
1699 0.542511 0.189504 0.267985
1218 0.207931 0.715443 0.076626
1165 0.362059 0.004008 0.633933
1204 0.341083 0.156575 0.502342
1184 0.385860 0.044461 0.569679
1265 0.608230 0.353065 0.038705
1228 0.636598 0.145829 0.217573
1348 0.236325 0.513984 0.249691
1349 0.429364 0.145053 0.425583
1497 0.507722 0.351828 0.140449
1789 0.655648 0.234420 0.109932
1227 0.531611 0.076285 0.392104
1235 0.510739 0.230294 0.258967
1151 0.760773 0.184167 0.055060
1155 0.727503 0.214443 0.058054
1223 0.026702 0.394096 0.579202
1145 0.773819 0.147655 0.078526
1150 0.151746 0.844468 0.003786
1150 0.108012 0.019378 0.872610
1132 0.109494 0.176985 0.713521
1154 0.081917 0.878416 0.039667
1188 0.815451 0.075812 0.108737
1188 0.268818 0.191930 0.539252
1206 0.580171 0.057308 0.362521
1272 0.854743 0.082071 0.063186
1218 0.794411 0.022897 0.182693
1288 0.703597 0.020141 0.276262
1289 0.219092 0.406099 0.374810
1288 0.157657 0.730842 0.111501
1237 0.338839 0.584798 0.076364
1640 0.233531 0.192465 0.574004
1564 0.202729 0.584874 0.212397
1564 0.023285 0.434194 0.542520
1585 0.177182 0.001439 0.821380
4555 0.381673 0.599706 0.018621
4555 0.927109 0.001049 0.071841
1508 0.089749 0.760575 0.149676
1413 0.032357 0.057675 0.909967
1412 0.589974 0.217937 0.192088
1406 0.289096 0.668114 0.042790
1407 0.240357 0.720988 0.038655
1401 0.200093 0.369255 0.430652
1527 0.142723 0.608344 0.248933
1436 0.351015 0.231735 0.417250
1437 0.119851 0.691688 0.188460
1690 0.178366 0.757026 0.064608
1688 0.140890 0.500084 0.359026
1688 0.256423 0.168633 0.574944
1639 0.301738 0.358000 0.340262
1573 0.129105 0.162120 0.708775
1638 0.060917 0.656859 0.282224
1624 0.312769 0.653602 0.033629
1679 0.162888 0.544948 0.292164
1675 0.008960 0.652061 0.338979
1729 0.716638 0.154966 0.128396
1729 0.428764 0.443370 0.127866
1729 0.130372 0.097252 0.772376
1690 0.017528 0.569895 0.412577
1687 0.045802 0.677654 0.276544
64 0.040548 0.253441 0.706011
1684 0.069619 0.457349 0.473032
65 0.889162 0.037016 0.073823
1680 0.316525 0.176826 0.506649
1644 0.675907 0.102262 0.221831
1648 0.469626 0.291571 0.238803
1647 0.036720 0.592190 0.371090
222 0.072855 0.393180 0.533965
233 0.477379 0.508259 0.014362
230 0.196024 0.611387 0.192588
4531 0.408111 0.394289 0.197599
4532 0.365791 0.369980 0.264229
4536 0.183057 0.423522 0.393421
4567 0.225003 0.470644 0.304354
4564 0.194765 0.446431 0.358805
1689 0.438813 0.141138 0.420049
1689 0.075535 0.731582 0.192882
1670 0.590137 0.358871 0.050992
1671 0.365551 0.490617 0.143832
62 0.228663 0.458512 0.312826
1576 0.069719 0.635908 0.294372
1671 0.034018 0.041939 0.924043
1689 0.637082 0.043104 0.319814
1671 0.113973 0.144499 0.741528
1670 0.187881 0.239178 0.572941
1671 0.483379 0.394251 0.122371
1668 0.008487 0.683109 0.308404
1668 0.579368 0.130333 0.290298
1587 0.848757 0.041374 0.109869
1586 0.320256 0.187951 0.491793
1587 0.750440 0.199091 0.050470
4540 0.340118 0.154751 0.505131
1586 0.257689 0.428247 0.314065
1576 0.456534 0.381303 0.162163
1660 0.743453 0.140441 0.116106
1577 0.691719 0.027267 0.281015
4534 0.008186 0.235629 0.756185
4534 0.135643 0.525127 0.339230
4561 0.488656 0.348852 0.162492
4561 0.025860 0.829224 0.144916
4524 0.604115 0.166542 0.229343
4548 0.362233 0.183876 0.453891
4548 0.556892 0.302665 0.140442
4539 0.014982 0.828783 0.156236
4539 0.182654 0.762878 0.054468
1666 0.209739 0.310320 0.479941
4557 0.055494 0.494234 0.450272
4557 0.031756 0.587794 0.380450
3596 0.340440 0.192353 0.467207
4561 0.250811 0.000000 0.749189
4539 0.524781 0.409528 0.065691
4547 0.335754 0.423740 0.240506
4540 0.287936 0.678855 0.033209
1660 0.247285 0.272870 0.479844
1661 0.093088 0.332723 0.574189
62 0.109600 0.796313 0.094087
62 0.540245 0.308488 0.151266
4562 0.058577 0.693118 0.248305
4562 0.312267 0.216952 0.470781
3596 0.291919 0.292124 0.415957
1671 0.248074 0.034817 0.717109
1671 0.022239 0.370329 0.607431
1663 0.209406 0.222175 0.568419
1689 0.611553 0.155329 0.233119
622 0.383781 0.584821 0.031397
738 0.396758 0.386311 0.216931
743 0.752839 0.191152 0.056009
622 0.537836 0.053888 0.408276
503 0.084588 0.893829 0.021584
502 0.781655 0.121173 0.097172
234 0.108228 0.684889 0.206883
211 0.729077 0.071773 0.199150
1401 0.477020 0.305311 0.217669
1380 0.224571 0.116116 0.659313
4164 0.416003 0.246206 0.337791
4211 0.756227 0.056386 0.187387
4207 0.419191 0.035518 0.545290
4212 0.160057 0.194958 0.644985
4207 0.061613 0.323470 0.614917
4204 0.117855 0.272516 0.609629
4302 0.120070 0.871634 0.008296
4263 0.027065 0.281834 0.691101
4126 0.390645 0.144994 0.464361
4141 0.957216 0.015219 0.027565
4166 0.626743 0.108678 0.264579
4276 0.269408 0.186022 0.544571
4155 0.573974 0.326414 0.099613
4203 0.822945 0.076806 0.100249
1313 0.159801 0.071171 0.769029
1220 0.031884 0.812548 0.155568
1216 0.235742 0.461556 0.302702
1220 0.451095 0.511893 0.037012
1217 0.311049 0.688705 0.000246
1216 0.010170 0.246400 0.743430
1221 0.576571 0.249031 0.174398
1220 0.204237 0.214650 0.581112
2722 0.311592 0.609366 0.079042
2791 0.294140 0.095744 0.610116
2790 0.011288 0.878440 0.110272
2738 0.583448 0.255763 0.160789
2816 0.782710 0.077843 0.139447
2878 0.143818 0.850143 0.006038
2794 0.288177 0.357527 0.354296
2837 0.069885 0.232517 0.697597
2919 0.878457 0.060948 0.060595
2556 0.150945 0.489990 0.359064
2631 0.052403 0.793127 0.154469
2594 0.469236 0.495111 0.035653
2653 0.001063 0.986511 0.012426
114 0.851101 0.013437 0.135462
2719 0.603015 0.281181 0.115804
2346 0.414968 0.117902 0.467130
2265 0.069397 0.260715 0.669888
2193 0.197936 0.387800 0.414264
2838 0.034245 0.825059 0.140696
2923 0.682600 0.174586 0.142815
2975 0.333799 0.364062 0.302139
2891 0.752108 0.144270 0.103622
2931 0.467441 0.161632 0.370927
2930 0.066544 0.576273 0.357183
2815 0.754876 0.005779 0.239345
2763 0.123447 0.310539 0.566013
2027 0.085932 0.404779 0.509289
2026 0.521302 0.294467 0.184231
2212 0.424386 0.045808 0.529806
2026 0.016534 0.068248 0.915218
2024 0.181952 0.780464 0.037584
2211 0.448204 0.097210 0.454586
2025 0.611155 0.066652 0.322193
2024 0.181220 0.394331 0.424449
2211 0.438916 0.487522 0.073562
2315 0.071551 0.637105 0.291344
2314 0.320651 0.163178 0.516171
2313 0.846864 0.054569 0.098566
2312 0.498945 0.321405 0.179650
2313 0.453137 0.068186 0.478677
2313 0.439594 0.544715 0.015692
372 0.133505 0.222379 0.644116
365 0.121965 0.687713 0.190322
364 0.265258 0.658868 0.075873
2282 0.135713 0.472583 0.391704
2283 0.315695 0.049972 0.634333
88 0.107082 0.704130 0.188787
2351 0.104510 0.122579 0.772911
2275 0.189400 0.607026 0.203574
2198 0.054298 0.373737 0.571965
2965 0.330301 0.649144 0.020555
126 0.356429 0.563282 0.080289
3088 0.171800 0.386116 0.442084
2936 0.464462 0.510395 0.025143
2918 0.158726 0.318888 0.522386
2960 0.118817 0.651792 0.229390
2939 0.397434 0.139059 0.463506
2879 0.247592 0.486151 0.266257
2349 0.271426 0.690110 0.038464
2349 0.809749 0.089903 0.100348
2422 0.129822 0.752887 0.117291
2423 0.166712 0.770430 0.062858
2427 0.588676 0.325297 0.086027
2423 0.656204 0.214968 0.128828
2418 0.115886 0.714316 0.169798
330 0.020671 0.092292 0.887037
278 0.300376 0.653233 0.046391
1914 0.237460 0.408216 0.354324
1712 0.040171 0.594616 0.365213
1959 0.408399 0.385911 0.205689
277 0.030512 0.061033 0.908455
2430 0.214294 0.227351 0.558355
2434 0.197750 0.635382 0.166868
2359 0.097441 0.356372 0.546187
2367 0.617420 0.232728 0.149852
2886 0.024944 0.793591 0.181465
2796 0.893206 0.050971 0.055823
2864 0.135781 0.083989 0.780231
2766 0.861372 0.120979 0.017649
3029 0.689955 0.131076 0.178970
2991 0.812198 0.048758 0.139044
2913 0.932710 0.006048 0.061241
2995 0.135406 0.363408 0.501186
2959 0.010601 0.143160 0.846239
2990 0.046625 0.037355 0.916020
2986 0.201216 0.578374 0.220410
2985 0.264902 0.570456 0.164642
2950 0.295726 0.668562 0.035711
2949 0.671983 0.152064 0.175953
2910 0.185841 0.708959 0.105200
2882 0.761587 0.168699 0.069715
2875 0.362620 0.590539 0.046841
2989 0.083028 0.222608 0.694364
2876 0.367713 0.311416 0.320871
2952 0.702848 0.027974 0.269178
2988 0.163203 0.138393 0.698403
3031 0.503937 0.358166 0.137898
2952 0.089789 0.823392 0.086819
3011 0.380338 0.083981 0.535681
2987 0.038300 0.920102 0.041597
3033 0.490780 0.227440 0.281779
3008 0.620581 0.029145 0.350274
2416 0.404052 0.165470 0.430478
99 0.390282 0.270281 0.339437
2443 0.405067 0.404644 0.190289
2443 0.014706 0.619984 0.365310
2440 0.690356 0.033463 0.276181
2597 0.054302 0.801815 0.143883
2934 0.073852 0.315921 0.610226
2950 0.205414 0.010317 0.784269
2992 0.512624 0.142396 0.344980
2867 0.278889 0.094055 0.627056
125 0.305795 0.680788 0.013417
2846 0.332855 0.348742 0.318403
2870 0.836235 0.079474 0.084291
2730 0.390206 0.084216 0.525578
2728 0.610951 0.338040 0.051009
2731 0.190248 0.111557 0.698195
2559 0.051814 0.234775 0.713411
2558 0.128693 0.128061 0.743246
2596 0.511872 0.107738 0.380390
2440 0.121661 0.864747 0.013593
2832 0.138820 0.229660 0.631520
2825 0.224521 0.203152 0.572327
2920 0.242304 0.539386 0.218310
2912 0.178231 0.118659 0.703110
2316 0.409696 0.462085 0.128219
2316 0.032373 0.801972 0.165655
2215 0.522304 0.220063 0.257633
2305 0.234517 0.424052 0.341431
2305 0.251321 0.044581 0.704098
2217 0.268531 0.491711 0.239758
2038 0.144099 0.144676 0.711225
2039 0.358217 0.100405 0.541378
2040 0.147507 0.178415 0.674078
2041 0.388773 0.111528 0.499699
2271 0.266180 0.262250 0.471570
2192 0.077043 0.250742 0.672215
1912 0.697666 0.273924 0.028410
2562 0.299271 0.468533 0.232196
2465 0.662737 0.209931 0.127333
2716 0.122653 0.149195 0.728152
2716 0.027724 0.918058 0.054218
2601 0.165104 0.282444 0.552452
2540 0.887909 0.011722 0.100370
2545 0.427650 0.519681 0.052669
2490 0.367649 0.327859 0.304492
2495 0.418155 0.403341 0.178504
2502 0.123895 0.628727 0.247378
2721 0.793821 0.067013 0.139166
2720 0.051528 0.436681 0.511791
2717 0.093134 0.056638 0.850228
2716 0.775439 0.176666 0.047895
2733 0.810589 0.169153 0.020258
2658 0.042999 0.411134 0.545866
2726 0.112198 0.763196 0.124606
2727 0.025829 0.383970 0.590200
2474 0.511362 0.240900 0.247738
2589 0.419622 0.317846 0.262532
2634 0.051382 0.142038 0.806580
2654 0.348676 0.404135 0.247188
2657 0.176947 0.121560 0.701493
2611 0.368711 0.015043 0.616246
2646 0.306671 0.000000 0.693329
2389 0.015678 0.005598 0.978724
2389 0.118589 0.623417 0.257994
2425 0.150848 0.264845 0.584308
2384 0.769869 0.229244 0.000886
2383 0.062469 0.773072 0.164458
2479 0.009108 0.026669 0.964223
2401 0.863363 0.063208 0.073429
2400 0.148844 0.788899 0.062257
2496 0.838198 0.041865 0.119937
2471 0.424770 0.030754 0.544476
2681 0.865546 0.062916 0.071537
2478 0.028223 0.427094 0.544683
2694 0.813470 0.084764 0.101766
2497 0.015243 0.494793 0.489964
2714 0.022214 0.895131 0.082655
2789 0.127132 0.711061 0.161807
2793 0.850729 0.088795 0.060476
2775 0.125463 0.196128 0.678409
2781 0.561360 0.042286 0.396354
2773 0.122976 0.057320 0.819704
2771 0.355336 0.023717 0.620946
2924 0.480808 0.070565 0.448627
3047 0.097225 0.133459 0.769316
2899 0.074118 0.421223 0.504659
3018 0.073764 0.776674 0.149562
2889 0.395205 0.345720 0.259075
3002 0.764762 0.054489 0.180749
3061 0.306880 0.216906 0.476214
3109 0.342541 0.271321 0.386138
3026 0.243515 0.014991 0.741494
3101 0.228881 0.392364 0.378756
3002 0.158615 0.049858 0.791527
127 0.251788 0.315001 0.433212
3115 0.083436 0.632141 0.284422
3105 0.003880 0.110683 0.885438
3102 0.123547 0.327630 0.548824
3091 0.763317 0.038512 0.198171
3053 0.183703 0.013999 0.802298
3057 0.063046 0.343538 0.593416
3065 0.051907 0.020830 0.927263
3064 0.001559 0.093391 0.905049
3035 0.867349 0.042800 0.089850
2957 0.934698 0.005872 0.059430
3013 0.046112 0.050695 0.903193
2957 0.061067 0.001999 0.936933
2976 0.817180 0.016523 0.166297
2857 0.480998 0.213472 0.305530
2968 0.083130 0.722626 0.194244
2850 0.277194 0.239203 0.483603
2957 0.159393 0.777900 0.062708
2848 0.494386 0.352537 0.153076
2749 0.190030 0.765314 0.044656
2748 0.229955 0.624824 0.145221
2743 0.205375 0.666987 0.127638
2742 0.210741 0.684255 0.105004
2741 0.073445 0.233507 0.693047
2663 0.018631 0.176657 0.804712
2650 0.195944 0.239034 0.565022
2536 0.123702 0.760528 0.115769
2638 0.029818 0.320710 0.649471
111 0.748384 0.045020 0.206596
2617 0.122008 0.401339 0.476653
2550 0.609313 0.035146 0.355541
407 0.052401 0.165257 0.782342
395 0.871095 0.017709 0.111196
402 0.832467 0.073011 0.094521
390 0.716550 0.233658 0.049792
2439 0.006191 0.115594 0.878215
2436 0.040615 0.110158 0.849227
395 0.069846 0.034184 0.895970
381 0.360952 0.062143 0.576905
391 0.138932 0.496130 0.364939
376 0.384691 0.036685 0.578624
388 0.341772 0.417250 0.240978
375 0.456880 0.497974 0.045145
361 0.725385 0.052699 0.221916
361 0.159430 0.029942 0.810627
357 0.236647 0.390154 0.373199
356 0.506604 0.372450 0.120946
363 0.453465 0.234696 0.311839
362 0.007143 0.384681 0.608176
343 0.583754 0.030114 0.386132
343 0.024468 0.068770 0.906762
338 0.710282 0.015602 0.274116
339 0.006984 0.230734 0.762283
332 0.211614 0.552601 0.235785
333 0.862166 0.010394 0.127440
2028 0.035154 0.880566 0.084280
2029 0.873251 0.100285 0.026464
2170 0.664675 0.083798 0.251527
2032 0.055081 0.903839 0.041079
2032 0.048459 0.087401 0.864140
2185 0.402759 0.008460 0.588780
2035 0.704877 0.075696 0.219427
2034 0.177946 0.510391 0.311663
2203 0.501990 0.319342 0.178668
2269 0.422406 0.292972 0.284622
2268 0.215448 0.375189 0.409363
2272 0.213524 0.712518 0.073958
2272 0.724314 0.164879 0.110807
2295 0.691794 0.091400 0.216806
2294 0.439530 0.269602 0.290868
2343 0.064764 0.322215 0.613020
94 0.798070 0.197548 0.004382
2343 0.145035 0.582320 0.272645
94 0.450362 0.462164 0.087474
2342 0.151626 0.095509 0.752865
94 0.112031 0.725532 0.162438
2371 0.626302 0.166486 0.207212
2417 0.467102 0.259700 0.273198
2371 0.271010 0.199853 0.529137
2417 0.383052 0.030036 0.586912
2294 0.066500 0.694919 0.238581
2304 0.268496 0.018031 0.713474
2442 0.709724 0.014762 0.275514
2441 0.379291 0.428925 0.191784
2442 0.764447 0.222120 0.013434
2441 0.103880 0.533298 0.362822
2316 0.722741 0.112441 0.164818
2314 0.368323 0.453354 0.178323
2410 0.000000 0.412370 0.587630
2411 0.328686 0.624337 0.046978
2410 0.079196 0.677944 0.242860
2410 0.452294 0.260285 0.287421
2312 0.105455 0.741597 0.152948
2312 0.064853 0.399357 0.535790
1006 0.452039 0.488841 0.059120
876 0.275817 0.683384 0.040799
840 0.446087 0.273448 0.280465
903 0.011104 0.812263 0.176633
788 0.135719 0.803985 0.060296
22 0.003168 0.172055 0.824777
801 0.833265 0.064519 0.102216
789 0.040674 0.190583 0.768742
684 0.027378 0.785901 0.186720
1118 0.659976 0.150881 0.189143
1100 0.410038 0.447078 0.142884
37 0.666934 0.224612 0.108454
1121 0.052347 0.085237 0.862416
36 0.724966 0.067555 0.207479
911 0.442508 0.466597 0.090895
1254 0.600149 0.161624 0.238228
1319 0.026002 0.753393 0.220604
1503 0.196496 0.592427 0.211076
681 0.862906 0.070512 0.066582
660 0.197990 0.552427 0.249584
633 0.638586 0.140830 0.220584
634 0.205653 0.473542 0.320805
632 0.093915 0.371830 0.534255
590 0.308530 0.053240 0.638230
746 0.001276 0.765482 0.233241
795 0.117109 0.705918 0.176973
1798 0.443267 0.164346 0.392387
1796 0.642575 0.340395 0.017031
1797 0.575618 0.326632 0.097750
1457 0.294776 0.500167 0.205058
1460 0.059385 0.253292 0.687323
1461 0.342694 0.558289 0.099017
1456 0.581020 0.333857 0.085123
1460 0.112208 0.815232 0.072561
1460 0.500446 0.469183 0.030371
1299 0.351687 0.373100 0.275213
1312 0.373076 0.485972 0.140952
1312 0.409285 0.072268 0.518447
179 0.312425 0.103432 0.584143
1309 0.606565 0.109847 0.283588
1243 0.116742 0.856239 0.027019
191 0.070201 0.268535 0.661264
1308 0.064996 0.262592 0.672413
1315 0.193659 0.365328 0.441013
190 0.789532 0.086573 0.123895
51 0.079753 0.216921 0.703326
1517 0.409492 0.065235 0.525272
585 0.334178 0.382601 0.283221
606 0.515278 0.430559 0.054162
616 0.146423 0.233735 0.619841
17 0.245887 0.098946 0.655167
685 0.424238 0.177011 0.398751
705 0.271697 0.520820 0.207483
583 0.612756 0.163569 0.223675
659 0.888143 0.085682 0.026175
1250 0.066268 0.750230 0.183502
1176 0.307459 0.244183 0.448358
1251 0.261937 0.316085 0.421978
1182 0.878476 0.022403 0.099120
1182 0.229692 0.432427 0.337882
1183 0.194248 0.199289 0.606463
1195 0.798814 0.036337 0.164849
279 0.030124 0.955241 0.014634
1626 0.543944 0.092867 0.363188
1569 0.427748 0.416845 0.155407
1175 0.519224 0.188721 0.292055
1239 0.098619 0.687185 0.214196
1163 0.715256 0.206279 0.078466
1232 0.225846 0.327772 0.446382
19 0.040422 0.746675 0.212903
687 0.213229 0.205411 0.581360
726 0.920128 0.045787 0.034084
741 0.040123 0.874529 0.085348
534 0.038429 0.627605 0.333965
553 0.068958 0.578943 0.352099
535 0.781458 0.057663 0.160879
552 0.200420 0.727459 0.072121
594 0.881222 0.014394 0.104385
595 0.040173 0.153370 0.806457
565 0.759215 0.182700 0.058085
604 0.715800 0.227873 0.056326
626 0.840857 0.045101 0.114042
563 0.284463 0.474170 0.241367
600 0.182055 0.497712 0.320232
668 0.236831 0.690533 0.072636
719 0.374368 0.432001 0.193632
714 0.631259 0.036393 0.332349
609 0.059385 0.787246 0.153370
618 0.274009 0.421133 0.304858
609 0.272425 0.177469 0.550106
618 0.889176 0.001705 0.109119
565 0.017314 0.064163 0.918523
526 0.416113 0.069936 0.513951
542 0.059169 0.348195 0.592636
528 0.189251 0.306446 0.504303
544 0.316375 0.365563 0.318062
1225 0.449050 0.409388 0.141562
1212 0.377056 0.118899 0.504046
1214 0.374272 0.295896 0.329832
1225 0.559344 0.022802 0.417854
1213 0.107312 0.478053 0.414635
1105 0.146482 0.114687 0.738831
603 0.371282 0.061834 0.566885
605 0.198265 0.192893 0.608842
698 0.498807 0.366963 0.134230
733 0.730226 0.149306 0.120468
784 0.133205 0.213379 0.653416
797 0.586006 0.370462 0.043532
782 0.117023 0.750731 0.132246
912 0.438674 0.436532 0.124794
947 0.375909 0.331623 0.292469
947 0.094370 0.814547 0.091082
1131 0.084999 0.692281 0.222720
1104 0.537182 0.078024 0.384795
1131 0.295756 0.029177 0.675067
1215 0.891763 0.076065 0.032172
775 0.254415 0.074809 0.670776
665 0.693427 0.097231 0.209343
776 0.077233 0.144059 0.778708
667 0.241544 0.298351 0.460105
1296 0.681751 0.166862 0.151387
