1108 0.003463 0.149246 0.847292
1110 0.878427 0.098836 0.022737
1108 0.113156 0.108257 0.778587
1110 0.733392 0.258329 0.008279
1108 0.246524 0.101259 0.652217
566 0.027634 0.417549 0.554817
3318 0.123687 0.404931 0.471382
3319 0.048743 0.405888 0.545369
3319 0.207501 0.236230 0.556269
3316 0.846738 0.096524 0.056739
3317 0.931938 0.048108 0.019954
3317 0.775198 0.199573 0.025229
1108 0.201896 0.698928 0.099176
1109 0.039170 0.109874 0.850956
1109 0.204632 0.048940 0.746427
2814 0.159087 0.089119 0.751794
2812 0.375572 0.244255 0.380173
190 0.407479 0.420825 0.171696
2812 0.669968 0.046256 0.283775
2812 0.301161 0.340318 0.358521
190 0.333449 0.392319 0.274232
2814 0.398076 0.076732 0.525192
2812 0.288653 0.212208 0.499139
190 0.505468 0.172488 0.322043
224 0.210857 0.699035 0.090108
224 0.057743 0.848604 0.093653
224 0.154156 0.648710 0.197134
2814 0.090087 0.128254 0.781659
224 0.107344 0.542532 0.350123
2814 0.175934 0.223650 0.600416
4008 0.492390 0.262342 0.245268
3988 0.000000 0.762171 0.237829
3988 0.324260 0.506407 0.169334
116 0.000000 0.358417 0.641583
1584 0.079048 0.836749 0.084203
1584 0.271658 0.379364 0.348978
1109 0.079503 0.367860 0.552636
1108 0.123409 0.356473 0.520117
1108 0.162923 0.456265 0.380812
1108 0.306029 0.185402 0.508569
1108 0.308639 0.326581 0.364780
248 0.127809 0.865987 0.006204
248 0.129008 0.588898 0.282094
4042 0.583460 0.383165 0.033375
248 0.428332 0.337635 0.234033
1108 0.390697 0.537008 0.072295
3316 0.637954 0.210409 0.151638
3318 0.349540 0.196019 0.454441
188 0.754359 0.187737 0.057905
188 0.824103 0.000000 0.175897
190 0.164146 0.079834 0.756019
3294 0.233906 0.501160 0.264934
4036 0.228766 0.626283 0.144951
4036 0.174913 0.134582 0.690505
3294 0.226900 0.140062 0.633038
4036 0.612266 0.215759 0.171974
4038 0.479018 0.162376 0.358606
220 0.044335 0.238862 0.716803
4038 0.031706 0.102257 0.866037
4038 0.158674 0.390253 0.451073
3292 0.094326 0.278252 0.627422
3294 0.540158 0.158877 0.300965
38 0.003967 0.246431 0.749602
3292 0.402892 0.280180 0.316928
372 0.106128 0.766553 0.127320
220 0.090089 0.605505 0.304406
1606 0.593585 0.057551 0.348865
1606 0.268647 0.205356 0.525997
374 0.710442 0.192870 0.096688
1308 0.777304 0.198607 0.024088
1308 0.446036 0.497385 0.056579
1308 0.119648 0.771412 0.108940
1310 0.522300 0.012458 0.465242
1308 0.156946 0.307223 0.535831
222 0.599564 0.053278 0.347158
3330 0.260331 0.657360 0.082309
3330 0.145107 0.371318 0.483574
222 0.339361 0.267433 0.393206
3330 0.540883 0.421487 0.037630
3330 0.436483 0.118179 0.445338
4040 0.114827 0.775573 0.109600
4040 0.115459 0.463715 0.420826
4040 0.431647 0.528476 0.039877
4040 0.445438 0.198247 0.356315
4038 0.257863 0.709431 0.032706
4042 0.254409 0.041795 0.703796
4042 0.003973 0.238639 0.757388
3330 0.056821 0.051555 0.891624
3328 0.689529 0.258054 0.052417
20 0.186499 0.373257 0.440244
418 0.435188 0.498919 0.065893
20 0.011323 0.987329 0.001348
418 0.345508 0.236369 0.418123
416 0.031012 0.394488 0.574500
416 0.740649 0.047366 0.211986
1294 0.308337 0.591725 0.099937
1332 0.459567 0.504916 0.035517
1332 0.215432 0.639654 0.144914
1294 0.113025 0.886975 0.000000
1332 0.643733 0.240539 0.115728
1332 0.409371 0.369293 0.221336
1236 0.559183 0.435284 0.005533
1236 0.365517 0.364672 0.269811
1236 0.226927 0.181795 0.591278
1238 0.155610 0.226380 0.618010
1238 0.334594 0.250136 0.415271
1238 0.493120 0.342502 0.164378
1109 0.156718 0.200973 0.642309
1108 0.090789 0.659076 0.250135
1108 0.258949 0.509629 0.231422
2624 0.323620 0.313627 0.362752
2624 0.263925 0.039036 0.697040
2624 0.656687 0.252076 0.091237
2626 0.403399 0.073137 0.523464
2658 0.716266 0.163437 0.120296
2626 0.057911 0.261409 0.680680
1110 0.509675 0.204318 0.286007
1108 0.477985 0.012272 0.509743
1108 0.468873 0.163547 0.367580
1602 0.427270 0.409891 0.162838
1602 0.637141 0.174194 0.188666
1600 0.100868 0.281454 0.617678
206 0.304310 0.341354 0.354336
206 0.257668 0.156463 0.585869
204 0.804544 0.013579 0.181878
20 0.664994 0.035828 0.299178
22 0.695185 0.107551 0.197264
22 0.321670 0.373538 0.304792
1294 0.092845 0.299722 0.607433
1238 0.022408 0.295357 0.682236
1580 0.294795 0.635005 0.070200
220 0.811722 0.023104 0.165174
220 0.451364 0.305295 0.243340
372 0.210355 0.270891 0.518754
1108 0.436489 0.345177 0.218335
1109 0.312169 0.660439 0.027392
1109 0.135105 0.739898 0.124997
1109 0.328691 0.607744 0.063565
1109 0.091681 0.702769 0.205549
1109 0.357339 0.529901 0.112760
1109 0.078907 0.629652 0.291441
374 0.369557 0.245672 0.384770
374 0.015322 0.266178 0.718500
372 0.561455 0.252052 0.186493
416 0.023812 0.842133 0.134055
1604 0.117593 0.145758 0.736649
4040 0.131287 0.150662 0.718051
4058 0.047476 0.306465 0.646059
4056 0.598650 0.000000 0.401350
4056 0.316970 0.286100 0.396930
4042 0.292543 0.323724 0.383733
4042 0.033845 0.531516 0.434639
3986 0.537452 0.132745 0.329803
3986 0.238761 0.401373 0.359866
4042 0.554118 0.112734 0.333148
4056 0.030025 0.617631 0.352344
174 0.668187 0.035924 0.295889
4060 0.743867 0.178210 0.077923
4060 0.453147 0.541973 0.004880
3294 0.854520 0.089216 0.056265
174 0.128023 0.691749 0.180228
36 0.182396 0.387121 0.430483
38 0.372722 0.159841 0.467437
36 0.071763 0.828531 0.099707
36 0.534374 0.282982 0.182644
188 0.325221 0.347930 0.326849
1230 0.176623 0.244050 0.579327
224 0.886276 0.030415 0.083308
224 0.687560 0.211854 0.100585
224 0.506237 0.388410 0.105354
226 0.097956 0.094959 0.807084
224 0.685388 0.111817 0.202794
224 0.485459 0.295360 0.219181
226 0.069669 0.290780 0.639551
226 0.274507 0.184821 0.540672
224 0.485904 0.127447 0.386649
400 0.409371 0.262280 0.328349
400 0.626664 0.373336 0.000000
116 0.248139 0.600473 0.151387
3996 0.908192 0.040344 0.051464
118 0.551369 0.241896 0.206735
1238 0.071565 0.870522 0.057912
1436 0.751560 0.016893 0.231547
3984 0.101466 0.083716 0.814818
1586 0.178100 0.158807 0.663093
1584 0.592863 0.354787 0.052350
3998 0.206752 0.080260 0.712988
3996 0.202272 0.581846 0.215882
3988 0.807856 0.015858 0.176286
1584 0.076955 0.103635 0.819410
1586 0.605668 0.198103 0.196229
3988 0.588433 0.130002 0.281565
3988 0.614046 0.329791 0.056163
1584 0.355628 0.076034 0.568337
1594 0.287825 0.557237 0.154938
1594 0.058110 0.907842 0.034048
2648 0.197794 0.733934 0.068272
1594 0.230885 0.285878 0.483237
2610 0.004654 0.354958 0.640389
2610 0.244065 0.003139 0.752797
1592 0.826213 0.007959 0.165829
2610 0.070629 0.664479 0.264892
2610 0.324996 0.320497 0.354506
1592 0.256937 0.071578 0.671484
1594 0.510757 0.232626 0.256617
1592 0.251651 0.403281 0.345068
1592 0.533338 0.054798 0.411864
1592 0.246711 0.740938 0.012352
1592 0.531437 0.392386 0.076177
36 0.239944 0.052060 0.707996
38 0.306965 0.522899 0.170136
28 0.154557 0.545028 0.300415
28 0.255431 0.700388 0.044181
2648 0.202904 0.460990 0.336106
28 0.001476 0.217361 0.781164
28 0.066378 0.387279 0.546343
566 0.138155 0.518925 0.342920
206 0.314413 0.562552 0.123035
1602 0.206404 0.600353 0.193244
564 0.814599 0.127402 0.057999
1108 0.000000 0.037910 0.962090
1109 0.053451 0.867490 0.079058
565 0.844216 0.000205 0.155579
1111 0.940897 0.026955 0.032148
1109 0.103113 0.877822 0.019065
567 0.323109 0.618542 0.058349
567 0.276309 0.677483 0.046209
567 0.224659 0.731548 0.043792
567 0.223665 0.658487 0.117848
567 0.170761 0.721501 0.107738
567 0.078099 0.716600 0.205301
565 0.320993 0.230676 0.448331
565 0.352177 0.070805 0.577018
564 0.448010 0.551990 0.000000
565 0.439644 0.280194 0.280162
565 0.475884 0.155485 0.368631
565 0.563618 0.056936 0.379445
564 0.600782 0.367666 0.031552
565 0.680635 0.001729 0.317636
1111 0.712593 0.189051 0.098356
1109 0.191488 0.808512 0.000000
1111 0.697005 0.268929 0.034066
1109 0.168599 0.776603 0.054798
567 0.166361 0.766746 0.066893
567 0.087347 0.806096 0.106557
567 0.078794 0.770486 0.150719
1111 0.829564 0.000000 0.170436
1111 0.811512 0.052557 0.135930
567 0.000000 0.782773 0.217227
1111 0.737272 0.027100 0.235628
1111 0.771918 0.083293 0.144790
1111 0.728299 0.088879 0.182821
565 0.529746 0.310015 0.160239
565 0.566122 0.213204 0.220675
565 0.644301 0.139913 0.215786
567 0.093121 0.854619 0.052260
565 0.743136 0.106636 0.150227
1111 0.850675 0.092112 0.057213
1111 0.885133 0.005761 0.109107
1111 0.721957 0.134327 0.143716
1111 0.791198 0.135992 0.072810
1294 0.061025 0.665344 0.273631
1294 0.312934 0.262567 0.424500
1294 0.536998 0.229164 0.233838
2656 0.148546 0.495870 0.355584
2624 0.383286 0.482322 0.134393
2656 0.219756 0.166527 0.613717
2658 0.220951 0.480610 0.298439
2658 0.181030 0.779515 0.039455
206 0.762510 0.031846 0.205643
204 0.388628 0.396149 0.215224
204 0.320139 0.172572 0.507289
2610 0.679876 0.233948 0.086177
2656 0.818793 0.084756 0.096451
2658 0.399384 0.079254 0.521361
2656 0.461318 0.291346 0.247336
2608 0.027307 0.199049 0.773644
2608 0.373500 0.162633 0.463867
1606 0.358702 0.533209 0.108089
1606 0.042776 0.692938 0.264286
2656 0.021190 0.828322 0.150488
2656 0.329288 0.645982 0.024730
2624 0.032895 0.367060 0.600045
2624 0.098854 0.620342 0.280804
418 0.036998 0.895309 0.067693
22 0.048549 0.311047 0.640404
22 0.057559 0.734028 0.208413
566 0.066061 0.722638 0.211301
1332 0.155443 0.515935 0.328622
566 0.009909 0.891160 0.098932
1294 0.760780 0.196988 0.042233
1454 0.318476 0.644608 0.036916
1454 0.091641 0.868746 0.039613
1454 0.340834 0.543002 0.116164
1454 0.108950 0.748976 0.142074
1454 0.375100 0.380828 0.244072
1454 0.143939 0.558650 0.297411
1586 0.240207 0.641682 0.118111
1454 0.877883 0.093196 0.028921
1586 0.222731 0.511445 0.265824
1452 0.059916 0.161490 0.778594
1586 0.171323 0.427895 0.400782
1452 0.049773 0.274768 0.675459
1454 0.574078 0.401454 0.024468
1454 0.591248 0.331037 0.077714
1454 0.615174 0.211703 0.173123
224 0.352801 0.547528 0.099671
224 0.314762 0.471139 0.214099
224 0.291218 0.330985 0.377797
1109 0.447455 0.247231 0.305314
1109 0.400785 0.403840 0.195375
1109 0.256217 0.311498 0.432284
1109 0.159733 0.482891 0.357376
1109 0.484827 0.086363 0.428810
1109 0.322571 0.142258 0.535170
3317 0.498864 0.134363 0.366773
3317 0.643592 0.005136 0.351272
3317 0.628497 0.324641 0.046862
3319 0.360380 0.100008 0.539613
3317 0.491328 0.445690 0.062982
3319 0.491987 0.009471 0.498542
2815 0.165515 0.592435 0.242050
2815 0.023743 0.933539 0.042717
2815 0.045808 0.630598 0.323593
225 0.088085 0.068761 0.843154
225 0.076658 0.368681 0.554661
225 0.209371 0.089591 0.701038
225 0.195394 0.383030 0.421576
225 0.328067 0.110921 0.561013
225 0.321813 0.398165 0.280022
225 0.456056 0.133349 0.410596
227 0.370485 0.608955 0.020560
225 0.468203 0.415196 0.116601
225 0.773776 0.183784 0.042440
225 0.605893 0.159397 0.234710
227 0.170127 0.646599 0.183275
227 0.031433 0.862647 0.105920
1455 0.139428 0.261177 0.599395
1455 0.248073 0.086134 0.665792
1455 0.752067 0.213735 0.034198
1455 0.412356 0.242482 0.345162
1455 0.841872 0.057150 0.100978
1455 0.512612 0.078336 0.409052
1587 0.661052 0.037141 0.301807
1587 0.252589 0.102097 0.645314
1586 0.636823 0.363177 0.000000
1586 0.256404 0.743596 0.000000
3990 0.000000 0.095878 0.904122
1584 0.000000 0.000000 1.000000
3990 0.099189 0.000127 0.900684
1584 0.045625 0.000000 0.954375
1452 0.512177 0.144364 0.343459
1454 0.210602 0.208205 0.581193
226 0.010361 0.623373 0.366266
226 0.447507 0.349509 0.202984
226 0.229186 0.500566 0.270248
224 0.084814 0.336142 0.579044
226 0.648118 0.168107 0.183775
2814 0.426044 0.273195 0.300761
2814 0.215883 0.421812 0.362305
2814 0.645964 0.121196 0.232839
188 0.128379 0.123956 0.747665
224 0.000000 0.411702 0.588298
2814 0.021807 0.597463 0.380730
2814 0.216041 0.500206 0.283753
2814 0.016733 0.345606 0.637661
2814 0.202816 0.276979 0.520205
2814 0.539238 0.334532 0.126230
2790 0.143062 0.823552 0.033386
2814 0.546300 0.066400 0.387300
2812 0.092377 0.167163 0.740460
2790 0.007200 0.905423 0.087377
190 0.814203 0.185797 0.000000
190 0.495486 0.277839 0.226675
208 0.000000 0.087294 0.912706
190 0.833187 0.166813 0.000000
190 0.476758 0.235188 0.288054
2790 0.776673 0.081157 0.142170
2790 0.484863 0.271081 0.244056
2790 0.212351 0.515097 0.272553
2790 0.733554 0.125201 0.141245
2790 0.451483 0.309101 0.239416
2790 0.185181 0.542729 0.272089
2790 0.669789 0.224402 0.105809
2790 0.437293 0.395119 0.167588
2790 0.215238 0.567908 0.216854
189 0.752134 0.107786 0.140079
2814 0.003314 0.867559 0.129127
2814 0.066464 0.865761 0.067775
2814 0.233766 0.745929 0.020305
2790 0.451116 0.484688 0.064196
2790 0.153764 0.696086 0.150150
2790 0.060343 0.728268 0.211390
2790 0.038441 0.748994 0.212565
189 0.493882 0.422371 0.083747
190 0.690885 0.309115 0.000000
2814 0.868274 0.010267 0.121459
189 0.387597 0.437682 0.174721
189 0.246767 0.736513 0.016721
209 0.110728 0.889272 0.000000
2790 0.147260 0.723950 0.128790
2790 0.279520 0.543246 0.177234
209 0.159856 0.840144 0.000000
211 0.824679 0.175321 0.000000
2790 0.531293 0.319927 0.148779
2790 0.805218 0.134897 0.059885
209 0.000000 0.793650 0.206350
2791 0.014531 0.262402 0.723067
2814 0.011053 0.687908 0.301039
224 0.000000 0.546184 0.453816
2814 0.018707 0.463345 0.517947
2815 0.321414 0.531243 0.147343
189 0.656559 0.085009 0.258432
189 0.552069 0.087069 0.360862
224 0.000000 0.775447 0.224553
2815 0.249507 0.560903 0.189590
1310 0.895107 0.095395 0.009498
3326 0.370344 0.510019 0.119637
222 0.050832 0.486959 0.462209
222 0.180262 0.807730 0.012008
3328 0.300745 0.156366 0.542889
1316 0.555177 0.437448 0.007375
3990 0.000000 0.212839 0.787161
3990 0.131704 0.130643 0.737653
3990 0.000000 0.315791 0.684209
3990 0.000000 0.424686 0.575314
3990 0.294427 0.105774 0.599800
1452 0.032596 0.432453 0.534952
1452 0.285121 0.293131 0.421748
1436 0.155146 0.114739 0.730115
1438 0.463117 0.433323 0.103560
1436 0.213392 0.179184 0.607423
1438 0.403799 0.313472 0.282729
1436 0.288382 0.318464 0.393153
3992 0.107349 0.520417 0.372233
3992 0.159025 0.686510 0.154465
1438 0.900954 0.077985 0.021061
1238 0.870844 0.057286 0.071870
1436 0.072217 0.742110 0.185673
1436 0.373208 0.450487 0.176306
402 0.167538 0.286077 0.546385
1438 0.326471 0.180338 0.493191
3992 0.047552 0.387156 0.565293
2650 0.071510 0.554001 0.374489
2650 0.132854 0.220404 0.646743
2650 0.328170 0.195069 0.476761
2648 0.670866 0.054215 0.274919
2648 0.430369 0.150707 0.418924
2648 0.443547 0.389707 0.166746
2648 0.777933 0.219763 0.002304
2608 0.483153 0.386442 0.130405
1111 0.423247 0.096196 0.480556
1111 0.296694 0.153478 0.549828
1111 0.128547 0.315047 0.556406
567 0.125254 0.342469 0.532277
567 0.149471 0.197300 0.653228
1333 0.263465 0.060439 0.676095
1231 0.404050 0.015224 0.580726
3313 0.856945 0.074405 0.068650
3313 0.529534 0.070495 0.399970
1231 0.442229 0.152284 0.405487
3317 0.078846 0.795670 0.125484
3317 0.073201 0.487232 0.439568
1231 0.506604 0.276474 0.216921
3317 0.222589 0.683823 0.093588
3317 0.218831 0.370389 0.410780
2791 0.341943 0.044691 0.613365
2791 0.244082 0.050315 0.705603
2791 0.148336 0.115510 0.736154
211 0.808073 0.056856 0.135071
211 0.739156 0.049595 0.211249
211 0.644616 0.111377 0.244007
211 0.544526 0.027453 0.428021
211 0.500204 0.016525 0.483271
211 0.383900 0.103176 0.512924
2791 0.669665 0.000000 0.330335
2791 0.599851 0.037628 0.362521
2791 0.510903 0.121589 0.367508
2791 0.533425 0.000000 0.466575
2791 0.439447 0.042941 0.517613
2791 0.337363 0.120157 0.542481
119 0.458588 0.330655 0.210757
119 0.042241 0.450242 0.507517
1585 0.239921 0.094057 0.666023
119 0.405293 0.010980 0.583727
1585 0.168183 0.384207 0.447610
1585 0.577685 0.225275 0.197040
1109 0.793173 0.126844 0.079983
1111 0.066397 0.891198 0.042405
1127 0.821811 0.061015 0.117174
1111 0.171720 0.656618 0.171662
1111 0.012549 0.556818 0.430633
249 0.644553 0.242185 0.113262
251 0.032461 0.678223 0.289316
251 0.348767 0.358255 0.292978
251 0.016839 0.279219 0.703941
3313 0.499960 0.202367 0.297672
3315 0.153285 0.790765 0.055950
153 0.579089 0.136661 0.284250
211 0.171946 0.000000 0.828054
189 0.127352 0.172771 0.699877
189 0.218766 0.178811 0.602423
3293 0.639353 0.264556 0.096092
221 0.120491 0.745925 0.133584
223 0.572322 0.231094 0.196584
4037 0.773265 0.131366 0.095369
3331 0.088461 0.195097 0.716442
3331 0.375881 0.229392 0.394727
4039 0.281752 0.410969 0.307279
3331 0.049652 0.668395 0.281953
3329 0.667094 0.277052 0.055853
39 0.208272 0.778618 0.013110
373 0.181572 0.087226 0.731202
373 0.170041 0.406853 0.423106
3293 0.217570 0.271975 0.510455
221 0.096976 0.305529 0.597494
221 0.439806 0.318862 0.241332
1607 0.573043 0.378136 0.048821
1309 0.826401 0.050418 0.123181
1607 0.317679 0.570500 0.111822
1309 0.543187 0.148169 0.308644
1311 0.363454 0.201951 0.434595
1607 0.049685 0.808047 0.142268
1309 0.268915 0.267014 0.464072
1311 0.616632 0.210633 0.172735
223 0.306517 0.226069 0.467414
223 0.060886 0.208302 0.730812
3331 0.650904 0.255516 0.093580
3329 0.112413 0.697524 0.190063
3329 0.431407 0.198654 0.369939
3329 0.199877 0.126223 0.673900
4041 0.694155 0.057996 0.247849
1317 0.018334 0.132765 0.848901
1317 0.266124 0.199889 0.533987
4043 0.303837 0.507855 0.188308
4043 0.012184 0.467591 0.520225
1317 0.233865 0.609169 0.156966
1319 0.532754 0.290584 0.176663
1317 0.510440 0.265727 0.223833
1319 0.255931 0.656969 0.087100
21 0.148034 0.190131 0.661836
419 0.861618 0.134590 0.003792
417 0.119965 0.502606 0.377429
419 0.282233 0.327578 0.390189
419 0.203699 0.636599 0.159702
417 0.850790 0.039034 0.110176
23 0.381224 0.170365 0.448411
23 0.089918 0.473200 0.436882
1295 0.112060 0.369625 0.518315
23 0.152283 0.183362 0.664356
1295 0.335661 0.292475 0.371864
1295 0.099210 0.162304 0.738486
1581 0.510544 0.165799 0.323657
1581 0.007252 0.415443 0.577304
1581 0.235542 0.012196 0.752262
4045 0.244074 0.557974 0.197951
1437 0.835485 0.106084 0.058431
4047 0.419606 0.523321 0.057072
3317 0.213979 0.024821 0.761200
3317 0.067957 0.139570 0.792473
3313 0.167162 0.066928 0.765911
2625 0.470711 0.134620 0.394668
2657 0.074679 0.781102 0.144220
207 0.442855 0.023241 0.533904
2625 0.412556 0.414178 0.173266
2625 0.768946 0.216332 0.014722
1603 0.118829 0.074992 0.806179
1127 0.176454 0.054740 0.768805
1127 0.439037 0.121882 0.439081
1127 0.709592 0.183023 0.107386
1603 0.630839 0.095774 0.273387
207 0.294798 0.598486 0.106715
1601 0.139756 0.746401 0.113843
205 0.808842 0.117628 0.073529
419 0.342730 0.050690 0.606580
21 0.690595 0.212071 0.097335
21 0.213856 0.447847 0.338297
21 0.286992 0.664453 0.048554
1581 0.050581 0.525100 0.424319
1443 0.016146 0.522871 0.460983
223 0.005838 0.675180 0.318982
223 0.259772 0.661837 0.078391
373 0.171051 0.749677 0.079273
3313 0.108503 0.188827 0.702670
1111 0.523607 0.264771 0.211623
1111 0.448970 0.344817 0.206213
1111 0.382293 0.485011 0.132697
375 0.343643 0.257207 0.399150
375 0.298062 0.589577 0.112360
2609 0.168451 0.418193 0.413356
417 0.061803 0.130997 0.807200
1605 0.187270 0.768949 0.043781
249 0.289381 0.151731 0.558888
4043 0.338211 0.132815 0.528975
4043 0.675028 0.207430 0.117542
4041 0.315230 0.374726 0.310044
1561 0.028207 0.796827 0.174967
1561 0.152080 0.567266 0.280654
251 0.700238 0.039170 0.260591
249 0.277653 0.536971 0.185377
4043 0.033816 0.077086 0.889098
4039 0.682826 0.051115 0.266059
4037 0.375567 0.491927 0.132507
3295 0.463787 0.400461 0.135752
3293 0.104904 0.605821 0.289275
39 0.300395 0.493028 0.206578
4037 0.459219 0.046408 0.494374
2649 0.784466 0.129441 0.086093
2609 0.200578 0.133899 0.665523
37 0.214647 0.188348 0.597005
373 0.747252 0.098015 0.154733
211 0.122011 0.221983 0.656007
1573 0.048568 0.905655 0.045777
227 0.579641 0.199900 0.220459
227 0.649204 0.057542 0.293254
67 0.330885 0.099175 0.569941
227 0.806654 0.141592 0.051754
67 0.104535 0.014233 0.881233
67 0.105871 0.102547 0.791582
225 0.001755 0.879311 0.118934
2791 0.905351 0.020095 0.074555
2791 0.856784 0.107543 0.035673
3407 0.667540 0.130751 0.201709
3407 0.597112 0.028831 0.374057
3431 0.175948 0.445928 0.378124
3429 0.470395 0.221505 0.308100
3429 0.167643 0.360203 0.472154
1443 0.057937 0.751604 0.190459
61 0.099020 0.880421 0.020559
1583 0.369347 0.600539 0.030114
1585 0.946158 0.021425 0.032417
119 0.000000 0.156021 0.843979
119 0.160515 0.696702 0.142783
3429 0.078155 0.071415 0.850430
3989 0.798865 0.200177 0.000958
3989 0.653295 0.186309 0.160396
1585 0.184612 0.730432 0.084956
1585 0.169593 0.582460 0.247947
1587 0.545802 0.434361 0.019837
1585 0.512810 0.431809 0.055382
1595 0.673920 0.241811 0.084269
1593 0.362327 0.455783 0.181890
1593 0.377187 0.114242 0.508571
1595 0.420587 0.169938 0.409475
1595 0.348048 0.442010 0.209943
1593 0.730571 0.244944 0.024485
1595 0.173631 0.088688 0.737682
1595 0.076368 0.358867 0.564765
2611 0.030124 0.314191 0.655685
1593 0.027726 0.653242 0.319032
1593 0.039408 0.330562 0.630030
205 0.004967 0.051401 0.943632
2651 0.241669 0.638860 0.119471
37 0.175140 0.429057 0.395803
29 0.021115 0.735683 0.243202
29 0.076919 0.472138 0.450943
29 0.140163 0.217879 0.641958
1593 0.016476 0.972022 0.011502
1295 0.585503 0.022240 0.392258
207 0.378779 0.320971 0.300250
1603 0.396558 0.036176 0.567266
567 0.292611 0.371106 0.336283
567 0.245774 0.448995 0.305232
567 0.115183 0.435370 0.449448
567 0.111673 0.498296 0.390031
1111 0.507927 0.056709 0.435363
1111 0.567889 0.026971 0.405140
567 0.308316 0.584397 0.107287
567 0.204114 0.624502 0.171384
567 0.283292 0.561029 0.155679
565 0.352237 0.396220 0.251543
567 0.444093 0.498695 0.057212
567 0.488309 0.383644 0.128048
567 0.405434 0.452478 0.142088
567 0.416168 0.355290 0.228542
567 0.341932 0.434851 0.223217
1111 0.624246 0.130003 0.245751
1111 0.581369 0.191683 0.226948
567 0.234491 0.568605 0.196904
567 0.122104 0.644530 0.233366
567 0.161983 0.589033 0.248984
567 0.053846 0.638610 0.307544
567 0.012039 0.701478 0.286483
1111 0.665627 0.002689 0.331684
1111 0.691011 0.055636 0.253353
567 0.383913 0.538073 0.078014
567 0.345622 0.506996 0.147382
567 0.208345 0.519518 0.272137
567 0.288160 0.501721 0.210119
1111 0.620415 0.013401 0.366184
567 0.092193 0.566064 0.341743
1111 0.659824 0.091083 0.249093
23 0.328734 0.484757 0.186509
23 0.714614 0.069881 0.215504
1295 0.153079 0.631938 0.214983
2657 0.282797 0.401419 0.315784
2659 0.643923 0.310999 0.045079
2657 0.030921 0.508512 0.460567
2659 0.146459 0.073489 0.780052
205 0.185922 0.744877 0.069201
205 0.289114 0.406283 0.304602
205 0.400798 0.084594 0.514607
2611 0.488958 0.105815 0.405227
2659 0.278770 0.407437 0.313793
2659 0.120525 0.841208 0.038267
2657 0.559355 0.301826 0.138819
2611 0.393389 0.473879 0.132732
2609 0.159171 0.777465 0.063365
1607 0.295011 0.087294 0.617695
1607 0.043138 0.255583 0.701280
2657 0.162447 0.169050 0.668502
2657 0.435224 0.049666 0.515110
2625 0.152916 0.337502 0.509581
2625 0.218115 0.071244 0.710642
2625 0.095284 0.612828 0.291888
2625 0.041892 0.888778 0.069330
23 0.023069 0.797415 0.179516
1295 0.592938 0.239211 0.167851
1295 0.327391 0.097164 0.575445
1293 0.398731 0.584162 0.017107
1295 0.353773 0.516369 0.129858
227 0.101649 0.297563 0.600788
227 0.127016 0.193065 0.679918
67 0.789003 0.040261 0.170736
227 0.349339 0.247848 0.402813
227 0.392374 0.126323 0.481302
67 0.557553 0.077909 0.364537
1587 0.171493 0.467293 0.361214
1587 0.121157 0.590441 0.288402
1587 0.041255 0.716132 0.242613
1453 0.364710 0.438880 0.196410
1453 0.372801 0.342650 0.284549
1453 0.392612 0.252985 0.354404
1455 0.226247 0.627935 0.145818
1455 0.187511 0.730287 0.082202
1455 0.151856 0.840386 0.007758
2815 0.173020 0.054476 0.772504
2791 0.746081 0.032391 0.221528
2791 0.675955 0.119931 0.204114
1109 0.630715 0.185025 0.184260
1109 0.633516 0.322888 0.043596
1109 0.639918 0.035086 0.324996
3317 0.358937 0.254578 0.386485
3317 0.358460 0.561274 0.080267
1229 0.082686 0.605813 0.311501
2815 0.383321 0.231453 0.385226
2815 0.256988 0.271925 0.471087
2815 0.110233 0.323002 0.566766
225 0.027424 0.643340 0.329236
225 0.162765 0.652747 0.184487
227 0.486979 0.388764 0.124257
225 0.321657 0.662761 0.015582
227 0.278242 0.427205 0.294553
227 0.044103 0.470168 0.485730
1453 0.344165 0.604657 0.051178
1455 0.307061 0.449000 0.243940
1587 0.614940 0.242379 0.142681
1587 0.217747 0.288567 0.493686
3989 0.880345 0.119655 0.000000
1587 0.881472 0.118528 0.000000
67 0.836497 0.158537 0.004967
67 0.608195 0.214722 0.177083
67 0.375868 0.244990 0.379142
2789 0.161626 0.751923 0.086451
67 0.135337 0.248296 0.616367
2791 0.421724 0.242604 0.335672
2791 0.607652 0.244972 0.147376
2791 0.063568 0.226442 0.709990
2791 0.242895 0.235845 0.521260
211 0.583360 0.217997 0.198643
211 0.374852 0.236252 0.388896
2791 0.287900 0.251275 0.460825
2791 0.363871 0.131631 0.504499
2791 0.273610 0.263858 0.462532
2791 0.233567 0.156191 0.610242
2791 0.146171 0.276208 0.577621
209 0.200277 0.701310 0.098412
211 0.784785 0.153594 0.061621
211 0.535358 0.316121 0.148521
211 0.563651 0.170901 0.265448
211 0.644874 0.299224 0.055901
211 0.524838 0.328509 0.146653
211 0.611214 0.146100 0.242686
211 0.526507 0.172126 0.301366
189 0.190149 0.447936 0.361915
189 0.108955 0.449467 0.441579
209 0.000000 0.502734 0.497266
209 0.000000 0.485536 0.514464
209 0.049274 0.509744 0.440982
209 0.172623 0.498714 0.328663
209 0.240145 0.459218 0.300637
209 0.271067 0.496460 0.232472
209 0.422626 0.532593 0.044781
209 0.484368 0.488496 0.027136
209 0.474468 0.503219 0.022312
189 0.325730 0.144470 0.529800
2791 0.145022 0.397677 0.457301
2791 0.130289 0.417332 0.452378
2791 0.034514 0.409281 0.556206
209 0.253935 0.584076 0.161989
211 0.545661 0.439295 0.015043
209 0.409057 0.590943 0.000000
209 0.457841 0.542159 0.000000
189 0.287088 0.440162 0.272751
189 0.133726 0.728627 0.137647
211 0.783427 0.216573 0.000000
209 0.293947 0.706053 0.000000
209 0.310334 0.665413 0.024253
209 0.078757 0.636668 0.284575
209 0.000000 0.606786 0.393214
2791 0.156563 0.306820 0.536616
2791 0.297420 0.181335 0.521245
189 0.442814 0.103398 0.453788
2815 0.414433 0.247473 0.338094
3327 0.354082 0.400867 0.245051
3325 0.405763 0.559915 0.034322
1309 0.213533 0.764119 0.022348
3327 0.115473 0.353553 0.530973
3327 0.032204 0.942772 0.025024
1319 0.051716 0.570163 0.378122
3991 0.047170 0.716758 0.236072
3991 0.201438 0.626102 0.172460
1453 0.376283 0.129930 0.493787
3407 0.038027 0.051207 0.910766
1449 0.417260 0.201715 0.381025
63 0.334497 0.236444 0.429059
1449 0.722383 0.022675 0.254942
3405 0.111003 0.707773 0.181224
63 0.166503 0.000000 0.833497
1451 0.429652 0.364113 0.206235
1451 0.132139 0.303168 0.564693
3431 0.000000 0.900273 0.099727
4047 0.341588 0.008532 0.649881
1449 0.037134 0.424129 0.538737
1449 0.072717 0.851206 0.076078
3407 0.731570 0.215277 0.053153
63 0.601695 0.185641 0.212664
1449 0.343117 0.656883 0.000000
2649 0.002536 0.208897 0.788567
2609 0.942059 0.007289 0.050652
2649 0.233253 0.255034 0.511714
2649 0.301798 0.053969 0.644233
2649 0.469243 0.300847 0.229909
2649 0.483779 0.085370 0.430851
2609 0.486400 0.180772 0.332828
2611 0.221158 0.746372 0.032471
1346 0.171850 0.442765 0.385385
1346 0.482975 0.045351 0.471675
1344 0.143772 0.386789 0.469439
1346 0.301484 0.694494 0.004023
1346 0.607023 0.287293 0.105685
1344 0.063571 0.124578 0.811851
4026 0.505975 0.034395 0.459630
4026 0.217277 0.456700 0.326022
4000 0.079607 0.124444 0.795949
862 0.608533 0.221284 0.170183
860 0.122875 0.163848 0.713277
4014 0.255247 0.443534 0.301220
4024 0.011361 0.111910 0.876729
4014 0.101478 0.129348 0.769175
4024 0.187663 0.414417 0.397920
4008 0.357886 0.169132 0.472982
4010 0.178726 0.288957 0.532317
3988 0.265011 0.286699 0.448290
3984 0.359871 0.529691 0.110438
4004 0.328575 0.191933 0.479493
4006 0.863287 0.062058 0.074655
4006 0.366226 0.072893 0.560881
4006 0.615464 0.297916 0.086620
4006 0.398850 0.488463 0.112687
1236 0.025900 0.912771 0.061329
4020 0.413790 0.497182 0.089028
30 0.000391 0.726728 0.272881
4048 0.525195 0.383929 0.090875
4048 0.781726 0.018621 0.199653
30 0.375708 0.363410 0.260882
30 0.305953 0.185727 0.508320
30 0.221854 0.015688 0.762459
30 0.687709 0.061122 0.251169
28 0.378552 0.109380 0.512068
28 0.456793 0.272132 0.271075
2618 0.043352 0.645754 0.310894
2618 0.297723 0.307645 0.394632
2648 0.009875 0.133821 0.856304
2650 0.726713 0.200355 0.072933
28 0.542545 0.436238 0.021217
2648 0.215802 0.178437 0.605761
848 0.134912 0.721817 0.143270
848 0.534371 0.352388 0.113241
808 0.914223 0.015039 0.070738
848 0.071022 0.928978 0.000000
4010 0.491191 0.502561 0.006248
4010 0.031622 0.940659 0.027719
4008 0.160766 0.000000 0.839234
4010 0.447057 0.383322 0.169621
3988 0.005362 0.153773 0.840865
4058 0.858236 0.097072 0.044693
172 0.153332 0.754281 0.092387
172 0.489586 0.316098 0.194316
4002 0.015692 0.421289 0.563018
4002 0.398292 0.016624 0.585084
4000 0.298467 0.383031 0.318503
4002 0.210388 0.657484 0.132127
4002 0.573538 0.277340 0.149122
4008 0.267862 0.065527 0.666611
3998 0.304203 0.559494 0.136303
3998 0.335343 0.354055 0.310602
3998 0.313637 0.186055 0.500308
3998 0.654911 0.206096 0.138994
3996 0.225791 0.110407 0.663801
3996 0.141968 0.417866 0.440167
3990 0.568751 0.418475 0.012774
3990 0.235994 0.673716 0.090289
3990 0.593003 0.268728 0.138268
3990 0.210267 0.562248 0.227485
3990 0.611994 0.136454 0.251552
3990 0.144563 0.465973 0.389464
826 0.379960 0.620040 0.000000
826 0.440005 0.384979 0.175016
826 0.740033 0.259967 0.000000
826 0.807584 0.014174 0.178242
4006 0.136001 0.721762 0.142237
4022 0.808819 0.021675 0.169506
4006 0.085845 0.362793 0.551362
4020 0.255321 0.264051 0.480628
846 0.055169 0.455866 0.488965
846 0.344966 0.217701 0.437333
846 0.619405 0.005253 0.375342
846 0.071085 0.688464 0.240451
846 0.340158 0.447264 0.212578
846 0.599354 0.225350 0.175297
4018 0.522217 0.371165 0.106619
4018 0.169034 0.751631 0.079335
4018 0.397981 0.060540 0.541479
4018 0.017679 0.472711 0.509609
4058 0.189579 0.763697 0.046724
3984 0.847438 0.082953 0.069609
838 0.215574 0.230813 0.553613
836 0.440579 0.103058 0.456363
838 0.301165 0.474023 0.224812
838 0.651890 0.118923 0.229187
836 0.075232 0.448441 0.476327
1146 0.316603 0.150406 0.532992
1146 0.013636 0.777145 0.209219
1146 0.384929 0.384887 0.230184
4016 0.104897 0.023617 0.871486
1144 0.307216 0.217886 0.474898
1146 0.738300 0.005465 0.256235
4014 0.849648 0.080500 0.069852
862 0.358474 0.588967 0.052559
4012 0.238369 0.434565 0.327066
4014 0.512539 0.003854 0.483606
4054 0.689191 0.083432 0.227377
4054 0.395884 0.597912 0.006204
4058 0.526413 0.438828 0.034758
4016 0.274603 0.264572 0.460825
174 0.121409 0.214411 0.664180
4062 0.289006 0.225826 0.485168
4026 0.005648 0.181426 0.812927
4024 0.680103 0.272356 0.047541
4060 0.391836 0.215907 0.392256
4060 0.099529 0.607320 0.293151
4062 0.658173 0.231479 0.110348
4060 0.024166 0.225952 0.749882
4052 0.720694 0.148974 0.130331
38 0.699139 0.300861 0.000000
4054 0.320209 0.196774 0.483017
4052 0.308183 0.354169 0.337648
1266 0.287269 0.465704 0.247027
1266 0.246393 0.696358 0.057249
844 0.099472 0.207807 0.692721
846 0.865873 0.012508 0.121619
2616 0.619144 0.357158 0.023698
2616 0.915462 0.027604 0.056934
4050 0.178701 0.651655 0.169644
1490 0.500873 0.100218 0.398909
1488 0.235041 0.214757 0.550202
2120 0.493256 0.433247 0.073496
4050 0.441271 0.274941 0.283788
4048 0.294621 0.082799 0.622580
2120 0.380081 0.258789 0.361130
2120 0.288556 0.057333 0.654111
4010 0.345185 0.315644 0.339171
3988 0.132710 0.234500 0.632789
3990 0.496530 0.075907 0.427563
3992 0.322028 0.267037 0.410934
3992 0.372923 0.423930 0.203148
4020 0.768048 0.053297 0.178654
3994 0.794200 0.027156 0.178644
3994 0.265418 0.111196 0.623386
3994 0.049637 0.315588 0.634775
814 0.661174 0.168315 0.170510
3992 0.807139 0.118801 0.074060
826 0.026774 0.970947 0.002279
826 0.062027 0.773983 0.163990
4022 0.308119 0.455277 0.236604
3994 0.292950 0.630349 0.076702
4022 0.320132 0.172367 0.507501
3994 0.528923 0.352801 0.118276
1266 0.738589 0.078762 0.182649
814 0.088801 0.778634 0.132565
4022 0.275078 0.710943 0.013979
3994 0.079716 0.854186 0.066098
3992 0.590674 0.244884 0.164442
3992 0.525621 0.077378 0.397001
3992 0.268082 0.139621 0.592296
3994 0.294529 0.355029 0.350442
3994 0.085890 0.578238 0.335872
814 0.353087 0.507320 0.139593
3994 0.516716 0.100030 0.383254
1474 0.008081 0.610645 0.381274
1474 0.197003 0.384287 0.418710
1474 0.434931 0.104725 0.460345
4028 0.019714 0.946608 0.033678
1474 0.173837 0.804244 0.021919
1474 0.417297 0.505652 0.077051
862 0.062591 0.486671 0.450739
862 0.261621 0.206124 0.532255
860 0.500750 0.120942 0.378308
1472 0.263230 0.249396 0.487374
146 0.088283 0.355741 0.555976
1474 0.702717 0.160959 0.136324
146 0.038099 0.764667 0.197234
860 0.236448 0.477379 0.286174
1346 0.056289 0.141188 0.802523
144 0.534814 0.022194 0.442991
144 0.201215 0.351464 0.447321
146 0.424247 0.356426 0.219328
144 0.205353 0.025322 0.769325
1344 0.582242 0.276895 0.140863
1344 0.208647 0.684924 0.106429
1306 0.145642 0.315172 0.539187
1304 0.494518 0.009745 0.495737
1306 0.135028 0.633349 0.231623
1306 0.496324 0.295484 0.208192
836 0.858954 0.042156 0.098889
836 0.493400 0.388063 0.118536
1304 0.169379 0.304118 0.526504
230 0.210591 0.385484 0.403926
1304 0.143965 0.011867 0.844168
230 0.226988 0.667624 0.105388
836 0.127489 0.719191 0.153320
1144 0.736641 0.087191 0.176168
230 0.620342 0.063783 0.315875
1094 0.023745 0.756077 0.220178
230 0.626599 0.335773 0.037628
846 0.023416 0.008195 0.968389
1144 0.343495 0.439221 0.217284
846 0.040738 0.229716 0.729546
1094 0.373066 0.512054 0.114881
1094 0.697956 0.291426 0.010618
844 0.640883 0.238446 0.120670
844 0.327591 0.463586 0.208823
844 0.651909 0.007848 0.340243
844 0.352562 0.225311 0.422127
1266 0.013112 0.050309 0.936579
1264 0.570769 0.309697 0.119534
844 0.027590 0.693105 0.279304
1264 0.611793 0.058912 0.329295
844 0.062926 0.443999 0.493074
1266 0.340156 0.206115 0.453730
1264 0.175859 0.638287 0.185854
814 0.170123 0.045156 0.784721
1264 0.210058 0.389572 0.400371
814 0.143596 0.294665 0.561739
1264 0.239446 0.147328 0.613226
814 0.114423 0.544604 0.340973
812 0.579896 0.173222 0.246882
812 0.349609 0.367993 0.282399
814 0.376172 0.056087 0.567741
812 0.325679 0.216682 0.457639
814 0.362618 0.289726 0.347656
812 0.300391 0.069164 0.630445
826 0.062296 0.268850 0.668854
824 0.556216 0.109590 0.334194
826 0.071095 0.430722 0.498183
826 0.475241 0.009517 0.515242
826 0.073771 0.596547 0.329682
826 0.467561 0.185858 0.346581
824 0.155482 0.475233 0.369286
848 0.168510 0.230875 0.600615
824 0.167473 0.310644 0.521883
848 0.166536 0.388134 0.445330
824 0.185371 0.143416 0.671213
848 0.161687 0.544030 0.294284
850 0.459605 0.111465 0.428930
850 0.152712 0.380275 0.467013
848 0.511032 0.075759 0.413209
850 0.107987 0.264955 0.627058
848 0.531566 0.208654 0.259780
808 0.779078 0.146820 0.074102
808 0.459504 0.228318 0.312178
810 0.568321 0.000000 0.431679
808 0.618922 0.028502 0.352577
810 0.334891 0.299010 0.366099
810 0.182965 0.196340 0.620696
810 0.109982 0.597683 0.292335
2116 0.201908 0.738441 0.059651
2116 0.572416 0.356264 0.071320
2118 0.084275 0.029050 0.886675
4034 0.299256 0.150241 0.550503
4032 0.363573 0.224814 0.411613
4032 0.042944 0.583566 0.373490
2122 0.042691 0.545214 0.412096
4034 0.723556 0.234729 0.041715
4030 0.006761 0.875911 0.117327
368 0.181128 0.646841 0.172031
368 0.400252 0.365656 0.234092
4030 0.212366 0.098224 0.689410
4028 0.582441 0.171371 0.246188
4030 0.255680 0.574345 0.169975
4030 0.471469 0.302214 0.226318
370 0.165688 0.181950 0.652362
4028 0.172279 0.739440 0.088281
370 0.306876 0.008428 0.684696
4028 0.300653 0.561522 0.137826
368 0.561936 0.158508 0.279556
4028 0.427624 0.384570 0.187806
4028 0.094665 0.290186 0.615149
1490 0.020597 0.806873 0.172531
4028 0.227989 0.100196 0.671815
1490 0.172636 0.575512 0.251852
4030 0.638789 0.083310 0.277901
1490 0.324031 0.348826 0.327143
4012 0.044580 0.766010 0.189410
4052 0.037599 0.314886 0.647515
1488 0.863100 0.039722 0.097178
2616 0.217953 0.354124 0.427923
1488 0.634927 0.335120 0.029954
2616 0.467651 0.038845 0.493504
4052 0.001376 0.770248 0.228376
2650 0.027210 0.870979 0.101811
2618 0.745499 0.117269 0.137232
2650 0.284783 0.510154 0.205063
2618 0.526896 0.460148 0.012956
2650 0.535584 0.161482 0.302934
863 0.677575 0.150723 0.171702
4015 0.253485 0.287420 0.459096
4015 0.102466 0.772341 0.125193
1347 0.025528 0.232756 0.741716
4025 0.079844 0.849413 0.070743
4025 0.237908 0.352222 0.409870
1347 0.378627 0.269636 0.351737
4027 0.573959 0.090873 0.335168
4027 0.408427 0.560548 0.031025
1491 0.011143 0.068313 0.920543
4013 0.131723 0.349144 0.519133
4055 0.696536 0.218736 0.084728
863 0.316820 0.051751 0.631430
4013 0.433053 0.551562 0.015386
4013 0.589054 0.025575 0.385371
117 0.075693 0.685293 0.239014
3989 0.151077 0.075263 0.773660
3989 0.435229 0.203438 0.361334
3985 0.267933 0.645096 0.086971
4005 0.372528 0.192617 0.434855
4005 0.062342 0.857118 0.080540
4005 0.010825 0.139104 0.850072
4019 0.157286 0.214846 0.627868
4019 0.378260 0.342764 0.278977
1237 0.453999 0.175785 0.370215
1237 0.330971 0.607443 0.061586
30 0.051160 0.926499 0.022341
30 0.424508 0.561058 0.014435
30 0.735009 0.261974 0.003017
31 0.054116 0.235894 0.709990
31 0.425178 0.242710 0.332112
31 0.729114 0.259589 0.011298
31 0.046928 0.501057 0.452015
31 0.419804 0.510678 0.069518
29 0.314076 0.483720 0.202203
31 0.022774 0.749535 0.227691
29 0.621807 0.245564 0.132628
29 0.365702 0.235741 0.398557
849 0.731770 0.087784 0.180446
4011 0.349856 0.091366 0.558778
4011 0.372116 0.376684 0.251200
811 0.066293 0.856290 0.077417
3989 0.026162 0.875049 0.098789
3989 0.043374 0.623501 0.333125
3991 0.456503 0.000525 0.542972
3991 0.642078 0.144849 0.213073
3989 0.241415 0.658241 0.100344
4057 0.130242 0.188281 0.681477
4001 0.519424 0.034475 0.446101
4001 0.273096 0.523161 0.203742
175 0.735513 0.155702 0.108785
173 0.847331 0.035441 0.117228
4027 0.068386 0.511990 0.419625
4037 0.019715 0.379216 0.601069
4063 0.159297 0.159991 0.680712
4009 0.142858 0.621451 0.235691
3999 0.249727 0.302770 0.447502
4009 0.618898 0.319331 0.061771
4009 0.062683 0.227179 0.710138
3997 0.549883 0.289188 0.160929
117 0.234929 0.165742 0.599328
401 0.314245 0.319571 0.366185
3991 0.152400 0.080607 0.766992
3991 0.277090 0.220621 0.502289
3991 0.388089 0.346972 0.264939
827 0.859217 0.023524 0.117260
4011 0.781590 0.030843 0.187567
825 0.079742 0.850282 0.069976
849 0.338060 0.120241 0.541699
4007 0.655799 0.057572 0.286629
4007 0.300954 0.690947 0.008099
847 0.689256 0.007798 0.302946
4021 0.033141 0.421225 0.545634
1147 0.399777 0.335095 0.265128
1147 0.411455 0.089711 0.498835
1145 0.275298 0.646887 0.077814
1147 0.711606 0.143591 0.144804
847 0.058965 0.321515 0.619520
847 0.016560 0.151450 0.831990
4003 0.006863 0.478852 0.514285
4059 0.676534 0.029515 0.293951
4059 0.036225 0.843951 0.119824
4017 0.347577 0.556273 0.096150
4017 0.676930 0.062299 0.260771
3987 0.315994 0.224489 0.459517
1347 0.710936 0.281302 0.007762
4027 0.240169 0.059557 0.700274
839 0.012479 0.279806 0.707715
4003 0.943372 0.045967 0.010661
839 0.356024 0.287137 0.356840
4003 0.600224 0.029127 0.370650
4003 0.364641 0.485602 0.149756
837 0.286380 0.713548 0.000073
4003 0.251485 0.015078 0.733437
1147 0.054255 0.271961 0.673783
1147 0.090031 0.014590 0.895379
1491 0.524669 0.282917 0.192414
2617 0.482867 0.017742 0.499390
2619 0.578003 0.360714 0.061283
1491 0.287602 0.182275 0.530122
1491 0.153993 0.835661 0.010346
2617 0.072446 0.455530 0.472024
4057 0.529851 0.186345 0.283804
4001 0.919315 0.018442 0.062243
3295 0.060237 0.114583 0.825180
4063 0.448755 0.344127 0.207118
3295 0.568192 0.066423 0.365385
4061 0.141538 0.600743 0.257719
39 0.033260 0.049359 0.917381
4055 0.207535 0.546088 0.246376
39 0.419383 0.196033 0.384583
4053 0.443079 0.227013 0.329908
37 0.112312 0.680152 0.207536
4053 0.019877 0.006510 0.973614
2651 0.280444 0.410065 0.309491
2651 0.331234 0.120862 0.547904
845 0.222367 0.660463 0.117170
847 0.396329 0.341975 0.261696
847 0.709644 0.194921 0.095435
847 0.349326 0.176793 0.473881
4051 0.277294 0.376036 0.346671
2121 0.402502 0.265360 0.332138
4051 0.502508 0.429924 0.067568
2121 0.332864 0.491895 0.175241
4049 0.239209 0.548866 0.211925
2123 0.720859 0.248682 0.030460
4048 0.029571 0.419217 0.551212
2122 0.768552 0.182455 0.048993
3989 0.081480 0.363693 0.554827
3989 0.338033 0.405786 0.256182
