188 0.522141 0.400836 0.077023
2790 0.116557 0.780610 0.102833
2812 0.197290 0.386597 0.416114
1230 0.019598 0.000000 0.980402
1110 0.164272 0.158663 0.677064
3428 0.008537 0.083015 0.908448
1586 0.099528 0.105092 0.795380
66 0.669426 0.330574 0.000000
4008 0.182505 0.197543 0.619952
3988 0.213942 0.216141 0.569917
824 0.126673 0.135147 0.738180
808 0.754095 0.198925 0.046981
3316 0.490475 0.425589 0.083937
1108 0.514301 0.059106 0.426593
1108 0.120728 0.723759 0.155514
1108 0.172125 0.325461 0.502414
812 0.303574 0.275954 0.420472
814 0.193014 0.330290 0.476696
812 0.037110 0.093781 0.869110
814 0.478404 0.521596 0.000000
824 0.068710 0.716450 0.214841
3998 0.349434 0.120536 0.530030
808 0.207460 0.774135 0.018405
2790 0.913884 0.064460 0.021656
811 0.940573 0.025530 0.033897
811 0.286924 0.040227 0.672850
3991 0.080025 0.500652 0.419323
1587 0.403048 0.037251 0.559701
226 0.047352 0.117479 0.835170
224 0.148896 0.637619 0.213485
1264 0.154374 0.256337 0.589289
3994 0.250134 0.519996 0.229871
1264 0.352754 0.027349 0.619897
1266 0.308737 0.341981 0.349282
846 0.678867 0.053520 0.267613
172 0.231622 0.003250 0.765128
4056 0.308096 0.470215 0.221689
1608 0.680965 0.087841 0.231193
418 0.837234 0.069983 0.092783
3326 0.806567 0.054384 0.139049
206 0.394801 0.207490 0.397709
2658 0.705766 0.120497 0.173736
1604 0.102331 0.274372 0.623297
2656 0.226767 0.458134 0.315099
1310 0.106336 0.077526 0.816138
1594 0.421371 0.530038 0.048591
2608 0.759074 0.021262 0.219665
2608 0.208980 0.436900 0.354120
374 0.441675 0.121510 0.436815
222 0.215134 0.155743 0.629123
4048 0.657753 0.071776 0.270472
2618 0.364022 0.302934 0.333044
4052 0.301693 0.552680 0.145627
3294 0.518862 0.130186 0.350952
4052 0.146692 0.177228 0.676080
4060 0.273550 0.066998 0.659453
4000 0.179524 0.469330 0.351146
4002 0.406456 0.019817 0.573726
4002 0.107344 0.446235 0.446421
1144 0.109619 0.192687 0.697694
4018 0.680580 0.023886 0.295534
4018 0.023067 0.784647 0.192286
204 0.557886 0.374844 0.067270
30 0.967347 0.030623 0.002030
4049 0.053082 0.146925 0.799993
189 0.007780 0.913648 0.078572
1231 0.018334 0.647475 0.334191
1111 0.352039 0.631238 0.016723
227 0.610352 0.000076 0.389571
1587 0.071368 0.810317 0.118316
3431 0.787593 0.097564 0.114843
3989 0.069034 0.707239 0.223728
827 0.856559 0.099286 0.044155
851 0.113529 0.668532 0.217939
825 0.427920 0.510199 0.061881
1109 0.408625 0.021423 0.569952
1109 0.352878 0.494772 0.152349
1265 0.361000 0.095689 0.543311
813 0.802311 0.025610 0.172079
815 0.152794 0.404801 0.442405
813 0.465858 0.473470 0.060672
13 0.009828 0.382256 0.607916
827 0.365396 0.086015 0.548588
851 0.133249 0.104338 0.762413
2791 0.660457 0.008829 0.330713
1265 0.701811 0.142222 0.155967
1265 0.097042 0.712143 0.190814
1267 0.027710 0.789608 0.182682
847 0.321191 0.638454 0.040356
845 0.169262 0.279736 0.551002
4057 0.400416 0.160077 0.439507
173 0.037169 0.914701 0.048130
419 0.391732 0.122795 0.485474
1611 0.738409 0.193123 0.068468
1311 0.012961 0.082903 0.904136
2659 0.670798 0.058003 0.271199
207 0.388689 0.502070 0.109241
2657 0.228225 0.449962 0.321812
1607 0.904197 0.078269 0.017535
1605 0.021557 0.043042 0.935401
2609 0.764091 0.198743 0.037166
1595 0.426827 0.042373 0.530800
2609 0.199595 0.313897 0.486508
375 0.480759 0.458484 0.060758
223 0.205622 0.564132 0.230246
2619 0.492542 0.308028 0.199430
4051 0.218828 0.724395 0.056777
4053 0.449051 0.122495 0.428454
3295 0.371904 0.445163 0.182933
4053 0.379260 0.611810 0.008930
4061 0.528059 0.387500 0.084441
4001 0.372482 0.335762 0.291756
4003 0.332192 0.469648 0.198160
4003 0.137067 0.219958 0.642975
1145 0.381084 0.343814 0.275102
1147 0.235810 0.048270 0.715921
1147 0.779572 0.178620 0.041808
1466 0.796446 0.082749 0.120805
1464 0.089282 0.061063 0.849655
8 0.228672 0.406289 0.365040
1270 0.557550 0.099918 0.342531
820 0.066693 0.066165 0.867142
1468 0.797572 0.122801 0.079627
364 0.819608 0.017981 0.162411
804 0.017339 0.611313 0.371349
807 0.106624 0.008326 0.885051
1466 0.089503 0.622393 0.288104
1464 0.029698 0.478615 0.491687
1464 0.754216 0.077730 0.168054
1464 0.064178 0.896364 0.039458
366 0.259098 0.626666 0.114236
1484 0.573021 0.333934 0.093045
1462 0.189850 0.556070 0.254079
2 0.508995 0.372738 0.118267
1461 0.060493 0.746090 0.193417
1 0.605988 0.043449 0.350562
1498 0.090496 0.389816 0.519689
1496 0.836717 0.132944 0.030339
1498 0.290303 0.450413 0.259284
1498 0.332978 0.103119 0.563902
1264 0.491379 0.449238 0.059383
370 0.649171 0.222844 0.127985
2118 0.413812 0.506647 0.079540
2119 0.937602 0.006895 0.055503
2116 0.541573 0.235351 0.223077
368 0.209334 0.631354 0.159313
4030 0.247445 0.744008 0.008548
2122 0.016115 0.438008 0.545877
1472 0.860036 0.041993 0.097971
370 0.045265 0.081248 0.873488
4030 0.836412 0.155276 0.008313
16 0.012634 0.032963 0.954403
1474 0.687065 0.187624 0.125311
862 0.798083 0.142590 0.059327
1476 0.104347 0.882207 0.013445
1476 0.356349 0.123969 0.519681
144 0.542958 0.399387 0.057655
146 0.229230 0.627103 0.143666
1346 0.739465 0.178908 0.081627
1342 0.308035 0.173085 0.518880
1502 0.239425 0.029457 0.731118
1502 0.058549 0.799653 0.141798
144 0.101952 0.574984 0.323065
146 0.799664 0.111794 0.088542
838 0.108720 0.726932 0.164349
1340 0.091283 0.135943 0.772773
1500 0.170989 0.320428 0.508582
1304 0.326402 0.615997 0.057601
1306 0.503962 0.163952 0.332087
836 0.552164 0.396056 0.051780
838 0.601898 0.116941 0.281161
1304 0.090969 0.802331 0.106700
1304 0.051726 0.093971 0.854303
1146 0.019627 0.210959 0.769413
1146 0.112552 0.576097 0.311351
842 0.745445 0.009476 0.245079
1480 0.230427 0.232362 0.537211
228 0.215343 0.606337 0.178320
230 0.845188 0.037235 0.117577
1144 0.170228 0.639064 0.190708
1144 0.130069 0.408524 0.461407
1142 0.538667 0.165237 0.296096
1492 0.397950 0.242717 0.359333
1092 0.388334 0.573667 0.037999
1094 0.619137 0.036550 0.344313
844 0.370020 0.627739 0.002241
844 0.339373 0.399835 0.260793
818 0.433737 0.328742 0.237520
1226 0.634396 0.225671 0.139933
1224 0.436489 0.284007 0.279504
1498 0.647090 0.012039 0.340871
1496 0.304705 0.397823 0.297472
1264 0.753413 0.120477 0.126110
2123 0.073001 0.202875 0.724124
2117 0.131266 0.260088 0.608646
1271 0.616962 0.111047 0.271991
1227 0.096710 0.675400 0.227890
9 0.650169 0.019620 0.330212
819 0.010634 0.954630 0.034736
823 0.158961 0.000000 0.841039
1469 0.364809 0.030122 0.605069
855 0.740812 0.056693 0.202495
853 0.691447 0.114075 0.194479
1499 0.235495 0.088097 0.676408
11 0.083884 0.211658 0.704458
1499 0.288145 0.534241 0.177613
1467 0.474067 0.464328 0.061605
367 0.112117 0.409441 0.478442
1485 0.289256 0.009366 0.701378
1463 0.051367 0.426973 0.521660
3 0.376782 0.047774 0.575444
1499 0.393097 0.099032 0.507870
1497 0.420948 0.463983 0.115069
1225 0.394345 0.191417 0.414238
1499 0.716982 0.136171 0.146847
1497 0.003571 0.389729 0.606700
2119 0.280715 0.061222 0.658063
371 0.542673 0.041957 0.415370
369 0.449130 0.216240 0.334630
2119 0.172382 0.780972 0.046646
2123 0.005065 0.940708 0.054227
1491 0.401862 0.127399 0.470738
19 0.194156 0.043208 0.762636
1475 0.122546 0.228701 0.648753
4015 0.818534 0.076619 0.104847
17 0.085124 0.756093 0.158782
1473 0.202096 0.725410 0.072494
1347 0.082552 0.013633 0.903815
833 0.362369 0.627341 0.010290
1477 0.562184 0.268921 0.168895
1479 0.334574 0.204128 0.461298
147 0.298927 0.336187 0.364887
1345 0.089246 0.888666 0.022087
833 0.030561 0.038614 0.930825
835 0.982565 0.008311 0.009125
1477 0.152340 0.532211 0.315449
145 0.234814 0.047862 0.717324
145 0.219710 0.674387 0.105903
839 0.212899 0.296837 0.490264
1341 0.444166 0.252184 0.303649
1501 0.444535 0.120732 0.434734
1503 0.419223 0.311966 0.268811
1307 0.307026 0.644585 0.048389
1307 0.320323 0.247191 0.432486
837 0.415727 0.484864 0.099409
1503 0.638458 0.281994 0.079549
1305 0.292597 0.497324 0.210079
1307 0.787733 0.135495 0.076771
837 0.035582 0.402253 0.562165
841 0.643008 0.208272 0.148720
1481 0.556107 0.037788 0.406105
1483 0.436244 0.298081 0.265675
229 0.511080 0.453332 0.035588
231 0.478721 0.214503 0.306776
1145 0.474276 0.056371 0.469353
1143 0.300945 0.144046 0.555009
1141 0.772633 0.164016 0.063351
1495 0.320558 0.495330 0.184113
1093 0.726149 0.186496 0.087355
1095 0.269309 0.444280 0.286411
1095 0.280602 0.171241 0.548157
1141 0.107835 0.061099 0.831066
819 0.643650 0.059585 0.296765
1225 0.135743 0.767121 0.097136
1493 0.015690 0.894327 0.089983
1093 0.081037 0.259359 0.659604
1093 0.190129 0.666225 0.143645
84 0.720274 0.111232 0.168494
2016 0.034259 0.818689 0.147053
2010 0.169476 0.088056 0.742467
1658 0.528265 0.388432 0.083303
2014 0.180463 0.038385 0.781152
2012 0.259479 0.458525 0.281997
2014 0.782893 0.051036 0.166072
2014 0.169952 0.818579 0.011469
2008 0.158499 0.496410 0.345090
4432 0.095344 0.902703 0.001953
2008 0.499494 0.058560 0.441946
84 0.484621 0.297722 0.217657
2054 0.576286 0.120632 0.303082
176 0.161773 0.507789 0.330438
2588 0.081564 0.411109 0.507327
2052 0.123962 0.678801 0.197238
2082 0.341243 0.110679 0.548078
1248 0.259823 0.448187 0.291990
2052 0.061309 0.103697 0.834994
3688 0.045357 0.317074 0.637568
50 0.248152 0.751848 0.000000
466 0.363088 0.471899 0.165013
350 0.179904 0.464413 0.355683
1256 0.115329 0.037965 0.846706
344 0.451338 0.502698 0.045964
350 0.092026 0.165315 0.742658
456 0.284941 0.057122 0.657937
350 0.199222 0.796708 0.004071
458 0.407391 0.252951 0.339657
338 0.689149 0.157123 0.153728
854 0.094725 0.675278 0.229997
338 0.267645 0.426259 0.306096
4432 0.691941 0.121931 0.186129
4434 0.507620 0.315705 0.176675
86 0.659709 0.282448 0.057843
2032 0.151453 0.616012 0.232535
346 0.107984 0.182842 0.709174
458 0.059184 0.756990 0.183826
3683 0.143242 0.757262 0.099496
339 0.223181 0.756597 0.020223
2080 0.463074 0.536926 0.000000
2080 0.118781 0.753607 0.127612
3426 0.282510 0.041490 0.676000
338 0.039804 0.771495 0.188700
54 0.764500 0.235500 0.000000
3426 0.315173 0.636766 0.048061
3682 0.634148 0.072999 0.292854
3682 0.242025 0.314972 0.443003
466 0.401407 0.233437 0.365155
464 0.569633 0.201771 0.228596
465 0.234493 0.229445 0.536062
1504 0.804576 0.087528 0.107896
1506 0.166945 0.357466 0.475589
1507 0.111194 0.122961 0.765846
3688 0.254471 0.037213 0.708316
3690 0.451066 0.320534 0.228400
3690 0.046550 0.622908 0.330541
2586 0.103761 0.301058 0.595181
2586 0.137780 0.731873 0.130346
1132 0.656439 0.129798 0.213763
1134 0.435601 0.221198 0.343200
2568 0.337495 0.300591 0.361914
2570 0.097201 0.791288 0.111511
2594 0.230475 0.044776 0.724749
2026 0.140908 0.309132 0.549960
2592 0.410041 0.060678 0.529281
2044 0.015521 0.043243 0.941236
114 0.411328 0.488976 0.099695
462 0.251797 0.701588 0.046615
2046 0.472064 0.050710 0.477225
32 0.171063 0.065343 0.763594
32 0.008433 0.263556 0.728011
1508 0.057533 0.620234 0.322233
1546 0.112447 0.212135 0.675418
1324 0.662967 0.281987 0.055046
1324 0.506270 0.364505 0.129225
966 0.517563 0.024037 0.458400
240 0.092525 0.814982 0.092494
1970 0.059844 0.065850 0.874306
964 0.300791 0.279442 0.419767
396 0.004770 0.304097 0.691133
1978 0.437596 0.312867 0.249537
1976 0.798779 0.166793 0.034428
1976 0.422959 0.505356 0.071686
96 0.394674 0.042382 0.562943
98 0.575253 0.398518 0.026228
96 0.000000 0.219037 0.780963
1990 0.008033 0.107203 0.884765
198 0.340441 0.467168 0.192392
1988 0.669756 0.174348 0.155896
198 0.741965 0.098932 0.159103
1988 0.230484 0.586626 0.182890
1330 0.008052 0.966209 0.025739
1984 0.516416 0.261067 0.222517
1976 0.000000 0.834446 0.165554
1976 0.144903 0.060745 0.794353
120 0.042667 0.354229 0.603104
342 0.241286 0.745224 0.013490
1546 0.317576 0.051026 0.631398
1298 0.189563 0.408106 0.402331
1132 0.037307 0.728026 0.234668
1132 0.004031 0.349991 0.645979
474 0.048902 0.907135 0.043963
474 0.476087 0.341412 0.182501
2044 0.828319 0.095855 0.075827
1986 0.000000 0.595100 0.404900
1296 0.588050 0.037837 0.374113
472 0.442863 0.181991 0.375147
1544 0.462375 0.121477 0.416148
1324 0.336201 0.441937 0.221862
1324 0.140899 0.516269 0.342832
1970 0.223668 0.301191 0.475141
964 0.081475 0.634653 0.283872
1988 0.244302 0.272446 0.483251
1990 0.260899 0.167388 0.571713
1984 0.095144 0.544418 0.360438
1992 0.698185 0.266458 0.035357
1970 0.393286 0.606714 0.000000
1986 0.437501 0.245163 0.317335
1994 0.533960 0.079723 0.386317
2554 0.775974 0.190278 0.033748
2554 0.008294 0.495100 0.496606
2024 0.104325 0.543479 0.352197
114 0.554321 0.151784 0.293895
112 0.574533 0.299353 0.126114
356 0.443522 0.493771 0.062707
1536 0.358181 0.260402 0.381417
1538 0.626768 0.313227 0.060005
1298 0.737249 0.238260 0.024492
1538 0.291840 0.138134 0.570026
1538 0.205721 0.761906 0.032374
1296 0.302075 0.402776 0.295149
1102 0.185548 0.333986 0.480467
1100 0.399869 0.433179 0.166952
1544 0.204288 0.345775 0.449936
1100 0.215674 0.270299 0.514028
520 0.480456 0.167667 0.351877
522 0.447655 0.411061 0.141284
2002 0.435695 0.169374 0.394931
2000 0.294993 0.513079 0.191928
2006 0.858548 0.067985 0.073467
1990 0.201516 0.540110 0.258374
1990 0.736998 0.074806 0.188196
1984 0.203381 0.113605 0.683014
1998 0.146467 0.340486 0.513047
2552 0.467402 0.157253 0.375345
2058 0.348882 0.388798 0.262320
2552 0.208731 0.654469 0.136800
2056 0.080730 0.541895 0.377375
1300 0.191984 0.059747 0.748269
2584 0.054583 0.213634 0.731783
2042 0.861247 0.021811 0.116942
1300 0.039585 0.733519 0.226896
2584 0.120868 0.445049 0.434083
2042 0.405258 0.431446 0.163296
360 0.565918 0.348132 0.085950
2584 0.225672 0.696761 0.077567
2042 0.058921 0.731410 0.209669
2050 0.485099 0.514901 0.000000
1104 0.491006 0.171780 0.337214
114 0.898920 0.053343 0.047737
342 0.263068 0.234757 0.502176
340 0.015628 0.505388 0.478984
342 0.978986 0.018721 0.002293
354 0.444608 0.124562 0.430830
460 0.207251 0.154126 0.638623
2112 0.054560 0.180800 0.764640
352 0.002020 0.395346 0.602634
2652 0.568728 0.188476 0.242797
4 0.338478 0.348935 0.312587
2112 0.073907 0.916001 0.010092
7 0.012789 0.673003 0.314209
460 0.107823 0.841812 0.050366
18 0.219240 0.044468 0.736293
460 0.573372 0.264228 0.162399
834 0.021362 0.863908 0.114731
358 0.245438 0.140203 0.614360
462 0.006693 0.411222 0.582085
358 0.563416 0.194434 0.242151
356 0.129440 0.498372 0.372188
832 0.682528 0.229189 0.088283
832 0.036733 0.733577 0.229690
1322 0.580450 0.126847 0.292704
1320 0.333324 0.176681 0.489995
362 0.078482 0.676064 0.245453
362 0.786481 0.064200 0.149318
360 0.126382 0.743212 0.130406
346 0.863920 0.015559 0.120521
1122 0.546661 0.337470 0.115869
1120 0.463117 0.301128 0.235754
1120 0.106378 0.596437 0.297185
2009 0.308803 0.661126 0.030071
2011 0.470712 0.419796 0.109492
85 0.197580 0.579785 0.222635
4431 0.023770 0.594315 0.381915
4433 0.159049 0.583268 0.257683
2013 0.426088 0.416475 0.157437
4433 0.336296 0.400314 0.263391
2015 0.248988 0.425500 0.325512
4433 0.605352 0.035457 0.359191
2015 0.017958 0.212074 0.769968
177 0.399496 0.174137 0.426367
2051 0.000478 0.681834 0.317688
1251 0.083418 0.011405 0.905177
2035 0.760260 0.081256 0.158484
1251 0.786185 0.124057 0.089758
2083 0.191232 0.449292 0.359476
1251 0.119113 0.411921 0.468966
3689 0.201327 0.372122 0.426551
467 0.709320 0.139743 0.150937
27 0.000000 0.874676 0.125324
1259 0.158665 0.543471 0.297864
345 0.515491 0.453520 0.030990
345 0.244752 0.254070 0.501178
1257 0.531681 0.185552 0.282767
459 0.235564 0.024488 0.739948
1257 0.220428 0.069120 0.710452
459 0.528902 0.105890 0.365208
339 0.206842 0.091546 0.701612
459 0.849865 0.120228 0.029907
339 0.609019 0.003002 0.387979
4435 0.130839 0.456369 0.412792
4431 0.139942 0.689253 0.170806
1105 0.070811 0.315428 0.613762
347 0.100444 0.170386 0.729170
2083 0.692569 0.100037 0.207394
1251 0.000000 0.826792 0.173208
3427 0.188534 0.460378 0.351088
3427 0.162238 0.681433 0.156329
3427 0.025056 0.952346 0.022598
3681 0.038718 0.855569 0.105713
3681 0.148273 0.711238 0.140488
3681 0.278470 0.552445 0.169084
3681 0.538358 0.435141 0.026502
465 0.175871 0.746866 0.077263
465 0.163216 0.559889 0.276895
27 0.093471 0.852000 0.054530
1507 0.026454 0.575820 0.397726
3689 0.383945 0.476217 0.139839
3691 0.326880 0.366976 0.306144
1133 0.460059 0.518317 0.021624
1133 0.430934 0.146843 0.422223
475 0.183001 0.000737 0.816262
1135 0.074546 0.590316 0.335138
2587 0.042524 0.899937 0.057539
2569 0.159072 0.654665 0.186263
2595 0.279065 0.463431 0.257503
2593 0.156471 0.478455 0.365074
1331 0.184953 0.230702 0.584345
2045 0.381467 0.428145 0.190388
2047 0.162122 0.368248 0.469630
2047 0.813125 0.042651 0.144224
407 0.222295 0.141192 0.636514
1299 0.048964 0.783127 0.167909
33 0.129525 0.312567 0.557908
1327 0.374543 0.294888 0.330569
1327 0.203613 0.392874 0.403512
2005 0.298808 0.366032 0.335159
2005 0.029591 0.241267 0.729142
239 0.570256 0.107552 0.322192
1969 0.139915 0.499884 0.360201
1969 0.092178 0.072700 0.835122
237 0.183583 0.796823 0.019594
1977 0.232510 0.457427 0.310063
1979 0.407316 0.526279 0.066405
99 0.217575 0.012625 0.769799
99 0.230998 0.403025 0.365977
1985 0.133566 0.196391 0.670042
97 0.120654 0.878519 0.000827
1991 0.275734 0.713690 0.010576
199 0.242577 0.044895 0.712528
1989 0.278230 0.282667 0.439102
199 0.728486 0.062060 0.209454
473 0.570697 0.037398 0.391905
1987 0.150481 0.727408 0.122111
1985 0.162082 0.485513 0.352404
1993 0.392474 0.080081 0.527445
2039 0.058147 0.267396 0.674458
121 0.128929 0.651334 0.219737
1297 0.727924 0.159348 0.112728
1327 0.561491 0.181689 0.256820
1537 0.064850 0.383141 0.552010
1537 0.158301 0.743610 0.098089
475 0.764365 0.180873 0.054761
475 0.324625 0.140033 0.535342
2045 0.725251 0.016474 0.258275
1987 0.384078 0.060165 0.555757
473 0.061773 0.476932 0.461295
1297 0.441163 0.109291 0.449546
1327 0.775111 0.058396 0.166493
2007 0.443385 0.492899 0.063715
2007 0.326929 0.282613 0.390458
239 0.301777 0.000957 0.697266
1971 0.855486 0.037263 0.107251
1989 0.325988 0.587138 0.086874
1991 0.196125 0.436844 0.367030
1993 0.261215 0.285673 0.453112
1999 0.025628 0.279728 0.694645
1987 0.814645 0.053922 0.131433
1987 0.000000 0.098049 0.901951
475 0.304673 0.551960 0.143366
2555 0.316538 0.041920 0.641543
2027 0.419206 0.549529 0.031264
115 0.332954 0.155038 0.512008
113 0.289911 0.629615 0.080474
115 0.091361 0.741265 0.167373
1537 0.473299 0.330726 0.195975
1297 0.219342 0.634878 0.145780
1539 0.367548 0.171743 0.460709
1539 0.134300 0.694368 0.171331
1297 0.119340 0.043776 0.836884
1103 0.124647 0.758791 0.116562
1103 0.498357 0.208218 0.293425
1101 0.027890 0.057714 0.914396
521 0.053209 0.461957 0.484834
521 0.172121 0.024283 0.803596
2007 0.177279 0.023992 0.798729
1137 0.748553 0.210294 0.041152
1997 0.153231 0.722980 0.123788
1997 0.307977 0.321318 0.370705
1999 0.921532 0.038417 0.040051
1991 0.649227 0.073424 0.277348
1991 0.159099 0.072067 0.768834
1995 0.258401 0.204115 0.537484
2555 0.130206 0.546703 0.323091
2553 0.151136 0.838983 0.009881
2553 0.604328 0.291952 0.103720
2059 0.217862 0.443619 0.338519
113 0.592045 0.001297 0.406658
2587 0.538659 0.127013 0.334327
2057 0.537010 0.100677 0.362314
1301 0.248828 0.542612 0.208560
2587 0.512195 0.425732 0.062072
2043 0.627057 0.018100 0.354842
2041 0.135013 0.194635 0.670351
2585 0.363459 0.248899 0.387642
2043 0.291568 0.117171 0.591260
2051 0.785861 0.166131 0.048008
1107 0.245429 0.688823 0.065748
2047 0.336073 0.061288 0.602640
343 0.306606 0.464653 0.228741
355 0.369594 0.368677 0.261729
461 0.118912 0.772580 0.108509
5 0.353433 0.279250 0.367317
2653 0.638482 0.168342 0.193176
353 0.066083 0.665562 0.268356
341 0.716802 0.011646 0.271552
461 0.013078 0.137305 0.849617
19 0.109167 0.838736 0.052096
461 0.450503 0.267638 0.281859
829 0.263041 0.171454 0.565506
359 0.063649 0.845583 0.090768
463 0.153086 0.423604 0.423310
357 0.342954 0.089367 0.567679
359 0.381659 0.473860 0.144481
359 0.134984 0.118229 0.746787
1323 0.356185 0.002616 0.641199
359 0.722659 0.130226 0.147115
1323 0.441420 0.235737 0.322843
1321 0.505196 0.192685 0.302118
2041 0.551196 0.184170 0.264634
363 0.452246 0.445024 0.102730
1121 0.440219 0.029370 0.530411
1107 0.201982 0.085275 0.712743
1123 0.232605 0.469024 0.298371
1121 0.228257 0.598194 0.173548
386 0.733170 0.122661 0.144168
2018 0.659875 0.279920 0.060205
86 0.049793 0.056055 0.894152
1658 0.641775 0.159796 0.198429
394 0.727660 0.245596 0.026744
3020 0.242814 0.195023 0.562162
2052 0.411766 0.588234 0.000000
2054 0.257260 0.213214 0.529527
386 0.529361 0.180243 0.290396
466 0.791497 0.208503 0.000000
54 0.366600 0.633400 0.000000
54 0.213132 0.278441 0.508427
466 0.203174 0.780674 0.016152
382 0.651788 0.035715 0.312497
3004 0.267991 0.150383 0.581626
26 0.000000 0.263810 0.736190
3004 0.018983 0.636456 0.344561
382 0.325833 0.471951 0.202215
26 0.000000 0.205307 0.794693
2016 0.361047 0.595115 0.043839
2052 0.269793 0.613201 0.117006
466 0.199931 0.713153 0.086915
54 0.325554 0.674446 0.000000
486 0.173363 0.826637 0.000000
2596 0.747606 0.252394 0.000000
46 0.656252 0.326425 0.017323
44 0.274524 0.091393 0.634084
492 0.935574 0.014083 0.050343
162 0.626064 0.025240 0.348696
516 0.037396 0.802153 0.160451
518 0.689047 0.188594 0.122359
518 0.208685 0.637929 0.153386
516 0.569897 0.249106 0.180997
1262 0.342558 0.564832 0.092610
2588 0.707452 0.144823 0.147725
1246 0.492517 0.358695 0.148787
1518 0.044156 0.919111 0.036733
1542 0.111388 0.308904 0.579708
1244 0.535606 0.068111 0.396283
2564 0.495231 0.457385 0.047384
510 0.226083 0.587256 0.186662
1524 0.255602 0.676081 0.068317
1526 0.561420 0.254134 0.184446
1540 0.090455 0.611087 0.298458
1516 0.106030 0.212655 0.681315
1524 0.879590 0.036557 0.083853
1526 0.045138 0.762324 0.192538
234 0.336042 0.513584 0.150374
232 0.603127 0.262455 0.134419
234 0.753730 0.028103 0.218167
232 0.082172 0.723516 0.194313
1244 0.086688 0.596994 0.316317
1136 0.063831 0.176518 0.759651
1138 0.357268 0.143073 0.499660
2022 0.208578 0.043387 0.748035
1232 0.464696 0.172996 0.362308
2002 0.063662 0.853527 0.082812
2016 0.956859 0.027971 0.015171
2018 0.088859 0.776397 0.134744
2020 0.479635 0.502776 0.017588
394 0.273233 0.630669 0.096098
2022 0.654100 0.263811 0.082089
2022 0.066719 0.854051 0.079230
162 0.469207 0.511279 0.019514
1660 0.387641 0.162038 0.450321
1518 0.009469 0.369163 0.621368
1516 0.196215 0.777115 0.026670
3008 0.315196 0.648597 0.036207
384 0.432263 0.567737 0.000000
1666 0.902375 0.061010 0.036615
1662 0.023239 0.571402 0.405358
3008 0.504960 0.476158 0.018882
58 0.243745 0.558691 0.197564
3022 0.872543 0.120613 0.006844
3022 0.444992 0.236158 0.318850
486 0.429536 0.466977 0.103487
26 0.000000 1.000000 0.000000
3006 0.357703 0.467438 0.174859
380 0.081665 0.391009 0.527325
50 0.123563 0.370316 0.506121
1396 0.104748 0.325658 0.569595
638 0.676539 0.256352 0.067109
640 0.463950 0.268728 0.267323
624 0.620005 0.094770 0.285225
3422 0.169489 0.519790 0.310721
1412 0.390726 0.379549 0.229725
1374 0.241961 0.544578 0.213461
544 0.305087 0.230405 0.464508
1368 0.434743 0.259663 0.305594
320 0.556531 0.169991 0.273478
1552 0.567416 0.415736 0.016847
1554 0.492057 0.236984 0.270959
2980 0.118325 0.115955 0.765720
2076 0.918413 0.054688 0.026900
2982 0.183084 0.652198 0.164718
2076 0.287975 0.574949 0.137075
54 0.160344 0.237853 0.601803
2998 0.774478 0.160944 0.064578
2996 0.422804 0.353767 0.223428
1414 0.162898 0.837102 0.000000
2992 0.247305 0.125221 0.627474
2976 0.020938 0.090033 0.889029
2990 0.360316 0.172609 0.467075
2976 0.121838 0.775283 0.102879
322 0.409020 0.467204 0.123777
2978 0.071600 0.832137 0.096263
1514 0.070562 0.761553 0.167885
384 0.037108 0.962892 0.000000
1666 0.236435 0.367262 0.396303
1664 0.283567 0.071071 0.645362
44 0.092598 0.759127 0.148275
3008 0.667751 0.099870 0.232380
58 0.474014 0.230800 0.295187
622 0.148307 0.836387 0.015307
2606 0.076897 0.560482 0.362622
548 0.096665 0.263669 0.639667
1422 0.046740 0.739192 0.214068
1674 0.057270 0.228896 0.713834
1668 0.818591 0.119498 0.061911
1402 0.612867 0.236659 0.150474
554 0.312556 0.450071 0.237373
634 0.472663 0.324225 0.203112
1410 0.230855 0.149987 0.619158
2604 0.033327 0.417225 0.549449
2560 0.290406 0.498856 0.210737
2972 0.181736 0.243915 0.574349
3002 0.671860 0.051030 0.277110
496 0.489364 0.334267 0.176369
1420 0.033041 0.195838 0.771121
2986 0.094055 0.378693 0.527252
2984 0.030879 0.718342 0.250779
3018 0.457526 0.436006 0.106468
3016 0.588963 0.381127 0.029910
552 0.671073 0.224366 0.104561
1408 0.261590 0.521308 0.217103
1384 0.367134 0.228659 0.404207
4614 0.242889 0.619872 0.137239
1384 0.329217 0.571153 0.099629
4568 0.415222 0.109515 0.475263
4570 0.672107 0.276004 0.051889
7150 0.585374 0.021016 0.393610
7152 0.071397 0.152171 0.776433
1382 0.014492 0.487379 0.498130
1376 0.806189 0.029002 0.164809
606 0.466779 0.487850 0.045371
3122 0.330419 0.018949 0.650632
542 0.037886 0.354462 0.607652
604 0.561685 0.007089 0.431226
540 0.464271 0.128729 0.407001
4576 0.801513 0.128333 0.070153
324 0.106103 0.158386 0.735511
3414 0.291914 0.641472 0.066614
4574 0.766451 0.147967 0.085582
444 0.351671 0.023332 0.624997
442 0.041364 0.617282 0.341354
600 0.307821 0.294251 0.397928
602 0.705356 0.047934 0.246709
540 0.087534 0.418203 0.494262
3414 0.243699 0.157026 0.599275
452 0.375038 0.238880 0.386081
324 0.035719 0.888178 0.076104
624 0.073608 0.373755 0.552638
1364 0.357128 0.070998 0.571874
3392 0.706903 0.035348 0.257749
1388 0.327943 0.330950 0.341107
4782 0.320645 0.463978 0.215377
2072 0.702138 0.064063 0.233799
2574 0.308870 0.164113 0.527016
2602 0.060992 0.709101 0.229906
4604 0.122513 0.217471 0.660015
4600 0.027369 0.042503 0.930128
2064 0.177892 0.094215 0.727893
4564 0.448346 0.273328 0.278325
4582 0.098334 0.643171 0.258495
4584 0.652988 0.065241 0.281771
450 0.166185 0.199114 0.634701
1680 0.524796 0.418141 0.057064
532 0.091849 0.496115 0.412036
448 0.465979 0.196557 0.337463
332 0.400085 0.130077 0.469838
1676 0.740895 0.069284 0.189820
550 0.068444 0.009737 0.921819
608 0.410550 0.490037 0.099413
4470 0.874945 0.125055 0.000000
7740 0.175514 0.163867 0.660619
4468 0.521004 0.004572 0.474424
4504 0.210379 0.715761 0.073860
7364 0.442765 0.242918 0.314317
4802 0.869297 0.065280 0.065423
4768 0.982169 0.007702 0.010128
3448 0.605514 0.360529 0.033956
4794 0.141977 0.391988 0.466034
5778 0.534739 0.396579 0.068682
3042 0.174321 0.408771 0.416907
3030 0.245804 0.019895 0.734301
5512 0.839188 0.094292 0.066520
5786 0.136069 0.694050 0.169882
4816 0.178481 0.333719 0.487800
4880 0.127186 0.712109 0.160705
4512 0.026235 0.328520 0.645246
5794 0.146172 0.762262 0.091566
5664 0.033810 0.132708 0.833482
5666 0.042752 0.903770 0.053478
4882 0.895365 0.017196 0.087439
5664 0.136639 0.703568 0.159793
5324 0.438506 0.533262 0.028232
5328 0.281216 0.375850 0.342934
5334 0.372712 0.102637 0.524651
5338 0.357508 0.567864 0.074629
7096 0.575675 0.273930 0.150396
7098 0.336086 0.599217 0.064697
5200 0.016705 0.000000 0.983295
5342 0.013259 0.678016 0.308725
5440 0.560737 0.278130 0.161133
5136 0.256346 0.617134 0.126521
4864 0.007415 0.036911 0.955674
4922 0.820549 0.042009 0.137442
502 0.499227 0.457590 0.043183
500 0.095008 0.006225 0.898767
4744 0.707551 0.265225 0.027224
4224 0.611502 0.066566 0.321932
3926 0.000000 0.382755 0.617245
3924 0.505151 0.000000 0.494849
3926 0.486468 0.388005 0.125527
4698 0.227317 0.758467 0.014217
3924 0.383721 0.609525 0.006754
978 0.041803 0.832618 0.125579
5216 0.101694 0.305377 0.592929
5210 0.653404 0.089960 0.256636
5552 0.148688 0.224937 0.626375
5760 0.000000 0.651000 0.349000
5768 0.344950 0.020724 0.634326
888 0.176470 0.345454 0.478076
4224 0.021443 0.000000 0.978557
4224 0.126508 0.348097 0.525396
890 0.218369 0.630923 0.150708
974 0.144236 0.855764 0.000000
988 0.358341 0.162316 0.479343
4480 0.118598 0.363272 0.518130
4700 0.745711 0.139823 0.114467
4532 0.470511 0.374816 0.154673
4666 0.173817 0.735261 0.090922
4810 0.148047 0.292486 0.559467
4808 0.089205 0.379118 0.531678
4886 0.235265 0.418941 0.345794
4884 0.413161 0.084158 0.502681
4554 0.377608 0.618544 0.003848
4554 0.961497 0.024943 0.013560
4518 0.130336 0.501718 0.367946
4518 0.138621 0.050432 0.810946
7016 0.484352 0.414704 0.100944
5342 0.215409 0.172018 0.612574
4806 0.238627 0.517851 0.243522
4618 0.074224 0.733110 0.192666
3924 0.085209 0.000000 0.914791
3924 0.166833 0.259320 0.573847
4748 0.223314 0.255504 0.521182
4558 0.659077 0.261669 0.079254
4750 0.061173 0.737391 0.201436
4746 0.329599 0.437584 0.232817
4740 0.043613 0.620535 0.335852
4558 0.023235 0.327191 0.649574
4552 0.641597 0.013252 0.345152
3906 0.187643 0.122691 0.689666
4482 0.305366 0.086370 0.608264
4224 0.324974 0.123974 0.551052
4226 0.844133 0.083320 0.072546
5204 0.108827 0.770946 0.120227
5768 0.151403 0.252487 0.596110
4562 0.276969 0.213417 0.509613
4858 0.133216 0.712410 0.154374
4856 0.705468 0.056697 0.237835
5724 0.785802 0.059218 0.154980
5724 0.353414 0.530506 0.116080
5322 0.018576 0.073250 0.908174
2060 0.624526 0.017770 0.357703
4852 0.391878 0.349082 0.259040
4854 0.655616 0.030364 0.314020
6888 0.311404 0.050363 0.638234
6888 0.493768 0.310567 0.195665
5008 0.000000 0.744851 0.255149
4668 0.551701 0.416337 0.031962
3896 0.214159 0.371577 0.414265
3908 0.323528 0.389205 0.287267
898 0.931109 0.012375 0.056516
896 0.333335 0.384516 0.282149
3908 0.013377 0.116876 0.869747
4832 0.183128 0.274283 0.542588
4900 0.165338 0.505792 0.328870
4642 0.735898 0.072087 0.192015
4234 0.363209 0.181051 0.455740
5092 0.642834 0.000000 0.357166
5592 0.159375 0.291214 0.549410
5186 0.444063 0.134529 0.421409
5756 0.514066 0.447570 0.038363
5346 0.034345 0.921088 0.044567
5348 0.000000 0.272913 0.727087
7018 0.617009 0.280758 0.102233
972 0.309012 0.092721 0.598267
3910 0.145729 0.308795 0.545476
974 0.000000 0.448760 0.551240
4898 0.234125 0.640823 0.125052
4636 0.316186 0.176270 0.507544
5750 0.051948 0.172351 0.775701
5100 0.552735 0.119015 0.328250
7090 0.422631 0.345814 0.231555
7486 0.723120 0.205140 0.071740
4800 0.212945 0.549648 0.237407
3038 0.363173 0.560274 0.076553
7378 0.304946 0.629890 0.065164
4490 0.360104 0.038572 0.601324
4762 0.493166 0.240367 0.266467
7728 0.310108 0.321738 0.368154
4758 0.098925 0.521804 0.379272
4650 0.249876 0.723284 0.026839
1690 0.470052 0.101903 0.428046
1684 0.174833 0.634231 0.190936
4760 0.123526 0.786681 0.089793
6894 0.430280 0.326057 0.243663
5010 0.715351 0.159187 0.125462
5000 0.000000 0.194507 0.805493
5004 0.321859 0.659118 0.019023
7452 0.390712 0.496298 0.112989
7492 0.101986 0.028551 0.869463
7076 0.255347 0.070239 0.674413
7042 0.117306 0.218175 0.664519
7036 0.316886 0.100364 0.582751
5718 0.140256 0.514514 0.345230
6892 0.334523 0.168979 0.496498
530 0.326651 0.668208 0.005142
4812 0.211944 0.043166 0.744890
4508 0.254841 0.313871 0.431288
530 0.738632 0.160817 0.100551
5710 0.186160 0.415843 0.397997
5718 0.196461 0.008877 0.794662
4894 0.060925 0.307250 0.631825
4520 0.179811 0.800246 0.019943
5536 0.337052 0.071721 0.591228
5696 0.102071 0.412857 0.485072
5700 0.059397 0.079125 0.861478
4522 0.172601 0.208126 0.619272
3038 0.124085 0.191471 0.684444
4450 0.061363 0.541140 0.397496
984 0.808520 0.049022 0.142458
4230 0.498511 0.183559 0.317930
4228 0.520582 0.366255 0.113163
3894 0.361755 0.075696 0.562550
3894 0.278268 0.611891 0.109841
5448 0.304677 0.488091 0.207231
5460 0.555053 0.162961 0.281986
4916 0.146215 0.038441 0.815344
5682 0.109591 0.053333 0.837076
7054 0.274608 0.684381 0.041011
7058 0.573920 0.052767 0.373314
5622 0.484662 0.435761 0.079577
6988 0.627487 0.273542 0.098971
7068 0.652283 0.191067 0.156650
5392 0.443978 0.247924 0.308099
1686 0.189154 0.113542 0.697304
304 0.360971 0.047538 0.591491
5380 0.101274 0.422339 0.476386
4860 0.610601 0.104570 0.284829
4862 0.466121 0.392646 0.141233
6892 0.332094 0.509698 0.158208
986 0.128943 0.869969 0.001088
4730 0.401891 0.465760 0.132349
4734 0.528907 0.017079 0.454014
5046 0.830963 0.025226 0.143811
5690 0.553285 0.171752 0.274963
5706 0.079845 0.331180 0.588975
5396 0.002560 0.282568 0.714872
3902 0.562604 0.019417 0.417979
4442 0.371671 0.308619 0.319710
4438 0.828121 0.068202 0.103677
5662 0.045453 0.391627 0.562919
5616 0.862717 0.137283 0.000000
7044 0.446838 0.041012 0.512149
6984 0.626853 0.243888 0.129259
3920 0.683846 0.168188 0.147966
3902 0.509798 0.344664 0.145538
390 0.026702 0.383437 0.589861
914 0.137095 0.112806 0.750099
902 0.637722 0.053341 0.308937
388 0.448371 0.218253 0.333376
5076 0.102642 0.379078 0.518280
5660 0.376013 0.485369 0.138618
4440 0.109027 0.795543 0.095430
4656 0.147775 0.842456 0.009769
6986 0.000000 0.178897 0.821103
5274 0.405861 0.064430 0.529709
3922 0.459880 0.505763 0.034356
4628 0.278132 0.016932 0.704937
390 0.799298 0.200702 0.000000
5542 0.538448 0.305981 0.155570
4220 0.313014 0.679593 0.007392
5358 0.951558 0.031700 0.016742
5638 0.501710 0.322857 0.175433
7444 0.150829 0.128357 0.720814
3896 0.026620 0.973380 0.000000
992 0.182869 0.105260 0.711871
898 0.011092 0.681349 0.307558
3916 0.143315 0.491046 0.365639
3916 0.078880 0.015628 0.905493
898 0.172037 0.003757 0.824206
894 0.961886 0.000000 0.038114
4838 0.590349 0.265705 0.143946
908 0.411322 0.368489 0.220189
4452 0.520789 0.439098 0.040113
5592 0.045579 0.911872 0.042549
5586 0.716110 0.141806 0.142084
5654 0.725568 0.274432 0.000000
5652 0.518446 0.436750 0.044804
7026 0.062367 0.057339 0.880295
3021 0.400609 0.351887 0.247504
1657 0.265211 0.635006 0.099783
1659 0.109876 0.501274 0.388850
85 0.445344 0.532918 0.021737
87 0.171129 0.632218 0.196653
3021 0.273215 0.187815 0.538970
1251 0.000000 0.207033 0.792967
1251 0.000000 0.526855 0.473145
2081 0.260311 0.000000 0.739689
55 0.338522 0.000000 0.661478
2081 0.719025 0.000000 0.280975
3681 0.000000 0.923128 0.076872
467 0.569736 0.040029 0.390234
49 0.031284 0.758712 0.210004
3005 0.506758 0.174880 0.318362
3013 0.491289 0.000000 0.508711
383 0.399148 0.499554 0.101297
3689 0.064910 0.335000 0.600090
27 0.000000 0.585448 0.414552
2011 0.094180 0.497176 0.408645
1251 0.021121 0.422250 0.556629
467 0.534977 0.072124 0.392899
3427 0.065445 0.212336 0.722220
3683 0.909416 0.032336 0.058248
387 0.647810 0.219609 0.132581
161 0.009308 0.572863 0.417829
1667 0.155714 0.172886 0.671401
45 0.377369 0.474556 0.148075
47 0.432585 0.245495 0.321920
1135 0.413301 0.016015 0.570684
519 0.078134 0.367976 0.553890
519 0.523764 0.286163 0.190073
517 0.082898 0.043405 0.873697
2589 0.162843 0.378305 0.458852
2591 0.282384 0.687221 0.030395
1247 0.300696 0.462908 0.236396
1541 0.544771 0.450379 0.004851
1541 0.460424 0.022330 0.517246
1247 0.186099 0.044847 0.769054
2565 0.498304 0.429661 0.072035
2055 0.293415 0.673836 0.032750
1527 0.597890 0.178678 0.223432
1525 0.042623 0.179306 0.778070
1261 0.336217 0.552458 0.111325
509 0.639332 0.154419 0.206250
1527 0.024735 0.328949 0.646316
1525 0.677901 0.059173 0.262926
235 0.360203 0.638055 0.001742
1245 0.727312 0.048105 0.224584
233 0.127773 0.538515 0.333712
1245 0.231458 0.158821 0.609721
1245 0.024268 0.646455 0.329277
1137 0.140611 0.576858 0.282531
2021 0.689216 0.192553 0.118232
2023 0.420502 0.388495 0.191004
1233 0.276089 0.512674 0.211236
1235 0.113492 0.327137 0.559371
2017 0.512992 0.413929 0.073079
393 0.415424 0.273650 0.310926
2021 0.149612 0.379469 0.470919
1655 0.216793 0.455386 0.327821
161 0.680821 0.180454 0.138724
163 0.260696 0.000858 0.738446
1661 0.497174 0.066718 0.436108
1663 0.230926 0.148228 0.620846
1517 0.444245 0.466153 0.089601
511 0.413047 0.204992 0.381961
2597 0.254414 0.260168 0.485418
387 0.424503 0.314107 0.261390
1667 0.809962 0.036922 0.153116
1517 0.511828 0.017249 0.470923
2597 0.508413 0.157398 0.334188
3009 0.125020 0.465930 0.409050
3021 0.807797 0.086436 0.105768
3023 0.575153 0.392506 0.032341
55 0.861175 0.000000 0.138825
487 0.453552 0.038882 0.507566
381 0.105788 0.210734 0.683479
49 0.214295 0.297073 0.488632
3015 0.313997 0.370906 0.315096
639 0.762648 0.091052 0.146300
1397 0.130221 0.460835 0.408944
625 0.556104 0.306563 0.137333
641 0.432923 0.221397 0.345681
1375 0.219975 0.150779 0.629246
1413 0.087953 0.236063 0.675984
3423 0.122527 0.246017 0.631456
545 0.302298 0.399610 0.298092
1553 0.607127 0.008561 0.384312
321 0.488060 0.282457 0.229483
1369 0.470888 0.306609 0.222504
1555 0.438415 0.275491 0.286094
2981 0.094912 0.155671 0.749417
2981 0.116708 0.834817 0.048475
2077 0.147746 0.070730 0.781524
2983 0.123413 0.500861 0.375726
55 0.326564 0.000000 0.673436
2999 0.139647 0.124083 0.736269
2997 0.507540 0.176915 0.315545
2077 0.224843 0.519085 0.256072
2079 0.023769 0.622745 0.353486
2991 0.325033 0.658947 0.016020
2979 0.609562 0.195243 0.195195
323 0.453115 0.102513 0.444372
2977 0.217513 0.073009 0.709478
1515 0.152511 0.830610 0.016879
1515 0.158349 0.116294 0.725357
385 0.094144 0.905856 0.000000
59 0.382387 0.492727 0.124886
1665 0.353041 0.587032 0.059926
45 0.101065 0.070465 0.828470
2597 0.734999 0.261095 0.003906
3009 0.348097 0.592880 0.059023
2069 0.025800 0.911726 0.062474
611 0.014537 0.192117 0.793346
1423 0.015683 0.561828 0.422489
549 0.107420 0.666557 0.226023
1559 0.165990 0.192535 0.641475
1675 0.084483 0.609915 0.305602
555 0.115928 0.264663 0.619409
1403 0.653479 0.165417 0.181104
1411 0.236093 0.736025 0.027882
635 0.481568 0.215134 0.303298
329 0.487140 0.112574 0.400286
2995 0.612013 0.299038 0.088949
3019 0.095135 0.219625 0.685240
2973 0.081118 0.551799 0.367083
2561 0.204852 0.531438 0.263710
1421 0.006819 0.249588 0.743593
497 0.279475 0.169157 0.551368
1557 0.025056 0.297130 0.677813
2987 0.094807 0.777419 0.127774
3017 0.236873 0.039398 0.723730
553 0.923264 0.045475 0.031261
1409 0.253837 0.061855 0.684308
4613 0.456728 0.404047 0.139225
1387 0.588464 0.314067 0.097468
1385 0.415513 0.390765 0.193722
4569 0.425829 0.243333 0.330838
4569 0.312893 0.679728 0.007378
7151 0.103995 0.432676 0.463329
3445 0.141153 0.275008 0.583839
309 0.544105 0.145887 0.310008
1379 0.168238 0.271501 0.560261
7155 0.073742 0.851880 0.074378
3117 0.130667 0.701218 0.168115
4589 0.065685 0.565594 0.368720
543 0.515432 0.438813 0.045755
605 0.376562 0.520943 0.102495
4609 0.473736 0.215612 0.310652
617 0.181226 0.088093 0.730681
3419 0.306026 0.365384 0.328590
447 0.335958 0.656323 0.007719
4573 0.014296 0.395224 0.590480
601 0.418767 0.392482 0.188751
443 0.058218 0.465041 0.476741
541 0.092625 0.651105 0.256270
603 0.586120 0.253855 0.160025
453 0.505343 0.272682 0.221975
3415 0.382195 0.463118 0.154687
617 0.127909 0.756180 0.115911
625 0.017232 0.449291 0.533477
1389 0.788620 0.159752 0.051628
3395 0.226388 0.225555 0.548057
1389 0.139016 0.064558 0.796427
1363 0.086600 0.491305 0.422095
2075 0.463024 0.120900 0.416076
537 0.386403 0.513000 0.100597
2065 0.131381 0.252502 0.616117
4601 0.144765 0.287022 0.568213
1395 0.216422 0.767431 0.016147
4595 0.189185 0.643879 0.166936
535 0.109896 0.430114 0.459990
4599 0.261257 0.399149 0.339594
451 0.236744 0.446622 0.316634
4585 0.456541 0.472501 0.070958
1681 0.301070 0.486452 0.212478
333 0.040784 0.262064 0.697152
449 0.426569 0.496825 0.076606
333 0.459522 0.228874 0.311604
1679 0.341917 0.447340 0.210743
551 0.088155 0.677919 0.233926
609 0.606293 0.037197 0.356510
4619 0.633267 0.356199 0.010534
4777 0.194538 0.402440 0.403022
3053 0.425842 0.000000 0.574158
4789 0.004963 0.286310 0.708727
4691 0.000000 0.874472 0.125528
3025 0.590567 0.368439 0.040995
4771 0.065357 0.861752 0.072892
3941 0.678832 0.270072 0.051096
5791 0.490590 0.347906 0.161504
5483 0.713220 0.190826 0.095954
3043 0.542499 0.262330 0.195171
3031 0.253393 0.182684 0.563923
5793 0.081202 0.595620 0.323177
5521 0.472974 0.481054 0.045971
4889 0.626968 0.312769 0.060263
4817 0.717000 0.050017 0.232983
4819 0.348556 0.266105 0.385339
4891 0.436828 0.058388 0.504784
5669 0.388382 0.460532 0.151085
5665 0.454758 0.481615 0.063627
5327 0.028680 0.632447 0.338873
5671 0.876795 0.034135 0.089070
6997 0.002063 0.201663 0.796274
5321 0.676453 0.005079 0.318468
5331 0.276918 0.127216 0.595866
5339 0.062922 0.123113 0.813965
5339 0.127164 0.818930 0.053905
7007 0.239667 0.663027 0.097306
5555 0.342624 0.129883 0.527493
7015 0.188945 0.775035 0.036020
5565 0.627284 0.291295 0.081421
5443 0.598732 0.360533 0.040735
5425 0.148213 0.041125 0.810662
5429 0.325975 0.674025 0.000000
