69614 0.546178 0.241059 0.212762
69644 0.000000 0.244684 0.755316
81115 0.585579 0.221574 0.192847
69581 0.143662 0.462997 0.393341
62993 0.576061 0.152542 0.271397
16199 0.126809 0.595497 0.277694
14389 0.556785 0.224661 0.218554
22533 0.438613 0.393956 0.167431
15812 0.493019 0.108753 0.398228
16744 0.753661 0.135888 0.110451
33981 0.365857 0.617150 0.016993
95342 0.275087 0.261522 0.463391
69535 0.278184 0.258222 0.463594
68590 0.630119 0.053613 0.316268
69477 0.176161 0.196427 0.627412
69429 0.517343 0.227648 0.255009
23379 0.245068 0.371512 0.383420
90444 0.763872 0.211439 0.024688
37294 0.047479 0.936702 0.015820
37822 0.125850 0.725453 0.148697
95484 0.082813 0.524982 0.392205
87750 0.124976 0.097300 0.777723
95558 0.337643 0.192993 0.469364
22194 0.678786 0.193606 0.127608
64197 0.060278 0.752076 0.187645
99989 0.321227 0.230106 0.448667
16684 0.542706 0.341498 0.115796
22808 0.075152 0.349232 0.575616
22519 0.537855 0.151986 0.310159
22201 0.239463 0.226309 0.534228
96313 0.311003 0.442559 0.246437
37403 0.320849 0.082374 0.596777
96297 0.202862 0.620075 0.177063
92548 0.177171 0.760218 0.062611
94242 0.557288 0.085307 0.357405
89793 0.304621 0.621818 0.073562
93680 0.107549 0.839416 0.053035
76262 0.107343 0.013900 0.878757
75910 0.210034 0.612162 0.177804
82393 0.297903 0.469933 0.232165
12205 0.027819 0.312185 0.659996
11749 0.326332 0.410781 0.262887
81860 0.218816 0.742281 0.038902
78512 0.322054 0.284702 0.393244
74913 0.409694 0.527943 0.062364
9365 0.363306 0.307871 0.328824
91369 0.474807 0.268479 0.256714
3017 0.007152 0.735411 0.257437
37648 0.585161 0.283608 0.131231
94119 0.196053 0.266372 0.537575
4672 0.054896 0.677784 0.267320
4694 0.841070 0.115715 0.043215
87327 0.043382 0.029514 0.927105
82474 0.309199 0.558429 0.132372
4757 0.308242 0.232717 0.459041
82591 0.288987 0.594068 0.116944
81958 0.818178 0.058776 0.123046
93775 0.597762 0.376538 0.025700
93834 0.274412 0.087052 0.638535
82456 0.011751 0.319959 0.668290
91756 0.282707 0.446483 0.270810
94081 0.151477 0.014517 0.834006
11405 0.520481 0.002689 0.476830
8213 0.183135 0.688225 0.128640
9231 0.098612 0.400405 0.500983
81364 0.221321 0.589434 0.189246
73289 0.161919 0.164411 0.673669
14019 0.009876 0.019751 0.970373
22497 0.204289 0.245296 0.550415
22767 0.304917 0.695083 0.000000
27582 0.585270 0.182523 0.232207
55455 0.087062 0.109973 0.802965
53556 0.060841 0.242401 0.696758
55474 0.624962 0.188019 0.187020
55359 0.385395 0.604615 0.009990
69468 0.074345 0.177909 0.747745
69395 0.644888 0.170018 0.185094
16430 0.028787 0.960731 0.010482
17163 0.342596 0.373463 0.283941
21244 0.744962 0.075318 0.179720
21252 0.890712 0.059683 0.049604
17261 0.058570 0.404904 0.536526
53514 0.117015 0.235270 0.647715
62604 0.187320 0.105033 0.707647
21727 0.108947 0.865119 0.025933
55078 0.841858 0.088485 0.069657
48518 0.079805 0.143442 0.776753
55078 0.040312 0.720851 0.238837
47999 0.421844 0.037144 0.541012
48033 0.339233 0.265150 0.395616
47601 0.696897 0.151638 0.151464
47578 0.512786 0.051512 0.435702
72412 0.669321 0.325814 0.004865
69209 0.008539 0.308100 0.683361
70519 0.004828 0.272492 0.722681
66880 0.490715 0.098474 0.410811
6446 0.203265 0.791859 0.004876
60051 0.070017 0.548477 0.381506
69205 0.636913 0.355570 0.007517
70313 0.617567 0.110943 0.271490
9645 0.302229 0.207355 0.490416
4605 0.283779 0.102178 0.614043
51569 0.640696 0.179297 0.180007
47227 0.077645 0.592668 0.329688
54629 0.110823 0.689449 0.199728
59953 0.329785 0.235686 0.434529
9810 0.156487 0.248356 0.595157
70134 0.164685 0.239563 0.595752
67755 0.111497 0.218561 0.669942
63781 0.275450 0.086583 0.637967
68939 0.419260 0.520265 0.060475
63812 0.092204 0.516278 0.391518
63831 0.761377 0.155163 0.083460
63839 0.881184 0.055521 0.063296
55002 0.713422 0.193622 0.092956
53856 0.365279 0.197255 0.437465
52695 0.071856 0.180958 0.747186
99184 0.094921 0.175041 0.730037
99145 0.540200 0.235920 0.223879
99082 0.363818 0.515568 0.120614
35648 0.397895 0.331867 0.270238
91546 0.150161 0.094192 0.755647
24245 0.840726 0.114869 0.044405
21105 0.553271 0.006720 0.440009
31170 0.186460 0.459623 0.353917
24424 0.666173 0.117077 0.216750
24230 0.871705 0.038121 0.090174
96174 0.174164 0.793373 0.032464
21987 0.477513 0.207199 0.315288
90455 0.225999 0.663501 0.110500
24315 0.221476 0.288872 0.489652
83839 0.437877 0.087895 0.474228
26152 0.343944 0.303010 0.353046
88334 0.457648 0.400785 0.141567
24288 0.064642 0.061862 0.873497
23449 0.102511 0.478087 0.419402
96168 0.727509 0.158040 0.114451
96353 0.028441 0.715975 0.255584
99135 0.553431 0.136005 0.310564
96167 0.250774 0.718350 0.030876
92724 0.571034 0.055931 0.373034
96840 0.423995 0.207702 0.368303
10300 0.587798 0.040498 0.371704
9176 0.036223 0.324352 0.639425
9414 0.698573 0.300743 0.000683
9177 0.047920 0.114792 0.837288
9582 0.449749 0.296202 0.254050
6873 0.036626 0.011823 0.951551
8394 0.206906 0.214077 0.579017
36637 0.270439 0.537287 0.192274
79308 0.799454 0.016164 0.184382
84619 0.107340 0.682986 0.209674
93901 0.341724 0.070954 0.587322
81758 0.556961 0.425587 0.017451
75058 0.512739 0.199368 0.287893
77041 0.642571 0.259979 0.097450
77003 0.015275 0.869391 0.115333
33136 0.148572 0.245332 0.606096
37534 0.182299 0.810179 0.007522
34640 0.050663 0.077438 0.871900
80181 0.604227 0.300208 0.095565
84676 0.387917 0.599303 0.012780
77043 0.106561 0.427623 0.465816
82250 0.431837 0.092112 0.476051
37383 0.198467 0.179265 0.622268
77192 0.121933 0.585275 0.292792
34665 0.315667 0.285451 0.398882
34573 0.022083 0.916429 0.061489
33696 0.607010 0.000000 0.392990
33686 0.502597 0.460171 0.037231
33632 0.259811 0.124008 0.616182
36215 0.502353 0.460412 0.037235
33700 0.085009 0.375956 0.539036
88056 0.161525 0.731397 0.107078
92526 0.312191 0.278856 0.408953
90709 0.282481 0.526812 0.190708
96916 0.077005 0.180040 0.742955
89810 0.341413 0.399285 0.259303
81637 0.142991 0.160042 0.696967
81632 0.338478 0.430478 0.231044
82504 0.348236 0.024522 0.627242
34430 0.803473 0.049512 0.147014
90583 0.576255 0.327227 0.096518
34404 0.001310 0.358131 0.640559
80841 0.460969 0.255005 0.284026
82535 0.069810 0.519765 0.410425
90188 0.431296 0.258008 0.310696
85998 0.266618 0.132736 0.600646
91151 0.039621 0.855666 0.104712
91022 0.634228 0.149263 0.216509
88076 0.714571 0.068218 0.217211
82623 0.316157 0.302810 0.381033
82579 0.150617 0.687459 0.161924
9498 0.035111 0.886988 0.077901
9175 0.281299 0.179239 0.539462
67632 0.564964 0.313662 0.121375
58748 0.069367 0.898366 0.032267
58745 0.290780 0.408918 0.300303
50349 0.548705 0.183243 0.268052
58854 0.165563 0.055353 0.779083
18630 0.635600 0.245689 0.118710
18753 0.708722 0.104111 0.187167
24337 0.496877 0.405895 0.097227
56188 0.064724 0.487268 0.448008
66296 0.502743 0.198802 0.298455
62565 0.372526 0.495731 0.131742
67277 0.014862 0.231217 0.753922
18684 0.202018 0.241233 0.556749
53484 0.151200 0.441394 0.407406
18989 0.530052 0.300127 0.169820
64906 0.399012 0.205853 0.395135
61305 0.130242 0.521427 0.348331
61222 0.037969 0.062940 0.899091
58529 0.393858 0.468149 0.137993
70844 0.283976 0.126578 0.589445
62514 0.493230 0.455994 0.050775
10230 0.526944 0.065250 0.407806
43701 0.468382 0.075395 0.456223
48939 0.537656 0.384892 0.077452
8222 0.121537 0.314320 0.564143
2984 0.364443 0.512740 0.122817
47679 0.413284 0.477717 0.109000
61441 0.399664 0.001759 0.598576
43504 0.408563 0.354576 0.236861
61062 0.327747 0.191718 0.480536
60946 0.518161 0.359716 0.122123
51295 0.126001 0.143619 0.730381
64015 0.174779 0.244548 0.580673
71903 0.472023 0.427192 0.100785
67411 0.153230 0.422202 0.424568
69083 0.210189 0.234757 0.555053
70573 0.245284 0.272029 0.482686
70459 0.024927 0.429442 0.545631
58387 0.209523 0.452045 0.338432
49714 0.363934 0.226613 0.409453
71877 0.209135 0.130914 0.659951
67929 0.386360 0.602103 0.011537
70607 0.135491 0.773291 0.091218
64017 0.070068 0.200277 0.729655
62383 0.468004 0.329601 0.202395
58222 0.265846 0.322065 0.412089
58196 0.174746 0.221755 0.603499
71855 0.536442 0.078194 0.385363
51566 0.898724 0.044447 0.056829
47778 0.355437 0.327177 0.317386
58147 0.225722 0.327572 0.446706
70693 0.197376 0.289524 0.513099
47856 0.709568 0.020866 0.269565
52669 0.094418 0.144822 0.760760
48984 0.613781 0.107824 0.278396
58446 0.647503 0.195188 0.157308
71936 0.614689 0.135127 0.250184
70746 0.284372 0.048964 0.666664
48053 0.301765 0.156997 0.541238
55113 0.176105 0.653952 0.169943
60254 0.056077 0.685650 0.258273
59894 0.116894 0.129930 0.753176
49800 0.333569 0.186157 0.480275
61228 0.134246 0.292712 0.573042
53874 0.142967 0.739757 0.117275
61214 0.153199 0.021117 0.825684
60797 0.284747 0.110299 0.604953
48922 0.225748 0.585296 0.188956
49877 0.218656 0.589245 0.192099
59776 0.808069 0.119309 0.072622
62215 0.278078 0.531174 0.190749
62513 0.192869 0.701310 0.105820
1192 0.636372 0.087498 0.276130
38590 0.093624 0.204108 0.702267
38589 0.435894 0.243158 0.320948
1161 0.075608 0.232325 0.692067
39041 0.130550 0.111867 0.757583
42152 0.070690 0.880025 0.049284
37298 0.820407 0.161450 0.018144
36820 0.396529 0.201315 0.402156
26839 0.074410 0.593857 0.331733
32008 0.458784 0.496776 0.044440
32033 0.067552 0.227616 0.704832
27886 0.302376 0.206486 0.491139
86302 0.144542 0.444069 0.411388
86307 0.413790 0.112007 0.474203
86343 0.104981 0.605095 0.289924
24967 0.531615 0.044983 0.423403
80826 0.183401 0.077556 0.739043
86284 0.323935 0.185719 0.490346
81328 0.266443 0.262885 0.470672
31934 0.062780 0.055336 0.881884
20429 0.138704 0.249017 0.612279
20282 0.527153 0.342419 0.130428
99349 0.044165 0.597571 0.358264
35672 0.858194 0.054262 0.087545
93019 0.613659 0.281178 0.105163
88759 0.267561 0.164648 0.567790
26822 0.361070 0.487767 0.151163
86142 0.211834 0.187129 0.601037
31957 0.579803 0.064633 0.355565
25956 0.045974 0.528822 0.425205
19189 0.735363 0.139604 0.125034
25936 0.035268 0.082543 0.882189
24674 0.061575 0.013161 0.925264
24657 0.333645 0.571907 0.094448
1597 0.111275 0.878704 0.010021
77873 0.891722 0.074574 0.033704
86198 0.332952 0.209874 0.457174
31973 0.089341 0.852861 0.057798
31859 0.954825 0.032335 0.012840
26808 0.647801 0.020671 0.331528
20074 0.541488 0.429544 0.028968
33292 0.107658 0.461259 0.431083
32976 0.317753 0.540409 0.141837
30870 0.763656 0.103457 0.132888
20850 0.658762 0.060931 0.280307
25013 0.046271 0.025352 0.928377
15103 0.581699 0.021859 0.396442
31053 0.097037 0.199618 0.703345
32080 0.366101 0.331363 0.302535
914 0.240269 0.141155 0.618576
25965 0.022689 0.640950 0.336360
19373 0.343954 0.319367 0.336678
27489 0.374081 0.419602 0.206317
31738 0.840773 0.135035 0.024191
32122 0.321729 0.569987 0.108285
31812 0.515914 0.425729 0.058357
27162 0.676848 0.013216 0.309936
87564 0.220852 0.324031 0.455116
85225 0.380794 0.179608 0.439598
12779 0.171882 0.097543 0.730576
78803 0.617268 0.103461 0.279272
86267 0.295075 0.411668 0.293256
75506 0.225690 0.139160 0.635149
88456 0.271545 0.299492 0.428963
74429 0.601084 0.199124 0.199792
97525 0.229682 0.427987 0.342331
87330 0.474917 0.471976 0.053106
38376 0.675094 0.212168 0.112738
75068 0.236699 0.378000 0.385301
11906 0.140215 0.400589 0.459196
90706 0.402479 0.034554 0.562967
34744 0.247569 0.004135 0.748296
79679 0.186482 0.432079 0.381438
80549 0.919771 0.038446 0.041784
98073 0.154544 0.296703 0.548753
89056 0.324264 0.261816 0.413920
88579 0.024658 0.078008 0.897334
98352 0.056452 0.302700 0.640848
92006 0.276858 0.254610 0.468532
98298 0.395168 0.542036 0.062797
88643 0.112660 0.498820 0.388520
92018 0.205625 0.696054 0.098321
98651 0.252033 0.187072 0.560895
89085 0.621170 0.194978 0.183852
35373 0.048444 0.361930 0.589626
35378 0.577212 0.144715 0.278072
38855 0.137742 0.010206 0.852052
37025 0.123256 0.058303 0.818441
33054 0.237144 0.315518 0.447338
39257 0.590498 0.349142 0.060361
24063 0.032133 0.698461 0.269406
24047 0.580756 0.110836 0.308409
75349 0.787688 0.038375 0.173938
36862 0.075047 0.581700 0.343253
38617 0.537256 0.020814 0.441930
35386 0.120361 0.710756 0.168883
87409 0.024996 0.820494 0.154509
11540 0.596081 0.018108 0.385811
80971 0.058955 0.252673 0.688372
75353 0.390096 0.400412 0.209492
77385 0.215937 0.325267 0.458796
77383 0.114470 0.432434 0.453097
97774 0.368992 0.414137 0.216871
78090 0.445986 0.490836 0.063178
88435 0.921865 0.004089 0.074046
37344 0.158048 0.501159 0.340793
77229 0.286548 0.257903 0.455548
97568 0.020116 0.675953 0.303930
34801 0.193760 0.396668 0.409572
98161 0.138221 0.351290 0.510489
35099 0.468488 0.022658 0.508854
37455 0.253544 0.512713 0.233744
92002 0.175752 0.256658 0.567590
24008 0.260113 0.491126 0.248760
39908 0.008156 0.925159 0.066686
37467 0.218187 0.048896 0.732917
35398 0.221134 0.000000 0.778866
32945 0.008438 0.961806 0.029756
37309 0.414759 0.512816 0.072426
37472 0.361983 0.172210 0.465806
97885 0.191542 0.229943 0.578514
84746 0.723054 0.249592 0.027355
77453 0.704150 0.027233 0.268617
77417 0.041857 0.331667 0.626476
77435 0.305442 0.558188 0.136370
38310 0.796376 0.201944 0.001680
97816 0.023621 0.449310 0.527069
97806 0.028795 0.263084 0.708121
89741 0.185081 0.630563 0.184355
34972 0.435937 0.414021 0.150043
34960 0.162370 0.030205 0.807425
38254 0.368890 0.584372 0.046739
80981 0.364838 0.046985 0.588178
37436 0.261122 0.400201 0.338677
91949 0.372218 0.618053 0.009729
79476 0.577174 0.285673 0.137153
88849 0.028016 0.944117 0.027867
35458 0.686928 0.034127 0.278945
38730 0.307973 0.053683 0.638343
38724 0.191521 0.580621 0.227858
38714 0.246675 0.406569 0.346756
24954 0.832276 0.076254 0.091470
29705 0.374781 0.194515 0.430704
36717 0.382683 0.181202 0.436115
91674 0.954698 0.019989 0.025313
75007 0.197969 0.463215 0.338816
87250 0.037355 0.915251 0.047394
90826 0.362418 0.501469 0.136113
89045 0.210796 0.060614 0.728590
38359 0.346604 0.221732 0.431663
79503 0.049660 0.049628 0.900712
90816 0.179516 0.489079 0.331405
97925 0.200717 0.318601 0.480682
81298 0.061770 0.723933 0.214297
85306 0.257854 0.126801 0.615345
89022 0.486318 0.155068 0.358614
77598 0.080765 0.572479 0.346756
85321 0.219973 0.421158 0.358869
86263 0.809125 0.188639 0.002235
85332 0.168515 0.576578 0.254907
75692 0.219559 0.360161 0.420280
12582 0.492783 0.390460 0.116757
11752 0.778703 0.160373 0.060924
11156 0.098892 0.245546 0.655562
91435 0.114551 0.275133 0.610317
10846 0.502245 0.316534 0.181221
7436 0.077775 0.034488 0.887736
9275 0.121178 0.290416 0.588406
34394 0.007558 0.794445 0.197997
9189 0.722893 0.076267 0.200840
9274 0.117172 0.578992 0.303836
6010 0.132631 0.542626 0.324744
91388 0.768463 0.057991 0.173547
10820 0.811625 0.026873 0.161501
77119 0.121190 0.035021 0.843789
36690 0.540312 0.456272 0.003416
36693 0.436206 0.404398 0.159395
77274 0.427913 0.453840 0.118248
97784 0.007633 0.409200 0.583167
74984 0.345348 0.104683 0.549969
80185 0.155098 0.130752 0.714149
88460 0.270348 0.085141 0.644511
77360 0.774806 0.127495 0.097698
88508 0.495395 0.390056 0.114550
34733 0.097513 0.703411 0.199076
86696 0.182621 0.658824 0.158555
77501 0.914380 0.042022 0.043599
86129 0.667925 0.302422 0.029653
88514 0.149563 0.283742 0.566695
97067 0.024077 0.388812 0.587111
88747 0.198383 0.153583 0.648034
42474 0.411423 0.109116 0.479461
42489 0.346768 0.639519 0.013713
41990 0.373967 0.027443 0.598591
25721 0.049904 0.067958 0.882139
42021 0.079461 0.649663 0.270876
45094 0.407071 0.565912 0.027017
42017 0.186083 0.713046 0.100871
45089 0.005562 0.148325 0.846113
41980 0.081659 0.078973 0.839369
43386 0.088562 0.152277 0.759161
69127 0.398354 0.567048 0.034598
57761 0.470431 0.089422 0.440148
59288 0.307638 0.149731 0.542631
59291 0.317597 0.354276 0.328126
59207 0.562760 0.149849 0.287391
19276 0.135792 0.576953 0.287255
19322 0.043735 0.216048 0.740216
19364 0.117530 0.748716 0.133753
31263 0.179276 0.554233 0.266492
24557 0.011628 0.116265 0.872107
66608 0.719561 0.148460 0.131979
66586 0.713544 0.191053 0.095403
66411 0.102789 0.346633 0.550578
25450 0.100961 0.370240 0.528800
21535 0.468054 0.485095 0.046851
51455 0.145777 0.090017 0.764206
24213 0.127262 0.293249 0.579489
26229 0.039965 0.389837 0.570198
21479 0.042188 0.443171 0.514641
24698 0.242471 0.725597 0.031933
38930 0.569936 0.410078 0.019985
895 0.140027 0.202099 0.657874
57645 0.295558 0.205496 0.498946
54310 0.391816 0.480980 0.127204
21546 0.046167 0.798833 0.155000
18414 0.343666 0.194134 0.462200
18415 0.097525 0.165532 0.736943
21417 0.082051 0.602934 0.315014
26192 0.450127 0.014953 0.534919
18596 0.687503 0.086235 0.226262
19414 0.286643 0.278436 0.434921
30754 0.362831 0.619027 0.018142
30759 0.447659 0.255098 0.297242
31265 0.659102 0.042113 0.298785
31280 0.023528 0.442909 0.533562
27824 0.384357 0.086756 0.528887
27827 0.159514 0.057466 0.783020
963 0.201709 0.322056 0.476235
1000 0.259063 0.242068 0.498870
71766 0.172854 0.292166 0.534979
65293 0.913823 0.022896 0.063281
67611 0.766010 0.069440 0.164550
60860 0.085586 0.706796 0.207618
57115 0.696671 0.227718 0.075611
65907 0.383174 0.353338 0.263489
69343 0.803647 0.019138 0.177216
56908 0.594299 0.120408 0.285293
60437 0.230990 0.151170 0.617839
53064 0.210536 0.073059 0.716406
49276 0.843038 0.134863 0.022099
71769 0.385318 0.049921 0.564761
61420 0.080118 0.140075 0.779807
57471 0.825804 0.042472 0.131724
57481 0.396157 0.191618 0.412224
40736 0.546491 0.148175 0.305334
52067 0.513751 0.199410 0.286839
40883 0.008037 0.857335 0.134629
40906 0.347489 0.012189 0.640322
58226 0.116971 0.536064 0.346965
40610 0.537016 0.213863 0.249121
40495 0.572130 0.155000 0.272870
52101 0.055944 0.239059 0.704997
40631 0.018995 0.084300 0.896705
40634 0.530974 0.053676 0.415350
43728 0.043901 0.503424 0.452676
40695 0.016936 0.880217 0.102847
40703 0.064068 0.151433 0.784498
25340 0.229656 0.711247 0.059098
43079 0.169027 0.201138 0.629835
23857 0.064210 0.283793 0.651996
23864 0.337313 0.163883 0.498804
24030 0.591636 0.156650 0.251714
49108 0.103897 0.801974 0.094129
43387 0.198369 0.673288 0.128343
1504 0.157169 0.219905 0.622926
43050 0.352273 0.037067 0.610660
10568 0.527073 0.298251 0.174676
6149 0.325105 0.607498 0.067397
59741 0.658687 0.217029 0.124284
40741 0.146514 0.241040 0.612446
43842 0.479378 0.184968 0.335654
65439 0.078790 0.199905 0.721305
60454 0.144608 0.586602 0.268789
61463 0.433515 0.155501 0.410984
59904 0.037733 0.245848 0.716420
25609 0.141824 0.688994 0.169182
49173 0.530743 0.112410 0.356847
53708 0.169664 0.325405 0.504930
57923 0.063637 0.679044 0.257319
40843 0.885131 0.006387 0.108482
40888 0.260891 0.278152 0.460957
40597 0.093593 0.877889 0.028518
23724 0.273408 0.603063 0.123529
25424 0.219718 0.333691 0.446591
43751 0.063402 0.184264 0.752334
40687 0.243931 0.164598 0.591471
42565 0.004179 0.110634 0.885186
45545 0.616146 0.058815 0.325039
443 0.029249 0.021046 0.949704
62034 0.103187 0.857393 0.039421
71744 0.117085 0.405019 0.477896
48942 0.487754 0.475550 0.036696
60569 0.667172 0.113117 0.219710
60863 0.334211 0.140982 0.524808
60484 0.001639 0.655603 0.342758
62350 0.205304 0.150251 0.644445
61514 0.150339 0.835440 0.014221
52266 0.015360 0.148780 0.835860
54240 0.047086 0.738097 0.214816
52264 0.583251 0.082514 0.334235
57812 0.347302 0.384852 0.267845
44133 0.754209 0.153884 0.091908
57940 0.270209 0.053543 0.676248
53625 0.244252 0.603365 0.152383
58347 0.069339 0.330275 0.600386
41128 0.810090 0.083766 0.106144
58494 0.861376 0.017797 0.120827
27045 0.601475 0.275257 0.123268
25833 0.047480 0.046009 0.906510
29682 0.086496 0.127596 0.785908
42705 0.199423 0.781503 0.019074
45547 0.645848 0.217322 0.136830
40653 0.347577 0.541108 0.111315
59898 0.222966 0.597673 0.179362
56916 0.763153 0.015239 0.221608
61451 0.449567 0.471207 0.079226
65678 0.184480 0.278003 0.537517
65545 0.739614 0.177123 0.083262
57088 0.331298 0.225607 0.443095
54165 0.370889 0.559833 0.069279
60463 0.143272 0.493871 0.362857
57080 0.392797 0.102669 0.504534
57521 0.042548 0.908733 0.048719
65750 0.665416 0.232589 0.101995
57546 0.327324 0.567059 0.105617
49455 0.248518 0.049513 0.701969
60930 0.040450 0.838425 0.121125
57612 0.247064 0.498514 0.254422
60564 0.392984 0.219128 0.387888
51731 0.319338 0.656619 0.024043
46663 0.357344 0.627964 0.014691
65849 0.090738 0.849748 0.059513
10240 0.625633 0.367506 0.006861
60823 0.159277 0.520229 0.320495
11256 0.203957 0.260298 0.535745
10473 0.315789 0.670844 0.013367
53414 0.195504 0.762222 0.042274
43720 0.222828 0.657353 0.119819
65316 0.546602 0.452713 0.000685
66150 0.066662 0.434574 0.498764
46351 0.363445 0.050208 0.586346
65374 0.316624 0.603836 0.079540
49182 0.824960 0.037309 0.137732
65365 0.126186 0.024483 0.849331
51479 0.309556 0.059164 0.631280
57047 0.210410 0.509012 0.280578
66185 0.106486 0.096150 0.797364
60560 0.329332 0.081590 0.589079
65693 0.106595 0.740080 0.153325
65759 0.171603 0.347417 0.480980
61429 0.546933 0.063843 0.389224
54150 0.082238 0.115236 0.802526
59812 0.091758 0.708371 0.199871
56963 0.930142 0.000045 0.069814
61459 0.183035 0.788275 0.028690
20383 0.109457 0.788010 0.102533
1210 0.448604 0.372671 0.178725
1194 0.243894 0.466143 0.289963
1166 0.238820 0.350248 0.410932
1238 0.616764 0.278815 0.104421
20256 0.443719 0.096799 0.459482
25019 0.660513 0.297630 0.041857
20138 0.463294 0.501648 0.035058
20360 0.456445 0.242203 0.301352
20104 0.655076 0.228119 0.116805
20188 0.031053 0.659808 0.309139
19478 0.314389 0.384240 0.301371
21129 0.281290 0.180075 0.538635
42272 0.023435 0.490956 0.485609
45999 0.631908 0.053380 0.314712
46004 0.090817 0.051806 0.857377
31937 0.767722 0.040003 0.192275
39526 0.151949 0.652408 0.195643
22166 0.401883 0.335088 0.263028
1527 0.487459 0.509037 0.003504
25020 0.347321 0.567463 0.085216
22151 0.361686 0.212914 0.425400
20076 0.520905 0.158964 0.320131
20103 0.130854 0.277255 0.591892
12992 0.593676 0.394615 0.011710
36410 0.748942 0.065644 0.185413
39538 0.346365 0.519198 0.134437
37165 0.599878 0.234304 0.165817
35838 0.554177 0.387050 0.058772
90745 0.244248 0.439508 0.316245
80220 0.450094 0.209115 0.340791
75567 0.022165 0.139388 0.838447
84955 0.045056 0.876926 0.078018
77938 0.359241 0.345483 0.295277
99562 0.018593 0.715756 0.265651
99778 0.176695 0.707724 0.115581
88796 0.295716 0.436585 0.267700
77970 0.160536 0.014771 0.824693
86461 0.142184 0.357418 0.500399
74733 0.132453 0.453158 0.414389
81332 0.814757 0.017901 0.167342
85006 0.042948 0.333018 0.624034
34929 0.088622 0.903163 0.008216
80422 0.282189 0.188790 0.529021
78952 0.025055 0.085735 0.889210
85066 0.366616 0.358856 0.274528
36059 0.267844 0.458501 0.273655
38441 0.135900 0.715791 0.148309
97915 0.346212 0.374246 0.279542
98721 0.619010 0.266634 0.114356
7898 0.493378 0.003608 0.503014
91366 0.541617 0.267067 0.191316
88674 0.390639 0.085063 0.524298
85694 0.505954 0.341867 0.152179
98763 0.136505 0.318197 0.545298
35556 0.104130 0.086269 0.809600
38800 0.265709 0.542165 0.192126
635 0.345736 0.212250 0.442014
1640 0.106935 0.798398 0.094668
41711 0.338440 0.550092 0.111468
39078 0.071671 0.283146 0.645183
2610 0.667591 0.302063 0.030346
92249 0.263941 0.026882 0.709177
99628 0.212900 0.433178 0.353922
92085 0.095431 0.489445 0.415124
99760 0.091378 0.749963 0.158659
86442 0.379724 0.084833 0.535443
86366 0.023487 0.244114 0.732398
77953 0.027823 0.618973 0.353203
99791 0.109349 0.058428 0.832224
99600 0.125238 0.634933 0.239828
86370 0.771749 0.030621 0.197630
81340 0.438306 0.517967 0.043727
20409 0.294975 0.609620 0.095405
20316 0.290335 0.511986 0.197679
15919 0.792595 0.111872 0.095532
20430 0.214992 0.750268 0.034740
50754 0.015589 0.405523 0.578889
42308 0.550960 0.082058 0.366982
24789 0.572533 0.156157 0.271310
45895 0.250117 0.076246 0.673637
59559 0.015358 0.452012 0.532631
43287 0.155227 0.604336 0.240437
51252 0.140745 0.028505 0.830750
16388 0.284466 0.037564 0.677970
20592 0.258591 0.398389 0.343021
21654 0.546681 0.303012 0.150307
15490 0.285065 0.617957 0.096978
42842 0.048068 0.108447 0.843485
2954 0.207135 0.356745 0.436120
45373 0.142412 0.381556 0.476032
59505 0.415164 0.243005 0.341831
72257 0.016033 0.690899 0.293068
25293 0.610808 0.197718 0.191474
19509 0.455612 0.008981 0.535407
19516 0.605645 0.066003 0.328352
19481 0.261215 0.122736 0.616049
20895 0.147222 0.032809 0.819969
72262 0.593227 0.273752 0.133022
20584 0.671820 0.263920 0.064260
20509 0.093752 0.411770 0.494478
59409 0.157250 0.387802 0.454948
42360 0.685069 0.223565 0.091366
45285 0.469401 0.302528 0.228071
2595 0.884920 0.085620 0.029460
24805 0.340907 0.368834 0.290259
51001 0.203072 0.088748 0.708180
12996 0.293564 0.618390 0.088046
99610 0.277758 0.689555 0.032687
99798 0.247049 0.459547 0.293404
39095 0.000000 0.675157 0.324843
86396 0.117737 0.663779 0.218484
91122 0.142043 0.642243 0.215714
14081 0.084422 0.736183 0.179396
80433 0.797384 0.066141 0.136475
89673 0.501098 0.393106 0.105796
91027 0.091671 0.414798 0.493531
99389 0.274263 0.422497 0.303240
86039 0.120842 0.552572 0.326586
4014 0.164697 0.426463 0.408840
99426 0.715453 0.097016 0.187531
42319 0.623529 0.251271 0.125199
4178 0.212921 0.548174 0.238905
86524 0.516944 0.189145 0.293911
77959 0.257772 0.009771 0.732457
1734 0.549091 0.127795 0.323115
86900 0.010806 0.403870 0.585324
80425 0.170812 0.438829 0.390359
99974 0.766124 0.152359 0.081517
86483 0.765488 0.070239 0.164273
99843 0.178578 0.437897 0.383526
35966 0.631205 0.090416 0.278379
39131 0.209616 0.730581 0.059802
87296 0.416485 0.504792 0.078723
39999 0.057015 0.280067 0.662918
50800 0.200668 0.303553 0.495779
50783 0.327302 0.418919 0.253779
4393 0.098935 0.340356 0.560709
4030 0.426195 0.497747 0.076059
4056 0.406527 0.061615 0.531857
59640 0.238718 0.550430 0.210852
16389 0.127673 0.530370 0.341957
15441 0.145310 0.012533 0.842156
25115 0.036734 0.571830 0.391436
59619 0.414782 0.145163 0.440055
20607 0.179837 0.641012 0.179151
59397 0.045678 0.223137 0.731185
59524 0.124845 0.813981 0.061174
59563 0.207831 0.486294 0.305875
24985 0.127952 0.762197 0.109851
19924 0.203863 0.071665 0.724472
19879 0.321782 0.204178 0.474040
20363 0.053156 0.077012 0.869832
20231 0.553228 0.446772 0.000000
2673 0.028638 0.158750 0.812612
2668 0.510041 0.178338 0.311621
39215 0.466474 0.526177 0.007350
45291 0.371838 0.356630 0.271532
19833 0.007570 0.094367 0.898062
20097 0.091338 0.791697 0.116965
32339 0.011343 0.671279 0.317378
51288 0.073882 0.666359 0.259759
99218 0.455323 0.087335 0.457343
3914 0.424754 0.006445 0.568801
3957 0.680963 0.280079 0.038958
6697 0.736734 0.013831 0.249435
25125 0.087930 0.290219 0.621850
15451 0.211774 0.105146 0.683080
15422 0.714572 0.171538 0.113891
86405 0.621724 0.021218 0.357059
20399 0.838176 0.125006 0.036818
20301 0.097504 0.401280 0.501215
99700 0.072851 0.531877 0.395272
88827 0.634593 0.237231 0.128175
4203 0.520991 0.047118 0.431890
4189 0.329705 0.551612 0.118684
92064 0.155519 0.448514 0.395967
99867 0.206226 0.594657 0.199116
39226 0.481191 0.292983 0.225826
99525 0.001432 0.866912 0.131656
35804 0.560622 0.029017 0.410361
86170 0.054790 0.394751 0.550459
20150 0.068790 0.061516 0.869694
51683 0.178072 0.615436 0.206491
53252 0.525263 0.392503 0.082234
3894 0.498518 0.475415 0.026067
3895 0.256908 0.679806 0.063286
5805 0.105324 0.478297 0.416379
5849 0.702872 0.078910 0.218218
5855 0.287403 0.092299 0.620297
54371 0.133089 0.861463 0.005448
54330 0.286831 0.112044 0.601125
20678 0.228175 0.030447 0.741378
16313 0.523872 0.135241 0.340887
16368 0.599449 0.116907 0.283644
20731 0.645044 0.350051 0.004905
59695 0.056144 0.138778 0.805079
19664 0.729513 0.209981 0.060506
19902 0.028717 0.044914 0.926369
45427 0.012927 0.374305 0.612769
20757 0.177005 0.640465 0.182530
19945 0.209698 0.614240 0.176062
19957 0.251633 0.384229 0.364138
19962 0.190688 0.397117 0.412195
19941 0.793358 0.058095 0.148547
19986 0.007492 0.127234 0.865275
19990 0.470104 0.419088 0.110808
20003 0.566980 0.174266 0.258754
20053 0.513468 0.263068 0.223464
20047 0.816734 0.083726 0.099540
20039 0.422915 0.033624 0.543462
22143 0.079811 0.104610 0.815578
16332 0.504134 0.318953 0.176913
26843 0.240792 0.463228 0.295981
25228 0.430867 0.392354 0.176779
26816 0.258142 0.177412 0.564446
24785 0.098702 0.224110 0.677188
1357 0.436976 0.016388 0.546636
1318 0.261483 0.660930 0.077587
24779 0.076543 0.249312 0.674144
25802 0.218858 0.608541 0.172601
4088 0.322729 0.570163 0.107108
59463 0.162693 0.037751 0.799555
45651 0.209175 0.680351 0.110474
1293 0.391556 0.502148 0.106296
59448 0.279267 0.240481 0.480252
8200 0.398577 0.066722 0.534701
32150 0.111437 0.766780 0.121783
27898 0.925032 0.056013 0.018955
27514 0.096063 0.590084 0.313853
27914 0.050209 0.408422 0.541369
25192 0.181297 0.380298 0.438405
1430 0.062854 0.738426 0.198721
1370 0.406774 0.103216 0.490010
1368 0.692555 0.157548 0.149898
1395 0.479270 0.019232 0.501498
45234 0.203754 0.230005 0.566241
50945 0.197309 0.731685 0.071007
4096 0.096362 0.822680 0.080958
45255 0.482343 0.058678 0.458978
50924 0.806648 0.130170 0.063182
50907 0.069019 0.558699 0.372282
24997 0.318021 0.201121 0.480858
32066 0.061768 0.218576 0.719656
25213 0.052107 0.434939 0.512954
25203 0.038136 0.440228 0.521636
24990 0.226660 0.400480 0.372860
50975 0.054993 0.251815 0.693192
46702 0.302752 0.461606 0.235643
45909 0.389928 0.337818 0.272254
20030 0.077502 0.681310 0.241188
16334 0.157685 0.231376 0.610939
50925 0.163851 0.000000 0.836149
50827 0.529032 0.113790 0.357178
46276 0.287101 0.218302 0.494597
50920 0.505061 0.066161 0.428777
59476 0.607456 0.246353 0.146191
50912 0.494112 0.229776 0.276112
59441 0.817623 0.022081 0.160296
24778 0.758978 0.209567 0.031455
1123 0.142067 0.003451 0.854482
51007 0.404916 0.345365 0.249719
46021 0.629383 0.132706 0.237911
1258 0.159869 0.652285 0.187845
50944 0.288044 0.302384 0.409573
1365 0.754885 0.220714 0.024401
1360 0.630656 0.315314 0.054030
32141 0.574924 0.073309 0.351768
21037 0.549713 0.173891 0.276395
20806 0.588751 0.358825 0.052424
19652 0.258314 0.034607 0.707079
19622 0.026103 0.191662 0.782235
26243 0.068782 0.827623 0.103595
21593 0.305108 0.532362 0.162530
26247 0.086101 0.586444 0.327455
24869 0.908244 0.044823 0.046933
24874 0.954755 0.029843 0.015402
24870 0.318572 0.366720 0.314708
26823 0.378822 0.162324 0.458854
24879 0.058382 0.573168 0.368450
26245 0.647826 0.059291 0.292883
4118 0.030912 0.245383 0.723705
36669 0.700677 0.257972 0.041351
39871 0.211447 0.624214 0.164339
1661 0.049792 0.638370 0.311838
5891 0.618131 0.268194 0.113675
4254 0.828064 0.080187 0.091749
32260 0.107463 0.177060 0.715477
25809 0.133527 0.454276 0.412197
42463 0.647167 0.321982 0.030852
35885 0.045403 0.401741 0.552856
32214 0.021654 0.409340 0.569006
26278 0.779182 0.089003 0.131816
32176 0.679397 0.282390 0.038213
32248 0.399245 0.278882 0.321873
32113 0.143430 0.757599 0.098971
27276 0.181170 0.290004 0.528825
20022 0.874051 0.050803 0.075146
45239 0.025446 0.828575 0.145979
4161 0.722523 0.147744 0.129733
4139 0.445511 0.294350 0.260139
31904 0.018672 0.627826 0.353502
1428 0.483501 0.199493 0.317006
32206 0.560678 0.310311 0.129011
32235 0.307609 0.110040 0.582351
20218 0.563392 0.281712 0.154895
20081 0.510528 0.328872 0.160600
4064 0.876174 0.119523 0.004304
12847 0.372859 0.066793 0.560348
77837 0.399902 0.534713 0.065386
8172 0.123807 0.867938 0.008255
8169 0.537455 0.232586 0.229959
8198 0.876606 0.032908 0.090486
8196 0.210319 0.090963 0.698718
6377 0.336172 0.544782 0.119046
15941 0.062753 0.033052 0.904195
79228 0.043391 0.870835 0.085774
86744 0.050726 0.369557 0.579717
26835 0.371200 0.146061 0.482739
31943 0.245562 0.375748 0.378689
26829 0.467063 0.027904 0.505033
32003 0.466285 0.360295 0.173420
20099 0.008462 0.164769 0.826769
20106 0.259952 0.583519 0.156529
20071 0.448802 0.397324 0.153874
20185 0.254186 0.398314 0.347500
20292 0.660789 0.339211 0.000000
19788 0.606654 0.104939 0.288407
24921 0.134358 0.229569 0.636074
86765 0.385049 0.496409 0.118542
19747 0.053989 0.699234 0.246777
19733 0.612692 0.186876 0.200432
99865 0.456060 0.334419 0.209521
26833 0.378706 0.118867 0.502427
19756 0.470778 0.155729 0.373493
79231 0.393410 0.422853 0.183736
87308 0.554263 0.267251 0.178486
99875 0.275777 0.456503 0.267720
91136 0.803657 0.163761 0.032582
26873 0.619258 0.160328 0.220414
88823 0.077016 0.900964 0.022020
80689 0.168829 0.692114 0.139057
5918 0.132569 0.262352 0.605079
5904 0.533927 0.027041 0.439033
99917 0.083054 0.282046 0.634900
79565 0.342581 0.641728 0.015691
5922 0.578717 0.208401 0.212881
32728 0.091383 0.539564 0.369053
32320 0.117464 0.823496 0.059040
32303 0.727854 0.161945 0.110201
99109 0.806839 0.136862 0.056298
99118 0.517348 0.313605 0.169047
26268 0.783059 0.088316 0.128625
20146 0.189419 0.649215 0.161366
32284 0.015926 0.022661 0.961413
32290 0.012291 0.341588 0.646121
19785 0.095957 0.453878 0.450165
31982 0.193185 0.436801 0.370013
79145 0.383146 0.590339 0.026515
20446 0.136821 0.395591 0.467589
19818 0.226512 0.639033 0.134456
19710 0.413033 0.151015 0.435952
19688 0.316440 0.382958 0.300602
24911 0.399682 0.038772 0.561546
5899 0.037792 0.051315 0.910894
86522 0.305033 0.054309 0.640658
78474 0.440173 0.193738 0.366089
32281 0.794878 0.009571 0.195552
99928 0.146953 0.733940 0.119107
32279 0.035872 0.716056 0.248072
19773 0.468566 0.185447 0.345986
6241 0.216780 0.306149 0.477071
35911 0.291117 0.612555 0.096328
35908 0.219350 0.107762 0.672888
32316 0.400249 0.458686 0.141065
99958 0.419400 0.458155 0.122445
20139 0.232381 0.756554 0.011065
32306 0.112287 0.754410 0.133303
32673 0.188050 0.180409 0.631541
6242 0.113469 0.499830 0.386701
32682 0.054617 0.000000 0.945383
32732 0.978898 0.003413 0.017689
35907 0.664910 0.058793 0.276298
39242 0.104339 0.654631 0.241030
31920 0.141225 0.468789 0.389987
32327 0.065283 0.591663 0.343053
99962 0.468254 0.114806 0.416940
32632 0.574607 0.018791 0.406603
27528 0.456979 0.471691 0.071331
27542 0.166750 0.307557 0.525692
4127 0.655728 0.281119 0.063153
4326 0.000000 0.490013 0.509987
37231 0.069968 0.125706 0.804327
25901 0.051081 0.672368 0.276551
32626 0.223277 0.246376 0.530347
25054 0.481993 0.034972 0.483035
26858 0.024010 0.964051 0.011940
20249 0.327901 0.524559 0.147541
36669 0.146634 0.345614 0.507752
36562 0.584552 0.236821 0.178628
39195 0.862156 0.010996 0.126848
39250 0.375263 0.094254 0.530482
39163 0.231550 0.768450 0.000000
36473 0.461189 0.377262 0.161549
25810 0.384840 0.125802 0.489358
1499 0.460865 0.249717 0.289418
35941 0.369402 0.027225 0.603373
1478 0.314749 0.186636 0.498615
26279 0.118868 0.085358 0.795774
20285 0.286461 0.522425 0.191114
32169 0.604682 0.019219 0.376099
32166 0.421116 0.495504 0.083380
16348 0.034112 0.648180 0.317708
72020 0.218219 0.283069 0.498712
31485 0.325879 0.268820 0.405301
25881 0.049285 0.278796 0.671918
41986 0.715845 0.071524 0.212631
41971 0.253301 0.623931 0.122768
72017 0.097986 0.641854 0.260160
20923 0.057390 0.097636 0.844974
72184 0.386343 0.507898 0.105759
18405 0.634048 0.050282 0.315670
18437 0.063606 0.082357 0.854036
18419 0.293368 0.522676 0.183957
18597 0.249087 0.524858 0.226055
31263 0.131178 0.184786 0.684036
31577 0.251540 0.582240 0.166219
25862 0.092331 0.808545 0.099125
26735 0.381029 0.046438 0.572533
40130 0.705084 0.100615 0.194301
42671 0.128646 0.495404 0.375950
26736 0.291946 0.276038 0.432016
42484 0.446997 0.024161 0.528842
19322 0.597668 0.060942 0.341390
31265 0.462128 0.141636 0.396236
18415 0.561897 0.389769 0.048334
18597 0.806070 0.000000 0.193930
19342 0.292623 0.431017 0.276361
42964 0.330437 0.140350 0.529213
44957 0.270019 0.550393 0.179588
39275 0.007154 0.560670 0.432176
41882 0.245246 0.197390 0.557363
65500 0.613605 0.268137 0.118258
65568 0.486826 0.024194 0.488981
57178 0.782775 0.114898 0.102328
43859 0.230749 0.038767 0.730484
68550 0.639426 0.214462 0.146113
60985 0.258347 0.117381 0.624273
53047 0.326070 0.618807 0.055123
45467 0.236909 0.390612 0.372479
59047 0.343687 0.155369 0.500943
44924 0.300137 0.431506 0.268357
66507 0.441902 0.198635 0.359463
62836 0.139568 0.371909 0.488524
57293 0.373446 0.172516 0.454037
57313 0.228790 0.530457 0.240753
53162 0.136164 0.478253 0.385583
66530 0.703188 0.212091 0.084721
46918 0.030788 0.307550 0.661662
57392 0.078723 0.712360 0.208917
58316 0.126538 0.683276 0.190186
46426 0.194671 0.204885 0.600443
53753 0.293113 0.419834 0.287053
46946 0.113730 0.158051 0.728219
27057 0.015238 0.157443 0.827319
40361 0.977014 0.014356 0.008630
42501 0.355357 0.201738 0.442906
39772 0.266962 0.163703 0.569336
46739 0.501123 0.260724 0.238153
41179 0.280004 0.436754 0.283242
2712 0.492682 0.169312 0.338006
40576 0.000000 0.667701 0.332299
39951 0.326335 0.569030 0.104635
31234 0.438671 0.104044 0.457285
31173 0.112463 0.834095 0.053442
44977 0.682930 0.022561 0.294509
44912 0.097886 0.902114 0.000000
42962 0.601216 0.381185 0.017600
44867 0.302715 0.653677 0.043608
58884 0.620948 0.088020 0.291032
59326 0.037941 0.856812 0.105248
20941 0.189440 0.578077 0.232483
44940 0.206184 0.432489 0.361327
44869 0.040195 0.219547 0.740258
61780 0.247764 0.014780 0.737456
60998 0.939629 0.022724 0.037646
18424 0.102555 0.140981 0.756464
18390 0.529450 0.052832 0.417718
19417 0.673991 0.270204 0.055805
51943 0.339865 0.137975 0.522160
841 0.191626 0.686740 0.121633
31636 0.154399 0.576368 0.269233
25727 0.353055 0.525961 0.120984
85893 0.316762 0.626312 0.056926
99033 0.056973 0.400580 0.542447
98991 0.039148 0.559932 0.400921
36418 0.116533 0.370528 0.512940
79131 0.425261 0.196217 0.378522
85723 0.589267 0.388976 0.021756
85803 0.197951 0.226037 0.576012
92971 0.650650 0.044742 0.304608
41823 0.108873 0.469642 0.421484
44751 0.715529 0.147823 0.136649
42745 0.059677 0.010534 0.929788
86834 0.225506 0.445341 0.329153
85716 0.768712 0.164585 0.066703
90933 0.303819 0.594894 0.101287
79209 0.646033 0.301798 0.052169
25415 0.373067 0.524410 0.102524
18437 0.187104 0.323521 0.489375
58727 0.417611 0.582389 0.000000
98868 0.260114 0.091452 0.648435
72031 0.224835 0.224417 0.550748
71992 0.447759 0.354253 0.197987
2489 0.431009 0.321860 0.247131
38921 0.140852 0.740581 0.118567
44766 0.191963 0.625476 0.182561
728 0.725313 0.259044 0.015642
897 0.580372 0.006772 0.412856
39687 0.578874 0.174216 0.246911
19346 0.327104 0.416770 0.256126
52424 0.024576 0.684328 0.291096
51640 0.388012 0.035015 0.576973
45031 0.105777 0.673736 0.220488
61783 0.336728 0.540580 0.122692
61112 0.433723 0.331047 0.235229
72113 0.018949 0.021961 0.959090
72012 0.034736 0.755559 0.209705
66402 0.214362 0.255787 0.529851
60163 0.052514 0.742791 0.204695
66450 0.415127 0.230740 0.354133
66317 0.202770 0.310805 0.486426
52538 0.489521 0.373339 0.137140
58911 0.449831 0.297359 0.252809
39441 0.289752 0.034333 0.675914
50509 0.010916 0.935941 0.053144
72092 0.088030 0.343514 0.568455
51875 0.490638 0.052939 0.456422
2455 0.190049 0.804349 0.005601
44997 0.079008 0.544578 0.376414
61789 0.390681 0.525287 0.084033
58826 0.009412 0.863901 0.126687
58975 0.103441 0.267080 0.629479
59354 0.110014 0.430055 0.459930
59064 0.533365 0.334152 0.132483
59032 0.572392 0.397313 0.030295
46975 0.302214 0.349498 0.348288
46252 0.765524 0.158417 0.076060
3756 0.136030 0.347112 0.516859
3814 0.091396 0.812825 0.095779
3815 0.253683 0.480520 0.265798
3802 0.991412 0.008588 0.000000
45736 0.177719 0.110041 0.712240
2264 0.205218 0.604184 0.190598
92927 0.435041 0.381149 0.183810
80351 0.438241 0.239873 0.321886
15111 0.313931 0.012562 0.673507
90952 0.469455 0.170466 0.360080
2403 0.342010 0.068366 0.589624
2374 0.029594 0.697456 0.272951
2887 0.051529 0.651038 0.297433
2451 0.055542 0.435785 0.508673
77786 0.284071 0.542077 0.173853
98848 0.088033 0.721891 0.190076
78171 0.640798 0.290128 0.069073
79212 0.465681 0.237242 0.297076
81123 0.127996 0.678323 0.193681
2335 0.083581 0.253101 0.663318
50598 0.519692 0.010214 0.470094
41842 0.033429 0.908036 0.058535
2318 0.111856 0.236257 0.651887
18368 0.038361 0.233410 0.728230
80335 0.454696 0.208010 0.337294
85837 0.429512 0.393901 0.176587
2351 0.368391 0.171540 0.460069
59034 0.130126 0.686089 0.183784
72340 0.141612 0.462505 0.395883
50611 0.374980 0.132998 0.492022
50634 0.180981 0.066862 0.752156
20961 0.157279 0.802835 0.039886
66359 0.423964 0.247233 0.328803
67225 0.092508 0.616379 0.291113
15081 0.585803 0.393138 0.021059
