314 0.112918 0.017335 0.869748
318 0.177819 0.000781 0.821400
183 0.444688 0.052404 0.502908
315 0.251679 0.353571 0.394750
174 0.404718 0.469540 0.125742
325 0.058506 0.327453 0.614042
185 0.237102 0.245300 0.517598
179 0.645947 0.241369 0.112684
149 0.004667 0.109671 0.885662
188 0.107318 0.360489 0.532194
187 0.156586 0.589455 0.253960
339 0.700205 0.215996 0.083799
338 0.033565 0.483198 0.483238
909 0.543172 0.207877 0.248951
913 0.287597 0.186842 0.525561
900 0.099572 0.757887 0.142540
44842 0.511725 0.463099 0.025176
166 0.313038 0.356629 0.330333
343 0.355281 0.416681 0.228037
292 0.772654 0.125627 0.101720
325 0.009322 0.897313 0.093366
2075 0.285450 0.037583 0.676966
3337 0.003188 0.501693 0.495118
3337 0.003267 0.111531 0.885202
3316 0.011746 0.988144 0.000110
3320 0.639782 0.346837 0.013381
3322 0.118326 0.881674 0.000000
3320 0.270996 0.694286 0.034719
3387 0.621642 0.170411 0.207947
3386 0.481276 0.116603 0.402121
3382 0.187026 0.444345 0.368629
2260 0.249652 0.677230 0.073118
2262 0.042893 0.955835 0.001272
2246 0.526241 0.019758 0.454001
292 0.364549 0.522999 0.112452
326 0.746836 0.253164 0.000000
3336 0.450972 0.503084 0.045944
3336 0.848701 0.089111 0.062188
3336 0.063555 0.902358 0.034087
2264 0.898253 0.003233 0.098514
2246 0.186931 0.325544 0.487525
2266 0.665784 0.323495 0.010721
2280 0.945153 0.035087 0.019760
2264 0.523068 0.359926 0.117006
2251 0.477257 0.132902 0.389840
2266 0.273421 0.699149 0.027430
2280 0.549779 0.425806 0.024415
2268 0.452256 0.399080 0.148665
2270 0.151338 0.795488 0.053174
2255 0.419325 0.016287 0.564388
2280 0.153642 0.809816 0.036542
899 0.256780 0.742176 0.001044
890 0.289241 0.134067 0.576692
44884 0.303377 0.497997 0.198626
2284 0.028073 0.926776 0.045150
2075 0.182797 0.429572 0.387631
292 0.001592 0.824328 0.174080
326 0.453525 0.515654 0.030821
3381 0.024612 0.575907 0.399481
3381 0.005562 0.948039 0.046399
3402 0.707138 0.268300 0.024562
2230 0.762538 0.152045 0.085417
2274 0.761890 0.163712 0.074397
2268 0.077187 0.719902 0.202911
2255 0.395249 0.305843 0.298908
3338 0.046611 0.942211 0.011177
3338 0.437289 0.533429 0.029282
3338 0.834005 0.112413 0.053582
2297 0.002623 0.111628 0.885749
2230 0.456342 0.423489 0.120169
2230 0.160008 0.685059 0.154933
2297 0.000219 0.522716 0.477065
2288 0.621728 0.332309 0.045963
2272 0.622982 0.222082 0.154936
2255 0.339754 0.527502 0.132744
2274 0.376378 0.496585 0.127037
2075 0.161048 0.734690 0.104263
2282 0.075248 0.917847 0.006905
2234 0.370981 0.413650 0.215369
331 0.090692 0.898022 0.011285
2076 0.777790 0.065699 0.156511
152 0.104936 0.509868 0.385196
296 0.675423 0.063872 0.260704
326 0.180209 0.741864 0.077927
295 0.512970 0.220662 0.266367
2288 0.220347 0.732273 0.047381
2290 0.925892 0.072976 0.001131
2050 0.540251 0.075270 0.384479
2052 0.296116 0.563694 0.140190
2259 0.289396 0.441351 0.269252
2045 0.227699 0.299725 0.472576
2259 0.311836 0.194071 0.494094
2259 0.325010 0.004448 0.670542
2018 0.108599 0.880276 0.011125
2234 0.098466 0.654259 0.247276
2076 0.184184 0.465879 0.349937
256 0.029579 0.721934 0.248488
2079 0.158902 0.027190 0.813908
2239 0.724370 0.135145 0.140485
2238 0.243473 0.460286 0.296241
2305 0.010940 0.508106 0.480954
2044 0.074842 0.074697 0.850461
2055 0.550472 0.150981 0.298547
2056 0.668271 0.097754 0.233975
296 0.363376 0.281892 0.354733
1979 0.873228 0.079546 0.047226
295 0.379103 0.521754 0.099144
2238 0.009028 0.682406 0.308566
2290 0.079156 0.912533 0.008311
313 0.496197 0.401051 0.102752
2243 0.670420 0.242956 0.086624
2022 0.483737 0.404308 0.111955
2081 0.500330 0.122712 0.376958
2104 0.055370 0.037552 0.907078
2242 0.026884 0.594411 0.378704
2027 0.264887 0.242541 0.492573
2073 0.071710 0.925684 0.002606
2029 0.479980 0.276600 0.243420
3354 0.001595 0.227087 0.771318
3355 0.201684 0.602445 0.195871
3355 0.176430 0.196920 0.626651
2299 0.247394 0.219303 0.533303
1952 0.425595 0.272179 0.302226
2299 0.250657 0.648939 0.100404
2036 0.467266 0.099555 0.433180
2303 0.254605 0.059353 0.686042
2069 0.524361 0.001743 0.473895
294 0.086195 0.121112 0.792693
1978 0.490595 0.354458 0.154947
2081 0.366314 0.454295 0.179391
2079 0.163378 0.444646 0.391976
2104 0.056443 0.754696 0.188861
2307 0.311587 0.230366 0.458046
312 0.384834 0.005856 0.609310
2040 0.387976 0.054187 0.557837
2067 0.035339 0.702678 0.261984
2068 0.166638 0.173771 0.659590
2033 0.044453 0.290100 0.665447
3397 0.306513 0.122770 0.570717
3397 0.293906 0.480383 0.225711
3396 0.171684 0.097754 0.730562
3401 0.230513 0.757517 0.011970
1982 0.671798 0.053974 0.274227
2229 0.196110 0.074557 0.729333
2011 0.075514 0.279143 0.645343
2229 0.164885 0.354248 0.480866
2306 0.272975 0.072597 0.654428
2233 0.113415 0.148178 0.738407
2032 0.737117 0.218533 0.044350
2099 0.151613 0.755034 0.093353
1942 0.162719 0.760742 0.076539
2233 0.091306 0.409760 0.498934
310 0.347895 0.031275 0.620830
2100 0.200800 0.155614 0.643585
312 0.000000 0.232371 0.767629
2233 0.070448 0.648186 0.281367
44781 0.581328 0.092831 0.325842
893 0.030083 0.039640 0.930277
165 0.910762 0.011736 0.077502
44832 0.255165 0.203598 0.541236
2237 0.053715 0.309986 0.636299
2080 0.131841 0.181290 0.686869
2237 0.044653 0.550561 0.404786
2015 0.127741 0.207975 0.664284
2237 0.033506 0.782782 0.183712
2013 0.181925 0.033300 0.784775
2241 0.028407 0.431851 0.539742
2032 0.068472 0.529740 0.401788
1938 0.149783 0.849158 0.001060
2241 0.012600 0.906446 0.080954
1940 0.110768 0.611064 0.278168
2085 0.135824 0.342454 0.521722
332 0.426998 0.084665 0.488337
155 0.161168 0.762407 0.076425
2086 0.682190 0.135721 0.182090
2017 0.051348 0.200559 0.748093
2015 0.028310 0.951268 0.020422
3368 0.317708 0.424709 0.257584
3369 0.699011 0.288257 0.012732
2309 0.772750 0.077375 0.149875
2312 0.693150 0.065357 0.241494
2312 0.257565 0.500263 0.242172
2317 0.736808 0.102855 0.160338
2321 0.750684 0.099263 0.150053
2086 0.108225 0.443149 0.448625
2101 0.292148 0.165421 0.542431
2099 0.138498 0.482435 0.379067
2320 0.504662 0.273587 0.221751
311 0.002258 0.756806 0.240936
1941 0.822019 0.092799 0.085182
2014 0.019239 0.798752 0.182009
2320 0.134776 0.690916 0.174308
2012 0.933133 0.008100 0.058768
2016 0.873837 0.080727 0.045436
258 0.729148 0.262003 0.008849
2148 0.053772 0.819854 0.126373
207 0.372162 0.272259 0.355580
1950 0.112631 0.436092 0.451277
1936 0.803151 0.101979 0.094871
209 0.635085 0.051964 0.312951
3408 0.262218 0.493417 0.244365
3413 0.751521 0.085500 0.162980
3412 0.583506 0.182380 0.234114
3416 0.655366 0.175197 0.169437
287 0.125316 0.550020 0.324664
163 0.285943 0.010342 0.703716
44853 0.043623 0.944794 0.011583
3416 0.340650 0.497321 0.162029
3416 0.029674 0.809388 0.160938
2152 0.252514 0.674174 0.073312
1950 0.455365 0.222837 0.321798
2212 0.247382 0.600023 0.152594
2224 0.654350 0.202848 0.142801
2217 0.840032 0.021803 0.138165
2216 0.752979 0.085241 0.161780
209 0.225613 0.431242 0.343145
2216 0.099744 0.752506 0.147750
44829 0.563683 0.401356 0.034961
2221 0.850922 0.123915 0.025163
2220 0.089289 0.768745 0.141966
2220 0.665793 0.181235 0.152971
2140 0.070616 0.848050 0.081334
1950 0.627710 0.082243 0.290047
945 0.602109 0.124528 0.273363
158 0.867322 0.132678 0.000000
945 0.316332 0.577101 0.106567
1951 0.798059 0.169114 0.032827
3553 0.593555 0.302911 0.103534
3552 0.297129 0.312602 0.390269
2325 0.392288 0.083937 0.523775
2329 0.337891 0.292782 0.369327
2328 0.242952 0.131236 0.625812
2333 0.215788 0.057640 0.726573
2318 0.056408 0.933810 0.009782
1946 0.490248 0.372739 0.137012
2322 0.705904 0.279085 0.015011
2322 0.377491 0.608023 0.014486
2150 0.485128 0.500671 0.014201
2095 0.115555 0.308604 0.575841
440 0.657276 0.254851 0.087873
2088 0.026612 0.777885 0.195503
2166 0.289650 0.639733 0.070617
346 0.204924 0.794470 0.000606
2210 0.276647 0.648848 0.074504
2173 0.061068 0.616251 0.322682
1948 0.624476 0.090429 0.285095
974 0.034079 0.844536 0.121385
2206 0.047192 0.871289 0.081518
946 0.411266 0.457302 0.131432
5 0.150742 0.744348 0.104910
2206 0.465012 0.455332 0.079656
44248 0.409245 0.204191 0.386564
44853 0.052510 0.132802 0.814688
282 0.085693 0.175837 0.738471
289 0.041640 0.468253 0.490107
2207 0.900405 0.002742 0.096853
2202 0.195304 0.703628 0.101068
2202 0.413182 0.483575 0.103243
2198 0.028467 0.836945 0.134588
3435 0.807945 0.077988 0.114067
3434 0.627354 0.195090 0.177555
3434 0.325913 0.504242 0.169845
3431 0.715621 0.160613 0.123766
2198 0.529135 0.331017 0.139849
2198 0.267248 0.592731 0.140021
1946 0.000000 0.003503 0.996497
3426 0.171825 0.535499 0.292676
3426 0.509362 0.203000 0.287639
288 0.000846 0.821369 0.177785
580 0.837516 0.084736 0.077748
2332 0.123461 0.767425 0.109114
2333 0.617420 0.038598 0.343982
2336 0.791189 0.143756 0.065055
2336 0.484492 0.475026 0.040482
2168 0.318744 0.639478 0.041778
2164 0.073148 0.723375 0.203477
2175 0.294313 0.420998 0.284689
1944 0.855956 0.063263 0.080781
2331 0.795036 0.134332 0.070633
2327 0.791082 0.120377 0.088541
3551 0.256206 0.356290 0.387504
2178 0.061404 0.187219 0.751377
2330 0.283072 0.522503 0.194425
283 0.312091 0.644405 0.043504
44433 0.910538 0.068058 0.021404
44248 0.615916 0.082248 0.301836
2335 0.617749 0.018633 0.363618
284 0.125806 0.004606 0.869588
972 0.507496 0.345122 0.147382
2208 0.627545 0.370823 0.001632
2334 0.107908 0.434384 0.457708
44432 0.437269 0.370943 0.191789
44244 0.068550 0.773966 0.157483
194 0.200927 0.289661 0.509412
288 0.864898 0.039151 0.095951
196 0.113276 0.248663 0.638060
2339 0.556632 0.231796 0.211572
577 0.840602 0.099553 0.059845
2338 0.463277 0.117908 0.418815
2169 0.305551 0.670672 0.023777
2207 0.017278 0.646622 0.336100
2165 0.071863 0.920646 0.007491
2207 0.025329 0.241858 0.732813
2160 0.116693 0.202952 0.680355
2203 0.016678 0.728628 0.254694
2487 0.250284 0.080392 0.669324
2062 0.238531 0.539073 0.222395
2061 0.189178 0.559677 0.251145
190 0.347226 0.463079 0.189696
44436 0.634104 0.006777 0.359118
44244 0.657708 0.312514 0.029778
2162 0.155758 0.597326 0.246916
2203 0.017112 0.542605 0.440283
2203 0.021962 0.339799 0.638240
3431 0.033255 0.889663 0.077082
3435 0.044775 0.174394 0.780831
3429 0.867370 0.041579 0.091051
2199 0.020138 0.737004 0.242859
3435 0.040921 0.458188 0.500891
3424 0.349674 0.583896 0.066430
3427 0.051564 0.372496 0.575940
2199 0.032172 0.260382 0.707446
598 0.221882 0.595034 0.183084
2199 0.022296 0.511298 0.466406
937 0.211064 0.430493 0.358443
992 0.075435 0.531356 0.393210
2194 0.295073 0.171083 0.533844
2349 0.140472 0.854050 0.005478
2349 0.046028 0.082506 0.871466
2353 0.121443 0.269302 0.609255
2353 0.147024 0.578431 0.274545
591 0.057579 0.068516 0.873905
2135 0.599381 0.303007 0.097613
3425 0.441497 0.492280 0.066223
2132 0.542147 0.327630 0.130223
192 0.766915 0.157606 0.075479
2345 0.804736 0.054436 0.140828
2341 0.780441 0.035473 0.184086
2344 0.389056 0.451769 0.159175
2161 0.277935 0.319963 0.402102
2349 0.893664 0.070372 0.035964
18 0.291853 0.533521 0.174626
2163 0.648911 0.301409 0.049680
2348 0.054403 0.935182 0.010415
3443 0.608654 0.095143 0.296204
44374 0.442492 0.151852 0.405656
44373 0.088511 0.453514 0.457975
246 0.102388 0.654006 0.243606
936 0.478051 0.414657 0.107292
2195 0.834880 0.079262 0.085859
594 0.304003 0.359218 0.336778
2355 0.034574 0.417346 0.548080
2355 0.077266 0.828704 0.094030
574 0.633989 0.100177 0.265833
2139 0.371104 0.272586 0.356311
605 0.216627 0.096725 0.686648
2190 0.645477 0.283404 0.071119
2136 0.532088 0.077860 0.390051
3428 0.219861 0.272136 0.508003
3433 0.411268 0.022853 0.565879
2157 0.385978 0.377576 0.236446
3433 0.365506 0.269465 0.365029
2197 0.221354 0.119124 0.659522
568 0.686059 0.011072 0.302869
2186 0.001248 0.963901 0.034852
3429 0.027862 0.946886 0.025252
2201 0.009115 0.472019 0.518865
2197 0.173202 0.334716 0.492082
2158 0.702638 0.019206 0.278156
2197 0.142183 0.523994 0.333823
2201 0.050573 0.142473 0.806955
2201 0.022258 0.312520 0.665221
938 0.233227 0.625257 0.141517
573 0.586960 0.306399 0.106641
602 0.236712 0.362213 0.401075
44678 0.013258 0.166568 0.820174
44680 0.139518 0.724416 0.136065
541 0.248806 0.590327 0.160868
3446 0.218923 0.072362 0.708715
222 0.664966 0.026279 0.308754
2183 0.669127 0.209431 0.121441
549 0.262744 0.485189 0.252067
2477 0.275232 0.030118 0.694651
2479 0.248526 0.112155 0.639319
2492 0.367005 0.331353 0.301642
2369 0.139447 0.676585 0.183968
2369 0.067658 0.153757 0.778585
2350 0.855887 0.099639 0.044474
2004 0.763233 0.117159 0.119608
2005 0.058666 0.512253 0.429081
2002 0.213128 0.063361 0.723510
3448 0.188004 0.125185 0.686811
1986 0.124483 0.768363 0.107154
2187 0.443651 0.201501 0.354848
406 0.372463 0.354914 0.272623
38073 0.691534 0.020260 0.288206
406 0.635316 0.077225 0.287459
402 0.408454 0.199900 0.391646
2192 0.314606 0.008739 0.676655
2463 0.543496 0.453495 0.003008
2191 0.306359 0.082363 0.611279
2190 0.032934 0.109525 0.857541
991 0.432127 0.107136 0.460737
3606 0.565346 0.008158 0.426496
3593 0.036963 0.857557 0.105479
546 0.275587 0.606562 0.117851
44675 0.262647 0.534993 0.202360
2452 0.802437 0.092550 0.105014
608 0.671802 0.270360 0.057838
199 0.025151 0.368880 0.605969
1000 0.401822 0.315894 0.282284
229 0.056621 0.397411 0.545968
2439 0.016657 0.015290 0.968053
567 0.336498 0.289251 0.374251
2438 0.461272 0.506713 0.032015
571 0.300764 0.026522 0.672714
571 0.162291 0.801787 0.035922
38071 0.602640 0.215037 0.182324
44255 0.308953 0.625847 0.065199
631 0.319183 0.374701 0.306117
2460 0.122374 0.716444 0.161182
462 0.524906 0.470827 0.004267
2008 0.347090 0.199340 0.453570
2370 0.012530 0.505251 0.482219
2371 0.407500 0.416688 0.175812
3462 0.791504 0.184669 0.023827
3620 0.506563 0.100723 0.392714
2448 0.622599 0.083925 0.293476
2006 0.073373 0.621225 0.305402
37997 0.531682 0.424290 0.044028
200 0.039571 0.066604 0.893825
38074 0.480331 0.168233 0.351435
2125 0.831837 0.131122 0.037040
2123 0.485722 0.315628 0.198650
109 0.360149 0.087630 0.552221
108 0.182725 0.182129 0.635146
2465 0.108486 0.249069 0.642445
2451 0.539833 0.375280 0.084886
3454 0.286568 0.366160 0.347272
113 0.355735 0.448507 0.195758
112 0.046673 0.383588 0.569740
626 0.118289 0.333492 0.548218
44255 0.326496 0.027068 0.646436
467 0.440766 0.392668 0.166566
38065 0.612254 0.294644 0.093102
205 0.658445 0.218193 0.123361
44251 0.345488 0.010648 0.643864
625 0.153090 0.633393 0.213517
2109 0.098110 0.814052 0.087837
2113 0.085999 0.800319 0.113682
1962 0.328013 0.540481 0.131506
446 0.697740 0.084761 0.217499
623 0.300244 0.645202 0.054554
37977 0.205752 0.755793 0.038455
38068 0.585205 0.032713 0.382082
2432 0.530072 0.314041 0.155887
422 0.435374 0.238286 0.326340
38007 0.000024 0.518214 0.481763
557 0.387718 0.342945 0.269337
553 0.457053 0.540663 0.002284
2428 0.213224 0.587224 0.199552
461 0.450213 0.072696 0.477091
619 0.575601 0.205851 0.218548
44258 0.324322 0.089531 0.586147
38063 0.670779 0.265563 0.063658
2429 0.653582 0.053131 0.293287
1977 0.165643 0.641424 0.192933
1973 0.006056 0.728848 0.265096
1970 0.815925 0.081799 0.102277
460 0.282023 0.033313 0.684664
37994 0.105489 0.126717 0.767794
2129 0.305893 0.221320 0.472787
2425 0.545631 0.302161 0.152208
111 0.206044 0.104447 0.689509
2421 0.446124 0.393941 0.159936
3465 0.347913 0.237073 0.415015
111 0.212772 0.581495 0.205733
3456 0.158530 0.036774 0.804696
115 0.275900 0.028560 0.695540
932 0.103536 0.553511 0.342953
115 0.323040 0.442367 0.234593
114 0.230169 0.147292 0.622540
38067 0.756487 0.106916 0.136597
114 0.010250 0.433175 0.556575
395 0.345185 0.371304 0.283511
37987 0.099831 0.887187 0.012982
465 0.010634 0.540697 0.448668
395 0.718615 0.191899 0.089487
3453 0.030023 0.370942 0.599035
924 0.185387 0.758840 0.055773
37991 0.360997 0.030640 0.608363
38009 0.221552 0.245907 0.532541
459 0.372682 0.451319 0.176000
232 0.120307 0.314628 0.565065
82 0.564746 0.389142 0.046112
38060 0.021514 0.096060 0.882426
38060 0.400465 0.393403 0.206132
38067 0.135413 0.581184 0.283403
38033 0.291613 0.206258 0.502129
2419 0.220970 0.498005 0.281025
2118 0.271296 0.519359 0.209346
2114 0.333938 0.471448 0.194614
1956 0.106962 0.131576 0.761462
457 0.224117 0.355881 0.420003
931 0.063134 0.202206 0.734659
1994 0.184772 0.291217 0.524011
1995 0.146617 0.182375 0.671008
33 0.000000 0.652926 0.347074
2414 0.217922 0.016444 0.765634
2130 0.172691 0.689462 0.137847
2001 0.018559 0.798943 0.182498
1931 0.264688 0.523958 0.211354
2410 0.022025 0.156182 0.821792
433 0.183698 0.558841 0.257461
414 0.341921 0.071854 0.586226
414 0.391208 0.532381 0.076411
117 0.294011 0.110146 0.595842
417 0.264382 0.624782 0.110836
2411 0.132206 0.135423 0.732371
416 0.232553 0.419927 0.347520
32 0.688205 0.295997 0.015798
32 0.393580 0.000000 0.606420
561 0.137325 0.706640 0.156035
81 0.239371 0.354824 0.405805
416 0.205873 0.550420 0.243707
2407 0.082147 0.158306 0.759547
416 0.143378 0.824278 0.032344
565 0.083789 0.538323 0.377888
3479 0.046408 0.924872 0.028720
37981 0.110417 0.099834 0.789749
242 0.162650 0.816851 0.020499
3475 0.009631 0.427253 0.563117
38059 0.069946 0.720794 0.209260
38058 0.494724 0.199932 0.305345
38061 0.272577 0.230013 0.497410
245 0.047863 0.242316 0.709821
3468 0.891179 0.053057 0.055764
241 0.172163 0.523284 0.304553
33 0.238603 0.079895 0.681502
930 0.254430 0.416448 0.329122
655 0.465204 0.432290 0.102506
649 0.668681 0.082666 0.248653
646 0.086694 0.587964 0.325342
647 0.948392 0.029739 0.021869
645 0.720736 0.000000 0.279264
645 0.004512 0.113672 0.881816
726 0.000000 0.593583 0.406417
643 0.180129 0.551919 0.267952
647 0.065823 0.138460 0.795716
416 0.509267 0.490733 0.000000
654 0.000000 0.940406 0.059594
656 0.411827 0.000000 0.588173
653 0.515581 0.240984 0.243435
33 0.000000 0.728156 0.271844
32 0.817462 0.182538 0.000000
32 0.443465 0.000000 0.556535
654 0.000000 0.832502 0.167498
670 0.282124 0.458141 0.259735
3097 0.041194 0.082966 0.875840
38059 0.437429 0.245381 0.317190
38056 0.319737 0.575106 0.105157
656 0.602175 0.000000 0.397825
656 0.677248 0.000000 0.322752
634 0.408529 0.000000 0.591471
416 0.227519 0.740313 0.032168
274 0.142364 0.235011 0.622625
38054 0.057436 0.810495 0.132068
736 0.593043 0.105001 0.301957
737 0.030935 0.405935 0.563130
727 0.624497 0.222621 0.152882
635 0.795305 0.080707 0.123988
643 0.215967 0.149060 0.634973
734 0.167682 0.111239 0.721079
472 0.142255 0.666163 0.191582
729 0.399927 0.294014 0.306059
716 0.125831 0.638517 0.235652
135 0.305370 0.259688 0.434943
135 0.333379 0.576235 0.090387
141 0.192076 0.316856 0.491068
412 0.014239 0.615690 0.370071
417 0.628682 0.135346 0.235972
416 0.574834 0.102540 0.322626
843 0.730561 0.144421 0.125018
717 0.025671 0.741897 0.232433
140 0.100273 0.430803 0.468923
38057 0.349190 0.522978 0.127833
416 0.283133 0.468397 0.248470
412 0.238566 0.397271 0.364163
721 0.030513 0.101159 0.868328
38054 0.262672 0.279721 0.457607
2998 0.471529 0.401719 0.126752
2684 0.141727 0.514193 0.344081
2682 0.127138 0.421441 0.451421
86 0.419789 0.283262 0.296948
2994 0.220180 0.694329 0.085491
2990 0.041940 0.909845 0.048216
2990 0.917121 0.041644 0.041235
2986 0.929715 0.052585 0.017700
2521 0.055475 0.113992 0.830533
1379 0.381060 0.073436 0.545504
90 0.386754 0.538948 0.074298
416 0.304871 0.342846 0.352283
1355 0.544135 0.064708 0.391157
417 0.253274 0.544254 0.202472
412 0.531515 0.121190 0.347295
681 0.652061 0.065501 0.282438
414 0.481515 0.437119 0.081366
414 0.427698 0.000000 0.572302
1485 0.696968 0.067612 0.235421
417 0.540143 0.370301 0.089556
3477 0.000413 0.699075 0.300512
417 0.187520 0.232569 0.579911
1931 0.089840 0.667136 0.243024
1487 0.545445 0.069177 0.385379
722 0.440956 0.203856 0.355187
732 0.326647 0.330595 0.342759
725 0.392723 0.506836 0.100441
414 0.820495 0.017433 0.162073
415 0.297173 0.203246 0.499580
3469 0.022378 0.812124 0.165497
38054 0.596335 0.330518 0.073148
666 0.022920 0.723710 0.253370
1170 0.067601 0.767991 0.164408
921 0.195769 0.162954 0.641277
2130 0.093265 0.685337 0.221398
706 0.023930 0.361130 0.614940
417 0.507693 0.124453 0.367854
412 0.013201 0.503259 0.483540
412 0.027300 0.147564 0.825136
1170 0.065157 0.238164 0.696679
779 0.218276 0.351804 0.429920
776 0.232676 0.317936 0.449387
700 0.139343 0.636884 0.223773
2001 0.073957 0.845839 0.080204
272 0.348411 0.399354 0.252235
410 0.291705 0.466145 0.242150
413 0.225662 0.606573 0.167765
411 0.204402 0.652860 0.142738
719 0.569906 0.080318 0.349775
1930 0.534138 0.098370 0.367492
1930 0.644516 0.262640 0.092844
1168 0.073459 0.465741 0.460800
412 0.231869 0.292372 0.475759
921 0.778463 0.067784 0.153753
410 0.746008 0.076035 0.177957
873 0.592165 0.202119 0.205716
873 0.117162 0.576104 0.306733
815 0.095085 0.056000 0.848916
713 0.574313 0.240028 0.185658
413 0.245751 0.373185 0.381064
840 0.455417 0.104309 0.440274
411 0.227844 0.088728 0.683428
923 0.291381 0.037812 0.670807
38055 0.594987 0.314788 0.090225
2001 0.365486 0.532586 0.101929
2000 0.368309 0.041323 0.590368
1997 0.060403 0.674380 0.265217
916 0.359174 0.032388 0.608438
715 0.259784 0.603383 0.136833
742 0.186456 0.723160 0.090384
2000 0.120319 0.411546 0.468135
538 0.031620 0.843920 0.124460
38156 0.080318 0.019943 0.899739
704 0.114425 0.174434 0.711141
743 0.337737 0.568902 0.093361
412 0.522414 0.017668 0.459918
413 0.261951 0.164254 0.573795
684 0.242466 0.301542 0.455991
742 0.407413 0.549800 0.042787
745 0.675939 0.238567 0.085493
744 0.786526 0.000000 0.213474
730 0.123479 0.076666 0.799855
38157 0.127786 0.412417 0.459796
682 0.161391 0.836743 0.001866
683 0.130267 0.869733 0.000000
743 0.385420 0.385292 0.229288
745 0.349618 0.175872 0.474510
674 0.057933 0.913333 0.028734
741 0.038981 0.872593 0.088426
707 0.507024 0.083265 0.409711
666 0.380715 0.426484 0.192802
2000 0.685063 0.283053 0.031884
2000 0.548283 0.429998 0.021720
1996 0.488936 0.475860 0.035204
2000 0.128823 0.760294 0.110883
38152 0.039149 0.117395 0.843456
272 0.402367 0.154252 0.443381
38153 0.202091 0.632592 0.165316
723 0.606352 0.129525 0.264123
733 0.647964 0.178807 0.173229
725 0.424752 0.076750 0.498498
741 0.710022 0.146630 0.143348
741 0.819921 0.129773 0.050306
731 0.147007 0.030746 0.822247
719 0.035421 0.074422 0.890157
741 0.397716 0.135143 0.467141
741 0.088074 0.084904 0.827023
877 0.142440 0.345061 0.512499
688 0.647821 0.004668 0.347512
877 0.695951 0.247025 0.057024
845 0.086106 0.142653 0.771241
794 0.078568 0.703699 0.217733
708 0.826807 0.058160 0.115032
689 0.103927 0.428695 0.467377
105 0.877362 0.122638 0.000000
687 0.540525 0.438462 0.021013
678 0.187152 0.325540 0.487307
674 0.212769 0.247991 0.539240
699 0.375324 0.125895 0.498781
715 0.000000 0.583823 0.416177
666 0.639847 0.216984 0.143169
703 0.279064 0.519788 0.201148
273 0.344037 0.549777 0.106186
506 0.212585 0.100356 0.687060
2678 0.496536 0.146340 0.357124
2522 0.523144 0.405459 0.071396
1383 0.389245 0.371174 0.239581
1359 0.593081 0.318873 0.088046
2680 0.527009 0.178709 0.294281
1489 0.716912 0.280845 0.002243
1491 0.538626 0.225652 0.235722
1166 0.154709 0.690367 0.154924
2996 0.489529 0.017791 0.492680
1166 0.077996 0.173359 0.748645
1169 0.524990 0.021358 0.453652
2992 0.205771 0.366440 0.427789
38156 0.104447 0.755174 0.140379
2993 0.709435 0.007282 0.283283
38156 0.666299 0.096936 0.236765
2989 0.807422 0.160893 0.031685
38152 0.092265 0.612523 0.295211
2984 0.813255 0.080065 0.106680
38152 0.427754 0.252938 0.319308
3870 0.041020 0.922121 0.036859
3869 0.036217 0.458832 0.504951
3865 0.143538 0.120580 0.735883
15 0.401229 0.399980 0.198792
1450 0.156105 0.225444 0.618451
273 0.083491 0.533174 0.383335
667 0.804680 0.147625 0.047695
675 0.013783 0.949161 0.037056
1610 0.843748 0.067331 0.088921
1615 0.920351 0.024173 0.055476
1614 0.416950 0.466048 0.117002
1801 0.743630 0.165355 0.091015
1800 0.329607 0.214357 0.456035
1805 0.490343 0.162104 0.347553
1768 0.482654 0.214962 0.302384
1705 0.039943 0.168846 0.791212
1028 0.534114 0.403885 0.062002
1629 0.429719 0.001389 0.568892
1626 0.129594 0.615281 0.255125
1643 0.053072 0.496132 0.450796
1641 0.603680 0.061814 0.334506
1636 0.355150 0.402595 0.242255
1632 0.583264 0.070487 0.346249
1640 0.000000 0.695021 0.304979
1653 0.378002 0.437630 0.184368
2565 0.483146 0.391801 0.125052
2565 0.528947 0.424063 0.046990
2563 0.609506 0.115497 0.274997
1671 0.238478 0.696236 0.065286
1670 0.195836 0.000000 0.804164
1668 0.626251 0.182996 0.190754
1669 0.800325 0.056188 0.143486
1656 0.787206 0.053614 0.159180
1649 0.319287 0.655081 0.025632
1660 0.338425 0.061575 0.600001
1199 0.625403 0.191214 0.183382
1198 0.159106 0.500604 0.340289
1647 0.082849 0.715547 0.201604
1642 0.000000 0.039785 0.960215
1592 0.260499 0.027607 0.711894
1603 0.088142 0.689039 0.222819
1608 0.551531 0.340291 0.108178
1655 0.238320 0.527696 0.233984
1612 0.538752 0.173933 0.287315
1799 0.492373 0.159766 0.347861
64 0.054113 0.234132 0.711755
38155 0.084798 0.508379 0.406823
1770 0.413274 0.513332 0.073393
65 0.000000 0.346865 0.653135
1644 0.301872 0.522330 0.175798
1728 0.155023 0.336425 0.508552
1595 0.001958 0.679865 0.318177
1670 0.699890 0.082445 0.217666
1340 0.429869 0.039342 0.530789
1666 0.000000 0.542138 0.457862
1340 0.316787 0.144396 0.538817
38155 0.188347 0.775778 0.035876
1651 0.040492 0.664147 0.295361
1658 0.696592 0.102405 0.201002
1663 0.179753 0.716359 0.103888
38159 0.436957 0.245540 0.317503
1580 0.302370 0.122675 0.574954
1395 0.430554 0.247189 0.322257
38158 0.211751 0.547733 0.240516
2565 0.726462 0.032580 0.240958
2565 0.777896 0.088666 0.133438
2564 0.444056 0.391243 0.164700
1934 0.062353 0.286969 0.650678
2564 0.091653 0.762803 0.145544
2558 0.501681 0.265159 0.233159
1582 0.154799 0.104507 0.740694
1560 0.521856 0.000000 0.478144
38155 0.508015 0.321244 0.170742
1341 0.324759 0.279947 0.395293
1340 0.445164 0.320100 0.234736
1666 0.026843 0.734090 0.239067
1340 0.333109 0.426550 0.240341
1667 0.537904 0.382068 0.080027
1667 0.352364 0.429830 0.217807
1336 0.117629 0.057179 0.825192
1337 0.049755 0.274939 0.675306
1341 0.571902 0.256689 0.171409
1389 0.527430 0.135005 0.337565
1569 0.123678 0.240390 0.635932
1340 0.452699 0.532329 0.014972
1204 0.209453 0.025119 0.765428
38154 0.355615 0.376600 0.267785
1340 0.338752 0.646439 0.014809
1582 0.156573 0.361293 0.482134
1569 0.533814 0.207619 0.258567
1336 0.197311 0.459694 0.342995
1337 0.634674 0.239206 0.126119
1340 0.796403 0.159835 0.043762
1386 0.576494 0.137078 0.286428
1042 0.696647 0.152681 0.150671
1934 0.333565 0.120130 0.546306
2694 0.180376 0.746951 0.072673
2694 0.101785 0.741746 0.156469
1343 0.149244 0.541038 0.309717
1582 0.435716 0.187767 0.376517
38128 0.859341 0.084756 0.055903
1338 0.555366 0.014183 0.430452
1935 0.222269 0.665963 0.111769
1846 0.152574 0.694699 0.152727
1339 0.199926 0.321083 0.478991
1846 0.725060 0.203563 0.071377
1849 0.353107 0.610264 0.036629
2541 0.637402 0.170830 0.191768
38160 0.839791 0.043281 0.116928
1338 0.128991 0.041549 0.829460
1842 0.213599 0.737729 0.048672
1343 0.248168 0.221416 0.530416
1343 0.161279 0.662826 0.175895
3863 0.074302 0.394115 0.531583
3884 0.108421 0.756956 0.134623
1342 0.409861 0.031974 0.558165
1338 0.036978 0.488754 0.474268
1571 0.136415 0.099583 0.764002
1387 0.073797 0.553628 0.372575
1935 0.192548 0.522332 0.285119
1338 0.555436 0.122258 0.322306
1577 0.000000 0.694089 0.305911
1343 0.584970 0.295170 0.119860
1342 0.308501 0.144492 0.547007
1342 0.340339 0.390490 0.269171
2693 0.222108 0.293401 0.484491
1481 0.541694 0.341554 0.116752
1342 0.238378 0.515057 0.246565
1342 0.000000 0.511116 0.488884
1573 0.090292 0.032345 0.877363
1663 0.357462 0.061555 0.580983
3893 0.664441 0.297678 0.037881
1342 0.024638 0.784158 0.191205
1039 0.122887 0.198155 0.678958
38080 0.031018 0.531708 0.437274
1338 0.032371 0.586819 0.380810
1483 0.330656 0.265008 0.404336
1582 0.775481 0.131046 0.093473
38160 0.195141 0.096223 0.708636
38163 0.612051 0.341866 0.046083
1343 0.667891 0.308146 0.023963
1342 0.335136 0.468073 0.196791
2971 0.531118 0.423654 0.045228
1662 0.244171 0.746607 0.009222
1346 0.214119 0.383614 0.402267
1039 0.603445 0.199234 0.197321
1342 0.233429 0.597822 0.168750
2975 0.403132 0.327349 0.269519
38126 0.756986 0.113202 0.129812
1041 0.052222 0.238534 0.709243
1041 0.469661 0.287863 0.242476
1342 0.024893 0.869257 0.105850
1370 0.094161 0.292608 0.613232
1040 0.645365 0.156471 0.198164
2531 0.737961 0.134766 0.127272
1040 0.568601 0.431399 0.000000
2670 0.211978 0.570278 0.217744
2672 0.231256 0.541822 0.226922
2979 0.223018 0.085116 0.691867
1570 0.303228 0.630822 0.065950
70 0.448179 0.551821 0.000000
70 0.373630 0.598936 0.027434
2979 0.007200 0.820332 0.172468
2980 0.500496 0.381232 0.118272
38162 0.091992 0.087036 0.820972
1322 0.517647 0.172692 0.309661
1578 0.385181 0.387194 0.227625
1570 0.023792 0.000000 0.976208
1393 0.401290 0.527430 0.071280
1008 0.170059 0.014244 0.815697
1384 0.091330 0.290405 0.618265
1855 0.134016 0.146894 0.719090
38105 0.134744 0.424076 0.441180
38091 0.138265 0.030013 0.831722
71 0.236141 0.652120 0.111739
70 0.773844 0.000000 0.226156
70 0.651656 0.004311 0.344033
1323 0.225579 0.153348 0.621073
1575 0.091830 0.706861 0.201310
1855 0.178338 0.215337 0.606325
1162 0.574229 0.027480 0.398291
1854 0.272092 0.472143 0.255766
38164 0.275896 0.046959 0.677145
71 0.000000 0.277414 0.722586
71 0.000000 0.352757 0.647243
1850 0.038425 0.746843 0.214733
1858 0.312100 0.595501 0.092399
1150 0.515725 0.422035 0.062239
38166 0.236216 0.273179 0.490605
3878 0.281514 0.258467 0.460020
38107 0.352763 0.203620 0.443617
3887 0.107816 0.272116 0.620068
1494 0.786214 0.043177 0.170609
1548 0.249062 0.344814 0.406124
38088 0.078397 0.776714 0.144889
1545 0.231799 0.148640 0.619561
44 0.333967 0.201085 0.464948
4162 0.553641 0.105755 0.340605
38150 0.071307 0.529541 0.399152
38094 0.157153 0.205292 0.637555
1495 0.038908 0.357709 0.603383
1155 0.334243 0.098990 0.566767
38169 0.278713 0.682995 0.038292
38170 0.230608 0.422451 0.346942
3000 0.338211 0.391157 0.270632
1493 0.280255 0.393232 0.326513
1161 0.041866 0.594606 0.363528
1036 0.601405 0.390005 0.008590
3002 0.255181 0.304636 0.440183
1926 0.225910 0.308086 0.466004
1037 0.483708 0.323926 0.192366
1034 0.660065 0.188654 0.151281
3016 0.056878 0.067357 0.875765
1909 0.540088 0.030992 0.428920
1035 0.117576 0.344364 0.538060
3020 0.490612 0.357436 0.151951
2687 0.310752 0.454754 0.234494
2691 0.145656 0.811692 0.042652
2568 0.313976 0.643431 0.042593
3052 0.227785 0.517436 0.254780
3022 0.059443 0.467640 0.472917
2539 0.711466 0.031925 0.256608
2572 0.455300 0.254750 0.289950
3041 0.249579 0.324335 0.426085
2534 0.058209 0.108489 0.833302
2788 0.013775 0.395418 0.590807
2559 0.137962 0.191664 0.670374
3043 0.224877 0.222786 0.552337
1534 0.305067 0.085580 0.609352
1128 0.448135 0.516842 0.035023
38173 0.148077 0.741285 0.110638
1553 0.275003 0.531873 0.193124
58 0.440901 0.078503 0.480596
1475 0.567913 0.296925 0.135163
1148 0.223753 0.057780 0.718467
1125 0.356935 0.431022 0.212043
4155 0.011189 0.752929 0.235882
38349 0.320566 0.295113 0.384320
4173 0.540930 0.403550 0.055520
1530 0.174536 0.562899 0.262565
1466 0.722419 0.269966 0.007616
3908 0.238479 0.550313 0.211208
1328 0.341409 0.215471 0.443120
1499 0.365310 0.615064 0.019625
1552 0.672883 0.122512 0.204605
1330 0.248358 0.078166 0.673476
1330 0.238341 0.347573 0.414086
1529 0.059476 0.364424 0.576100
2550 0.066863 0.798452 0.134685
2954 0.027036 0.926633 0.046331
2566 0.753401 0.085398 0.161201
3014 0.374265 0.549059 0.076676
38339 0.395045 0.263098 0.341857
2571 0.593649 0.035126 0.371225
2962 0.163775 0.764382 0.071843
2570 0.138717 0.221515 0.639769
1555 0.704881 0.087471 0.207648
1496 0.260636 0.086521 0.652843
2790 0.307709 0.431182 0.261109
2966 0.363417 0.072581 0.564001
1522 0.455643 0.271807 0.272550
1500 0.220756 0.150212 0.629032
2627 0.476665 0.435186 0.088149
56 0.210763 0.548820 0.240417
1918 0.518166 0.377573 0.104261
1174 0.249274 0.021217 0.729509
2658 0.137343 0.644022 0.218636
2624 0.008311 0.682229 0.309460
38341 0.016385 0.245285 0.738330
1173 0.004288 0.077645 0.918068
38584 0.160634 0.113707 0.725659
3899 0.637382 0.059715 0.302903
38340 0.787774 0.139904 0.072322
1866 0.211053 0.602388 0.186560
2724 0.225076 0.099676 0.675248
2957 0.512263 0.157761 0.329976
2961 0.602560 0.026662 0.370778
2960 0.096894 0.588760 0.314346
1524 0.332855 0.463959 0.203186
3902 0.275991 0.570326 0.153683
1512 0.002404 0.098800 0.898795
2721 0.345498 0.412967 0.241535
2953 0.393864 0.164959 0.441177
2965 0.347341 0.651590 0.001068
2698 0.414763 0.152039 0.433198
2703 0.426402 0.351331 0.222268
2804 0.156251 0.581479 0.262270
1116 0.177577 0.210045 0.612378
38581 0.387571 0.150168 0.462260
38439 0.090312 0.594531 0.315156
2804 0.571748 0.224138 0.204113
3902 0.099694 0.010720 0.889586
2790 0.831989 0.005413 0.162598
2800 0.046508 0.820066 0.133427
2789 0.519696 0.425740 0.054563
1503 0.055894 0.806764 0.137342
1122 0.642365 0.072921 0.284714
1504 0.109125 0.034833 0.856041
2946 0.703800 0.276422 0.019778
2965 0.002995 0.013909 0.983096
2942 0.579670 0.373504 0.046826
2942 0.058465 0.918336 0.023199
43 0.069197 0.774261 0.156541
2942 0.737109 0.207642 0.055249
2942 0.904311 0.017971 0.077718
2938 0.520366 0.364034 0.115600
3916 0.523158 0.249298 0.227544
1277 0.803798 0.053645 0.142557
2938 0.707446 0.163579 0.128975
2939 0.842358 0.076904 0.080738
3925 0.746270 0.240685 0.013044
1862 0.187745 0.393168 0.419087
1215 0.052375 0.879596 0.068029
1366 0.070958 0.369588 0.559454
38435 0.020799 0.088490 0.890710
2727 0.318478 0.660594 0.020929
38466 0.391271 0.300542 0.308187
2948 0.684346 0.192533 0.123121
2513 0.084739 0.094761 0.820499
2512 0.831075 0.131233 0.037692
2944 0.406042 0.498759 0.095199
2944 0.806087 0.116994 0.076919
2940 0.318351 0.643992 0.037658
2940 0.503580 0.467699 0.028721
2940 0.705180 0.271845 0.022975
2652 0.004149 0.328483 0.667368
2939 0.016060 0.693598 0.290342
2510 0.125724 0.218586 0.655690
2510 0.656113 0.343887 0.000000
2723 0.267372 0.268835 0.463792
1118 0.504247 0.113772 0.381981
2696 0.135593 0.471492 0.392915
2939 0.030161 0.470869 0.498970
2700 0.413206 0.116151 0.470643
3920 0.014837 0.703954 0.281209
3920 0.252025 0.402250 0.345725
3921 0.341518 0.013782 0.644700
2939 0.037093 0.223630 0.739277
2806 0.403951 0.194652 0.401397
3925 0.082092 0.428108 0.489801
2807 0.636292 0.281502 0.082205
2802 0.137430 0.509251 0.353319
2803 0.780691 0.091532 0.127777
2800 0.913041 0.069027 0.017933
2801 0.013576 0.162079 0.824345
1214 0.198352 0.731078 0.070570
3925 0.096807 0.145965 0.757229
3921 0.127344 0.863681 0.008975
38470 0.001347 0.958937 0.039715
1213 0.777676 0.116038 0.106287
1863 0.504837 0.121037 0.374126
2726 0.243474 0.621050 0.135475
3917 0.300480 0.635175 0.064345
3917 0.197735 0.360837 0.441428
38464 0.218320 0.597107 0.184573
1084 0.036994 0.118399 0.844607
2722 0.717518 0.103354 0.179128
2941 0.129036 0.559519 0.311444
2941 0.113109 0.775626 0.111265
2940 0.032667 0.067205 0.900128
2936 0.057229 0.141077 0.801694
2945 0.039967 0.498312 0.461722
2937 0.218768 0.713311 0.067921
2937 0.232546 0.453053 0.314401
2696 0.058256 0.060375 0.881369
3923 0.307094 0.669157 0.023749
2945 0.009978 0.912545 0.077478
3914 0.175380 0.374348 0.450273
3919 0.521252 0.159219 0.319529
3923 0.370269 0.069495 0.560236
2934 0.321981 0.634967 0.043052
1186 0.036077 0.194718 0.769205
3923 0.336003 0.369096 0.294901
2701 0.065463 0.676268 0.258270
38334 0.122253 0.511062 0.366685
3914 0.503073 0.066517 0.430411
1897 0.076083 0.621039 0.302877
2806 0.472486 0.524222 0.003292
2501 0.471495 0.004047 0.524458
1209 0.517079 0.307242 0.175679
2739 0.189868 0.026472 0.783659
2821 0.029149 0.223627 0.747224
1079 0.777573 0.196235 0.026192
2817 0.064623 0.888478 0.046899
2817 0.066511 0.022200 0.911289
2798 0.278130 0.694354 0.027515
2799 0.072088 0.625995 0.301917
1215 0.389452 0.025512 0.585036
2514 0.060500 0.096560 0.842939
2742 0.371114 0.068241 0.560645
2733 0.536665 0.052080 0.411255
1260 0.545802 0.030959 0.423239
38337 0.086630 0.757359 0.156011
2813 0.104811 0.140453 0.754736
2799 0.170021 0.059621 0.770358
2814 0.268225 0.094809 0.636966
2815 0.500868 0.282856 0.216277
2819 0.067273 0.010343 0.922384
2729 0.577949 0.282450 0.139601
2809 0.403293 0.136988 0.459719
2811 0.782691 0.097473 0.119836
2795 0.328453 0.056751 0.614797
38464 0.111982 0.180251 0.707768
2820 0.511136 0.119137 0.369727
3932 0.244940 0.324911 0.430149
2816 0.145122 0.578589 0.276289
2821 0.662801 0.184039 0.153159
1087 0.023482 0.228428 0.748090
2514 0.203154 0.313745 0.483101
2514 0.167578 0.175657 0.656765
2514 0.337654 0.527208 0.135137
1874 0.228939 0.447258 0.323802
2651 0.350946 0.058184 0.590870
1896 0.909392 0.051234 0.039374
2741 0.189063 0.364387 0.446550
38337 0.307898 0.658892 0.033211
2927 0.267777 0.009400 0.722823
2927 0.258271 0.243424 0.498305
2922 0.246902 0.035081 0.718017
2926 0.113950 0.089533 0.796517
3940 0.039197 0.287520 0.673283
3937 0.550755 0.099456 0.349789
3937 0.520305 0.433162 0.046534
3941 0.384442 0.354116 0.261442
1208 0.742583 0.045807 0.211609
3940 0.334457 0.022559 0.642984
2931 0.187225 0.108665 0.704110
2931 0.172915 0.320071 0.507013
2930 0.106918 0.006823 0.886259
2648 0.286130 0.045514 0.668357
2648 0.560199 0.349839 0.089962
2735 0.676548 0.252088 0.071364
2935 0.081549 0.324913 0.593538
2730 0.573823 0.100909 0.325268
2505 0.174167 0.009674 0.816160
38464 0.070534 0.010818 0.918647
2822 0.455907 0.173266 0.370827
2503 0.071382 0.915557 0.013062
2823 0.639048 0.228675 0.132277
2818 0.106888 0.535732 0.357381
1091 0.026748 0.878050 0.095201
2819 0.471507 0.026229 0.502264
38741 0.784568 0.049807 0.165625
38717 0.140463 0.606282 0.253255
1211 0.478444 0.119108 0.402448
2502 0.196447 0.677087 0.126466
1871 0.137730 0.594405 0.267865
2704 0.034080 0.887242 0.078678
1871 0.598544 0.289195 0.112261
2831 0.082704 0.736867 0.180429
2831 0.099517 0.312707 0.587776
2835 0.092667 0.090614 0.816719
2827 0.249430 0.117401 0.633169
4036 0.285448 0.055660 0.658892
4106 0.090472 0.194420 0.715108
4103 0.336468 0.590304 0.073228
2719 0.702548 0.016297 0.281155
2839 0.073445 0.061046 0.865509
2644 0.766047 0.116177 0.117776
2645 0.470241 0.292524 0.237235
2712 0.009014 0.866156 0.124829
2839 0.013205 0.801003 0.185792
2839 0.055256 0.443727 0.501017
1182 0.261683 0.694550 0.043767
2645 0.140023 0.427101 0.432876
1817 0.086161 0.034094 0.879745
3935 0.070733 0.153905 0.775362
3935 0.069377 0.505181 0.425442
3935 0.075859 0.843377 0.080765
3939 0.055232 0.758579 0.186189
2925 0.047267 0.403605 0.549128
2925 0.050638 0.642221 0.307141
2929 0.019175 0.300589 0.680235
2925 0.044179 0.141811 0.814010
2642 0.422094 0.410362 0.167544
38667 0.088500 0.446291 0.465209
38719 0.522983 0.469829 0.007188
2921 0.063346 0.348538 0.588116
2921 0.058639 0.065964 0.875397
2929 0.010394 0.540921 0.448685
2929 0.003854 0.772880 0.223266
2918 0.583331 0.376545 0.040124
2918 0.114268 0.824502 0.061231
2599 0.829419 0.053846 0.116735
1080 0.355482 0.540782 0.103736
2642 0.221359 0.016475 0.762166
2580 0.002658 0.126450 0.870892
1137 0.053182 0.643142 0.303676
1137 0.437976 0.217724 0.344300
2506 0.023473 0.803174 0.173352
2705 0.051404 0.017967 0.930629
1257 0.907208 0.043691 0.049101
2667 0.055333 0.247899 0.696768
2641 0.456508 0.113849 0.429643
2663 0.336596 0.089324 0.574080
2852 0.309225 0.179445 0.511330
2853 0.517180 0.207426 0.275394
4037 0.459149 0.319440 0.221411
4018 0.755736 0.060621 0.183643
4035 0.052282 0.318619 0.629099
2849 0.580661 0.068556 0.350783
2639 0.750247 0.117956 0.131797
2641 0.040631 0.113085 0.846284
2844 0.335093 0.248635 0.416272
2845 0.590914 0.241353 0.167732
2841 0.690821 0.041953 0.267225
4018 0.356076 0.394191 0.249733
1133 0.274739 0.371979 0.353283
2576 0.171325 0.807394 0.021281
2581 0.194621 0.090026 0.715353
2639 0.446408 0.142120 0.411472
1824 0.739350 0.027797 0.232853
2579 0.010153 0.258958 0.730889
1818 0.587228 0.186073 0.226699
38772 0.362882 0.320601 0.316518
2639 0.057356 0.244187 0.698457
1267 0.433157 0.320398 0.246444
1314 0.755465 0.241980 0.002554
2577 0.948693 0.043257 0.008051
2666 0.673155 0.025704 0.301141
2577 0.205204 0.165410 0.629387
2917 0.351739 0.246316 0.401945
2916 0.038408 0.322149 0.639444
2912 0.012982 0.326884 0.660133
