26166 0.369486 0.443251 0.187263
26166 0.371936 0.442635 0.185429
26166 0.375875 0.444761 0.179364
26166 0.396150 0.433235 0.170615
26166 0.375316 0.443207 0.181477
26166 0.368687 0.442926 0.188387
26166 0.410015 0.440683 0.149302
18194 0.542535 0.136885 0.320579
26166 0.361134 0.457397 0.181469
26166 0.544122 0.232418 0.223460
26166 0.586053 0.345407 0.068540
18194 0.587829 0.044943 0.367228
18194 0.484780 0.430259 0.084961
26167 0.645674 0.010915 0.343411
26128 0.090241 0.021583 0.888176
26167 0.090426 0.355579 0.553995
18191 0.030805 0.323673 0.645522
26706 0.263732 0.690148 0.046120
26536 0.663222 0.336778 0.000000
14716 0.020291 0.004450 0.975259
16256 0.602488 0.213044 0.184468
14867 0.282831 0.540745 0.176424
12759 0.161784 0.249519 0.588697
2163 0.436840 0.289107 0.274054
2196 0.473248 0.303017 0.223735
2215 0.433983 0.130816 0.435200
2212 0.317502 0.009232 0.673266
2313 0.862013 0.019552 0.118434
2302 0.766080 0.189805 0.044114
14732 0.423765 0.099556 0.476679
1507 0.018611 0.974707 0.006681
1790 0.496773 0.315346 0.187882
1532 0.041333 0.047928 0.910739
2210 0.159678 0.413478 0.426844
2195 0.254177 0.438752 0.307071
14579 0.432790 0.293022 0.274188
14407 0.711557 0.223274 0.065170
14602 0.168578 0.717456 0.113966
13173 0.186463 0.784304 0.029233
14719 0.254051 0.083678 0.662271
12717 0.837296 0.104356 0.058348
12707 0.267084 0.383092 0.349824
13163 0.488555 0.185082 0.326363
12727 0.678134 0.057706 0.264159
12691 0.099484 0.328862 0.571654
12711 0.294915 0.157258 0.547827
46 0.260650 0.460298 0.279052
11913 0.045785 0.135265 0.818951
1351 0.462654 0.397054 0.140292
1241 0.053994 0.603896 0.342110
34 0.298915 0.345793 0.355292
1119 0.500416 0.187688 0.311896
1297 0.476384 0.374231 0.149386
1105 0.389255 0.049267 0.561479
1446 0.218332 0.328074 0.453594
1299 0.214781 0.716916 0.068303
1312 0.931928 0.015385 0.052686
1138 0.362104 0.224531 0.413365
843 0.227678 0.414768 0.357554
1131 0.888139 0.063934 0.047927
1328 0.283616 0.270792 0.445592
1460 0.016409 0.267318 0.716273
1025 0.690352 0.027297 0.282351
14778 0.215380 0.518603 0.266016
1299 0.170680 0.002628 0.826692
14302 0.132681 0.797046 0.070274
13952 0.121321 0.363774 0.514905
14282 0.085530 0.464493 0.449977
13862 0.463978 0.138150 0.397872
13947 0.479174 0.245748 0.275078
14025 0.766364 0.001452 0.232185
14095 0.044056 0.183742 0.772203
13804 0.659419 0.109627 0.230954
12597 0.412600 0.013506 0.573894
12436 0.717637 0.174183 0.108180
12660 0.285123 0.336149 0.378728
12588 0.365699 0.513383 0.120918
13984 0.521365 0.120078 0.358557
14165 0.711084 0.215042 0.073874
11994 0.857880 0.114241 0.027879
12431 0.029968 0.884315 0.085716
12627 0.701663 0.201742 0.096595
11979 0.264331 0.571635 0.164034
11959 0.216704 0.088142 0.695154
814 0.417256 0.526282 0.056462
712 0.124278 0.597860 0.277863
608 0.710377 0.092310 0.197314
12514 0.672196 0.220160 0.107645
12548 0.075924 0.796837 0.127239
442 0.458917 0.393024 0.148059
705 0.622922 0.200136 0.176942
914 0.117684 0.371752 0.510564
604 0.653865 0.201692 0.144444
635 0.245770 0.657222 0.097007
646 0.021398 0.884735 0.093867
466 0.158591 0.039557 0.801852
699 0.213434 0.310565 0.476002
502 0.375635 0.200147 0.424218
424 0.474386 0.404746 0.120868
598 0.147514 0.118793 0.733693
539 0.669175 0.193085 0.137740
4028 0.460609 0.039528 0.499863
875 0.348053 0.089328 0.562618
958 0.551083 0.317185 0.131732
4109 0.000000 0.261414 0.738586
623 0.155842 0.315717 0.528441
3800 0.156735 0.323642 0.519623
4066 0.725792 0.183460 0.090748
644 0.354585 0.354601 0.290814
616 0.769674 0.051510 0.178816
4302 0.161290 0.419699 0.419010
14113 0.205308 0.039160 0.755532
29729 0.795189 0.090825 0.113986
14325 0.177386 0.017352 0.805262
14290 0.153180 0.271701 0.575119
14200 0.525492 0.249566 0.224942
13948 0.684194 0.058683 0.257123
14091 0.184681 0.591067 0.224252
29630 0.802074 0.089964 0.107962
14273 0.851506 0.093417 0.055078
29788 0.034834 0.624358 0.340808
14063 0.095918 0.523983 0.380098
3829 0.765664 0.206101 0.028235
4668 0.269291 0.261655 0.469055
3846 0.506345 0.230881 0.262774
3903 0.000000 0.904668 0.095332
880 0.034989 0.781019 0.183992
737 0.085844 0.674174 0.239982
4102 0.306645 0.558385 0.134970
1153 0.175861 0.277978 0.546160
1055 0.773067 0.084660 0.142273
882 0.429622 0.053494 0.516884
4114 0.022905 0.145718 0.831377
4739 0.869535 0.020050 0.110415
1166 0.197679 0.511106 0.291215
4303 0.621878 0.363546 0.014575
4281 0.454074 0.113496 0.432430
4322 0.372202 0.372683 0.255116
4914 0.102830 0.791696 0.105474
1017 0.633531 0.086649 0.279820
4199 0.653257 0.077448 0.269295
4214 0.130980 0.621053 0.247967
739 0.179884 0.300295 0.519821
1150 0.144654 0.580212 0.275134
3772 0.624047 0.103190 0.272762
3910 0.858739 0.094044 0.047217
4173 0.460770 0.041105 0.498125
1171 0.189508 0.472710 0.337782
1289 0.113050 0.817842 0.069108
1226 0.239410 0.363876 0.396713
1257 0.284050 0.481477 0.234473
1551 0.064604 0.451022 0.484374
1200 0.088848 0.061088 0.850064
1166 0.054902 0.678170 0.266928
1279 0.504581 0.139526 0.355893
4500 0.015892 0.260716 0.723391
61 0.293773 0.252509 0.453718
4543 0.156766 0.683747 0.159487
4548 0.343613 0.331880 0.324507
1572 0.136455 0.428262 0.435283
1666 0.254715 0.307239 0.438046
1854 0.006644 0.052578 0.940778
1638 0.129032 0.405842 0.465126
3268 0.054155 0.212485 0.733361
4370 0.701066 0.229902 0.069033
3555 0.234227 0.035400 0.730373
5037 0.226481 0.459787 0.313732
4514 0.131777 0.791762 0.076461
4500 0.923144 0.070825 0.006032
1492 0.188048 0.419437 0.392515
1769 0.257795 0.682694 0.059511
1942 0.251612 0.707493 0.040895
38041 0.000000 0.456452 0.543548
3212 0.154592 0.000000 0.845408
3534 0.000000 0.812835 0.187165
1838 0.179353 0.325735 0.494912
3208 0.000000 0.000000 1.000000
1838 0.000000 1.000000 0.000000
38449 0.000000 0.796377 0.203623
4617 0.076316 0.170772 0.752912
6002 0.204343 0.448332 0.347326
6613 0.160131 0.227310 0.612559
4662 0.030294 0.000000 0.969706
5308 0.237982 0.000000 0.762018
6583 0.530147 0.183367 0.286487
6138 0.233659 0.508290 0.258050
5976 0.576251 0.322719 0.101029
5552 0.455111 0.341726 0.203164
5407 0.224804 0.115464 0.659732
4823 0.024032 0.001852 0.974116
5454 0.226854 0.000000 0.773146
5006 0.200388 0.286230 0.513382
5770 0.558962 0.369351 0.071687
5473 0.546431 0.220616 0.232953
30467 0.192090 0.663053 0.144857
30649 0.155801 0.470561 0.373638
29863 0.524274 0.395154 0.080573
30254 0.054440 0.529267 0.416293
29976 0.315764 0.595439 0.088797
30905 0.276189 0.484171 0.239640
30699 0.245198 0.380739 0.374063
32248 0.444471 0.491805 0.063725
30533 0.144561 0.763398 0.092041
32214 0.164216 0.288518 0.547266
32183 0.218041 0.334950 0.447009
32208 0.762378 0.034129 0.203493
32326 0.150445 0.196045 0.653510
31043 0.347116 0.305717 0.347167
31623 0.332566 0.234254 0.433180
31586 0.237610 0.036127 0.726262
31788 0.825220 0.171514 0.003266
32011 0.067344 0.592354 0.340302
32530 0.193814 0.713898 0.092288
32786 0.092930 0.030602 0.876468
29914 0.395930 0.000000 0.604070
30308 0.068531 0.335447 0.596021
30217 0.292959 0.417111 0.289931
30003 0.258919 0.144547 0.596533
29645 0.562935 0.004454 0.432611
30395 0.059116 0.136510 0.804374
30078 0.281990 0.503698 0.214312
29776 0.043317 0.405740 0.550944
29553 0.358541 0.492943 0.148516
14163 0.061668 0.480695 0.457637
29406 0.547717 0.000000 0.452283
29827 0.288184 0.673414 0.038402
29956 0.488439 0.286183 0.225378
29416 0.090695 0.027503 0.881802
29426 0.222552 0.286257 0.491191
14448 0.351369 0.509901 0.138730
14321 0.621705 0.006783 0.371511
14576 0.423530 0.115617 0.460854
14491 0.066869 0.716781 0.216350
14416 0.493213 0.270195 0.236592
14633 0.533472 0.068846 0.397682
14801 0.425689 0.004616 0.569695
14760 0.120776 0.148626 0.730598
14616 0.039380 0.538889 0.421731
30101 0.612339 0.000000 0.387661
13502 0.113240 0.762235 0.124525
13432 0.658680 0.203459 0.137861
13416 0.653546 0.149863 0.196591
29502 0.426118 0.097240 0.476642
1334 0.760566 0.015774 0.223660
1197 0.279853 0.409359 0.310787
1315 0.546800 0.201945 0.251255
246 0.130713 0.384148 0.485139
12162 0.645795 0.061057 0.293148
11997 0.154930 0.787255 0.057814
13353 0.587671 0.080065 0.332263
13474 0.633236 0.262223 0.104540
13480 0.331317 0.282312 0.386371
13404 0.298563 0.471725 0.229712
29448 0.779830 0.217242 0.002928
30144 0.136987 0.652742 0.210271
4560 0.188555 0.766988 0.044457
4535 0.526639 0.072590 0.400771
3559 0.461058 0.214026 0.324915
5020 0.560432 0.219265 0.220303
5790 0.294705 0.579644 0.125651
5254 0.219822 0.631189 0.148989
4498 0.036208 0.331484 0.632308
3738 0.641133 0.118360 0.240507
4523 0.072950 0.429729 0.497321
5384 0.480163 0.302505 0.217332
6509 0.692471 0.169920 0.137609
5267 0.201058 0.263158 0.535784
5319 0.000000 0.687982 0.312018
6828 0.276655 0.015746 0.707599
6265 0.169943 0.658583 0.171474
3556 0.454243 0.388695 0.157062
4427 0.075554 0.042989 0.881457
1731 0.877523 0.058635 0.063843
3596 0.126908 0.140902 0.732189
31176 0.049538 0.420485 0.529977
32131 0.708563 0.082381 0.209056
32370 0.181855 0.267452 0.550693
32096 0.015135 0.264420 0.720445
31946 0.215467 0.660749 0.123784
32775 0.060009 0.017035 0.922955
32068 0.513253 0.295090 0.191657
31217 0.388046 0.455389 0.156565
31445 0.655352 0.048773 0.295875
29835 0.591336 0.384576 0.024088
30194 0.252109 0.308763 0.439128
31402 0.623117 0.050498 0.326384
31148 0.091307 0.476767 0.431926
30951 0.256038 0.395930 0.348033
31450 0.075860 0.730117 0.194024
30891 0.184013 0.197259 0.618728
31424 0.219853 0.518994 0.261154
30169 0.443635 0.323429 0.232937
38486 0.274494 0.693715 0.031791
3337 0.000000 1.000000 0.000000
3542 0.881780 0.118220 0.000000
16234 0.090724 0.568684 0.340592
25093 0.763603 0.135971 0.100426
25389 0.090418 0.860425 0.049156
26264 0.855564 0.087587 0.056849
24610 0.868466 0.027490 0.104044
24871 0.191458 0.697655 0.110886
26309 0.082227 0.626220 0.291553
26635 0.790085 0.125510 0.084405
24351 0.021216 0.893513 0.085271
24445 0.195101 0.471275 0.333625
24059 0.807854 0.041955 0.150191
24286 0.172858 0.376106 0.451036
18105 0.700114 0.096245 0.203641
25673 0.529886 0.029312 0.440802
25663 0.194350 0.273424 0.532226
24266 0.022080 0.163805 0.814115
23751 0.038734 0.385003 0.576263
24677 0.078119 0.716489 0.205392
23750 0.484651 0.126107 0.389242
23657 0.864065 0.021332 0.114603
18068 0.344679 0.539403 0.115918
23877 0.064021 0.032418 0.903561
26115 0.063713 0.768751 0.167536
23847 0.099274 0.023370 0.877356
23260 0.467094 0.241659 0.291246
23267 0.115496 0.717867 0.166636
25922 0.078546 0.896280 0.025174
28239 0.631397 0.000000 0.368603
22534 0.068031 0.174360 0.757608
25692 0.388487 0.611513 0.000000
22470 0.279757 0.022339 0.697904
17502 0.328087 0.555353 0.116560
25769 0.236546 0.228577 0.534877
24346 0.179566 0.117787 0.702647
16672 0.360035 0.636165 0.003799
16917 0.641656 0.254253 0.104091
16956 0.894120 0.054055 0.051825
16878 0.685319 0.013276 0.301405
14559 0.750215 0.026132 0.223653
25733 0.147291 0.495776 0.356933
25607 0.068127 0.873913 0.057960
26503 0.576805 0.023120 0.400075
18195 0.829455 0.170545 0.000000
27945 0.247184 0.417615 0.335201
27530 0.113503 0.502749 0.383748
26172 0.865148 0.009265 0.125587
27024 0.170097 0.269256 0.560647
28137 0.334798 0.535218 0.129983
28107 0.013426 0.789650 0.196924
26469 0.000000 0.304355 0.695645
27502 0.832939 0.032351 0.134709
27604 0.683853 0.085051 0.231097
27039 0.139077 0.471121 0.389802
27479 0.087689 0.481838 0.430473
26698 0.032539 0.545097 0.422364
27273 0.303126 0.513910 0.182964
26539 0.163975 0.794937 0.041089
27603 0.001168 0.493063 0.505769
26158 0.251992 0.383205 0.364804
26104 0.496397 0.244019 0.259584
26001 0.027484 0.873682 0.098835
26715 0.855174 0.052603 0.092223
26903 0.349112 0.586116 0.064772
26178 0.392882 0.594744 0.012375
26166 0.190452 0.009603 0.799945
26217 0.493185 0.095039 0.411776
25392 0.701530 0.192893 0.105577
27030 0.128228 0.650780 0.220992
26549 0.227248 0.421507 0.351245
23658 0.035248 0.646126 0.318625
25006 0.685890 0.270562 0.043548
24326 0.404450 0.567058 0.028492
25582 0.157467 0.192173 0.650360
16868 0.220550 0.215952 0.563498
16830 0.330170 0.010025 0.659805
17157 0.341184 0.622406 0.036410
17630 0.271625 0.158237 0.570137
17576 0.465047 0.436135 0.098818
17603 0.158718 0.028610 0.812672
17589 0.650346 0.065187 0.284467
16120 0.166740 0.722620 0.110640
16002 0.324717 0.092437 0.582846
17138 0.576818 0.416803 0.006380
16837 0.188340 0.709082 0.102578
16570 0.880802 0.097077 0.022121
24579 0.675226 0.158042 0.166732
25875 0.068677 0.205101 0.726221
24579 0.347044 0.532014 0.120942
24001 0.017633 0.849967 0.132399
25512 0.356757 0.509989 0.133254
23755 0.013578 0.592095 0.394327
25393 0.316804 0.312175 0.371020
24579 0.142111 0.716477 0.141413
18098 0.534834 0.442745 0.022421
25347 0.230133 0.075252 0.694615
25169 0.155606 0.125511 0.718884
23754 0.146450 0.235933 0.617617
24540 0.366434 0.000000 0.633566
24001 0.112773 0.088817 0.798410
24880 0.271787 0.621100 0.107113
25251 0.115168 0.396335 0.488497
24088 0.460381 0.124304 0.415315
25187 0.678923 0.269918 0.051159
24664 0.215734 0.025140 0.759126
23055 0.573789 0.096368 0.329843
24257 0.268337 0.350878 0.380785
23764 0.338419 0.290139 0.371441
24716 0.541078 0.059238 0.399683
23321 0.161701 0.185749 0.652550
24257 0.410454 0.043683 0.545863
18129 0.485455 0.281736 0.232809
23781 0.380444 0.006493 0.613063
23780 0.270256 0.199890 0.529853
23061 0.708905 0.111821 0.179274
24170 0.428452 0.497035 0.074513
24455 0.028664 0.495600 0.475736
24147 0.244012 0.556357 0.199631
23834 0.476569 0.369986 0.153445
23832 0.241381 0.040716 0.717902
23337 0.436486 0.003622 0.559892
24443 0.214820 0.164557 0.620622
23104 0.874124 0.005368 0.120508
23791 0.067820 0.290492 0.641688
23346 0.011791 0.823452 0.164756
23740 0.274599 0.257058 0.468343
23347 0.212281 0.386459 0.401259
23769 0.004740 0.062151 0.933108
23975 0.432329 0.106441 0.461230
23743 0.385952 0.532064 0.081985
22706 0.493060 0.212260 0.294681
23353 0.022182 0.292600 0.685219
23364 0.067710 0.733948 0.198342
23365 0.832585 0.079670 0.087745
23373 0.257329 0.523764 0.218907
23369 0.438210 0.242249 0.319541
23377 0.325911 0.126257 0.547832
23079 0.298703 0.263186 0.438111
23070 0.365695 0.415341 0.218964
23071 0.455361 0.102538 0.442102
26887 0.578393 0.349360 0.072247
26762 0.446137 0.324716 0.229147
17705 0.006996 0.459225 0.533779
26270 0.266414 0.234963 0.498623
28170 0.000000 0.710338 0.289662
28182 0.000000 0.000000 1.000000
28215 0.359347 0.531122 0.109531
26267 0.467312 0.421246 0.111442
18242 0.000000 0.459060 0.540940
26461 0.218405 0.449236 0.332359
30821 0.779444 0.032356 0.188199
12607 0.069346 0.322160 0.608494
14169 0.727566 0.272336 0.000098
14240 0.063947 0.623515 0.312538
14168 0.067149 0.487693 0.445157
18183 0.187696 0.289534 0.522770
26057 0.191653 0.782862 0.025486
24959 0.087831 0.428557 0.483612
25735 0.253052 0.237311 0.509638
25709 0.563297 0.209251 0.227452
26105 0.401525 0.046861 0.551614
26055 0.460803 0.253911 0.285286
27914 0.251120 0.182168 0.566712
27931 0.110237 0.779282 0.110481
27898 0.522281 0.374539 0.103179
27852 0.065748 0.666755 0.267497
27089 0.024427 0.957489 0.018084
27823 0.120681 0.225940 0.653379
26383 0.627707 0.251063 0.121229
18267 0.220935 0.051605 0.727460
27474 0.063984 0.930442 0.005574
27632 0.227766 0.766227 0.006007
27474 0.543817 0.144002 0.312181
27931 0.727658 0.263399 0.008943
27632 0.115976 0.138087 0.745937
27553 0.434808 0.411984 0.153208
27633 0.374639 0.147189 0.478171
27520 0.025228 0.530348 0.444424
27698 0.173835 0.444317 0.381848
27698 0.209110 0.653255 0.137635
27719 0.124477 0.477692 0.397831
27718 0.307072 0.087158 0.605769
27698 0.928287 0.065223 0.006490
27699 0.043394 0.054729 0.901877
27699 0.658298 0.095105 0.246597
27520 0.072698 0.705820 0.221482
27450 0.175861 0.233480 0.590659
27400 0.234967 0.593202 0.171831
27949 0.536075 0.054828 0.409097
18265 0.208638 0.210905 0.580457
27399 0.571062 0.015526 0.413413
27399 0.111938 0.370566 0.517496
27376 0.600284 0.202879 0.196837
27441 0.028179 0.274871 0.696950
27355 0.236235 0.141329 0.622436
27388 0.174929 0.762368 0.062703
28378 0.861884 0.068335 0.069781
27989 0.090781 0.150941 0.758279
27955 0.161858 0.299336 0.538806
27632 0.894109 0.082299 0.023592
27841 0.370893 0.181534 0.447573
27872 0.161408 0.636139 0.202453
27718 0.053866 0.780690 0.165444
27980 0.114962 0.437969 0.447069
27980 0.746058 0.169402 0.084539
27981 0.682377 0.199914 0.117709
27981 0.201668 0.188517 0.609815
27873 0.543782 0.246993 0.209224
27895 0.666472 0.232322 0.101206
27896 0.258031 0.081173 0.660797
27873 0.300961 0.321187 0.377851
27873 0.053179 0.581910 0.364910
27894 0.606012 0.337889 0.056099
17737 0.132259 0.519036 0.348705
27519 0.274373 0.268240 0.457387
27564 0.088338 0.314480 0.597182
27564 0.298827 0.371914 0.329259
27633 0.377562 0.335483 0.286954
27521 0.087386 0.897475 0.015139
27699 0.050605 0.346940 0.602455
27719 0.645227 0.082152 0.272621
27719 0.376433 0.186461 0.437106
27719 0.193223 0.522144 0.284633
27699 0.535013 0.388565 0.076422
27520 0.027422 0.642549 0.330029
27518 0.256363 0.650990 0.092647
27698 0.467160 0.407082 0.125758
27170 0.311125 0.269482 0.419394
28171 0.088079 0.000000 0.911921
27402 0.633648 0.010961 0.355391
27379 0.685324 0.144224 0.170452
27383 0.412323 0.153838 0.433839
27155 0.027615 0.146196 0.826189
27168 0.206660 0.597178 0.196162
27126 0.109061 0.160489 0.730450
26625 0.267663 0.490812 0.241525
27981 0.040484 0.020409 0.939107
27235 0.242042 0.066603 0.691355
27546 0.290775 0.352915 0.356311
18218 0.172005 0.355752 0.472243
27840 0.392315 0.166555 0.441130
27980 0.028582 0.720839 0.250579
27980 0.624296 0.249661 0.126043
27980 0.445576 0.334888 0.219537
27897 0.808999 0.115783 0.075218
27981 0.626517 0.065781 0.307702
27895 0.131203 0.127319 0.741477
27896 0.476296 0.443795 0.079909
27979 0.250924 0.510492 0.238583
27762 0.035893 0.645149 0.318959
27718 0.468421 0.528597 0.002983
27763 0.191792 0.722852 0.085356
27718 0.043803 0.429411 0.526786
27895 0.344434 0.507779 0.147787
23377 0.051719 0.001404 0.946876
24888 0.376738 0.196198 0.427063
25210 0.177311 0.213150 0.609539
26647 0.354577 0.010325 0.635098
24577 0.087685 0.369295 0.543020
24234 0.009977 0.943589 0.046435
22179 0.577241 0.261562 0.161197
27352 0.316821 0.662117 0.021062
23906 0.047919 0.812574 0.139507
24923 0.092682 0.179207 0.728111
25858 0.154662 0.129808 0.715530
18074 0.000000 0.758897 0.241103
24027 0.195868 0.095866 0.708266
25950 0.308636 0.052949 0.638415
24071 0.266795 0.576087 0.157118
25902 0.346574 0.445242 0.208184
24121 0.334054 0.550402 0.115544
4551 0.237007 0.231903 0.531090
1386 0.101127 0.091622 0.807251
1330 0.208940 0.646170 0.144890
14966 0.121899 0.675140 0.202961
14995 0.095378 0.205860 0.698762
2162 0.216084 0.160981 0.622935
2197 0.289035 0.540642 0.170323
2315 0.576627 0.261794 0.161579
2410 0.725652 0.160736 0.113612
2296 0.438301 0.343807 0.217892
13257 0.794017 0.114559 0.091424
12792 0.148038 0.134240 0.717722
11919 0.184177 0.048273 0.767549
15116 0.114728 0.146427 0.738845
15252 0.084620 0.263073 0.652308
15315 0.104217 0.352033 0.543750
15350 0.070062 0.251785 0.678152
15107 0.157662 0.079577 0.762761
15091 0.179913 0.525608 0.294479
12811 0.106643 0.871136 0.022222
12828 0.184005 0.438533 0.377462
15448 0.313556 0.223556 0.462888
11922 0.303906 0.365361 0.330733
12833 0.612966 0.097257 0.289777
2446 0.173240 0.432576 0.394185
12825 0.142260 0.685460 0.172280
2266 0.135032 0.694256 0.170712
2389 0.752840 0.161866 0.085294
2630 0.145187 0.145938 0.708874
2684 0.569559 0.080424 0.350017
2723 0.637895 0.297591 0.064514
2918 0.789359 0.054304 0.156337
2596 0.122544 0.366985 0.510471
2870 0.676055 0.100167 0.223778
2416 0.269635 0.540099 0.190265
2559 0.274473 0.304583 0.420944
2868 0.167234 0.746616 0.086150
3093 0.026424 0.836867 0.136709
2826 0.444966 0.031299 0.523736
2529 0.017362 0.898575 0.084063
2827 0.788057 0.034781 0.177162
2485 0.064215 0.810220 0.125565
2547 0.026801 0.927679 0.045520
2558 0.776188 0.136013 0.087799
15493 0.149590 0.040310 0.810100
15380 0.753981 0.091303 0.154715
15639 0.051767 0.557616 0.390617
15874 0.211448 0.297393 0.491158
15908 0.073475 0.036246 0.890280
15796 0.472621 0.356682 0.170697
15728 0.173123 0.311486 0.515391
13232 0.071052 0.084622 0.844326
15565 0.395210 0.373086 0.231704
34068 0.755093 0.194620 0.050287
12852 0.828563 0.139228 0.032208
13050 0.230718 0.454476 0.314805
12944 0.632406 0.238906 0.128688
15752 0.715214 0.158928 0.125858
15471 0.237258 0.299578 0.463165
13716 0.136520 0.244723 0.618757
12969 0.460553 0.195448 0.343999
12907 0.263308 0.400930 0.335762
15530 0.341338 0.157683 0.500980
12899 0.715658 0.239042 0.045300
13721 0.482605 0.155843 0.361553
3046 0.221097 0.162029 0.616874
128 0.135531 0.414571 0.449897
13062 0.213613 0.149440 0.636946
12310 0.132175 0.739408 0.128417
2924 0.616934 0.042230 0.340835
2771 0.173437 0.060750 0.765813
2986 0.198943 0.155589 0.645468
2949 0.495371 0.192679 0.311950
3113 0.941708 0.042094 0.016198
12935 0.110817 0.520439 0.368744
13066 0.413446 0.418586 0.167968
12380 0.282948 0.149810 0.567242
3156 0.212689 0.786578 0.000733
3142 0.333850 0.601187 0.064962
8604 0.187001 0.096645 0.716354
8629 0.719979 0.173751 0.106269
8568 0.557434 0.266785 0.175782
8432 0.083508 0.123532 0.792961
2832 0.121343 0.689763 0.188894
2747 0.132291 0.035968 0.831741
3004 0.029625 0.167074 0.803301
2865 0.480702 0.150972 0.368326
15615 0.155072 0.595697 0.249232
15434 0.004349 0.699991 0.295660
33827 0.247870 0.366151 0.385979
3042 0.088057 0.688386 0.223557
15626 0.155806 0.602756 0.241438
15566 0.092324 0.814837 0.092838
15739 0.238628 0.188595 0.572777
33781 0.333433 0.010330 0.656238
33938 0.168058 0.709841 0.122101
33777 0.012143 0.698480 0.289377
33897 0.891326 0.034067 0.074608
131 0.303166 0.322836 0.373998
8740 0.364907 0.533483 0.101610
8708 0.825143 0.166379 0.008478
8531 0.236917 0.339548 0.423535
8621 0.541255 0.301620 0.157125
8523 0.164191 0.583168 0.252641
2901 0.064607 0.012464 0.922929
2777 0.168892 0.681769 0.149338
8403 0.018112 0.104540 0.877348
2592 0.023793 0.704517 0.271690
2761 0.754887 0.002868 0.242245
2518 0.267741 0.521870 0.210389
117 0.775130 0.041522 0.183348
8390 0.209277 0.378477 0.412245
9473 0.152434 0.272397 0.575169
2590 0.462131 0.362468 0.175401
8242 0.005864 0.890024 0.104112
8213 0.256966 0.367248 0.375786
8266 0.697934 0.019376 0.282690
7872 0.611858 0.259891 0.128251
8530 0.596139 0.129895 0.273966
8274 0.112224 0.167069 0.720707
8420 0.282851 0.038015 0.679133
2455 0.088850 0.295675 0.615475
2444 0.671900 0.176419 0.151682
2376 0.274405 0.577128 0.148467
93 0.273117 0.106814 0.620068
2152 0.270902 0.575928 0.153170
2076 0.311397 0.603394 0.085209
2334 0.251526 0.654918 0.093556
2372 0.154398 0.565080 0.280522
7928 0.328591 0.643476 0.027933
2231 0.169061 0.734637 0.096302
1741 0.425445 0.032223 0.542331
7922 0.145349 0.576778 0.277873
1827 0.214447 0.079410 0.706143
1826 0.519758 0.393593 0.086649
1863 0.508452 0.082409 0.409139
1862 0.289352 0.145472 0.565176
1982 0.611112 0.303169 0.085720
8202 0.301507 0.164750 0.533743
8121 0.317413 0.226439 0.456149
8215 0.418831 0.148067 0.433102
2320 0.116457 0.297498 0.586045
2287 0.005102 0.316916 0.677982
2247 0.037977 0.936633 0.025390
1983 0.255883 0.328977 0.415140
1888 0.000000 1.000000 0.000000
38405 0.000000 0.366839 0.633161
3332 0.000000 1.000000 0.000000
1918 0.602297 0.336914 0.060789
9537 0.124018 0.862130 0.013852
10547 0.056116 0.840582 0.103302
10763 0.188049 0.137980 0.673971
9494 0.232769 0.441175 0.326056
9233 0.716550 0.021048 0.262402
11013 0.132763 0.084232 0.783005
10426 0.433671 0.291013 0.275316
10524 0.206202 0.285531 0.508267
10747 0.000000 0.254701 0.745299
9316 0.065902 0.393384 0.540714
9704 0.897249 0.001878 0.100873
9107 0.467172 0.162235 0.370593
9623 0.637240 0.017199 0.345560
35481 0.030395 0.835645 0.133960
35153 0.224650 0.648576 0.126774
35470 0.139816 0.170287 0.689897
35648 0.297375 0.571427 0.131198
34944 0.038258 0.604048 0.357695
35369 0.427727 0.092156 0.480116
35206 0.608839 0.209561 0.181600
35193 0.004687 0.583652 0.411660
35373 0.311473 0.210767 0.477760
34908 0.264636 0.044674 0.690689
36659 0.189675 0.060973 0.749353
36382 0.062630 0.612817 0.324553
36249 0.775371 0.172486 0.052143
36237 0.101082 0.536647 0.362270
36733 0.247009 0.695528 0.057463
36785 0.058136 0.608486 0.333379
35641 0.064745 0.153295 0.781960
35657 0.071179 0.234002 0.694818
35691 0.084445 0.647680 0.267875
34522 0.138923 0.326679 0.534398
34463 0.363460 0.217918 0.418622
34319 0.286676 0.646178 0.067146
34339 0.000000 0.000000 1.000000
33791 0.156502 0.041752 0.801746
35755 0.159240 0.441250 0.399509
33815 0.379036 0.031872 0.589092
33890 0.292747 0.061757 0.645495
15767 0.009122 0.073870 0.917008
35314 0.743743 0.002037 0.254220
34344 0.074603 0.263503 0.661893
33784 0.641277 0.309683 0.049040
34357 0.107204 0.519888 0.372908
34389 0.197294 0.434001 0.368705
34296 0.122097 0.023278 0.854625
13233 0.219169 0.253051 0.527780
15249 0.165043 0.431540 0.403417
15202 0.131964 0.724466 0.143570
15258 0.881199 0.018630 0.100170
13208 0.682225 0.197691 0.120084
14943 0.172170 0.566235 0.261595
14881 0.192263 0.418176 0.389561
15143 0.204301 0.110083 0.685615
13565 0.135136 0.617293 0.247571
34147 0.047876 0.492139 0.459985
13551 0.576464 0.203239 0.220297
14909 0.134510 0.733035 0.132456
2282 0.611638 0.288357 0.100006
2419 0.679408 0.155992 0.164601
13633 0.514485 0.245687 0.239828
12282 0.033481 0.572291 0.394229
13641 0.367659 0.410312 0.222029
13674 0.122103 0.339175 0.538722
34219 0.264426 0.303565 0.432009
1865 0.538777 0.320538 0.140685
8246 0.860204 0.045868 0.093928
9084 0.045116 0.922942 0.031942
9105 0.000000 0.588934 0.411066
7815 0.245249 0.115196 0.639554
7804 0.035477 0.438201 0.526322
8905 0.173225 0.049693 0.777082
9588 0.191982 0.334543 0.473475
7974 0.494912 0.020247 0.484842
7923 0.028743 0.851504 0.119753
10106 0.756626 0.141270 0.102103
8774 0.297189 0.677153 0.025658
11169 0.220986 0.578876 0.200138
7958 0.225924 0.008742 0.765334
8816 0.124534 0.656515 0.218951
10319 0.096328 0.366009 0.537663
8114 0.130434 0.342242 0.527324
8834 0.642852 0.056202 0.300946
9057 0.175557 0.653747 0.170696
7914 0.319150 0.061997 0.618852
34755 0.609312 0.316017 0.074671
35984 0.334833 0.311912 0.353255
36479 0.355064 0.023879 0.621057
36499 0.638288 0.187488 0.174224
36791 0.244533 0.229844 0.525623
36502 0.126823 0.325159 0.548018
36482 0.373399 0.319790 0.306811
34605 0.031490 0.118348 0.850162
34965 0.699057 0.239112 0.061831
33742 0.273198 0.495989 0.230813
34626 0.558681 0.188854 0.252465
34118 0.147815 0.765579 0.086606
34625 0.245938 0.223459 0.530603
34989 0.737964 0.184399 0.077637
34811 0.102495 0.202905 0.694601
34295 0.299123 0.155821 0.545056
33718 0.440057 0.087059 0.472884
35161 0.032360 0.888915 0.078725
15035 0.371867 0.108090 0.520043
3542 0.000000 1.000000 0.000000
3542 0.743997 0.256003 0.000000
16494 0.332818 0.177222 0.489960
17053 0.564341 0.008673 0.426985
21279 0.733542 0.009906 0.256552
20826 0.019941 0.415498 0.564562
22181 0.052353 0.553743 0.393904
20614 0.645493 0.027961 0.326546
22389 0.076307 0.549883 0.373810
22446 0.541995 0.123059 0.334945
21837 0.056414 0.651292 0.292294
22348 0.117794 0.228764 0.653443
22296 0.582688 0.118180 0.299132
20785 0.070067 0.279769 0.650164
23124 0.383399 0.452054 0.164547
22698 0.277934 0.300343 0.421723
23173 0.201849 0.454526 0.343625
22669 0.280322 0.420016 0.299662
22599 0.202639 0.405884 0.391477
23748 0.181845 0.135573 0.682582
23778 0.740004 0.048363 0.211633
18009 0.136750 0.360557 0.502693
22169 0.509833 0.091183 0.398984
22767 0.128959 0.719905 0.151136
22318 0.618760 0.219266 0.161974
22463 0.049724 0.562199 0.388077
29275 0.335163 0.271337 0.393500
21349 0.197707 0.470215 0.332079
20445 0.090597 0.277708 0.631695
17134 0.444392 0.475840 0.079768
17024 0.104623 0.000000 0.895377
16769 0.675324 0.302227 0.022449
17050 0.380751 0.461374 0.157875
17112 0.021148 0.860179 0.118673
29203 0.712188 0.249417 0.038395
29269 0.123743 0.309851 0.566407
21811 0.027471 0.048547 0.923982
18571 0.256477 0.165878 0.577645
18917 0.293041 0.628271 0.078687
20060 0.008911 0.630284 0.360805
21846 0.693970 0.127349 0.178682
19682 0.382446 0.481622 0.135932
20086 0.089497 0.845527 0.064975
18488 0.033307 0.434765 0.531928
18943 0.726220 0.232897 0.040882
18983 0.000000 0.346934 0.653066
19409 0.137961 0.065676 0.796363
20277 0.269587 0.261045 0.469368
19681 0.272162 0.171820 0.556018
17834 0.521302 0.249206 0.229492
20223 0.710828 0.012304 0.276868
20465 0.030878 0.916629 0.052493
20335 0.267726 0.620339 0.111935
17902 0.427510 0.102567 0.469923
20393 0.795099 0.130415 0.074486
20077 0.581815 0.309167 0.109018
19758 0.069102 0.811948 0.118950
20448 0.005389 0.085031 0.909580
20144 0.218402 0.226412 0.555185
20470 0.187924 0.608377 0.203699
17933 0.079818 0.738442 0.181740
20765 0.199883 0.184157 0.615960
19949 0.203038 0.200393 0.596569
17456 0.643374 0.020555 0.336071
19710 0.150557 0.796981 0.052463
21801 0.009692 0.056330 0.933978
23310 0.291521 0.416695 0.291784
20875 0.047912 0.667031 0.285057
20878 0.371920 0.307365 0.320715
23028 0.034444 0.376464 0.589092
17124 0.386167 0.192496 0.421338
17309 0.401426 0.034852 0.563722
17353 0.724045 0.039821 0.236134
17130 0.497548 0.493551 0.008902
17234 0.196824 0.540751 0.262425
17412 0.536198 0.287459 0.176343
17553 0.146395 0.282781 0.570824
17110 0.558469 0.176929 0.264602
16282 0.390824 0.106103 0.503074
16310 0.693603 0.184704 0.121693
16638 0.245633 0.000000 0.754367
16362 0.257566 0.358220 0.384213
20876 0.244298 0.361963 0.393739
23125 0.831006 0.054718 0.114276
22693 0.487444 0.154455 0.358102
21276 0.281861 0.265660 0.452478
17997 0.033050 0.605566 0.361384
23122 0.423513 0.150200 0.426287
21290 0.229335 0.599109 0.171557
21276 0.040076 0.161145 0.798779
22191 0.625136 0.351212 0.023652
21417 0.000000 0.182262 0.817738
23123 0.815134 0.048322 0.136544
21615 0.134876 0.135866 0.729258
22683 0.543176 0.076143 0.380680
23320 0.583034 0.357246 0.059721
21080 0.319580 0.223627 0.456793
21614 0.809076 0.081186 0.109738
23320 0.481764 0.164347 0.353889
21783 0.391920 0.442117 0.165963
22279 0.121044 0.169790 0.709166
22683 0.277296 0.693733 0.028970
21737 0.535141 0.446612 0.018246
22667 0.317914 0.066658 0.615429
21730 0.183335 0.226058 0.590606
22615 0.330683 0.339383 0.329933
23121 0.562827 0.181354 0.255819
22224 0.776946 0.073504 0.149550
21826 0.000000 0.956517 0.043483
22248 0.203409 0.445393 0.351198
17987 0.293596 0.554214 0.152190
22612 0.797598 0.031552 0.170850
22656 0.410652 0.356523 0.232825
22487 0.447191 0.268711 0.284098
23095 0.047090 0.188318 0.764591
22707 0.115022 0.198204 0.686774
22705 0.620352 0.325128 0.054520
23089 0.049605 0.716253 0.234141
23089 0.492042 0.255754 0.252203
23082 0.022884 0.350891 0.626225
23071 0.354214 0.433116 0.212670
23070 0.705355 0.068230 0.226415
23067 0.594930 0.286162 0.118908
20296 0.263403 0.257483 0.479113
19382 0.683872 0.307357 0.008771
19936 0.487652 0.028940 0.483408
20353 0.158460 0.057403 0.784137
19212 0.322710 0.083287 0.594003
19614 0.374762 0.521979 0.103259
19496 0.109635 0.084784 0.805581
20250 0.218030 0.143669 0.638301
29057 0.065503 0.235691 0.698807
29289 0.471004 0.000000 0.528996
19441 0.605858 0.241645 0.152496
19792 0.793009 0.116752 0.090239
29076 0.000000 0.198840 0.801160
29135 0.067040 0.040651 0.892310
28773 1.000000 0.000000 0.000000
17867 0.801925 0.055447 0.142628
15640 0.216530 0.764656 0.018814
15597 0.229345 0.069286 0.701370
15678 0.120185 0.738535 0.141281
20492 0.623643 0.000940 0.375417
21552 0.032669 0.223775 0.743556
20510 0.102453 0.699058 0.198489
20429 0.496744 0.411481 0.091775
18368 0.447931 0.238496 0.313573
18490 0.934338 0.022399 0.043262
18560 0.422177 0.045572 0.532251
18511 0.521919 0.220165 0.257916
19056 0.314889 0.598503 0.086608
19994 0.598442 0.167903 0.233655
18816 0.068874 0.439119 0.492008
19738 0.150948 0.000000 0.849052
18690 0.362070 0.403446 0.234485
17812 0.355877 0.516316 0.127807
18973 0.008437 0.415385 0.576177
18822 0.128765 0.131117 0.740118
19048 0.077636 0.590272 0.332092
18950 0.858456 0.021920 0.119624
19047 0.136061 0.587293 0.276646
18889 0.076126 0.141253 0.782621
18814 0.223173 0.280060 0.496767
18928 0.013152 0.213361 0.773487
18926 0.035447 0.452712 0.511841
18814 0.634786 0.359548 0.005666
18926 0.368422 0.458108 0.173471
18997 0.253772 0.468962 0.277266
17821 0.507593 0.260622 0.231784
19047 0.061259 0.924429 0.014312
19039 0.352641 0.047831 0.599529
19000 0.866558 0.128219 0.005223
19527 0.186407 0.596452 0.217141
19204 0.124883 0.184546 0.690571
19027 0.109823 0.305942 0.584235
18960 0.004711 0.931759 0.063530
19058 0.712249 0.154329 0.133422
19442 0.015796 0.756785 0.227419
19444 0.449986 0.286117 0.263897
29138 0.124960 0.346836 0.528204
18605 0.180963 0.425766 0.393271
18517 0.078425 0.740707 0.180869
18651 0.803099 0.053028 0.143873
17811 0.524359 0.090060 0.385581
18895 0.004562 0.277556 0.717882
18749 0.265184 0.537052 0.197764
18553 0.841845 0.007078 0.151076
18553 0.578602 0.091478 0.329919
18553 0.495871 0.278992 0.225137
18468 0.631393 0.182924 0.185683
18469 0.310233 0.262791 0.426976
18575 0.374931 0.556050 0.069018
18552 0.116248 0.780201 0.103551
18606 0.450447 0.107578 0.441974
18607 0.938944 0.016518 0.044538
18575 0.128293 0.729956 0.141751
18815 0.352866 0.039061 0.608073
18729 0.236385 0.677637 0.085979
19045 0.418561 0.325936 0.255504
18928 0.646076 0.137713 0.216211
18927 0.161180 0.205328 0.633492
19049 0.017747 0.973891 0.008363
18927 0.359672 0.283544 0.356783
18929 0.302190 0.602916 0.094893
18814 0.381518 0.302485 0.315997
18748 0.831937 0.053868 0.114196
18926 0.654596 0.155700 0.189704
19047 0.138621 0.774701 0.086678
19007 0.179574 0.317241 0.503185
18814 0.228851 0.715184 0.055965
19091 0.417868 0.441047 0.141084
19280 0.864528 0.042285 0.093187
19059 0.098952 0.636527 0.264522
19064 0.609246 0.220296 0.170458
19185 0.100051 0.553929 0.346020
19445 0.018686 0.207209 0.774106
18469 0.157401 0.333620 0.508979
18885 0.108880 0.088776 0.802344
19199 0.134006 0.108126 0.757868
18674 0.262821 0.668061 0.069118
18749 0.136022 0.128311 0.735667
18467 0.068842 0.356956 0.574202
18553 0.693537 0.059892 0.246571
18468 0.541052 0.202262 0.256685
18553 0.085475 0.316210 0.598316
18552 0.334223 0.018595 0.647182
18575 0.613211 0.127774 0.259015
18685 0.221642 0.229207 0.549151
18607 0.718046 0.176600 0.105355
19302 0.654424 0.011293 0.334284
18748 0.653014 0.018947 0.328039
18574 0.212583 0.477681 0.309736
18467 0.236606 0.224285 0.539109
20390 0.407548 0.130148 0.462304
20449 0.399869 0.421366 0.178764
20657 0.530393 0.328041 0.141567
12913 0.176195 0.218027 0.605778
20469 0.138023 0.031454 0.830523
21439 0.851099 0.135774 0.013127
19867 0.451853 0.537533 0.010614
21439 0.079664 0.077230 0.843107
22541 0.698083 0.071006 0.230911
23455 0.149173 0.401230 0.449597
22031 0.333594 0.121773 0.544633
20606 0.590186 0.187301 0.222513
21419 0.509522 0.373727 0.116752
21151 0.311278 0.282886 0.405837
21053 0.078149 0.441251 0.480600
24027 0.001545 0.300136 0.698319
2189 0.290248 0.376878 0.332874
7992 0.621550 0.163569 0.214880
24012 0.350310 0.378111 0.271579
36848 0.172779 0.089866 0.737355
10996 0.540678 0.172576 0.286746
6863 0.595974 0.380420 0.023605
6491 0.090757 0.049752 0.859491
32499 0.408287 0.341939 0.249773
32554 0.543069 0.299638 0.157293
5824 0.468906 0.472373 0.058721
6859 0.527180 0.208417 0.264403
32724 0.076818 0.858945 0.064237
33417 0.000000 0.489552 0.510448
33275 0.348419 0.476353 0.175228
32896 0.082593 0.265821 0.651586
32779 0.357885 0.005795 0.636320
32833 0.152079 0.574172 0.273749
32524 0.679387 0.180971 0.139642
32562 0.130942 0.519765 0.349293
32628 0.253172 0.214256 0.532572
33311 0.611027 0.303082 0.085892
32788 0.176152 0.774091 0.049756
32860 0.358796 0.219481 0.421723
32850 0.587050 0.043365 0.369585
33336 0.064169 0.337656 0.598175
33259 0.130009 0.594901 0.275090
32687 0.327989 0.326668 0.345343
33386 0.727712 0.250369 0.021919
32679 0.089024 0.251984 0.658992
32869 0.182090 0.093139 0.724770
32955 0.421909 0.245169 0.332922
33116 0.424024 0.064997 0.510979
33144 0.726505 0.223075 0.050420
33296 0.538225 0.155011 0.306764
33377 0.653762 0.024404 0.321834
33303 0.403007 0.501961 0.095031
32614 0.096320 0.837208 0.066472
6948 0.758687 0.216091 0.025222
6625 0.436942 0.498154 0.064904
6953 0.316283 0.162743 0.520974
6759 0.379635 0.523196 0.097169
6553 0.257027 0.742973 0.000000
6934 0.018985 0.438908 0.542107
7376 0.894121 0.097921 0.007959
6556 0.136707 0.741772 0.121521
6904 0.591272 0.035678 0.373050
6920 0.307853 0.364850 0.327297
7406 0.418360 0.028283 0.553357
6638 0.400546 0.595362 0.004092
6979 0.516304 0.031969 0.451727
6983 0.393786 0.162485 0.443729
7003 0.118602 0.437316 0.444083
7502 0.777683 0.069219 0.153098
7305 0.049050 0.278904 0.672047
6973 0.461553 0.151435 0.387012
7368 0.889026 0.002551 0.108422
11041 0.370081 0.165051 0.464869
10670 0.638180 0.045734 0.316087
10053 0.118547 0.587763 0.293691
10770 0.216650 0.282989 0.500361
10888 0.620396 0.307115 0.072489
36810 0.082540 0.442253 0.475208
36311 0.522026 0.014303 0.463671
36856 0.711543 0.143980 0.144478
10661 0.114660 0.326127 0.559213
11030 0.225186 0.041593 0.733221
11158 0.253033 0.081907 0.665060
37292 0.111375 0.506861 0.381764
37355 0.080205 0.220878 0.698917
37013 0.328800 0.281833 0.389368
37567 0.386554 0.292822 0.320625
37075 0.345487 0.604534 0.049979
37023 0.426994 0.421146 0.151860
36874 0.240444 0.690982 0.068574
37624 0.406090 0.333979 0.259931
37145 0.729372 0.069838 0.200790
37215 0.118246 0.749770 0.131984
37693 0.923716 0.028065 0.048220
37681 0.342640 0.082674 0.574687
37068 0.006441 0.468069 0.525490
37177 0.085471 0.450607 0.463921
37174 0.617659 0.074790 0.307550
36740 0.124428 0.644607 0.230966
37537 0.553169 0.000000 0.446831
36753 0.471979 0.327851 0.200170
37165 0.335303 0.436728 0.227969
36782 0.384122 0.196446 0.419432
37156 0.416688 0.182322 0.400990
37162 0.555194 0.444806 0.000000
37526 0.000000 0.046374 0.953626
37640 0.000000 0.973886 0.026114
37598 0.173854 0.562692 0.263454
37606 0.306696 0.674342 0.018961
11110 0.842031 0.073297 0.084671
10917 0.397395 0.345826 0.256779
11125 0.452548 0.322829 0.224622
11133 0.733924 0.239881 0.026195
10925 0.013711 0.093906 0.892383
11104 0.143239 0.515375 0.341385
11403 0.362316 0.625264 0.012420
11097 0.226892 0.341185 0.431923
10805 0.529124 0.171510 0.299367
11146 0.095189 0.800007 0.104804
10945 0.474582 0.383769 0.141648
11621 0.766187 0.072851 0.160961
11180 0.126201 0.751738 0.122061
11081 0.296594 0.140691 0.562715
11610 0.575470 0.127652 0.296878
11483 0.598168 0.034002 0.367831
11821 0.394613 0.198493 0.406894
11878 0.274140 0.479199 0.246660
11572 0.465209 0.482702 0.052089
11540 0.814024 0.070723 0.115253
20449 0.103691 0.008184 0.888125
17892 0.011283 0.775323 0.213394
20391 0.223294 0.264674 0.512032
20428 0.084265 0.577346 0.338388
20391 0.011584 0.263562 0.724853
20391 0.065589 0.085016 0.849395
20391 0.185107 0.088943 0.725950
20391 0.222442 0.149309 0.628249
20391 0.029893 0.269242 0.700865
20391 0.031127 0.265999 0.702873
20391 0.052493 0.236296 0.711211
20391 0.046706 0.251946 0.701347
20391 0.031034 0.267200 0.701766
20391 0.034063 0.262514 0.703423
20391 0.029897 0.268309 0.701794
14312 0.128809 0.431359 0.439832
2068 0.308276 0.372408 0.319316
29815 0.374641 0.078416 0.546943
