18432 0.810490 0.000000 0.189510
18450 0.368681 0.362630 0.268690
18078 0.531204 0.048208 0.420588
17899 0.188545 0.382187 0.429267
18123 0.172393 0.412253 0.415354
18216 0.247830 0.122827 0.629343
17852 0.039625 0.096905 0.863471
17849 0.464474 0.199274 0.336253
17987 0.613045 0.062579 0.324376
17558 0.668811 0.090767 0.240422
17572 0.297100 0.540812 0.162088
17724 0.496669 0.252472 0.250860
18219 0.140237 0.595733 0.264031
17447 0.000000 0.132175 0.867825
17616 0.250278 0.115373 0.634349
17403 0.284185 0.500267 0.215548
17055 0.294148 0.009012 0.696840
17013 0.310313 0.207769 0.481919
16932 0.590872 0.393371 0.015757
11706 0.015392 0.430177 0.554432
11971 0.331544 0.253744 0.414711
10975 0.076165 0.440519 0.483316
8780 0.248239 0.703812 0.047950
7605 0.184927 0.399748 0.415326
6722 0.783750 0.155574 0.060677
6059 0.892510 0.053400 0.054090
5625 0.465677 0.091501 0.442822
5788 0.103355 0.868435 0.028210
5134 0.430469 0.371878 0.197654
10930 0.078010 0.032217 0.889774
7419 0.378614 0.060541 0.560845
3641 0.510589 0.190293 0.299118
3201 0.895572 0.055986 0.048442
5147 0.220423 0.218195 0.561382
4560 0.021742 0.584764 0.393494
11202 0.169725 0.074004 0.756271
11116 0.484555 0.182711 0.332733
10866 0.274438 0.690815 0.034747
10388 0.488985 0.447425 0.063590
9419 0.542195 0.371113 0.086692
9095 0.523563 0.455648 0.020789
8946 0.021011 0.213116 0.765873
9130 0.955530 0.003637 0.040833
8599 0.728883 0.118214 0.152903
8708 0.004122 0.247192 0.748686
8459 0.484961 0.269275 0.245763
7243 0.573332 0.280936 0.145733
8646 0.786463 0.070578 0.142959
7249 0.311102 0.363986 0.324912
6473 0.671483 0.235761 0.092756
7313 0.373867 0.118786 0.507348
6448 0.084966 0.586572 0.328462
6160 0.062647 0.719935 0.217418
5879 0.132785 0.463523 0.403692
6532 0.393437 0.319303 0.287260
5835 0.038377 0.238695 0.722929
5654 0.175884 0.117822 0.706295
4848 0.020891 0.105600 0.873509
5327 0.454022 0.544229 0.001750
5453 0.677389 0.135660 0.186951
4463 0.434347 0.140421 0.425232
5403 0.014685 0.167904 0.817411
4289 0.277422 0.277407 0.445171
9745 0.159689 0.290522 0.549788
5656 0.398961 0.596982 0.004057
11670 0.359036 0.156907 0.484057
10616 0.086157 0.444278 0.469565
11000 0.773923 0.136197 0.089880
10213 0.449624 0.386868 0.163508
10116 0.364497 0.195557 0.439945
10121 0.022788 0.358571 0.618641
9033 0.406449 0.540899 0.052652
9571 0.564073 0.097741 0.338186
7582 0.602789 0.354046 0.043165
7386 0.509823 0.419429 0.070748
8822 0.237137 0.291712 0.471152
7569 0.287581 0.611220 0.101199
7708 0.162421 0.335265 0.502313
7409 0.333681 0.017648 0.648671
6276 0.100635 0.183384 0.715981
6930 0.766312 0.170811 0.062877
7200 0.025621 0.158522 0.815857
6990 0.147370 0.485799 0.366831
6250 0.190793 0.291246 0.517962
7027 0.312651 0.269575 0.417774
6476 0.068193 0.640097 0.291710
6341 0.192365 0.591235 0.216400
6965 0.629420 0.345368 0.025212
6421 0.202938 0.108808 0.688254
6363 0.497331 0.228701 0.273968
6166 0.271496 0.696012 0.032492
6637 0.634011 0.280277 0.085712
5865 0.189472 0.469000 0.341528
5676 0.678551 0.277811 0.043638
5907 0.213173 0.199892 0.586936
6292 0.322100 0.568832 0.109068
5798 0.565069 0.276237 0.158694
4492 0.200086 0.706246 0.093668
4522 0.443291 0.133896 0.422813
5338 0.052366 0.380956 0.566677
5555 0.014365 0.660034 0.325600
5074 0.515643 0.357890 0.126466
5335 0.196445 0.755095 0.048459
5742 0.154123 0.292396 0.553481
4254 0.380984 0.304882 0.314134
4928 0.447280 0.421431 0.131289
4615 0.067069 0.571415 0.361516
4430 0.225490 0.204780 0.569730
5726 0.192467 0.184970 0.622562
5906 0.195494 0.487527 0.316978
4979 0.701412 0.170752 0.127835
8645 0.215442 0.722795 0.061762
8122 0.688987 0.024102 0.286912
11637 0.409852 0.268400 0.321748
9986 0.413727 0.360621 0.225652
9451 0.147689 0.405433 0.446878
9236 0.245595 0.354179 0.400226
8553 0.354176 0.226481 0.419342
8664 0.011762 0.729145 0.259094
8144 0.180688 0.793307 0.026006
8275 0.406363 0.296332 0.297306
7708 0.020828 0.029249 0.949923
3773 0.226777 0.140291 0.632932
2991 0.485465 0.181854 0.332681
2807 0.056797 0.205121 0.738082
2788 0.398902 0.575018 0.026080
3436 0.751954 0.037159 0.210887
3296 0.158522 0.138945 0.702533
2307 0.439296 0.104562 0.456141
3333 0.393148 0.076036 0.530816
2741 0.056135 0.039883 0.903982
2419 0.309115 0.264209 0.426676
1922 0.344276 0.200627 0.455097
1580 0.716781 0.204205 0.079014
2037 0.004232 0.611547 0.384222
1919 0.138201 0.479746 0.382053
1827 0.253930 0.245982 0.500088
1672 0.496196 0.433895 0.069910
1417 0.369511 0.405333 0.225156
2339 0.036260 0.714602 0.249138
1924 0.441884 0.139593 0.418523
1588 0.794063 0.050216 0.155721
4110 0.104377 0.776218 0.119404
4023 0.008903 0.927360 0.063737
4645 0.003994 0.908062 0.087944
4228 0.359000 0.070304 0.570696
4230 0.239051 0.239640 0.521309
2786 0.435692 0.094693 0.469614
2335 0.131675 0.750568 0.117757
3681 0.347809 0.365649 0.286542
2690 0.598542 0.115420 0.286038
2361 0.446237 0.188824 0.364939
2092 0.178785 0.052965 0.768250
2017 0.096863 0.198142 0.704995
2031 0.268514 0.468687 0.262799
2156 0.236582 0.754695 0.008722
2393 0.215918 0.301181 0.482901
2252 0.799892 0.016014 0.184095
2747 0.143110 0.109728 0.747163
2295 0.578572 0.101797 0.319631
2897 0.000572 0.948028 0.051400
2545 0.078093 0.069637 0.852270
2508 0.348075 0.122534 0.529392
2623 0.026284 0.396985 0.576731
1808 0.663404 0.146189 0.190407
1388 0.819423 0.134998 0.045579
1461 0.590567 0.218493 0.190940
2114 0.462137 0.282685 0.255179
1896 0.395963 0.549982 0.054055
2707 0.012608 0.954697 0.032695
2344 0.511593 0.236724 0.251683
3208 0.210934 0.404923 0.384143
1851 0.063521 0.070166 0.866313
1809 0.449401 0.073964 0.476635
655 0.548601 0.086726 0.364672
2167 0.368398 0.631049 0.000553
1857 0.526388 0.406097 0.067515
2106 0.104439 0.812112 0.083448
1687 0.381855 0.594152 0.023993
1961 0.282185 0.092194 0.625621
730 0.893123 0.089973 0.016904
779 0.094049 0.596241 0.309710
1991 0.463585 0.413532 0.122883
1678 0.752876 0.104953 0.142171
1007 0.169804 0.411501 0.418694
1372 0.171372 0.038954 0.789674
1069 0.269205 0.243943 0.486852
319 0.007116 0.241112 0.751772
550 0.457261 0.091338 0.451401
1444 0.748119 0.245435 0.006446
336 0.555489 0.236515 0.207996
792 0.305548 0.356126 0.338325
578 0.084429 0.479151 0.436420
777 0.652413 0.216308 0.131278
7787 0.272002 0.202438 0.525560
7734 0.048531 0.204195 0.747274
8902 0.299303 0.116129 0.584568
9086 0.131487 0.168031 0.700482
10171 0.399578 0.513342 0.087080
9460 0.227300 0.575147 0.197553
8974 0.277352 0.191389 0.531259
7198 0.718847 0.234285 0.046868
8186 0.144918 0.086554 0.768528
7360 0.882227 0.088744 0.029029
7830 0.685779 0.303657 0.010564
8446 0.831651 0.064042 0.104308
8746 0.177075 0.060179 0.762747
7516 0.723327 0.019258 0.257415
6961 0.684326 0.117964 0.197711
7578 0.162150 0.524113 0.313736
8391 0.563413 0.114325 0.322262
8538 0.220675 0.629859 0.149465
7967 0.415588 0.173494 0.410918
8262 0.187213 0.086928 0.725858
8532 0.113667 0.834944 0.051390
8529 0.363568 0.138394 0.498038
10234 0.095141 0.282272 0.622588
10320 0.129830 0.523957 0.346213
8866 0.634321 0.142573 0.223106
9781 0.022970 0.375395 0.601634
10335 0.715043 0.112658 0.172299
10996 0.564070 0.136857 0.299073
9652 0.058529 0.251742 0.689729
11045 0.229714 0.371676 0.398609
8690 0.499153 0.439903 0.060944
8048 0.397844 0.045576 0.556580
7901 0.606769 0.178021 0.215210
8443 0.710938 0.041705 0.247357
7798 0.137191 0.585327 0.277483
11158 0.540908 0.261156 0.197936
11617 0.016442 0.010172 0.973386
11505 0.418825 0.345084 0.236092
12425 0.659637 0.314004 0.026359
12228 0.017226 0.526226 0.456548
12389 0.802283 0.038141 0.159576
12928 0.097151 0.071191 0.831658
11970 0.199065 0.540281 0.260655
11172 0.834146 0.165854 0.000000
9967 0.819923 0.135247 0.044830
9078 0.051490 0.024971 0.923539
9161 0.162845 0.787319 0.049837
10869 0.477642 0.231568 0.290790
10315 0.321652 0.332724 0.345625
5332 0.496481 0.162801 0.340718
5048 0.713087 0.218671 0.068242
5560 0.544542 0.295761 0.159698
5949 0.284069 0.369656 0.346274
6374 0.187872 0.169543 0.642585
6307 0.116223 0.206328 0.677449
7193 0.946733 0.008559 0.044707
7056 0.707892 0.072083 0.220025
7862 0.477926 0.284227 0.237847
7936 0.673562 0.279558 0.046880
8106 0.319672 0.680328 0.000000
8229 0.717472 0.086754 0.195773
4407 0.723474 0.212446 0.064080
4149 0.031003 0.611282 0.357716
1909 0.450403 0.360503 0.189094
1491 0.735803 0.262627 0.001570
986 0.312325 0.675895 0.011780
1351 0.221623 0.132123 0.646253
3956 0.239218 0.444291 0.316492
3429 0.186945 0.362365 0.450689
2181 0.077603 0.075035 0.847362
2240 0.181489 0.176030 0.642481
1159 0.831922 0.147261 0.020817
1843 0.443882 0.452506 0.103612
1535 0.524048 0.018789 0.457163
1097 0.149897 0.371190 0.478913
1457 0.014364 0.714374 0.271262
3663 0.723104 0.181928 0.094968
4442 0.190892 0.662330 0.146778
3843 0.369542 0.309999 0.320459
3273 0.548011 0.371658 0.080331
9305 0.021231 0.312136 0.666633
8549 0.163228 0.649549 0.187224
8411 0.357171 0.343619 0.299210
7226 0.454724 0.299165 0.246111
7035 0.667516 0.201852 0.130631
7188 0.475782 0.250960 0.273258
8612 0.102719 0.709993 0.187287
8206 0.089275 0.578326 0.332399
8647 0.112052 0.273096 0.614852
8898 0.349440 0.269482 0.381078
8815 0.499808 0.458765 0.041427
8028 0.288193 0.028317 0.683490
7943 0.169702 0.549026 0.281272
7701 0.400598 0.014625 0.584777
8566 0.095824 0.074039 0.830138
7446 0.843131 0.119790 0.037079
9426 0.669418 0.090461 0.240121
10179 0.467821 0.488848 0.043331
1358 0.355246 0.332539 0.312215
648 0.661953 0.217915 0.120132
31 0.039049 0.868514 0.092438
13224 0.311094 0.582918 0.105988
18986 0.463796 0.293049 0.243155
18826 0.080413 0.721360 0.198227
17652 0.222777 0.141136 0.636088
19268 0.403758 0.088708 0.507534
19089 0.439021 0.235982 0.324997
17972 0.462359 0.205142 0.332499
17383 0.073771 0.207966 0.718262
19189 0.189095 0.274088 0.536817
19050 0.451028 0.210814 0.338158
19772 0.197937 0.591381 0.210682
19706 0.616293 0.282313 0.101394
19482 0.810857 0.025907 0.163236
18580 0.061639 0.097760 0.840601
18441 0.141482 0.849811 0.008707
18840 0.444835 0.493840 0.061325
19873 0.183246 0.392602 0.424152
19051 0.664602 0.268972 0.066426
19929 0.012556 0.563202 0.424241
19314 0.049185 0.772887 0.177928
18975 0.154475 0.248510 0.597015
18715 0.273835 0.060914 0.665251
17233 0.345615 0.536632 0.117753
18480 0.022333 0.312416 0.665251
16987 0.283652 0.202718 0.513630
17757 0.648779 0.009215 0.342006
16814 0.374245 0.262998 0.362757
16700 0.401132 0.247880 0.350988
16447 0.162736 0.747322 0.089943
16156 0.272316 0.409338 0.318345
16056 0.386317 0.333538 0.280145
15649 0.725769 0.207124 0.067107
15314 0.006318 0.553508 0.440174
15919 0.649278 0.143555 0.207167
14751 0.650267 0.318160 0.031573
13036 0.421439 0.358213 0.220348
14030 0.318249 0.398775 0.282976
12900 0.195122 0.638531 0.166347
11816 0.600027 0.258791 0.141183
15915 0.342057 0.109107 0.548837
16967 0.698556 0.008123 0.293322
16435 0.301800 0.647126 0.051073
18012 0.453562 0.475871 0.070567
15825 0.010913 0.182286 0.806801
15731 0.046553 0.452156 0.501291
17414 0.083327 0.809106 0.107567
17217 0.354787 0.581821 0.063392
16523 0.583645 0.198031 0.218324
16640 0.307732 0.250297 0.441970
17745 0.705670 0.056157 0.238173
16439 0.328692 0.437440 0.233867
16127 0.950067 0.035015 0.014919
16267 0.075631 0.225488 0.698882
16670 0.008764 0.656199 0.335037
17228 0.543335 0.365103 0.091562
16866 0.594938 0.061261 0.343801
17287 0.740420 0.202856 0.056724
16953 0.053598 0.729637 0.216764
18005 0.121737 0.574575 0.303689
18117 0.156639 0.234181 0.609180
18273 0.510031 0.121533 0.368436
16785 0.224942 0.030991 0.744067
16927 0.301276 0.387419 0.311305
17065 0.256054 0.433522 0.310423
17555 0.091942 0.620030 0.288029
16748 0.659389 0.229616 0.110995
19120 0.976730 0.001517 0.021753
15999 0.067239 0.308590 0.624171
15767 0.227855 0.733040 0.039105
16418 0.477670 0.520162 0.002168
18956 0.684743 0.282445 0.032812
18673 0.533349 0.194233 0.272419
18963 0.191656 0.032744 0.775600
13399 0.438572 0.112753 0.448675
13152 0.078209 0.466149 0.455641
13654 0.165113 0.814062 0.020825
13797 0.315842 0.441856 0.242302
13616 0.130900 0.710540 0.158560
13918 0.402422 0.416399 0.181180
14106 0.112777 0.385939 0.501285
13185 0.158944 0.011165 0.829891
13049 0.792219 0.134752 0.073029
13626 0.654906 0.323398 0.021696
12932 0.264653 0.120450 0.614897
11739 0.038978 0.429942 0.531080
19515 0.697334 0.034053 0.268613
19074 0.283146 0.651569 0.065286
19634 0.749766 0.044373 0.205862
19834 0.515828 0.213977 0.270195
19161 0.113382 0.850796 0.035823
19963 0.686525 0.085021 0.228454
19274 0.542917 0.394563 0.062520
19634 0.086592 0.148719 0.764689
19885 0.160129 0.804610 0.035261
19244 0.417494 0.294288 0.288219
19381 0.054341 0.391243 0.554416
19961 0.176486 0.568813 0.254701
19631 0.113814 0.240731 0.645455
19865 0.183125 0.235420 0.581454
19357 0.131539 0.635293 0.233167
19508 0.581164 0.173042 0.245795
19921 0.597220 0.148132 0.254648
19596 0.397150 0.101853 0.500997
19377 0.410397 0.425567 0.164036
19450 0.644734 0.103656 0.251610
19799 0.631912 0.200135 0.167953
19960 0.885045 0.070411 0.044544
19432 0.602986 0.397014 0.000000
19953 0.640811 0.303919 0.055270
19844 0.704291 0.271196 0.024513
19549 0.231102 0.072768 0.696130
19876 0.172725 0.181594 0.645681
19863 0.191892 0.742000 0.066109
19354 0.743883 0.133534 0.122584
19836 0.037973 0.851503 0.110524
19483 0.265925 0.538917 0.195158
19507 0.277992 0.373970 0.348039
19702 0.095309 0.442323 0.462368
19749 0.441073 0.507236 0.051692
19777 0.768166 0.114905 0.116929
19350 0.210714 0.278193 0.511093
19516 0.746443 0.047274 0.206283
19225 0.935953 0.028167 0.035880
19370 0.850495 0.041497 0.108008
18863 0.870724 0.129276 0.000000
19148 0.919483 0.024312 0.056204
18906 0.139935 0.794122 0.065943
19168 0.055287 0.613252 0.331461
18515 0.443202 0.256842 0.299956
18522 0.425372 0.550925 0.023703
18718 0.050499 0.616642 0.332859
18363 0.483364 0.304422 0.212214
17968 0.289932 0.296628 0.413440
17725 0.493294 0.259825 0.246880
17256 0.720722 0.153490 0.125788
17354 0.180415 0.200934 0.618651
17343 0.345051 0.339264 0.315686
17617 0.025654 0.374132 0.600215
16861 0.308809 0.431325 0.259865
16500 0.526668 0.021228 0.452104
15580 0.000000 0.733008 0.266992
14810 0.243760 0.178802 0.577438
14635 0.699945 0.021721 0.278335
16438 0.263183 0.599349 0.137468
16083 0.035578 0.143828 0.820594
16188 0.303299 0.224444 0.472257
16077 0.205213 0.525028 0.269759
14052 0.048174 0.394884 0.556942
15353 0.434395 0.032975 0.532630
7734 0.784769 0.196614 0.018617
8073 0.011093 0.808537 0.180370
8768 0.153732 0.277846 0.568422
8724 0.783710 0.195533 0.020757
8927 0.666104 0.207322 0.126574
17592 0.393567 0.134247 0.472186
18093 0.637665 0.358397 0.003939
18297 0.657614 0.139457 0.202929
18571 0.838807 0.107135 0.054058
18711 0.790407 0.157196 0.052397
18094 0.373273 0.593740 0.032987
18325 0.376072 0.556010 0.067917
16012 0.020728 0.626891 0.352381
15713 0.294973 0.065005 0.640022
16349 0.312732 0.476432 0.210836
16530 0.455175 0.443479 0.101346
16207 0.045951 0.294888 0.659161
16371 0.667440 0.322568 0.009992
14541 0.113227 0.761418 0.125355
15739 0.648013 0.275151 0.076836
15814 0.345557 0.505033 0.149410
15529 0.033217 0.276941 0.689842
15666 0.405618 0.562184 0.032198
15682 0.497268 0.265366 0.237365
14388 0.712134 0.052271 0.235595
14891 0.337440 0.355514 0.307046
13783 0.178351 0.056794 0.764855
13594 0.027789 0.675604 0.296606
13935 0.059909 0.662565 0.277526
13139 0.143290 0.054497 0.802213
13017 0.139940 0.000000 0.860060
13229 0.000000 0.000000 1.000000
13020 0.158640 0.463508 0.377852
12957 0.000000 0.469627 0.530373
12835 0.929060 0.000000 0.070940
13237 0.242406 0.494517 0.263077
14774 0.407565 0.520424 0.072010
14346 0.051326 0.924845 0.023829
16228 0.095480 0.192212 0.712308
16145 0.115228 0.308873 0.575899
15132 0.330250 0.442370 0.227380
15459 0.023504 0.233379 0.743117
13903 0.000000 0.473180 0.526820
13602 0.134579 0.000000 0.865421
14333 1.000000 0.000000 0.000000
14962 0.111779 0.888221 0.000000
15974 0.056436 0.114909 0.828655
15670 0.444757 0.007776 0.547467
15659 0.079068 0.416128 0.504805
15355 0.554891 0.096263 0.348847
15286 0.255669 0.681906 0.062425
13325 0.120476 0.279702 0.599822
13408 0.766632 0.233368 0.000000
15275 0.408783 0.478367 0.112850
14472 0.707487 0.000000 0.292513
15222 0.337286 0.220686 0.442028
15468 0.582662 0.070854 0.346484
15200 0.152745 0.254571 0.592684
14713 0.553035 0.282546 0.164419
15262 0.560043 0.148602 0.291355
14771 0.541609 0.201640 0.256751
13558 0.000000 0.759965 0.240035
13662 0.368526 0.446060 0.185414
14448 0.143495 0.464823 0.391682
13442 0.627416 0.370276 0.002308
15191 0.429905 0.424323 0.145772
15023 0.250074 0.563885 0.186041
14073 0.180654 0.283773 0.535573
13288 0.212061 0.040796 0.747143
13149 0.239952 0.453005 0.307042
13339 0.034688 0.914919 0.050393
13028 0.029266 0.066423 0.904310
13110 0.859361 0.000000 0.140639
12901 0.000000 0.439663 0.560337
13248 0.728188 0.109543 0.162269
12957 0.000000 0.965951 0.034049
13017 0.875070 0.000000 0.124930
13648 0.181964 0.057708 0.760328
15974 0.534043 0.000000 0.465957
13578 0.387580 0.151124 0.461296
13975 0.109461 0.000000 0.890539
13975 0.799405 0.009872 0.190722
15173 0.156476 0.035259 0.808265
13865 0.069638 0.387465 0.542898
14962 0.569713 0.430287 0.000000
14577 0.148421 0.284495 0.567084
14768 0.171233 0.443018 0.385749
15567 0.332212 0.309088 0.358700
15659 0.042590 0.448330 0.509080
14309 0.095197 0.727989 0.176814
14376 0.302201 0.429199 0.268600
14529 0.274764 0.680808 0.044428
14974 0.439184 0.355820 0.204995
14946 0.656088 0.000000 0.343912
14331 0.736078 0.182661 0.081261
15360 0.162904 0.247461 0.589634
14071 0.261641 0.104675 0.633684
14049 0.200251 0.429353 0.370396
15262 0.539205 0.203049 0.257746
15200 0.119598 0.285772 0.594630
13325 0.106001 0.341654 0.552345
13808 0.174354 0.574489 0.251157
13297 0.920716 0.079284 0.000000
13847 0.000000 0.039913 0.960087
17226 0.103622 0.896378 0.000000
16795 0.210868 0.664257 0.124875
16820 0.036990 0.173534 0.789477
16673 0.345775 0.380696 0.273529
17341 0.115299 0.674285 0.210416
16429 0.763222 0.095264 0.141515
16577 0.358227 0.473892 0.167881
16589 0.353914 0.207015 0.439071
16805 0.324630 0.348006 0.327363
17278 0.362800 0.559746 0.077454
16556 0.518319 0.000000 0.481681
16448 0.337698 0.000000 0.662302
16390 0.000000 0.600829 0.399171
17282 0.111804 0.086368 0.801828
17648 0.312538 0.299021 0.388441
16697 1.000000 0.000000 0.000000
17326 0.617140 0.000000 0.382860
2221 0.359147 0.225595 0.415258
2188 0.193754 0.722674 0.083572
2118 0.303308 0.163972 0.532720
11150 0.042542 0.445586 0.511872
10202 0.067203 0.442823 0.489975
7572 0.214015 0.053439 0.732546
6862 0.232766 0.403857 0.363378
6101 0.302079 0.434050 0.263872
5530 0.460487 0.052617 0.486896
3902 0.639800 0.001214 0.358986
11567 0.447941 0.310526 0.241533
9198 0.522027 0.323310 0.154663
8722 0.538840 0.162209 0.298950
11490 0.470558 0.127523 0.401920
11072 0.539786 0.117407 0.342807
11397 0.232280 0.314110 0.453609
12193 0.526959 0.271492 0.201549
10856 0.262915 0.559558 0.177526
9810 0.173899 0.619419 0.206682
9315 0.667845 0.049792 0.282363
9306 0.655006 0.214772 0.130222
9671 0.481900 0.470741 0.047359
8659 0.478201 0.229375 0.292423
9017 0.282538 0.121534 0.595928
7718 0.584729 0.226137 0.189134
8944 0.010691 0.631664 0.357645
7425 0.759845 0.103923 0.136232
7575 0.213882 0.399544 0.386574
6998 0.199595 0.546311 0.254094
7785 0.487233 0.356443 0.156324
6816 0.843071 0.125363 0.031566
6674 0.282034 0.468911 0.249056
6195 0.544496 0.074581 0.380923
6227 0.248781 0.649892 0.101327
6534 0.475866 0.007973 0.516161
6175 0.118587 0.394173 0.487241
6197 0.300180 0.478381 0.221439
5316 0.287081 0.367627 0.345292
5934 0.117890 0.131537 0.750573
5808 0.025834 0.863069 0.111096
5282 0.305866 0.389829 0.304305
4489 0.821198 0.008407 0.170395
4322 0.918275 0.053348 0.028377
5717 0.198562 0.556486 0.244952
12026 0.879451 0.093882 0.026667
17 0.388626 0.077659 0.533715
11520 0.226001 0.467848 0.306151
11233 0.127361 0.483411 0.389227
10788 0.207598 0.276173 0.516229
11732 0.165239 0.653524 0.181237
10671 0.057120 0.865200 0.077680
10303 0.465355 0.484494 0.050151
9540 0.288006 0.256849 0.455146
10467 0.315424 0.007683 0.676893
9480 0.018601 0.262896 0.718503
8296 0.188157 0.133597 0.678246
8519 0.585413 0.301246 0.113342
8397 0.443921 0.085511 0.470569
8585 0.511980 0.093081 0.394939
8713 0.646789 0.316379 0.036832
8455 0.005577 0.422015 0.572409
8681 0.081827 0.429285 0.488888
8423 0.424827 0.461904 0.113269
7207 0.157641 0.018762 0.823597
7737 0.725588 0.003080 0.271332
6985 0.232999 0.459316 0.307684
6940 0.197043 0.679580 0.123377
7709 0.031795 0.535475 0.432730
7051 0.493347 0.466123 0.040530
7124 0.882909 0.015899 0.101193
7182 0.245433 0.491910 0.262657
6797 0.072644 0.916966 0.010390
6433 0.416004 0.147683 0.436313
6888 0.248784 0.347284 0.403932
6796 0.257180 0.374520 0.368300
7012 0.112180 0.051936 0.835884
6971 0.348073 0.376550 0.275377
5626 0.547240 0.309773 0.142987
6205 0.798673 0.093715 0.107612
6207 0.200823 0.629217 0.169960
6186 0.217896 0.557797 0.224307
5783 0.679773 0.257429 0.062798
6013 0.035519 0.321661 0.642820
6071 0.085441 0.183251 0.731308
6399 0.710062 0.196500 0.093438
6241 0.258166 0.482736 0.259097
6395 0.427973 0.257647 0.314380
9322 0.043921 0.694181 0.261898
8977 0.198097 0.397602 0.404301
8886 0.943921 0.000000 0.056079
5894 0.069904 0.881835 0.048260
9596 0.048853 0.163170 0.787976
9806 0.533605 0.132611 0.333784
10170 0.643899 0.210534 0.145567
9651 0.180674 0.656635 0.162690
9582 0.157527 0.028799 0.813674
9228 0.300551 0.673754 0.025695
9369 0.103255 0.599558 0.297187
5417 0.623620 0.338196 0.038184
5649 0.231162 0.621267 0.147572
5457 0.713326 0.209230 0.077443
5208 0.133634 0.763323 0.103043
4771 0.352276 0.317769 0.329955
5054 0.233719 0.719068 0.047213
4676 0.199155 0.391514 0.409331
4829 0.134552 0.563574 0.301874
3833 0.645423 0.254062 0.100515
4001 0.258114 0.477816 0.264070
5023 0.018309 0.425010 0.556680
3610 0.205039 0.442721 0.352240
3988 0.014705 0.076720 0.908575
4082 0.782774 0.024524 0.192701
4386 0.214979 0.647149 0.137871
3567 0.198790 0.693619 0.107591
3293 0.286315 0.692490 0.021194
3212 0.603564 0.279146 0.117291
3592 0.295064 0.100911 0.604025
3744 0.173584 0.005175 0.821241
5425 0.772807 0.129703 0.097490
5567 0.304062 0.614626 0.081312
5705 0.218956 0.491365 0.289679
3369 0.316117 0.535783 0.148100
4070 0.345145 0.400483 0.254372
3540 0.037895 0.493022 0.469083
2491 0.086346 0.188673 0.724981
2603 0.347948 0.235894 0.416158
2486 0.058339 0.438625 0.503035
2815 0.037659 0.526750 0.435591
2705 0.675459 0.173779 0.150762
2802 0.670121 0.138745 0.191135
2510 0.089982 0.683173 0.226845
3014 0.471134 0.299207 0.229659
2737 0.275312 0.293802 0.430887
3448 0.609965 0.000000 0.390035
3801 0.162824 0.174004 0.663172
2710 0.019234 0.944655 0.036110
2716 0.558466 0.014436 0.427098
2644 0.377964 0.592637 0.029400
3577 0.047363 0.448191 0.504446
3638 0.718085 0.185017 0.096898
3130 0.180908 0.579232 0.239860
2768 0.600683 0.086063 0.313254
2976 0.633534 0.330872 0.035594
3069 0.795798 0.189440 0.014762
2302 0.420982 0.449645 0.129373
2214 0.828587 0.053580 0.117833
1436 0.362076 0.166327 0.471596
859 0.497566 0.050650 0.451784
2426 0.629837 0.195874 0.174288
4892 0.378143 0.474492 0.147365
4304 0.359054 0.133227 0.507720
4535 0.052576 0.813898 0.133527
5070 0.128419 0.541541 0.330040
5115 0.402499 0.452262 0.145239
4709 0.188893 0.099460 0.711647
4727 0.294347 0.134658 0.570994
3871 0.358403 0.438336 0.203261
3027 0.050636 0.595574 0.353790
4173 0.285831 0.648623 0.065545
2918 0.479284 0.333479 0.187238
3342 0.336938 0.206315 0.456747
2946 0.481246 0.143736 0.375017
10069 0.090126 0.621913 0.287961
9774 0.537376 0.276087 0.186537
10850 0.616586 0.265268 0.118146
11813 0.146481 0.352256 0.501262
12235 0.459862 0.012246 0.527892
12267 0.341804 0.039617 0.618578
12549 0.012915 0.596281 0.390804
9971 0.928197 0.065507 0.006296
11743 0.622431 0.255598 0.121971
12124 0.463720 0.451213 0.085068
10537 0.277359 0.610911 0.111730
11215 0.012932 0.075928 0.911140
11903 0.034268 0.684213 0.281519
9680 0.047317 0.413209 0.539474
11436 0.005834 0.892332 0.101835
11325 0.414951 0.404857 0.180192
10120 0.015869 0.171573 0.812558
10545 0.543412 0.444258 0.012330
10862 0.248591 0.187926 0.563483
11704 0.077130 0.852006 0.070864
10804 0.603328 0.276230 0.120441
12470 0.154746 0.744128 0.101125
12279 0.201112 0.406333 0.392555
10430 0.334825 0.314349 0.350826
12131 0.127668 0.793106 0.079227
12482 0.149610 0.049973 0.800417
12474 0.273026 0.214311 0.512663
11902 0.763019 0.036797 0.200184
9663 0.006641 0.208507 0.784852
9484 0.393836 0.305237 0.300927
9910 0.185953 0.587640 0.226407
9199 0.143729 0.113929 0.742342
9512 0.234162 0.312679 0.453159
8921 0.072437 0.719588 0.207975
12626 0.224657 0.030880 0.744462
12480 0.343113 0.433866 0.223021
12525 0.066782 0.857028 0.076189
12918 0.398202 0.078386 0.523411
12925 0.113383 0.375068 0.511549
12922 0.524651 0.348542 0.126807
12223 0.326017 0.200510 0.473473
12059 0.151785 0.550001 0.298214
8303 0.777989 0.202490 0.019521
9366 0.438672 0.066592 0.494737
10556 0.848182 0.025999 0.125819
11439 0.215343 0.122349 0.662308
5990 0.210821 0.787251 0.001928
5944 0.222459 0.622032 0.155510
7307 0.489604 0.424146 0.086250
6987 0.300015 0.455176 0.244809
7886 0.754851 0.013732 0.231417
7960 0.431831 0.124817 0.443353
9116 0.015649 0.568095 0.416256
4624 0.105941 0.332981 0.561078
5781 0.753183 0.062742 0.184076
3692 0.378258 0.011335 0.610408
3207 0.500235 0.371015 0.128750
4025 0.302784 0.669177 0.028038
4210 0.758425 0.230262 0.011313
3778 0.303637 0.577029 0.119334
3726 0.593343 0.211257 0.195399
4780 0.729008 0.249580 0.021412
3858 0.289570 0.094885 0.615545
4184 0.053777 0.927046 0.019177
4653 0.160870 0.267427 0.571703
4423 0.090771 0.746397 0.162832
4806 0.185342 0.349902 0.464756
4667 0.086518 0.837445 0.076037
4822 0.555333 0.139278 0.305389
5480 0.096033 0.459916 0.444050
5102 0.241138 0.747038 0.011825
4819 0.838150 0.117222 0.044627
4482 0.754602 0.227883 0.017514
11761 0.327819 0.108896 0.563285
11711 0.376015 0.482696 0.141289
10742 0.591575 0.072629 0.335796
10031 0.706036 0.020700 0.273264
9641 0.219207 0.188455 0.592338
10636 0.063885 0.638207 0.297907
11368 0.669681 0.011955 0.318365
10376 0.126242 0.385154 0.488604
9619 0.276080 0.106774 0.617146
11744 0.235527 0.656237 0.108236
10530 0.843429 0.116117 0.040453
9854 0.130321 0.091020 0.778659
11095 0.095751 0.245823 0.658426
9841 0.584534 0.301339 0.114127
9872 0.131858 0.590770 0.277372
8920 0.182052 0.452383 0.365565
11169 0.856688 0.004819 0.138493
9626 0.043667 0.749673 0.206661
12230 0.364719 0.574910 0.060371
423 0.802254 0.162922 0.034825
36 0.190765 0.793391 0.015843
12664 0.161325 0.183365 0.655309
13327 0.816937 0.053416 0.129648
19369 0.083066 0.874931 0.042004
18440 0.360044 0.013346 0.626610
18645 0.409352 0.221636 0.369011
17862 0.802766 0.156951 0.040284
19642 0.059787 0.740129 0.200083
19542 0.783947 0.108646 0.107407
19182 0.682308 0.031493 0.286198
19297 0.728589 0.164409 0.107002
18876 0.324964 0.238812 0.436224
17771 0.614393 0.321348 0.064259
19764 0.522048 0.437155 0.040797
19469 0.185777 0.786554 0.027669
18397 0.612034 0.165827 0.222140
19303 0.269601 0.669338 0.061061
19030 0.106993 0.835581 0.057426
19653 0.277839 0.506738 0.215422
19543 0.053381 0.298140 0.648480
18785 0.260179 0.608061 0.131760
17220 0.097593 0.542261 0.360146
16876 0.100346 0.386882 0.512772
16790 0.370562 0.292257 0.337181
16669 0.418117 0.554866 0.027016
16143 0.152736 0.588444 0.258820
15783 0.204408 0.221498 0.574093
15229 0.613146 0.332976 0.053878
14992 0.641828 0.339140 0.019032
13200 0.200102 0.556324 0.243574
13119 0.193412 0.672136 0.134452
13051 0.321563 0.172596 0.505841
13788 0.747475 0.189657 0.062868
15786 0.502849 0.453899 0.043253
16038 0.480626 0.195903 0.323471
18060 0.230313 0.021458 0.748228
15799 0.702361 0.040218 0.257421
15282 0.696593 0.113370 0.190037
17014 0.335192 0.031258 0.633550
17345 0.801957 0.076097 0.121946
16541 0.214369 0.529535 0.256096
16541 0.800986 0.161004 0.038011
15725 0.544657 0.069804 0.385539
16477 0.871130 0.043845 0.085025
16003 0.848912 0.006901 0.144187
16287 0.087423 0.357152 0.555425
17084 0.337916 0.275404 0.386680
16763 0.898523 0.052164 0.049313
16683 0.052510 0.052025 0.895465
17336 0.235294 0.383470 0.381236
17969 0.021823 0.294124 0.684053
17637 0.870317 0.127436 0.002247
18254 0.143240 0.314274 0.542486
17590 0.104495 0.045292 0.850213
17066 0.413326 0.490123 0.096551
16939 0.414041 0.132360 0.453598
17360 0.257542 0.670771 0.071687
16828 0.017110 0.805682 0.177208
16854 0.407677 0.187070 0.405253
18755 0.711390 0.128344 0.160266
18810 0.272321 0.107112 0.620566
16008 0.145409 0.368278 0.486313
15289 0.262096 0.227616 0.510288
15474 0.351303 0.471402 0.177296
15657 0.471198 0.245601 0.283201
16014 0.049690 0.208408 0.741901
19082 0.543014 0.421736 0.035250
18775 0.198770 0.020136 0.781094
19107 0.931279 0.046450 0.022271
13804 0.228050 0.174255 0.597695
14076 0.084107 0.606757 0.309136
13822 0.688712 0.105813 0.205475
13444 0.147533 0.642731 0.209735
13913 0.667647 0.025456 0.306898
14364 0.712367 0.055071 0.232562
14428 0.222726 0.197089 0.580185
13736 0.131467 0.189504 0.679029
13279 0.938588 0.020003 0.041408
13359 0.860182 0.013380 0.126438
13203 0.097810 0.307130 0.595060
12373 0.453346 0.508905 0.037749
19223 0.027563 0.729756 0.242682
19815 0.168243 0.800144 0.031613
19829 0.798839 0.052818 0.148343
19408 0.502171 0.134147 0.363682
19719 0.495559 0.040672 0.463769
19902 0.172958 0.320036 0.507007
19339 0.960736 0.015133 0.024131
19463 0.094600 0.343940 0.561460
19664 0.128853 0.183637 0.687510
19266 0.636299 0.307748 0.055952
19934 0.749294 0.116630 0.134076
19383 0.111599 0.487959 0.400442
19830 0.111371 0.282642 0.605987
19969 0.595140 0.349152 0.055707
19614 0.626981 0.041457 0.331562
19473 0.050516 0.824134 0.125350
19981 0.201255 0.210349 0.588396
19475 0.158214 0.084361 0.757424
19720 0.754930 0.157516 0.087554
19933 0.346996 0.372224 0.280779
19711 0.042149 0.642028 0.315824
19887 0.498903 0.104605 0.396492
19644 0.049558 0.157994 0.792448
19802 0.280052 0.077395 0.642553
19874 0.326139 0.501354 0.172507
19650 0.363961 0.073734 0.562305
19563 0.000000 0.096711 0.903289
19420 0.162291 0.818744 0.018964
19524 0.245741 0.530882 0.223376
19725 0.260425 0.557550 0.182025
19436 0.065193 0.426425 0.508382
19119 0.423854 0.255164 0.320982
19042 0.183738 0.093000 0.723262
18834 0.108973 0.284014 0.607014
18736 0.079014 0.188598 0.732388
18889 0.402976 0.272962 0.324062
18508 0.378094 0.585959 0.035947
18420 0.301852 0.429812 0.268335
17171 0.165794 0.597262 0.236943
16846 0.630157 0.365536 0.004308
17359 0.525502 0.060452 0.414046
16489 0.051741 0.789881 0.158378
14557 0.182933 0.694375 0.122692
14574 0.404515 0.433279 0.162206
14711 0.253379 0.623924 0.122698
14636 0.458704 0.354646 0.186650
14627 0.831819 0.020215 0.147965
14904 0.234848 0.217552 0.547600
15990 0.294012 0.701815 0.004173
15711 0.609730 0.390270 0.000000
16321 0.579886 0.161674 0.258440
13938 0.557731 0.147880 0.294390
15224 0.093785 0.451361 0.454855
15711 0.318635 0.681365 0.000000
16033 0.975434 0.000000 0.024566
16033 0.431673 0.514810 0.053517
16878 0.587806 0.283441 0.128753
8754 0.484303 0.159194 0.356504
9596 0.447341 0.486947 0.065712
9418 0.008572 0.601898 0.389530
17943 0.011951 0.899218 0.088831
18118 0.304002 0.307215 0.388783
18323 0.083661 0.314393 0.601946
18218 0.042485 0.441612 0.515903
16009 0.236587 0.711480 0.051933
15747 0.262246 0.674852 0.062903
15715 0.388260 0.099654 0.512085
16320 0.124852 0.347284 0.527863
16555 0.030454 0.187367 0.782179
16100 0.664739 0.220155 0.115106
16242 0.890064 0.006390 0.103546
16770 0.027805 0.756193 0.216002
15868 0.284979 0.533288 0.181733
15636 0.416359 0.070912 0.512729
15206 0.330705 0.024469 0.644826
15235 0.318098 0.303470 0.378432
13391 0.363151 0.285217 0.351632
13340 0.554848 0.354293 0.090858
12144 0.333807 0.000000 0.666193
12539 0.777145 0.026210 0.196645
12858 0.336588 0.628386 0.035026
11999 0.402396 0.067566 0.530039
11614 0.865283 0.000000 0.134717
11779 0.000000 0.992489 0.007511
11620 0.362798 0.637202 0.000000
12093 0.347887 0.652113 0.000000
11757 0.673274 0.000000 0.326726
12094 0.811428 0.000000 0.188572
13503 0.765987 0.181016 0.052997
16236 0.148492 0.636664 0.214844
16026 0.158999 0.351645 0.489357
14303 0.345494 0.136858 0.517649
15015 0.252070 0.065330 0.682600
13246 0.308930 0.201512 0.489557
13170 0.604214 0.000000 0.395786
13840 0.143243 0.000000 0.856757
13819 0.487860 0.512140 0.000000
14964 0.546550 0.000000 0.453450
15605 0.099511 0.328866 0.571623
14960 0.298489 0.642104 0.059407
15545 0.016431 0.449383 0.534186
14969 0.348823 0.331636 0.319541
13606 0.475459 0.420048 0.104493
12179 0.625656 0.000000 0.374344
13899 0.000000 0.000000 1.000000
13485 0.139104 0.248411 0.612484
13362 0.000000 0.955350 0.044650
14383 0.228206 0.098229 0.673564
13853 0.594993 0.024389 0.380618
12952 0.364069 0.262721 0.373210
14397 0.049919 0.843909 0.106172
13096 0.781548 0.173142 0.045311
12478 0.893857 0.082448 0.023695
12703 0.652968 0.275730 0.071302
12667 0.788119 0.205773 0.006108
12708 0.252623 0.205951 0.541426
12862 0.109281 0.068443 0.822276
13795 0.104467 0.258288 0.637245
13540 0.033971 0.905480 0.060549
12754 0.067668 0.858388 0.073944
12806 0.149381 0.316434 0.534185
12858 0.359322 0.592979 0.047699
11779 0.000000 0.692156 0.307844
11990 0.000000 0.860557 0.139443
11673 0.601682 0.095549 0.302769
12075 0.000000 0.089184 0.910816
11965 0.000000 0.673775 0.326225
11614 0.000000 0.000000 1.000000
12909 0.008377 0.158973 0.832650
13524 0.358300 0.322676 0.319024
13170 0.155533 0.000000 0.844467
12890 0.000000 0.839850 0.160150
13563 0.907377 0.092623 0.000000
14146 0.000000 0.000000 1.000000
13972 0.317542 0.041437 0.641020
13952 0.527105 0.107554 0.365341
14203 0.556861 0.140407 0.302732
13957 0.425358 0.570219 0.004424
12162 0.426713 0.000000 0.573287
14931 0.452377 0.427102 0.120521
13691 0.445541 0.554459 0.000000
13652 0.165796 0.329562 0.504642
13069 0.237372 0.000000 0.762628
12992 0.511372 0.286684 0.201944
13377 0.473886 0.204409 0.321705
13096 0.811596 0.172263 0.016141
12708 0.208798 0.226300 0.564902
14146 0.201141 0.000000 0.798859
12082 0.638429 0.361571 0.000000
12852 0.000000 0.448288 0.551712
15114 0.469335 0.138641 0.392024
17711 0.448555 0.070354 0.481092
17581 0.302184 0.322523 0.375292
18379 0.484622 0.336477 0.178901
7808 0.304833 0.544411 0.150756
16771 0.132949 0.697301 0.169750
17338 0.325564 0.543556 0.130880
16722 0.254698 0.392068 0.353235
16865 0.255774 0.034651 0.709575
16872 0.876811 0.120545 0.002643
17263 0.839239 0.000000 0.160761
17276 0.506844 0.431553 0.061604
16786 0.725884 0.000000 0.274116
17338 0.107094 0.058463 0.834444
16865 0.470757 0.000000 0.529243
16780 0.130087 0.000000 0.869913
17326 0.316951 0.000000 0.683049
2479 0.472642 0.372914 0.154444
2746 0.521132 0.429609 0.049259
17337 0.469259 0.309420 0.221322
10639 0.638899 0.226050 0.135050
4659 0.342925 0.518264 0.138811
899 0.395841 0.158992 0.445167
478 0.720175 0.239936 0.039890
6721 0.044595 0.197961 0.757444
7365 0.034055 0.608293 0.357652
494 0.255252 0.190719 0.554030
799 0.539422 0.023438 0.437140
6791 0.665590 0.151404 0.183007
7 0.383009 0.273245 0.343746
6576 0.605812 0.069770 0.324419
6547 0.530510 0.322638 0.146852
6870 0.165816 0.260338 0.573846
6643 0.014231 0.668456 0.317312
7116 0.143217 0.320390 0.536393
7905 0.071942 0.381874 0.546183
7724 0.650160 0.265732 0.084108
7832 0.148958 0.753814 0.097228
8313 0.025402 0.787318 0.187280
8098 0.078800 0.000000 0.921200
7834 0.128375 0.000000 0.871625
7871 0.936413 0.000000 0.063587
7026 0.124880 0.318706 0.556414
7579 0.895655 0.000000 0.104345
7019 0.161845 0.262642 0.575513
7932 0.319259 0.298682 0.382059
8119 0.262244 0.312056 0.425700
8166 0.059331 0.027590 0.913079
7871 0.280008 0.000000 0.719992
7666 0.527530 0.272265 0.200205
7395 0.715825 0.249475 0.034700
7564 0.008736 0.572413 0.418851
7395 0.000000 0.000000 1.000000
7555 0.537833 0.462167 0.000000
629 0.060790 0.666076 0.273134
237 0.173607 0.196147 0.630246
249 0.308136 0.174740 0.517124
155 0.146018 0.399153 0.454829
287 0.272574 0.000831 0.726595
923 0.192332 0.583174 0.224494
881 0.554447 0.398406 0.047147
1156 0.329672 0.664809 0.005519
1302 0.700929 0.143327 0.155745
1203 0.162002 0.145648 0.692351
1174 0.278510 0.470733 0.250757
401 0.755313 0.117845 0.126842
605 0.308899 0.090399 0.600702
774 0.065271 0.356175 0.578553
1163 0.511879 0.035109 0.453012
1198 0.178165 0.583853 0.237982
1027 0.363013 0.284025 0.352962
238 0.128260 0.848082 0.023658
728 0.055284 0.923762 0.020954
4128 0.664675 0.151074 0.184251
2730 0.015467 0.482200 0.502333
3520 0.196659 0.129459 0.673882
3562 0.033214 0.933558 0.033228
4701 0.693289 0.219324 0.087386
9367 0.367674 0.295831 0.336495
9855 0.216298 0.648967 0.134735
10377 0.518617 0.071269 0.410114
2924 0.626439 0.048365 0.325197
3899 0.260005 0.272591 0.467403
4016 0.578065 0.257652 0.164284
9744 0.372749 0.163686 0.463565
9527 0.414813 0.303233 0.281954
9131 0.001751 0.307527 0.690722
9023 0.130138 0.085987 0.783874
9364 0.728300 0.183716 0.087983
10310 0.185671 0.768589 0.045739
11260 0.150683 0.686216 0.163101
11554 0.404862 0.519050 0.076088
11536 0.334502 0.244341 0.421157
11265 0.689679 0.069186 0.241135
8936 0.618173 0.356798 0.025029
9707 0.030951 0.905346 0.063704
9614 0.083667 0.739487 0.176846
9313 0.402694 0.393365 0.203941
10588 0.330984 0.488199 0.180816
10489 0.442303 0.444613 0.113084
10881 0.467735 0.139276 0.392989
10783 0.412191 0.412189 0.175620
11295 0.070917 0.030999 0.898085
11353 0.179226 0.760169 0.060605
11811 0.245201 0.000754 0.754046
11963 0.122334 0.554242 0.323424
11333 0.855791 0.099370 0.044839
11583 0.438258 0.324740 0.237003
10621 0.275178 0.127880 0.596942
11109 0.414588 0.370862 0.214550
4206 0.081126 0.483717 0.435157
3139 0.688841 0.255090 0.056069
3315 0.022114 0.232461 0.745426
2799 0.296976 0.308727 0.394296
2637 0.795008 0.054171 0.150820
4814 0.590121 0.106581 0.303298
4474 0.472532 0.035571 0.491897
4962 0.392225 0.305427 0.302348
2697 0.067581 0.123760 0.808659
3017 0.123066 0.875174 0.001760
3066 0.500364 0.033177 0.466460
3909 0.066588 0.666497 0.266915
5006 0.869626 0.058661 0.071713
5131 0.308837 0.474920 0.216243
4498 0.574078 0.156112 0.269809
4547 0.103553 0.303738 0.592708
4912 0.783076 0.066076 0.150848
4998 0.050415 0.769041 0.180544
5012 0.662687 0.060038 0.277275
4197 0.328777 0.326510 0.344713
17930 0.374973 0.557160 0.067866
17722 0.840078 0.126302 0.033620
17962 0.267937 0.470308 0.261755
18472 0.392925 0.131725 0.475350
18483 0.130252 0.620685 0.249063
18339 0.035467 0.570424 0.394109
18004 0.205859 0.124167 0.669974
17998 0.328797 0.312842 0.358361
18562 0.098590 0.000000 0.901410
18672 0.726657 0.191779 0.081564
18264 0.437951 0.029743 0.532306
18410 0.058294 0.665167 0.276538
18710 0.222846 0.307038 0.470116
18497 0.346815 0.590164 0.063021
18709 0.000000 0.000000 1.000000
11689 0.332065 0.606055 0.061880
3247 0.229816 0.099777 0.670407
10702 0.827963 0.037243 0.134794
